# Forces      
# CofR        : (0.000000e+00 0.000000e+00 0.000000e+00)
# Time        forces(pressure viscous)	moments(pressure viscous)
500           	((2.909531e+00 1.143325e+04 8.397876e+03) (1.875078e-04 4.129610e+00 2.053805e-01)) ((-2.796343e+03 -1.992345e-01 3.868848e-01) (-2.951928e-01 1.102089e-05 -1.651668e-04))
500.01        	((2.414180e+00 8.663851e+03 6.664604e+03) (-9.451181e-03 2.846407e+00 3.364176e-02)) ((-2.124326e+03 -8.222006e-01 -2.412077e-01) (1.372479e-01 -3.593103e-03 -1.387048e-03))
500.02        	((1.371772e+00 1.281086e+03 1.170331e+03) (-5.234967e-03 1.701781e+00 -2.073314e-01)) ((-4.935591e+02 -6.826088e-01 -7.022849e-01) (3.954753e-01 -1.825768e-03 -1.231023e-03))
500.03        	((1.247527e+00 -3.343501e+03 -2.017568e+03) (-4.625000e-03 1.780371e+00 -2.771570e-01)) ((4.538599e+02 8.565781e-02 -6.107504e-01) (2.186988e-01 -1.474038e-03 -2.045016e-03))
500.04        	((3.454770e+00 -2.684122e+03 -1.258190e+03) (-8.057304e-03 3.350714e+00 1.080080e-01)) ((2.625098e+02 9.795347e-01 -1.425689e-01) (-4.088096e-01 -2.808928e-03 -4.689044e-03))
500.05        	((3.803943e+00 3.969005e+02 1.151509e+03) (-8.115980e-03 5.479140e+00 7.065863e-01)) ((-3.862032e+02 1.182260e+00 4.635010e-01) (-9.646526e-01 -2.716734e-03 -6.074189e-03))
500.06        	((1.757024e+00 2.724457e+03 2.753626e+03) (2.040614e-02 5.753850e+00 9.367438e-01)) ((-8.650592e+02 7.631552e-01 3.857786e-01) (-8.819000e-01 -3.538024e-03 -8.456712e-03))
500.07        	((2.583527e+00 2.902959e+03 2.729041e+03) (3.000570e-03 4.693399e+00 7.374523e-01)) ((-8.966934e+02 1.450601e-01 -9.573517e-01) (-3.776135e-01 -4.273469e-03 -6.318532e-03))
500.08        	((2.392447e+00 1.680372e+03 1.863065e+03) (-4.629469e-03 3.495533e+00 5.184985e-01)) ((-6.733609e+02 1.019922e-01 -1.217450e+00) (4.600954e-02 -3.122496e-03 -6.592728e-03))
500.09        	((4.280895e+00 4.467100e+02 1.120114e+03) (-1.191561e-03 3.168983e+00 7.037680e-01)) ((-4.432544e+02 1.321925e-01 -3.256173e-01) (-3.718759e-02 -2.801278e-03 -1.259312e-02))
500.1         	((5.760111e+00 -9.370210e+00 9.181376e+02) (-1.851576e-02 3.812348e+00 1.150491e+00)) ((-3.454552e+02 8.566940e-02 2.185660e-01) (-4.288480e-01 -5.596516e-03 -1.296569e-02))
500.11        	((3.494719e+00 3.107919e+02 1.138083e+03) (-3.485831e-02 4.819617e+00 1.598186e+00)) ((-3.863119e+02 -8.730440e-02 6.054619e-01) (-8.018644e-01 -4.985877e-03 -5.802949e-03))
500.12        	((1.138303e+00 8.619537e+02 1.440267e+03) (-4.205326e-02 5.484183e+00 1.790029e+00)) ((-4.736995e+02 -1.209121e-01 5.746609e-01) (-9.388905e-01 -4.661482e-03 1.288058e-03))
500.13        	((-1.174933e+00 1.190289e+03 1.588867e+03) (-2.155257e-02 5.405633e+00 1.797877e+00)) ((-5.304300e+02 -8.581813e-02 2.049524e-01) (-8.231096e-01 -3.005594e-03 -1.778735e-03))
500.14        	((-1.333232e+00 1.138378e+03 1.523570e+03) (-1.200166e-02 5.144401e+00 1.848796e+00)) ((-5.179321e+02 -1.791236e-01 -5.472427e-01) (-6.971398e-01 -1.449961e-03 -3.937869e-03))
500.15        	((1.189479e+00 8.735297e+02 1.335695e+03) (-9.627704e-03 5.014895e+00 1.985458e+00)) ((-4.620513e+02 1.100122e-02 -4.623764e-01) (-6.561149e-01 -4.442011e-04 -3.983522e-03))
500.16        	((3.097914e+00 6.593228e+02 1.165461e+03) (-3.990613e-03 5.085436e+00 2.169290e+00)) ((-4.114252e+02 1.825431e-01 -2.427480e-02) (-6.962829e-01 1.907271e-03 -5.372935e-04))
500.17        	((3.709348e+00 6.309477e+02 1.098681e+03) (-8.571061e-04 5.270909e+00 2.333532e+00)) ((-3.952765e+02 1.621115e-01 3.691942e-01) (-7.584587e-01 3.682978e-03 3.097669e-03))
500.18        	((2.783332e+00 7.447482e+02 1.131180e+03) (9.169754e-04 5.459505e+00 2.414814e+00)) ((-4.094716e+02 5.357082e-02 4.054748e-01) (-7.973309e-01 4.279360e-03 5.238528e-03))
500.19        	((1.332888e+00 8.714481e+02 1.193681e+03) (1.539947e-03 5.563358e+00 2.445092e+00)) ((-4.280941e+02 -1.824830e-02 1.441198e-01) (-7.902170e-01 3.450334e-03 5.466323e-03))
500.2         	((6.958521e-01 9.164313e+02 1.216945e+03) (3.230465e-03 5.601332e+00 2.466847e+00)) ((-4.298147e+02 -2.381333e-02 -6.875531e-02) (-7.535502e-01 3.361945e-03 5.887765e-03))
500.21        	((1.005823e+00 8.741956e+02 1.180393e+03) (4.670305e-03 5.621982e+00 2.503913e+00)) ((-4.121984e+02 3.229615e-02 -1.139226e-01) (-7.184987e-01 3.658721e-03 5.994259e-03))
500.22        	((1.752127e+00 8.030470e+02 1.113944e+03) (5.967866e-03 5.664195e+00 2.551407e+00)) ((-3.886843e+02 6.419174e-02 -4.989226e-02) (-6.983784e-01 3.955543e-03 6.255737e-03))
500.23        	((2.330920e+00 7.613694e+02 1.061343e+03) (6.142677e-03 5.723194e+00 2.592535e+00)) ((-3.735202e+02 1.160807e-02 8.514012e-03) (-6.883991e-01 3.624676e-03 6.383980e-03))
500.24        	((2.310330e+00 7.674131e+02 1.046093e+03) (6.616676e-03 5.788978e+00 2.609434e+00)) ((-3.712353e+02 -1.155885e-01 -1.276207e-03) (-6.830739e-01 3.129371e-03 6.774269e-03))
500.25        	((1.788870e+00 7.999134e+02 1.060527e+03) (5.785211e-03 5.836256e+00 2.600112e+00)) ((-3.757930e+02 -2.342413e-01 -6.755059e-02) (-6.698725e-01 2.521235e-03 6.786697e-03))
500.26        	((1.191634e+00 8.261165e+02 1.079883e+03) (5.678901e-03 5.860458e+00 2.583177e+00)) ((-3.780987e+02 -2.869589e-01 -1.117687e-01) (-6.457971e-01 1.921403e-03 7.108656e-03))
500.27        	((8.620429e-01 8.274926e+02 1.084534e+03) (4.444294e-03 5.872231e+00 2.569603e+00)) ((-3.738135e+02 -2.735509e-01 -1.340103e-01) (-6.169501e-01 1.316776e-03 6.854691e-03))
500.28        	((8.495136e-01 8.080744e+02 1.071693e+03) (5.907427e-03 5.880456e+00 2.562308e+00)) ((-3.646358e+02 -2.270411e-01 -1.302544e-01) (-5.902993e-01 1.433469e-03 7.065889e-03))
500.29        	((1.064188e+00 7.844882e+02 1.052176e+03) (4.101256e-03 5.892837e+00 2.558589e+00)) ((-3.557414e+02 -2.040984e-01 -1.215844e-01) (-5.704216e-01 5.797653e-04 6.638616e-03))
500.3         	((1.238137e+00 7.710770e+02 1.038702e+03) (4.612452e-03 5.903696e+00 2.553845e+00)) ((-3.507538e+02 -2.141763e-01 -1.200645e-01) (-5.545541e-01 3.918555e-04 6.681601e-03))
500.31        	((1.245411e+00 7.711902e+02 1.036522e+03) (3.203069e-03 5.910508e+00 2.546704e+00)) ((-3.496067e+02 -2.532948e-01 -1.380391e-01) (-5.403774e-01 -6.302847e-05 6.121748e-03))
500.32        	((1.089530e+00 7.783963e+02 1.041749e+03) (4.222245e-03 5.908919e+00 2.538703e+00)) ((-3.496996e+02 -2.839736e-01 -1.448043e-01) (-5.248230e-01 7.538941e-05 6.381507e-03))
500.33        	((9.167874e-01 7.836154e+02 1.046460e+03) (1.618360e-03 5.898761e+00 2.534173e+00)) ((-3.484936e+02 -2.894760e-01 -1.626718e-01) (-5.074727e-01 -4.443551e-04 5.496552e-03))
500.34        	((8.012064e-01 7.822252e+02 1.045690e+03) (3.140713e-03 5.884595e+00 2.533663e+00)) ((-3.453669e+02 -2.633644e-01 -1.650295e-01) (-4.901745e-01 -5.876149e-05 5.642507e-03))
500.35        	((8.385557e-01 7.757311e+02 1.039749e+03) (-2.378305e-04 5.867378e+00 2.537758e+00)) ((-3.413053e+02 -2.389233e-01 -1.849068e-01) (-4.734883e-01 -8.117004e-04 4.451379e-03))
500.36        	((9.193294e-01 7.688644e+02 1.032396e+03) (2.023694e-03 5.850842e+00 2.544534e+00)) ((-3.377635e+02 -2.234727e-01 -1.957987e-01) (-4.591042e-01 -2.148644e-04 4.815350e-03))
500.37        	((1.019819e+00 7.653921e+02 1.026910e+03) (-9.362132e-04 5.834386e+00 2.553027e+00)) ((-3.353010e+02 -2.338501e-01 -2.304709e-01) (-4.466186e-01 -7.382270e-04 3.595566e-03))
500.38        	((1.079454e+00 7.658640e+02 1.024093e+03) (1.182695e-03 5.816915e+00 2.561634e+00)) ((-3.336062e+02 -2.450344e-01 -2.319072e-01) (-4.347100e-01 -2.653527e-04 3.993746e-03))
500.39        	((1.136394e+00 7.682771e+02 1.022555e+03) (-2.484865e-03 5.797877e+00 2.570578e+00)) ((-3.320007e+02 -2.606653e-01 -2.593205e-01) (-4.227362e-01 -7.562965e-04 2.573898e-03))
500.4         	((1.209194e+00 7.701234e+02 1.020308e+03) (1.460389e-03 5.777307e+00 2.579267e+00)) ((-3.299495e+02 -2.604583e-01 -2.538386e-01) (-4.102505e-01 2.458521e-05 3.743771e-03))
500.41        	((1.331659e+00 7.703492e+02 1.016538e+03) (-4.759500e-03 5.756349e+00 2.588950e+00)) ((-3.274521e+02 -2.586514e-01 -2.785072e-01) (-3.981413e-01 -5.854970e-04 1.162862e-03))
500.42        	((1.487148e+00 7.695249e+02 1.011614e+03) (-2.284473e-03 5.737119e+00 2.602432e+00)) ((-3.247927e+02 -2.682082e-01 -3.006893e-01) (-3.879373e-01 1.277165e-05 1.776964e-03))
500.43        	((1.635500e+00 7.688927e+02 1.006424e+03) (-1.603776e-03 5.718118e+00 2.614923e+00)) ((-3.222616e+02 -2.743730e-01 -3.164711e-01) (-3.780418e-01 3.304181e-04 1.820554e-03))
500.44        	((1.767261e+00 7.690927e+02 1.001725e+03) (-1.986817e-03 5.699947e+00 2.625920e+00)) ((-3.199269e+02 -2.747085e-01 -3.339441e-01) (-3.683525e-01 4.298709e-04 1.666017e-03))
500.45        	((1.907528e+00 7.703161e+02 9.974365e+02) (-1.796462e-03 5.683038e+00 2.639849e+00)) ((-3.177362e+02 -2.743303e-01 -3.496570e-01) (-3.597451e-01 7.599207e-04 1.546472e-03))
500.46        	((2.070139e+00 7.718708e+02 9.933446e+02) (-1.698604e-03 5.666436e+00 2.652106e+00)) ((-3.155523e+02 -2.791074e-01 -3.615218e-01) (-3.508507e-01 9.495120e-04 1.491891e-03))
500.47        	((2.259427e+00 7.734957e+02 9.891062e+02) (-2.405007e-03 5.649779e+00 2.666064e+00)) ((-3.133982e+02 -2.878512e-01 -3.722870e-01) (-3.423647e-01 1.056124e-03 1.260263e-03))
500.48        	((2.460028e+00 7.746989e+02 9.845311e+02) (-1.965584e-03 5.632505e+00 2.678152e+00)) ((-3.111197e+02 -2.955389e-01 -3.784105e-01) (-3.332325e-01 1.350160e-03 1.459333e-03))
500.49        	((2.651931e+00 7.757937e+02 9.796972e+02) (-2.829131e-03 5.617270e+00 2.691913e+00)) ((-3.088141e+02 -3.030393e-01 -3.905798e-01) (-3.254466e-01 1.304388e-03 1.110261e-03))
500.5         	((2.842583e+00 7.768615e+02 9.748671e+02) (-1.722725e-03 5.604550e+00 2.703889e+00)) ((-3.064982e+02 -3.122932e-01 -4.002370e-01) (-3.185888e-01 1.937566e-03 1.574189e-03))
500.51        	((3.071667e+00 7.782118e+02 9.700746e+02) (-1.766987e-03 5.594341e+00 2.716094e+00)) ((-3.042442e+02 -3.118102e-01 -3.987121e-01) (-3.128226e-01 2.176291e-03 1.597192e-03))
500.52        	((3.322215e+00 7.796666e+02 9.652472e+02) (-1.515951e-03 5.583974e+00 2.726702e+00)) ((-3.019796e+02 -3.045504e-01 -3.909790e-01) (-3.064014e-01 2.439970e-03 1.781391e-03))
500.53        	((3.567821e+00 7.812792e+02 9.603795e+02) (-1.306852e-03 5.573554e+00 2.736804e+00)) ((-2.997782e+02 -2.937413e-01 -3.952008e-01) (-2.998707e-01 2.599997e-03 1.850239e-03))
500.54        	((3.807045e+00 7.829473e+02 9.555980e+02) (-1.403175e-03 5.563960e+00 2.746275e+00)) ((-2.976914e+02 -2.853791e-01 -4.041968e-01) (-2.938896e-01 2.701558e-03 1.752556e-03))
500.55        	((4.062615e+00 7.846216e+02 9.509316e+02) (-1.142257e-03 5.554485e+00 2.754994e+00)) ((-2.956965e+02 -2.706484e-01 -3.986408e-01) (-2.876187e-01 2.522045e-03 1.848033e-03))
500.56        	((4.366931e+00 7.862747e+02 9.463237e+02) (-1.930276e-03 5.544353e+00 2.761361e+00)) ((-2.937246e+02 -2.304504e-01 -3.696808e-01) (-2.798282e-01 1.902258e-03 1.637903e-03))
500.57        	((4.621183e+00 7.879254e+02 9.417745e+02) (-3.523484e-04 5.537689e+00 2.771991e+00)) ((-2.917502e+02 -1.997299e-01 -3.547386e-01) (-2.756322e-01 2.625393e-03 2.068739e-03))
500.58        	((4.813170e+00 7.896781e+02 9.373528e+02) (2.796451e-04 5.530791e+00 2.780706e+00)) ((-2.898483e+02 -1.896178e-01 -3.624642e-01) (-2.702806e-01 3.084838e-03 2.284452e-03))
500.59        	((4.994637e+00 7.915216e+02 9.330048e+02) (7.689682e-04 5.523248e+00 2.788613e+00)) ((-2.880086e+02 -1.808888e-01 -3.692834e-01) (-2.644650e-01 3.406378e-03 2.469328e-03))
500.6         	((5.183761e+00 7.934494e+02 9.287333e+02) (1.020506e-03 5.516286e+00 2.797633e+00)) ((-2.862097e+02 -1.683300e-01 -3.714655e-01) (-2.598687e-01 3.477763e-03 2.738267e-03))
500.61        	((5.384098e+00 7.952975e+02 9.244943e+02) (1.982247e-03 5.510376e+00 2.806039e+00)) ((-2.843738e+02 -1.627539e-01 -3.722620e-01) (-2.554207e-01 3.900179e-03 3.289128e-03))
500.62        	((5.578928e+00 7.970560e+02 9.203288e+02) (2.476292e-03 5.505281e+00 2.813170e+00)) ((-2.824728e+02 -1.640085e-01 -3.642767e-01) (-2.515937e-01 4.137581e-03 3.415727e-03))
500.63        	((5.798094e+00 7.987303e+02 9.162735e+02) (3.117126e-03 5.500926e+00 2.819618e+00)) ((-2.805727e+02 -1.741279e-01 -3.694046e-01) (-2.475813e-01 4.414484e-03 3.670102e-03))
500.64        	((6.041725e+00 8.004251e+02 9.124764e+02) (3.316364e-03 5.496461e+00 2.825435e+00)) ((-2.787575e+02 -1.930024e-01 -3.958365e-01) (-2.433060e-01 4.569499e-03 3.882403e-03))
500.65        	((6.286028e+00 8.022871e+02 9.089381e+02) (3.782360e-03 5.492382e+00 2.831025e+00)) ((-2.770435e+02 -2.241461e-01 -4.373591e-01) (-2.389214e-01 4.781108e-03 4.101319e-03))
500.66        	((6.505926e+00 8.041547e+02 9.055631e+02) (3.860892e-03 5.488278e+00 2.835785e+00)) ((-2.753542e+02 -2.649084e-01 -4.851337e-01) (-2.347497e-01 4.952111e-03 4.186200e-03))
500.67        	((6.679029e+00 8.059732e+02 9.022376e+02) (3.988783e-03 5.485880e+00 2.840926e+00)) ((-2.736506e+02 -3.142923e-01 -5.241990e-01) (-2.308346e-01 5.124524e-03 4.261242e-03))
500.68        	((6.802323e+00 8.076735e+02 8.990790e+02) (3.579395e-03 5.483755e+00 2.845812e+00)) ((-2.719713e+02 -3.584359e-01 -5.324359e-01) (-2.265082e-01 5.181248e-03 4.523489e-03))
500.69        	((6.902765e+00 8.092903e+02 8.960751e+02) (2.969017e-03 5.481773e+00 2.851459e+00)) ((-2.703554e+02 -3.768099e-01 -5.077834e-01) (-2.222524e-01 5.136560e-03 4.712920e-03))
500.7         	((6.985497e+00 8.108425e+02 8.933164e+02) (3.085366e-03 5.478859e+00 2.855945e+00)) ((-2.688235e+02 -3.765143e-01 -4.607355e-01) (-2.182518e-01 5.089176e-03 5.113308e-03))
500.71        	((7.043138e+00 8.124678e+02 8.907202e+02) (2.067244e-03 5.476013e+00 2.862192e+00)) ((-2.674037e+02 -3.475377e-01 -3.932667e-01) (-2.142705e-01 4.860004e-03 5.105589e-03))
500.72        	((7.090720e+00 8.141364e+02 8.882963e+02) (1.671889e-03 5.472248e+00 2.867020e+00)) ((-2.660302e+02 -2.956011e-01 -2.938238e-01) (-2.099231e-01 4.559160e-03 5.108554e-03))
500.73        	((7.129985e+00 8.158400e+02 8.859512e+02) (1.422342e-03 5.469151e+00 2.872550e+00)) ((-2.647000e+02 -2.206176e-01 -1.704346e-01) (-2.052823e-01 4.410138e-03 5.262473e-03))
500.74        	((7.139718e+00 8.173943e+02 8.837342e+02) (1.507468e-03 5.466703e+00 2.880334e+00)) ((-2.633895e+02 -1.495990e-01 -4.067770e-02) (-2.025593e-01 4.538884e-03 5.523774e-03))
500.75        	((7.144758e+00 8.188658e+02 8.815703e+02) (1.389384e-03 5.465201e+00 2.888431e+00)) ((-2.621129e+02 -9.562498e-02 6.077307e-02) (-1.990531e-01 4.478703e-03 5.536133e-03))
500.76        	((7.146232e+00 8.201790e+02 8.795037e+02) (1.925271e-03 5.463856e+00 2.895835e+00)) ((-2.608787e+02 -6.324613e-02 1.423381e-01) (-1.957850e-01 4.499056e-03 5.501620e-03))
500.77        	((7.147925e+00 8.213530e+02 8.774863e+02) (1.911258e-03 5.462964e+00 2.903166e+00)) ((-2.597008e+02 -4.606462e-02 2.042198e-01) (-1.927629e-01 4.368719e-03 5.338809e-03))
500.78        	((7.134643e+00 8.224107e+02 8.755757e+02) (2.549789e-03 5.462227e+00 2.909644e+00)) ((-2.585652e+02 -4.601026e-02 2.552154e-01) (-1.897276e-01 4.462956e-03 5.296673e-03))
500.79        	((7.127346e+00 8.234170e+02 8.737738e+02) (2.818983e-03 5.461791e+00 2.916374e+00)) ((-2.574674e+02 -5.732386e-02 2.897864e-01) (-1.868273e-01 4.637488e-03 5.341432e-03))
500.8         	((7.133783e+00 8.243731e+02 8.720619e+02) (2.716535e-03 5.462313e+00 2.922348e+00)) ((-2.563798e+02 -8.017020e-02 3.188816e-01) (-1.841499e-01 4.515917e-03 5.377335e-03))
500.81        	((7.144380e+00 8.252207e+02 8.704164e+02) (2.764837e-03 5.462181e+00 2.927389e+00)) ((-2.553120e+02 -1.139246e-01 3.278330e-01) (-1.812616e-01 4.612492e-03 5.369524e-03))
500.82        	((7.145466e+00 8.259346e+02 8.688282e+02) (3.592541e-03 5.462394e+00 2.931934e+00)) ((-2.542801e+02 -1.539721e-01 3.285577e-01) (-1.787465e-01 4.806419e-03 5.424569e-03))
500.83        	((7.135228e+00 8.265549e+02 8.673062e+02) (3.519090e-03 5.463582e+00 2.935717e+00)) ((-2.533028e+02 -1.956509e-01 3.228889e-01) (-1.764474e-01 4.724906e-03 5.404496e-03))
500.84        	((7.086591e+00 8.271327e+02 8.659164e+02) (3.835828e-03 5.463896e+00 2.935818e+00)) ((-2.524162e+02 -2.642586e-01 2.888599e-01) (-1.719746e-01 5.264984e-03 5.544678e-03))
500.85        	((7.036590e+00 8.276625e+02 8.646516e+02) (3.459377e-03 5.465442e+00 2.941677e+00)) ((-2.515881e+02 -3.402333e-01 2.410628e-01) (-1.713181e-01 4.935352e-03 5.513089e-03))
500.86        	((7.025017e+00 8.281109e+02 8.635022e+02) (3.121216e-03 5.466457e+00 2.944889e+00)) ((-2.507807e+02 -4.068586e-01 1.969837e-01) (-1.694181e-01 4.843045e-03 5.507828e-03))
500.87        	((7.017298e+00 8.285000e+02 8.624638e+02) (2.606910e-03 5.468107e+00 2.947257e+00)) ((-2.500116e+02 -4.694897e-01 1.520052e-01) (-1.677581e-01 4.675468e-03 5.428495e-03))
500.88        	((6.992772e+00 8.288285e+02 8.615148e+02) (2.278900e-03 5.469393e+00 2.948433e+00)) ((-2.492857e+02 -5.363631e-01 9.699460e-02) (-1.655357e-01 4.700481e-03 5.341761e-03))
500.89        	((6.973518e+00 8.290456e+02 8.606447e+02) (2.037382e-03 5.470891e+00 2.949825e+00)) ((-2.485968e+02 -6.039558e-01 3.908292e-02) (-1.634607e-01 4.706957e-03 5.317523e-03))
500.9         	((6.983742e+00 8.291359e+02 8.598158e+02) (1.726523e-03 5.472362e+00 2.951513e+00)) ((-2.479329e+02 -6.639076e-01 -9.510025e-03) (-1.618593e-01 4.619276e-03 5.323907e-03))
500.91        	((7.010146e+00 8.291295e+02 8.590281e+02) (1.291294e-03 5.473931e+00 2.952778e+00)) ((-2.472932e+02 -7.133147e-01 -4.717334e-02) (-1.604156e-01 4.443984e-03 5.300170e-03))
500.92        	((7.035567e+00 8.290861e+02 8.583270e+02) (1.049010e-03 5.475030e+00 2.953167e+00)) ((-2.466927e+02 -7.552222e-01 -8.249685e-02) (-1.589553e-01 4.396740e-03 5.200459e-03))
500.93        	((7.051944e+00 8.290336e+02 8.577546e+02) (9.647320e-04 5.476183e+00 2.953652e+00)) ((-2.461402e+02 -7.937885e-01 -1.228266e-01) (-1.571545e-01 4.412125e-03 5.113609e-03))
500.94        	((7.084928e+00 8.289708e+02 8.572940e+02) (7.452744e-04 5.477177e+00 2.954490e+00)) ((-2.456504e+02 -8.265645e-01 -1.634265e-01) (-1.556513e-01 4.394686e-03 5.010226e-03))
500.95        	((7.137169e+00 8.288392e+02 8.568913e+02) (5.055863e-04 5.478405e+00 2.955422e+00)) ((-2.452031e+02 -8.525434e-01 -2.003653e-01) (-1.542449e-01 4.360102e-03 4.927846e-03))
500.96        	((7.210850e+00 8.286263e+02 8.565112e+02) (1.382052e-04 5.479256e+00 2.955934e+00)) ((-2.447790e+02 -8.752634e-01 -2.371050e-01) (-1.530763e-01 4.304587e-03 4.809417e-03))
500.97        	((7.277607e+00 8.283483e+02 8.561944e+02) (1.924608e-04 5.480472e+00 2.956425e+00)) ((-2.443801e+02 -8.938111e-01 -2.746543e-01) (-1.518109e-01 4.372486e-03 4.700051e-03))
500.98        	((7.357525e+00 8.280601e+02 8.559523e+02) (2.383760e-04 5.481273e+00 2.956961e+00)) ((-2.440175e+02 -9.125265e-01 -3.104216e-01) (-1.506378e-01 4.346991e-03 4.680170e-03))
500.99        	((7.419881e+00 8.277790e+02 8.558239e+02) (3.123503e-04 5.482381e+00 2.957740e+00)) ((-2.437131e+02 -9.299223e-01 -3.496430e-01) (-1.493541e-01 4.238133e-03 4.528846e-03))
501           	((7.522455e+00 8.274915e+02 8.557463e+02) (3.033570e-04 5.482818e+00 2.958633e+00)) ((-2.434504e+02 -9.461287e-01 -3.832482e-01) (-1.486092e-01 4.179790e-03 4.602557e-03))
501.01        	((7.584321e+00 8.271626e+02 8.557887e+02) (8.302190e-04 5.484718e+00 2.959407e+00)) ((-2.432391e+02 -9.612740e-01 -4.260850e-01) (-1.482112e-01 4.207006e-03 4.482572e-03))
501.02        	((7.726444e+00 8.268270e+02 8.558117e+02) (2.005341e-04 5.483096e+00 2.960284e+00)) ((-2.430348e+02 -9.753117e-01 -4.520923e-01) (-1.468515e-01 3.950809e-03 4.923848e-03))
501.03        	((7.810473e+00 8.264823e+02 8.559404e+02) (1.140075e-03 5.485857e+00 2.960793e+00)) ((-2.428918e+02 -9.860613e-01 -4.902999e-01) (-1.466237e-01 4.072527e-03 4.483846e-03))
501.04        	((7.885513e+00 8.261154e+02 8.561281e+02) (1.332944e-03 5.486235e+00 2.961166e+00)) ((-2.427785e+02 -1.004567e+00 -5.327370e-01) (-1.461927e-01 4.098785e-03 4.464618e-03))
501.05        	((7.924961e+00 8.257180e+02 8.564050e+02) (1.622731e-03 5.487686e+00 2.961731e+00)) ((-2.426979e+02 -1.026667e+00 -5.800690e-01) (-1.457295e-01 4.129038e-03 4.360972e-03))
501.06        	((8.052025e+00 8.253288e+02 8.566404e+02) (1.020334e-03 5.486389e+00 2.962211e+00)) ((-2.426148e+02 -1.052337e+00 -6.130250e-01) (-1.450137e-01 3.974360e-03 4.694021e-03))
501.07        	((8.125359e+00 8.249295e+02 8.569693e+02) (1.573999e-03 5.488362e+00 2.963118e+00)) ((-2.425679e+02 -1.079573e+00 -6.582038e-01) (-1.448624e-01 4.134860e-03 4.498988e-03))
501.08        	((8.269200e+00 8.245438e+02 8.572428e+02) (9.089019e-04 5.486363e+00 2.964129e+00)) ((-2.425258e+02 -1.110202e+00 -6.895674e-01) (-1.440621e-01 4.020139e-03 4.986371e-03))
501.09        	((8.341911e+00 8.241837e+02 8.575851e+02) (1.365278e-03 5.488556e+00 2.965370e+00)) ((-2.425427e+02 -1.139260e+00 -7.335735e-01) (-1.441569e-01 4.164258e-03 4.621847e-03))
501.1         	((8.464098e+00 8.238516e+02 8.578859e+02) (6.097696e-04 5.486950e+00 2.966312e+00)) ((-2.425674e+02 -1.173139e+00 -7.682163e-01) (-1.437459e-01 4.057314e-03 4.978359e-03))
501.11        	((8.517127e+00 8.235115e+02 8.582699e+02) (1.016121e-03 5.488623e+00 2.967697e+00)) ((-2.426108e+02 -1.211833e+00 -8.185400e-01) (-1.436501e-01 4.247985e-03 4.819832e-03))
501.12        	((8.610426e+00 8.231555e+02 8.585956e+02) (9.318842e-04 5.487558e+00 2.968671e+00)) ((-2.426342e+02 -1.254223e+00 -8.570064e-01) (-1.434997e-01 4.337023e-03 5.118432e-03))
501.13        	((8.631219e+00 8.227760e+02 8.589822e+02) (1.269623e-03 5.488510e+00 2.969516e+00)) ((-2.426787e+02 -1.298903e+00 -9.062330e-01) (-1.430131e-01 4.252706e-03 5.073480e-03))
501.14        	((8.686303e+00 8.224312e+02 8.593090e+02) (6.865487e-04 5.488051e+00 2.971066e+00)) ((-2.427290e+02 -1.348109e+00 -9.535460e-01) (-1.434453e-01 4.328131e-03 5.002951e-03))
501.15        	((8.725042e+00 8.221036e+02 8.596395e+02) (7.966357e-04 5.488552e+00 2.972438e+00)) ((-2.427883e+02 -1.400808e+00 -1.005986e+00) (-1.429558e-01 4.360745e-03 5.021000e-03))
501.16        	((8.824801e+00 8.218533e+02 8.598964e+02) (-4.455557e-04 5.485841e+00 2.972872e+00)) ((-2.428467e+02 -1.449051e+00 -1.048747e+00) (-1.422352e-01 4.144675e-03 5.392110e-03))
501.17        	((8.871229e+00 8.216465e+02 8.601840e+02) (7.591022e-04 5.488279e+00 2.974395e+00)) ((-2.429218e+02 -1.495912e+00 -1.096275e+00) (-1.425016e-01 4.465238e-03 5.199053e-03))
501.18        	((8.938498e+00 8.214331e+02 8.603903e+02) (3.323921e-04 5.486690e+00 2.975473e+00)) ((-2.429709e+02 -1.543527e+00 -1.133817e+00) (-1.424176e-01 4.410812e-03 5.612438e-03))
501.19        	((8.936046e+00 8.211804e+02 8.606376e+02) (9.126617e-04 5.488883e+00 2.976726e+00)) ((-2.430203e+02 -1.595924e+00 -1.186664e+00) (-1.425012e-01 4.561646e-03 5.398961e-03))
501.2         	((8.949732e+00 8.209133e+02 8.608456e+02) (9.537644e-04 5.488575e+00 2.977544e+00)) ((-2.430575e+02 -1.649331e+00 -1.234848e+00) (-1.429551e-01 4.642780e-03 5.567023e-03))
501.21        	((8.931766e+00 8.206604e+02 8.610750e+02) (1.151087e-03 5.489651e+00 2.978823e+00)) ((-2.431019e+02 -1.701305e+00 -1.288632e+00) (-1.425974e-01 4.634332e-03 5.594011e-03))
501.22        	((8.950606e+00 8.204554e+02 8.612563e+02) (9.347664e-04 5.488527e+00 2.979511e+00)) ((-2.431446e+02 -1.745287e+00 -1.331467e+00) (-1.426951e-01 4.548313e-03 5.933146e-03))
501.23        	((8.913902e+00 8.202820e+02 8.614778e+02) (1.197831e-03 5.490480e+00 2.980737e+00)) ((-2.432032e+02 -1.788053e+00 -1.387229e+00) (-1.426517e-01 4.589503e-03 5.738180e-03))
501.24        	((8.882194e+00 8.201201e+02 8.616596e+02) (1.338612e-03 5.490646e+00 2.981346e+00)) ((-2.432544e+02 -1.829404e+00 -1.437850e+00) (-1.432871e-01 4.677861e-03 5.816506e-03))
501.25        	((8.911397e+00 8.199984e+02 8.617582e+02) (-2.253089e-03 5.481468e+00 2.982768e+00)) ((-2.432832e+02 -1.863948e+00 -1.470769e+00) (-1.387037e-01 3.165617e-03 8.072685e-03))
501.26        	((9.046505e+00 8.199462e+02 8.617452e+02) (1.485380e-04 5.489186e+00 2.983175e+00)) ((-2.432974e+02 -1.883485e+00 -1.478514e+00) (-1.424659e-01 4.134290e-03 6.358452e-03))
501.27        	((8.971457e+00 8.198497e+02 8.619300e+02) (9.438750e-04 5.492419e+00 2.984491e+00)) ((-2.433581e+02 -1.912960e+00 -1.534552e+00) (-1.430183e-01 4.401396e-03 5.922198e-03))
501.28        	((8.834849e+00 8.197258e+02 8.621388e+02) (1.266452e-03 5.492826e+00 2.985128e+00)) ((-2.434168e+02 -1.952271e+00 -1.595824e+00) (-1.438523e-01 4.551883e-03 5.979491e-03))
501.29        	((8.711759e+00 8.196242e+02 8.623136e+02) (1.321780e-03 5.493768e+00 2.986439e+00)) ((-2.434597e+02 -1.993770e+00 -1.647037e+00) (-1.434750e-01 4.519384e-03 6.081710e-03))
501.3         	((8.606328e+00 8.195302e+02 8.624455e+02) (1.293980e-03 5.493819e+00 2.986564e+00)) ((-2.434923e+02 -2.032749e+00 -1.687637e+00) (-1.440563e-01 4.404401e-03 6.123175e-03))
501.31        	((8.510412e+00 8.194519e+02 8.625564e+02) (1.395762e-03 5.494993e+00 2.987810e+00)) ((-2.435123e+02 -2.065747e+00 -1.721607e+00) (-1.437315e-01 4.387012e-03 6.147463e-03))
501.32        	((8.415103e+00 8.193756e+02 8.626543e+02) (1.496008e-03 5.495276e+00 2.988112e+00)) ((-2.435394e+02 -2.092639e+00 -1.754360e+00) (-1.444391e-01 4.402557e-03 6.218373e-03))
501.33        	((8.292731e+00 8.193165e+02 8.627574e+02) (1.710146e-03 5.496440e+00 2.989371e+00)) ((-2.435641e+02 -2.117253e+00 -1.793608e+00) (-1.440888e-01 4.470218e-03 6.248937e-03))
501.34        	((8.181911e+00 8.192609e+02 8.628858e+02) (1.571441e-03 5.496671e+00 2.989578e+00)) ((-2.435956e+02 -2.138733e+00 -1.828451e+00) (-1.448074e-01 4.441729e-03 6.397655e-03))
501.35        	((7.984188e+00 8.192354e+02 8.629956e+02) (2.380440e-03 5.496797e+00 2.990976e+00)) ((-2.436175e+02 -2.164489e+00 -1.879506e+00) (-1.440635e-01 4.667704e-03 6.018600e-03))
501.36        	((7.858270e+00 8.192051e+02 8.631328e+02) (1.975462e-03 5.498287e+00 2.991105e+00)) ((-2.436558e+02 -2.185467e+00 -1.905926e+00) (-1.452748e-01 4.643868e-03 6.464479e-03))
501.37        	((7.695960e+00 8.191856e+02 8.632232e+02) (2.115405e-03 5.499377e+00 2.992336e+00)) ((-2.436764e+02 -2.206471e+00 -1.941030e+00) (-1.448265e-01 4.595305e-03 6.353857e-03))
501.38        	((7.591113e+00 8.191441e+02 8.633276e+02) (1.764272e-03 5.499569e+00 2.992347e+00)) ((-2.437039e+02 -2.221881e+00 -1.961995e+00) (-1.454659e-01 4.557534e-03 6.662528e-03))
501.39        	((7.411601e+00 8.191102e+02 8.634361e+02) (2.164637e-03 5.501333e+00 2.993530e+00)) ((-2.437274e+02 -2.239248e+00 -2.001977e+00) (-1.452978e-01 4.634964e-03 6.443254e-03))
501.4         	((7.258694e+00 8.190718e+02 8.635529e+02) (2.280914e-03 5.502057e+00 2.993596e+00)) ((-2.437523e+02 -2.253014e+00 -2.031269e+00) (-1.461977e-01 4.791930e-03 6.615773e-03))
501.41        	((7.099985e+00 8.190729e+02 8.635950e+02) (2.424386e-03 5.502068e+00 2.995071e+00)) ((-2.437574e+02 -2.267406e+00 -2.060552e+00) (-1.453487e-01 4.839208e-03 6.578096e-03))
501.42        	((6.959873e+00 8.190595e+02 8.637099e+02) (2.303569e-03 5.503807e+00 2.994696e+00)) ((-2.437810e+02 -2.278500e+00 -2.085315e+00) (-1.464711e-01 4.811433e-03 6.716709e-03))
501.43        	((6.824290e+00 8.190665e+02 8.637860e+02) (2.236891e-03 5.505095e+00 2.996144e+00)) ((-2.437922e+02 -2.286951e+00 -2.108194e+00) (-1.460824e-01 4.815751e-03 6.798471e-03))
501.44        	((6.618018e+00 8.190965e+02 8.638077e+02) (4.545707e-03 5.499655e+00 2.996316e+00)) ((-2.438028e+02 -2.300086e+00 -2.146187e+00) (-1.443686e-01 5.683092e-03 5.541706e-03))
501.45        	((6.391297e+00 8.191657e+02 8.638025e+02) (2.958711e-03 5.505696e+00 2.997276e+00)) ((-2.438170e+02 -2.315952e+00 -2.181787e+00) (-1.457737e-01 5.095180e-03 6.634078e-03))
501.46        	((6.251915e+00 8.191663e+02 8.639249e+02) (2.703487e-03 5.507798e+00 2.997288e+00)) ((-2.438579e+02 -2.324873e+00 -2.194274e+00) (-1.470896e-01 4.991809e-03 6.796993e-03))
501.47        	((6.155897e+00 8.191525e+02 8.640344e+02) (2.478717e-03 5.509418e+00 2.998775e+00)) ((-2.438840e+02 -2.327451e+00 -2.198398e+00) (-1.467674e-01 4.945639e-03 6.857146e-03))
501.48        	((6.068590e+00 8.191334e+02 8.641063e+02) (2.194114e-03 5.509908e+00 2.998683e+00)) ((-2.438992e+02 -2.327350e+00 -2.205218e+00) (-1.473920e-01 4.838031e-03 6.874739e-03))
501.49        	((5.936167e+00 8.191126e+02 8.641696e+02) (2.294439e-03 5.512031e+00 2.999563e+00)) ((-2.439041e+02 -2.327385e+00 -2.223953e+00) (-1.471322e-01 4.855216e-03 6.756902e-03))
501.5         	((5.806879e+00 8.190992e+02 8.642068e+02) (2.224583e-03 5.512345e+00 2.999759e+00)) ((-2.439033e+02 -2.326935e+00 -2.238702e+00) (-1.477672e-01 4.894313e-03 6.799326e-03))
501.51        	((5.665748e+00 8.190903e+02 8.642743e+02) (2.153073e-03 5.514418e+00 3.000648e+00)) ((-2.439100e+02 -2.328780e+00 -2.252944e+00) (-1.474740e-01 4.813061e-03 6.686644e-03))
501.52        	((5.604689e+00 8.190922e+02 8.643529e+02) (1.779638e-03 5.513996e+00 3.000626e+00)) ((-2.439293e+02 -2.335661e+00 -2.257231e+00) (-1.479210e-01 4.719165e-03 6.898059e-03))
501.53        	((5.495364e+00 8.190953e+02 8.644299e+02) (1.832138e-03 5.517365e+00 3.001831e+00)) ((-2.439560e+02 -2.335923e+00 -2.263338e+00) (-1.479025e-01 4.677628e-03 6.647347e-03))
501.54        	((5.371671e+00 8.190757e+02 8.644851e+02) (1.817757e-03 5.518197e+00 3.002053e+00)) ((-2.439655e+02 -2.332115e+00 -2.263358e+00) (-1.486589e-01 4.708885e-03 6.621537e-03))
501.55        	((5.311047e+00 8.190673e+02 8.645067e+02) (1.443176e-03 5.519157e+00 3.003201e+00)) ((-2.439673e+02 -2.329463e+00 -2.259176e+00) (-1.480183e-01 4.566620e-03 6.756815e-03))
501.56        	((5.217376e+00 8.190510e+02 8.645818e+02) (1.613960e-03 5.520765e+00 3.003094e+00)) ((-2.439828e+02 -2.331560e+00 -2.268835e+00) (-1.489470e-01 4.542189e-03 6.536789e-03))
501.57        	((5.107930e+00 8.190169e+02 8.646272e+02) (1.763133e-03 5.521991e+00 3.003529e+00)) ((-2.439809e+02 -2.324701e+00 -2.268035e+00) (-1.486023e-01 4.592192e-03 6.530323e-03))
501.58        	((5.068378e+00 8.190332e+02 8.646019e+02) (-2.457979e-04 5.518733e+00 3.004630e+00)) ((-2.439781e+02 -2.316236e+00 -2.254603e+00) (-1.472828e-01 3.892018e-03 7.482012e-03))
501.59        	((5.044472e+00 8.190856e+02 8.646099e+02) (9.085666e-04 5.524373e+00 3.005214e+00)) ((-2.439832e+02 -2.307385e+00 -2.246259e+00) (-1.484841e-01 4.247315e-03 6.530284e-03))
501.6         	((4.953800e+00 8.190829e+02 8.646779e+02) (1.248817e-03 5.525958e+00 3.005317e+00)) ((-2.439966e+02 -2.303761e+00 -2.251516e+00) (-1.493850e-01 4.360103e-03 6.333029e-03))
501.61        	((4.854568e+00 8.190706e+02 8.647212e+02) (1.422253e-03 5.527780e+00 3.006476e+00)) ((-2.440031e+02 -2.300738e+00 -2.252917e+00) (-1.491154e-01 4.462314e-03 6.353848e-03))
501.62        	((4.788977e+00 8.190533e+02 8.647345e+02) (1.114085e-03 5.527505e+00 3.006444e+00)) ((-2.440027e+02 -2.294807e+00 -2.243362e+00) (-1.493994e-01 4.367745e-03 6.481958e-03))
501.63        	((4.678749e+00 8.190412e+02 8.647649e+02) (1.344759e-03 5.530496e+00 3.007520e+00)) ((-2.440104e+02 -2.289651e+00 -2.244548e+00) (-1.493416e-01 4.340382e-03 6.257620e-03))
501.64        	((4.586980e+00 8.190236e+02 8.647929e+02) (1.470288e-03 5.531405e+00 3.007861e+00)) ((-2.440175e+02 -2.282506e+00 -2.240405e+00) (-1.498692e-01 4.412209e-03 6.257042e-03))
501.65        	((4.529802e+00 8.190080e+02 8.647831e+02) (1.344102e-03 5.532461e+00 3.008672e+00)) ((-2.440087e+02 -2.274171e+00 -2.230128e+00) (-1.494296e-01 4.359855e-03 6.316778e-03))
501.66        	((4.450247e+00 8.189896e+02 8.647932e+02) (1.428530e-03 5.533983e+00 3.008829e+00)) ((-2.440061e+02 -2.265725e+00 -2.226210e+00) (-1.499897e-01 4.333468e-03 6.201913e-03))
501.67        	((4.392327e+00 8.189762e+02 8.648053e+02) (1.383880e-03 5.534873e+00 3.009658e+00)) ((-2.439987e+02 -2.254653e+00 -2.216080e+00) (-1.496131e-01 4.336531e-03 6.314679e-03))
501.68        	((4.309787e+00 8.189713e+02 8.648344e+02) (1.488228e-03 5.536766e+00 3.010070e+00)) ((-2.440090e+02 -2.240292e+00 -2.211938e+00) (-1.502705e-01 4.317010e-03 6.146235e-03))
501.69        	((4.246932e+00 8.189552e+02 8.648425e+02) (1.475862e-03 5.538174e+00 3.011184e+00)) ((-2.440074e+02 -2.225401e+00 -2.201850e+00) (-1.500674e-01 4.354503e-03 6.185255e-03))
501.7         	((4.182928e+00 8.189223e+02 8.648597e+02) (1.448901e-03 5.539014e+00 3.011255e+00)) ((-2.440065e+02 -2.210719e+00 -2.190726e+00) (-1.505404e-01 4.277663e-03 6.156254e-03))
501.71        	((4.114232e+00 8.189023e+02 8.648797e+02) (1.416937e-03 5.540988e+00 3.012236e+00)) ((-2.440050e+02 -2.195617e+00 -2.181488e+00) (-1.503919e-01 4.270031e-03 6.121305e-03))
501.72        	((4.061777e+00 8.188720e+02 8.648905e+02) (1.341597e-03 5.541387e+00 3.012244e+00)) ((-2.440023e+02 -2.180052e+00 -2.168486e+00) (-1.507879e-01 4.216223e-03 6.143281e-03))
501.73        	((3.984143e+00 8.188524e+02 8.649045e+02) (1.451485e-03 5.543982e+00 3.013321e+00)) ((-2.440021e+02 -2.164735e+00 -2.161501e+00) (-1.507151e-01 4.257757e-03 6.019752e-03))
501.74        	((3.921751e+00 8.188355e+02 8.649189e+02) (1.534868e-03 5.544851e+00 3.013703e+00)) ((-2.440044e+02 -2.147337e+00 -2.149540e+00) (-1.512296e-01 4.335827e-03 6.061377e-03))
501.75        	((3.898130e+00 8.188160e+02 8.648910e+02) (8.547498e-04 5.544847e+00 3.014589e+00)) ((-2.439922e+02 -2.130500e+00 -2.128690e+00) (-1.503453e-01 4.092327e-03 6.353512e-03))
501.76        	((3.823149e+00 8.187653e+02 8.649246e+02) (1.412947e-03 5.547222e+00 3.014293e+00)) ((-2.439935e+02 -2.115360e+00 -2.120210e+00) (-1.514504e-01 4.203734e-03 5.980636e-03))
501.77        	((3.758459e+00 8.187559e+02 8.649431e+02) (1.489383e-03 5.549396e+00 3.015550e+00)) ((-2.439953e+02 -2.099423e+00 -2.108959e+00) (-1.512850e-01 4.302661e-03 5.993442e-03))
501.78        	((3.748954e+00 8.187522e+02 8.649022e+02) (-3.927208e-04 5.545290e+00 3.016223e+00)) ((-2.439851e+02 -2.081573e+00 -2.085281e+00) (-1.497917e-01 3.640106e-03 7.064141e-03))
501.79        	((3.732182e+00 8.187616e+02 8.648958e+02) (8.852541e-04 5.551066e+00 3.016513e+00)) ((-2.439881e+02 -2.063486e+00 -2.065348e+00) (-1.511982e-01 4.016298e-03 6.063858e-03))
501.8         	((3.654731e+00 8.187414e+02 8.649583e+02) (1.187985e-03 5.552842e+00 3.016554e+00)) ((-2.440117e+02 -2.048083e+00 -2.059433e+00) (-1.520179e-01 4.121250e-03 5.863325e-03))
501.81        	((3.575210e+00 8.186998e+02 8.649700e+02) (1.316034e-03 5.554724e+00 3.017692e+00)) ((-2.440138e+02 -2.039044e+00 -2.055323e+00) (-1.518269e-01 4.230934e-03 5.895677e-03))
501.82        	((3.528146e+00 8.186657e+02 8.649533e+02) (1.065881e-03 5.554739e+00 3.017971e+00)) ((-2.440056e+02 -2.030200e+00 -2.041880e+00) (-1.519731e-01 4.138310e-03 6.042473e-03))
501.83        	((3.435585e+00 8.186525e+02 8.650099e+02) (1.245001e-03 5.557254e+00 3.018626e+00)) ((-2.440237e+02 -2.022355e+00 -2.040294e+00) (-1.519575e-01 4.135339e-03 5.814420e-03))
501.84        	((3.358688e+00 8.186102e+02 8.650383e+02) (1.514043e-03 5.557834e+00 3.018560e+00)) ((-2.440278e+02 -2.015293e+00 -2.034686e+00) (-1.524316e-01 4.219587e-03 5.828651e-03))
501.85        	((3.306892e+00 8.186064e+02 8.650271e+02) (1.384618e-03 5.559648e+00 3.019844e+00)) ((-2.440258e+02 -2.008906e+00 -2.023139e+00) (-1.520611e-01 4.216009e-03 5.879293e-03))
501.86        	((3.263900e+00 8.186056e+02 8.650374e+02) (1.176192e-03 5.560192e+00 3.019982e+00)) ((-2.440389e+02 -1.999632e+00 -2.009798e+00) (-1.523076e-01 4.103267e-03 5.882697e-03))
501.87        	((3.201535e+00 8.185667e+02 8.650581e+02) (1.305751e-03 5.561947e+00 3.020759e+00)) ((-2.440468e+02 -1.992328e+00 -2.005510e+00) (-1.521344e-01 4.140793e-03 5.786894e-03))
501.88        	((3.153812e+00 8.185430e+02 8.650735e+02) (1.228584e-03 5.561827e+00 3.021033e+00)) ((-2.440564e+02 -1.984307e+00 -1.995954e+00) (-1.522936e-01 4.152672e-03 5.941327e-03))
501.89        	((3.072600e+00 8.185509e+02 8.651215e+02) (1.355792e-03 5.564454e+00 3.021830e+00)) ((-2.440835e+02 -1.976775e+00 -1.996155e+00) (-1.522222e-01 4.167997e-03 5.720688e-03))
501.9         	((3.006761e+00 8.185290e+02 8.651305e+02) (1.410886e-03 5.565161e+00 3.022259e+00)) ((-2.440903e+02 -1.971300e+00 -1.991895e+00) (-1.526532e-01 4.212532e-03 5.738326e-03))
501.91        	((2.993011e+00 8.185371e+02 8.651152e+02) (4.275546e-04 5.564059e+00 3.023220e+00)) ((-2.440954e+02 -1.963367e+00 -1.976852e+00) (-1.513736e-01 3.847205e-03 6.226993e-03))
501.92        	((2.933709e+00 8.185153e+02 8.651406e+02) (1.198825e-03 5.567078e+00 3.023135e+00)) ((-2.441092e+02 -1.957751e+00 -1.973326e+00) (-1.526631e-01 4.059341e-03 5.718795e-03))
501.93        	((2.890660e+00 8.185235e+02 8.651485e+02) (1.143694e-03 5.568360e+00 3.024453e+00)) ((-2.441248e+02 -1.951258e+00 -1.965976e+00) (-1.523102e-01 4.136876e-03 5.800301e-03))
501.94        	((2.822189e+00 8.185097e+02 8.651861e+02) (1.376103e-03 5.569564e+00 3.024435e+00)) ((-2.441377e+02 -1.947069e+00 -1.966794e+00) (-1.528748e-01 4.124378e-03 5.671610e-03))
501.95        	((2.770424e+00 8.184971e+02 8.651810e+02) (1.360750e-03 5.571028e+00 3.025624e+00)) ((-2.441403e+02 -1.943626e+00 -1.961851e+00) (-1.525563e-01 4.186429e-03 5.718025e-03))
501.96        	((2.713607e+00 8.184828e+02 8.652018e+02) (1.328968e-03 5.571762e+00 3.025806e+00)) ((-2.441524e+02 -1.939567e+00 -1.955497e+00) (-1.529308e-01 4.110467e-03 5.700717e-03))
501.97        	((2.660417e+00 8.184623e+02 8.652293e+02) (1.331538e-03 5.572955e+00 3.026435e+00)) ((-2.441662e+02 -1.935977e+00 -1.950299e+00) (-1.526287e-01 4.095446e-03 5.687134e-03))
501.98        	((2.618013e+00 8.184493e+02 8.652185e+02) (1.311103e-03 5.574114e+00 3.027019e+00)) ((-2.441725e+02 -1.931907e+00 -1.945888e+00) (-1.530357e-01 4.094483e-03 5.661340e-03))
501.99        	((2.593671e+00 8.184428e+02 8.652042e+02) (1.211340e-03 5.575173e+00 3.027980e+00)) ((-2.441715e+02 -1.925895e+00 -1.939018e+00) (-1.526631e-01 4.084547e-03 5.722307e-03))
502           	((2.532152e+00 8.184325e+02 8.652405e+02) (1.464475e-03 5.576391e+00 3.028136e+00)) ((-2.441878e+02 -1.921772e+00 -1.938227e+00) (-1.531944e-01 4.129365e-03 5.629259e-03))
502.01        	((2.476027e+00 8.184219e+02 8.652593e+02) (1.500865e-03 5.577772e+00 3.029169e+00)) ((-2.441999e+02 -1.917062e+00 -1.932014e+00) (-1.529206e-01 4.221622e-03 5.676224e-03))
502.02        	((2.470312e+00 8.184145e+02 8.652424e+02) (1.030838e-03 5.577076e+00 3.029228e+00)) ((-2.442003e+02 -1.911864e+00 -1.917919e+00) (-1.528150e-01 4.017314e-03 5.912600e-03))
502.03        	((2.424738e+00 8.184247e+02 8.652486e+02) (1.439027e-03 5.579972e+00 3.030282e+00)) ((-2.442137e+02 -1.905703e+00 -1.915997e+00) (-1.529283e-01 4.127030e-03 5.691949e-03))
502.04        	((2.388828e+00 8.184182e+02 8.652457e+02) (1.551819e-03 5.580821e+00 3.030781e+00)) ((-2.442211e+02 -1.899182e+00 -1.911377e+00) (-1.533273e-01 4.218863e-03 5.700250e-03))
502.05        	((2.393922e+00 8.184241e+02 8.652126e+02) (4.533077e-04 5.579375e+00 3.031781e+00)) ((-2.442175e+02 -1.892629e+00 -1.896138e+00) (-1.520083e-01 3.826895e-03 6.250071e-03))
502.06        	((2.352207e+00 8.184184e+02 8.652427e+02) (1.328878e-03 5.582477e+00 3.031603e+00)) ((-2.442375e+02 -1.884587e+00 -1.889435e+00) (-1.532838e-01 4.062555e-03 5.687662e-03))
502.07        	((2.335219e+00 8.184411e+02 8.652297e+02) (1.111264e-03 5.583705e+00 3.033048e+00)) ((-2.442473e+02 -1.878998e+00 -1.881753e+00) (-1.529249e-01 4.094204e-03 5.805107e-03))
502.08        	((2.275359e+00 8.184444e+02 8.652638e+02) (1.409329e-03 5.585232e+00 3.033144e+00)) ((-2.442681e+02 -1.876029e+00 -1.885665e+00) (-1.534418e-01 4.132088e-03 5.653537e-03))
502.09        	((2.238269e+00 8.184361e+02 8.652731e+02) (1.569332e-03 5.586517e+00 3.033999e+00)) ((-2.442756e+02 -1.874485e+00 -1.885344e+00) (-1.533179e-01 4.225755e-03 5.669404e-03))
502.1         	((2.252207e+00 8.184521e+02 8.652242e+02) (4.695632e-05 5.583709e+00 3.034631e+00)) ((-2.442697e+02 -1.868732e+00 -1.869496e+00) (-1.520819e-01 3.660600e-03 6.456436e-03))
502.11        	((2.294039e+00 8.184728e+02 8.651786e+02) (1.177994e-03 5.587153e+00 3.034599e+00)) ((-2.442648e+02 -1.856169e+00 -1.847837e+00) (-1.528561e-01 3.978226e-03 5.962461e-03))
502.12        	((2.254930e+00 8.184886e+02 8.651876e+02) (1.346215e-03 5.589517e+00 3.035520e+00)) ((-2.442783e+02 -1.851655e+00 -1.843500e+00) (-1.534787e-01 4.071656e-03 5.704132e-03))
502.13        	((2.209775e+00 8.184949e+02 8.652051e+02) (1.450084e-03 5.590840e+00 3.036538e+00)) ((-2.442901e+02 -1.850142e+00 -1.842796e+00) (-1.534145e-01 4.189900e-03 5.716513e-03))
502.14        	((2.193254e+00 8.185140e+02 8.652075e+02) (1.023606e-03 5.590723e+00 3.036775e+00)) ((-2.443000e+02 -1.846113e+00 -1.833536e+00) (-1.532473e-01 3.953499e-03 5.869213e-03))
502.15        	((2.143759e+00 8.185155e+02 8.652316e+02) (1.381190e-03 5.592980e+00 3.037541e+00)) ((-2.443136e+02 -1.846733e+00 -1.838627e+00) (-1.534073e-01 4.089924e-03 5.739075e-03))
502.16        	((2.111401e+00 8.185016e+02 8.652365e+02) (1.565946e-03 5.593638e+00 3.037925e+00)) ((-2.443174e+02 -1.845701e+00 -1.834981e+00) (-1.537366e-01 4.195826e-03 5.768727e-03))
502.17        	((2.095610e+00 8.185039e+02 8.652054e+02) (1.311927e-03 5.595029e+00 3.038972e+00)) ((-2.443139e+02 -1.844015e+00 -1.826574e+00) (-1.534453e-01 4.109364e-03 5.766000e-03))
502.18        	((2.052959e+00 8.184877e+02 8.652091e+02) (1.520073e-03 5.596270e+00 3.039360e+00)) ((-2.443165e+02 -1.841724e+00 -1.822863e+00) (-1.538198e-01 4.160193e-03 5.711819e-03))
502.19        	((2.035991e+00 8.184759e+02 8.651953e+02) (1.561269e-03 5.597282e+00 3.040354e+00)) ((-2.443118e+02 -1.837440e+00 -1.814527e+00) (-1.536244e-01 4.252056e-03 5.799563e-03))
502.2         	((2.006095e+00 8.184599e+02 8.652072e+02) (1.680753e-03 5.598229e+00 3.040436e+00)) ((-2.443129e+02 -1.833802e+00 -1.809953e+00) (-1.539341e-01 4.224039e-03 5.748261e-03))
502.21        	((2.015504e+00 8.184790e+02 8.651692e+02) (1.142045e-03 5.598672e+00 3.041621e+00)) ((-2.443083e+02 -1.829324e+00 -1.799786e+00) (-1.533248e-01 4.082591e-03 5.983728e-03))
502.22        	((1.978838e+00 8.184885e+02 8.651869e+02) (1.660361e-03 5.600595e+00 3.041867e+00)) ((-2.443209e+02 -1.825299e+00 -1.800250e+00) (-1.539686e-01 4.223065e-03 5.808061e-03))
502.23        	((1.953562e+00 8.184965e+02 8.651908e+02) (1.764615e-03 5.601839e+00 3.042869e+00)) ((-2.443269e+02 -1.821773e+00 -1.797418e+00) (-1.538395e-01 4.341558e-03 5.842715e-03))
502.24        	((1.937895e+00 8.184997e+02 8.651879e+02) (1.639928e-03 5.602297e+00 3.043026e+00)) ((-2.443306e+02 -1.817658e+00 -1.790916e+00) (-1.539937e-01 4.231914e-03 5.852944e-03))
502.25        	((1.895091e+00 8.185110e+02 8.652046e+02) (1.785070e-03 5.604344e+00 3.043974e+00)) ((-2.443415e+02 -1.816890e+00 -1.793564e+00) (-1.539450e-01 4.296688e-03 5.774124e-03))
502.26        	((1.870220e+00 8.185167e+02 8.651993e+02) (1.823204e-03 5.605021e+00 3.044614e+00)) ((-2.443449e+02 -1.813957e+00 -1.788477e+00) (-1.542030e-01 4.367451e-03 5.856260e-03))
502.27        	((1.848190e+00 8.185201e+02 8.651944e+02) (1.758582e-03 5.606317e+00 3.045298e+00)) ((-2.443454e+02 -1.812403e+00 -1.784859e+00) (-1.539899e-01 4.316104e-03 5.824265e-03))
502.28        	((1.825095e+00 8.185165e+02 8.651930e+02) (1.818958e-03 5.607119e+00 3.045579e+00)) ((-2.443464e+02 -1.809891e+00 -1.780135e+00) (-1.542673e-01 4.302772e-03 5.824744e-03))
502.29        	((1.802885e+00 8.185204e+02 8.651897e+02) (1.795667e-03 5.608603e+00 3.046505e+00)) ((-2.443469e+02 -1.808258e+00 -1.777294e+00) (-1.541040e-01 4.329098e-03 5.827398e-03))
502.3         	((1.781330e+00 8.185177e+02 8.651884e+02) (1.859525e-03 5.609303e+00 3.046771e+00)) ((-2.443484e+02 -1.805288e+00 -1.772925e+00) (-1.543549e-01 4.329106e-03 5.834862e-03))
502.31        	((1.753752e+00 8.185299e+02 8.651824e+02) (1.866179e-03 5.610969e+00 3.047803e+00)) ((-2.443496e+02 -1.802640e+00 -1.770508e+00) (-1.542070e-01 4.361972e-03 5.811545e-03))
502.32        	((1.746923e+00 8.185371e+02 8.651634e+02) (1.723644e-03 5.611383e+00 3.048311e+00)) ((-2.443474e+02 -1.798968e+00 -1.763574e+00) (-1.543127e-01 4.320945e-03 5.911431e-03))
502.33        	((1.710021e+00 8.185397e+02 8.651860e+02) (2.035189e-03 5.613124e+00 3.048846e+00)) ((-2.443551e+02 -1.797533e+00 -1.767374e+00) (-1.543326e-01 4.386287e-03 5.808634e-03))
502.34        	((1.681376e+00 8.185450e+02 8.651833e+02) (2.100087e-03 5.614160e+00 3.049528e+00)) ((-2.443570e+02 -1.794854e+00 -1.764257e+00) (-1.546078e-01 4.467627e-03 5.850059e-03))
502.35        	((1.704162e+00 8.185610e+02 8.651308e+02) (1.022441e-03 5.612668e+00 3.050622e+00)) ((-2.443438e+02 -1.790317e+00 -1.749935e+00) (-1.533647e-01 4.122886e-03 6.413118e-03))
502.36        	((1.712405e+00 8.185701e+02 8.651092e+02) (1.928650e-03 5.615400e+00 3.050340e+00)) ((-2.443407e+02 -1.783055e+00 -1.738791e+00) (-1.543491e-01 4.314355e-03 5.993684e-03))
502.37        	((1.707198e+00 8.185977e+02 8.650844e+02) (1.751470e-03 5.617198e+00 3.051527e+00)) ((-2.443401e+02 -1.779747e+00 -1.733151e+00) (-1.542301e-01 4.294859e-03 5.924433e-03))
502.38        	((1.667608e+00 8.186095e+02 8.651038e+02) (1.943008e-03 5.618588e+00 3.051881e+00)) ((-2.443519e+02 -1.778832e+00 -1.738035e+00) (-1.546827e-01 4.352331e-03 5.812513e-03))
502.39        	((1.641580e+00 8.186193e+02 8.651080e+02) (1.964097e-03 5.619674e+00 3.052866e+00)) ((-2.443553e+02 -1.778183e+00 -1.738685e+00) (-1.544833e-01 4.432140e-03 5.882082e-03))
502.4         	((1.609784e+00 8.186199e+02 8.651182e+02) (1.978298e-03 5.620641e+00 3.053046e+00)) ((-2.443603e+02 -1.777751e+00 -1.738956e+00) (-1.547593e-01 4.372918e-03 5.837397e-03))
502.41        	((1.606618e+00 8.186237e+02 8.650985e+02) (1.700157e-03 5.621427e+00 3.053882e+00)) ((-2.443538e+02 -1.776907e+00 -1.731575e+00) (-1.543754e-01 4.293863e-03 5.948398e-03))
502.42        	((1.562799e+00 8.186232e+02 8.651173e+02) (1.972196e-03 5.623013e+00 3.054142e+00)) ((-2.443598e+02 -1.776460e+00 -1.732150e+00) (-1.548572e-01 4.361180e-03 5.832924e-03))
502.43        	((1.535046e+00 8.186209e+02 8.651183e+02) (2.097486e-03 5.624322e+00 3.055026e+00)) ((-2.443561e+02 -1.776321e+00 -1.728438e+00) (-1.547104e-01 4.473294e-03 5.849209e-03))
502.44        	((1.554285e+00 8.186364e+02 8.650629e+02) (1.544318e-03 5.624034e+00 3.055784e+00)) ((-2.443415e+02 -1.773004e+00 -1.713023e+00) (-1.544654e-01 4.301286e-03 6.127348e-03))
502.45        	((1.538195e+00 8.186444e+02 8.650664e+02) (2.050148e-03 5.626262e+00 3.056097e+00)) ((-2.443411e+02 -1.770627e+00 -1.710344e+00) (-1.546402e-01 4.391462e-03 5.906108e-03))
502.46        	((1.536028e+00 8.186503e+02 8.650442e+02) (2.006017e-03 5.627228e+00 3.056898e+00)) ((-2.443357e+02 -1.768398e+00 -1.704714e+00) (-1.548896e-01 4.439286e-03 5.956533e-03))
502.47        	((1.519321e+00 8.186537e+02 8.650443e+02) (2.049330e-03 5.628778e+00 3.057560e+00)) ((-2.443348e+02 -1.767388e+00 -1.705478e+00) (-1.547776e-01 4.420977e-03 5.874518e-03))
502.48        	((1.528286e+00 8.186545e+02 8.650168e+02) (1.682849e-03 5.628409e+00 3.057856e+00)) ((-2.443265e+02 -1.762377e+00 -1.696054e+00) (-1.546414e-01 4.258380e-03 6.081792e-03))
502.49        	((1.496485e+00 8.186667e+02 8.650253e+02) (2.065246e-03 5.631027e+00 3.058726e+00)) ((-2.443320e+02 -1.759725e+00 -1.699237e+00) (-1.547775e-01 4.400828e-03 5.893859e-03))
502.5         	((1.477294e+00 8.186773e+02 8.650121e+02) (2.137948e-03 5.631910e+00 3.059326e+00)) ((-2.443299e+02 -1.755794e+00 -1.695193e+00) (-1.551112e-01 4.490760e-03 5.913267e-03))
502.51        	((1.486177e+00 8.186811e+02 8.649834e+02) (1.741678e-03 5.632453e+00 3.060090e+00)) ((-2.443216e+02 -1.754366e+00 -1.688644e+00) (-1.546019e-01 4.333257e-03 6.040389e-03))
502.52        	((1.451939e+00 8.186738e+02 8.650038e+02) (2.149408e-03 5.634029e+00 3.060141e+00)) ((-2.443272e+02 -1.754142e+00 -1.691796e+00) (-1.551551e-01 4.410365e-03 5.896637e-03))
502.53        	((1.432246e+00 8.186885e+02 8.650017e+02) (2.190021e-03 5.635567e+00 3.061228e+00)) ((-2.443260e+02 -1.753773e+00 -1.690868e+00) (-1.549935e-01 4.517949e-03 5.913918e-03))
502.54        	((1.459828e+00 8.186920e+02 8.649495e+02) (1.064414e-03 5.633769e+00 3.061780e+00)) ((-2.443111e+02 -1.750826e+00 -1.677068e+00) (-1.541913e-01 4.091082e-03 6.441191e-03))
502.55        	((1.477793e+00 8.186969e+02 8.649224e+02) (1.976988e-03 5.636948e+00 3.062054e+00)) ((-2.443023e+02 -1.746396e+00 -1.668080e+00) (-1.547272e-01 4.347392e-03 6.049158e-03))
502.56        	((1.475787e+00 8.187185e+02 8.648952e+02) (1.852486e-03 5.638302e+00 3.062758e+00)) ((-2.442992e+02 -1.742394e+00 -1.661885e+00) (-1.550885e-01 4.335965e-03 5.984128e-03))
502.57        	((1.437501e+00 8.187267e+02 8.649130e+02) (2.040886e-03 5.640089e+00 3.063525e+00)) ((-2.443046e+02 -1.742849e+00 -1.667484e+00) (-1.550930e-01 4.417619e-03 5.885440e-03))
502.58        	((1.416896e+00 8.187312e+02 8.649145e+02) (2.062721e-03 5.640681e+00 3.064068e+00)) ((-2.443037e+02 -1.741445e+00 -1.667616e+00) (-1.552949e-01 4.478352e-03 5.968600e-03))
502.59        	((1.390088e+00 8.187223e+02 8.649332e+02) (2.170315e-03 5.642043e+00 3.064509e+00)) ((-2.443051e+02 -1.743243e+00 -1.672246e+00) (-1.551463e-01 4.456659e-03 5.913363e-03))
502.6         	((1.408204e+00 8.187293e+02 8.648894e+02) (1.571925e-03 5.641807e+00 3.065348e+00)) ((-2.442932e+02 -1.741287e+00 -1.661995e+00) (-1.548695e-01 4.286797e-03 6.217124e-03))
502.61        	((1.389912e+00 8.187317e+02 8.648941e+02) (2.075326e-03 5.644311e+00 3.065884e+00)) ((-2.442932e+02 -1.740408e+00 -1.663572e+00) (-1.550786e-01 4.422100e-03 5.982906e-03))
502.62        	((1.380505e+00 8.187279e+02 8.648779e+02) (2.147082e-03 5.645164e+00 3.066441e+00)) ((-2.442846e+02 -1.738516e+00 -1.658023e+00) (-1.553875e-01 4.498900e-03 6.015015e-03))
502.63        	((1.370936e+00 8.187339e+02 8.648677e+02) (2.138706e-03 5.646525e+00 3.067012e+00)) ((-2.442749e+02 -1.737705e+00 -1.655864e+00) (-1.552119e-01 4.451840e-03 5.969390e-03))
502.64        	((1.355572e+00 8.187290e+02 8.648629e+02) (2.092819e-03 5.647553e+00 3.067427e+00)) ((-2.442716e+02 -1.737976e+00 -1.654744e+00) (-1.554924e-01 4.439852e-03 5.977216e-03))
502.65        	((1.339358e+00 8.187120e+02 8.648681e+02) (2.201594e-03 5.648536e+00 3.067800e+00)) ((-2.442634e+02 -1.738385e+00 -1.653690e+00) (-1.553275e-01 4.462914e-03 5.964262e-03))
502.66        	((1.326010e+00 8.187201e+02 8.648511e+02) (2.148846e-03 5.649832e+00 3.068708e+00)) ((-2.442611e+02 -1.736929e+00 -1.652039e+00) (-1.555342e-01 4.468265e-03 5.995011e-03))
502.67        	((1.304916e+00 8.187164e+02 8.648459e+02) (2.248595e-03 5.651336e+00 3.069534e+00)) ((-2.442589e+02 -1.736554e+00 -1.655282e+00) (-1.554126e-01 4.517242e-03 5.971278e-03))
502.68        	((1.311197e+00 8.187133e+02 8.648264e+02) (2.032434e-03 5.651398e+00 3.070099e+00)) ((-2.442522e+02 -1.734948e+00 -1.649896e+00) (-1.554008e-01 4.485435e-03 6.153722e-03))
502.69        	((1.286216e+00 8.187090e+02 8.648507e+02) (2.387085e-03 5.653306e+00 3.070434e+00)) ((-2.442560e+02 -1.734481e+00 -1.655634e+00) (-1.554827e-01 4.529270e-03 5.987460e-03))
502.7         	((1.266587e+00 8.187088e+02 8.648483e+02) (2.469607e-03 5.654546e+00 3.071173e+00)) ((-2.442529e+02 -1.733310e+00 -1.654940e+00) (-1.557949e-01 4.612884e-03 6.020803e-03))
502.71        	((1.298299e+00 8.187227e+02 8.647926e+02) (1.483991e-03 5.653317e+00 3.072240e+00)) ((-2.442341e+02 -1.730031e+00 -1.642979e+00) (-1.546124e-01 4.288577e-03 6.554437e-03))
502.72        	((1.309715e+00 8.187338e+02 8.647723e+02) (2.246290e-03 5.656085e+00 3.072202e+00)) ((-2.442279e+02 -1.723645e+00 -1.636174e+00) (-1.555413e-01 4.468573e-03 6.160348e-03))
502.73        	((1.317282e+00 8.187423e+02 8.647591e+02) (2.039845e-03 5.657076e+00 3.072947e+00)) ((-2.442225e+02 -1.720982e+00 -1.632248e+00) (-1.552697e-01 4.393223e-03 6.163039e-03))
502.74        	((1.277367e+00 8.187398e+02 8.647782e+02) (2.310766e-03 5.658986e+00 3.073373e+00)) ((-2.442288e+02 -1.725044e+00 -1.639297e+00) (-1.558672e-01 4.489128e-03 6.010161e-03))
502.75        	((1.252292e+00 8.187386e+02 8.647954e+02) (2.430935e-03 5.660276e+00 3.074298e+00)) ((-2.442312e+02 -1.725699e+00 -1.644738e+00) (-1.557100e-01 4.598073e-03 6.045444e-03))
502.76        	((1.278645e+00 8.187472e+02 8.647713e+02) (1.469754e-03 5.658524e+00 3.074512e+00)) ((-2.442221e+02 -1.720223e+00 -1.633270e+00) (-1.550317e-01 4.184214e-03 6.523723e-03))
502.77        	((1.293624e+00 8.187612e+02 8.647411e+02) (2.194035e-03 5.661957e+00 3.075372e+00)) ((-2.442155e+02 -1.717925e+00 -1.629052e+00) (-1.554485e-01 4.425039e-03 6.194934e-03))
502.78        	((1.309751e+00 8.187687e+02 8.647006e+02) (1.864122e-03 5.662352e+00 3.075932e+00)) ((-2.442065e+02 -1.716324e+00 -1.622672e+00) (-1.555875e-01 4.319487e-03 6.256871e-03))
502.79        	((1.271736e+00 8.187569e+02 8.647047e+02) (2.273882e-03 5.664636e+00 3.076633e+00)) ((-2.442063e+02 -1.718402e+00 -1.631667e+00) (-1.557468e-01 4.459847e-03 6.059702e-03))
502.8         	((1.250411e+00 8.187510e+02 8.647174e+02) (2.421145e-03 5.665490e+00 3.077120e+00)) ((-2.442091e+02 -1.719292e+00 -1.635289e+00) (-1.560987e-01 4.557343e-03 6.084074e-03))
502.81        	((1.261080e+00 8.187493e+02 8.646971e+02) (1.949344e-03 5.665912e+00 3.077819e+00)) ((-2.441976e+02 -1.719588e+00 -1.629327e+00) (-1.555250e-01 4.363400e-03 6.245071e-03))
502.82        	((1.228443e+00 8.187433e+02 8.647241e+02) (2.295701e-03 5.667728e+00 3.078103e+00)) ((-2.441997e+02 -1.720282e+00 -1.631896e+00) (-1.561095e-01 4.459515e-03 6.110318e-03))
502.83        	((1.214960e+00 8.187256e+02 8.647406e+02) (2.480362e-03 5.668565e+00 3.078487e+00)) ((-2.441922e+02 -1.721254e+00 -1.630111e+00) (-1.560058e-01 4.571411e-03 6.129226e-03))
502.84        	((1.233742e+00 8.187383e+02 8.646971e+02) (2.014505e-03 5.669269e+00 3.079527e+00)) ((-2.441794e+02 -1.719821e+00 -1.620950e+00) (-1.559134e-01 4.387593e-03 6.259588e-03))
502.85        	((1.217590e+00 8.187228e+02 8.646991e+02) (2.385707e-03 5.671375e+00 3.080202e+00)) ((-2.441742e+02 -1.720452e+00 -1.622363e+00) (-1.559879e-01 4.503157e-03 6.118477e-03))
502.86        	((1.203119e+00 8.187042e+02 8.647000e+02) (2.609836e-03 5.672148e+00 3.080634e+00)) ((-2.441679e+02 -1.720017e+00 -1.623600e+00) (-1.563506e-01 4.609663e-03 6.156839e-03))
502.87        	((1.218544e+00 8.187103e+02 8.646714e+02) (2.097374e-03 5.672806e+00 3.081629e+00)) ((-2.441585e+02 -1.719645e+00 -1.618829e+00) (-1.557653e-01 4.426034e-03 6.316890e-03))
502.88        	((1.197570e+00 8.187121e+02 8.646871e+02) (2.497368e-03 5.674512e+00 3.081777e+00)) ((-2.441650e+02 -1.718768e+00 -1.623903e+00) (-1.563366e-01 4.525863e-03 6.153012e-03))
502.89        	((1.185678e+00 8.187050e+02 8.646949e+02) (2.653748e-03 5.675686e+00 3.082599e+00)) ((-2.441627e+02 -1.717586e+00 -1.624352e+00) (-1.562131e-01 4.639231e-03 6.183405e-03))
502.9         	((1.195430e+00 8.187143e+02 8.646660e+02) (2.260140e-03 5.676255e+00 3.083156e+00)) ((-2.441554e+02 -1.715816e+00 -1.619011e+00) (-1.562322e-01 4.486111e-03 6.280187e-03))
502.91        	((1.166031e+00 8.187098e+02 8.646881e+02) (2.553948e-03 5.678265e+00 3.083802e+00)) ((-2.441584e+02 -1.717306e+00 -1.625547e+00) (-1.562647e-01 4.572109e-03 6.148730e-03))
502.92        	((1.149780e+00 8.186855e+02 8.646814e+02) (2.685614e-03 5.679106e+00 3.084274e+00)) ((-2.441501e+02 -1.717483e+00 -1.626282e+00) (-1.565976e-01 4.663848e-03 6.186877e-03))
502.93        	((1.176661e+00 8.186849e+02 8.646501e+02) (1.945525e-03 5.678817e+00 3.085063e+00)) ((-2.441378e+02 -1.716353e+00 -1.617775e+00) (-1.557608e-01 4.388181e-03 6.499977e-03))
502.94        	((1.167265e+00 8.186893e+02 8.646646e+02) (2.505791e-03 5.681164e+00 3.085261e+00)) ((-2.441428e+02 -1.714519e+00 -1.617728e+00) (-1.565129e-01 4.551402e-03 6.256454e-03))
502.95        	((1.173275e+00 8.186836e+02 8.646601e+02) (2.515513e-03 5.681817e+00 3.085929e+00)) ((-2.441371e+02 -1.713676e+00 -1.615646e+00) (-1.562673e-01 4.607246e-03 6.325937e-03))
502.96        	((1.142483e+00 8.186806e+02 8.646603e+02) (2.625765e-03 5.683752e+00 3.086568e+00)) ((-2.441372e+02 -1.716169e+00 -1.621143e+00) (-1.567058e-01 4.607531e-03 6.184820e-03))
502.97        	((1.134883e+00 8.186902e+02 8.646581e+02) (2.549830e-03 5.684723e+00 3.087599e+00)) ((-2.441367e+02 -1.715228e+00 -1.622951e+00) (-1.564207e-01 4.650489e-03 6.278403e-03))
502.98        	((1.111858e+00 8.186850e+02 8.646769e+02) (2.648705e-03 5.685916e+00 3.087736e+00)) ((-2.441409e+02 -1.716182e+00 -1.627793e+00) (-1.567736e-01 4.622066e-03 6.188519e-03))
502.99        	((1.121856e+00 8.186742e+02 8.646671e+02) (2.464238e-03 5.686232e+00 3.088520e+00)) ((-2.441303e+02 -1.716280e+00 -1.623048e+00) (-1.563388e-01 4.597169e-03 6.364570e-03))
503           	((1.099608e+00 8.186531e+02 8.646731e+02) (2.677872e-03 5.688218e+00 3.088911e+00)) ((-2.441262e+02 -1.718488e+00 -1.625036e+00) (-1.568437e-01 4.623056e-03 6.213110e-03))
503.01        	((1.087815e+00 8.186504e+02 8.646753e+02) (2.744589e-03 5.689537e+00 3.089877e+00)) ((-2.441230e+02 -1.719136e+00 -1.625996e+00) (-1.566774e-01 4.709399e-03 6.238834e-03))
503.02        	((1.101841e+00 8.186587e+02 8.646466e+02) (2.198324e-03 5.689274e+00 3.090229e+00)) ((-2.441166e+02 -1.715959e+00 -1.618468e+00) (-1.564781e-01 4.472090e-03 6.432498e-03))
503.03        	((1.087167e+00 8.186562e+02 8.646606e+02) (2.671245e-03 5.691606e+00 3.090777e+00)) ((-2.441195e+02 -1.716679e+00 -1.622932e+00) (-1.566329e-01 4.610421e-03 6.236538e-03))
503.04        	((1.075575e+00 8.186268e+02 8.646545e+02) (2.748439e-03 5.692401e+00 3.091260e+00)) ((-2.441127e+02 -1.718351e+00 -1.624035e+00) (-1.569721e-01 4.699299e-03 6.282873e-03))
503.05        	((1.073231e+00 8.186298e+02 8.646514e+02) (2.559298e-03 5.693854e+00 3.092070e+00)) ((-2.441113e+02 -1.719296e+00 -1.624862e+00) (-1.567271e-01 4.626006e-03 6.255730e-03))
503.06        	((1.056143e+00 8.186274e+02 8.646657e+02) (2.706776e-03 5.694756e+00 3.092175e+00)) ((-2.441170e+02 -1.720140e+00 -1.629149e+00) (-1.570842e-01 4.637679e-03 6.202128e-03))
503.07        	((1.063585e+00 8.186358e+02 8.646486e+02) (2.386772e-03 5.695512e+00 3.093478e+00)) ((-2.441117e+02 -1.720115e+00 -1.626043e+00) (-1.565935e-01 4.609418e-03 6.390770e-03))
503.08        	((1.034725e+00 8.186386e+02 8.646756e+02) (2.715843e-03 5.697190e+00 3.093634e+00)) ((-2.441209e+02 -1.719872e+00 -1.631992e+00) (-1.571353e-01 4.652549e-03 6.225499e-03))
503.09        	((1.015884e+00 8.186334e+02 8.646926e+02) (2.855554e-03 5.698486e+00 3.094452e+00)) ((-2.441207e+02 -1.720689e+00 -1.633542e+00) (-1.569805e-01 4.743708e-03 6.225677e-03))
503.1         	((1.050173e+00 8.186427e+02 8.646494e+02) (1.492347e-03 5.696070e+00 3.095052e+00)) ((-2.441075e+02 -1.718229e+00 -1.621394e+00) (-1.559304e-01 4.252324e-03 6.922978e-03))
503.11        	((1.087133e+00 8.186618e+02 8.646354e+02) (2.476117e-03 5.699618e+00 3.095195e+00)) ((-2.441067e+02 -1.713498e+00 -1.612992e+00) (-1.566220e-01 4.530243e-03 6.441176e-03))
503.12        	((1.075141e+00 8.186675e+02 8.646335e+02) (2.576461e-03 5.701578e+00 3.095954e+00)) ((-2.441093e+02 -1.714096e+00 -1.616175e+00) (-1.572164e-01 4.593035e-03 6.244230e-03))
503.13        	((1.072424e+00 8.186442e+02 8.646055e+02) (2.499427e-03 5.702451e+00 3.096997e+00)) ((-2.440993e+02 -1.715373e+00 -1.618134e+00) (-1.569052e-01 4.637363e-03 6.350416e-03))
503.14        	((1.037480e+00 8.186440e+02 8.646396e+02) (2.681785e-03 5.703824e+00 3.097151e+00)) ((-2.441117e+02 -1.717053e+00 -1.628606e+00) (-1.573440e-01 4.630756e-03 6.222416e-03))
503.15        	((1.022528e+00 8.186380e+02 8.646535e+02) (2.724098e-03 5.704757e+00 3.097882e+00)) ((-2.441117e+02 -1.719355e+00 -1.631906e+00) (-1.571168e-01 4.682291e-03 6.273332e-03))
503.16        	((9.985158e-01 8.186378e+02 8.646662e+02) (2.674760e-03 5.706147e+00 3.098384e+00)) ((-2.441156e+02 -1.722085e+00 -1.635650e+00) (-1.574210e-01 4.633237e-03 6.218306e-03))
503.17        	((1.013027e+00 8.186392e+02 8.646438e+02) (2.186710e-03 5.706344e+00 3.099319e+00)) ((-2.441055e+02 -1.723565e+00 -1.629154e+00) (-1.567976e-01 4.476534e-03 6.439274e-03))
503.18        	((9.886681e-01 8.186302e+02 8.646703e+02) (2.665686e-03 5.708192e+00 3.099479e+00)) ((-2.441102e+02 -1.725315e+00 -1.631459e+00) (-1.574439e-01 4.602179e-03 6.263405e-03))
503.19        	((9.811031e-01 8.186133e+02 8.646817e+02) (2.807304e-03 5.709437e+00 3.100323e+00)) ((-2.441068e+02 -1.727457e+00 -1.630555e+00) (-1.572972e-01 4.713463e-03 6.263399e-03))
503.2         	((1.009438e+00 8.186120e+02 8.646399e+02) (2.105964e-03 5.709038e+00 3.100842e+00)) ((-2.440959e+02 -1.725602e+00 -1.621237e+00) (-1.569915e-01 4.448439e-03 6.538083e-03))
503.21        	((1.001085e+00 8.185846e+02 8.646330e+02) (2.695540e-03 5.711560e+00 3.101356e+00)) ((-2.440918e+02 -1.725531e+00 -1.624831e+00) (-1.572433e-01 4.616090e-03 6.303937e-03))
503.22        	((1.001591e+00 8.185824e+02 8.646285e+02) (2.648717e-03 5.712320e+00 3.101983e+00)) ((-2.440912e+02 -1.724785e+00 -1.623136e+00) (-1.575163e-01 4.685082e-03 6.360517e-03))
503.23        	((9.818087e-01 8.185777e+02 8.646555e+02) (2.785575e-03 5.713610e+00 3.102123e+00)) ((-2.440968e+02 -1.725446e+00 -1.629258e+00) (-1.574812e-01 4.672002e-03 6.253694e-03))
503.24        	((9.960360e-01 8.186129e+02 8.646417e+02) (2.263122e-03 5.713637e+00 3.103351e+00)) ((-2.440974e+02 -1.724918e+00 -1.624749e+00) (-1.572577e-01 4.557239e-03 6.554517e-03))
503.25        	((9.805176e-01 8.186188e+02 8.646637e+02) (2.700533e-03 5.716054e+00 3.103884e+00)) ((-2.441044e+02 -1.724214e+00 -1.630946e+00) (-1.574262e-01 4.653416e-03 6.322609e-03))
503.26        	((9.725133e-01 8.186126e+02 8.646706e+02) (2.790823e-03 5.716793e+00 3.104340e+00)) ((-2.441053e+02 -1.724094e+00 -1.631716e+00) (-1.577534e-01 4.711452e-03 6.332015e-03))
503.27        	((9.584590e-01 8.186095e+02 8.646795e+02) (2.681153e-03 5.718331e+00 3.105087e+00)) ((-2.441050e+02 -1.726029e+00 -1.634690e+00) (-1.575374e-01 4.654802e-03 6.280081e-03))
503.28        	((9.431960e-01 8.185782e+02 8.646995e+02) (2.786580e-03 5.718697e+00 3.104902e+00)) ((-2.441020e+02 -1.728180e+00 -1.635588e+00) (-1.578684e-01 4.639516e-03 6.282603e-03))
503.29        	((9.317128e-01 8.185720e+02 8.646872e+02) (2.752089e-03 5.720674e+00 3.106273e+00)) ((-2.440991e+02 -1.731862e+00 -1.637846e+00) (-1.576696e-01 4.667810e-03 6.272606e-03))
503.3         	((9.293730e-01 8.185574e+02 8.646733e+02) (2.635738e-03 5.721241e+00 3.106668e+00)) ((-2.440945e+02 -1.733195e+00 -1.638280e+00) (-1.578745e-01 4.642612e-03 6.305201e-03))
503.31        	((9.116578e-01 8.185543e+02 8.646959e+02) (2.867832e-03 5.722757e+00 3.107299e+00)) ((-2.440987e+02 -1.734504e+00 -1.644069e+00) (-1.577875e-01 4.700122e-03 6.252627e-03))
503.32        	((9.097855e-01 8.185512e+02 8.646916e+02) (2.801479e-03 5.723453e+00 3.108051e+00)) ((-2.440972e+02 -1.734123e+00 -1.641983e+00) (-1.579900e-01 4.759125e-03 6.371475e-03))
503.33        	((8.938221e-01 8.185482e+02 8.647088e+02) (2.903163e-03 5.725053e+00 3.108560e+00)) ((-2.441001e+02 -1.734857e+00 -1.645887e+00) (-1.578630e-01 4.737477e-03 6.273488e-03))
503.34        	((9.055364e-01 8.185413e+02 8.646923e+02) (2.552595e-03 5.724815e+00 3.109127e+00)) ((-2.440937e+02 -1.733744e+00 -1.639434e+00) (-1.578053e-01 4.682497e-03 6.519759e-03))
503.35        	((8.877891e-01 8.185441e+02 8.647115e+02) (2.830149e-03 5.727262e+00 3.109742e+00)) ((-2.440993e+02 -1.733768e+00 -1.644434e+00) (-1.578923e-01 4.721058e-03 6.306159e-03))
503.36        	((8.769690e-01 8.185352e+02 8.647229e+02) (2.974307e-03 5.728000e+00 3.110091e+00)) ((-2.441006e+02 -1.733984e+00 -1.645247e+00) (-1.582503e-01 4.788959e-03 6.324696e-03))
503.37        	((8.996529e-01 8.185483e+02 8.646924e+02) (2.306245e-03 5.728183e+00 3.111087e+00)) ((-2.440920e+02 -1.734965e+00 -1.640098e+00) (-1.574928e-01 4.541221e-03 6.570661e-03))
503.38        	((8.877415e-01 8.185480e+02 8.647080e+02) (2.845541e-03 5.730103e+00 3.111139e+00)) ((-2.440986e+02 -1.733885e+00 -1.643210e+00) (-1.581924e-01 4.676020e-03 6.334391e-03))
503.39        	((8.811252e-01 8.185452e+02 8.647157e+02) (2.871594e-03 5.731359e+00 3.112136e+00)) ((-2.440994e+02 -1.733287e+00 -1.644298e+00) (-1.580133e-01 4.769999e-03 6.370240e-03))
503.4         	((8.624591e-01 8.185307e+02 8.647192e+02) (2.780783e-03 5.732461e+00 3.112468e+00)) ((-2.441017e+02 -1.734316e+00 -1.648148e+00) (-1.583426e-01 4.704893e-03 6.310702e-03))
503.41        	((8.565417e-01 8.185198e+02 8.647339e+02) (2.772451e-03 5.732907e+00 3.112453e+00)) ((-2.441021e+02 -1.735970e+00 -1.650482e+00) (-1.581234e-01 4.667229e-03 6.316426e-03))
503.42        	((8.348665e-01 8.185143e+02 8.647467e+02) (2.849795e-03 5.734742e+00 3.113519e+00)) ((-2.441072e+02 -1.737232e+00 -1.655165e+00) (-1.584761e-01 4.703261e-03 6.270969e-03))
503.43        	((8.419848e-01 8.185139e+02 8.647413e+02) (2.718047e-03 5.735458e+00 3.114641e+00)) ((-2.441030e+02 -1.738347e+00 -1.653398e+00) (-1.581158e-01 4.745943e-03 6.423359e-03))
503.44        	((8.160944e-01 8.185008e+02 8.647742e+02) (2.948297e-03 5.736469e+00 3.114417e+00)) ((-2.441099e+02 -1.740134e+00 -1.658715e+00) (-1.585744e-01 4.729935e-03 6.294811e-03))
503.45        	((8.117950e-01 8.185092e+02 8.647668e+02) (2.923506e-03 5.738113e+00 3.115781e+00)) ((-2.441075e+02 -1.741519e+00 -1.658067e+00) (-1.582970e-01 4.790678e-03 6.327676e-03))
503.46        	((8.154999e-01 8.185109e+02 8.647531e+02) (2.758426e-03 5.738711e+00 3.116005e+00)) ((-2.441035e+02 -1.741769e+00 -1.654178e+00) (-1.584824e-01 4.686169e-03 6.348878e-03))
503.47        	((7.951693e-01 8.184984e+02 8.647772e+02) (2.983610e-03 5.740226e+00 3.116543e+00)) ((-2.441049e+02 -1.743998e+00 -1.657651e+00) (-1.584239e-01 4.729264e-03 6.278652e-03))
503.48        	((7.982335e-01 8.185067e+02 8.647580e+02) (2.846884e-03 5.740932e+00 3.117327e+00)) ((-2.441031e+02 -1.743049e+00 -1.655852e+00) (-1.585946e-01 4.769297e-03 6.390079e-03))
503.49        	((7.832001e-01 8.184924e+02 8.647613e+02) (2.929795e-03 5.742625e+00 3.117943e+00)) ((-2.441043e+02 -1.743881e+00 -1.660755e+00) (-1.585099e-01 4.755156e-03 6.289339e-03))
503.5         	((7.918357e-01 8.184873e+02 8.647510e+02) (2.732419e-03 5.742618e+00 3.118466e+00)) ((-2.441009e+02 -1.742791e+00 -1.656132e+00) (-1.585406e-01 4.735639e-03 6.468519e-03))
503.51        	((7.706940e-01 8.184869e+02 8.647789e+02) (2.899692e-03 5.744778e+00 3.119032e+00)) ((-2.441085e+02 -1.743075e+00 -1.661479e+00) (-1.585660e-01 4.750257e-03 6.296773e-03))
503.52        	((7.600216e-01 8.184764e+02 8.648039e+02) (3.003320e-03 5.745218e+00 3.119099e+00)) ((-2.441125e+02 -1.742647e+00 -1.661894e+00) (-1.588967e-01 4.804185e-03 6.319722e-03))
503.53        	((7.820615e-01 8.185007e+02 8.647715e+02) (2.457727e-03 5.746059e+00 3.120372e+00)) ((-2.441099e+02 -1.741791e+00 -1.656857e+00) (-1.582594e-01 4.606952e-03 6.484723e-03))
503.54        	((7.604503e-01 8.184999e+02 8.647925e+02) (2.851477e-03 5.747788e+00 3.120559e+00)) ((-2.441184e+02 -1.742678e+00 -1.661117e+00) (-1.588918e-01 4.704952e-03 6.317135e-03))
503.55        	((7.496189e-01 8.184825e+02 8.647972e+02) (2.976981e-03 5.749078e+00 3.121508e+00)) ((-2.441168e+02 -1.744279e+00 -1.663036e+00) (-1.587402e-01 4.810210e-03 6.326537e-03))
503.56        	((7.825230e-01 8.184861e+02 8.647635e+02) (2.037976e-03 5.747630e+00 3.121805e+00)) ((-2.441075e+02 -1.741614e+00 -1.654110e+00) (-1.581626e-01 4.436163e-03 6.719757e-03))
503.57        	((7.912005e-01 8.185145e+02 8.647634e+02) (2.743795e-03 5.750928e+00 3.122544e+00)) ((-2.441120e+02 -1.739558e+00 -1.653385e+00) (-1.585616e-01 4.662297e-03 6.392240e-03))
503.58        	((8.139445e-01 8.185198e+02 8.647347e+02) (2.208116e-03 5.750332e+00 3.123200e+00)) ((-2.441064e+02 -1.736931e+00 -1.646305e+00) (-1.583751e-01 4.528835e-03 6.692401e-03))
503.59        	((8.024167e-01 8.185239e+02 8.647538e+02) (2.775489e-03 5.753025e+00 3.123564e+00)) ((-2.441133e+02 -1.735811e+00 -1.651623e+00) (-1.587067e-01 4.660133e-03 6.345761e-03))
503.6         	((7.970699e-01 8.185323e+02 8.647488e+02) (2.727069e-03 5.753990e+00 3.124248e+00)) ((-2.441174e+02 -1.735674e+00 -1.653018e+00) (-1.590355e-01 4.711273e-03 6.375966e-03))
503.61        	((7.684050e-01 8.185291e+02 8.647715e+02) (2.755554e-03 5.755597e+00 3.124924e+00)) ((-2.441254e+02 -1.739563e+00 -1.660440e+00) (-1.589175e-01 4.688858e-03 6.281071e-03))
503.62        	((7.851994e-01 8.185263e+02 8.647558e+02) (2.375923e-03 5.754955e+00 3.125239e+00)) ((-2.441206e+02 -1.739523e+00 -1.654666e+00) (-1.587576e-01 4.552662e-03 6.546874e-03))
503.63        	((7.653420e-01 8.185272e+02 8.647713e+02) (2.747692e-03 5.757695e+00 3.126111e+00)) ((-2.441265e+02 -1.740753e+00 -1.658668e+00) (-1.588899e-01 4.657903e-03 6.334989e-03))
503.64        	((7.568962e-01 8.185244e+02 8.647697e+02) (2.805037e-03 5.758524e+00 3.126634e+00)) ((-2.441242e+02 -1.742984e+00 -1.656826e+00) (-1.592500e-01 4.735993e-03 6.340029e-03))
503.65        	((7.671231e-01 8.185261e+02 8.647538e+02) (2.583198e-03 5.759515e+00 3.127361e+00)) ((-2.441163e+02 -1.745005e+00 -1.652595e+00) (-1.588928e-01 4.625062e-03 6.369941e-03))
503.66        	((7.438174e-01 8.185057e+02 8.647791e+02) (2.840387e-03 5.760772e+00 3.127563e+00)) ((-2.441180e+02 -1.747267e+00 -1.655980e+00) (-1.593683e-01 4.681560e-03 6.291779e-03))
503.67        	((7.376831e-01 8.185009e+02 8.647850e+02) (2.891600e-03 5.761952e+00 3.128487e+00)) ((-2.441168e+02 -1.748072e+00 -1.657540e+00) (-1.591565e-01 4.778873e-03 6.343681e-03))
503.68        	((7.455589e-01 8.184968e+02 8.647706e+02) (2.641069e-03 5.762549e+00 3.128843e+00)) ((-2.441130e+02 -1.746813e+00 -1.654515e+00) (-1.593036e-01 4.665473e-03 6.379612e-03))
503.69        	((7.273831e-01 8.184726e+02 8.647872e+02) (2.890498e-03 5.764123e+00 3.129268e+00)) ((-2.441115e+02 -1.747447e+00 -1.659996e+00) (-1.592528e-01 4.722263e-03 6.290235e-03))
503.7         	((7.215328e-01 8.184815e+02 8.647823e+02) (2.933154e-03 5.765201e+00 3.130246e+00)) ((-2.441142e+02 -1.746510e+00 -1.659767e+00) (-1.595478e-01 4.808069e-03 6.363106e-03))
503.71        	((7.232448e-01 8.185061e+02 8.647779e+02) (2.734662e-03 5.766180e+00 3.131005e+00)) ((-2.441167e+02 -1.746545e+00 -1.658053e+00) (-1.592009e-01 4.716154e-03 6.390101e-03))
503.72        	((7.090289e-01 8.185060e+02 8.647940e+02) (2.932412e-03 5.767326e+00 3.131197e+00)) ((-2.441233e+02 -1.746827e+00 -1.662722e+00) (-1.596144e-01 4.747398e-03 6.305498e-03))
503.73        	((7.062050e-01 8.184992e+02 8.648012e+02) (2.986750e-03 5.768173e+00 3.131991e+00)) ((-2.441208e+02 -1.747414e+00 -1.663364e+00) (-1.593675e-01 4.820497e-03 6.387760e-03))
503.74        	((6.956632e-01 8.184984e+02 8.648052e+02) (2.945046e-03 5.769533e+00 3.132509e+00)) ((-2.441227e+02 -1.748015e+00 -1.665078e+00) (-1.596831e-01 4.772333e-03 6.332642e-03))
503.75        	((7.079278e-01 8.184971e+02 8.647891e+02) (2.644070e-03 5.770215e+00 3.133415e+00)) ((-2.441157e+02 -1.747929e+00 -1.661421e+00) (-1.592284e-01 4.684793e-03 6.440020e-03))
503.76        	((6.825200e-01 8.184769e+02 8.648150e+02) (2.978476e-03 5.771719e+00 3.133563e+00)) ((-2.441194e+02 -1.748489e+00 -1.666165e+00) (-1.597736e-01 4.758443e-03 6.311045e-03))
503.77        	((6.722229e-01 8.184427e+02 8.648237e+02) (3.163111e-03 5.772914e+00 3.134322e+00)) ((-2.441124e+02 -1.749367e+00 -1.667849e+00) (-1.596329e-01 4.866650e-03 6.338783e-03))
503.78        	((7.029455e-01 8.184746e+02 8.647784e+02) (2.320890e-03 5.772047e+00 3.135148e+00)) ((-2.441081e+02 -1.745630e+00 -1.659449e+00) (-1.591759e-01 4.616724e-03 6.744109e-03))
503.79        	((7.050446e-01 8.185033e+02 8.647832e+02) (2.911085e-03 5.774869e+00 3.135591e+00)) ((-2.441166e+02 -1.745047e+00 -1.661190e+00) (-1.594650e-01 4.748170e-03 6.426959e-03))
503.8         	((7.261501e-01 8.185047e+02 8.647586e+02) (2.554782e-03 5.774683e+00 3.136149e+00)) ((-2.441104e+02 -1.743586e+00 -1.654419e+00) (-1.594190e-01 4.663372e-03 6.636795e-03))
503.81        	((7.116369e-01 8.185064e+02 8.647817e+02) (3.008336e-03 5.777017e+00 3.136502e+00)) ((-2.441167e+02 -1.743376e+00 -1.660053e+00) (-1.596331e-01 4.748116e-03 6.371479e-03))
503.82        	((7.024553e-01 8.185098e+02 8.647843e+02) (2.996329e-03 5.778121e+00 3.137228e+00)) ((-2.441200e+02 -1.743609e+00 -1.662135e+00) (-1.599534e-01 4.815482e-03 6.387383e-03))
503.83        	((7.034206e-01 8.185157e+02 8.647759e+02) (2.747600e-03 5.779166e+00 3.137983e+00)) ((-2.441174e+02 -1.744904e+00 -1.662822e+00) (-1.596090e-01 4.698984e-03 6.399665e-03))
503.84        	((6.704259e-01 8.184977e+02 8.648005e+02) (2.935469e-03 5.780390e+00 3.138211e+00)) ((-2.441189e+02 -1.748343e+00 -1.669493e+00) (-1.600606e-01 4.736531e-03 6.320945e-03))
503.85        	((6.604513e-01 8.184985e+02 8.648125e+02) (3.032551e-03 5.781539e+00 3.139149e+00)) ((-2.441206e+02 -1.749789e+00 -1.672062e+00) (-1.598619e-01 4.828023e-03 6.378565e-03))
503.86        	((6.663716e-01 8.184939e+02 8.647992e+02) (2.757379e-03 5.782106e+00 3.139454e+00)) ((-2.441171e+02 -1.750270e+00 -1.668565e+00) (-1.599993e-01 4.707520e-03 6.421914e-03))
503.87        	((6.479161e-01 8.184848e+02 8.648206e+02) (2.971721e-03 5.783590e+00 3.139777e+00)) ((-2.441210e+02 -1.751864e+00 -1.672954e+00) (-1.599308e-01 4.751272e-03 6.322639e-03))
503.88        	((6.461771e-01 8.184942e+02 8.648041e+02) (2.991121e-03 5.784720e+00 3.140764e+00)) ((-2.441187e+02 -1.751763e+00 -1.670237e+00) (-1.602209e-01 4.830218e-03 6.382054e-03))
503.89        	((6.624055e-01 8.185071e+02 8.647778e+02) (2.732658e-03 5.785597e+00 3.141556e+00)) ((-2.441125e+02 -1.751385e+00 -1.666806e+00) (-1.598317e-01 4.718662e-03 6.438943e-03))
503.9         	((6.433559e-01 8.185002e+02 8.648003e+02) (2.985799e-03 5.786912e+00 3.141737e+00)) ((-2.441178e+02 -1.751882e+00 -1.671255e+00) (-1.603107e-01 4.764027e-03 6.340658e-03))
503.91        	((6.355060e-01 8.184790e+02 8.648134e+02) (3.131953e-03 5.787874e+00 3.142434e+00)) ((-2.441138e+02 -1.752399e+00 -1.672703e+00) (-1.601285e-01 4.853911e-03 6.379533e-03))
503.92        	((6.512721e-01 8.184841e+02 8.647898e+02) (2.704333e-03 5.788358e+00 3.143129e+00)) ((-2.441082e+02 -1.751501e+00 -1.666929e+00) (-1.601045e-01 4.694498e-03 6.507675e-03))
503.93        	((6.330255e-01 8.184902e+02 8.648087e+02) (3.017015e-03 5.790430e+00 3.143760e+00)) ((-2.441136e+02 -1.752406e+00 -1.672721e+00) (-1.601556e-01 4.774592e-03 6.354351e-03))
503.94        	((6.216441e-01 8.184947e+02 8.648172e+02) (3.112641e-03 5.791251e+00 3.144233e+00)) ((-2.441130e+02 -1.753212e+00 -1.673696e+00) (-1.605107e-01 4.859481e-03 6.369008e-03))
503.95        	((6.667774e-01 8.185065e+02 8.647745e+02) (1.577902e-03 5.788480e+00 3.145184e+00)) ((-2.441029e+02 -1.750287e+00 -1.663935e+00) (-1.587321e-01 4.301855e-03 7.175680e-03))
503.96        	((7.260405e-01 8.185372e+02 8.647245e+02) (2.644781e-03 5.792273e+00 3.145180e+00)) ((-2.440996e+02 -1.741287e+00 -1.651120e+00) (-1.600571e-01 4.615074e-03 6.627976e-03))
503.97        	((7.119123e-01 8.185518e+02 8.647587e+02) (2.836409e-03 5.794493e+00 3.145920e+00)) ((-2.441157e+02 -1.740495e+00 -1.656472e+00) (-1.602336e-01 4.699349e-03 6.364039e-03))
503.98        	((6.810500e-01 8.185398e+02 8.647882e+02) (2.995871e-03 5.795261e+00 3.146237e+00)) ((-2.441162e+02 -1.744059e+00 -1.663133e+00) (-1.606336e-01 4.794689e-03 6.374150e-03))
503.99        	((6.980151e-01 8.185554e+02 8.647417e+02) (2.205809e-03 5.795367e+00 3.147276e+00)) ((-2.441112e+02 -1.743373e+00 -1.658835e+00) (-1.597251e-01 4.473488e-03 6.661061e-03))
504           	((6.809018e-01 8.185564e+02 8.647521e+02) (2.754145e-03 5.797346e+00 3.147448e+00)) ((-2.441181e+02 -1.743839e+00 -1.662761e+00) (-1.605084e-01 4.637596e-03 6.434333e-03))
504.01        	((6.864371e-01 8.185560e+02 8.647450e+02) (2.744749e-03 5.798485e+00 3.148507e+00)) ((-2.441141e+02 -1.744873e+00 -1.661797e+00) (-1.602795e-01 4.718913e-03 6.468457e-03))
504.02        	((6.643748e-01 8.185439e+02 8.647713e+02) (2.918670e-03 5.799520e+00 3.148436e+00)) ((-2.441188e+02 -1.747589e+00 -1.667420e+00) (-1.607698e-01 4.705890e-03 6.348820e-03))
504.03        	((6.758938e-01 8.185512e+02 8.647510e+02) (2.704011e-03 5.800610e+00 3.149753e+00)) ((-2.441107e+02 -1.749530e+00 -1.664189e+00) (-1.603545e-01 4.713540e-03 6.488897e-03))
504.04        	((6.490854e-01 8.185464e+02 8.647726e+02) (2.898491e-03 5.801933e+00 3.149858e+00)) ((-2.441145e+02 -1.752432e+00 -1.669515e+00) (-1.608270e-01 4.721847e-03 6.363708e-03))
504.05        	((6.458521e-01 8.185368e+02 8.647667e+02) (2.927907e-03 5.803169e+00 3.150862e+00)) ((-2.441073e+02 -1.754353e+00 -1.669277e+00) (-1.605999e-01 4.792848e-03 6.399290e-03))
504.06        	((6.506163e-01 8.185293e+02 8.647600e+02) (2.814260e-03 5.803763e+00 3.151000e+00)) ((-2.441008e+02 -1.754620e+00 -1.664882e+00) (-1.608391e-01 4.699238e-03 6.411508e-03))
504.07        	((6.371080e-01 8.185185e+02 8.647735e+02) (2.959415e-03 5.805478e+00 3.151736e+00)) ((-2.440996e+02 -1.755008e+00 -1.667235e+00) (-1.607344e-01 4.754236e-03 6.365421e-03))
504.08        	((6.443014e-01 8.185150e+02 8.647643e+02) (2.835281e-03 5.805743e+00 3.152240e+00)) ((-2.440964e+02 -1.754414e+00 -1.663780e+00) (-1.609187e-01 4.783469e-03 6.506498e-03))
504.09        	((6.249608e-01 8.185166e+02 8.647846e+02) (2.951335e-03 5.807668e+00 3.152974e+00)) ((-2.441014e+02 -1.755417e+00 -1.669301e+00) (-1.608180e-01 4.790073e-03 6.379657e-03))
504.1         	((6.278015e-01 8.185022e+02 8.647964e+02) (3.037070e-03 5.807108e+00 3.152394e+00)) ((-2.440994e+02 -1.753682e+00 -1.666941e+00) (-1.611073e-01 4.821451e-03 6.473830e-03))
504.11        	((6.205679e-01 8.185036e+02 8.648036e+02) (3.057856e-03 5.809684e+00 3.154028e+00)) ((-2.440988e+02 -1.753113e+00 -1.669369e+00) (-1.609203e-01 4.806979e-03 6.389970e-03))
504.12        	((6.460730e-01 8.185029e+02 8.647823e+02) (2.384330e-03 5.808769e+00 3.154611e+00)) ((-2.440921e+02 -1.751194e+00 -1.662172e+00) (-1.606293e-01 4.622447e-03 6.726229e-03))
504.13        	((6.413337e-01 8.185211e+02 8.647886e+02) (2.975721e-03 5.811698e+00 3.155300e+00)) ((-2.440973e+02 -1.750133e+00 -1.666111e+00) (-1.608784e-01 4.768051e-03 6.452652e-03))
504.14        	((6.444047e-01 8.185355e+02 8.647804e+02) (3.022128e-03 5.812332e+00 3.155764e+00)) ((-2.440976e+02 -1.749028e+00 -1.666820e+00) (-1.611994e-01 4.832350e-03 6.505396e-03))
504.15        	((6.274886e-01 8.185282e+02 8.648017e+02) (3.112196e-03 5.813699e+00 3.156090e+00)) ((-2.441007e+02 -1.751233e+00 -1.671536e+00) (-1.610952e-01 4.805256e-03 6.404131e-03))
504.16        	((6.461644e-01 8.185450e+02 8.647661e+02) (2.555536e-03 5.813735e+00 3.156980e+00)) ((-2.440957e+02 -1.750215e+00 -1.665641e+00) (-1.609202e-01 4.639372e-03 6.632568e-03))
504.17        	((6.244997e-01 8.185476e+02 8.647870e+02) (3.006741e-03 5.816060e+00 3.157538e+00)) ((-2.441025e+02 -1.751138e+00 -1.671872e+00) (-1.610669e-01 4.765603e-03 6.428482e-03))
504.18        	((6.154517e-01 8.185350e+02 8.647927e+02) (3.168446e-03 5.816845e+00 3.157950e+00)) ((-2.441032e+02 -1.751287e+00 -1.672712e+00) (-1.614676e-01 4.860612e-03 6.443818e-03))
504.19        	((6.317208e-01 8.185364e+02 8.647695e+02) (2.653457e-03 5.817465e+00 3.158792e+00)) ((-2.440944e+02 -1.752057e+00 -1.667931e+00) (-1.608868e-01 4.676346e-03 6.571271e-03))
504.2         	((6.146091e-01 8.185324e+02 8.647886e+02) (3.061597e-03 5.819002e+00 3.158820e+00)) ((-2.441010e+02 -1.752655e+00 -1.673065e+00) (-1.615014e-01 4.761779e-03 6.414030e-03))
504.21        	((6.054027e-01 8.185315e+02 8.647922e+02) (3.107196e-03 5.820540e+00 3.159932e+00)) ((-2.440998e+02 -1.754148e+00 -1.675230e+00) (-1.613528e-01 4.870688e-03 6.430482e-03))
504.22        	((6.358398e-01 8.185340e+02 8.647507e+02) (2.239456e-03 5.819317e+00 3.160323e+00)) ((-2.440875e+02 -1.752762e+00 -1.665832e+00) (-1.608642e-01 4.521734e-03 6.814930e-03))
504.23        	((6.390313e-01 8.185312e+02 8.647518e+02) (2.965497e-03 5.822143e+00 3.160690e+00)) ((-2.440880e+02 -1.751327e+00 -1.665330e+00) (-1.612233e-01 4.740374e-03 6.510946e-03))
504.24        	((6.584595e-01 8.185375e+02 8.647242e+02) (2.544937e-03 5.822221e+00 3.161531e+00)) ((-2.440827e+02 -1.749217e+00 -1.658882e+00) (-1.612107e-01 4.675441e-03 6.709466e-03))
504.25        	((6.362134e-01 8.185451e+02 8.647489e+02) (2.915283e-03 5.824683e+00 3.162084e+00)) ((-2.440923e+02 -1.749169e+00 -1.667435e+00) (-1.613990e-01 4.759535e-03 6.442422e-03))
504.26        	((6.217204e-01 8.185490e+02 8.647713e+02) (3.067963e-03 5.825373e+00 3.162382e+00)) ((-2.440972e+02 -1.749977e+00 -1.671910e+00) (-1.618068e-01 4.834149e-03 6.453790e-03))
504.27        	((6.268420e-01 8.185565e+02 8.647572e+02) (2.771467e-03 5.826637e+00 3.163322e+00)) ((-2.440941e+02 -1.751413e+00 -1.671384e+00) (-1.614230e-01 4.718017e-03 6.479031e-03))
504.28        	((6.034725e-01 8.185446e+02 8.647654e+02) (2.967810e-03 5.827867e+00 3.163563e+00)) ((-2.440984e+02 -1.755046e+00 -1.675136e+00) (-1.618916e-01 4.763963e-03 6.389354e-03))
504.29        	((5.957643e-01 8.185335e+02 8.647659e+02) (3.065370e-03 5.829049e+00 3.164504e+00)) ((-2.440945e+02 -1.755740e+00 -1.675789e+00) (-1.616832e-01 4.862483e-03 6.437383e-03))
504.3         	((5.994700e-01 8.185252e+02 8.647586e+02) (2.824520e-03 5.829441e+00 3.164691e+00)) ((-2.440893e+02 -1.756126e+00 -1.673265e+00) (-1.618444e-01 4.739734e-03 6.495197e-03))
504.31        	((5.772183e-01 8.185170e+02 8.647768e+02) (2.977662e-03 5.831356e+00 3.165446e+00)) ((-2.440916e+02 -1.758690e+00 -1.678650e+00) (-1.617625e-01 4.797973e-03 6.399732e-03))
504.32        	((5.725578e-01 8.185048e+02 8.647845e+02) (3.136469e-03 5.831778e+00 3.165614e+00)) ((-2.440914e+02 -1.758709e+00 -1.678688e+00) (-1.621270e-01 4.878462e-03 6.445094e-03))
504.33        	((5.930995e-01 8.185153e+02 8.647552e+02) (2.733373e-03 5.832854e+00 3.166832e+00)) ((-2.440833e+02 -1.758350e+00 -1.673340e+00) (-1.616078e-01 4.736515e-03 6.548631e-03))
504.34        	((5.745036e-01 8.185167e+02 8.647732e+02) (3.058256e-03 5.834349e+00 3.167034e+00)) ((-2.440899e+02 -1.758451e+00 -1.677928e+00) (-1.621686e-01 4.812112e-03 6.422077e-03))
504.35        	((5.662577e-01 8.185136e+02 8.647813e+02) (3.170506e-03 5.835634e+00 3.167991e+00)) ((-2.440892e+02 -1.758760e+00 -1.679448e+00) (-1.619912e-01 4.914773e-03 6.442341e-03))
504.36        	((6.030647e-01 8.185158e+02 8.647474e+02) (2.199077e-03 5.833840e+00 3.168246e+00)) ((-2.440786e+02 -1.755776e+00 -1.669568e+00) (-1.613379e-01 4.522759e-03 6.897438e-03))
504.37        	((6.185200e-01 8.185347e+02 8.647375e+02) (2.938708e-03 5.837301e+00 3.168944e+00)) ((-2.440793e+02 -1.753333e+00 -1.667608e+00) (-1.617860e-01 4.760167e-03 6.547201e-03))
504.38        	((6.437303e-01 8.185592e+02 8.647177e+02) (2.289058e-03 5.836803e+00 3.169448e+00)) ((-2.440809e+02 -1.750424e+00 -1.662778e+00) (-1.616220e-01 4.541182e-03 6.781590e-03))
504.39        	((6.159094e-01 8.185441e+02 8.647419e+02) (2.881915e-03 5.839808e+00 3.170088e+00)) ((-2.440873e+02 -1.751451e+00 -1.671856e+00) (-1.620584e-01 4.747608e-03 6.401991e-03))
504.4         	((5.961317e-01 8.185296e+02 8.647607e+02) (3.056593e-03 5.840432e+00 3.170444e+00)) ((-2.440901e+02 -1.751520e+00 -1.676206e+00) (-1.624481e-01 4.854559e-03 6.444762e-03))
504.41        	((5.870909e-01 8.185347e+02 8.647632e+02) (2.898474e-03 5.841931e+00 3.171334e+00)) ((-2.440905e+02 -1.753471e+00 -1.679345e+00) (-1.621444e-01 4.788956e-03 6.430898e-03))
504.42        	((5.699065e-01 8.185334e+02 8.647735e+02) (2.967545e-03 5.842844e+00 3.171556e+00)) ((-2.440950e+02 -1.755798e+00 -1.683636e+00) (-1.625342e-01 4.792259e-03 6.404312e-03))
504.43        	((5.819682e-01 8.185308e+02 8.647579e+02) (2.775469e-03 5.843308e+00 3.172362e+00)) ((-2.440870e+02 -1.757715e+00 -1.680053e+00) (-1.620626e-01 4.750142e-03 6.550330e-03))
504.44        	((5.568964e-01 8.185264e+02 8.647680e+02) (3.030251e-03 5.845058e+00 3.172680e+00)) ((-2.440893e+02 -1.759482e+00 -1.684566e+00) (-1.626297e-01 4.801506e-03 6.427860e-03))
504.45        	((5.462023e-01 8.185251e+02 8.647717e+02) (3.157374e-03 5.846416e+00 3.173663e+00)) ((-2.440881e+02 -1.762629e+00 -1.686306e+00) (-1.624469e-01 4.903903e-03 6.445599e-03))
504.46        	((5.889730e-01 8.185400e+02 8.647300e+02) (2.042256e-03 5.844305e+00 3.174164e+00)) ((-2.440775e+02 -1.760710e+00 -1.673595e+00) (-1.616568e-01 4.504567e-03 7.014170e-03))
504.47        	((6.147837e-01 8.185397e+02 8.647116e+02) (2.950749e-03 5.847576e+00 3.174453e+00)) ((-2.440699e+02 -1.757161e+00 -1.665951e+00) (-1.621550e-01 4.740403e-03 6.600258e-03))
504.48        	((6.199727e-01 8.185438e+02 8.647047e+02) (2.845929e-03 5.848874e+00 3.174957e+00)) ((-2.440710e+02 -1.755010e+00 -1.664240e+00) (-1.626444e-01 4.735190e-03 6.495428e-03))
504.49        	((5.991966e-01 8.185439e+02 8.647294e+02) (2.955626e-03 5.850498e+00 3.175741e+00)) ((-2.440790e+02 -1.755551e+00 -1.672475e+00) (-1.625498e-01 4.790403e-03 6.416407e-03))
504.5         	((5.973618e-01 8.185351e+02 8.647380e+02) (2.856909e-03 5.850503e+00 3.175958e+00)) ((-2.440815e+02 -1.755561e+00 -1.674437e+00) (-1.627108e-01 4.772567e-03 6.551460e-03))
504.51        	((5.653977e-01 8.185446e+02 8.647689e+02) (3.019429e-03 5.852745e+00 3.176908e+00)) ((-2.440935e+02 -1.757024e+00 -1.685847e+00) (-1.626641e-01 4.810512e-03 6.429767e-03))
504.52        	((5.506064e-01 8.185430e+02 8.647780e+02) (3.125560e-03 5.853547e+00 3.177394e+00)) ((-2.440976e+02 -1.757913e+00 -1.689090e+00) (-1.630246e-01 4.893382e-03 6.452990e-03))
504.53        	((5.884668e-01 8.185487e+02 8.647293e+02) (1.963163e-03 5.851979e+00 3.178309e+00)) ((-2.440819e+02 -1.757011e+00 -1.677951e+00) (-1.616530e-01 4.452451e-03 7.009144e-03))
504.54        	((6.199714e-01 8.185483e+02 8.646991e+02) (2.891450e-03 5.854689e+00 3.178153e+00)) ((-2.440728e+02 -1.753655e+00 -1.667650e+00) (-1.627079e-01 4.703855e-03 6.621889e-03))
504.55        	((6.301266e-01 8.185585e+02 8.646838e+02) (2.800347e-03 5.856539e+00 3.179163e+00)) ((-2.440688e+02 -1.754234e+00 -1.665794e+00) (-1.626806e-01 4.726988e-03 6.503641e-03))
504.56        	((6.136213e-01 8.185619e+02 8.647052e+02) (2.951047e-03 5.857576e+00 3.179373e+00)) ((-2.440695e+02 -1.757102e+00 -1.670166e+00) (-1.631395e-01 4.775463e-03 6.433048e-03))
504.57        	((6.052331e-01 8.185746e+02 8.647117e+02) (2.739674e-03 5.858494e+00 3.180385e+00)) ((-2.440767e+02 -1.758312e+00 -1.675124e+00) (-1.627605e-01 4.761279e-03 6.534957e-03))
504.58        	((5.709550e-01 8.185652e+02 8.647555e+02) (3.062476e-03 5.859287e+00 3.179949e+00)) ((-2.440901e+02 -1.759048e+00 -1.685573e+00) (-1.632714e-01 4.794439e-03 6.431493e-03))
504.59        	((5.578859e-01 8.185684e+02 8.647636e+02) (3.107352e-03 5.861200e+00 3.181552e+00)) ((-2.440919e+02 -1.760279e+00 -1.689305e+00) (-1.630736e-01 4.894572e-03 6.460719e-03))
504.6         	((5.841938e-01 8.185641e+02 8.647286e+02) (2.438567e-03 5.860511e+00 3.181896e+00)) ((-2.440803e+02 -1.759795e+00 -1.680159e+00) (-1.628053e-01 4.631267e-03 6.719325e-03))
504.61        	((5.808646e-01 8.185402e+02 8.647398e+02) (3.021189e-03 5.862857e+00 3.182368e+00)) ((-2.440753e+02 -1.760892e+00 -1.679799e+00) (-1.630067e-01 4.778634e-03 6.499027e-03))
504.62        	((5.907142e-01 8.185245e+02 8.647099e+02) (3.003440e-03 5.863735e+00 3.183046e+00)) ((-2.440626e+02 -1.760735e+00 -1.675779e+00) (-1.633476e-01 4.857070e-03 6.549214e-03))
504.63        	((5.822248e-01 8.185274e+02 8.647186e+02) (3.047765e-03 5.865274e+00 3.183680e+00)) ((-2.440642e+02 -1.762429e+00 -1.679180e+00) (-1.632132e-01 4.834933e-03 6.467500e-03))
504.64        	((5.900055e-01 8.185386e+02 8.647126e+02) (2.739991e-03 5.865179e+00 3.183857e+00)) ((-2.440633e+02 -1.762958e+00 -1.676669e+00) (-1.632575e-01 4.717283e-03 6.602398e-03))
504.65        	((5.601521e-01 8.185522e+02 8.647375e+02) (3.034487e-03 5.867540e+00 3.184781e+00)) ((-2.440740e+02 -1.765010e+00 -1.684330e+00) (-1.633004e-01 4.821840e-03 6.451912e-03))
504.66        	((5.450405e-01 8.185528e+02 8.647501e+02) (3.169020e-03 5.868320e+00 3.185248e+00)) ((-2.440783e+02 -1.765369e+00 -1.687340e+00) (-1.636859e-01 4.925403e-03 6.478667e-03))
504.67        	((5.863571e-01 8.185596e+02 8.647110e+02) (2.095893e-03 5.866840e+00 3.186141e+00)) ((-2.440670e+02 -1.763465e+00 -1.678707e+00) (-1.624049e-01 4.522933e-03 7.020935e-03))
504.68        	((6.141334e-01 8.185762e+02 8.647009e+02) (2.875114e-03 5.869712e+00 3.186135e+00)) ((-2.440698e+02 -1.757159e+00 -1.675411e+00) (-1.634266e-01 4.752436e-03 6.636152e-03))
504.69        	((6.228283e-01 8.185676e+02 8.647029e+02) (2.841642e-03 5.870774e+00 3.186595e+00)) ((-2.440669e+02 -1.757813e+00 -1.674413e+00) (-1.633175e-01 4.735214e-03 6.546161e-03))
504.7         	((5.863130e-01 8.185612e+02 8.647129e+02) (2.990399e-03 5.872680e+00 3.187354e+00)) ((-2.440725e+02 -1.762205e+00 -1.681159e+00) (-1.638371e-01 4.810488e-03 6.435108e-03))
504.71        	((5.722439e-01 8.185602e+02 8.647137e+02) (2.952104e-03 5.873615e+00 3.188428e+00)) ((-2.440725e+02 -1.764037e+00 -1.684486e+00) (-1.635473e-01 4.879776e-03 6.536142e-03))
504.72        	((5.446852e-01 8.185555e+02 8.647406e+02) (3.040431e-03 5.874670e+00 3.188538e+00)) ((-2.440811e+02 -1.765498e+00 -1.692268e+00) (-1.639556e-01 4.848742e-03 6.448680e-03))
504.73        	((5.508564e-01 8.185481e+02 8.647350e+02) (2.938363e-03 5.875268e+00 3.189417e+00)) ((-2.440742e+02 -1.766463e+00 -1.690517e+00) (-1.635592e-01 4.857445e-03 6.574117e-03))
504.74        	((5.299827e-01 8.185397e+02 8.647541e+02) (3.052991e-03 5.876754e+00 3.189591e+00)) ((-2.440769e+02 -1.768332e+00 -1.695368e+00) (-1.640348e-01 4.847095e-03 6.460351e-03))
504.75        	((5.348407e-01 8.185307e+02 8.647509e+02) (3.112222e-03 5.877712e+00 3.190394e+00)) ((-2.440695e+02 -1.769645e+00 -1.693829e+00) (-1.637829e-01 4.907504e-03 6.527443e-03))
504.76        	((5.342924e-01 8.185310e+02 8.647404e+02) (3.028718e-03 5.878846e+00 3.190778e+00)) ((-2.440644e+02 -1.770697e+00 -1.691899e+00) (-1.640963e-01 4.845801e-03 6.485698e-03))
504.77        	((5.370547e-01 8.185262e+02 8.647305e+02) (2.966632e-03 5.880015e+00 3.191569e+00)) ((-2.440585e+02 -1.771522e+00 -1.690384e+00) (-1.638340e-01 4.827112e-03 6.491058e-03))
504.78        	((5.235025e-01 8.185104e+02 8.647521e+02) (3.208019e-03 5.880881e+00 3.191622e+00)) ((-2.440592e+02 -1.771339e+00 -1.692016e+00) (-1.642782e-01 4.875869e-03 6.449816e-03))
504.79        	((5.369995e-01 8.185296e+02 8.647298e+02) (2.889058e-03 5.881564e+00 3.192998e+00)) ((-2.440562e+02 -1.770563e+00 -1.689712e+00) (-1.637668e-01 4.878502e-03 6.667709e-03))
504.8         	((5.066865e-01 8.185232e+02 8.647562e+02) (3.129394e-03 5.883270e+00 3.193035e+00)) ((-2.440683e+02 -1.770867e+00 -1.699604e+00) (-1.644082e-01 4.887360e-03 6.427184e-03))
504.81        	((4.905298e-01 8.185187e+02 8.647723e+02) (3.259370e-03 5.884572e+00 3.193933e+00)) ((-2.440730e+02 -1.771023e+00 -1.705226e+00) (-1.642047e-01 4.976288e-03 6.462234e-03))
504.82        	((5.207084e-01 8.185197e+02 8.647402e+02) (2.487827e-03 5.883199e+00 3.194380e+00)) ((-2.440640e+02 -1.768902e+00 -1.696436e+00) (-1.637465e-01 4.705343e-03 6.894120e-03))
504.83        	((5.281668e-01 8.185259e+02 8.647374e+02) (3.070814e-03 5.886192e+00 3.194812e+00)) ((-2.440629e+02 -1.766893e+00 -1.694533e+00) (-1.640521e-01 4.854946e-03 6.562389e-03))
504.84        	((5.537558e-01 8.185262e+02 8.647177e+02) (2.700552e-03 5.885436e+00 3.194883e+00)) ((-2.440561e+02 -1.764285e+00 -1.686457e+00) (-1.640227e-01 4.733445e-03 6.784034e-03))
504.85        	((5.374075e-01 8.185442e+02 8.647331e+02) (3.075703e-03 5.888554e+00 3.195948e+00)) ((-2.440637e+02 -1.764604e+00 -1.691989e+00) (-1.642334e-01 4.841432e-03 6.499846e-03))
504.86        	((5.300670e-01 8.185530e+02 8.647417e+02) (3.087785e-03 5.889260e+00 3.196463e+00)) ((-2.440677e+02 -1.765044e+00 -1.693951e+00) (-1.646085e-01 4.906047e-03 6.532528e-03))
504.87        	((5.212858e-01 8.185542e+02 8.647518e+02) (2.986628e-03 5.890572e+00 3.197143e+00)) ((-2.440698e+02 -1.767071e+00 -1.697725e+00) (-1.643485e-01 4.831684e-03 6.483816e-03))
504.88        	((4.985281e-01 8.185317e+02 8.647733e+02) (3.090124e-03 5.891235e+00 3.197165e+00)) ((-2.440713e+02 -1.771281e+00 -1.703141e+00) (-1.647409e-01 4.830320e-03 6.445015e-03))
504.89        	((5.000587e-01 8.185402e+02 8.647526e+02) (2.852375e-03 5.892517e+00 3.198328e+00)) ((-2.440685e+02 -1.772601e+00 -1.702802e+00) (-1.643636e-01 4.788743e-03 6.515699e-03))
504.9         	((4.753906e-01 8.185381e+02 8.647735e+02) (3.081079e-03 5.893753e+00 3.198492e+00)) ((-2.440763e+02 -1.773648e+00 -1.709085e+00) (-1.648570e-01 4.843538e-03 6.423179e-03))
504.91        	((4.652780e-01 8.185334e+02 8.647820e+02) (3.203787e-03 5.894992e+00 3.199380e+00)) ((-2.440752e+02 -1.774635e+00 -1.710993e+00) (-1.647006e-01 4.939954e-03 6.445205e-03))
504.92        	((5.104610e-01 8.185332e+02 8.647336e+02) (1.338791e-03 5.890641e+00 3.199967e+00)) ((-2.440603e+02 -1.771703e+00 -1.697567e+00) (-1.630382e-01 4.285775e-03 7.514762e-03))
504.93        	((6.140973e-01 8.185680e+02 8.646387e+02) (2.623519e-03 5.895436e+00 3.200405e+00)) ((-2.440392e+02 -1.760454e+00 -1.672437e+00) (-1.639967e-01 4.665188e-03 6.874672e-03))
504.94        	((6.058108e-01 8.185810e+02 8.646629e+02) (2.903344e-03 5.897531e+00 3.200612e+00)) ((-2.440505e+02 -1.757951e+00 -1.675900e+00) (-1.648516e-01 4.750385e-03 6.523572e-03))
504.95        	((5.732783e-01 8.185812e+02 8.647103e+02) (3.121386e-03 5.898799e+00 3.201265e+00)) ((-2.440633e+02 -1.759634e+00 -1.685710e+00) (-1.647816e-01 4.876436e-03 6.474235e-03))
504.96        	((5.398796e-01 8.185787e+02 8.647117e+02) (3.016571e-03 5.899981e+00 3.201900e+00)) ((-2.440662e+02 -1.765751e+00 -1.691658e+00) (-1.651067e-01 4.847363e-03 6.463888e-03))
504.97        	((5.182418e-01 8.185758e+02 8.647195e+02) (2.868121e-03 5.901096e+00 3.202636e+00)) ((-2.440680e+02 -1.770658e+00 -1.697830e+00) (-1.648030e-01 4.763090e-03 6.466282e-03))
504.98        	((4.986741e-01 8.185688e+02 8.647354e+02) (2.933121e-03 5.901957e+00 3.202923e+00)) ((-2.440732e+02 -1.773276e+00 -1.703441e+00) (-1.651918e-01 4.782478e-03 6.436723e-03))
504.99        	((5.095514e-01 8.185625e+02 8.647240e+02) (2.708279e-03 5.902557e+00 3.203890e+00)) ((-2.440655e+02 -1.774358e+00 -1.700525e+00) (-1.647314e-01 4.745470e-03 6.587099e-03))
505           	((4.924074e-01 8.185488e+02 8.647475e+02) (3.048496e-03 5.903934e+00 3.203887e+00)) ((-2.440702e+02 -1.775199e+00 -1.705037e+00) (-1.652916e-01 4.811952e-03 6.461173e-03))
