# Forces      
# CofR        : (0.000000e+00 0.000000e+00 0.000000e+00)
# Time        forces(pressure viscous)	moments(pressure viscous)
500           	((4.304748e+00 1.446431e+04 6.860066e+03) (2.350234e-04 4.220255e+00 1.717141e-01)) ((-3.151887e+03 -2.769235e-01 4.119488e-01) (-3.552363e-01 2.989411e-05 -1.616292e-04))
500.01        	((1.169759e+00 1.078646e+04 5.430881e+03) (-6.463180e-03 1.732502e+00 -6.699428e-02)) ((-2.265281e+03 -9.000984e-01 8.063402e-02) (5.705246e-01 -2.697353e-03 3.086900e-04))
500.02        	((2.414258e+01 9.667339e+02 1.130104e+03) (-1.047474e-02 4.152207e-01 -3.611474e-01)) ((-1.395032e+02 1.021046e+01 1.207530e+01) (8.186919e-01 -3.812270e-03 3.016381e-03))
500.03        	((2.439912e+02 -7.419430e+03 -1.414648e+03) (-1.914873e-02 9.352076e-01 -4.900578e-01)) ((2.034849e+03 1.005869e+02 1.215882e+02) (4.172901e-01 -7.891163e-03 -4.742318e-03))
500.04        	((1.932118e+02 -7.476054e+03 -1.055380e+03) (-4.325187e-02 2.775926e+00 -3.003455e-01)) ((2.195704e+03 7.682034e+01 1.125804e+02) (-2.590444e-01 -1.822380e-02 -1.757459e-02))
500.05        	((4.118599e+01 -1.683399e+03 6.275388e+02) (-1.056739e-01 5.287995e+00 1.998360e-01)) ((6.351759e+02 1.083797e+01 3.426260e+01) (-9.194469e-01 -4.445343e-02 -4.667617e-02))
500.06        	((-3.735254e+01 3.081639e+03 1.958022e+03) (-2.440539e-01 6.243420e+00 3.456210e-01)) ((-7.075216e+02 -2.069246e+01 -1.641664e+01) (-1.038255e+00 -1.030679e-01 -1.058055e-01))
500.07        	((-7.090272e+01 4.936792e+03 2.203062e+03) (-2.616462e-01 5.665156e+00 2.847705e-01)) ((-1.396948e+03 -3.050398e+01 -4.393577e+01) (-7.100223e-01 -1.076021e-01 -1.134525e-01))
500.08        	((-2.627742e+01 3.276583e+03 1.705560e+03) (-9.590488e-02 3.126415e+00 3.615318e-01)) ((-1.026797e+03 -9.897949e+00 -1.911963e+01) (1.911696e-01 -3.783996e-02 -3.169548e-02))
500.09        	((-1.622293e+01 8.276754e+02 1.076450e+03) (1.621022e-01 -7.803946e-02 6.014879e-01)) ((-3.492168e+02 -8.620701e+00 -5.003559e-01) (1.273608e+00 6.851678e-02 1.098124e-01))
500.1         	((-1.980929e+01 -7.144144e+02 7.301868e+02) (4.216308e-02 8.286276e-01 9.401828e-01)) ((1.575049e+02 -1.444333e+01 1.005567e+01) (7.776554e-01 2.504124e-02 5.625940e-02))
500.11        	((-1.854032e+01 -6.684883e+02 7.563375e+02) (-2.094983e-02 3.619859e+00 1.160046e+00)) ((2.139688e+02 -1.507043e+01 1.076598e+01) (-3.090026e-01 -2.527090e-03 -2.585443e-03))
500.12        	((-1.064140e+01 6.354037e+02 1.009785e+03) (-7.859735e-02 5.848912e+00 1.242733e+00)) ((-1.787228e+02 -8.498761e+00 2.050771e+00) (-1.083852e+00 -3.255501e-02 -5.343249e-02))
500.13        	((-3.850736e-01 1.748685e+03 1.257216e+03) (-2.623937e-01 7.117722e+00 1.268384e+00)) ((-5.368047e+02 -5.627590e-01 -4.809333e+00) (-1.500170e+00 -1.120073e-01 -1.303200e-01))
500.14        	((-1.257510e+00 2.063699e+03 1.334518e+03) (4.440910e-02 7.968572e+00 1.854023e+00)) ((-6.531125e+02 7.543132e-01 -9.098216e+00) (-1.941097e+00 1.479183e-02 2.097892e-02))
500.15        	((-6.474718e+00 1.616488e+03 1.242131e+03) (1.093144e-01 5.725178e+00 2.189198e+00)) ((-5.209155e+02 -2.918631e+00 -5.462725e+00) (-1.065922e+00 5.341092e-02 6.390082e-02))
500.16        	((-1.816926e+01 9.401598e+02 1.046672e+03) (5.591993e-02 4.033471e+00 2.347707e+00)) ((-2.966576e+02 -9.365130e+00 -2.944756e+00) (-4.267261e-01 3.434124e-02 3.489349e-02))
500.17        	((-1.104375e+01 6.393278e+02 8.962368e+02) (-2.056067e-01 3.693497e+00 2.474341e+00)) ((-1.950180e+02 -5.746818e+00 2.947066e+00) (-3.820667e-01 -7.252548e-02 -8.482762e-02))
500.18        	((9.045359e+00 8.199630e+02 8.690370e+02) (-3.330756e-01 4.848919e+00 2.622763e+00)) ((-2.557299e+02 5.050927e+00 7.814119e+00) (-9.274483e-01 -1.261044e-01 -1.441238e-01))
500.19        	((2.059265e+01 1.187952e+03 9.374042e+02) (-3.896519e-01 5.966806e+00 2.790598e+00)) ((-3.727586e+02 1.209232e+01 7.394258e+00) (-1.422699e+00 -1.484221e-01 -1.750841e-01))
500.2         	((1.368125e+01 1.400604e+03 1.015498e+03) (-3.606700e-01 6.389646e+00 2.869141e+00)) ((-4.273357e+02 9.748103e+00 2.903176e+00) (-1.567919e+00 -1.335553e-01 -1.634168e-01))
500.21        	((-3.518488e-01 1.355087e+03 1.034108e+03) (-2.654976e-01 6.353084e+00 2.877120e+00)) ((-3.932497e+02 3.700833e+00 -1.746457e-01) (-1.495445e+00 -8.630622e-02 -1.205127e-01))
500.22        	((-6.147227e+00 1.189508e+03 9.839919e+02) (-1.889420e-01 6.140109e+00 2.884140e+00)) ((-3.291397e+02 1.690645e+00 8.000928e-01) (-1.374415e+00 -5.137124e-02 -8.447297e-02))
500.23        	((1.214220e+00 1.074145e+03 9.109534e+02) (-1.384157e-01 6.129880e+00 2.871861e+00)) ((-2.947142e+02 5.809128e+00 4.515026e+00) (-1.361097e+00 -3.062513e-02 -6.500355e-02))
500.24        	((1.365469e+01 1.077806e+03 8.678277e+02) (-1.317293e-01 6.312082e+00 2.827860e+00)) ((-3.052993e+02 1.176972e+01 7.795466e+00) (-1.427009e+00 -3.016725e-02 -6.701096e-02))
500.25        	((2.099656e+01 1.155814e+03 8.723769e+02) (-1.292656e-01 6.494972e+00 2.751625e+00)) ((-3.350079e+02 1.479601e+01 8.743714e+00) (-1.471826e+00 -3.212892e-02 -6.906730e-02))
500.26        	((2.039507e+01 1.227510e+03 9.027404e+02) (-1.249246e-01 6.573884e+00 2.657361e+00)) ((-3.522435e+02 1.399498e+01 7.937698e+00) (-1.449314e+00 -3.210766e-02 -6.809114e-02))
500.27        	((1.600176e+01 1.247323e+03 9.244682e+02) (-1.149558e-01 6.557446e+00 2.563257e+00)) ((-3.459152e+02 1.171587e+01 7.041408e+00) (-1.370274e+00 -2.896938e-02 -6.250970e-02))
500.28        	((1.322883e+01 1.223013e+03 9.204129e+02) (-1.038589e-01 6.522065e+00 2.485768e+00)) ((-3.271124e+02 1.044206e+01 6.971298e+00) (-1.292259e+00 -2.627194e-02 -5.681906e-02))
500.29        	((1.421334e+01 1.189763e+03 8.992148e+02) (-9.168416e-02 6.506050e+00 2.417348e+00)) ((-3.130011e+02 1.083797e+01 7.545449e+00) (-1.233288e+00 -2.294037e-02 -5.201082e-02))
500.3         	((1.710800e+01 1.175403e+03 8.799133e+02) (-8.119795e-02 6.503148e+00 2.351122e+00)) ((-3.116222e+02 1.186387e+01 8.024631e+00) (-1.189113e+00 -2.052596e-02 -4.893652e-02))
500.31        	((1.908505e+01 1.184167e+03 8.740875e+02) (-7.435251e-02 6.492020e+00 2.284893e+00)) ((-3.187970e+02 1.221455e+01 7.954583e+00) (-1.142758e+00 -2.019775e-02 -4.697339e-02))
500.32        	((1.872858e+01 1.202692e+03 8.795245e+02) (-7.137447e-02 6.452305e+00 2.220694e+00)) ((-3.251017e+02 1.134313e+01 7.388906e+00) (-1.082719e+00 -2.167336e-02 -4.548941e-02))
500.33        	((1.655998e+01 1.215625e+03 8.859521e+02) (-7.008347e-02 6.390544e+00 2.162537e+00)) ((-3.245558e+02 9.618942e+00 6.647983e+00) (-1.012638e+00 -2.361977e-02 -4.385360e-02))
500.34        	((1.397661e+01 1.216875e+03 8.857681e+02) (-6.785357e-02 6.321954e+00 2.112561e+00)) ((-3.181410e+02 7.757719e+00 5.967305e+00) (-9.423491e-01 -2.449501e-02 -4.173119e-02))
500.35        	((1.204285e+01 1.210741e+03 8.786650e+02) (-6.338941e-02 6.258537e+00 2.071493e+00)) ((-3.110265e+02 6.311303e+00 5.378693e+00) (-8.792887e-01 -2.392552e-02 -3.958089e-02))
500.36        	((1.094048e+01 1.205390e+03 8.696075e+02) (-5.767546e-02 6.202470e+00 2.036962e+00)) ((-3.076579e+02 5.425678e+00 4.766280e+00) (-8.243791e-01 -2.224328e-02 -3.756936e-02))
500.37        	((1.020478e+01 1.205915e+03 8.635838e+02) (-5.180327e-02 6.150021e+00 2.006740e+00)) ((-3.087575e+02 4.873384e+00 4.092238e+00) (-7.748439e-01 -1.989146e-02 -3.521997e-02))
500.38        	((9.340607e+00 1.211576e+03 8.617659e+02) (-4.758197e-02 6.093672e+00 1.978873e+00)) ((-3.117527e+02 4.338114e+00 3.405428e+00) (-7.249963e-01 -1.842122e-02 -3.316586e-02))
500.39        	((8.157399e+00 1.218373e+03 8.617916e+02) (-4.477147e-02 6.032350e+00 1.954020e+00)) ((-3.134637e+02 3.631965e+00 2.799135e+00) (-6.733704e-01 -1.759915e-02 -3.116217e-02))
500.4         	((6.792593e+00 1.222893e+03 8.606109e+02) (-4.378448e-02 5.969192e+00 1.932061e+00)) ((-3.125020e+02 2.793163e+00 2.322774e+00) (-6.211445e-01 -1.776579e-02 -2.975770e-02))
500.41        	((5.421984e+00 1.224349e+03 8.568981e+02) (-4.036426e-02 5.909092e+00 1.917458e+00)) ((-3.095882e+02 1.942415e+00 1.936548e+00) (-5.732539e-01 -1.596007e-02 -2.740564e-02))
500.42        	((4.160840e+00 1.224359e+03 8.514891e+02) (-3.754295e-02 5.854811e+00 1.906325e+00)) ((-3.064869e+02 1.196987e+00 1.563542e+00) (-5.303032e-01 -1.459914e-02 -2.563383e-02))
500.43        	((3.113629e+00 1.224998e+03 8.460579e+02) (-3.600072e-02 5.805119e+00 1.899209e+00)) ((-3.045344e+02 6.382566e-01 1.174923e+00) (-4.920382e-01 -1.395138e-02 -2.438126e-02))
500.44        	((2.186231e+00 1.227226e+03 8.417009e+02) (-3.232220e-02 5.762267e+00 1.897532e+00)) ((-3.038755e+02 2.144115e-01 7.578358e-01) (-4.606819e-01 -1.178603e-02 -2.259753e-02))
500.45        	((1.258557e+00 1.230582e+03 8.385053e+02) (-2.995790e-02 5.721610e+00 1.897130e+00)) ((-3.037267e+02 -1.759661e-01 3.364487e-01) (-4.315115e-01 -1.051472e-02 -2.120872e-02))
500.46        	((3.873744e-01 1.234019e+03 8.358715e+02) (-2.885116e-02 5.682405e+00 1.896183e+00)) ((-3.032490e+02 -5.422229e-01 -9.472275e-03) (-4.036725e-01 -1.008622e-02 -1.986666e-02))
500.47        	((-3.558175e-01 1.236661e+03 8.331358e+02) (-2.778624e-02 5.645170e+00 1.894479e+00)) ((-3.020395e+02 -8.979761e-01 -2.603435e-01) (-3.771335e-01 -9.641435e-03 -1.832095e-02))
500.48        	((-9.315602e-01 1.238297e+03 8.298509e+02) (-2.669264e-02 5.611903e+00 1.892434e+00)) ((-3.001349e+02 -1.221806e+00 -4.332133e-01) (-3.526514e-01 -9.226239e-03 -1.691766e-02))
500.49        	((-1.384817e+00 1.239300e+03 8.261457e+02) (-2.502802e-02 5.584237e+00 1.890020e+00)) ((-2.979406e+02 -1.514717e+00 -5.806900e-01) (-3.313410e-01 -8.545122e-03 -1.557618e-02))
500.5         	((-1.748205e+00 1.240191e+03 8.224878e+02) (-2.309362e-02 5.561479e+00 1.887561e+00)) ((-2.958838e+02 -1.753805e+00 -7.258373e-01) (-3.130603e-01 -7.966614e-03 -1.418796e-02))
500.51        	((-2.021731e+00 1.241239e+03 8.192100e+02) (-2.083947e-02 5.543313e+00 1.884860e+00)) ((-2.941525e+02 -1.927956e+00 -8.660889e-01) (-2.976462e-01 -7.357901e-03 -1.301182e-02))
500.52        	((-2.187173e+00 1.242334e+03 8.163216e+02) (-1.899668e-02 5.528386e+00 1.882148e+00)) ((-2.926390e+02 -2.059165e+00 -9.976283e-01) (-2.843797e-01 -6.716556e-03 -1.184820e-02))
500.53        	((-2.266354e+00 1.243273e+03 8.136582e+02) (-1.722833e-02 5.515509e+00 1.878925e+00)) ((-2.911569e+02 -2.160805e+00 -1.109490e+00) (-2.725874e-01 -6.225533e-03 -1.094501e-02))
500.54        	((-2.262653e+00 1.243992e+03 8.111310e+02) (-1.582328e-02 5.504266e+00 1.875461e+00)) ((-2.895985e+02 -2.248746e+00 -1.198961e+00) (-2.617151e-01 -5.939002e-03 -1.021923e-02))
500.55        	((-2.176373e+00 1.244467e+03 8.087009e+02) (-1.467397e-02 5.494937e+00 1.871718e+00)) ((-2.879524e+02 -2.324495e+00 -1.260690e+00) (-2.517127e-01 -5.769385e-03 -9.458786e-03))
500.56        	((-2.013572e+00 1.244736e+03 8.063544e+02) (-1.351450e-02 5.487488e+00 1.868241e+00)) ((-2.862627e+02 -2.381381e+00 -1.294133e+00) (-2.426957e-01 -5.564183e-03 -8.755085e-03))
500.57        	((-1.803516e+00 1.244885e+03 8.041206e+02) (-1.239345e-02 5.482262e+00 1.865165e+00)) ((-2.846060e+02 -2.417394e+00 -1.312036e+00) (-2.348057e-01 -5.259959e-03 -8.104351e-03))
500.58        	((-1.586643e+00 1.244929e+03 8.020350e+02) (-1.153825e-02 5.479048e+00 1.862677e+00)) ((-2.830204e+02 -2.436994e+00 -1.328075e+00) (-2.282651e-01 -4.931515e-03 -7.593508e-03))
500.59        	((-1.369947e+00 1.244865e+03 8.000984e+02) (-1.098754e-02 5.477640e+00 1.860894e+00)) ((-2.814973e+02 -2.452262e+00 -1.343418e+00) (-2.227047e-01 -4.583535e-03 -7.208623e-03))
500.6         	((-1.153533e+00 1.244753e+03 7.983143e+02) (-1.054137e-02 5.477002e+00 1.859332e+00)) ((-2.800285e+02 -2.460317e+00 -1.340954e+00) (-2.179312e-01 -4.394360e-03 -6.910360e-03))
500.61        	((-8.865966e-01 1.244747e+03 7.967278e+02) (-1.066608e-02 5.477728e+00 1.858007e+00)) ((-2.786418e+02 -2.472912e+00 -1.326666e+00) (-2.134828e-01 -4.161786e-03 -6.451094e-03))
500.62        	((-6.241021e-01 1.244854e+03 7.953609e+02) (-8.870188e-03 5.474559e+00 1.857617e+00)) ((-2.773698e+02 -2.476398e+00 -1.301556e+00) (-2.106731e-01 -4.493695e-03 -7.007260e-03))
500.63        	((-4.374755e-01 1.245012e+03 7.941974e+02) (-9.276915e-03 5.479780e+00 1.857237e+00)) ((-2.761739e+02 -2.461611e+00 -1.271452e+00) (-2.064979e-01 -4.067420e-03 -6.175207e-03))
500.64        	((-2.048007e-01 1.245031e+03 7.931463e+02) (-9.466107e-03 5.483129e+00 1.856962e+00)) ((-2.750142e+02 -2.485508e+00 -1.286999e+00) (-2.036151e-01 -3.617004e-03 -5.591511e-03))
500.65        	((-3.992975e-02 1.244909e+03 7.921574e+02) (-8.774886e-03 5.486963e+00 1.857022e+00)) ((-2.738549e+02 -2.518621e+00 -1.323476e+00) (-2.009837e-01 -3.432953e-03 -5.539254e-03))
500.66        	((1.041375e-01 1.244747e+03 7.912544e+02) (-8.391503e-03 5.490703e+00 1.857266e+00)) ((-2.727221e+02 -2.556701e+00 -1.349407e+00) (-1.987267e-01 -3.227376e-03 -5.365910e-03))
500.67        	((2.475292e-01 1.244676e+03 7.905502e+02) (-7.454249e-03 5.493650e+00 1.857651e+00)) ((-2.716775e+02 -2.578416e+00 -1.344326e+00) (-1.971590e-01 -3.503499e-03 -5.719424e-03))
500.68        	((4.557917e-01 1.244742e+03 7.901020e+02) (-8.911373e-03 5.499434e+00 1.857903e+00)) ((-2.707558e+02 -2.593876e+00 -1.334373e+00) (-1.955074e-01 -3.159187e-03 -4.712893e-03))
500.69        	((6.113967e-01 1.244862e+03 7.898451e+02) (-8.261720e-03 5.504606e+00 1.858476e+00)) ((-2.699187e+02 -2.603376e+00 -1.358016e+00) (-1.939074e-01 -3.614831e-03 -4.997170e-03))
500.7         	((7.388838e-01 1.244931e+03 7.897234e+02) (-8.656083e-03 5.510043e+00 1.858702e+00)) ((-2.691270e+02 -2.616775e+00 -1.417537e+00) (-1.923056e-01 -3.658571e-03 -4.766205e-03))
500.71        	((8.233364e-01 1.244921e+03 7.897571e+02) (-8.124876e-03 5.513845e+00 1.859415e+00)) ((-2.683811e+02 -2.624288e+00 -1.484295e+00) (-1.912364e-01 -4.127175e-03 -5.140574e-03))
500.72        	((9.385189e-01 1.244885e+03 7.899673e+02) (-9.760930e-03 5.519754e+00 1.859440e+00)) ((-2.677083e+02 -2.624643e+00 -1.538145e+00) (-1.897315e-01 -4.016468e-03 -4.481599e-03))
500.73        	((1.077928e+00 1.244871e+03 7.903803e+02) (-1.053462e-02 5.524735e+00 1.859782e+00)) ((-2.671408e+02 -2.611966e+00 -1.580683e+00) (-1.886279e-01 -4.464944e-03 -4.523817e-03))
500.74        	((1.236224e+00 1.244918e+03 7.909804e+02) (-1.242931e-02 5.529078e+00 1.860300e+00)) ((-2.666808e+02 -2.587340e+00 -1.629321e+00) (-1.875610e-01 -4.794518e-03 -4.205017e-03))
500.75        	((1.384549e+00 1.245027e+03 7.917015e+02) (-1.295193e-02 5.533608e+00 1.860396e+00)) ((-2.663112e+02 -2.556218e+00 -1.696218e+00) (-1.859820e-01 -5.545638e-03 -4.385502e-03))
500.76        	((1.516684e+00 1.245152e+03 7.925067e+02) (-1.397374e-02 5.537381e+00 1.860668e+00)) ((-2.660109e+02 -2.518938e+00 -1.771175e+00) (-1.843325e-01 -6.094774e-03 -4.248236e-03))
500.77        	((1.630285e+00 1.245251e+03 7.933685e+02) (-1.474732e-02 5.541463e+00 1.862054e+00)) ((-2.657524e+02 -2.482230e+00 -1.843011e+00) (-1.834292e-01 -6.589029e-03 -4.404118e-03))
500.78        	((1.743879e+00 1.245352e+03 7.942435e+02) (-1.597153e-02 5.545439e+00 1.863396e+00)) ((-2.655300e+02 -2.442503e+00 -1.900389e+00) (-1.823396e-01 -7.022023e-03 -4.370391e-03))
500.79        	((1.868563e+00 1.245514e+03 7.951146e+02) (-1.627755e-02 5.548312e+00 1.865025e+00)) ((-2.653608e+02 -2.395634e+00 -1.938654e+00) (-1.812143e-01 -7.742056e-03 -4.666401e-03))
500.8         	((2.019261e+00 1.245779e+03 7.960009e+02) (-1.757642e-02 5.551470e+00 1.866365e+00)) ((-2.652637e+02 -2.342989e+00 -1.960933e+00) (-1.800003e-01 -8.025734e-03 -4.470745e-03))
500.81        	((2.164504e+00 1.246103e+03 7.969021e+02) (-1.808859e-02 5.554231e+00 1.868221e+00)) ((-2.652232e+02 -2.293681e+00 -1.973562e+00) (-1.791364e-01 -8.478982e-03 -4.642550e-03))
500.82        	((2.302706e+00 1.246433e+03 7.977749e+02) (-1.880848e-02 5.556920e+00 1.870233e+00)) ((-2.651960e+02 -2.245948e+00 -1.974183e+00) (-1.782674e-01 -8.786480e-03 -4.662282e-03))
500.83        	((2.441822e+00 1.246745e+03 7.985927e+02) (-1.920078e-02 5.559385e+00 1.872645e+00)) ((-2.651492e+02 -2.197820e+00 -1.961090e+00) (-1.775314e-01 -9.139701e-03 -4.764606e-03))
500.84        	((2.592752e+00 1.247063e+03 7.993411e+02) (-2.001458e-02 5.561864e+00 1.875096e+00)) ((-2.650823e+02 -2.146678e+00 -1.934114e+00) (-1.767522e-01 -9.325340e-03 -4.676783e-03))
500.85        	((2.755828e+00 1.247409e+03 8.000327e+02) (-2.055863e-02 5.564051e+00 1.877719e+00)) ((-2.650093e+02 -2.095911e+00 -1.897194e+00) (-1.759202e-01 -9.498612e-03 -4.613630e-03))
500.86        	((2.932191e+00 1.247797e+03 8.006843e+02) (-2.107161e-02 5.566277e+00 1.880193e+00)) ((-2.649392e+02 -2.048186e+00 -1.853400e+00) (-1.751254e-01 -9.584007e-03 -4.494509e-03))
500.87        	((3.112317e+00 1.248218e+03 8.013046e+02) (-2.143482e-02 5.568497e+00 1.882580e+00)) ((-2.648707e+02 -2.003779e+00 -1.804724e+00) (-1.744632e-01 -9.634644e-03 -4.383353e-03))
500.88        	((3.288766e+00 1.248654e+03 8.018900e+02) (-2.172780e-02 5.570754e+00 1.884903e+00)) ((-2.647941e+02 -1.955996e+00 -1.748999e+00) (-1.740711e-01 -9.742391e-03 -4.332584e-03))
500.89        	((3.464246e+00 1.249104e+03 8.024404e+02) (-2.188505e-02 5.572655e+00 1.887432e+00)) ((-2.646993e+02 -1.905989e+00 -1.688716e+00) (-1.737853e-01 -9.843953e-03 -4.289455e-03))
500.9         	((3.646682e+00 1.249558e+03 8.029511e+02) (-2.187020e-02 5.574002e+00 1.889880e+00)) ((-2.645764e+02 -1.863650e+00 -1.631887e+00) (-1.733669e-01 -9.829753e-03 -4.129424e-03))
500.91        	((3.845801e+00 1.250033e+03 8.034232e+02) (-2.173063e-02 5.575223e+00 1.891951e+00)) ((-2.644377e+02 -1.828326e+00 -1.579450e+00) (-1.729208e-01 -9.722039e-03 -3.877759e-03))
500.92        	((4.053052e+00 1.250549e+03 8.038825e+02) (-2.150760e-02 5.576337e+00 1.893861e+00)) ((-2.642936e+02 -1.795038e+00 -1.529168e+00) (-1.724855e-01 -9.470991e-03 -3.545742e-03))
500.93        	((4.273647e+00 1.251102e+03 8.043399e+02) (-2.126975e-02 5.577270e+00 1.895680e+00)) ((-2.641462e+02 -1.761677e+00 -1.479568e+00) (-1.723645e-01 -9.221234e-03 -3.220723e-03))
500.94        	((4.497799e+00 1.251685e+03 8.048037e+02) (-2.118254e-02 5.578065e+00 1.897658e+00)) ((-2.639921e+02 -1.729208e+00 -1.431315e+00) (-1.725302e-01 -9.045105e-03 -2.999183e-03))
500.95        	((4.699110e+00 1.252297e+03 8.052582e+02) (-2.075999e-02 5.578457e+00 1.899270e+00)) ((-2.638085e+02 -1.700808e+00 -1.387320e+00) (-1.724278e-01 -8.856280e-03 -2.723566e-03))
500.96        	((4.844325e+00 1.252921e+03 8.056777e+02) (-2.048187e-02 5.578976e+00 1.900291e+00)) ((-2.636031e+02 -1.662642e+00 -1.332706e+00) (-1.721377e-01 -8.620382e-03 -2.452863e-03))
500.97        	((4.916051e+00 1.253536e+03 8.060507e+02) (-2.037923e-02 5.580542e+00 1.901632e+00)) ((-2.634011e+02 -1.610301e+00 -1.258792e+00) (-1.714620e-01 -8.146748e-03 -2.416042e-03))
500.98        	((4.960801e+00 1.254147e+03 8.064051e+02) (-1.994247e-02 5.582360e+00 1.902449e+00)) ((-2.632159e+02 -1.550279e+00 -1.168579e+00) (-1.714348e-01 -8.074611e-03 -2.468848e-03))
500.99        	((4.986829e+00 1.254754e+03 8.067585e+02) (-1.964252e-02 5.583523e+00 1.903722e+00)) ((-2.630425e+02 -1.492240e+00 -1.070599e+00) (-1.717461e-01 -7.805376e-03 -2.767060e-03))
501           	((5.047778e+00 1.255298e+03 8.070683e+02) (-1.826541e-02 5.586093e+00 1.905532e+00)) ((-2.628671e+02 -1.453711e+00 -9.864081e-01) (-1.711978e-01 -7.886538e-03 -2.719212e-03))
501.01        	((5.109743e+00 1.255779e+03 8.073221e+02) (-1.724489e-02 5.588458e+00 1.906815e+00)) ((-2.626974e+02 -1.414386e+00 -9.054258e-01) (-1.705726e-01 -7.777935e-03 -2.597204e-03))
501.02        	((5.148365e+00 1.256209e+03 8.075070e+02) (-1.659680e-02 5.590636e+00 1.907622e+00)) ((-2.625435e+02 -1.359514e+00 -8.193532e-01) (-1.699673e-01 -7.622512e-03 -2.440053e-03))
501.03        	((5.161318e+00 1.256601e+03 8.076643e+02) (-1.614962e-02 5.593477e+00 1.908256e+00)) ((-2.624096e+02 -1.282260e+00 -7.207582e-01) (-1.697448e-01 -7.543606e-03 -2.360432e-03))
501.04        	((5.151777e+00 1.256969e+03 8.078284e+02) (-1.589878e-02 5.596817e+00 1.909234e+00)) ((-2.622944e+02 -1.199692e+00 -6.184915e-01) (-1.698477e-01 -7.588988e-03 -2.370088e-03))
501.05        	((5.093578e+00 1.257297e+03 8.079900e+02) (-1.512583e-02 5.600270e+00 1.910597e+00)) ((-2.621818e+02 -1.135953e+00 -5.275354e-01) (-1.699242e-01 -7.158869e-03 -2.209562e-03))
501.06        	((5.033944e+00 1.257592e+03 8.081176e+02) (-1.450678e-02 5.603043e+00 1.911507e+00)) ((-2.620623e+02 -1.073256e+00 -4.354739e-01) (-1.694406e-01 -6.959463e-03 -2.096930e-03))
501.07        	((5.001095e+00 1.257853e+03 8.082042e+02) (-1.389132e-02 5.605869e+00 1.911620e+00)) ((-2.619309e+02 -1.005909e+00 -3.390876e-01) (-1.688184e-01 -6.849977e-03 -1.953520e-03))
501.08        	((4.989008e+00 1.258096e+03 8.082822e+02) (-1.347041e-02 5.609571e+00 1.911442e+00)) ((-2.618103e+02 -9.272930e-01 -2.356952e-01) (-1.685507e-01 -6.939066e-03 -1.897342e-03))
501.09        	((4.973874e+00 1.258317e+03 8.083790e+02) (-1.304644e-02 5.612994e+00 1.911679e+00)) ((-2.617066e+02 -8.439561e-01 -1.327072e-01) (-1.684204e-01 -6.978280e-03 -1.857405e-03))
501.1         	((4.925911e+00 1.258515e+03 8.085004e+02) (-1.254561e-02 5.616408e+00 1.912075e+00)) ((-2.616104e+02 -7.664047e-01 -3.636845e-02) (-1.683102e-01 -6.874688e-03 -1.843258e-03))
501.11        	((4.863313e+00 1.258697e+03 8.086249e+02) (-1.191930e-02 5.619655e+00 1.911946e+00)) ((-2.615254e+02 -6.863950e-01 6.396390e-02) (-1.680552e-01 -6.890035e-03 -1.833535e-03))
501.12        	((4.816823e+00 1.258872e+03 8.087439e+02) (-1.178558e-02 5.622980e+00 1.911231e+00)) ((-2.614446e+02 -6.036222e-01 1.676701e-01) (-1.675370e-01 -7.117899e-03 -1.889200e-03))
501.13        	((4.769444e+00 1.259034e+03 8.088718e+02) (-1.089802e-02 5.627178e+00 1.910895e+00)) ((-2.613868e+02 -5.249958e-01 2.697667e-01) (-1.679877e-01 -6.827739e-03 -1.658113e-03))
501.14        	((4.713988e+00 1.259188e+03 8.090099e+02) (-1.039217e-02 5.630492e+00 1.911538e+00)) ((-2.613470e+02 -4.465904e-01 3.678669e-01) (-1.680033e-01 -6.742630e-03 -1.576285e-03))
501.15        	((4.641601e+00 1.259285e+03 8.091471e+02) (-9.848390e-03 5.633531e+00 1.911904e+00)) ((-2.612910e+02 -3.733748e-01 4.586775e-01) (-1.677433e-01 -6.603848e-03 -1.502351e-03))
501.16        	((4.559214e+00 1.259344e+03 8.092887e+02) (-9.274352e-03 5.636614e+00 1.911741e+00)) ((-2.612319e+02 -3.022805e-01 5.457167e-01) (-1.674342e-01 -6.489216e-03 -1.411564e-03))
501.17        	((4.478940e+00 1.259388e+03 8.094400e+02) (-8.669408e-03 5.639381e+00 1.911493e+00)) ((-2.611844e+02 -2.320912e-01 6.311490e-01) (-1.671020e-01 -6.381590e-03 -1.335254e-03))
501.18        	((4.411804e+00 1.259432e+03 8.096105e+02) (-8.207323e-03 5.642622e+00 1.911210e+00)) ((-2.611625e+02 -1.575430e-01 7.191898e-01) (-1.671011e-01 -6.485289e-03 -1.368203e-03))
501.19        	((4.355618e+00 1.259467e+03 8.097951e+02) (-7.890498e-03 5.645477e+00 1.911520e+00)) ((-2.611556e+02 -8.367134e-02 8.038487e-01) (-1.670839e-01 -6.584550e-03 -1.418615e-03))
501.2         	((4.275500e+00 1.259476e+03 8.099827e+02) (-7.368604e-03 5.647908e+00 1.911928e+00)) ((-2.611475e+02 -2.156774e-02 8.776154e-01) (-1.668003e-01 -6.552659e-03 -1.414370e-03))
501.21        	((4.190534e+00 1.259455e+03 8.101746e+02) (-7.080368e-03 5.650336e+00 1.912029e+00)) ((-2.611404e+02 3.596730e-02 9.445669e-01) (-1.665079e-01 -6.574705e-03 -1.413496e-03))
501.22        	((4.100825e+00 1.259416e+03 8.103740e+02) (-6.628190e-03 5.653140e+00 1.911967e+00)) ((-2.611398e+02 8.641565e-02 1.004358e+00) (-1.664386e-01 -6.539748e-03 -1.374784e-03))
501.23        	((4.006064e+00 1.259367e+03 8.105638e+02) (-6.069769e-03 5.655907e+00 1.912188e+00)) ((-2.611541e+02 1.265763e-01 1.054211e+00) (-1.665602e-01 -6.337424e-03 -1.271297e-03))
501.24        	((3.920005e+00 1.259315e+03 8.107489e+02) (-5.647324e-03 5.658296e+00 1.912651e+00)) ((-2.611705e+02 1.744148e-01 1.106955e+00) (-1.665679e-01 -6.430307e-03 -1.311612e-03))
501.25        	((3.841250e+00 1.259237e+03 8.109378e+02) (-5.503599e-03 5.659970e+00 1.912957e+00)) ((-2.611786e+02 2.191934e-01 1.152871e+00) (-1.662296e-01 -6.526626e-03 -1.312939e-03))
501.26        	((3.733368e+00 1.259189e+03 8.111240e+02) (-5.238749e-03 5.661840e+00 1.913255e+00)) ((-2.611960e+02 2.567086e-01 1.189466e+00) (-1.659732e-01 -6.623329e-03 -1.346217e-03))
501.27        	((3.622935e+00 1.259133e+03 8.113024e+02) (-4.896217e-03 5.664091e+00 1.913656e+00)) ((-2.612207e+02 2.824190e-01 1.212619e+00) (-1.659574e-01 -6.545252e-03 -1.372163e-03))
501.28        	((3.518434e+00 1.259037e+03 8.114784e+02) (-4.341058e-03 5.666426e+00 1.913769e+00)) ((-2.612420e+02 3.066300e-01 1.233539e+00) (-1.659871e-01 -6.571349e-03 -1.395430e-03))
501.29        	((3.443587e+00 1.258939e+03 8.116510e+02) (-4.373976e-03 5.668038e+00 1.913748e+00)) ((-2.612542e+02 3.340547e-01 1.253034e+00) (-1.658467e-01 -6.789524e-03 -1.408319e-03))
501.3         	((3.360379e+00 1.258853e+03 8.118329e+02) (-4.104336e-03 5.669268e+00 1.914402e+00)) ((-2.612514e+02 3.561577e-01 1.267388e+00) (-1.654732e-01 -6.829815e-03 -1.408247e-03))
501.31        	((3.260437e+00 1.258811e+03 8.120812e+02) (-4.557759e-03 5.670589e+00 1.914553e+00)) ((-2.612758e+02 3.694465e-01 1.275373e+00) (-1.653604e-01 -7.090822e-03 -1.450079e-03))
501.32        	((3.145925e+00 1.258765e+03 8.123141e+02) (-3.554438e-03 5.672550e+00 1.914433e+00)) ((-2.612831e+02 3.716137e-01 1.273698e+00) (-1.659694e-01 -6.806433e-03 -1.470257e-03))
501.33        	((3.042387e+00 1.258708e+03 8.125571e+02) (-3.333221e-03 5.672927e+00 1.913772e+00)) ((-2.612732e+02 3.781397e-01 1.274417e+00) (-1.665250e-01 -6.910994e-03 -1.423864e-03))
501.34        	((2.947410e+00 1.258686e+03 8.128513e+02) (-3.353764e-03 5.673246e+00 1.913037e+00)) ((-2.612692e+02 3.915160e-01 1.278428e+00) (-1.675472e-01 -7.203119e-03 -1.509096e-03))
501.35        	((2.832641e+00 1.258696e+03 8.131554e+02) (-4.068174e-03 5.674049e+00 1.913653e+00)) ((-2.612537e+02 3.976647e-01 1.275135e+00) (-1.673972e-01 -7.602863e-03 -1.566347e-03))
501.36        	((2.694226e+00 1.258700e+03 8.134290e+02) (-3.190434e-03 5.676684e+00 1.913604e+00)) ((-2.612406e+02 3.879904e-01 1.259850e+00) (-1.674972e-01 -7.381160e-03 -1.651670e-03))
501.37        	((2.554084e+00 1.258691e+03 8.136933e+02) (-3.323736e-03 5.678152e+00 1.913117e+00)) ((-2.612467e+02 3.730115e-01 1.244977e+00) (-1.670812e-01 -7.642317e-03 -1.683597e-03))
501.38        	((2.411483e+00 1.258641e+03 8.139517e+02) (-3.579825e-03 5.680378e+00 1.912663e+00)) ((-2.612811e+02 3.570599e-01 1.231732e+00) (-1.672274e-01 -7.921037e-03 -1.740035e-03))
501.39        	((2.255952e+00 1.258600e+03 8.142054e+02) (-3.731853e-03 5.682350e+00 1.913183e+00)) ((-2.613455e+02 3.300870e-01 1.209547e+00) (-1.674813e-01 -8.009538e-03 -1.789220e-03))
501.4         	((2.084094e+00 1.258549e+03 8.144388e+02) (-3.463723e-03 5.684031e+00 1.913584e+00)) ((-2.613944e+02 2.901919e-01 1.177431e+00) (-1.674218e-01 -7.953986e-03 -1.807801e-03))
501.41        	((1.913381e+00 1.258518e+03 8.146677e+02) (-3.546757e-03 5.685325e+00 1.913265e+00)) ((-2.614177e+02 2.461841e-01 1.142075e+00) (-1.671208e-01 -8.054251e-03 -1.775677e-03))
501.42        	((1.744439e+00 1.258479e+03 8.149002e+02) (-3.883214e-03 5.686905e+00 1.913035e+00)) ((-2.614296e+02 2.026503e-01 1.106022e+00) (-1.669776e-01 -8.265610e-03 -1.812993e-03))
501.43        	((1.581633e+00 1.258466e+03 8.151357e+02) (-4.554054e-03 5.688547e+00 1.913136e+00)) ((-2.614519e+02 1.615035e-01 1.070825e+00) (-1.671095e-01 -8.576021e-03 -1.931974e-03))
501.44        	((1.423026e+00 1.258442e+03 8.152991e+02) (-4.152223e-03 5.690298e+00 1.913219e+00)) ((-2.614586e+02 1.141406e-01 1.031790e+00) (-1.672061e-01 -8.446110e-03 -1.953327e-03))
501.45        	((1.248815e+00 1.258426e+03 8.154925e+02) (-4.294475e-03 5.691046e+00 1.913082e+00)) ((-2.614884e+02 5.477522e-02 9.830197e-01) (-1.669261e-01 -8.553016e-03 -1.929092e-03))
501.46        	((1.057847e+00 1.258429e+03 8.156554e+02) (-4.771262e-03 5.692191e+00 1.913516e+00)) ((-2.615292e+02 -1.221931e-03 9.346753e-01) (-1.667518e-01 -8.728178e-03 -1.979028e-03))
501.47        	((9.085046e-01 1.258399e+03 8.157920e+02) (-4.854989e-03 5.694112e+00 1.913802e+00)) ((-2.615759e+02 -5.166302e-02 8.908024e-01) (-1.670375e-01 -8.838125e-03 -2.115530e-03))
501.48        	((7.539573e-01 1.258403e+03 8.159187e+02) (-5.082757e-03 5.695142e+00 1.914374e+00)) ((-2.616371e+02 -9.923633e-02 8.471605e-01) (-1.666741e-01 -8.990514e-03 -2.150858e-03))
501.49        	((6.176641e-01 1.258355e+03 8.160373e+02) (-5.277536e-03 5.695942e+00 1.914986e+00)) ((-2.616828e+02 -1.538611e-01 8.004620e-01) (-1.663406e-01 -9.087712e-03 -2.197343e-03))
501.5         	((4.501395e-01 1.258348e+03 8.161489e+02) (-5.197560e-03 5.697292e+00 1.915433e+00)) ((-2.617373e+02 -2.112093e-01 7.492279e-01) (-1.659699e-01 -9.072390e-03 -2.206676e-03))
501.51        	((3.078718e-01 1.258344e+03 8.162625e+02) (-5.675543e-03 5.698452e+00 1.915393e+00)) ((-2.617969e+02 -2.651266e-01 6.997829e-01) (-1.661648e-01 -9.356488e-03 -2.365211e-03))
501.52        	((1.604586e-01 1.258345e+03 8.163694e+02) (-6.461533e-03 5.699479e+00 1.916418e+00)) ((-2.618591e+02 -2.960963e-01 6.676554e-01) (-1.657586e-01 -9.801899e-03 -2.461155e-03))
501.53        	((6.058844e-02 1.258290e+03 8.164579e+02) (-6.082694e-03 5.699842e+00 1.916881e+00)) ((-2.618910e+02 -3.524967e-01 6.183533e-01) (-1.661823e-01 -9.566065e-03 -2.641985e-03))
501.54        	((-9.175210e-02 1.258257e+03 8.165478e+02) (-6.201580e-03 5.700788e+00 1.917180e+00)) ((-2.619294e+02 -3.908852e-01 5.838467e-01) (-1.651917e-01 -9.769717e-03 -2.466945e-03))
501.55        	((-2.041439e-01 1.258246e+03 8.166366e+02) (-6.761856e-03 5.701665e+00 1.917342e+00)) ((-2.619817e+02 -4.459932e-01 5.340790e-01) (-1.656031e-01 -1.002016e-02 -2.759402e-03))
501.56        	((-3.414587e-01 1.258250e+03 8.167123e+02) (-6.732727e-03 5.703027e+00 1.917896e+00)) ((-2.620452e+02 -4.730437e-01 5.042275e-01) (-1.657518e-01 -1.020029e-02 -2.756832e-03))
501.57        	((-4.207360e-01 1.258231e+03 8.167848e+02) (-7.053552e-03 5.703103e+00 1.918319e+00)) ((-2.620909e+02 -5.347395e-01 4.497281e-01) (-1.655121e-01 -1.018217e-02 -2.950120e-03))
501.58        	((-5.636068e-01 1.258203e+03 8.168442e+02) (-7.409310e-03 5.704053e+00 1.918949e+00)) ((-2.621257e+02 -5.615988e-01 4.242656e-01) (-1.651750e-01 -1.035905e-02 -2.690075e-03))
501.59        	((-6.433904e-01 1.258196e+03 8.168931e+02) (-7.619973e-03 5.705531e+00 1.919248e+00)) ((-2.621659e+02 -6.116070e-01 3.798671e-01) (-1.650916e-01 -1.034257e-02 -2.926437e-03))
501.6         	((-7.572071e-01 1.258190e+03 8.169453e+02) (-7.979288e-03 5.705781e+00 1.919514e+00)) ((-2.622113e+02 -6.185898e-01 3.679395e-01) (-1.651853e-01 -1.073439e-02 -2.836986e-03))
501.61        	((-7.895941e-01 1.258165e+03 8.169696e+02) (-8.082007e-03 5.705402e+00 1.919597e+00)) ((-2.622290e+02 -6.625163e-01 3.336366e-01) (-1.661526e-01 -1.050028e-02 -3.353805e-03))
501.62        	((-8.995827e-01 1.258154e+03 8.170248e+02) (-8.260952e-03 5.707285e+00 1.920571e+00)) ((-2.622520e+02 -6.874650e-01 3.097201e-01) (-1.650384e-01 -1.070068e-02 -2.891307e-03))
501.63        	((-9.666442e-01 1.258148e+03 8.170813e+02) (-8.079933e-03 5.708024e+00 1.920737e+00)) ((-2.622898e+02 -7.453126e-01 2.553750e-01) (-1.655196e-01 -1.070957e-02 -3.388797e-03))
501.64        	((-1.086008e+00 1.258146e+03 8.171423e+02) (-8.547479e-03 5.708586e+00 1.921191e+00)) ((-2.623348e+02 -7.544753e-01 2.399288e-01) (-1.649984e-01 -1.107118e-02 -3.071405e-03))
501.65        	((-1.133012e+00 1.258147e+03 8.171697e+02) (-8.713971e-03 5.709669e+00 1.922079e+00)) ((-2.623599e+02 -7.824305e-01 2.169513e-01) (-1.645708e-01 -1.105241e-02 -3.355317e-03))
501.66        	((-1.205579e+00 1.258118e+03 8.171729e+02) (-8.732491e-03 5.710407e+00 1.922415e+00)) ((-2.623734e+02 -7.849813e-01 2.160580e-01) (-1.648721e-01 -1.103438e-02 -3.168753e-03))
501.67        	((-1.263236e+00 1.258109e+03 8.171967e+02) (-8.932350e-03 5.712025e+00 1.923120e+00)) ((-2.624036e+02 -8.237826e-01 1.771959e-01) (-1.646785e-01 -1.092357e-02 -3.283424e-03))
501.68        	((-1.375180e+00 1.258108e+03 8.172236e+02) (-8.933190e-03 5.712533e+00 1.923547e+00)) ((-2.624391e+02 -8.186188e-01 1.736166e-01) (-1.648077e-01 -1.102056e-02 -3.050178e-03))
501.69        	((-1.414802e+00 1.258104e+03 8.172349e+02) (-9.393502e-03 5.713020e+00 1.924014e+00)) ((-2.624619e+02 -8.491887e-01 1.436449e-01) (-1.641617e-01 -1.081448e-02 -3.114996e-03))
501.7         	((-1.538759e+00 1.258096e+03 8.172446e+02) (-9.108753e-03 5.713928e+00 1.924230e+00)) ((-2.624844e+02 -8.499069e-01 1.331569e-01) (-1.639506e-01 -1.099432e-02 -3.003183e-03))
501.71        	((-1.592211e+00 1.258086e+03 8.172531e+02) (-9.539996e-03 5.714524e+00 1.924539e+00)) ((-2.625076e+02 -8.707308e-01 1.096294e-01) (-1.636707e-01 -1.118142e-02 -3.251524e-03))
501.72        	((-1.693490e+00 1.258080e+03 8.172663e+02) (-9.196907e-03 5.715079e+00 1.925220e+00)) ((-2.625325e+02 -8.628127e-01 1.104933e-01) (-1.646891e-01 -1.118636e-02 -3.284859e-03))
501.73        	((-1.743717e+00 1.258071e+03 8.172828e+02) (-9.442858e-03 5.715677e+00 1.925940e+00)) ((-2.625511e+02 -8.875614e-01 8.580982e-02) (-1.644954e-01 -1.114806e-02 -3.552992e-03))
501.74        	((-1.846682e+00 1.258065e+03 8.172877e+02) (-9.129406e-03 5.716935e+00 1.926394e+00)) ((-2.625720e+02 -8.812834e-01 8.288255e-02) (-1.644019e-01 -1.109279e-02 -3.299955e-03))
501.75        	((-1.886387e+00 1.258060e+03 8.172893e+02) (-9.487544e-03 5.717085e+00 1.926666e+00)) ((-2.625927e+02 -9.052151e-01 5.375090e-02) (-1.637599e-01 -1.107597e-02 -3.314734e-03))
501.76        	((-2.007398e+00 1.258023e+03 8.172853e+02) (-9.221772e-03 5.717523e+00 1.926892e+00)) ((-2.626151e+02 -9.097707e-01 3.490723e-02) (-1.641935e-01 -1.115874e-02 -3.162767e-03))
501.77        	((-2.058484e+00 1.257996e+03 8.172909e+02) (-9.720442e-03 5.718199e+00 1.927530e+00)) ((-2.626294e+02 -9.479369e-01 -7.396147e-03) (-1.641821e-01 -1.096516e-02 -3.479379e-03))
501.78        	((-2.155627e+00 1.257987e+03 8.172950e+02) (-9.419045e-03 5.720070e+00 1.928399e+00)) ((-2.626426e+02 -9.537701e-01 -1.904980e-02) (-1.642851e-01 -1.087697e-02 -3.211272e-03))
501.79        	((-2.200909e+00 1.257980e+03 8.173050e+02) (-9.473459e-03 5.719722e+00 1.928835e+00)) ((-2.626566e+02 -9.819640e-01 -4.837384e-02) (-1.641286e-01 -1.092339e-02 -3.366118e-03))
501.8         	((-2.287353e+00 1.257983e+03 8.173041e+02) (-9.047645e-03 5.720506e+00 1.929217e+00)) ((-2.626695e+02 -9.842980e-01 -5.880761e-02) (-1.644879e-01 -1.091054e-02 -3.321312e-03))
501.81        	((-2.321096e+00 1.257985e+03 8.173005e+02) (-9.355420e-03 5.721104e+00 1.929679e+00)) ((-2.626808e+02 -1.014617e+00 -9.205237e-02) (-1.639283e-01 -1.096061e-02 -3.525922e-03))
501.82        	((-2.423839e+00 1.257987e+03 8.172921e+02) (-9.009283e-03 5.722618e+00 1.930305e+00)) ((-2.626978e+02 -1.010077e+00 -9.907230e-02) (-1.638850e-01 -1.095656e-02 -3.315544e-03))
501.83        	((-2.467258e+00 1.257971e+03 8.173009e+02) (-9.530658e-03 5.723405e+00 1.931286e+00)) ((-2.627123e+02 -1.044581e+00 -1.378676e-01) (-1.634177e-01 -1.078398e-02 -3.336377e-03))
501.84        	((-2.570769e+00 1.257953e+03 8.173081e+02) (-9.022145e-03 5.724918e+00 1.932033e+00)) ((-2.627272e+02 -1.049351e+00 -1.530922e-01) (-1.638241e-01 -1.071863e-02 -3.286343e-03))
501.85        	((-2.614120e+00 1.257933e+03 8.173205e+02) (-9.578141e-03 5.725026e+00 1.932577e+00)) ((-2.627384e+02 -1.081592e+00 -1.895457e-01) (-1.634409e-01 -1.058227e-02 -3.160909e-03))
501.86        	((-2.716661e+00 1.257923e+03 8.173185e+02) (-9.059638e-03 5.724772e+00 1.932327e+00)) ((-2.627450e+02 -1.073377e+00 -1.934454e-01) (-1.645044e-01 -1.068623e-02 -2.912415e-03))
501.87        	((-2.759471e+00 1.257917e+03 8.173174e+02) (-9.416685e-03 5.725548e+00 1.932901e+00)) ((-2.627450e+02 -1.093551e+00 -2.194056e-01) (-1.635990e-01 -1.060387e-02 -3.198204e-03))
501.88        	((-2.856591e+00 1.257911e+03 8.173131e+02) (-9.089495e-03 5.726756e+00 1.933575e+00)) ((-2.627510e+02 -1.088727e+00 -2.238704e-01) (-1.640069e-01 -1.057408e-02 -3.045165e-03))
501.89        	((-2.899224e+00 1.257897e+03 8.173207e+02) (-9.322895e-03 5.727108e+00 1.934422e+00)) ((-2.627602e+02 -1.117173e+00 -2.543420e-01) (-1.639069e-01 -1.052995e-02 -3.215401e-03))
501.9         	((-2.990700e+00 1.257871e+03 8.173234e+02) (-8.822275e-03 5.728518e+00 1.935270e+00)) ((-2.627721e+02 -1.123344e+00 -2.671663e-01) (-1.641860e-01 -1.045556e-02 -3.173036e-03))
501.91        	((-2.994239e+00 1.257860e+03 8.173314e+02) (-9.066593e-03 5.726704e+00 1.934856e+00)) ((-2.627809e+02 -1.168152e+00 -3.098984e-01) (-1.655133e-01 -1.012923e-02 -3.667029e-03))
501.92        	((-3.021268e+00 1.257863e+03 8.173354e+02) (-8.492595e-03 5.727614e+00 1.935179e+00)) ((-2.627804e+02 -1.196542e+00 -3.367083e-01) (-1.654984e-01 -1.043895e-02 -2.983906e-03))
501.93        	((-3.078321e+00 1.257875e+03 8.173410e+02) (-8.468578e-03 5.729185e+00 1.936294e+00)) ((-2.627698e+02 -1.196261e+00 -3.449564e-01) (-1.638716e-01 -1.058152e-02 -3.409778e-03))
501.94        	((-3.128118e+00 1.257883e+03 8.173406e+02) (-8.400419e-03 5.729577e+00 1.936775e+00)) ((-2.627715e+02 -1.208324e+00 -3.615228e-01) (-1.646752e-01 -1.030025e-02 -3.238944e-03))
501.95        	((-3.163628e+00 1.257884e+03 8.173509e+02) (-8.934711e-03 5.730603e+00 1.937865e+00)) ((-2.627769e+02 -1.229694e+00 -3.839060e-01) (-1.640657e-01 -1.022605e-02 -2.980797e-03))
501.96        	((-3.196770e+00 1.257881e+03 8.173554e+02) (-8.736127e-03 5.732303e+00 1.938746e+00)) ((-2.627869e+02 -1.257902e+00 -4.119859e-01) (-1.640931e-01 -9.978561e-03 -2.947707e-03))
501.97        	((-3.232819e+00 1.257872e+03 8.173557e+02) (-8.967570e-03 5.733546e+00 1.939644e+00)) ((-2.627991e+02 -1.277178e+00 -4.313389e-01) (-1.629170e-01 -1.007493e-02 -2.887982e-03))
501.98        	((-3.275127e+00 1.257863e+03 8.173398e+02) (-8.778075e-03 5.734631e+00 1.939943e+00)) ((-2.628106e+02 -1.288115e+00 -4.430840e-01) (-1.627800e-01 -9.935185e-03 -2.761476e-03))
501.99        	((-3.287399e+00 1.257860e+03 8.173203e+02) (-8.827707e-03 5.735439e+00 1.940311e+00)) ((-2.628135e+02 -1.307063e+00 -4.601671e-01) (-1.619326e-01 -1.017144e-02 -3.006695e-03))
502           	((-3.325821e+00 1.257861e+03 8.173037e+02) (-8.265017e-03 5.736326e+00 1.940726e+00)) ((-2.628126e+02 -1.315779e+00 -4.685531e-01) (-1.624100e-01 -1.020895e-02 -3.239734e-03))
502.01        	((-3.371979e+00 1.257864e+03 8.173047e+02) (-8.728906e-03 5.735749e+00 1.940925e+00)) ((-2.628038e+02 -1.319389e+00 -4.726608e-01) (-1.631371e-01 -1.024551e-02 -3.095470e-03))
502.02        	((-3.394253e+00 1.257870e+03 8.172993e+02) (-8.469126e-03 5.736982e+00 1.941586e+00)) ((-2.627969e+02 -1.343343e+00 -4.937454e-01) (-1.634582e-01 -1.000555e-02 -3.213256e-03))
502.03        	((-3.446864e+00 1.257868e+03 8.172940e+02) (-8.731096e-03 5.736468e+00 1.941776e+00)) ((-2.627984e+02 -1.341160e+00 -4.962254e-01) (-1.636580e-01 -1.021936e-02 -2.926399e-03))
502.04        	((-3.439605e+00 1.257869e+03 8.172677e+02) (-8.574382e-03 5.738045e+00 1.942325e+00)) ((-2.628069e+02 -1.373011e+00 -5.263894e-01) (-1.631364e-01 -9.935534e-03 -3.092045e-03))
502.05        	((-3.477894e+00 1.257866e+03 8.172397e+02) (-8.960826e-03 5.738299e+00 1.942600e+00)) ((-2.628174e+02 -1.367457e+00 -5.246895e-01) (-1.627656e-01 -1.023575e-02 -2.815778e-03))
502.06        	((-3.475656e+00 1.257867e+03 8.172128e+02) (-8.929346e-03 5.740258e+00 1.943428e+00)) ((-2.628287e+02 -1.395080e+00 -5.483143e-01) (-1.623879e-01 -9.972857e-03 -2.925745e-03))
502.07        	((-3.489425e+00 1.257865e+03 8.172086e+02) (-8.963922e-03 5.739250e+00 1.943264e+00)) ((-2.628355e+02 -1.413910e+00 -5.638153e-01) (-1.635230e-01 -1.022362e-02 -3.139330e-03))
502.08        	((-3.508991e+00 1.257878e+03 8.172011e+02) (-8.666116e-03 5.742009e+00 1.944411e+00)) ((-2.628327e+02 -1.435456e+00 -5.802995e-01) (-1.626368e-01 -1.001807e-02 -3.146288e-03))
502.09        	((-3.539714e+00 1.257891e+03 8.171990e+02) (-9.059364e-03 5.741483e+00 1.944625e+00)) ((-2.628300e+02 -1.441723e+00 -5.858641e-01) (-1.627638e-01 -1.015194e-02 -2.984191e-03))
502.1         	((-3.512038e+00 1.257911e+03 8.171807e+02) (-8.505458e-03 5.741611e+00 1.944260e+00)) ((-2.628229e+02 -1.482402e+00 -6.181158e-01) (-1.635076e-01 -9.943208e-03 -3.418386e-03))
502.11        	((-3.536921e+00 1.257936e+03 8.171587e+02) (-8.972578e-03 5.742246e+00 1.944596e+00)) ((-2.628133e+02 -1.480282e+00 -6.169374e-01) (-1.629227e-01 -1.032193e-02 -2.971148e-03))
502.12        	((-3.518559e+00 1.257956e+03 8.171336e+02) (-8.760012e-03 5.743993e+00 1.945218e+00)) ((-2.628062e+02 -1.514675e+00 -6.455593e-01) (-1.628692e-01 -9.987181e-03 -3.207710e-03))
502.13        	((-3.555772e+00 1.257968e+03 8.171187e+02) (-9.131964e-03 5.744330e+00 1.945699e+00)) ((-2.628030e+02 -1.516095e+00 -6.487213e-01) (-1.629067e-01 -1.022096e-02 -3.041598e-03))
502.14        	((-3.525296e+00 1.257980e+03 8.171011e+02) (-8.873344e-03 5.743174e+00 1.944950e+00)) ((-2.627980e+02 -1.566913e+00 -6.890093e-01) (-1.651618e-01 -9.553478e-03 -3.609631e-03))
502.15        	((-3.490099e+00 1.258008e+03 8.170964e+02) (-9.278170e-03 5.744360e+00 1.945470e+00)) ((-2.627826e+02 -1.611865e+00 -7.224527e-01) (-1.641025e-01 -9.895832e-03 -2.898357e-03))
502.16        	((-3.486702e+00 1.258039e+03 8.170676e+02) (-8.442894e-03 5.746407e+00 1.946243e+00)) ((-2.627655e+02 -1.637303e+00 -7.419557e-01) (-1.632416e-01 -9.916529e-03 -3.334386e-03))
502.17        	((-3.509989e+00 1.258063e+03 8.170347e+02) (-8.749888e-03 5.746005e+00 1.946208e+00)) ((-2.627573e+02 -1.638725e+00 -7.448370e-01) (-1.636760e-01 -1.023926e-02 -3.308179e-03))
502.18        	((-3.523347e+00 1.258084e+03 8.169995e+02) (-8.502613e-03 5.748521e+00 1.947156e+00)) ((-2.627502e+02 -1.659508e+00 -7.627032e-01) (-1.631854e-01 -9.905256e-03 -3.260876e-03))
502.19        	((-3.565164e+00 1.258100e+03 8.169747e+02) (-9.041772e-03 5.748573e+00 1.947404e+00)) ((-2.627465e+02 -1.661081e+00 -7.685764e-01) (-1.633619e-01 -9.986272e-03 -2.933440e-03))
502.2         	((-3.582483e+00 1.258124e+03 8.169378e+02) (-8.583285e-03 5.750880e+00 1.948073e+00)) ((-2.627430e+02 -1.680638e+00 -7.891653e-01) (-1.624473e-01 -9.666091e-03 -2.961088e-03))
502.21        	((-3.615784e+00 1.258150e+03 8.169002e+02) (-9.008641e-03 5.750962e+00 1.948115e+00)) ((-2.627413e+02 -1.678533e+00 -7.934870e-01) (-1.621472e-01 -9.808361e-03 -2.700381e-03))
502.22        	((-3.635512e+00 1.258182e+03 8.168520e+02) (-8.611950e-03 5.752820e+00 1.948458e+00)) ((-2.627352e+02 -1.689295e+00 -8.053337e-01) (-1.618883e-01 -9.534484e-03 -2.726280e-03))
502.23        	((-3.695814e+00 1.258216e+03 8.168238e+02) (-8.827931e-03 5.751485e+00 1.948015e+00)) ((-2.627251e+02 -1.674702e+00 -7.969101e-01) (-1.635311e-01 -9.899243e-03 -2.620862e-03))
502.24        	((-3.759813e+00 1.258255e+03 8.167963e+02) (-8.097805e-03 5.753955e+00 1.948830e+00)) ((-2.627057e+02 -1.667662e+00 -7.940327e-01) (-1.631301e-01 -9.643518e-03 -3.126514e-03))
502.25        	((-3.817156e+00 1.258288e+03 8.167706e+02) (-8.568001e-03 5.752844e+00 1.948542e+00)) ((-2.626960e+02 -1.657638e+00 -7.901134e-01) (-1.638377e-01 -9.656573e-03 -2.938891e-03))
502.26        	((-3.855461e+00 1.258317e+03 8.167189e+02) (-7.962674e-03 5.754929e+00 1.949223e+00)) ((-2.626921e+02 -1.657799e+00 -7.948236e-01) (-1.629471e-01 -9.459924e-03 -2.916441e-03))
502.27        	((-3.859360e+00 1.258336e+03 8.166676e+02) (-8.638033e-03 5.754389e+00 1.949071e+00)) ((-2.626942e+02 -1.668714e+00 -8.099513e-01) (-1.632469e-01 -9.385433e-03 -2.758663e-03))
502.28        	((-3.873631e+00 1.258358e+03 8.166115e+02) (-7.891824e-03 5.757175e+00 1.950015e+00)) ((-2.626959e+02 -1.681866e+00 -8.223303e-01) (-1.625088e-01 -9.300489e-03 -2.884821e-03))
502.29        	((-3.903865e+00 1.258372e+03 8.165755e+02) (-8.140895e-03 5.756163e+00 1.949875e+00)) ((-2.627000e+02 -1.683646e+00 -8.267735e-01) (-1.638250e-01 -9.610867e-03 -2.757231e-03))
502.3         	((-3.939054e+00 1.258400e+03 8.165398e+02) (-7.413479e-03 5.758883e+00 1.950667e+00)) ((-2.626905e+02 -1.688364e+00 -8.338090e-01) (-1.628167e-01 -9.359901e-03 -3.100699e-03))
502.31        	((-3.949941e+00 1.258432e+03 8.165071e+02) (-8.124069e-03 5.757306e+00 1.950066e+00)) ((-2.626824e+02 -1.696797e+00 -8.406245e-01) (-1.637459e-01 -9.264837e-03 -2.762468e-03))
502.32        	((-3.945160e+00 1.258471e+03 8.164562e+02) (-7.568502e-03 5.759800e+00 1.950892e+00)) ((-2.626676e+02 -1.715696e+00 -8.529466e-01) (-1.626538e-01 -9.020577e-03 -2.740313e-03))
502.33        	((-3.937568e+00 1.258504e+03 8.164138e+02) (-8.012365e-03 5.759692e+00 1.951121e+00)) ((-2.626548e+02 -1.730836e+00 -8.633771e-01) (-1.628534e-01 -9.079009e-03 -2.621402e-03))
502.34        	((-3.916803e+00 1.258531e+03 8.163712e+02) (-7.248656e-03 5.761048e+00 1.951635e+00)) ((-2.626456e+02 -1.764158e+00 -8.853791e-01) (-1.634213e-01 -8.860419e-03 -2.993087e-03))
502.35        	((-3.945118e+00 1.258562e+03 8.163323e+02) (-7.524600e-03 5.761622e+00 1.952159e+00)) ((-2.626398e+02 -1.758189e+00 -8.775353e-01) (-1.629354e-01 -9.162265e-03 -2.802883e-03))
502.36        	((-3.920601e+00 1.258591e+03 8.162803e+02) (-7.095540e-03 5.763291e+00 1.952529e+00)) ((-2.626330e+02 -1.785575e+00 -8.954872e-01) (-1.623504e-01 -8.760385e-03 -2.912190e-03))
502.37        	((-3.923776e+00 1.258623e+03 8.162303e+02) (-7.130373e-03 5.763300e+00 1.952676e+00)) ((-2.626286e+02 -1.785828e+00 -8.919757e-01) (-1.619964e-01 -9.039508e-03 -2.872844e-03))
502.38        	((-3.896771e+00 1.258649e+03 8.161806e+02) (-6.850061e-03 5.764222e+00 1.952786e+00)) ((-2.626203e+02 -1.811297e+00 -9.071441e-01) (-1.625380e-01 -8.627970e-03 -2.787491e-03))
502.39        	((-3.899853e+00 1.258677e+03 8.161475e+02) (-7.113386e-03 5.764870e+00 1.953423e+00)) ((-2.626110e+02 -1.816833e+00 -9.076563e-01) (-1.624397e-01 -8.719840e-03 -2.614293e-03))
502.4         	((-3.872485e+00 1.258707e+03 8.161097e+02) (-6.742321e-03 5.766287e+00 1.954069e+00)) ((-2.626020e+02 -1.844032e+00 -9.236431e-01) (-1.622746e-01 -8.326711e-03 -2.561070e-03))
502.41        	((-3.845716e+00 1.258738e+03 8.160788e+02) (-6.622460e-03 5.762687e+00 1.952211e+00)) ((-2.625920e+02 -1.859692e+00 -9.300330e-01) (-1.650653e-01 -8.643538e-03 -2.774760e-03))
502.42        	((-3.812860e+00 1.258780e+03 8.160412e+02) (-6.235800e-03 5.766741e+00 1.953650e+00)) ((-2.625704e+02 -1.881204e+00 -9.389657e-01) (-1.625644e-01 -8.334966e-03 -2.646945e-03))
502.43        	((-3.775397e+00 1.258807e+03 8.160126e+02) (-6.479244e-03 5.764644e+00 1.953055e+00)) ((-2.625561e+02 -1.902656e+00 -9.467139e-01) (-1.642690e-01 -8.349360e-03 -2.831244e-03))
502.44        	((-3.754896e+00 1.258829e+03 8.159796e+02) (-5.986802e-03 5.768039e+00 1.954639e+00)) ((-2.625447e+02 -1.923239e+00 -9.533397e-01) (-1.630111e-01 -8.064558e-03 -2.546781e-03))
502.45        	((-3.723852e+00 1.258847e+03 8.159573e+02) (-6.322578e-03 5.767764e+00 1.954787e+00)) ((-2.625374e+02 -1.942192e+00 -9.617820e-01) (-1.631796e-01 -8.096660e-03 -2.422567e-03))
502.46        	((-3.694211e+00 1.258866e+03 8.159129e+02) (-5.851650e-03 5.770358e+00 1.955576e+00)) ((-2.625332e+02 -1.958173e+00 -9.672543e-01) (-1.620557e-01 -7.852113e-03 -2.289623e-03))
502.47        	((-3.680065e+00 1.258883e+03 8.158787e+02) (-6.121088e-03 5.767632e+00 1.954335e+00)) ((-2.625273e+02 -1.954617e+00 -9.583502e-01) (-1.641371e-01 -8.355238e-03 -1.711358e-03))
502.48        	((-3.730769e+00 1.258917e+03 8.158572e+02) (-5.509884e-03 5.771268e+00 1.955368e+00)) ((-2.625002e+02 -1.917796e+00 -9.280523e-01) (-1.626118e-01 -8.009501e-03 -2.078556e-03))
502.49        	((-3.698756e+00 1.258940e+03 8.158443e+02) (-6.520289e-03 5.771571e+00 1.955959e+00)) ((-2.624819e+02 -1.933453e+00 -9.348524e-01) (-1.625997e-01 -7.652884e-03 -1.692445e-03))
502.5         	((-3.676928e+00 1.258957e+03 8.158231e+02) (-5.933024e-03 5.772565e+00 1.956255e+00)) ((-2.624717e+02 -1.949083e+00 -9.378341e-01) (-1.630130e-01 -7.388579e-03 -1.670897e-03))
502.51        	((-3.622063e+00 1.258978e+03 8.158020e+02) (-6.039424e-03 5.772801e+00 1.956403e+00)) ((-2.624611e+02 -1.973611e+00 -9.482317e-01) (-1.625813e-01 -7.550374e-03 -1.897015e-03))
502.52        	((-3.600864e+00 1.258997e+03 8.157640e+02) (-5.288731e-03 5.774673e+00 1.956947e+00)) ((-2.624508e+02 -1.977539e+00 -9.406729e-01) (-1.621207e-01 -7.498920e-03 -1.985855e-03))
502.53        	((-3.546211e+00 1.259007e+03 8.157301e+02) (-5.914826e-03 5.774622e+00 1.957619e+00)) ((-2.624406e+02 -1.998080e+00 -9.471982e-01) (-1.615166e-01 -7.648325e-03 -2.078255e-03))
502.54        	((-3.519643e+00 1.259014e+03 8.157058e+02) (-5.089040e-03 5.776534e+00 1.957661e+00)) ((-2.624380e+02 -2.009667e+00 -9.469139e-01) (-1.618935e-01 -7.525310e-03 -2.204998e-03))
502.55        	((-3.441382e+00 1.259023e+03 8.156977e+02) (-5.434067e-03 5.776989e+00 1.957933e+00)) ((-2.624374e+02 -2.048519e+00 -9.718020e-01) (-1.615832e-01 -7.548900e-03 -2.204653e-03))
502.56        	((-3.394811e+00 1.259036e+03 8.156857e+02) (-4.836172e-03 5.778282e+00 1.958227e+00)) ((-2.624330e+02 -2.068836e+00 -9.825761e-01) (-1.616192e-01 -7.455597e-03 -2.080768e-03))
502.57        	((-3.307503e+00 1.259051e+03 8.156791e+02) (-5.828876e-03 5.778219e+00 1.958353e+00)) ((-2.624234e+02 -2.106433e+00 -1.007053e+00) (-1.615101e-01 -7.284537e-03 -1.630689e-03))
502.58        	((-3.226239e+00 1.259063e+03 8.156661e+02) (-5.312812e-03 5.778380e+00 1.958002e+00)) ((-2.624138e+02 -2.145576e+00 -1.029366e+00) (-1.627546e-01 -7.114253e-03 -1.665803e-03))
502.59        	((-3.155401e+00 1.259072e+03 8.156544e+02) (-5.770568e-03 5.779860e+00 1.958835e+00)) ((-2.624075e+02 -2.175271e+00 -1.041715e+00) (-1.616044e-01 -7.274091e-03 -1.644440e-03))
502.6         	((-3.128320e+00 1.259071e+03 8.156430e+02) (-5.321721e-03 5.779935e+00 1.958620e+00)) ((-2.624056e+02 -2.184914e+00 -1.036315e+00) (-1.626607e-01 -7.172156e-03 -1.468842e-03))
502.61        	((-3.039550e+00 1.259075e+03 8.156435e+02) (-5.337667e-03 5.778478e+00 1.957716e+00)) ((-2.623998e+02 -2.226580e+00 -1.057865e+00) (-1.638567e-01 -7.144349e-03 -2.388331e-03))
502.62        	((-2.967834e+00 1.259082e+03 8.156441e+02) (-5.093268e-03 5.780885e+00 1.958484e+00)) ((-2.623893e+02 -2.261651e+00 -1.071041e+00) (-1.630360e-01 -7.042784e-03 -1.681816e-03))
502.63        	((-2.895988e+00 1.259095e+03 8.156482e+02) (-5.275505e-03 5.781632e+00 1.959205e+00)) ((-2.623775e+02 -2.290512e+00 -1.083304e+00) (-1.622434e-01 -7.267031e-03 -1.914047e-03))
502.64        	((-2.857201e+00 1.259106e+03 8.156470e+02) (-4.791412e-03 5.782316e+00 1.959317e+00)) ((-2.623688e+02 -2.302808e+00 -1.084183e+00) (-1.629722e-01 -7.136004e-03 -1.853115e-03))
502.65        	((-2.801850e+00 1.259118e+03 8.156459e+02) (-5.363794e-03 5.783948e+00 1.960117e+00)) ((-2.623632e+02 -2.319857e+00 -1.090153e+00) (-1.617195e-01 -7.258271e-03 -1.742293e-03))
502.66        	((-2.766719e+00 1.259125e+03 8.156422e+02) (-5.090422e-03 5.784214e+00 1.959799e+00)) ((-2.623610e+02 -2.329973e+00 -1.091081e+00) (-1.626889e-01 -7.062572e-03 -1.486104e-03))
502.67        	((-2.733038e+00 1.259143e+03 8.156451e+02) (-5.485979e-03 5.786256e+00 1.960611e+00)) ((-2.623522e+02 -2.334945e+00 -1.088008e+00) (-1.610043e-01 -7.171269e-03 -1.540840e-03))
502.68        	((-2.718494e+00 1.259152e+03 8.156433e+02) (-5.313520e-03 5.787120e+00 1.960774e+00)) ((-2.623507e+02 -2.333792e+00 -1.079551e+00) (-1.614415e-01 -6.867455e-03 -1.220408e-03))
502.69        	((-2.663727e+00 1.259164e+03 8.156496e+02) (-5.660055e-03 5.787606e+00 1.961065e+00)) ((-2.623481e+02 -2.352592e+00 -1.087264e+00) (-1.610708e-01 -6.946875e-03 -1.292122e-03))
502.7         	((-2.646937e+00 1.259178e+03 8.156537e+02) (-4.916530e-03 5.788124e+00 1.960905e+00)) ((-2.623457e+02 -2.353241e+00 -1.080635e+00) (-1.619039e-01 -6.922169e-03 -1.375900e-03))
502.71        	((-2.607787e+00 1.259192e+03 8.156589e+02) (-5.229730e-03 5.789175e+00 1.961418e+00)) ((-2.623457e+02 -2.360579e+00 -1.079247e+00) (-1.611412e-01 -7.113472e-03 -1.503450e-03))
502.72        	((-2.612002e+00 1.259205e+03 8.156624e+02) (-4.793659e-03 5.789431e+00 1.961161e+00)) ((-2.623463e+02 -2.346830e+00 -1.059568e+00) (-1.621853e-01 -7.084386e-03 -1.398559e-03))
502.73        	((-2.570287e+00 1.259218e+03 8.156747e+02) (-5.115481e-03 5.790290e+00 1.961414e+00)) ((-2.623457e+02 -2.358154e+00 -1.061426e+00) (-1.615064e-01 -7.177673e-03 -1.720433e-03))
502.74        	((-2.572952e+00 1.259226e+03 8.156809e+02) (-4.777356e-03 5.791320e+00 1.961642e+00)) ((-2.623510e+02 -2.348593e+00 -1.046066e+00) (-1.617860e-01 -7.032123e-03 -1.486644e-03))
502.75        	((-2.524982e+00 1.259233e+03 8.156937e+02) (-5.477829e-03 5.791951e+00 1.962095e+00)) ((-2.623584e+02 -2.365567e+00 -1.053705e+00) (-1.612514e-01 -6.981893e-03 -1.346156e-03))
502.76        	((-2.487000e+00 1.259239e+03 8.157047e+02) (-4.899249e-03 5.792180e+00 1.961804e+00)) ((-2.623668e+02 -2.381774e+00 -1.061112e+00) (-1.622905e-01 -6.867314e-03 -1.398444e-03))
502.77        	((-2.440608e+00 1.259252e+03 8.157184e+02) (-5.264957e-03 5.793778e+00 1.962579e+00)) ((-2.623752e+02 -2.398754e+00 -1.068516e+00) (-1.610392e-01 -6.998019e-03 -1.386108e-03))
502.78        	((-2.427739e+00 1.259262e+03 8.157313e+02) (-4.901675e-03 5.794446e+00 1.962660e+00)) ((-2.623849e+02 -2.401673e+00 -1.062564e+00) (-1.616126e-01 -6.831818e-03 -1.209952e-03))
502.79        	((-2.360454e+00 1.259280e+03 8.157523e+02) (-5.291325e-03 5.795054e+00 1.962882e+00)) ((-2.623928e+02 -2.432806e+00 -1.078263e+00) (-1.612964e-01 -6.869840e-03 -1.428028e-03))
502.8         	((-2.351851e+00 1.259298e+03 8.157682e+02) (-4.705906e-03 5.796232e+00 1.963086e+00)) ((-2.624011e+02 -2.434832e+00 -1.069093e+00) (-1.615330e-01 -6.898798e-03 -1.380328e-03))
502.81        	((-2.304638e+00 1.259316e+03 8.157901e+02) (-5.354530e-03 5.796831e+00 1.963350e+00)) ((-2.624104e+02 -2.457210e+00 -1.077562e+00) (-1.610847e-01 -6.862301e-03 -1.263094e-03))
502.82        	((-2.305439e+00 1.259332e+03 8.158107e+02) (-4.774030e-03 5.796042e+00 1.962476e+00)) ((-2.624191e+02 -2.456111e+00 -1.068587e+00) (-1.629823e-01 -6.923070e-03 -9.890495e-04))
502.83        	((-2.295874e+00 1.259357e+03 8.158381e+02) (-5.068905e-03 5.798224e+00 1.963423e+00)) ((-2.624244e+02 -2.454895e+00 -1.062652e+00) (-1.613614e-01 -6.964464e-03 -1.245891e-03))
502.84        	((-2.296169e+00 1.259378e+03 8.158593e+02) (-4.910561e-03 5.798819e+00 1.963434e+00)) ((-2.624317e+02 -2.453812e+00 -1.054716e+00) (-1.620059e-01 -6.666834e-03 -9.440634e-04))
502.85        	((-2.256694e+00 1.259401e+03 8.158842e+02) (-5.255659e-03 5.799399e+00 1.963732e+00)) ((-2.624409e+02 -2.473088e+00 -1.063115e+00) (-1.616785e-01 -6.713962e-03 -1.015204e-03))
502.86        	((-2.258359e+00 1.259419e+03 8.159019e+02) (-4.672055e-03 5.800592e+00 1.963925e+00)) ((-2.624507e+02 -2.476636e+00 -1.058972e+00) (-1.618616e-01 -6.632451e-03 -9.974338e-04))
502.87        	((-2.228980e+00 1.259436e+03 8.159221e+02) (-5.030663e-03 5.801547e+00 1.964362e+00)) ((-2.624658e+02 -2.493981e+00 -1.065895e+00) (-1.612361e-01 -6.688448e-03 -1.059520e-03))
502.88        	((-2.251686e+00 1.259450e+03 8.159395e+02) (-4.251555e-03 5.801624e+00 1.963967e+00)) ((-2.624821e+02 -2.485085e+00 -1.052332e+00) (-1.623681e-01 -6.802356e-03 -9.914290e-04))
502.89        	((-2.239814e+00 1.259478e+03 8.159669e+02) (-4.567880e-03 5.803334e+00 1.964605e+00)) ((-2.624922e+02 -2.491872e+00 -1.055410e+00) (-1.612044e-01 -6.838447e-03 -1.178861e-03))
502.9         	((-2.257928e+00 1.259496e+03 8.159887e+02) (-4.527472e-03 5.803354e+00 1.964280e+00)) ((-2.625076e+02 -2.488712e+00 -1.047650e+00) (-1.623085e-01 -6.521025e-03 -7.026780e-04))
502.91        	((-2.225782e+00 1.259523e+03 8.160154e+02) (-4.884525e-03 5.804588e+00 1.964911e+00)) ((-2.625223e+02 -2.511234e+00 -1.061362e+00) (-1.614355e-01 -6.544298e-03 -7.875412e-04))
502.92        	((-2.213409e+00 1.259546e+03 8.160382e+02) (-4.550644e-03 5.805265e+00 1.964893e+00)) ((-2.625359e+02 -2.526718e+00 -1.068863e+00) (-1.619913e-01 -6.364385e-03 -6.742034e-04))
502.93        	((-2.187675e+00 1.259569e+03 8.160627e+02) (-4.835093e-03 5.806200e+00 1.965314e+00)) ((-2.625541e+02 -2.541405e+00 -1.075734e+00) (-1.614328e-01 -6.535907e-03 -7.548667e-04))
502.94        	((-2.190409e+00 1.259587e+03 8.160823e+02) (-4.413772e-03 5.807100e+00 1.965303e+00)) ((-2.625723e+02 -2.548018e+00 -1.075058e+00) (-1.619053e-01 -6.471893e-03 -7.459758e-04))
502.95        	((-2.168031e+00 1.259608e+03 8.161036e+02) (-4.591425e-03 5.808338e+00 1.965854e+00)) ((-2.625916e+02 -2.570599e+00 -1.087184e+00) (-1.610922e-01 -6.555687e-03 -8.698352e-04))
502.96        	((-2.181607e+00 1.259623e+03 8.161227e+02) (-4.013491e-03 5.809216e+00 1.965953e+00)) ((-2.626103e+02 -2.587536e+00 -1.093372e+00) (-1.615080e-01 -6.484352e-03 -8.778479e-04))
502.97        	((-2.171241e+00 1.259642e+03 8.161478e+02) (-4.375845e-03 5.810119e+00 1.966365e+00)) ((-2.626280e+02 -2.620016e+00 -1.113276e+00) (-1.611952e-01 -6.406764e-03 -7.133784e-04))
502.98        	((-2.193824e+00 1.259661e+03 8.161752e+02) (-3.880298e-03 5.809512e+00 1.965669e+00)) ((-2.626460e+02 -2.629224e+00 -1.115387e+00) (-1.628495e-01 -6.357768e-03 -3.273090e-04))
502.99        	((-2.191203e+00 1.259694e+03 8.162120e+02) (-4.168360e-03 5.811307e+00 1.966490e+00)) ((-2.626629e+02 -2.644486e+00 -1.125167e+00) (-1.615606e-01 -6.246635e-03 -4.700461e-04))
503           	((-2.199862e+00 1.259718e+03 8.162418e+02) (-3.975232e-03 5.811647e+00 1.966427e+00)) ((-2.626832e+02 -2.660762e+00 -1.132818e+00) (-1.623123e-01 -5.948783e-03 -1.596566e-04))
503.01        	((-2.184446e+00 1.259743e+03 8.162724e+02) (-4.218187e-03 5.812637e+00 1.966929e+00)) ((-2.627079e+02 -2.690413e+00 -1.149903e+00) (-1.617614e-01 -5.987166e-03 -1.839657e-04))
503.02        	((-2.199277e+00 1.259760e+03 8.162979e+02) (-3.814066e-03 5.813491e+00 1.967029e+00)) ((-2.627309e+02 -2.714262e+00 -1.160224e+00) (-1.621249e-01 -5.846942e-03 -1.162865e-04))
503.03        	((-2.194192e+00 1.259779e+03 8.163242e+02) (-3.894420e-03 5.814796e+00 1.967554e+00)) ((-2.627583e+02 -2.749709e+00 -1.179042e+00) (-1.614517e-01 -5.901116e-03 -2.446147e-04))
503.04        	((-2.244585e+00 1.259794e+03 8.163532e+02) (-3.186705e-03 5.814175e+00 1.966985e+00)) ((-2.627843e+02 -2.758006e+00 -1.175926e+00) (-1.629442e-01 -6.056383e-03 -4.036529e-05))
503.05        	((-2.279999e+00 1.259827e+03 8.163939e+02) (-3.385638e-03 5.816386e+00 1.967779e+00)) ((-2.628023e+02 -2.770992e+00 -1.181619e+00) (-1.616068e-01 -5.970691e-03 -2.419692e-04))
503.06        	((-2.312545e+00 1.259852e+03 8.164312e+02) (-3.476804e-03 5.816490e+00 1.967653e+00)) ((-2.628269e+02 -2.793214e+00 -1.190807e+00) (-1.623599e-01 -5.588364e-03 1.764924e-04))
503.07        	((-2.313093e+00 1.259883e+03 8.164686e+02) (-3.642844e-03 5.817645e+00 1.968180e+00)) ((-2.628545e+02 -2.836023e+00 -1.216788e+00) (-1.617866e-01 -5.580086e-03 1.662014e-04))
503.08        	((-2.327136e+00 1.259908e+03 8.165043e+02) (-3.414163e-03 5.818318e+00 1.968260e+00)) ((-2.628801e+02 -2.876613e+00 -1.239854e+00) (-1.620794e-01 -5.391764e-03 2.846900e-04))
503.09        	((-2.334190e+00 1.259934e+03 8.165385e+02) (-3.431871e-03 5.819650e+00 1.968748e+00)) ((-2.629120e+02 -2.916699e+00 -1.261908e+00) (-1.614528e-01 -5.515899e-03 1.379575e-04))
503.1         	((-2.374880e+00 1.259952e+03 8.165714e+02) (-3.068285e-03 5.819991e+00 1.968651e+00)) ((-2.629403e+02 -2.941926e+00 -1.270813e+00) (-1.620156e-01 -5.498164e-03 2.396066e-04))
503.11        	((-2.382820e+00 1.259979e+03 8.166053e+02) (-3.069831e-03 5.821743e+00 1.969166e+00)) ((-2.629675e+02 -2.984195e+00 -1.295027e+00) (-1.611733e-01 -5.563075e-03 -1.033788e-05))
503.12        	((-2.409165e+00 1.260003e+03 8.166397e+02) (-2.787213e-03 5.822260e+00 1.969265e+00)) ((-2.629989e+02 -3.017210e+00 -1.309442e+00) (-1.615250e-01 -5.444760e-03 1.333388e-04))
503.13        	((-2.417776e+00 1.260032e+03 8.166766e+02) (-3.105845e-03 5.822805e+00 1.969380e+00)) ((-2.630286e+02 -3.061061e+00 -1.334497e+00) (-1.616565e-01 -5.366323e-03 3.115518e-04))
503.14        	((-2.430116e+00 1.260063e+03 8.167157e+02) (-2.868206e-03 5.823440e+00 1.969457e+00)) ((-2.630588e+02 -3.104541e+00 -1.358224e+00) (-1.619384e-01 -5.209309e-03 4.393983e-04))
503.15        	((-2.429984e+00 1.260096e+03 8.167535e+02) (-2.943954e-03 5.824573e+00 1.969847e+00)) ((-2.630937e+02 -3.153938e+00 -1.386800e+00) (-1.615845e-01 -5.199353e-03 4.035863e-04))
503.16        	((-2.463748e+00 1.260120e+03 8.167913e+02) (-2.542061e-03 5.824629e+00 1.969645e+00)) ((-2.631274e+02 -3.187037e+00 -1.400831e+00) (-1.622732e-01 -5.212950e-03 5.246002e-04))
503.17        	((-2.476746e+00 1.260154e+03 8.168294e+02) (-2.548953e-03 5.826557e+00 1.970371e+00)) ((-2.631626e+02 -3.230054e+00 -1.424169e+00) (-1.614302e-01 -5.145266e-03 3.970428e-04))
503.18        	((-2.502787e+00 1.260181e+03 8.168704e+02) (-2.361399e-03 5.826778e+00 1.970395e+00)) ((-2.632036e+02 -3.261459e+00 -1.435502e+00) (-1.619758e-01 -4.957717e-03 6.216722e-04))
503.19        	((-2.507529e+00 1.260215e+03 8.169085e+02) (-2.472909e-03 5.827919e+00 1.970785e+00)) ((-2.632448e+02 -3.297965e+00 -1.453094e+00) (-1.616360e-01 -4.944824e-03 6.417233e-04))
503.2         	((-2.532962e+00 1.260243e+03 8.169459e+02) (-2.327048e-03 5.827933e+00 1.970621e+00)) ((-2.632781e+02 -3.322461e+00 -1.461338e+00) (-1.622758e-01 -4.846266e-03 8.805511e-04))
503.21        	((-2.528659e+00 1.260277e+03 8.169777e+02) (-2.329700e-03 5.829606e+00 1.971218e+00)) ((-2.633100e+02 -3.361220e+00 -1.482595e+00) (-1.615360e-01 -4.866669e-03 6.736562e-04))
503.22        	((-2.551514e+00 1.260302e+03 8.170079e+02) (-2.076428e-03 5.829995e+00 1.971300e+00)) ((-2.633429e+02 -3.381287e+00 -1.486603e+00) (-1.619098e-01 -4.813947e-03 8.084680e-04))
503.23        	((-2.547253e+00 1.260331e+03 8.170321e+02) (-2.210928e-03 5.831296e+00 1.971737e+00)) ((-2.633743e+02 -3.416552e+00 -1.503686e+00) (-1.615131e-01 -4.788127e-03 7.377290e-04))
503.24        	((-2.581089e+00 1.260355e+03 8.170588e+02) (-1.841986e-03 5.831048e+00 1.971451e+00)) ((-2.634032e+02 -3.426848e+00 -1.499830e+00) (-1.624394e-01 -4.859637e-03 9.246671e-04))
503.25        	((-2.582341e+00 1.260388e+03 8.170831e+02) (-1.961685e-03 5.832876e+00 1.972044e+00)) ((-2.634268e+02 -3.454124e+00 -1.512410e+00) (-1.616581e-01 -4.789973e-03 7.379536e-04))
503.26        	((-2.608792e+00 1.260413e+03 8.171061e+02) (-1.913477e-03 5.832879e+00 1.971916e+00)) ((-2.634508e+02 -3.464007e+00 -1.509027e+00) (-1.623345e-01 -4.659159e-03 1.040335e-03))
503.27        	((-2.590307e+00 1.260444e+03 8.171245e+02) (-2.044773e-03 5.834184e+00 1.972357e+00)) ((-2.634749e+02 -3.494013e+00 -1.523131e+00) (-1.618967e-01 -4.634696e-03 9.244263e-04))
503.28        	((-2.603618e+00 1.260466e+03 8.171413e+02) (-1.842086e-03 5.834654e+00 1.972421e+00)) ((-2.634946e+02 -3.505582e+00 -1.521808e+00) (-1.621856e-01 -4.600643e-03 1.069443e-03))
503.29        	((-2.583597e+00 1.260488e+03 8.171522e+02) (-1.993727e-03 5.835988e+00 1.972820e+00)) ((-2.635148e+02 -3.532957e+00 -1.533597e+00) (-1.617843e-01 -4.579082e-03 9.569788e-04))
503.3         	((-2.615327e+00 1.260503e+03 8.171641e+02) (-1.537969e-03 5.835481e+00 1.972383e+00)) ((-2.635326e+02 -3.524534e+00 -1.516232e+00) (-1.629320e-01 -4.776479e-03 1.190418e-03))
503.31        	((-2.618855e+00 1.260528e+03 8.171773e+02) (-1.688518e-03 5.837782e+00 1.973095e+00)) ((-2.635439e+02 -3.528571e+00 -1.512623e+00) (-1.618077e-01 -4.685832e-03 9.232932e-04))
503.32        	((-2.632246e+00 1.260544e+03 8.171887e+02) (-1.635112e-03 5.837866e+00 1.973002e+00)) ((-2.635578e+02 -3.523259e+00 -1.498851e+00) (-1.624338e-01 -4.533976e-03 1.215133e-03))
503.33        	((-2.607659e+00 1.260565e+03 8.171960e+02) (-1.795563e-03 5.839131e+00 1.973446e+00)) ((-2.635716e+02 -3.538020e+00 -1.502830e+00) (-1.620562e-01 -4.500385e-03 1.175749e-03))
503.34        	((-2.598127e+00 1.260582e+03 8.172044e+02) (-1.573702e-03 5.839710e+00 1.973538e+00)) ((-2.635831e+02 -3.540492e+00 -1.496132e+00) (-1.622847e-01 -4.420504e-03 1.269134e-03))
503.35        	((-2.572356e+00 1.260600e+03 8.172082e+02) (-1.575910e-03 5.841039e+00 1.973912e+00)) ((-2.635984e+02 -3.548614e+00 -1.494206e+00) (-1.618891e-01 -4.473680e-03 1.111155e-03))
503.36        	((-2.577660e+00 1.260612e+03 8.172140e+02) (-1.155516e-03 5.841295e+00 1.973819e+00)) ((-2.636133e+02 -3.534118e+00 -1.472954e+00) (-1.623868e-01 -4.536621e-03 1.168514e-03))
503.37        	((-2.548803e+00 1.260632e+03 8.172184e+02) (-1.174417e-03 5.843132e+00 1.974308e+00)) ((-2.636254e+02 -3.538172e+00 -1.469114e+00) (-1.616139e-01 -4.558273e-03 9.275099e-04))
503.38        	((-2.536633e+00 1.260643e+03 8.172238e+02) (-9.133825e-04 5.843612e+00 1.974418e+00)) ((-2.636385e+02 -3.530419e+00 -1.453739e+00) (-1.618661e-01 -4.486896e-03 1.035023e-03))
503.39        	((-2.507378e+00 1.260660e+03 8.172301e+02) (-1.249883e-03 5.844136e+00 1.974437e+00)) ((-2.636505e+02 -3.531676e+00 -1.448037e+00) (-1.621117e-01 -4.415014e-03 1.199155e-03))
503.4         	((-2.477882e+00 1.260674e+03 8.172371e+02) (-1.057539e-03 5.844996e+00 1.974643e+00)) ((-2.636606e+02 -3.530954e+00 -1.439893e+00) (-1.620868e-01 -4.302830e-03 1.295611e-03))
503.41        	((-2.437219e+00 1.260689e+03 8.172433e+02) (-1.174687e-03 5.845898e+00 1.974858e+00)) ((-2.636742e+02 -3.534699e+00 -1.435964e+00) (-1.620031e-01 -4.297492e-03 1.280307e-03))
503.42        	((-2.414500e+00 1.260696e+03 8.172482e+02) (-8.187914e-04 5.846895e+00 1.975106e+00)) ((-2.636876e+02 -3.530717e+00 -1.423883e+00) (-1.618627e-01 -4.257138e-03 1.289440e-03))
503.43        	((-2.375913e+00 1.260705e+03 8.172527e+02) (-9.552382e-04 5.847881e+00 1.975348e+00)) ((-2.637044e+02 -3.531464e+00 -1.416351e+00) (-1.617098e-01 -4.250264e-03 1.267716e-03))
503.44        	((-2.364653e+00 1.260710e+03 8.172598e+02) (-5.537499e-04 5.848442e+00 1.975350e+00)) ((-2.637191e+02 -3.515758e+00 -1.394759e+00) (-1.619553e-01 -4.262117e-03 1.318526e-03))
503.45        	((-2.322212e+00 1.260722e+03 8.172669e+02) (-7.100388e-04 5.849671e+00 1.975708e+00)) ((-2.637319e+02 -3.517940e+00 -1.389966e+00) (-1.616006e-01 -4.218021e-03 1.278632e-03))
503.46        	((-2.300879e+00 1.260731e+03 8.172783e+02) (-2.821485e-04 5.850084e+00 1.975767e+00)) ((-2.637431e+02 -3.504802e+00 -1.372224e+00) (-1.619129e-01 -4.219475e-03 1.325632e-03))
503.47        	((-2.267683e+00 1.260746e+03 8.172896e+02) (-5.583668e-04 5.850845e+00 1.975903e+00)) ((-2.637552e+02 -3.496651e+00 -1.360299e+00) (-1.619563e-01 -4.133021e-03 1.458675e-03))
503.48        	((-2.246358e+00 1.260753e+03 8.173014e+02) (-2.739771e-04 5.851463e+00 1.975973e+00)) ((-2.637663e+02 -3.485266e+00 -1.343904e+00) (-1.621429e-01 -4.033224e-03 1.545456e-03))
503.49        	((-2.204023e+00 1.260765e+03 8.173108e+02) (-3.624091e-04 5.852732e+00 1.976385e+00)) ((-2.637806e+02 -3.483036e+00 -1.335783e+00) (-1.617503e-01 -4.023108e-03 1.478308e-03))
503.5         	((-2.195367e+00 1.260770e+03 8.173246e+02) (2.785684e-04 5.852866e+00 1.976229e+00)) ((-2.637950e+02 -3.458637e+00 -1.308597e+00) (-1.623528e-01 -4.175991e-03 1.470987e-03))
503.51        	((-2.161259e+00 1.260787e+03 8.173386e+02) (1.252943e-05 5.854579e+00 1.976767e+00)) ((-2.638059e+02 -3.447947e+00 -1.295622e+00) (-1.616409e-01 -4.051255e-03 1.447586e-03))
503.52        	((-2.144373e+00 1.260793e+03 8.173548e+02) (1.141825e-04 5.854617e+00 1.976629e+00)) ((-2.638192e+02 -3.426813e+00 -1.271600e+00) (-1.623040e-01 -3.874888e-03 1.722499e-03))
503.53        	((-2.105398e+00 1.260807e+03 8.173682e+02) (-2.451482e-05 5.855971e+00 1.977095e+00)) ((-2.638322e+02 -3.417991e+00 -1.259556e+00) (-1.618621e-01 -3.853343e-03 1.724215e-03))
503.54        	((-2.092771e+00 1.260814e+03 8.173862e+02) (8.684415e-05 5.855759e+00 1.976816e+00)) ((-2.638427e+02 -3.394617e+00 -1.234874e+00) (-1.627595e-01 -3.725882e-03 2.068542e-03))
503.55        	((-2.050965e+00 1.260830e+03 8.174016e+02) (1.688538e-04 5.857682e+00 1.977467e+00)) ((-2.638546e+02 -3.384976e+00 -1.223040e+00) (-1.618987e-01 -3.768137e-03 1.791663e-03))
503.56        	((-2.037908e+00 1.260835e+03 8.174184e+02) (5.122150e-04 5.858061e+00 1.977484e+00)) ((-2.638677e+02 -3.359648e+00 -1.196375e+00) (-1.623106e-01 -3.724690e-03 1.927466e-03))
503.57        	((-1.991167e+00 1.260848e+03 8.174328e+02) (3.925074e-04 5.859519e+00 1.977938e+00)) ((-2.638827e+02 -3.352116e+00 -1.185033e+00) (-1.618370e-01 -3.700469e-03 1.842559e-03))
503.58        	((-1.982410e+00 1.260854e+03 8.174517e+02) (8.114095e-04 5.859514e+00 1.977741e+00)) ((-2.638953e+02 -3.323343e+00 -1.155504e+00) (-1.625940e-01 -3.737710e-03 2.001613e-03))
503.59        	((-1.936219e+00 1.260871e+03 8.174706e+02) (6.880692e-04 5.861261e+00 1.978259e+00)) ((-2.639060e+02 -3.314631e+00 -1.144614e+00) (-1.619214e-01 -3.688616e-03 1.834037e-03))
503.6         	((-1.919956e+00 1.260878e+03 8.174909e+02) (9.237847e-04 5.861532e+00 1.978224e+00)) ((-2.639173e+02 -3.289967e+00 -1.118814e+00) (-1.624399e-01 -3.598703e-03 2.050430e-03))
503.61        	((-1.862247e+00 1.260893e+03 8.175090e+02) (7.303816e-04 5.862803e+00 1.978608e+00)) ((-2.639305e+02 -3.286774e+00 -1.111689e+00) (-1.621256e-01 -3.543937e-03 2.003282e-03))
503.62        	((-1.848962e+00 1.260900e+03 8.175300e+02) (9.896476e-04 5.862790e+00 1.978408e+00)) ((-2.639410e+02 -3.260588e+00 -1.085241e+00) (-1.629009e-01 -3.523934e-03 2.281839e-03))
503.63        	((-1.794134e+00 1.260913e+03 8.175490e+02) (8.903961e-04 5.864641e+00 1.979006e+00)) ((-2.639521e+02 -3.257337e+00 -1.078690e+00) (-1.621370e-01 -3.481003e-03 2.079270e-03))
503.64        	((-1.774513e+00 1.260917e+03 8.175679e+02) (1.267628e-03 5.865151e+00 1.979070e+00)) ((-2.639643e+02 -3.234599e+00 -1.054252e+00) (-1.624722e-01 -3.471124e-03 2.202398e-03))
503.65        	((-1.716113e+00 1.260926e+03 8.175838e+02) (1.038703e-03 5.866504e+00 1.979467e+00)) ((-2.639795e+02 -3.232173e+00 -1.047099e+00) (-1.621098e-01 -3.425346e-03 2.159412e-03))
503.66        	((-1.705919e+00 1.260929e+03 8.176041e+02) (1.463461e-03 5.866071e+00 1.979012e+00)) ((-2.639914e+02 -3.203624e+00 -1.018233e+00) (-1.632716e-01 -3.528238e-03 2.414769e-03))
503.67        	((-1.671562e+00 1.260942e+03 8.176253e+02) (1.353771e-03 5.868319e+00 1.979727e+00)) ((-2.639997e+02 -3.189128e+00 -1.003800e+00) (-1.622200e-01 -3.494153e-03 2.159968e-03))
503.68        	((-1.655758e+00 1.260946e+03 8.176473e+02) (1.470649e-03 5.868436e+00 1.979605e+00)) ((-2.640091e+02 -3.166063e+00 -9.796335e-01) (-1.628933e-01 -3.349609e-03 2.436337e-03))
503.69        	((-1.602123e+00 1.260957e+03 8.176658e+02) (1.383837e-03 5.869859e+00 1.980046e+00)) ((-2.640208e+02 -3.162865e+00 -9.726602e-01) (-1.624711e-01 -3.373427e-03 2.311656e-03))
503.7         	((-1.575421e+00 1.260962e+03 8.176866e+02) (1.698399e-03 5.870395e+00 1.980080e+00)) ((-2.640302e+02 -3.147552e+00 -9.545059e-01) (-1.628108e-01 -3.313335e-03 2.419683e-03))
503.71        	((-1.524271e+00 1.260970e+03 8.177030e+02) (1.615260e-03 5.871864e+00 1.980493e+00)) ((-2.640436e+02 -3.146319e+00 -9.482681e-01) (-1.623683e-01 -3.363359e-03 2.266043e-03))
503.72        	((-1.528556e+00 1.260971e+03 8.177232e+02) (2.128146e-03 5.870769e+00 1.979756e+00)) ((-2.640555e+02 -3.112494e+00 -9.149683e-01) (-1.640647e-01 -3.603507e-03 2.601271e-03))
503.73        	((-1.522393e+00 1.260987e+03 8.177495e+02) (1.996578e-03 5.873359e+00 1.980511e+00)) ((-2.640593e+02 -3.082479e+00 -8.900594e-01) (-1.627900e-01 -3.543518e-03 2.236651e-03))
503.74        	((-1.510531e+00 1.260993e+03 8.177712e+02) (1.965952e-03 5.873838e+00 1.980636e+00)) ((-2.640667e+02 -3.061267e+00 -8.682483e-01) (-1.631230e-01 -3.303684e-03 2.580739e-03))
503.75        	((-1.463603e+00 1.261003e+03 8.177899e+02) (1.597791e-03 5.874741e+00 1.980877e+00)) ((-2.640777e+02 -3.060611e+00 -8.635682e-01) (-1.631074e-01 -3.226373e-03 2.660118e-03))
503.76        	((-1.430567e+00 1.261008e+03 8.178068e+02) (2.026499e-03 5.875945e+00 1.981163e+00)) ((-2.640880e+02 -3.053592e+00 -8.524047e-01) (-1.629233e-01 -3.219463e-03 2.590959e-03))
503.77        	((-1.388579e+00 1.261014e+03 8.178205e+02) (1.966804e-03 5.877323e+00 1.981515e+00)) ((-2.641035e+02 -3.051550e+00 -8.457740e-01) (-1.625606e-01 -3.310546e-03 2.446415e-03))
503.78        	((-1.367465e+00 1.261013e+03 8.178337e+02) (2.441134e-03 5.878276e+00 1.981645e+00)) ((-2.641196e+02 -3.038613e+00 -8.281822e-01) (-1.626002e-01 -3.328582e-03 2.376359e-03))
503.79        	((-1.328062e+00 1.261019e+03 8.178461e+02) (2.352685e-03 5.879800e+00 1.981993e+00)) ((-2.641357e+02 -3.037430e+00 -8.219265e-01) (-1.621477e-01 -3.439796e-03 2.220583e-03))
503.8         	((-1.306638e+00 1.261022e+03 8.178633e+02) (2.810075e-03 5.880574e+00 1.982101e+00)) ((-2.641481e+02 -3.027045e+00 -8.072160e-01) (-1.623129e-01 -3.471051e-03 2.185055e-03))
503.81        	((-1.262839e+00 1.261034e+03 8.178827e+02) (2.394253e-03 5.881143e+00 1.982047e+00)) ((-2.641588e+02 -3.029190e+00 -8.054911e-01) (-1.626416e-01 -3.419338e-03 2.327747e-03))
503.82        	((-1.245709e+00 1.261043e+03 8.179054e+02) (2.618448e-03 5.881352e+00 1.981830e+00)) ((-2.641657e+02 -3.019201e+00 -7.933693e-01) (-1.633028e-01 -3.370672e-03 2.575240e-03))
503.83        	((-1.190974e+00 1.261057e+03 8.179252e+02) (2.284584e-03 5.882790e+00 1.982275e+00)) ((-2.641766e+02 -3.029386e+00 -7.987432e-01) (-1.628624e-01 -3.317589e-03 2.499601e-03))
503.84        	((-1.180557e+00 1.261058e+03 8.179444e+02) (2.617543e-03 5.883089e+00 1.982153e+00)) ((-2.641912e+02 -3.016641e+00 -7.825213e-01) (-1.634246e-01 -3.307903e-03 2.652758e-03))
503.85        	((-1.139874e+00 1.261063e+03 8.179592e+02) (2.399925e-03 5.884644e+00 1.982619e+00)) ((-2.642114e+02 -3.019408e+00 -7.794856e-01) (-1.629055e-01 -3.331884e-03 2.496048e-03))
503.86        	((-1.152152e+00 1.261058e+03 8.179771e+02) (2.891559e-03 5.884771e+00 1.982414e+00)) ((-2.642299e+02 -2.993841e+00 -7.520087e-01) (-1.636055e-01 -3.434314e-03 2.619553e-03))
503.87        	((-1.130063e+00 1.261066e+03 8.179958e+02) (2.604860e-03 5.886682e+00 1.982969e+00)) ((-2.642454e+02 -2.985923e+00 -7.421144e-01) (-1.628241e-01 -3.431410e-03 2.435144e-03))
503.88        	((-1.137015e+00 1.261066e+03 8.180178e+02) (2.906987e-03 5.886850e+00 1.982788e+00)) ((-2.642590e+02 -2.963527e+00 -7.186828e-01) (-1.634922e-01 -3.374336e-03 2.582585e-03))
503.89        	((-1.111566e+00 1.261079e+03 8.180379e+02) (2.654024e-03 5.888369e+00 1.983220e+00)) ((-2.642721e+02 -2.957512e+00 -7.114782e-01) (-1.630111e-01 -3.436731e-03 2.472313e-03))
503.9         	((-1.118700e+00 1.261086e+03 8.180627e+02) (2.906435e-03 5.888494e+00 1.983009e+00)) ((-2.642816e+02 -2.934667e+00 -6.894102e-01) (-1.637157e-01 -3.360279e-03 2.693815e-03))
503.91        	((-1.087768e+00 1.261101e+03 8.180851e+02) (2.718432e-03 5.890102e+00 1.983427e+00)) ((-2.642928e+02 -2.932642e+00 -6.862634e-01) (-1.631873e-01 -3.439647e-03 2.438470e-03))
503.92        	((-1.101841e+00 1.261106e+03 8.181084e+02) (3.074707e-03 5.890506e+00 1.983373e+00)) ((-2.643046e+02 -2.906163e+00 -6.612267e-01) (-1.636564e-01 -3.472188e-03 2.572278e-03))
503.93        	((-1.071819e+00 1.261119e+03 8.181300e+02) (2.753484e-03 5.892077e+00 1.983806e+00)) ((-2.643180e+02 -2.904005e+00 -6.570358e-01) (-1.631286e-01 -3.435873e-03 2.461603e-03))
503.94        	((-1.075823e+00 1.261121e+03 8.181538e+02) (3.252625e-03 5.892293e+00 1.983608e+00)) ((-2.643313e+02 -2.883990e+00 -6.364576e-01) (-1.637434e-01 -3.433762e-03 2.547173e-03))
503.95        	((-1.044689e+00 1.261132e+03 8.181750e+02) (2.910463e-03 5.893836e+00 1.984025e+00)) ((-2.643470e+02 -2.881484e+00 -6.326250e-01) (-1.632369e-01 -3.502112e-03 2.418043e-03))
503.96        	((-1.047206e+00 1.261137e+03 8.181987e+02) (3.081794e-03 5.894094e+00 1.983906e+00)) ((-2.643617e+02 -2.860758e+00 -6.126770e-01) (-1.638335e-01 -3.508733e-03 2.565779e-03))
503.97        	((-1.014413e+00 1.261146e+03 8.182217e+02) (2.969669e-03 5.895626e+00 1.984304e+00)) ((-2.643759e+02 -2.859462e+00 -6.089459e-01) (-1.633248e-01 -3.462904e-03 2.447645e-03))
503.98        	((-1.013150e+00 1.261149e+03 8.182471e+02) (3.355940e-03 5.895737e+00 1.984056e+00)) ((-2.643904e+02 -2.839419e+00 -5.886585e-01) (-1.639928e-01 -3.456932e-03 2.578977e-03))
503.99        	((-9.822145e-01 1.261160e+03 8.182702e+02) (3.052774e-03 5.897339e+00 1.984520e+00)) ((-2.644059e+02 -2.834833e+00 -5.830389e-01) (-1.634174e-01 -3.517327e-03 2.427393e-03))
504           	((-9.834450e-01 1.261163e+03 8.182955e+02) (3.197929e-03 5.897446e+00 1.984348e+00)) ((-2.644203e+02 -2.813281e+00 -5.620728e-01) (-1.641221e-01 -3.512401e-03 2.583763e-03))
504.01        	((-9.520446e-01 1.261170e+03 8.183192e+02) (3.154545e-03 5.899029e+00 1.984773e+00)) ((-2.644333e+02 -2.810643e+00 -5.572939e-01) (-1.635731e-01 -3.502054e-03 2.407410e-03))
504.02        	((-9.533615e-01 1.261170e+03 8.183443e+02) (3.501438e-03 5.899202e+00 1.984583e+00)) ((-2.644472e+02 -2.787402e+00 -5.346406e-01) (-1.641793e-01 -3.494010e-03 2.570144e-03))
504.03        	((-9.165509e-01 1.261178e+03 8.183674e+02) (3.170818e-03 5.900761e+00 1.985036e+00)) ((-2.644626e+02 -2.783807e+00 -5.299918e-01) (-1.636298e-01 -3.536135e-03 2.404661e-03))
504.04        	((-9.167421e-01 1.261179e+03 8.183921e+02) (3.345262e-03 5.900954e+00 1.984915e+00)) ((-2.644776e+02 -2.759690e+00 -5.074190e-01) (-1.642615e-01 -3.575313e-03 2.539834e-03))
504.05        	((-8.812612e-01 1.261183e+03 8.184157e+02) (3.272389e-03 5.902541e+00 1.985354e+00)) ((-2.644906e+02 -2.756826e+00 -5.024656e-01) (-1.636906e-01 -3.516899e-03 2.398966e-03))
504.06        	((-8.785971e-01 1.261183e+03 8.184407e+02) (3.487763e-03 5.902703e+00 1.985183e+00)) ((-2.645053e+02 -2.732533e+00 -4.795028e-01) (-1.642977e-01 -3.564438e-03 2.536815e-03))
504.07        	((-8.379835e-01 1.261189e+03 8.184641e+02) (3.266326e-03 5.904260e+00 1.985634e+00)) ((-2.645202e+02 -2.728698e+00 -4.743739e-01) (-1.637450e-01 -3.563016e-03 2.381152e-03))
504.08        	((-8.334220e-01 1.261188e+03 8.184892e+02) (3.538032e-03 5.904463e+00 1.985495e+00)) ((-2.645344e+02 -2.705016e+00 -4.518006e-01) (-1.643538e-01 -3.572698e-03 2.515140e-03))
504.09        	((-7.920087e-01 1.261194e+03 8.185124e+02) (3.295038e-03 5.905999e+00 1.985927e+00)) ((-2.645482e+02 -2.702337e+00 -4.475539e-01) (-1.638071e-01 -3.581990e-03 2.362033e-03))
504.1         	((-7.845614e-01 1.261193e+03 8.185375e+02) (3.618005e-03 5.906192e+00 1.985803e+00)) ((-2.645628e+02 -2.679131e+00 -4.251096e-01) (-1.643973e-01 -3.577968e-03 2.498424e-03))
504.11        	((-7.394825e-01 1.261199e+03 8.185606e+02) (3.358408e-03 5.907686e+00 1.986246e+00)) ((-2.645778e+02 -2.677327e+00 -4.214572e-01) (-1.638634e-01 -3.582171e-03 2.353102e-03))
504.12        	((-7.287510e-01 1.261199e+03 8.185852e+02) (3.550689e-03 5.907929e+00 1.986166e+00)) ((-2.645943e+02 -2.653908e+00 -3.991940e-01) (-1.644380e-01 -3.622183e-03 2.477160e-03))
504.13        	((-6.808210e-01 1.261202e+03 8.186090e+02) (3.484985e-03 5.909400e+00 1.986578e+00)) ((-2.646087e+02 -2.653290e+00 -3.953447e-01) (-1.639148e-01 -3.532698e-03 2.373477e-03))
504.14        	((-6.670498e-01 1.261202e+03 8.186333e+02) (3.640711e-03 5.909595e+00 1.986457e+00)) ((-2.646252e+02 -2.630263e+00 -3.732409e-01) (-1.644746e-01 -3.616260e-03 2.500282e-03))
504.15        	((-6.153512e-01 1.261206e+03 8.186561e+02) (3.451184e-03 5.911076e+00 1.986918e+00)) ((-2.646405e+02 -2.629916e+00 -3.701561e-01) (-1.639493e-01 -3.556247e-03 2.380135e-03))
504.16        	((-5.999656e-01 1.261202e+03 8.186805e+02) (3.868014e-03 5.911276e+00 1.986784e+00)) ((-2.646564e+02 -2.607639e+00 -3.480271e-01) (-1.645441e-01 -3.535616e-03 2.526939e-03))
504.17        	((-5.462053e-01 1.261208e+03 8.187027e+02) (3.475770e-03 5.912761e+00 1.987269e+00)) ((-2.646725e+02 -2.606889e+00 -3.451858e-01) (-1.639722e-01 -3.563941e-03 2.385777e-03))
504.18        	((-5.247939e-01 1.261209e+03 8.187258e+02) (3.521852e-03 5.912862e+00 1.987188e+00)) ((-2.646904e+02 -2.585676e+00 -3.250259e-01) (-1.646189e-01 -3.644626e-03 2.497405e-03))
504.19        	((-4.719499e-01 1.261209e+03 8.187491e+02) (3.666183e-03 5.914408e+00 1.987660e+00)) ((-2.647048e+02 -2.585435e+00 -3.203615e-01) (-1.640262e-01 -3.506476e-03 2.386267e-03))
504.2         	((-4.510412e-01 1.261209e+03 8.187722e+02) (3.661380e-03 5.914430e+00 1.987507e+00)) ((-2.647214e+02 -2.565801e+00 -3.001992e-01) (-1.646096e-01 -3.608493e-03 2.528051e-03))
504.21        	((-3.918487e-01 1.261211e+03 8.187963e+02) (3.644565e-03 5.915926e+00 1.987963e+00)) ((-2.647387e+02 -2.566611e+00 -2.961226e-01) (-1.640128e-01 -3.545573e-03 2.386980e-03))
504.22        	((-3.644711e-01 1.261211e+03 8.188196e+02) (3.750298e-03 5.916245e+00 1.987965e+00)) ((-2.647554e+02 -2.550655e+00 -2.786722e-01) (-1.643965e-01 -3.600429e-03 2.472566e-03))
504.23        	((-2.981740e-01 1.261216e+03 8.188423e+02) (3.535935e-03 5.917482e+00 1.988355e+00)) ((-2.647745e+02 -2.553547e+00 -2.768359e-01) (-1.640173e-01 -3.556272e-03 2.380060e-03))
504.24        	((-2.806795e-01 1.261219e+03 8.188648e+02) (3.700171e-03 5.917324e+00 1.988164e+00)) ((-2.647919e+02 -2.529478e+00 -2.536669e-01) (-1.648612e-01 -3.710782e-03 2.542243e-03))
504.25        	((-2.276899e-01 1.261221e+03 8.188915e+02) (4.091689e-03 5.919130e+00 1.988631e+00)) ((-2.648046e+02 -2.527645e+00 -2.469473e-01) (-1.640018e-01 -3.412910e-03 2.444013e-03))
504.26        	((-2.061812e-01 1.261228e+03 8.189141e+02) (3.436931e-03 5.919079e+00 1.988544e+00)) ((-2.648237e+02 -2.505417e+00 -2.259152e-01) (-1.647310e-01 -3.636947e-03 2.642348e-03))
504.27        	((-1.394210e-01 1.261235e+03 8.189373e+02) (3.399332e-03 5.920666e+00 1.989154e+00)) ((-2.648425e+02 -2.509478e+00 -2.248081e-01) (-1.641812e-01 -3.518198e-03 2.502242e-03))
504.28        	((-1.060865e-01 1.261242e+03 8.189580e+02) (3.388442e-03 5.920955e+00 1.989193e+00)) ((-2.648610e+02 -2.496303e+00 -2.106953e-01) (-1.646983e-01 -3.602403e-03 2.587124e-03))
504.29        	((-4.260855e-02 1.261247e+03 8.189763e+02) (3.430341e-03 5.922540e+00 1.989738e+00)) ((-2.648795e+02 -2.501085e+00 -2.097074e-01) (-1.641031e-01 -3.559030e-03 2.439529e-03))
504.3         	((-1.567161e-02 1.261251e+03 8.189947e+02) (3.506628e-03 5.922548e+00 1.989620e+00)) ((-2.648985e+02 -2.483845e+00 -1.905864e-01) (-1.647930e-01 -3.713057e-03 2.523632e-03))
504.31        	((4.345903e-02 1.261255e+03 8.190143e+02) (3.568563e-03 5.924291e+00 1.990159e+00)) ((-2.649135e+02 -2.485328e+00 -1.853368e-01) (-1.640599e-01 -3.656199e-03 2.333299e-03))
504.32        	((7.767803e-02 1.261254e+03 8.190335e+02) (3.508532e-03 5.924426e+00 1.990125e+00)) ((-2.649309e+02 -2.471153e+00 -1.660402e-01) (-1.646106e-01 -3.711718e-03 2.466951e-03))
504.33        	((1.456045e-01 1.261253e+03 8.190520e+02) (3.464133e-03 5.925741e+00 1.990541e+00)) ((-2.649437e+02 -2.478999e+00 -1.639070e-01) (-1.641892e-01 -3.622641e-03 2.413930e-03))
504.34        	((1.858644e-01 1.261252e+03 8.190704e+02) (3.366564e-03 5.925818e+00 1.990460e+00)) ((-2.649563e+02 -2.470455e+00 -1.493529e-01) (-1.648063e-01 -3.680844e-03 2.568166e-03))
504.35        	((2.592470e-01 1.261252e+03 8.190882e+02) (3.381257e-03 5.927354e+00 1.990965e+00)) ((-2.649697e+02 -2.479557e+00 -1.482508e-01) (-1.642205e-01 -3.622798e-03 2.446336e-03))
504.36        	((2.966270e-01 1.261251e+03 8.191046e+02) (3.366268e-03 5.927464e+00 1.990882e+00)) ((-2.649845e+02 -2.470654e+00 -1.333857e-01) (-1.648311e-01 -3.734955e-03 2.551473e-03))
504.37        	((3.625585e-01 1.261252e+03 8.191207e+02) (3.374092e-03 5.929150e+00 1.991428e+00)) ((-2.649988e+02 -2.478705e+00 -1.318029e-01) (-1.641471e-01 -3.675254e-03 2.422866e-03))
504.38        	((4.000815e-01 1.261252e+03 8.191364e+02) (3.326992e-03 5.929321e+00 1.991380e+00)) ((-2.650157e+02 -2.471086e+00 -1.177513e-01) (-1.647145e-01 -3.762674e-03 2.524443e-03))
504.39        	((4.680913e-01 1.261255e+03 8.191529e+02) (3.318565e-03 5.930847e+00 1.991862e+00)) ((-2.650320e+02 -2.479970e+00 -1.164538e-01) (-1.641613e-01 -3.704217e-03 2.434784e-03))
504.4         	((5.034593e-01 1.261258e+03 8.191687e+02) (3.238250e-03 5.930957e+00 1.991779e+00)) ((-2.650473e+02 -2.473130e+00 -1.031906e-01) (-1.647817e-01 -3.783196e-03 2.562308e-03))
504.41        	((5.675016e-01 1.261261e+03 8.191846e+02) (3.264363e-03 5.932482e+00 1.992254e+00)) ((-2.650606e+02 -2.483171e+00 -1.029093e-01) (-1.642280e-01 -3.736036e-03 2.432470e-03))
504.42        	((6.001214e-01 1.261264e+03 8.191996e+02) (3.224406e-03 5.932566e+00 1.992149e+00)) ((-2.650756e+02 -2.475123e+00 -8.827596e-02) (-1.648696e-01 -3.845636e-03 2.537834e-03))
504.43        	((6.630393e-01 1.261267e+03 8.192152e+02) (3.232769e-03 5.934182e+00 1.992667e+00)) ((-2.650903e+02 -2.483092e+00 -8.559480e-02) (-1.642355e-01 -3.793022e-03 2.413920e-03))
504.44        	((6.930260e-01 1.261268e+03 8.192297e+02) (3.155233e-03 5.934234e+00 1.992549e+00)) ((-2.651052e+02 -2.474709e+00 -7.028075e-02) (-1.649188e-01 -3.885672e-03 2.537774e-03))
504.45        	((7.513165e-01 1.261270e+03 8.192446e+02) (3.189619e-03 5.935896e+00 1.993079e+00)) ((-2.651187e+02 -2.482463e+00 -6.746270e-02) (-1.642963e-01 -3.841692e-03 2.404464e-03))
504.46        	((7.816378e-01 1.261271e+03 8.192588e+02) (3.098391e-03 5.935941e+00 1.992946e+00)) ((-2.651341e+02 -2.474288e+00 -5.225764e-02) (-1.650368e-01 -3.922364e-03 2.544626e-03))
504.47        	((8.380344e-01 1.261273e+03 8.192726e+02) (3.148860e-03 5.937691e+00 1.993510e+00)) ((-2.651480e+02 -2.480858e+00 -4.846722e-02) (-1.643509e-01 -3.886850e-03 2.413214e-03))
504.48        	((8.671950e-01 1.261274e+03 8.192855e+02) (3.006812e-03 5.937764e+00 1.993392e+00)) ((-2.651633e+02 -2.472346e+00 -3.295996e-02) (-1.650648e-01 -3.945437e-03 2.579676e-03))
504.49        	((9.255003e-01 1.261276e+03 8.192984e+02) (3.091799e-03 5.939444e+00 1.993897e+00)) ((-2.651769e+02 -2.480648e+00 -3.048867e-02) (-1.644462e-01 -3.923924e-03 2.406797e-03))
504.5         	((9.509509e-01 1.261276e+03 8.193092e+02) (3.007059e-03 5.939574e+00 1.993793e+00)) ((-2.651912e+02 -2.471206e+00 -1.449526e-02) (-1.651200e-01 -4.022869e-03 2.538734e-03))
504.51        	((1.010807e+00 1.261278e+03 8.193214e+02) (3.045693e-03 5.941247e+00 1.994290e+00)) ((-2.652049e+02 -2.480323e+00 -1.246439e-02) (-1.645086e-01 -3.979205e-03 2.389498e-03))
504.52        	((1.039126e+00 1.261279e+03 8.193326e+02) (2.965826e-03 5.941430e+00 1.994211e+00)) ((-2.652201e+02 -2.471325e+00 3.715750e-03) (-1.651390e-01 -4.081872e-03 2.508301e-03))
504.53        	((1.101034e+00 1.261281e+03 8.193444e+02) (2.990413e-03 5.943007e+00 1.994655e+00)) ((-2.652329e+02 -2.482495e+00 4.423759e-03) (-1.646107e-01 -4.026167e-03 2.361782e-03))
504.54        	((1.125738e+00 1.261281e+03 8.193535e+02) (2.941040e-03 5.943279e+00 1.994616e+00)) ((-2.652460e+02 -2.473029e+00 2.089513e-02) (-1.651714e-01 -4.152532e-03 2.463147e-03))
504.55        	((1.192010e+00 1.261283e+03 8.193641e+02) (2.910482e-03 5.944798e+00 1.995022e+00)) ((-2.652588e+02 -2.486429e+00 2.027297e-02) (-1.647006e-01 -4.066587e-03 2.342690e-03))
504.56        	((1.219079e+00 1.261286e+03 8.193718e+02) (2.890254e-03 5.945172e+00 1.995015e+00)) ((-2.652735e+02 -2.476450e+00 3.770995e-02) (-1.651994e-01 -4.220183e-03 2.439228e-03))
504.57        	((1.288408e+00 1.261287e+03 8.193799e+02) (2.787434e-03 5.946660e+00 1.995420e+00)) ((-2.652861e+02 -2.491339e+00 3.604689e-02) (-1.647431e-01 -4.096039e-03 2.352717e-03))
504.58        	((1.316484e+00 1.261287e+03 8.193842e+02) (2.792131e-03 5.946976e+00 1.995417e+00)) ((-2.653004e+02 -2.481225e+00 5.372452e-02) (-1.652449e-01 -4.277421e-03 2.434645e-03))
504.59        	((1.385783e+00 1.261286e+03 8.193893e+02) (2.679154e-03 5.948463e+00 1.995864e+00)) ((-2.653123e+02 -2.495085e+00 5.302943e-02) (-1.647392e-01 -4.153074e-03 2.361278e-03))
504.6         	((1.417802e+00 1.261284e+03 8.193915e+02) (2.673219e-03 5.948652e+00 1.995817e+00)) ((-2.653263e+02 -2.486289e+00 6.990074e-02) (-1.653265e-01 -4.321314e-03 2.431563e-03))
504.61        	((1.484208e+00 1.261281e+03 8.193950e+02) (2.628428e-03 5.950206e+00 1.996309e+00)) ((-2.653380e+02 -2.497315e+00 7.175467e-02) (-1.647527e-01 -4.240296e-03 2.335767e-03))
504.62        	((1.524761e+00 1.261279e+03 8.193970e+02) (2.577528e-03 5.950484e+00 1.996328e+00)) ((-2.653516e+02 -2.492532e+00 8.595020e-02) (-1.652568e-01 -4.359868e-03 2.380865e-03))
504.63        	((1.594494e+00 1.261274e+03 8.193998e+02) (2.565741e-03 5.951836e+00 1.996740e+00)) ((-2.653637e+02 -2.504186e+00 8.814145e-02) (-1.648433e-01 -4.303190e-03 2.295297e-03))
504.64        	((1.626486e+00 1.261271e+03 8.194018e+02) (2.545855e-03 5.951660e+00 1.996526e+00)) ((-2.653764e+02 -2.493437e+00 1.072069e-01) (-1.657360e-01 -4.500699e-03 2.414333e-03))
504.65        	((1.691592e+00 1.261269e+03 8.194073e+02) (2.535610e-03 5.953481e+00 1.997109e+00)) ((-2.653855e+02 -2.500780e+00 1.121752e-01) (-1.649591e-01 -4.413029e-03 2.217202e-03))
504.66        	((1.729309e+00 1.261265e+03 8.194094e+02) (2.290770e-03 5.953580e+00 1.997084e+00)) ((-2.653983e+02 -2.491381e+00 1.307009e-01) (-1.655986e-01 -4.461090e-03 2.412565e-03))
504.67        	((1.811828e+00 1.261262e+03 8.194137e+02) (2.274198e-03 5.954988e+00 1.997552e+00)) ((-2.654103e+02 -2.505926e+00 1.314704e-01) (-1.651301e-01 -4.390277e-03 2.295535e-03))
504.68        	((1.856790e+00 1.261259e+03 8.194143e+02) (2.147918e-03 5.955308e+00 1.997615e+00)) ((-2.654222e+02 -2.499692e+00 1.472713e-01) (-1.656086e-01 -4.504487e-03 2.413374e-03))
504.69        	((1.943063e+00 1.261253e+03 8.194161e+02) (2.137765e-03 5.956879e+00 1.998123e+00)) ((-2.654342e+02 -2.515669e+00 1.471897e-01) (-1.650369e-01 -4.430230e-03 2.274024e-03))
504.7         	((1.991487e+00 1.261248e+03 8.194145e+02) (2.158989e-03 5.957286e+00 1.998212e+00)) ((-2.654484e+02 -2.508677e+00 1.648715e-01) (-1.654613e-01 -4.619948e-03 2.293347e-03))
504.71        	((2.076472e+00 1.261241e+03 8.194143e+02) (2.100052e-03 5.958876e+00 1.998696e+00)) ((-2.654599e+02 -2.523115e+00 1.663570e-01) (-1.648872e-01 -4.528929e-03 2.197833e-03))
504.72        	((2.137125e+00 1.261235e+03 8.194116e+02) (2.088508e-03 5.959267e+00 1.998774e+00)) ((-2.654734e+02 -2.522699e+00 1.791715e-01) (-1.653239e-01 -4.672539e-03 2.184631e-03))
504.73        	((2.225283e+00 1.261227e+03 8.194099e+02) (2.003442e-03 5.960598e+00 1.999163e+00)) ((-2.654838e+02 -2.537945e+00 1.807394e-01) (-1.649511e-01 -4.590268e-03 2.179822e-03))
504.74        	((2.280629e+00 1.261222e+03 8.194081e+02) (1.876620e-03 5.960398e+00 1.998939e+00)) ((-2.654941e+02 -2.533094e+00 1.972583e-01) (-1.658994e-01 -4.750076e-03 2.359193e-03))
504.75        	((2.373370e+00 1.261218e+03 8.194110e+02) (1.876349e-03 5.962170e+00 1.999502e+00)) ((-2.655003e+02 -2.548065e+00 1.981268e-01) (-1.651880e-01 -4.646093e-03 2.151067e-03))
504.76        	((2.433242e+00 1.261213e+03 8.194097e+02) (1.641235e-03 5.962380e+00 1.999541e+00)) ((-2.655117e+02 -2.543132e+00 2.149017e-01) (-1.657757e-01 -4.713400e-03 2.347027e-03))
504.77        	((2.537137e+00 1.261204e+03 8.194107e+02) (1.584640e-03 5.963835e+00 2.000060e+00)) ((-2.655231e+02 -2.561839e+00 2.143834e-01) (-1.652876e-01 -4.603505e-03 2.261438e-03))
504.78        	((2.606031e+00 1.261195e+03 8.194075e+02) (1.510907e-03 5.964192e+00 2.000146e+00)) ((-2.655364e+02 -2.561643e+00 2.274332e-01) (-1.657784e-01 -4.740050e-03 2.309232e-03))
504.79        	((2.711340e+00 1.261181e+03 8.194049e+02) (1.572643e-03 5.965841e+00 2.000693e+00)) ((-2.655500e+02 -2.580238e+00 2.273610e-01) (-1.651768e-01 -4.701763e-03 2.150800e-03))
504.8         	((2.781181e+00 1.261169e+03 8.193989e+02) (1.592266e-03 5.966238e+00 2.000794e+00)) ((-2.655654e+02 -2.577958e+00 2.432339e-01) (-1.656638e-01 -4.897814e-03 2.152585e-03))
504.81        	((2.882884e+00 1.261155e+03 8.193947e+02) (1.542508e-03 5.968011e+00 2.001356e+00)) ((-2.655753e+02 -2.594801e+00 2.442492e-01) (-1.650062e-01 -4.803984e-03 2.048014e-03))
504.82        	((2.969622e+00 1.261146e+03 8.193871e+02) (1.410863e-03 5.968569e+00 2.001559e+00)) ((-2.655882e+02 -2.599974e+00 2.551456e-01) (-1.653900e-01 -4.888596e-03 2.076334e-03))
504.83        	((3.089554e+00 1.261134e+03 8.193822e+02) (1.332175e-03 5.969831e+00 2.001927e+00)) ((-2.655980e+02 -2.622699e+00 2.530954e-01) (-1.651994e-01 -4.788369e-03 2.070019e-03))
504.84        	((3.165748e+00 1.261130e+03 8.193767e+02) (1.107698e-03 5.968447e+00 2.001110e+00)) ((-2.656076e+02 -2.617404e+00 2.713427e-01) (-1.672899e-01 -5.048411e-03 2.563572e-03))
504.85        	((3.248775e+00 1.261127e+03 8.193790e+02) (1.123574e-03 5.971357e+00 2.002208e+00)) ((-2.656097e+02 -2.611558e+00 2.890945e-01) (-1.657240e-01 -4.905617e-03 2.163995e-03))
504.86        	((3.356190e+00 1.261128e+03 8.193684e+02) (6.841698e-04 5.972011e+00 2.002597e+00)) ((-2.656178e+02 -2.621901e+00 2.950792e-01) (-1.659666e-01 -4.836307e-03 2.295021e-03))
504.87        	((3.476678e+00 1.261119e+03 8.193560e+02) (5.167549e-04 5.972843e+00 2.002880e+00)) ((-2.656280e+02 -2.637906e+00 2.996102e-01) (-1.660396e-01 -4.778209e-03 2.373200e-03))
504.88        	((3.618469e+00 1.261119e+03 8.193327e+02) (3.095616e-04 5.974521e+00 2.003591e+00)) ((-2.656425e+02 -2.662359e+00 2.983862e-01) (-1.655251e-01 -4.845743e-03 2.184007e-03))
504.89        	((3.747508e+00 1.261106e+03 8.193118e+02) (2.896334e-04 5.975489e+00 2.003922e+00)) ((-2.656584e+02 -2.676950e+00 3.079796e-01) (-1.655102e-01 -4.905075e-03 2.140294e-03))
504.9         	((3.908687e+00 1.261103e+03 8.192827e+02) (1.455521e-05 5.977200e+00 2.004614e+00)) ((-2.656757e+02 -2.707485e+00 3.050310e-01) (-1.650038e-01 -4.961673e-03 1.921510e-03))
504.91        	((4.044774e+00 1.261088e+03 8.192615e+02) (1.271567e-04 5.978071e+00 2.004915e+00)) ((-2.656901e+02 -2.721091e+00 3.167229e-01) (-1.650540e-01 -5.130166e-03 1.812657e-03))
504.92        	((4.225077e+00 1.261088e+03 8.192319e+02) (-5.341354e-04 5.979360e+00 2.005442e+00)) ((-2.657021e+02 -2.758195e+00 3.081584e-01) (-1.648420e-01 -5.026856e-03 1.849779e-03))
504.93        	((4.394775e+00 1.261081e+03 8.192083e+02) (-7.574031e-04 5.979776e+00 2.005575e+00)) ((-2.657105e+02 -2.785237e+00 3.091497e-01) (-1.652157e-01 -5.048985e-03 1.961503e-03))
504.94        	((4.593404e+00 1.261089e+03 8.191735e+02) (-1.526837e-03 5.980698e+00 2.006022e+00)) ((-2.657202e+02 -2.825941e+00 2.994285e-01) (-1.652779e-01 -4.933552e-03 2.100044e-03))
504.95        	((4.778861e+00 1.261089e+03 8.191410e+02) (-1.920080e-03 5.980732e+00 2.005929e+00)) ((-2.657300e+02 -2.855220e+00 3.017665e-01) (-1.660013e-01 -4.919903e-03 2.342803e-03))
504.96        	((5.000022e+00 1.261100e+03 8.190963e+02) (-2.452526e-03 5.982637e+00 2.006867e+00)) ((-2.657454e+02 -2.899447e+00 2.939238e-01) (-1.652379e-01 -4.899459e-03 2.170928e-03))
504.97        	((5.203807e+00 1.261098e+03 8.190573e+02) (-2.781252e-03 5.983001e+00 2.006975e+00)) ((-2.657635e+02 -2.927693e+00 3.025033e-01) (-1.656670e-01 -4.920198e-03 2.296434e-03))
504.98        	((5.438651e+00 1.261106e+03 8.190091e+02) (-3.369164e-03 5.984634e+00 2.007726e+00)) ((-2.657847e+02 -2.968906e+00 3.009613e-01) (-1.651529e-01 -4.928156e-03 2.168117e-03))
504.99        	((5.650607e+00 1.261103e+03 8.189737e+02) (-3.564521e-03 5.984410e+00 2.007483e+00)) ((-2.658034e+02 -2.987830e+00 3.192034e-01) (-1.660851e-01 -5.110412e-03 2.340932e-03))
505           	((5.897104e+00 1.261114e+03 8.189353e+02) (-4.261195e-03 5.986557e+00 2.008321e+00)) ((-2.658174e+02 -3.022219e+00 3.228774e-01) (-1.651992e-01 -5.050409e-03 2.131559e-03))
