# Forces      
# CofR        : (0.000000e+00 0.000000e+00 0.000000e+00)
# Time        forces(pressure viscous)	moments(pressure viscous)
500           	((4.927376e+00 1.313473e+04 -3.130507e+03) (1.236676e-04 4.290768e+00 -1.010908e-01)) ((-2.582457e+03 -2.811791e-01 5.775066e-01) (-3.552606e-01 -1.754997e-05 -1.351267e-04))
500.01        	((3.785121e-03 9.140667e+03 -2.230937e+03) (-1.261333e-03 2.245568e+00 1.972214e-01)) ((-1.515891e+03 5.897983e-01 4.110178e-01) (6.836105e-02 -1.563382e-04 4.751053e-04))
500.02        	((-5.580873e+00 8.546560e+02 -1.468515e+02) (-8.204822e-04 3.357403e-01 5.398525e-01)) ((3.877524e+02 9.491811e-01 -9.641634e-02) (4.843582e-01 -2.527126e-04 8.262898e-04))
500.03        	((-4.211770e+00 -4.377236e+03 1.120560e+03) (-3.527691e-03 2.419602e-01 6.529568e-01)) ((1.435564e+03 6.276681e-01 -7.859890e-01) (4.937858e-01 -1.774105e-03 1.948605e-03))
500.04        	((3.475856e+00 -3.601444e+03 9.350180e+02) (2.803588e-03 2.048140e+00 5.266683e-01)) ((8.832368e+02 -1.720579e-01 -6.264089e-01) (9.346470e-02 2.734901e-04 2.367471e-03))
500.05        	((7.011178e+00 -1.462407e+01 3.422933e+01) (8.409710e-03 4.637648e+00 2.024583e-01)) ((-2.196602e+02 -7.356644e-01 -4.255528e-01) (-4.990871e-01 1.678518e-03 2.766874e-03))
500.06        	((4.511886e+00 2.757121e+03 -6.923255e+02) (-4.224858e-03 5.505829e+00 -7.873836e-02)) ((-7.890604e+02 -6.172286e-01 3.753723e-01) (-6.613845e-01 -7.625427e-05 7.874820e-04))
500.07        	((-1.238139e+00 3.321377e+03 -8.259225e+02) (-1.929635e-03 4.490547e+00 -1.201213e-01)) ((-6.046346e+02 9.317566e-01 6.229009e-01) (-2.535304e-01 -4.708877e-05 5.397427e-05))
500.08        	((-4.107267e+00 2.221889e+03 -4.963678e+02) (-6.879169e-03 3.439080e+00 -4.248942e-02)) ((-8.883092e+01 1.783685e+00 2.787079e-01) (1.556574e-01 -1.756295e-03 -1.296890e-03))
500.09        	((-2.358453e+00 7.965500e+02 -1.011074e+02) (-6.879112e-03 3.100382e+00 -7.055929e-04)) ((2.480180e+02 1.286663e+00 -1.510383e-01) (2.627276e-01 -1.746867e-03 -2.020884e-03))
500.1         	((2.308740e+00 1.276733e+02 5.638711e+01) (-3.205816e-03 3.443405e+00 -4.265925e-02)) ((1.955677e+02 2.058713e-01 -5.827964e-01) (7.750426e-02 3.985926e-04 -3.356634e-03))
500.11        	((5.668690e+00 3.560951e+02 -3.450522e+01) (4.856138e-03 4.001271e+00 -1.684143e-01)) ((-6.496723e+01 -2.824476e-01 -6.062876e-01) (-1.642902e-01 1.662062e-03 -1.205587e-03))
500.12        	((4.984580e+00 9.921258e+02 -2.170335e+02) (6.842237e-03 4.406426e+00 -2.891664e-01)) ((-2.589230e+02 -7.927925e-01 -1.444845e-01) (-2.488442e-01 3.515440e-03 -3.341266e-04))
500.13        	((3.058087e+00 1.482611e+03 -3.319001e+02) (3.816496e-03 4.571903e+00 -3.669488e-01)) ((-2.670716e+02 -3.792237e-01 2.463375e-01) (-2.100007e-01 1.419544e-03 1.977616e-03))
500.14        	((1.796115e+00 1.573086e+03 -3.206751e+02) (6.438759e-03 4.631560e+00 -4.012177e-01)) ((-1.500117e+02 3.085621e-01 2.809755e-01) (-1.379054e-01 3.171364e-03 1.090079e-03))
500.15        	((2.028093e+00 1.351947e+03 -2.272174e+02) (6.315428e-03 4.677255e+00 -4.113443e-01)) ((-3.526884e+01 5.017612e-01 9.303102e-02) (-1.116317e-01 3.981839e-03 7.329586e-04))
500.16        	((3.096271e+00 1.088059e+03 -1.389874e+02) (4.378640e-03 4.734315e+00 -3.993836e-01)) ((-7.973155e+00 3.540882e-01 -9.303865e-02) (-1.518571e-01 3.174332e-03 -1.633329e-04))
500.17        	((4.564067e+00 9.812587e+02 -1.094649e+02) (5.680075e-03 4.767150e+00 -3.797395e-01)) ((-5.952312e+01 -8.924724e-02 -1.101750e-01) (-2.153340e-01 3.216216e-03 -7.537353e-04))
500.18        	((5.346952e+00 1.053448e+03 -1.327019e+02) (5.866424e-03 4.804444e+00 -3.666581e-01)) ((-1.273290e+02 -2.460651e-01 1.011009e-02) (-2.574709e-01 2.842070e-03 -4.999975e-05))
500.19        	((5.366966e+00 1.197466e+03 -1.725478e+02) (4.337537e-03 4.860069e+00 -3.570927e-01)) ((-1.585410e+02 -2.487835e-01 1.381185e-01) (-2.644953e-01 2.677550e-03 4.319738e-04))
500.2         	((4.859264e+00 1.294219e+03 -1.940073e+02) (3.118243e-03 4.928039e+00 -3.386198e-01)) ((-1.441011e+02 -1.545583e-01 1.936295e-01) (-2.497355e-01 2.898467e-03 5.891326e-04))
500.21        	((4.428212e+00 1.297436e+03 -1.847031e+02) (3.857205e-03 4.995419e+00 -3.076955e-01)) ((-1.097852e+02 -6.071048e-02 1.686165e-01) (-2.384109e-01 3.307540e-03 -1.036984e-05))
500.22        	((4.458817e+00 1.241739e+03 -1.576012e+02) (3.326020e-03 5.035754e+00 -2.669015e-01)) ((-8.616983e+01 -5.188042e-02 8.334123e-02) (-2.454731e-01 3.748362e-03 -8.064591e-05))
500.23        	((4.886390e+00 1.190318e+03 -1.341321e+02) (2.827342e-03 5.047634e+00 -2.147368e-01)) ((-8.620656e+01 -6.139932e-02 5.366403e-03) (-2.649811e-01 3.416720e-03 5.869122e-05))
500.24        	((5.322891e+00 1.179850e+03 -1.261019e+02) (1.883166e-03 5.046517e+00 -1.635927e-01)) ((-1.024229e+02 -1.688821e-01 -4.241882e-02) (-2.842736e-01 3.465528e-03 3.114209e-05))
500.25        	((5.496482e+00 1.205724e+03 -1.312037e+02) (2.463545e-03 5.048388e+00 -1.197075e-01)) ((-1.190128e+02 -2.577014e-01 -4.515040e-02) (-2.970920e-01 3.314117e-03 1.371473e-04))
500.26        	((5.432739e+00 1.240096e+03 -1.398706e+02) (2.191604e-03 5.063172e+00 -7.829640e-02)) ((-1.253871e+02 -2.710265e-01 -3.329644e-02) (-3.019269e-01 2.968912e-03 4.423188e-04))
500.27        	((5.268471e+00 1.258166e+03 -1.432427e+02) (3.130525e-03 5.085537e+00 -3.507103e-02)) ((-1.211412e+02 -2.500447e-01 -2.600513e-02) (-3.023516e-01 3.223477e-03 6.577265e-06))
500.28        	((5.241929e+00 1.254020e+03 -1.388589e+02) (2.445802e-03 5.105157e+00 1.143709e-02)) ((-1.127195e+02 -1.770705e-01 -4.068094e-02) (-3.030054e-01 2.768461e-03 -6.184619e-05))
500.29        	((5.331076e+00 1.238073e+03 -1.300103e+02) (1.719958e-03 5.114811e+00 5.972675e-02)) ((-1.068762e+02 -1.044874e-01 -7.239102e-02) (-3.058922e-01 2.740697e-03 -1.020939e-05))
500.3         	((5.360785e+00 1.224679e+03 -1.222714e+02) (2.323255e-03 5.116137e+00 1.073129e-01)) ((-1.063286e+02 -5.030819e-02 -1.292141e-01) (-3.108466e-01 2.708192e-03 -2.127576e-04))
500.31        	((5.382730e+00 1.221148e+03 -1.187521e+02) (2.171974e-03 5.114075e+00 1.494639e-01)) ((-1.095405e+02 -1.129634e-02 -1.692565e-01) (-3.168114e-01 3.025070e-03 -2.291640e-04))
500.32        	((5.342179e+00 1.225383e+03 -1.192842e+02) (1.995960e-03 5.114237e+00 1.882380e-01)) ((-1.130954e+02 5.724619e-02 -2.106693e-01) (-3.218355e-01 2.732222e-03 -5.469860e-04))
500.33        	((5.296134e+00 1.230480e+03 -1.212802e+02) (2.022691e-03 5.117412e+00 2.221273e-01)) ((-1.145195e+02 1.470358e-01 -2.345651e-01) (-3.253593e-01 3.029608e-03 -2.725844e-04))
500.34        	((5.306064e+00 1.230907e+03 -1.224343e+02) (1.804555e-03 5.121448e+00 2.547133e-01)) ((-1.134686e+02 2.753771e-01 -2.486345e-01) (-3.273107e-01 3.041318e-03 -1.575082e-04))
500.35        	((5.315628e+00 1.225592e+03 -1.220490e+02) (1.053920e-03 5.121445e+00 2.858108e-01)) ((-1.111963e+02 4.456391e-01 -2.812506e-01) (-3.278605e-01 2.681131e-03 -1.834361e-04))
500.36        	((5.341975e+00 1.217496e+03 -1.209144e+02) (1.692943e-03 5.120747e+00 3.143751e-01)) ((-1.093227e+02 5.991928e-01 -3.123952e-01) (-3.293742e-01 2.981085e-03 -1.921941e-04))
500.37        	((5.330170e+00 1.210063e+03 -1.203563e+02) (2.357056e-03 5.115275e+00 3.386462e-01)) ((-1.086265e+02 7.388169e-01 -3.603900e-01) (-3.309095e-01 3.161307e-03 -4.684796e-04))
500.38        	((5.440428e+00 1.205149e+03 -1.211507e+02) (1.660416e-03 5.110572e+00 3.579909e-01)) ((-1.089426e+02 8.611417e-01 -3.991520e-01) (-3.337587e-01 3.169758e-03 -2.810186e-04))
500.39        	((5.517547e+00 1.201986e+03 -1.233129e+02) (1.474634e-03 5.104476e+00 3.730284e-01)) ((-1.094760e+02 9.809873e-01 -4.446324e-01) (-3.359861e-01 2.977254e-03 -4.121841e-04))
500.4         	((5.621295e+00 1.198835e+03 -1.261768e+02) (2.090930e-03 5.099628e+00 3.841020e-01)) ((-1.095778e+02 1.056817e+00 -4.697006e-01) (-3.379827e-01 3.327510e-03 -4.594990e-04))
500.41        	((5.784868e+00 1.194237e+03 -1.292217e+02) (2.285022e-03 5.093089e+00 3.920368e-01)) ((-1.090958e+02 1.125722e+00 -5.005054e-01) (-3.391794e-01 3.429811e-03 -7.086946e-04))
500.42        	((6.017218e+00 1.188240e+03 -1.321693e+02) (2.231823e-03 5.085276e+00 3.961394e-01)) ((-1.083403e+02 1.181086e+00 -5.146526e-01) (-3.400226e-01 3.561095e-03 -7.295471e-04))
500.43        	((6.277834e+00 1.181939e+03 -1.352855e+02) (2.637400e-03 5.076116e+00 3.974085e-01)) ((-1.078010e+02 1.221075e+00 -5.393231e-01) (-3.411201e-01 3.554692e-03 -1.084105e-03))
500.44        	((6.576965e+00 1.176310e+03 -1.386582e+02) (3.574521e-03 5.065676e+00 3.940841e-01)) ((-1.076687e+02 1.234719e+00 -5.503137e-01) (-3.423766e-01 3.851749e-03 -1.109084e-03))
500.45        	((6.955980e+00 1.171663e+03 -1.425349e+02) (3.768839e-03 5.054847e+00 3.873081e-01)) ((-1.078942e+02 1.252014e+00 -5.775770e-01) (-3.440095e-01 4.055710e-03 -1.465761e-03))
500.46        	((7.397241e+00 1.167806e+03 -1.466191e+02) (4.238241e-03 5.043638e+00 3.768088e-01)) ((-1.082304e+02 1.248428e+00 -5.952580e-01) (-3.455971e-01 4.387869e-03 -1.542796e-03))
500.47        	((7.886850e+00 1.164290e+03 -1.508491e+02) (4.581542e-03 5.031161e+00 3.639527e-01)) ((-1.085243e+02 1.246585e+00 -6.225865e-01) (-3.465219e-01 4.317258e-03 -1.792653e-03))
500.48        	((8.428338e+00 1.160842e+03 -1.550335e+02) (4.716956e-03 5.018377e+00 3.482554e-01)) ((-1.087568e+02 1.217858e+00 -6.409658e-01) (-3.472301e-01 4.470197e-03 -1.672509e-03))
500.49        	((8.980682e+00 1.157379e+03 -1.591516e+02) (5.522009e-03 5.003847e+00 3.309622e-01)) ((-1.090108e+02 1.195471e+00 -6.674499e-01) (-3.473502e-01 4.587120e-03 -2.062681e-03))
500.5         	((9.549614e+00 1.154121e+03 -1.631102e+02) (6.233667e-03 4.988718e+00 3.110677e-01)) ((-1.093841e+02 1.168845e+00 -6.834025e-01) (-3.474656e-01 4.938531e-03 -2.001908e-03))
500.51        	((1.006290e+01 1.151198e+03 -1.669624e+02) (7.243573e-03 4.971341e+00 2.901843e-01)) ((-1.098977e+02 1.148791e+00 -7.119810e-01) (-3.468631e-01 4.863722e-03 -2.495577e-03))
500.52        	((1.055149e+01 1.148661e+03 -1.705945e+02) (7.541502e-03 4.954718e+00 2.664716e-01)) ((-1.104982e+02 1.122049e+00 -7.385975e-01) (-3.466155e-01 5.040743e-03 -1.995953e-03))
500.53        	((1.102236e+01 1.146460e+03 -1.739399e+02) (8.116324e-03 4.936764e+00 2.416030e-01)) ((-1.111318e+02 1.104745e+00 -7.600561e-01) (-3.458966e-01 5.190394e-03 -1.911702e-03))
500.54        	((1.141514e+01 1.144392e+03 -1.769820e+02) (9.001478e-03 4.917418e+00 2.157993e-01)) ((-1.117412e+02 1.106433e+00 -7.862200e-01) (-3.447208e-01 5.406690e-03 -2.068095e-03))
500.55        	((1.172925e+01 1.142409e+03 -1.796434e+02) (9.911100e-03 4.898099e+00 1.892909e-01)) ((-1.123297e+02 1.128815e+00 -8.108211e-01) (-3.434350e-01 5.759146e-03 -2.293697e-03))
500.56        	((1.197479e+01 1.140436e+03 -1.819001e+02) (1.080297e-02 4.878032e+00 1.623072e-01)) ((-1.128835e+02 1.160560e+00 -8.428050e-01) (-3.420066e-01 6.102441e-03 -2.563803e-03))
500.57        	((1.212899e+01 1.138525e+03 -1.837325e+02) (1.151817e-02 4.857918e+00 1.351807e-01)) ((-1.134158e+02 1.208479e+00 -8.829115e-01) (-3.404950e-01 6.369071e-03 -2.711114e-03))
500.58        	((1.220401e+01 1.136703e+03 -1.851612e+02) (1.181019e-02 4.837281e+00 1.079366e-01)) ((-1.139283e+02 1.254763e+00 -9.217020e-01) (-3.387992e-01 6.575051e-03 -2.762847e-03))
500.59        	((1.217018e+01 1.134994e+03 -1.862222e+02) (1.201047e-02 4.816594e+00 8.129084e-02)) ((-1.144236e+02 1.320936e+00 -9.636841e-01) (-3.369162e-01 6.640513e-03 -2.753182e-03))
500.6         	((1.208351e+01 1.133356e+03 -1.869486e+02) (1.252237e-02 4.795881e+00 5.521739e-02)) ((-1.148911e+02 1.386021e+00 -9.975196e-01) (-3.349992e-01 7.019227e-03 -3.050469e-03))
500.61        	((1.191206e+01 1.131726e+03 -1.873520e+02) (1.306328e-02 4.775452e+00 2.981654e-02)) ((-1.153039e+02 1.481860e+00 -1.039937e+00) (-3.331097e-01 7.188021e-03 -3.336421e-03))
500.62        	((1.172764e+01 1.130039e+03 -1.874297e+02) (1.317599e-02 4.754846e+00 5.250349e-03)) ((-1.156414e+02 1.571789e+00 -1.073887e+00) (-3.311031e-01 7.556989e-03 -3.539841e-03))
500.63        	((1.145314e+01 1.128316e+03 -1.872041e+02) (1.372523e-02 4.734414e+00 -1.834691e-02)) ((-1.158966e+02 1.695965e+00 -1.112376e+00) (-3.290017e-01 7.656095e-03 -3.757474e-03))
500.64        	((1.118461e+01 1.126606e+03 -1.867228e+02) (1.363301e-02 4.714100e+00 -4.102928e-02)) ((-1.160888e+02 1.803877e+00 -1.136229e+00) (-3.268710e-01 7.944962e-03 -3.835464e-03))
500.65        	((1.085869e+01 1.124954e+03 -1.860519e+02) (1.393210e-02 4.694105e+00 -6.232446e-02)) ((-1.162379e+02 1.937974e+00 -1.172561e+00) (-3.246558e-01 7.826853e-03 -4.046435e-03))
500.66        	((1.058115e+01 1.123341e+03 -1.852069e+02) (1.336205e-02 4.674652e+00 -8.280015e-02)) ((-1.163447e+02 2.047102e+00 -1.197407e+00) (-3.228450e-01 7.948276e-03 -3.959470e-03))
500.67        	((1.027694e+01 1.121844e+03 -1.842522e+02) (1.327331e-02 4.656221e+00 -1.019121e-01)) ((-1.164219e+02 2.177980e+00 -1.239689e+00) (-3.211715e-01 7.847703e-03 -3.923835e-03))
500.68        	((1.003122e+01 1.120362e+03 -1.832010e+02) (1.280871e-02 4.637906e+00 -1.200911e-01)) ((-1.164422e+02 2.281675e+00 -1.270420e+00) (-3.196689e-01 8.111382e-03 -3.900433e-03))
500.69        	((9.755662e+00 1.118880e+03 -1.820929e+02) (1.289578e-02 4.620572e+00 -1.363171e-01)) ((-1.164065e+02 2.405785e+00 -1.309838e+00) (-3.183891e-01 7.929550e-03 -4.243651e-03))
500.7         	((9.557626e+00 1.117411e+03 -1.809457e+02) (1.180325e-02 4.604279e+00 -1.513312e-01)) ((-1.163402e+02 2.497212e+00 -1.334006e+00) (-3.175350e-01 7.879372e-03 -4.088721e-03))
500.71        	((9.359558e+00 1.116007e+03 -1.797943e+02) (1.150075e-02 4.588458e+00 -1.650054e-01)) ((-1.162492e+02 2.604105e+00 -1.368700e+00) (-3.165266e-01 7.732682e-03 -4.157479e-03))
500.72        	((9.259683e+00 1.114709e+03 -1.786593e+02) (1.064954e-02 4.573095e+00 -1.778636e-01)) ((-1.161482e+02 2.682744e+00 -1.394437e+00) (-3.158915e-01 7.883467e-03 -4.113327e-03))
500.73        	((9.162483e+00 1.113508e+03 -1.775823e+02) (1.071850e-02 4.558402e+00 -1.891644e-01)) ((-1.160417e+02 2.776944e+00 -1.431235e+00) (-3.151379e-01 8.026239e-03 -4.387884e-03))
500.74        	((9.140854e+00 1.112375e+03 -1.765858e+02) (1.044658e-02 4.544054e+00 -1.996951e-01)) ((-1.159345e+02 2.851683e+00 -1.457171e+00) (-3.147269e-01 8.254544e-03 -4.478445e-03))
500.75        	((9.120400e+00 1.111315e+03 -1.756865e+02) (1.042710e-02 4.530303e+00 -2.089598e-01)) ((-1.158261e+02 2.947248e+00 -1.486910e+00) (-3.145268e-01 8.362842e-03 -4.647243e-03))
500.76        	((9.170943e+00 1.110373e+03 -1.749056e+02) (9.816923e-03 4.517456e+00 -2.174469e-01)) ((-1.157128e+02 3.021670e+00 -1.506049e+00) (-3.143873e-01 8.657304e-03 -4.689437e-03))
500.77        	((9.211981e+00 1.109540e+03 -1.742527e+02) (9.980502e-03 4.505426e+00 -2.247306e-01)) ((-1.156095e+02 3.104113e+00 -1.533672e+00) (-3.142972e-01 8.798548e-03 -4.943077e-03))
500.78        	((9.298780e+00 1.108812e+03 -1.737255e+02) (9.886747e-03 4.493617e+00 -2.312212e-01)) ((-1.155387e+02 3.162465e+00 -1.552596e+00) (-3.143654e-01 9.036792e-03 -5.163293e-03))
500.79        	((9.372556e+00 1.108167e+03 -1.733200e+02) (1.012550e-02 4.482162e+00 -2.366320e-01)) ((-1.154843e+02 3.221126e+00 -1.574319e+00) (-3.143271e-01 9.143035e-03 -5.442274e-03))
500.8         	((9.475523e+00 1.107583e+03 -1.730186e+02) (1.003374e-02 4.470781e+00 -2.411511e-01)) ((-1.154287e+02 3.256240e+00 -1.586383e+00) (-3.142612e-01 9.351810e-03 -5.650017e-03))
500.81        	((9.556483e+00 1.107085e+03 -1.728125e+02) (1.009721e-02 4.459760e+00 -2.449684e-01)) ((-1.153663e+02 3.289892e+00 -1.597262e+00) (-3.141734e-01 9.344142e-03 -5.840353e-03))
500.82        	((9.648811e+00 1.106689e+03 -1.726767e+02) (9.975654e-03 4.449116e+00 -2.482325e-01)) ((-1.153091e+02 3.304025e+00 -1.598299e+00) (-3.141123e-01 9.350996e-03 -5.954896e-03))
500.83        	((9.730188e+00 1.106386e+03 -1.725909e+02) (9.940825e-03 4.439008e+00 -2.510714e-01)) ((-1.152640e+02 3.315273e+00 -1.600334e+00) (-3.141201e-01 9.236183e-03 -6.059356e-03))
500.84        	((9.828720e+00 1.106155e+03 -1.725475e+02) (9.623562e-03 4.429413e+00 -2.535092e-01)) ((-1.152332e+02 3.311043e+00 -1.600188e+00) (-3.143136e-01 9.116509e-03 -6.070406e-03))
500.85        	((9.897191e+00 1.106016e+03 -1.725525e+02) (9.511151e-03 4.420301e+00 -2.555279e-01)) ((-1.152129e+02 3.305447e+00 -1.607461e+00) (-3.145190e-01 8.902820e-03 -6.111150e-03))
500.86        	((9.951322e+00 1.105949e+03 -1.725941e+02) (9.386396e-03 4.411566e+00 -2.570613e-01)) ((-1.151966e+02 3.294806e+00 -1.615091e+00) (-3.147581e-01 8.763691e-03 -6.193869e-03))
500.87        	((9.983947e+00 1.105918e+03 -1.726685e+02) (9.500174e-03 4.403386e+00 -2.578193e-01)) ((-1.151691e+02 3.300033e+00 -1.624048e+00) (-3.150353e-01 8.714202e-03 -6.327170e-03))
500.88        	((1.002468e+01 1.105914e+03 -1.727626e+02) (9.505403e-03 4.395482e+00 -2.580783e-01)) ((-1.151313e+02 3.315815e+00 -1.629052e+00) (-3.152987e-01 8.757143e-03 -6.410873e-03))
500.89        	((1.006599e+01 1.105940e+03 -1.728706e+02) (9.526385e-03 4.387694e+00 -2.580610e-01)) ((-1.150817e+02 3.345840e+00 -1.637337e+00) (-3.154473e-01 8.767800e-03 -6.460940e-03))
500.9         	((1.010947e+01 1.106001e+03 -1.729856e+02) (9.476304e-03 4.380096e+00 -2.578699e-01)) ((-1.150244e+02 3.377516e+00 -1.648795e+00) (-3.155163e-01 8.856948e-03 -6.474552e-03))
500.91        	((1.013850e+01 1.106127e+03 -1.731071e+02) (9.567050e-03 4.372544e+00 -2.576774e-01)) ((-1.149599e+02 3.411262e+00 -1.666031e+00) (-3.155544e-01 8.881553e-03 -6.500372e-03))
500.92        	((1.016778e+01 1.106324e+03 -1.732414e+02) (9.580667e-03 4.365241e+00 -2.574005e-01)) ((-1.148834e+02 3.441393e+00 -1.685727e+00) (-3.155010e-01 8.897628e-03 -6.512968e-03))
500.93        	((1.019430e+01 1.106554e+03 -1.733873e+02) (9.637056e-03 4.358016e+00 -2.570429e-01)) ((-1.147876e+02 3.477914e+00 -1.709069e+00) (-3.153920e-01 8.828268e-03 -6.525590e-03))
500.94        	((1.022196e+01 1.106794e+03 -1.735465e+02) (9.686533e-03 4.350954e+00 -2.565345e-01)) ((-1.146699e+02 3.521266e+00 -1.732135e+00) (-3.151971e-01 8.785680e-03 -6.563316e-03))
500.95        	((1.024262e+01 1.107047e+03 -1.737234e+02) (9.607769e-03 4.343875e+00 -2.559716e-01)) ((-1.145353e+02 3.575496e+00 -1.756520e+00) (-3.149748e-01 8.770979e-03 -6.590474e-03))
500.96        	((1.024957e+01 1.107347e+03 -1.739333e+02) (9.364437e-03 4.337058e+00 -2.553110e-01)) ((-1.143908e+02 3.638780e+00 -1.781699e+00) (-3.148015e-01 8.709326e-03 -6.603704e-03))
500.97        	((1.022355e+01 1.107722e+03 -1.741840e+02) (8.907082e-03 4.329986e+00 -2.545802e-01)) ((-1.142439e+02 3.715458e+00 -1.808990e+00) (-3.148600e-01 8.577179e-03 -6.723667e-03))
500.98        	((1.017132e+01 1.108163e+03 -1.744686e+02) (8.863605e-03 4.323984e+00 -2.540029e-01)) ((-1.140826e+02 3.796014e+00 -1.834408e+00) (-3.146612e-01 8.365389e-03 -6.689832e-03))
500.99        	((1.011112e+01 1.108648e+03 -1.747848e+02) (8.632306e-03 4.317687e+00 -2.535598e-01)) ((-1.139087e+02 3.875399e+00 -1.853135e+00) (-3.145250e-01 8.262981e-03 -6.687094e-03))
501           	((1.003306e+01 1.109164e+03 -1.751338e+02) (8.707476e-03 4.311818e+00 -2.531027e-01)) ((-1.137229e+02 3.955879e+00 -1.868490e+00) (-3.141952e-01 8.078454e-03 -6.683997e-03))
501.01        	((9.944972e+00 1.109715e+03 -1.755156e+02) (8.614035e-03 4.305815e+00 -2.526770e-01)) ((-1.135323e+02 4.036776e+00 -1.879637e+00) (-3.138727e-01 7.940155e-03 -6.687094e-03))
501.02        	((9.848716e+00 1.110291e+03 -1.759246e+02) (8.563430e-03 4.299919e+00 -2.520649e-01)) ((-1.133424e+02 4.113393e+00 -1.889202e+00) (-3.134574e-01 7.801428e-03 -6.693696e-03))
501.03        	((9.742395e+00 1.110885e+03 -1.763602e+02) (8.524873e-03 4.294074e+00 -2.514487e-01)) ((-1.131560e+02 4.186634e+00 -1.899872e+00) (-3.130090e-01 7.680313e-03 -6.701823e-03))
501.04        	((9.673524e+00 1.111521e+03 -1.768376e+02) (8.763031e-03 4.284759e+00 -2.504084e-01)) ((-1.129728e+02 4.249151e+00 -1.909148e+00) (-3.136122e-01 7.611911e-03 -5.915960e-03))
501.05        	((9.715816e+00 1.112207e+03 -1.773577e+02) (8.206123e-03 4.281041e+00 -2.501788e-01)) ((-1.127912e+02 4.289074e+00 -1.909530e+00) (-3.125902e-01 7.596406e-03 -6.361628e-03))
501.06        	((9.661732e+00 1.112995e+03 -1.779615e+02) (7.680792e-03 4.276490e+00 -2.499023e-01)) ((-1.125788e+02 4.357651e+00 -1.926481e+00) (-3.117859e-01 7.599917e-03 -6.550763e-03))
501.07        	((9.573553e+00 1.113839e+03 -1.786171e+02) (7.198095e-03 4.271762e+00 -2.492493e-01)) ((-1.123574e+02 4.443719e+00 -1.948852e+00) (-3.110135e-01 7.551307e-03 -6.550390e-03))
501.08        	((9.509712e+00 1.114682e+03 -1.792909e+02) (6.934185e-03 4.266779e+00 -2.483833e-01)) ((-1.121414e+02 4.535372e+00 -1.967841e+00) (-3.102743e-01 7.453055e-03 -6.501935e-03))
501.09        	((9.500308e+00 1.115502e+03 -1.799686e+02) (6.800460e-03 4.261866e+00 -2.474932e-01)) ((-1.119428e+02 4.628164e+00 -1.979103e+00) (-3.094754e-01 7.275254e-03 -6.469166e-03))
501.1         	((9.552477e+00 1.116354e+03 -1.806796e+02) (6.754723e-03 4.257242e+00 -2.465152e-01)) ((-1.117565e+02 4.717444e+00 -1.983752e+00) (-3.085585e-01 7.023774e-03 -6.424406e-03))
501.11        	((9.635136e+00 1.117264e+03 -1.814377e+02) (6.731433e-03 4.252651e+00 -2.456710e-01)) ((-1.115787e+02 4.808366e+00 -1.987811e+00) (-3.076155e-01 6.733355e-03 -6.374794e-03))
501.12        	((9.711465e+00 1.118235e+03 -1.822465e+02) (6.802775e-03 4.248077e+00 -2.450887e-01)) ((-1.114058e+02 4.908740e+00 -1.997176e+00) (-3.066644e-01 6.436218e-03 -6.361200e-03))
501.13        	((9.789918e+00 1.119262e+03 -1.831043e+02) (6.872266e-03 4.244009e+00 -2.444209e-01)) ((-1.112283e+02 5.017124e+00 -2.010571e+00) (-3.055852e-01 6.160894e-03 -6.352510e-03))
501.14        	((9.898737e+00 1.120317e+03 -1.839960e+02) (6.893716e-03 4.240210e+00 -2.437001e-01)) ((-1.110454e+02 5.126626e+00 -2.023558e+00) (-3.044378e-01 5.918505e-03 -6.315347e-03))
501.15        	((1.004489e+01 1.121393e+03 -1.849150e+02) (6.905387e-03 4.236576e+00 -2.429128e-01)) ((-1.108707e+02 5.233945e+00 -2.034328e+00) (-3.032348e-01 5.725609e-03 -6.292396e-03))
501.16        	((1.021120e+01 1.122491e+03 -1.858621e+02) (6.792346e-03 4.233003e+00 -2.421465e-01)) ((-1.107106e+02 5.340620e+00 -2.045793e+00) (-3.020095e-01 5.570634e-03 -6.240367e-03))
501.17        	((1.039676e+01 1.123641e+03 -1.868496e+02) (6.674460e-03 4.229530e+00 -2.414437e-01)) ((-1.105607e+02 5.443630e+00 -2.058826e+00) (-3.007367e-01 5.478671e-03 -6.245378e-03))
501.18        	((1.063060e+01 1.124839e+03 -1.878782e+02) (6.546254e-03 4.226167e+00 -2.408716e-01)) ((-1.104189e+02 5.534743e+00 -2.072374e+00) (-2.994094e-01 5.421115e-03 -6.252322e-03))
501.19        	((1.095024e+01 1.126087e+03 -1.889520e+02) (6.307798e-03 4.222773e+00 -2.406096e-01)) ((-1.102770e+02 5.606678e+00 -2.083297e+00) (-2.980423e-01 5.381640e-03 -6.215454e-03))
501.2         	((1.134405e+01 1.127380e+03 -1.900712e+02) (6.153120e-03 4.219418e+00 -2.406667e-01)) ((-1.101252e+02 5.661963e+00 -2.092296e+00) (-2.966290e-01 5.368036e-03 -6.230873e-03))
501.21        	((1.180021e+01 1.128687e+03 -1.912212e+02) (6.117139e-03 4.216452e+00 -2.408696e-01)) ((-1.099671e+02 5.703510e+00 -2.099831e+00) (-2.950801e-01 5.364204e-03 -6.298819e-03))
501.22        	((1.230866e+01 1.129956e+03 -1.923778e+02) (6.201731e-03 4.213699e+00 -2.412967e-01)) ((-1.098186e+02 5.733672e+00 -2.106625e+00) (-2.934559e-01 5.340439e-03 -6.357477e-03))
501.23        	((1.288152e+01 1.131173e+03 -1.935402e+02) (6.429723e-03 4.211364e+00 -2.416555e-01)) ((-1.096954e+02 5.751942e+00 -2.110377e+00) (-2.916962e-01 5.284397e-03 -6.405501e-03))
501.24        	((1.350860e+01 1.132368e+03 -1.947168e+02) (6.881688e-03 4.209006e+00 -2.422296e-01)) ((-1.096010e+02 5.761347e+00 -2.111310e+00) (-2.899147e-01 5.165824e-03 -6.421625e-03))
501.25        	((1.416294e+01 1.133572e+03 -1.959240e+02) (7.367794e-03 4.206736e+00 -2.430371e-01)) ((-1.095251e+02 5.767252e+00 -2.114308e+00) (-2.880982e-01 5.000145e-03 -6.412062e-03))
501.26        	((1.483213e+01 1.134784e+03 -1.971487e+02) (7.934506e-03 4.204756e+00 -2.438451e-01)) ((-1.094527e+02 5.774310e+00 -2.119681e+00) (-2.861708e-01 4.784772e-03 -6.377264e-03))
501.27        	((1.552723e+01 1.135990e+03 -1.984019e+02) (8.082075e-03 4.203087e+00 -2.449039e-01)) ((-1.093754e+02 5.784595e+00 -2.128683e+00) (-2.841627e-01 4.563206e-03 -6.285902e-03))
501.28        	((1.620298e+01 1.137128e+03 -1.996279e+02) (8.743493e-03 4.200937e+00 -2.463323e-01)) ((-1.092992e+02 5.806855e+00 -2.139725e+00) (-2.821400e-01 4.254945e-03 -6.128970e-03))
501.29        	((1.688114e+01 1.138221e+03 -2.008692e+02) (8.436810e-03 4.200622e+00 -2.476628e-01)) ((-1.092327e+02 5.838579e+00 -2.158936e+00) (-2.798024e-01 4.017104e-03 -5.921074e-03))
501.3         	((1.753297e+01 1.139209e+03 -2.020514e+02) (8.928666e-03 4.199509e+00 -2.492772e-01)) ((-1.091966e+02 5.882664e+00 -2.178538e+00) (-2.774494e-01 3.691433e-03 -5.669447e-03))
501.31        	((1.823549e+01 1.140155e+03 -2.032398e+02) (8.387145e-03 4.200086e+00 -2.508524e-01)) ((-1.091924e+02 5.924155e+00 -2.201910e+00) (-2.748149e-01 3.484020e-03 -5.450428e-03))
501.32        	((1.895203e+01 1.141027e+03 -2.044060e+02) (8.248826e-03 4.200185e+00 -2.527499e-01)) ((-1.092216e+02 5.965816e+00 -2.225771e+00) (-2.721768e-01 3.215720e-03 -5.182752e-03))
501.33        	((1.972526e+01 1.141863e+03 -2.055973e+02) (7.462298e-03 4.200891e+00 -2.548550e-01)) ((-1.092693e+02 5.999480e+00 -2.255195e+00) (-2.693674e-01 3.004970e-03 -4.948381e-03))
501.34        	((2.053033e+01 1.142650e+03 -2.067917e+02) (7.018820e-03 4.201792e+00 -2.570705e-01)) ((-1.093282e+02 6.027294e+00 -2.285149e+00) (-2.663066e-01 2.716346e-03 -4.764301e-03))
501.35        	((2.139885e+01 1.143389e+03 -2.079665e+02) (5.409035e-03 4.201784e+00 -2.594906e-01)) ((-1.094059e+02 6.038300e+00 -2.309619e+00) (-2.628665e-01 2.449291e-03 -4.696285e-03))
501.36        	((2.229119e+01 1.144092e+03 -2.091311e+02) (5.083066e-03 4.203678e+00 -2.618847e-01)) ((-1.095039e+02 6.041095e+00 -2.324768e+00) (-2.590727e-01 2.076599e-03 -4.699114e-03))
501.37        	((2.322766e+01 1.144696e+03 -2.102375e+02) (4.391258e-03 4.206251e+00 -2.644763e-01)) ((-1.096223e+02 6.036710e+00 -2.339962e+00) (-2.554672e-01 1.948053e-03 -4.657361e-03))
501.38        	((2.418808e+01 1.145181e+03 -2.112695e+02) (4.016688e-03 4.209450e+00 -2.669971e-01)) ((-1.097590e+02 6.026541e+00 -2.357334e+00) (-2.518385e-01 1.800155e-03 -4.603715e-03))
501.39        	((2.513990e+01 1.145575e+03 -2.122443e+02) (3.995602e-03 4.212994e+00 -2.696159e-01)) ((-1.099096e+02 6.008727e+00 -2.374575e+00) (-2.481776e-01 1.625827e-03 -4.525555e-03))
501.4         	((2.609185e+01 1.145922e+03 -2.131557e+02) (4.124886e-03 4.216715e+00 -2.725408e-01)) ((-1.100745e+02 5.987648e+00 -2.391428e+00) (-2.445096e-01 1.353255e-03 -4.445267e-03))
501.41        	((2.699083e+01 1.146224e+03 -2.140112e+02) (5.233382e-03 4.220447e+00 -2.754986e-01)) ((-1.102409e+02 5.958506e+00 -2.406677e+00) (-2.407135e-01 1.215472e-03 -4.525513e-03))
501.42        	((2.790648e+01 1.146556e+03 -2.148161e+02) (5.070268e-03 4.224346e+00 -2.789745e-01)) ((-1.104226e+02 5.935489e+00 -2.420991e+00) (-2.369399e-01 8.275949e-04 -4.380409e-03))
501.43        	((2.874119e+01 1.146856e+03 -2.155631e+02) (5.765318e-03 4.229982e+00 -2.821512e-01)) ((-1.106083e+02 5.910204e+00 -2.439412e+00) (-2.329511e-01 5.394218e-04 -4.334953e-03))
501.44        	((2.953992e+01 1.147138e+03 -2.162938e+02) (4.932384e-03 4.236332e+00 -2.854919e-01)) ((-1.108059e+02 5.893221e+00 -2.462080e+00) (-2.287225e-01 1.072454e-04 -4.176897e-03))
501.45        	((3.023606e+01 1.147269e+03 -2.169774e+02) (5.124304e-03 4.243512e+00 -2.883254e-01)) ((-1.109972e+02 5.876530e+00 -2.487191e+00) (-2.244344e-01 -2.824755e-04 -4.033748e-03))
501.46        	((3.089408e+01 1.147303e+03 -2.175877e+02) (4.380900e-03 4.251391e+00 -2.912220e-01)) ((-1.111903e+02 5.868534e+00 -2.513198e+00) (-2.198600e-01 -7.451714e-04 -3.922562e-03))
501.47        	((3.146882e+01 1.147230e+03 -2.181243e+02) (3.918701e-03 4.260355e+00 -2.939770e-01)) ((-1.113789e+02 5.865744e+00 -2.538837e+00) (-2.153392e-01 -1.197214e-03 -3.684956e-03))
501.48        	((3.197580e+01 1.147118e+03 -2.186028e+02) (3.317691e-03 4.269548e+00 -2.965927e-01)) ((-1.115665e+02 5.867593e+00 -2.565759e+00) (-2.104264e-01 -1.647382e-03 -3.595423e-03))
501.49        	((3.239380e+01 1.146984e+03 -2.190476e+02) (2.842137e-03 4.280034e+00 -2.992808e-01)) ((-1.117559e+02 5.874993e+00 -2.592649e+00) (-2.056251e-01 -2.191853e-03 -3.323666e-03))
501.5         	((3.274414e+01 1.146863e+03 -2.194649e+02) (2.326414e-03 4.290719e+00 -3.019518e-01)) ((-1.119410e+02 5.883533e+00 -2.619396e+00) (-2.004594e-01 -2.675230e-03 -3.218048e-03))
501.51        	((3.302680e+01 1.146746e+03 -2.198663e+02) (1.724329e-03 4.302273e+00 -3.048751e-01)) ((-1.121222e+02 5.896843e+00 -2.642550e+00) (-1.954323e-01 -3.207540e-03 -2.969440e-03))
501.52        	((3.325912e+01 1.146579e+03 -2.202209e+02) (1.160089e-03 4.314025e+00 -3.077043e-01)) ((-1.122812e+02 5.909901e+00 -2.665123e+00) (-1.900662e-01 -3.671273e-03 -2.865078e-03))
501.53        	((3.343408e+01 1.146365e+03 -2.205398e+02) (3.589036e-04 4.326659e+00 -3.106095e-01)) ((-1.124333e+02 5.931282e+00 -2.683010e+00) (-1.847662e-01 -4.259963e-03 -2.601326e-03))
501.54        	((3.356886e+01 1.146107e+03 -2.207840e+02) (-4.447972e-04 4.339769e+00 -3.134322e-01)) ((-1.125707e+02 5.953694e+00 -2.700466e+00) (-1.792751e-01 -4.805983e-03 -2.358971e-03))
501.55        	((3.364788e+01 1.145834e+03 -2.209970e+02) (-1.312641e-03 4.353303e+00 -3.161530e-01)) ((-1.127113e+02 5.983360e+00 -2.713384e+00) (-1.736065e-01 -5.442550e-03 -2.140769e-03))
501.56        	((3.371000e+01 1.145549e+03 -2.211326e+02) (-2.208369e-03 4.367693e+00 -3.190207e-01)) ((-1.128334e+02 6.014005e+00 -2.727637e+00) (-1.679064e-01 -6.002969e-03 -1.816573e-03))
501.57        	((3.373779e+01 1.145260e+03 -2.212585e+02) (-2.906308e-03 4.382300e+00 -3.216664e-01)) ((-1.129447e+02 6.050795e+00 -2.735788e+00) (-1.618008e-01 -6.585348e-03 -1.713607e-03))
501.58        	((3.378714e+01 1.144974e+03 -2.213133e+02) (-3.910166e-03 4.398268e+00 -3.245878e-01)) ((-1.130246e+02 6.090312e+00 -2.744076e+00) (-1.558921e-01 -7.073357e-03 -1.336727e-03))
501.59        	((3.381594e+01 1.144706e+03 -2.213736e+02) (-4.512893e-03 4.414059e+00 -3.272559e-01)) ((-1.130960e+02 6.141047e+00 -2.748190e+00) (-1.494739e-01 -7.559140e-03 -1.334702e-03))
501.6         	((3.387937e+01 1.144451e+03 -2.213789e+02) (-5.401519e-03 4.431613e+00 -3.302812e-01)) ((-1.131488e+02 6.199913e+00 -2.753683e+00) (-1.433903e-01 -7.976831e-03 -9.886832e-04))
501.61        	((3.395049e+01 1.144203e+03 -2.214004e+02) (-5.880649e-03 4.449296e+00 -3.327908e-01)) ((-1.131996e+02 6.272657e+00 -2.756653e+00) (-1.367323e-01 -8.416769e-03 -9.920337e-04))
501.62        	((3.409332e+01 1.143961e+03 -2.213662e+02) (-6.384181e-03 4.468209e+00 -3.357208e-01)) ((-1.132240e+02 6.355140e+00 -2.762346e+00) (-1.304996e-01 -8.749499e-03 -7.348796e-04))
501.63        	((3.427924e+01 1.143739e+03 -2.213407e+02) (-6.548478e-03 4.486841e+00 -3.383549e-01)) ((-1.132389e+02 6.450404e+00 -2.763474e+00) (-1.237641e-01 -9.085753e-03 -8.266821e-04))
501.64        	((3.454751e+01 1.143519e+03 -2.212440e+02) (-6.799461e-03 4.507215e+00 -3.412362e-01)) ((-1.132269e+02 6.556277e+00 -2.766218e+00) (-1.174316e-01 -9.398932e-03 -5.701376e-04))
501.65        	((3.484805e+01 1.143324e+03 -2.211796e+02) (-6.669017e-03 4.527347e+00 -3.436984e-01)) ((-1.132112e+02 6.680963e+00 -2.766361e+00) (-1.106217e-01 -9.688370e-03 -7.195983e-04))
501.66        	((3.522353e+01 1.143142e+03 -2.210782e+02) (-6.725911e-03 4.548942e+00 -3.464422e-01)) ((-1.131791e+02 6.817478e+00 -2.769425e+00) (-1.042718e-01 -9.938152e-03 -5.112197e-04))
501.67        	((3.562506e+01 1.142973e+03 -2.210134e+02) (-6.655738e-03 4.569954e+00 -3.489908e-01)) ((-1.131526e+02 6.969116e+00 -2.770875e+00) (-9.757356e-02 -1.013971e-02 -6.567628e-04))
501.68        	((3.607570e+01 1.142816e+03 -2.209243e+02) (-6.998845e-03 4.592050e+00 -3.518871e-01)) ((-1.131149e+02 7.131942e+00 -2.776690e+00) (-9.139415e-02 -1.024807e-02 -4.976167e-04))
501.69        	((3.650852e+01 1.142693e+03 -2.209087e+02) (-7.104627e-03 4.614483e+00 -3.544397e-01)) ((-1.130787e+02 7.314319e+00 -2.781631e+00) (-8.471903e-02 -1.032855e-02 -6.325759e-04))
501.7         	((3.697252e+01 1.142594e+03 -2.208760e+02) (-7.562428e-03 4.638126e+00 -3.574942e-01)) ((-1.130274e+02 7.507256e+00 -2.790013e+00) (-7.851013e-02 -1.032620e-02 -4.618637e-04))
501.71        	((3.743692e+01 1.142538e+03 -2.208974e+02) (-7.869553e-03 4.661552e+00 -3.603593e-01)) ((-1.129828e+02 7.708314e+00 -2.794792e+00) (-7.190761e-02 -1.027846e-02 -5.843794e-04))
501.72        	((3.795564e+01 1.142522e+03 -2.208953e+02) (-8.414524e-03 4.686359e+00 -3.635657e-01)) ((-1.129268e+02 7.907348e+00 -2.801288e+00) (-6.571175e-02 -1.015218e-02 -4.234038e-04))
501.73        	((3.849514e+01 1.142546e+03 -2.209355e+02) (-8.858699e-03 4.711039e+00 -3.665475e-01)) ((-1.128776e+02 8.105806e+00 -2.805003e+00) (-5.917546e-02 -1.003333e-02 -5.153219e-04))
501.74        	((3.909181e+01 1.142584e+03 -2.209309e+02) (-9.374577e-03 4.737158e+00 -3.698081e-01)) ((-1.128204e+02 8.293575e+00 -2.812362e+00) (-5.307198e-02 -9.873205e-03 -3.722350e-04))
501.75        	((3.969486e+01 1.142640e+03 -2.209520e+02) (-9.790707e-03 4.763066e+00 -3.728961e-01)) ((-1.127774e+02 8.472868e+00 -2.820367e+00) (-4.671951e-02 -9.698709e-03 -4.647125e-04))
501.76        	((4.033245e+01 1.142697e+03 -2.209091e+02) (-1.033647e-02 4.790151e+00 -3.763691e-01)) ((-1.127290e+02 8.638014e+00 -2.833872e+00) (-4.081410e-02 -9.477563e-03 -3.540955e-04))
501.77        	((4.097869e+01 1.142758e+03 -2.208689e+02) (-1.082150e-02 4.817032e+00 -3.797462e-01)) ((-1.126912e+02 8.791509e+00 -2.846677e+00) (-3.462892e-02 -9.274801e-03 -4.189257e-04))
501.78        	((4.168733e+01 1.142833e+03 -2.207690e+02) (-1.136905e-02 4.845301e+00 -3.834803e-01)) ((-1.126458e+02 8.928088e+00 -2.861770e+00) (-2.880238e-02 -9.035418e-03 -3.092483e-04))
501.79        	((4.242541e+01 1.142962e+03 -2.207057e+02) (-1.185484e-02 4.873606e+00 -3.870193e-01)) ((-1.126133e+02 9.049978e+00 -2.872561e+00) (-2.266586e-02 -8.832315e-03 -3.180245e-04))
501.8         	((4.322068e+01 1.143127e+03 -2.206093e+02) (-1.234979e-02 4.903231e+00 -3.908435e-01)) ((-1.125694e+02 9.150208e+00 -2.881722e+00) (-1.684987e-02 -8.643238e-03 -1.852721e-04))
501.81        	((4.404969e+01 1.143314e+03 -2.205389e+02) (-1.278246e-02 4.932931e+00 -3.943369e-01)) ((-1.125358e+02 9.230367e+00 -2.886575e+00) (-1.075508e-02 -8.467402e-03 -1.203060e-04))
501.82        	((4.493800e+01 1.143489e+03 -2.203994e+02) (-1.316129e-02 4.963800e+00 -3.979314e-01)) ((-1.124983e+02 9.286000e+00 -2.890253e+00) (-4.965756e-03 -8.235181e-03 -4.768826e-06))
501.83        	((4.586566e+01 1.143659e+03 -2.202552e+02) (-1.367297e-02 4.994559e+00 -4.011921e-01)) ((-1.124764e+02 9.324070e+00 -2.889780e+00) (9.671706e-04 -8.085023e-03 1.263789e-04))
501.84        	((4.684301e+01 1.143840e+03 -2.200396e+02) (-1.428758e-02 5.025949e+00 -4.046860e-01)) ((-1.124563e+02 9.343386e+00 -2.887418e+00) (6.554138e-03 -7.924004e-03 2.688491e-04))
501.85        	((4.784923e+01 1.144073e+03 -2.198405e+02) (-1.528145e-02 5.056889e+00 -4.078950e-01)) ((-1.124560e+02 9.350158e+00 -2.878436e+00) (1.225973e-02 -7.826939e-03 5.257294e-04))
501.86        	((4.890669e+01 1.144339e+03 -2.195813e+02) (-1.615655e-02 5.088444e+00 -4.111090e-01)) ((-1.124574e+02 9.337501e+00 -2.863603e+00) (1.769272e-02 -7.645482e-03 6.484275e-04))
501.87        	((5.000482e+01 1.144656e+03 -2.193478e+02) (-1.724306e-02 5.119951e+00 -4.140356e-01)) ((-1.124735e+02 9.310762e+00 -2.838256e+00) (2.321037e-02 -7.487395e-03 9.482632e-04))
501.88        	((5.113080e+01 1.145005e+03 -2.190808e+02) (-1.788265e-02 5.151999e+00 -4.171707e-01)) ((-1.124877e+02 9.266814e+00 -2.804353e+00) (2.840729e-02 -7.236305e-03 9.883963e-04))
501.89        	((5.227636e+01 1.145371e+03 -2.188317e+02) (-1.863376e-02 5.183816e+00 -4.200657e-01)) ((-1.125175e+02 9.210448e+00 -2.762343e+00) (3.363083e-02 -7.027497e-03 1.248510e-03))
501.9         	((5.342580e+01 1.145738e+03 -2.185210e+02) (-1.915160e-02 5.215902e+00 -4.234431e-01)) ((-1.125478e+02 9.138056e+00 -2.713215e+00) (3.846823e-02 -6.802565e-03 1.241530e-03))
501.91        	((5.459157e+01 1.146135e+03 -2.182149e+02) (-1.998924e-02 5.247730e+00 -4.266953e-01)) ((-1.125924e+02 9.052009e+00 -2.655373e+00) (4.336769e-02 -6.670661e-03 1.586477e-03))
501.92        	((5.575196e+01 1.146562e+03 -2.178711e+02) (-2.041373e-02 5.280515e+00 -4.301329e-01)) ((-1.126337e+02 8.949005e+00 -2.589186e+00) (4.798042e-02 -6.494033e-03 1.563513e-03))
501.93        	((5.692267e+01 1.147000e+03 -2.175436e+02) (-2.149569e-02 5.313412e+00 -4.333486e-01)) ((-1.126856e+02 8.830983e+00 -2.518593e+00) (5.253341e-02 -6.427080e-03 2.084220e-03))
501.94        	((5.807415e+01 1.147420e+03 -2.171595e+02) (-2.220783e-02 5.346516e+00 -4.367971e-01)) ((-1.127354e+02 8.691593e+00 -2.447312e+00) (5.678621e-02 -6.254907e-03 2.045057e-03))
501.95        	((5.924558e+01 1.147836e+03 -2.167744e+02) (-2.355560e-02 5.379754e+00 -4.400670e-01)) ((-1.127979e+02 8.531525e+00 -2.378134e+00) (6.084907e-02 -6.179554e-03 2.628484e-03))
501.96        	((6.041266e+01 1.148257e+03 -2.163512e+02) (-2.434741e-02 5.413031e+00 -4.434355e-01)) ((-1.128600e+02 8.347993e+00 -2.309873e+00) (6.477584e-02 -5.953880e-03 2.518261e-03))
501.97        	((6.161888e+01 1.148704e+03 -2.159481e+02) (-2.588922e-02 5.446487e+00 -4.468701e-01)) ((-1.129315e+02 8.146101e+00 -2.242707e+00) (6.841032e-02 -5.870469e-03 3.127243e-03))
501.98        	((6.281705e+01 1.149170e+03 -2.155283e+02) (-2.659876e-02 5.479919e+00 -4.504328e-01)) ((-1.129952e+02 7.922034e+00 -2.175020e+00) (7.187216e-02 -5.643110e-03 3.066837e-03))
501.99        	((6.404487e+01 1.149651e+03 -2.151356e+02) (-2.767638e-02 5.512857e+00 -4.538615e-01)) ((-1.130663e+02 7.679102e+00 -2.109596e+00) (7.525970e-02 -5.549926e-03 3.665615e-03))
502           	((6.526884e+01 1.150134e+03 -2.147142e+02) (-2.777138e-02 5.545242e+00 -4.572463e-01)) ((-1.131426e+02 7.416913e+00 -2.048815e+00) (7.858981e-02 -5.302490e-03 3.773431e-03))
502.01        	((6.654287e+01 1.150646e+03 -2.143006e+02) (-2.856322e-02 5.576842e+00 -4.606004e-01)) ((-1.132416e+02 7.140206e+00 -1.992591e+00) (8.184691e-02 -5.206801e-03 4.528933e-03))
502.02        	((6.782272e+01 1.151162e+03 -2.138360e+02) (-2.896872e-02 5.608614e+00 -4.641103e-01)) ((-1.133375e+02 6.842209e+00 -1.933623e+00) (8.432185e-02 -5.165675e-03 4.531398e-03))
502.03        	((6.916687e+01 1.151697e+03 -2.133566e+02) (-2.990648e-02 5.637275e+00 -4.671048e-01)) ((-1.134345e+02 6.532336e+00 -1.870063e+00) (8.631969e-02 -5.366039e-03 4.991619e-03))
502.04        	((7.054482e+01 1.152242e+03 -2.129008e+02) (-3.159812e-02 5.670067e+00 -4.703046e-01)) ((-1.135144e+02 6.208898e+00 -1.802248e+00) (8.838833e-02 -5.316371e-03 5.054908e-03))
502.05        	((7.190233e+01 1.152796e+03 -2.125580e+02) (-3.432223e-02 5.703060e+00 -4.737153e-01)) ((-1.135880e+02 5.888397e+00 -1.731155e+00) (9.046313e-02 -5.327146e-03 5.753283e-03))
502.06        	((7.322472e+01 1.153302e+03 -2.122211e+02) (-3.651175e-02 5.736093e+00 -4.770052e-01)) ((-1.136501e+02 5.564027e+00 -1.656701e+00) (9.222048e-02 -5.223007e-03 5.843865e-03))
502.07        	((7.458464e+01 1.153743e+03 -2.118713e+02) (-3.930804e-02 5.768661e+00 -4.799221e-01)) ((-1.137130e+02 5.235966e+00 -1.580102e+00) (9.393556e-02 -5.263304e-03 6.554174e-03))
502.08        	((7.594310e+01 1.154132e+03 -2.114703e+02) (-4.143367e-02 5.801662e+00 -4.828239e-01)) ((-1.137662e+02 4.900939e+00 -1.499698e+00) (9.537742e-02 -5.195475e-03 6.672287e-03))
502.09        	((7.734713e+01 1.154535e+03 -2.111072e+02) (-4.410790e-02 5.834435e+00 -4.854664e-01)) ((-1.138215e+02 4.565881e+00 -1.417343e+00) (9.680901e-02 -5.255698e-03 7.407505e-03))
502.1         	((7.874949e+01 1.154960e+03 -2.107609e+02) (-4.610125e-02 5.867444e+00 -4.882318e-01)) ((-1.138638e+02 4.230097e+00 -1.329713e+00) (9.788426e-02 -5.233279e-03 7.536005e-03))
502.11        	((8.019607e+01 1.155378e+03 -2.104458e+02) (-4.860150e-02 5.899685e+00 -4.907455e-01)) ((-1.139027e+02 3.895879e+00 -1.239362e+00) (9.896756e-02 -5.332945e-03 8.257134e-03))
502.12        	((8.164479e+01 1.155760e+03 -2.101032e+02) (-5.046603e-02 5.931899e+00 -4.933614e-01)) ((-1.139296e+02 3.561348e+00 -1.147738e+00) (9.968587e-02 -5.321808e-03 8.383986e-03))
502.13        	((8.313307e+01 1.156113e+03 -2.097822e+02) (-5.291942e-02 5.963593e+00 -4.958114e-01)) ((-1.139549e+02 3.229571e+00 -1.056746e+00) (1.004481e-01 -5.382425e-03 9.113135e-03))
502.14        	((8.461304e+01 1.156448e+03 -2.094549e+02) (-5.482196e-02 5.995525e+00 -4.985592e-01)) ((-1.139701e+02 2.898065e+00 -9.608521e-01) (1.008050e-01 -5.318845e-03 9.225828e-03))
502.15        	((8.613428e+01 1.156769e+03 -2.091635e+02) (-5.701603e-02 6.026593e+00 -5.010376e-01)) ((-1.139882e+02 2.572303e+00 -8.606477e-01) (1.010687e-01 -5.476928e-03 9.912668e-03))
502.16        	((8.765773e+01 1.157099e+03 -2.088778e+02) (-5.907768e-02 6.057936e+00 -5.043138e-01)) ((-1.139935e+02 2.251323e+00 -7.526878e-01) (1.011057e-01 -5.225092e-03 1.003814e-02))
502.17        	((8.924292e+01 1.157451e+03 -2.086384e+02) (-6.148792e-02 6.087087e+00 -5.066455e-01)) ((-1.139973e+02 1.931545e+00 -6.405708e-01) (1.009640e-01 -5.230081e-03 1.073925e-02))
502.18        	((9.083738e+01 1.157807e+03 -2.083891e+02) (-6.360678e-02 6.116235e+00 -5.088687e-01)) ((-1.139835e+02 1.611753e+00 -5.219050e-01) (1.005045e-01 -4.987935e-03 1.079342e-02))
502.19        	((9.245327e+01 1.158155e+03 -2.081492e+02) (-6.638324e-02 6.145623e+00 -5.109201e-01)) ((-1.139636e+02 1.299127e+00 -3.995018e-01) (1.002674e-01 -4.841158e-03 1.150217e-02))
502.2         	((9.403680e+01 1.158481e+03 -2.078630e+02) (-6.861413e-02 6.175385e+00 -5.133476e-01)) ((-1.139324e+02 9.900614e-01 -2.712122e-01) (9.974479e-02 -4.502743e-03 1.160575e-02))
502.21        	((9.565354e+01 1.158781e+03 -2.075708e+02) (-7.113091e-02 6.204298e+00 -5.155194e-01)) ((-1.139085e+02 6.821025e-01 -1.409120e-01) (9.927695e-02 -4.321999e-03 1.235943e-02))
502.22        	((9.726523e+01 1.159061e+03 -2.072663e+02) (-7.297634e-02 6.233309e+00 -5.176885e-01)) ((-1.138788e+02 3.716118e-01 -5.475963e-03) (9.845671e-02 -4.018293e-03 1.249760e-02))
502.23        	((9.891754e+01 1.159313e+03 -2.070001e+02) (-7.543602e-02 6.261842e+00 -5.194704e-01)) ((-1.138520e+02 6.254554e-02 1.338247e-01) (9.775922e-02 -3.844505e-03 1.327433e-02))
502.24        	((1.005580e+02 1.159509e+03 -2.067255e+02) (-7.752248e-02 6.290768e+00 -5.215085e-01)) ((-1.138152e+02 -2.466338e-01 2.786526e-01) (9.678450e-02 -3.510686e-03 1.350261e-02))
502.25        	((1.022254e+02 1.159654e+03 -2.064551e+02) (-8.025683e-02 6.318953e+00 -5.231175e-01)) ((-1.137857e+02 -5.509714e-01 4.267328e-01) (9.589780e-02 -3.348598e-03 1.437392e-02))
502.26        	((1.038692e+02 1.159768e+03 -2.061673e+02) (-8.309824e-02 6.347554e+00 -5.246945e-01)) ((-1.137557e+02 -8.552844e-01 5.789327e-01) (9.471189e-02 -3.044977e-03 1.474853e-02))
502.27        	((1.055281e+02 1.159851e+03 -2.058981e+02) (-8.666607e-02 6.375287e+00 -5.257405e-01)) ((-1.137359e+02 -1.157433e+00 7.323547e-01) (9.366313e-02 -2.884145e-03 1.577654e-02))
502.28        	((1.071471e+02 1.159879e+03 -2.055949e+02) (-8.951901e-02 6.402933e+00 -5.269180e-01)) ((-1.137105e+02 -1.458319e+00 8.876304e-01) (9.228813e-02 -2.644808e-03 1.626926e-02))
502.29        	((1.087505e+02 1.159838e+03 -2.052926e+02) (-9.260402e-02 6.429476e+00 -5.278312e-01)) ((-1.136875e+02 -1.751037e+00 1.041965e+00) (9.103800e-02 -2.533305e-03 1.733164e-02))
502.3         	((1.102776e+02 1.159735e+03 -2.049766e+02) (-9.467753e-02 6.456109e+00 -5.289487e-01)) ((-1.136536e+02 -2.035442e+00 1.196172e+00) (8.945014e-02 -2.249017e-03 1.779353e-02))
502.31        	((1.117813e+02 1.159598e+03 -2.047016e+02) (-9.763044e-02 6.482314e+00 -5.299038e-01)) ((-1.136252e+02 -2.304951e+00 1.347692e+00) (8.800332e-02 -2.143898e-03 1.887496e-02))
502.32        	((1.132021e+02 1.159436e+03 -2.044383e+02) (-9.970421e-02 6.508545e+00 -5.309729e-01)) ((-1.135897e+02 -2.563603e+00 1.498229e+00) (8.617906e-02 -1.913670e-03 1.938683e-02))
502.33        	((1.145676e+02 1.159267e+03 -2.042238e+02) (-1.018864e-01 6.533302e+00 -5.317592e-01)) ((-1.135600e+02 -2.807596e+00 1.646011e+00) (8.448389e-02 -1.838348e-03 2.040265e-02))
502.34        	((1.158340e+02 1.159062e+03 -2.039953e+02) (-1.030773e-01 6.558037e+00 -5.328032e-01)) ((-1.135262e+02 -3.040954e+00 1.791181e+00) (8.240407e-02 -1.680665e-03 2.086523e-02))
502.35        	((1.170111e+02 1.158835e+03 -2.038056e+02) (-1.045743e-01 6.582002e+00 -5.336627e-01)) ((-1.134955e+02 -3.255316e+00 1.929329e+00) (8.054903e-02 -1.645539e-03 2.181672e-02))
502.36        	((1.180438e+02 1.158577e+03 -2.036154e+02) (-1.053646e-01 6.606481e+00 -5.347846e-01)) ((-1.134531e+02 -3.454752e+00 2.063749e+00) (7.832934e-02 -1.513666e-03 2.224552e-02))
502.37        	((1.189773e+02 1.158306e+03 -2.034652e+02) (-1.066039e-01 6.630146e+00 -5.356557e-01)) ((-1.134128e+02 -3.639416e+00 2.193094e+00) (7.637753e-02 -1.468172e-03 2.315139e-02))
502.38        	((1.197655e+02 1.158036e+03 -2.033071e+02) (-1.073344e-01 6.654213e+00 -5.368212e-01)) ((-1.133714e+02 -3.814911e+00 2.319630e+00) (7.403548e-02 -1.352846e-03 2.357016e-02))
502.39        	((1.204389e+02 1.157760e+03 -2.031695e+02) (-1.083964e-01 6.677295e+00 -5.377696e-01)) ((-1.133373e+02 -3.982178e+00 2.440511e+00) (7.200516e-02 -1.321642e-03 2.444380e-02))
502.4         	((1.209423e+02 1.157461e+03 -2.029986e+02) (-1.088504e-01 6.700768e+00 -5.390761e-01)) ((-1.132949e+02 -4.144669e+00 2.557127e+00) (6.955621e-02 -1.221705e-03 2.483879e-02))
502.41        	((1.213039e+02 1.157155e+03 -2.028451e+02) (-1.095526e-01 6.723217e+00 -5.400682e-01)) ((-1.132535e+02 -4.304297e+00 2.666277e+00) (6.747272e-02 -1.213446e-03 2.566035e-02))
502.42        	((1.214933e+02 1.156843e+03 -2.026604e+02) (-1.097258e-01 6.746155e+00 -5.413802e-01)) ((-1.132066e+02 -4.463796e+00 2.770223e+00) (6.497730e-02 -1.148879e-03 2.600909e-02))
502.43        	((1.215635e+02 1.156534e+03 -2.024908e+02) (-1.102908e-01 6.768055e+00 -5.423849e-01)) ((-1.131666e+02 -4.625898e+00 2.868629e+00) (6.289999e-02 -1.171199e-03 2.678968e-02))
502.44        	((1.214812e+02 1.156233e+03 -2.022964e+02) (-1.103448e-01 6.790546e+00 -5.437103e-01)) ((-1.131274e+02 -4.795567e+00 2.965527e+00) (6.038710e-02 -1.136601e-03 2.710125e-02))
502.45        	((1.212790e+02 1.155970e+03 -2.021323e+02) (-1.108543e-01 6.811998e+00 -5.447488e-01)) ((-1.130974e+02 -4.977555e+00 3.059896e+00) (5.831422e-02 -1.174114e-03 2.783443e-02))
502.46        	((1.209221e+02 1.155742e+03 -2.019674e+02) (-1.108172e-01 6.834069e+00 -5.461002e-01)) ((-1.130599e+02 -5.174113e+00 3.154039e+00) (5.580916e-02 -1.156429e-03 2.810176e-02))
502.47        	((1.204564e+02 1.155523e+03 -2.018535e+02) (-1.110890e-01 6.854984e+00 -5.469472e-01)) ((-1.130204e+02 -5.385721e+00 3.246296e+00) (5.384096e-02 -1.196368e-03 2.878937e-02))
502.48        	((1.198560e+02 1.155300e+03 -2.017307e+02) (-1.109378e-01 6.876850e+00 -5.481599e-01)) ((-1.129773e+02 -5.615287e+00 3.338834e+00) (5.135693e-02 -1.196295e-03 2.899993e-02))
502.49        	((1.191597e+02 1.155066e+03 -2.016329e+02) (-1.109195e-01 6.898252e+00 -5.490928e-01)) ((-1.129409e+02 -5.870527e+00 3.430107e+00) (4.913041e-02 -1.171355e-03 2.941291e-02))
502.5         	((1.183475e+02 1.154840e+03 -2.015174e+02) (-1.101182e-01 6.920342e+00 -5.502188e-01)) ((-1.129050e+02 -6.152573e+00 3.524517e+00) (4.655492e-02 -1.118159e-03 2.939273e-02))
502.51        	((1.174576e+02 1.154681e+03 -2.014379e+02) (-1.092379e-01 6.941721e+00 -5.511734e-01)) ((-1.128826e+02 -6.466300e+00 3.619257e+00) (4.426848e-02 -1.061970e-03 2.958251e-02))
502.52        	((1.164824e+02 1.154611e+03 -2.013520e+02) (-1.077963e-01 6.963651e+00 -5.523578e-01)) ((-1.128642e+02 -6.803964e+00 3.717195e+00) (4.167914e-02 -1.003319e-03 2.942195e-02))
502.53        	((1.154543e+02 1.154570e+03 -2.012774e+02) (-1.062355e-01 6.984847e+00 -5.535384e-01)) ((-1.128476e+02 -7.164369e+00 3.813432e+00) (3.939500e-02 -9.374594e-04 2.948057e-02))
502.54        	((1.143492e+02 1.154507e+03 -2.011568e+02) (-1.042738e-01 7.006434e+00 -5.550177e-01)) ((-1.128140e+02 -7.540541e+00 3.911012e+00) (3.685615e-02 -8.557173e-04 2.922407e-02))
502.55        	((1.132034e+02 1.154437e+03 -2.010367e+02) (-1.022824e-01 7.027217e+00 -5.566228e-01)) ((-1.127778e+02 -7.934122e+00 4.006082e+00) (3.458983e-02 -7.323433e-04 2.916403e-02))
502.56        	((1.120050e+02 1.154390e+03 -2.009116e+02) (-1.000916e-01 7.048346e+00 -5.585439e-01)) ((-1.127422e+02 -8.339314e+00 4.101438e+00) (3.210120e-02 -5.881339e-04 2.883486e-02))
502.57        	((1.108026e+02 1.154397e+03 -2.008475e+02) (-9.791262e-02 7.068804e+00 -5.605992e-01)) ((-1.127240e+02 -8.755252e+00 4.193655e+00) (2.986802e-02 -3.861992e-04 2.868626e-02))
502.58        	((1.095765e+02 1.154413e+03 -2.007924e+02) (-9.547344e-02 7.089641e+00 -5.629357e-01)) ((-1.127014e+02 -9.174147e+00 4.284002e+00) (2.742833e-02 -1.483441e-04 2.825253e-02))
502.59        	((1.083431e+02 1.154416e+03 -2.007544e+02) (-9.310983e-02 7.109694e+00 -5.652868e-01)) ((-1.126749e+02 -9.601056e+00 4.367071e+00) (2.530918e-02 1.188519e-04 2.799932e-02))
502.6         	((1.070813e+02 1.154405e+03 -2.006828e+02) (-9.061463e-02 7.130308e+00 -5.678624e-01)) ((-1.126331e+02 -1.003048e+01 4.445015e+00) (2.292119e-02 4.549003e-04 2.747612e-02))
502.61        	((1.058232e+02 1.154432e+03 -2.006314e+02) (-8.832095e-02 7.150273e+00 -5.702639e-01)) ((-1.125966e+02 -1.046528e+01 4.514891e+00) (2.084488e-02 8.526952e-04 2.712998e-02))
502.62        	((1.045766e+02 1.154507e+03 -2.005795e+02) (-8.624343e-02 7.170522e+00 -5.726857e-01)) ((-1.125544e+02 -1.089378e+01 4.581968e+00) (1.868387e-02 1.220090e-03 2.661943e-02))
502.63        	((1.033975e+02 1.154660e+03 -2.005707e+02) (-8.442293e-02 7.190297e+00 -5.749409e-01)) ((-1.125210e+02 -1.131735e+01 4.646700e+00) (1.678502e-02 1.647491e-03 2.628553e-02))
502.64        	((1.022886e+02 1.154834e+03 -2.005574e+02) (-8.273421e-02 7.210422e+00 -5.771603e-01)) ((-1.124761e+02 -1.172942e+01 4.713759e+00) (1.478370e-02 2.068535e-03 2.577468e-02))
502.65        	((1.012576e+02 1.155001e+03 -2.005768e+02) (-8.110206e-02 7.230033e+00 -5.790512e-01)) ((-1.124361e+02 -1.214057e+01 4.778839e+00) (1.304644e-02 2.592835e-03 2.540443e-02))
502.66        	((1.002788e+02 1.155190e+03 -2.006095e+02) (-7.947625e-02 7.249913e+00 -5.806676e-01)) ((-1.124052e+02 -1.254430e+01 4.844845e+00) (1.125383e-02 3.148685e-03 2.486217e-02))
502.67        	((9.938416e+01 1.155428e+03 -2.006911e+02) (-7.812008e-02 7.269385e+00 -5.819455e-01)) ((-1.123944e+02 -1.294475e+01 4.909792e+00) (9.701889e-03 3.795137e-03 2.449958e-02))
502.68        	((9.857267e+01 1.155695e+03 -2.007747e+02) (-7.702070e-02 7.289132e+00 -5.830699e-01)) ((-1.123808e+02 -1.333283e+01 4.978158e+00) (8.063874e-03 4.393135e-03 2.402178e-02))
502.69        	((9.786171e+01 1.155957e+03 -2.008764e+02) (-7.618575e-02 7.308330e+00 -5.839095e-01)) ((-1.123613e+02 -1.371525e+01 5.047636e+00) (6.654306e-03 5.031488e-03 2.371896e-02))
502.7         	((9.721780e+01 1.156174e+03 -2.009581e+02) (-7.534160e-02 7.327619e+00 -5.846002e-01)) ((-1.123217e+02 -1.408716e+01 5.121413e+00) (5.172507e-03 5.669997e-03 2.325878e-02))
502.71        	((9.664135e+01 1.156370e+03 -2.010612e+02) (-7.451082e-02 7.346378e+00 -5.849804e-01)) ((-1.122852e+02 -1.445535e+01 5.197244e+00) (3.911726e-03 6.390175e-03 2.293668e-02))
502.72        	((9.610565e+01 1.156592e+03 -2.011686e+02) (-7.369235e-02 7.365353e+00 -5.852975e-01)) ((-1.122582e+02 -1.481154e+01 5.278727e+00) (2.540246e-03 7.088654e-03 2.248227e-02))
502.73        	((9.562746e+01 1.156874e+03 -2.013261e+02) (-7.297732e-02 7.383820e+00 -5.855100e-01)) ((-1.122559e+02 -1.515956e+01 5.362531e+00) (1.346163e-03 7.843603e-03 2.219838e-02))
502.74        	((9.517766e+01 1.157166e+03 -2.014822e+02) (-7.240697e-02 7.402485e+00 -5.859523e-01)) ((-1.122498e+02 -1.549436e+01 5.450848e+00) (5.486525e-06 8.581550e-03 2.180269e-02))
502.75        	((9.476429e+01 1.157445e+03 -2.016599e+02) (-7.210301e-02 7.420671e+00 -5.863218e-01)) ((-1.122420e+02 -1.582440e+01 5.538907e+00) (-1.146401e-03 9.372691e-03 2.163337e-02))
502.76        	((9.435491e+01 1.157685e+03 -2.018118e+02) (-7.182547e-02 7.439182e+00 -5.867803e-01)) ((-1.122160e+02 -1.614570e+01 5.629620e+00) (-2.453053e-03 1.014949e-02 2.131223e-02))
502.77        	((9.395616e+01 1.157906e+03 -2.019779e+02) (-7.154883e-02 7.457035e+00 -5.871647e-01)) ((-1.121923e+02 -1.646609e+01 5.717538e+00) (-3.514278e-03 1.099658e-02 2.118158e-02))
502.78        	((9.353287e+01 1.158104e+03 -2.021183e+02) (-7.100563e-02 7.475112e+00 -5.877952e-01)) ((-1.121675e+02 -1.678117e+01 5.803254e+00) (-4.772246e-03 1.185913e-02 2.080647e-02))
502.79        	((9.311752e+01 1.158313e+03 -2.022765e+02) (-7.040352e-02 7.492397e+00 -5.884132e-01)) ((-1.121584e+02 -1.709410e+01 5.881130e+00) (-5.764766e-03 1.279594e-02 2.063098e-02))
502.8         	((9.269988e+01 1.158529e+03 -2.024030e+02) (-6.960240e-02 7.510170e+00 -5.892283e-01)) ((-1.121465e+02 -1.739531e+01 5.955850e+00) (-7.008207e-03 1.372620e-02 2.020249e-02))
502.81        	((9.230731e+01 1.158734e+03 -2.025350e+02) (-6.884592e-02 7.527247e+00 -5.899141e-01)) ((-1.121346e+02 -1.769025e+01 6.023616e+00) (-7.952672e-03 1.470702e-02 2.003768e-02))
502.82        	((9.189478e+01 1.158889e+03 -2.026264e+02) (-6.779859e-02 7.544774e+00 -5.908649e-01)) ((-1.121058e+02 -1.797741e+01 6.088685e+00) (-9.184460e-03 1.568907e-02 1.957636e-02))
502.83        	((9.148602e+01 1.158988e+03 -2.027382e+02) (-6.682556e-02 7.561356e+00 -5.916502e-01)) ((-1.120757e+02 -1.826483e+01 6.146619e+00) (-1.006652e-02 1.669178e-02 1.941311e-02))
502.84        	((9.105384e+01 1.159038e+03 -2.028268e+02) (-6.563485e-02 7.578381e+00 -5.926388e-01)) ((-1.120353e+02 -1.854740e+01 6.202616e+00) (-1.123954e-02 1.765297e-02 1.893209e-02))
502.85        	((9.064240e+01 1.159080e+03 -2.029482e+02) (-6.476357e-02 7.594456e+00 -5.934508e-01)) ((-1.120049e+02 -1.882820e+01 6.252651e+00) (-1.203981e-02 1.859183e-02 1.882325e-02))
502.86        	((9.022025e+01 1.159128e+03 -2.030519e+02) (-6.366215e-02 7.611057e+00 -5.945297e-01)) ((-1.119736e+02 -1.910291e+01 6.302840e+00) (-1.314525e-02 1.950656e-02 1.834689e-02))
502.87        	((8.983433e+01 1.159194e+03 -2.031901e+02) (-6.295620e-02 7.626900e+00 -5.955131e-01)) ((-1.119545e+02 -1.937595e+01 6.350367e+00) (-1.394575e-02 2.037696e-02 1.831705e-02))
502.88        	((8.944113e+01 1.159239e+03 -2.033039e+02) (-6.178762e-02 7.643136e+00 -5.966578e-01)) ((-1.119250e+02 -1.964749e+01 6.401435e+00) (-1.495635e-02 2.125735e-02 1.778528e-02))
502.89        	((8.909228e+01 1.159263e+03 -2.034342e+02) (-6.128614e-02 7.658875e+00 -5.977951e-01)) ((-1.119012e+02 -1.991832e+01 6.451109e+00) (-1.584613e-02 2.201849e-02 1.786796e-02))
502.9         	((8.873685e+01 1.159250e+03 -2.035315e+02) (-6.031523e-02 7.674783e+00 -5.988512e-01)) ((-1.118688e+02 -2.018966e+01 6.503626e+00) (-1.680947e-02 2.278312e-02 1.738464e-02))
502.91        	((8.842945e+01 1.159231e+03 -2.036507e+02) (-6.001316e-02 7.690244e+00 -5.998593e-01)) ((-1.118487e+02 -2.046131e+01 6.555871e+00) (-1.768439e-02 2.344042e-02 1.753425e-02))
502.92        	((8.811682e+01 1.159199e+03 -2.037529e+02) (-5.922156e-02 7.705823e+00 -6.007821e-01)) ((-1.118223e+02 -2.073465e+01 6.613194e+00) (-1.860340e-02 2.411781e-02 1.709740e-02))
502.93        	((8.785750e+01 1.159168e+03 -2.038853e+02) (-5.911370e-02 7.721058e+00 -6.017735e-01)) ((-1.118043e+02 -2.100961e+01 6.672250e+00) (-1.949036e-02 2.470199e-02 1.731887e-02))
502.94        	((8.759796e+01 1.159115e+03 -2.039982e+02) (-5.847141e-02 7.736392e+00 -6.027555e-01)) ((-1.117754e+02 -2.128773e+01 6.737407e+00) (-2.041161e-02 2.532505e-02 1.692674e-02))
502.95        	((8.739012e+01 1.159061e+03 -2.041363e+02) (-5.852553e-02 7.751577e+00 -6.038076e-01)) ((-1.117565e+02 -2.156970e+01 6.805556e+00) (-2.138872e-02 2.582841e-02 1.720943e-02))
502.96        	((8.717055e+01 1.158983e+03 -2.042501e+02) (-5.798043e-02 7.766770e+00 -6.047540e-01)) ((-1.117300e+02 -2.185780e+01 6.880275e+00) (-2.233482e-02 2.637624e-02 1.685800e-02))
502.97        	((8.699252e+01 1.158912e+03 -2.043854e+02) (-5.811286e-02 7.781939e+00 -6.057115e-01)) ((-1.117183e+02 -2.215104e+01 6.956636e+00) (-2.336810e-02 2.677475e-02 1.720107e-02))
502.98        	((8.679840e+01 1.158827e+03 -2.044993e+02) (-5.759612e-02 7.796997e+00 -6.066553e-01)) ((-1.117005e+02 -2.245335e+01 7.038195e+00) (-2.431953e-02 2.724565e-02 1.688947e-02))
502.99        	((8.664970e+01 1.158753e+03 -2.046408e+02) (-5.772564e-02 7.812082e+00 -6.076464e-01)) ((-1.116973e+02 -2.276356e+01 7.122004e+00) (-2.537127e-02 2.757074e-02 1.726371e-02))
503           	((8.649572e+01 1.158663e+03 -2.047662e+02) (-5.720882e-02 7.827013e+00 -6.085207e-01)) ((-1.116909e+02 -2.308338e+01 7.212247e+00) (-2.629381e-02 2.793497e-02 1.701989e-02))
503.01        	((8.639027e+01 1.158571e+03 -2.049087e+02) (-5.727402e-02 7.841922e+00 -6.095363e-01)) ((-1.116955e+02 -2.341128e+01 7.304401e+00) (-2.733977e-02 2.818334e-02 1.742198e-02))
503.02        	((8.628212e+01 1.158454e+03 -2.050285e+02) (-5.683016e-02 7.856608e+00 -6.103988e-01)) ((-1.116920e+02 -2.374960e+01 7.402065e+00) (-2.823885e-02 2.850014e-02 1.723630e-02))
503.03        	((8.622636e+01 1.158348e+03 -2.051676e+02) (-5.709205e-02 7.871344e+00 -6.113199e-01)) ((-1.117048e+02 -2.409668e+01 7.500301e+00) (-2.929568e-02 2.870175e-02 1.768765e-02))
503.04        	((8.617280e+01 1.158240e+03 -2.052885e+02) (-5.684253e-02 7.885675e+00 -6.120605e-01)) ((-1.117201e+02 -2.445489e+01 7.602403e+00) (-3.015458e-02 2.897190e-02 1.756770e-02))
503.05        	((8.617976e+01 1.158157e+03 -2.054233e+02) (-5.732290e-02 7.900150e+00 -6.128281e-01)) ((-1.117540e+02 -2.482161e+01 7.704796e+00) (-3.119772e-02 2.908237e-02 1.808121e-02))
503.06        	((8.619817e+01 1.158078e+03 -2.055330e+02) (-5.727305e-02 7.914161e+00 -6.134135e-01)) ((-1.117869e+02 -2.519995e+01 7.810320e+00) (-3.199041e-02 2.925438e-02 1.807815e-02))
503.07        	((8.627549e+01 1.158027e+03 -2.056466e+02) (-5.772244e-02 7.928400e+00 -6.141128e-01)) ((-1.118356e+02 -2.558756e+01 7.914746e+00) (-3.300060e-02 2.931499e-02 1.862094e-02))
503.08        	((8.636478e+01 1.157981e+03 -2.057368e+02) (-5.765077e-02 7.942152e+00 -6.145410e-01)) ((-1.118829e+02 -2.598378e+01 8.020824e+00) (-3.371213e-02 2.941475e-02 1.870324e-02))
503.09        	((8.651469e+01 1.157961e+03 -2.058303e+02) (-5.811570e-02 7.956217e+00 -6.150628e-01)) ((-1.119435e+02 -2.638314e+01 8.125092e+00) (-3.469964e-02 2.939412e-02 1.929173e-02))
503.1         	((8.668327e+01 1.157950e+03 -2.059012e+02) (-5.812389e-02 7.969702e+00 -6.153072e-01)) ((-1.120020e+02 -2.678621e+01 8.229789e+00) (-3.532909e-02 2.940512e-02 1.947737e-02))
503.11        	((8.691150e+01 1.157979e+03 -2.059704e+02) (-5.829416e-02 7.983721e+00 -6.157157e-01)) ((-1.120747e+02 -2.719017e+01 8.331122e+00) (-3.632734e-02 2.941024e-02 2.006524e-02))
503.12        	((8.715941e+01 1.158014e+03 -2.060158e+02) (-5.825828e-02 7.996949e+00 -6.158092e-01)) ((-1.121453e+02 -2.759165e+01 8.430729e+00) (-3.688496e-02 2.940403e-02 2.031524e-02))
503.13        	((8.746576e+01 1.158087e+03 -2.060571e+02) (-5.853093e-02 8.010905e+00 -6.162394e-01)) ((-1.122286e+02 -2.799079e+01 8.526366e+00) (-3.790082e-02 2.939329e-02 2.094914e-02))
503.14        	((8.780154e+01 1.158164e+03 -2.060844e+02) (-5.887559e-02 8.023924e+00 -6.164197e-01)) ((-1.123078e+02 -2.838502e+01 8.621232e+00) (-3.840666e-02 2.934367e-02 2.128265e-02))
503.15        	((8.819256e+01 1.158287e+03 -2.061141e+02) (-5.893172e-02 8.038007e+00 -6.171116e-01)) ((-1.124007e+02 -2.878095e+01 8.713218e+00) (-3.948125e-02 2.945533e-02 2.192131e-02))
503.16        	((8.861738e+01 1.158410e+03 -2.061389e+02) (-5.884067e-02 8.050969e+00 -6.174813e-01)) ((-1.124921e+02 -2.917616e+01 8.806165e+00) (-3.994940e-02 2.959559e-02 2.220991e-02))
503.17        	((8.911828e+01 1.158527e+03 -2.061428e+02) (-5.946367e-02 8.064959e+00 -6.183050e-01)) ((-1.125814e+02 -2.956783e+01 8.895140e+00) (-4.101414e-02 2.964325e-02 2.300133e-02))
503.18        	((8.964581e+01 1.158639e+03 -2.061454e+02) (-5.957245e-02 8.077768e+00 -6.186519e-01)) ((-1.126656e+02 -2.995787e+01 8.985773e+00) (-4.138833e-02 2.982202e-02 2.330761e-02))
503.19        	((9.025558e+01 1.158777e+03 -2.061308e+02) (-6.025670e-02 8.091690e+00 -6.196527e-01)) ((-1.127527e+02 -3.034623e+01 9.076151e+00) (-4.253381e-02 2.996435e-02 2.413035e-02))
503.2         	((9.090112e+01 1.158901e+03 -2.061227e+02) (-6.028401e-02 8.103929e+00 -6.200099e-01)) ((-1.128359e+02 -3.073509e+01 9.170591e+00) (-4.279466e-02 3.025429e-02 2.431629e-02))
503.21        	((9.164365e+01 1.159024e+03 -2.060747e+02) (-6.097770e-02 8.117865e+00 -6.212235e-01)) ((-1.129161e+02 -3.112485e+01 9.263879e+00) (-4.404364e-02 3.049197e-02 2.521353e-02))
503.22        	((9.242094e+01 1.159120e+03 -2.060331e+02) (-6.097147e-02 8.129794e+00 -6.214350e-01)) ((-1.129922e+02 -3.151676e+01 9.361596e+00) (-4.401244e-02 3.084976e-02 2.531257e-02))
503.23        	((9.328603e+01 1.159244e+03 -2.059425e+02) (-6.149828e-02 8.144275e+00 -6.228625e-01)) ((-1.130728e+02 -3.191565e+01 9.458411e+00) (-4.536526e-02 3.120153e-02 2.638336e-02))
503.24        	((9.417455e+01 1.159331e+03 -2.058668e+02) (-6.171112e-02 8.155771e+00 -6.229664e-01)) ((-1.131500e+02 -3.231238e+01 9.559930e+00) (-4.516536e-02 3.154939e-02 2.639635e-02))
503.25        	((9.512746e+01 1.159439e+03 -2.057358e+02) (-6.191002e-02 8.169989e+00 -6.244974e-01)) ((-1.132277e+02 -3.270789e+01 9.659262e+00) (-4.674204e-02 3.198026e-02 2.747297e-02))
503.26        	((9.608296e+01 1.159519e+03 -2.056277e+02) (-6.151694e-02 8.181001e+00 -6.247798e-01)) ((-1.132963e+02 -3.309386e+01 9.762099e+00) (-4.664331e-02 3.245670e-02 2.739530e-02))
503.27        	((9.711558e+01 1.159601e+03 -2.054655e+02) (-6.280907e-02 8.194906e+00 -6.260797e-01)) ((-1.133504e+02 -3.346543e+01 9.864205e+00) (-4.816544e-02 3.264449e-02 2.861042e-02))
503.28        	((9.811246e+01 1.159722e+03 -2.053551e+02) (-6.152945e-02 8.205705e+00 -6.263448e-01)) ((-1.134123e+02 -3.383101e+01 9.968900e+00) (-4.801638e-02 3.327354e-02 2.844983e-02))
503.29        	((9.915255e+01 1.159866e+03 -2.052023e+02) (-6.185684e-02 8.219571e+00 -6.278563e-01)) ((-1.134672e+02 -3.418271e+01 1.007095e+01) (-4.961991e-02 3.357473e-02 2.953594e-02))
503.3         	((1.001598e+02 1.160003e+03 -2.050941e+02) (-6.109522e-02 8.229967e+00 -6.280696e-01)) ((-1.135176e+02 -3.451953e+01 1.017548e+01) (-4.947446e-02 3.402388e-02 2.946120e-02))
503.31        	((1.012040e+02 1.160153e+03 -2.049412e+02) (-6.153713e-02 8.243584e+00 -6.293731e-01)) ((-1.135581e+02 -3.483841e+01 1.027732e+01) (-5.098961e-02 3.425261e-02 3.062125e-02))
503.32        	((1.021948e+02 1.160310e+03 -2.048395e+02) (-6.054391e-02 8.253962e+00 -6.294704e-01)) ((-1.136008e+02 -3.514196e+01 1.037947e+01) (-5.075408e-02 3.472041e-02 3.062040e-02))
503.33        	((1.032000e+02 1.160491e+03 -2.046978e+02) (-6.080777e-02 8.267450e+00 -6.308475e-01)) ((-1.136381e+02 -3.542631e+01 1.047638e+01) (-5.229487e-02 3.498014e-02 3.175706e-02))
503.34        	((1.041316e+02 1.160690e+03 -2.046186e+02) (-5.997453e-02 8.277379e+00 -6.310225e-01)) ((-1.136773e+02 -3.569312e+01 1.057357e+01) (-5.210077e-02 3.542014e-02 3.174890e-02))
503.35        	((1.050683e+02 1.160910e+03 -2.045028e+02) (-6.019060e-02 8.290263e+00 -6.324973e-01)) ((-1.137139e+02 -3.594247e+01 1.066498e+01) (-5.370304e-02 3.569768e-02 3.284619e-02))
503.36        	((1.059370e+02 1.161123e+03 -2.044416e+02) (-5.935911e-02 8.299675e+00 -6.327762e-01)) ((-1.137548e+02 -3.617527e+01 1.075431e+01) (-5.356835e-02 3.614203e-02 3.282633e-02))
503.37        	((1.067994e+02 1.161352e+03 -2.043380e+02) (-5.958431e-02 8.312122e+00 -6.343414e-01)) ((-1.137921e+02 -3.638959e+01 1.083673e+01) (-5.523117e-02 3.642183e-02 3.389257e-02))
503.38        	((1.075740e+02 1.161590e+03 -2.042958e+02) (-5.879991e-02 8.321073e+00 -6.346561e-01)) ((-1.138316e+02 -3.658667e+01 1.091894e+01) (-5.513869e-02 3.685949e-02 3.386386e-02))
503.39        	((1.083349e+02 1.161849e+03 -2.042119e+02) (-5.911798e-02 8.333116e+00 -6.362162e-01)) ((-1.138646e+02 -3.676447e+01 1.099541e+01) (-5.683952e-02 3.712334e-02 3.492915e-02))
503.4         	((1.090143e+02 1.162120e+03 -2.041895e+02) (-5.843119e-02 8.341726e+00 -6.364989e-01)) ((-1.139006e+02 -3.692701e+01 1.107196e+01) (-5.675455e-02 3.754082e-02 3.491527e-02))
503.41        	((1.096827e+02 1.162411e+03 -2.041236e+02) (-5.869975e-02 8.353618e+00 -6.379274e-01)) ((-1.139352e+02 -3.707333e+01 1.114222e+01) (-5.845006e-02 3.780403e-02 3.592617e-02))
503.42        	((1.102692e+02 1.162696e+03 -2.041099e+02) (-5.788371e-02 8.362060e+00 -6.380066e-01)) ((-1.139756e+02 -3.720586e+01 1.121108e+01) (-5.834556e-02 3.823378e-02 3.584062e-02))
503.43        	((1.108371e+02 1.162999e+03 -2.040498e+02) (-5.807431e-02 8.373662e+00 -6.392784e-01)) ((-1.140159e+02 -3.732464e+01 1.127411e+01) (-6.004560e-02 3.847822e-02 3.680070e-02))
503.44        	((1.113212e+02 1.163295e+03 -2.040441e+02) (-5.723572e-02 8.381814e+00 -6.390790e-01)) ((-1.140607e+02 -3.743012e+01 1.133656e+01) (-5.991106e-02 3.883979e-02 3.668658e-02))
503.45        	((1.117758e+02 1.163613e+03 -2.040012e+02) (-5.735534e-02 8.393016e+00 -6.400135e-01)) ((-1.141043e+02 -3.752488e+01 1.139504e+01) (-6.157351e-02 3.900828e-02 3.760449e-02))
503.46        	((1.121379e+02 1.163931e+03 -2.040221e+02) (-5.646855e-02 8.400471e+00 -6.394018e-01)) ((-1.141540e+02 -3.761004e+01 1.145445e+01) (-6.135393e-02 3.927178e-02 3.743650e-02))
503.47        	((1.124917e+02 1.164277e+03 -2.040034e+02) (-5.681494e-02 8.411636e+00 -6.403750e-01)) ((-1.142071e+02 -3.768295e+01 1.150983e+01) (-6.309866e-02 3.935583e-02 3.840088e-02))
503.48        	((1.127752e+02 1.164613e+03 -2.040328e+02) (-5.590952e-02 8.419105e+00 -6.401247e-01)) ((-1.142672e+02 -3.774615e+01 1.156475e+01) (-6.303111e-02 3.965494e-02 3.824020e-02))
503.49        	((1.130342e+02 1.164958e+03 -2.040145e+02) (-5.607078e-02 8.429671e+00 -6.410546e-01)) ((-1.143274e+02 -3.780352e+01 1.161492e+01) (-6.474600e-02 3.977426e-02 3.909011e-02))
503.5         	((1.132048e+02 1.165291e+03 -2.040495e+02) (-5.533519e-02 8.436802e+00 -6.405464e-01)) ((-1.143946e+02 -3.785644e+01 1.166507e+01) (-6.465015e-02 4.000126e-02 3.891422e-02))
503.51        	((1.133579e+02 1.165640e+03 -2.040406e+02) (-5.562385e-02 8.447010e+00 -6.413449e-01)) ((-1.144624e+02 -3.790490e+01 1.171059e+01) (-6.635205e-02 4.007214e-02 3.973471e-02))
503.52        	((1.134441e+02 1.165977e+03 -2.040806e+02) (-5.489114e-02 8.453754e+00 -6.409178e-01)) ((-1.145329e+02 -3.794649e+01 1.175612e+01) (-6.627996e-02 4.030548e-02 3.950668e-02))
503.53        	((1.135346e+02 1.166314e+03 -2.040680e+02) (-5.517155e-02 8.463593e+00 -6.418016e-01)) ((-1.145976e+02 -3.798048e+01 1.179714e+01) (-6.800878e-02 4.038785e-02 4.026933e-02))
503.54        	((1.135731e+02 1.166627e+03 -2.041000e+02) (-5.445725e-02 8.470036e+00 -6.413542e-01)) ((-1.146642e+02 -3.800726e+01 1.183877e+01) (-6.796039e-02 4.063012e-02 3.999653e-02))
503.55        	((1.136230e+02 1.166935e+03 -2.040806e+02) (-5.477916e-02 8.479581e+00 -6.422089e-01)) ((-1.147274e+02 -3.802755e+01 1.187610e+01) (-6.970213e-02 4.070944e-02 4.071868e-02))
503.56        	((1.136271e+02 1.167216e+03 -2.041075e+02) (-5.419125e-02 8.485785e+00 -6.417580e-01)) ((-1.147943e+02 -3.804181e+01 1.191276e+01) (-6.969197e-02 4.091118e-02 4.043799e-02))
503.57        	((1.136494e+02 1.167494e+03 -2.040834e+02) (-5.466205e-02 8.495026e+00 -6.425456e-01)) ((-1.148587e+02 -3.805128e+01 1.194488e+01) (-7.142803e-02 4.094921e-02 4.114487e-02))
503.58        	((1.136332e+02 1.167745e+03 -2.040999e+02) (-5.418103e-02 8.500989e+00 -6.420225e-01)) ((-1.149236e+02 -3.805665e+01 1.197721e+01) (-7.142889e-02 4.112708e-02 4.084810e-02))
503.59        	((1.136420e+02 1.167991e+03 -2.040629e+02) (-5.472322e-02 8.509965e+00 -6.427440e-01)) ((-1.149835e+02 -3.805894e+01 1.200602e+01) (-7.315427e-02 4.114483e-02 4.152826e-02))
503.6         	((1.136198e+02 1.168211e+03 -2.040680e+02) (-5.429596e-02 8.515684e+00 -6.422007e-01)) ((-1.150443e+02 -3.805803e+01 1.203539e+01) (-7.316813e-02 4.131704e-02 4.121086e-02))
503.61        	((1.136314e+02 1.168418e+03 -2.040218e+02) (-5.487808e-02 8.524362e+00 -6.429004e-01)) ((-1.150988e+02 -3.805319e+01 1.206069e+01) (-7.487696e-02 4.133102e-02 4.186441e-02))
503.62        	((1.136179e+02 1.168597e+03 -2.040182e+02) (-5.448329e-02 8.529837e+00 -6.423606e-01)) ((-1.151534e+02 -3.804372e+01 1.208658e+01) (-7.488605e-02 4.149930e-02 4.152523e-02))
503.63        	((1.136406e+02 1.168779e+03 -2.039679e+02) (-5.505513e-02 8.538266e+00 -6.430597e-01)) ((-1.152030e+02 -3.802996e+01 1.210853e+01) (-7.657343e-02 4.153125e-02 4.213480e-02))
503.64        	((1.136387e+02 1.168921e+03 -2.039592e+02) (-5.462128e-02 8.543569e+00 -6.425206e-01)) ((-1.152513e+02 -3.801368e+01 1.213134e+01) (-7.658559e-02 4.172986e-02 4.175590e-02))
503.65        	((1.136696e+02 1.169053e+03 -2.039006e+02) (-5.510514e-02 8.551819e+00 -6.432260e-01)) ((-1.152937e+02 -3.799540e+01 1.215026e+01) (-7.825179e-02 4.179848e-02 4.230685e-02))
503.66        	((1.136726e+02 1.169159e+03 -2.038845e+02) (-5.456678e-02 8.556972e+00 -6.427146e-01)) ((-1.153385e+02 -3.797595e+01 1.216948e+01) (-7.826532e-02 4.203746e-02 4.188393e-02))
503.67        	((1.137066e+02 1.169276e+03 -2.038219e+02) (-5.493666e-02 8.564893e+00 -6.435243e-01)) ((-1.153809e+02 -3.795528e+01 1.218432e+01) (-7.993620e-02 4.214153e-02 4.240401e-02))
503.68        	((1.137127e+02 1.169373e+03 -2.038019e+02) (-5.434291e-02 8.569663e+00 -6.432251e-01)) ((-1.154234e+02 -3.793219e+01 1.219952e+01) (-7.997097e-02 4.237685e-02 4.198827e-02))
503.69        	((1.137553e+02 1.169465e+03 -2.037329e+02) (-5.470819e-02 8.577238e+00 -6.441267e-01)) ((-1.154585e+02 -3.790742e+01 1.221144e+01) (-8.161965e-02 4.246423e-02 4.250862e-02))
503.7         	((1.137776e+02 1.169527e+03 -2.037059e+02) (-5.416163e-02 8.581714e+00 -6.438092e-01)) ((-1.154930e+02 -3.788064e+01 1.222449e+01) (-8.163385e-02 4.269243e-02 4.210631e-02))
503.71        	((1.138321e+02 1.169591e+03 -2.036313e+02) (-5.460076e-02 8.589009e+00 -6.447226e-01)) ((-1.155234e+02 -3.785187e+01 1.223405e+01) (-8.325597e-02 4.277180e-02 4.262781e-02))
503.72        	((1.138604e+02 1.169632e+03 -2.035990e+02) (-5.414886e-02 8.593281e+00 -6.444232e-01)) ((-1.155552e+02 -3.782062e+01 1.224442e+01) (-8.326334e-02 4.300054e-02 4.222989e-02))
503.73        	((1.139204e+02 1.169678e+03 -2.035183e+02) (-5.468750e-02 8.600353e+00 -6.453115e-01)) ((-1.155833e+02 -3.778707e+01 1.225130e+01) (-8.485430e-02 4.307822e-02 4.274146e-02))
503.74        	((1.139584e+02 1.169703e+03 -2.034779e+02) (-5.434950e-02 8.604434e+00 -6.449983e-01)) ((-1.156127e+02 -3.775100e+01 1.225902e+01) (-8.484602e-02 4.328384e-02 4.235853e-02))
503.75        	((1.140310e+02 1.169731e+03 -2.033917e+02) (-5.490055e-02 8.611318e+00 -6.459076e-01)) ((-1.156378e+02 -3.771427e+01 1.226378e+01) (-8.643842e-02 4.336476e-02 4.285356e-02))
503.76        	((1.140833e+02 1.169741e+03 -2.033510e+02) (-5.457691e-02 8.615212e+00 -6.456229e-01)) ((-1.156633e+02 -3.767693e+01 1.227006e+01) (-8.644104e-02 4.357674e-02 4.246612e-02))
503.77        	((1.141666e+02 1.169757e+03 -2.032736e+02) (-5.513356e-02 8.621883e+00 -6.465466e-01)) ((-1.156857e+02 -3.764123e+01 1.227381e+01) (-8.803232e-02 4.365823e-02 4.295094e-02))
503.78        	((1.142266e+02 1.169752e+03 -2.032419e+02) (-5.481636e-02 8.625554e+00 -6.462593e-01)) ((-1.157076e+02 -3.760642e+01 1.227986e+01) (-8.803793e-02 4.387360e-02 4.255811e-02))
503.79        	((1.143191e+02 1.169751e+03 -2.031630e+02) (-5.535513e-02 8.632022e+00 -6.471080e-01)) ((-1.157207e+02 -3.757181e+01 1.228425e+01) (-8.961605e-02 4.396458e-02 4.302212e-02))
503.8         	((1.143916e+02 1.169729e+03 -2.031263e+02) (-5.502276e-02 8.635568e+00 -6.467267e-01)) ((-1.157310e+02 -3.753757e+01 1.229134e+01) (-8.961999e-02 4.418717e-02 4.261732e-02))
503.81        	((1.145000e+02 1.169717e+03 -2.030479e+02) (-5.558759e-02 8.641882e+00 -6.474722e-01)) ((-1.157362e+02 -3.750448e+01 1.229695e+01) (-9.118448e-02 4.428147e-02 4.307562e-02))
503.82        	((1.145869e+02 1.169695e+03 -2.030177e+02) (-5.527305e-02 8.645284e+00 -6.469955e-01)) ((-1.157425e+02 -3.747384e+01 1.230534e+01) (-9.118369e-02 4.451409e-02 4.266912e-02))
503.83        	((1.147042e+02 1.169689e+03 -2.029480e+02) (-5.584170e-02 8.651427e+00 -6.476331e-01)) ((-1.157443e+02 -3.744574e+01 1.231214e+01) (-9.271356e-02 4.460721e-02 4.312398e-02))
503.84        	((1.147976e+02 1.169669e+03 -2.029242e+02) (-5.556077e-02 8.654692e+00 -6.470640e-01)) ((-1.157450e+02 -3.742110e+01 1.232159e+01) (-9.268438e-02 4.483473e-02 4.272286e-02))
503.85        	((1.149217e+02 1.169659e+03 -2.028580e+02) (-5.616608e-02 8.660687e+00 -6.476157e-01)) ((-1.157388e+02 -3.739939e+01 1.232944e+01) (-9.417265e-02 4.492934e-02 4.318067e-02))
503.86        	((1.150235e+02 1.169635e+03 -2.028366e+02) (-5.594478e-02 8.663900e+00 -6.469840e-01)) ((-1.157316e+02 -3.738153e+01 1.233962e+01) (-9.410410e-02 4.515477e-02 4.278893e-02))
503.87        	((1.151561e+02 1.169622e+03 -2.027740e+02) (-5.662201e-02 8.669891e+00 -6.474642e-01)) ((-1.157204e+02 -3.736706e+01 1.234791e+01) (-9.554218e-02 4.524453e-02 4.325807e-02))
503.88        	((1.152654e+02 1.169595e+03 -2.027569e+02) (-5.641917e-02 8.673075e+00 -6.467588e-01)) ((-1.157115e+02 -3.735756e+01 1.235871e+01) (-9.544444e-02 4.547603e-02 4.286815e-02))
503.89        	((1.154070e+02 1.169582e+03 -2.027013e+02) (-5.708728e-02 8.678984e+00 -6.471675e-01)) ((-1.157003e+02 -3.735218e+01 1.236774e+01) (-9.684519e-02 4.555934e-02 4.333635e-02))
503.9         	((1.155278e+02 1.169558e+03 -2.026941e+02) (-5.687832e-02 8.682067e+00 -6.464227e-01)) ((-1.156911e+02 -3.735267e+01 1.237952e+01) (-9.672688e-02 4.578104e-02 4.294989e-02))
503.91        	((1.156815e+02 1.169549e+03 -2.026514e+02) (-5.753034e-02 8.687834e+00 -6.468084e-01)) ((-1.156783e+02 -3.735798e+01 1.238945e+01) (-9.810468e-02 4.585649e-02 4.342415e-02))
503.92        	((1.158137e+02 1.169531e+03 -2.026580e+02) (-5.728657e-02 8.690799e+00 -6.460524e-01)) ((-1.156667e+02 -3.736929e+01 1.240165e+01) (-9.796719e-02 4.607052e-02 4.303909e-02))
503.93        	((1.159777e+02 1.169528e+03 -2.026284e+02) (-5.792549e-02 8.696470e+00 -6.464080e-01)) ((-1.156517e+02 -3.738455e+01 1.241200e+01) (-9.931324e-02 4.613171e-02 4.351526e-02))
503.94        	((1.161206e+02 1.169514e+03 -2.026464e+02) (-5.769300e-02 8.699366e+00 -6.456174e-01)) ((-1.156385e+02 -3.740517e+01 1.242494e+01) (-9.915794e-02 4.633863e-02 4.313085e-02))
503.95        	((1.162963e+02 1.169519e+03 -2.026291e+02) (-5.834371e-02 8.704959e+00 -6.459478e-01)) ((-1.156233e+02 -3.742806e+01 1.243545e+01) (-1.004758e-01 4.638125e-02 4.361141e-02))
503.96        	((1.164483e+02 1.169514e+03 -2.026585e+02) (-5.812104e-02 8.707787e+00 -6.451619e-01)) ((-1.156099e+02 -3.745556e+01 1.244846e+01) (-1.003042e-01 4.656790e-02 4.322844e-02))
503.97        	((1.166311e+02 1.169534e+03 -2.026536e+02) (-5.879840e-02 8.713294e+00 -6.454862e-01)) ((-1.155953e+02 -3.748347e+01 1.245846e+01) (-1.015977e-01 4.659067e-02 4.371622e-02))
503.98        	((1.167879e+02 1.169547e+03 -2.026953e+02) (-5.858855e-02 8.716047e+00 -6.447084e-01)) ((-1.155827e+02 -3.751375e+01 1.246979e+01) (-1.014060e-01 4.675813e-02 4.333501e-02))
503.99        	((1.169695e+02 1.169576e+03 -2.026986e+02) (-5.927554e-02 8.721465e+00 -6.450527e-01)) ((-1.155665e+02 -3.754358e+01 1.247883e+01) (-1.026691e-01 4.675171e-02 4.382993e-02))
504           	((1.171218e+02 1.169598e+03 -2.027461e+02) (-5.908059e-02 8.724128e+00 -6.443067e-01)) ((-1.155528e+02 -3.757463e+01 1.248936e+01) (-1.024623e-01 4.690274e-02 4.345084e-02))
504.01        	((1.172923e+02 1.169640e+03 -2.027549e+02) (-5.978141e-02 8.729448e+00 -6.446819e-01)) ((-1.155370e+02 -3.760245e+01 1.249642e+01) (-1.036976e-01 4.687194e-02 4.395326e-02))
504.02        	((1.174278e+02 1.169678e+03 -2.028065e+02) (-5.958202e-02 8.732025e+00 -6.439794e-01)) ((-1.155247e+02 -3.762945e+01 1.250481e+01) (-1.034733e-01 4.700155e-02 4.357350e-02))
504.03        	((1.175746e+02 1.169734e+03 -2.028194e+02) (-6.027637e-02 8.737257e+00 -6.443771e-01)) ((-1.155108e+02 -3.765029e+01 1.250883e+01) (-1.046832e-01 4.695259e-02 4.407761e-02))
504.04        	((1.176829e+02 1.169782e+03 -2.028730e+02) (-6.005000e-02 8.739769e+00 -6.437042e-01)) ((-1.155000e+02 -3.766917e+01 1.251431e+01) (-1.044392e-01 4.706751e-02 4.368813e-02))
504.05        	((1.178013e+02 1.169844e+03 -2.028845e+02) (-6.070660e-02 8.744929e+00 -6.441396e-01)) ((-1.154873e+02 -3.768046e+01 1.251546e+01) (-1.056191e-01 4.698972e-02 4.418989e-02))
504.06        	((1.178764e+02 1.169898e+03 -2.029355e+02) (-6.043841e-02 8.747373e+00 -6.435072e-01)) ((-1.154793e+02 -3.768822e+01 1.251748e+01) (-1.053611e-01 4.708984e-02 4.378999e-02))
504.07        	((1.179577e+02 1.169968e+03 -2.029441e+02) (-6.105510e-02 8.752462e+00 -6.439648e-01)) ((-1.154683e+02 -3.768763e+01 1.251485e+01) (-1.065122e-01 4.698963e-02 4.428795e-02))
504.08        	((1.179929e+02 1.170029e+03 -2.029918e+02) (-6.075281e-02 8.754823e+00 -6.433767e-01)) ((-1.154613e+02 -3.768279e+01 1.251284e+01) (-1.062398e-01 4.707161e-02 4.388032e-02))
504.09        	((1.180319e+02 1.170104e+03 -2.029970e+02) (-6.134752e-02 8.759804e+00 -6.438609e-01)) ((-1.154511e+02 -3.766714e+01 1.250523e+01) (-1.073743e-01 4.696144e-02 4.437874e-02))
504.1         	((1.180259e+02 1.170169e+03 -2.030404e+02) (-6.102417e-02 8.762057e+00 -6.432974e-01)) ((-1.154445e+02 -3.764688e+01 1.249803e+01) (-1.070944e-01 4.704436e-02 4.396444e-02))
504.11        	((1.180235e+02 1.170250e+03 -2.030404e+02) (-6.160791e-02 8.766911e+00 -6.438143e-01)) ((-1.154344e+02 -3.761624e+01 1.248606e+01) (-1.082126e-01 4.692004e-02 4.446721e-02))
504.12        	((1.179762e+02 1.170318e+03 -2.030784e+02) (-6.128980e-02 8.769021e+00 -6.432805e-01)) ((-1.154299e+02 -3.758226e+01 1.247508e+01) (-1.079363e-01 4.700572e-02 4.405433e-02))
504.13        	((1.179367e+02 1.170401e+03 -2.030738e+02) (-6.188730e-02 8.773722e+00 -6.438280e-01)) ((-1.154212e+02 -3.753877e+01 1.245916e+01) (-1.090518e-01 4.687564e-02 4.456646e-02))
504.14        	((1.178585e+02 1.170474e+03 -2.031076e+02) (-6.159734e-02 8.775679e+00 -6.433507e-01)) ((-1.154153e+02 -3.749284e+01 1.244394e+01) (-1.087805e-01 4.695642e-02 4.415815e-02))
504.15        	((1.177921e+02 1.170560e+03 -2.031006e+02) (-6.225587e-02 8.780235e+00 -6.439354e-01)) ((-1.154042e+02 -3.743888e+01 1.242382e+01) (-1.098924e-01 4.682341e-02 4.467830e-02))
504.16        	((1.176925e+02 1.170635e+03 -2.031329e+02) (-6.203298e-02 8.782058e+00 -6.435075e-01)) ((-1.153968e+02 -3.738565e+01 1.240528e+01) (-1.096249e-01 4.691261e-02 4.426924e-02))
504.17        	((1.176102e+02 1.170724e+03 -2.031247e+02) (-6.270361e-02 8.786443e+00 -6.441670e-01)) ((-1.153848e+02 -3.732672e+01 1.238283e+01) (-1.107380e-01 4.676089e-02 4.480441e-02))
504.18        	((1.175036e+02 1.170797e+03 -2.031561e+02) (-6.249633e-02 8.788057e+00 -6.438342e-01)) ((-1.153772e+02 -3.727211e+01 1.236352e+01) (-1.104987e-01 4.684323e-02 4.441243e-02))
504.19        	((1.174216e+02 1.170880e+03 -2.031482e+02) (-6.312417e-02 8.792438e+00 -6.444463e-01)) ((-1.153647e+02 -3.721370e+01 1.234138e+01) (-1.115803e-01 4.669198e-02 4.492306e-02))
504.2         	((1.173201e+02 1.170946e+03 -2.031812e+02) (-6.284553e-02 8.794097e+00 -6.440263e-01)) ((-1.153567e+02 -3.716145e+01 1.232307e+01) (-1.113075e-01 4.678450e-02 4.449016e-02))
504.21        	((1.172470e+02 1.171021e+03 -2.031750e+02) (-6.346632e-02 8.798348e+00 -6.446259e-01)) ((-1.153437e+02 -3.710716e+01 1.230208e+01) (-1.123820e-01 4.663345e-02 4.500416e-02))
504.22        	((1.171600e+02 1.171080e+03 -2.032112e+02) (-6.321438e-02 8.799876e+00 -6.442214e-01)) ((-1.153358e+02 -3.706156e+01 1.228586e+01) (-1.121173e-01 4.674137e-02 4.456966e-02))
504.23        	((1.171036e+02 1.171151e+03 -2.032107e+02) (-6.383961e-02 8.804025e+00 -6.448369e-01)) ((-1.153236e+02 -3.701467e+01 1.226742e+01) (-1.131742e-01 4.658523e-02 4.508255e-02))
504.24        	((1.170343e+02 1.171199e+03 -2.032494e+02) (-6.358329e-02 8.805464e+00 -6.444448e-01)) ((-1.153175e+02 -3.697746e+01 1.225477e+01) (-1.129097e-01 4.670526e-02 4.463728e-02))
504.25        	((1.169958e+02 1.171257e+03 -2.032512e+02) (-6.416428e-02 8.809561e+00 -6.450082e-01)) ((-1.153069e+02 -3.693871e+01 1.224018e+01) (-1.139406e-01 4.655651e-02 4.513498e-02))
504.26        	((1.169459e+02 1.171289e+03 -2.032922e+02) (-6.385905e-02 8.810939e+00 -6.445965e-01)) ((-1.153034e+02 -3.691012e+01 1.223181e+01) (-1.136646e-01 4.668777e-02 4.467038e-02))
504.27        	((1.169283e+02 1.171329e+03 -2.032958e+02) (-6.442121e-02 8.814911e+00 -6.451750e-01)) ((-1.152950e+02 -3.687965e+01 1.222149e+01) (-1.146833e-01 4.653583e-02 4.516972e-02))
504.28        	((1.168994e+02 1.171347e+03 -2.033398e+02) (-6.413336e-02 8.816160e+00 -6.448020e-01)) ((-1.152945e+02 -3.686009e+01 1.221730e+01) (-1.144146e-01 4.668091e-02 4.470491e-02))
504.29        	((1.168991e+02 1.171375e+03 -2.033465e+02) (-6.469554e-02 8.820021e+00 -6.454198e-01)) ((-1.152883e+02 -3.683729e+01 1.221063e+01) (-1.154163e-01 4.651861e-02 4.520797e-02))
504.3         	((1.168855e+02 1.171381e+03 -2.033920e+02) (-6.442911e-02 8.821152e+00 -6.451038e-01)) ((-1.152899e+02 -3.682507e+01 1.221014e+01) (-1.151529e-01 4.667092e-02 4.474476e-02))
504.31        	((1.168990e+02 1.171396e+03 -2.033992e+02) (-6.500543e-02 8.824908e+00 -6.457386e-01)) ((-1.152853e+02 -3.680827e+01 1.220678e+01) (-1.161410e-01 4.651064e-02 4.525160e-02))
504.32        	((1.168980e+02 1.171389e+03 -2.034441e+02) (-6.475144e-02 8.825940e+00 -6.454547e-01)) ((-1.152889e+02 -3.680193e+01 1.220958e+01) (-1.158725e-01 4.666727e-02 4.478809e-02))
504.33        	((1.169233e+02 1.171392e+03 -2.034503e+02) (-6.534243e-02 8.829576e+00 -6.461107e-01)) ((-1.152865e+02 -3.679053e+01 1.220928e+01) (-1.168524e-01 4.650703e-02 4.530285e-02))
504.34        	((1.169331e+02 1.171374e+03 -2.034941e+02) (-6.510628e-02 8.830499e+00 -6.458400e-01)) ((-1.152922e+02 -3.678958e+01 1.221479e+01) (-1.165853e-01 4.667592e-02 4.484119e-02))
504.35        	((1.169677e+02 1.171368e+03 -2.034994e+02) (-6.571603e-02 8.834021e+00 -6.465083e-01)) ((-1.152914e+02 -3.678299e+01 1.221676e+01) (-1.175534e-01 4.651752e-02 4.536344e-02))
504.36        	((1.169858e+02 1.171342e+03 -2.035421e+02) (-6.549308e-02 8.834842e+00 -6.462596e-01)) ((-1.152986e+02 -3.678639e+01 1.222425e+01) (-1.172850e-01 4.669058e-02 4.490414e-02))
504.37        	((1.170276e+02 1.171328e+03 -2.035461e+02) (-6.613072e-02 8.838252e+00 -6.469264e-01)) ((-1.152983e+02 -3.678447e+01 1.222825e+01) (-1.182461e-01 4.654392e-02 4.543328e-02))
504.38        	((1.170516e+02 1.171296e+03 -2.035873e+02) (-6.591247e-02 8.838988e+00 -6.466783e-01)) ((-1.153059e+02 -3.679197e+01 1.223745e+01) (-1.179719e-01 4.672316e-02 4.497319e-02))
504.39        	((1.170991e+02 1.171275e+03 -2.035900e+02) (-6.658119e-02 8.842300e+00 -6.473540e-01)) ((-1.153061e+02 -3.679389e+01 1.224302e+01) (-1.189233e-01 4.658329e-02 4.550700e-02))
504.4         	((1.171291e+02 1.171237e+03 -2.036298e+02) (-6.639179e-02 8.842962e+00 -6.471172e-01)) ((-1.153143e+02 -3.680538e+01 1.225362e+01) (-1.186466e-01 4.677757e-02 4.504296e-02))
504.41        	((1.171821e+02 1.171210e+03 -2.036309e+02) (-6.706519e-02 8.846199e+00 -6.478025e-01)) ((-1.153152e+02 -3.681082e+01 1.226037e+01) (-1.195821e-01 4.663698e-02 4.557842e-02))
504.42        	((1.172154e+02 1.171162e+03 -2.036681e+02) (-6.686136e-02 8.846819e+00 -6.475671e-01)) ((-1.153237e+02 -3.682509e+01 1.227226e+01) (-1.192925e-01 4.683232e-02 4.510571e-02))
504.43        	((1.172707e+02 1.171124e+03 -2.036661e+02) (-6.753174e-02 8.850031e+00 -6.482128e-01)) ((-1.153253e+02 -3.683270e+01 1.228036e+01) (-1.202041e-01 4.670437e-02 4.562977e-02))
504.44        	((1.173045e+02 1.171069e+03 -2.037004e+02) (-6.729995e-02 8.850650e+00 -6.479425e-01)) ((-1.153356e+02 -3.684908e+01 1.229340e+01) (-1.198947e-01 4.690663e-02 4.514035e-02))
504.45        	((1.173575e+02 1.171025e+03 -2.036960e+02) (-6.794423e-02 8.853849e+00 -6.485499e-01)) ((-1.153389e+02 -3.685848e+01 1.230265e+01) (-1.207800e-01 4.677899e-02 4.565308e-02))
504.46        	((1.173861e+02 1.170964e+03 -2.037279e+02) (-6.768441e-02 8.854480e+00 -6.482201e-01)) ((-1.153506e+02 -3.687595e+01 1.231667e+01) (-1.204521e-01 4.699606e-02 4.514252e-02))
504.47        	((1.174334e+02 1.170914e+03 -2.037206e+02) (-6.830945e-02 8.857635e+00 -6.487967e-01)) ((-1.153553e+02 -3.688513e+01 1.232642e+01) (-1.213207e-01 4.687084e-02 4.565071e-02))
504.48        	((1.174532e+02 1.170849e+03 -2.037489e+02) (-6.804686e-02 8.858094e+00 -6.485926e-01)) ((-1.153684e+02 -3.690169e+01 1.234061e+01) (-1.210145e-01 4.706192e-02 4.516287e-02))
504.49        	((1.174898e+02 1.170796e+03 -2.037383e+02) (-6.866093e-02 8.861088e+00 -6.492715e-01)) ((-1.153742e+02 -3.690974e+01 1.235046e+01) (-1.218954e-01 4.691335e-02 4.569225e-02))
504.5         	((1.175006e+02 1.170725e+03 -2.037632e+02) (-6.834500e-02 8.861480e+00 -6.490593e-01)) ((-1.153886e+02 -3.692508e+01 1.236482e+01) (-1.215837e-01 4.709861e-02 4.520114e-02))
504.51        	((1.175270e+02 1.170666e+03 -2.037489e+02) (-6.894182e-02 8.864374e+00 -6.497494e-01)) ((-1.153963e+02 -3.693100e+01 1.237479e+01) (-1.224602e-01 4.694135e-02 4.573876e-02))
504.52        	((1.175223e+02 1.170590e+03 -2.037698e+02) (-6.864770e-02 8.864682e+00 -6.495613e-01)) ((-1.154124e+02 -3.694304e+01 1.238888e+01) (-1.221535e-01 4.713268e-02 4.524971e-02))
504.53        	((1.175299e+02 1.170527e+03 -2.037512e+02) (-6.927983e-02 8.867512e+00 -6.502604e-01)) ((-1.154213e+02 -3.694458e+01 1.239802e+01) (-1.230208e-01 4.698018e-02 4.578759e-02))
504.54        	((1.175064e+02 1.170449e+03 -2.037677e+02) (-6.900732e-02 8.867768e+00 -6.500894e-01)) ((-1.154387e+02 -3.695231e+01 1.241116e+01) (-1.227089e-01 4.717169e-02 4.529444e-02))
504.55        	((1.174981e+02 1.170384e+03 -2.037454e+02) (-6.966441e-02 8.870530e+00 -6.507881e-01)) ((-1.154487e+02 -3.695043e+01 1.241951e+01) (-1.235736e-01 4.702385e-02 4.583434e-02))
504.56        	((1.174615e+02 1.170304e+03 -2.037584e+02) (-6.940082e-02 8.870722e+00 -6.506127e-01)) ((-1.154668e+02 -3.695554e+01 1.243185e+01) (-1.232604e-01 4.721825e-02 4.534062e-02))
504.57        	((1.174414e+02 1.170238e+03 -2.037336e+02) (-7.005954e-02 8.873412e+00 -6.513153e-01)) ((-1.154771e+02 -3.695137e+01 1.243936e+01) (-1.241187e-01 4.706259e-02 4.588455e-02))
504.58        	((1.173945e+02 1.170159e+03 -2.037452e+02) (-6.980286e-02 8.873526e+00 -6.511427e-01)) ((-1.154952e+02 -3.695505e+01 1.245089e+01) (-1.238093e-01 4.725835e-02 4.539289e-02))
504.59        	((1.173670e+02 1.170095e+03 -2.037201e+02) (-7.047231e-02 8.876147e+00 -6.518323e-01)) ((-1.155051e+02 -3.695011e+01 1.245760e+01) (-1.246631e-01 4.710284e-02 4.594097e-02))
504.6         	((1.173150e+02 1.170018e+03 -2.037319e+02) (-7.021307e-02 8.876211e+00 -6.516515e-01)) ((-1.155224e+02 -3.695367e+01 1.246847e+01) (-1.243475e-01 4.729375e-02 4.544819e-02))
504.61        	((1.172862e+02 1.169954e+03 -2.037075e+02) (-7.088440e-02 8.878776e+00 -6.523178e-01)) ((-1.155318e+02 -3.694957e+01 1.247494e+01) (-1.251960e-01 4.713924e-02 4.599790e-02))
504.62        	((1.172373e+02 1.169878e+03 -2.037205e+02) (-7.060285e-02 8.878783e+00 -6.521162e-01)) ((-1.155487e+02 -3.695523e+01 1.248600e+01) (-1.248781e-01 4.733814e-02 4.550025e-02))
504.63        	((1.172147e+02 1.169816e+03 -2.036979e+02) (-7.124421e-02 8.881287e+00 -6.527794e-01)) ((-1.155574e+02 -3.695402e+01 1.249290e+01) (-1.257221e-01 4.718272e-02 4.604810e-02))
504.64        	((1.171739e+02 1.169742e+03 -2.037136e+02) (-7.095401e-02 8.881227e+00 -6.525821e-01)) ((-1.155734e+02 -3.696336e+01 1.250455e+01) (-1.254076e-01 4.738097e-02 4.555138e-02))
504.65        	((1.171614e+02 1.169685e+03 -2.036948e+02) (-7.159692e-02 8.883665e+00 -6.532451e-01)) ((-1.155809e+02 -3.696645e+01 1.251207e+01) (-1.262515e-01 4.722332e-02 4.610394e-02))
504.66        	((1.171325e+02 1.169615e+03 -2.037141e+02) (-7.130362e-02 8.883538e+00 -6.530667e-01)) ((-1.155951e+02 -3.698090e+01 1.252443e+01) (-1.259352e-01 4.741241e-02 4.561112e-02))
504.67        	((1.171340e+02 1.169561e+03 -2.036994e+02) (-7.195400e-02 8.885902e+00 -6.537523e-01)) ((-1.156010e+02 -3.698961e+01 1.253290e+01) (-1.267806e-01 4.724922e-02 4.617134e-02))
504.68        	((1.171210e+02 1.169496e+03 -2.037233e+02) (-7.166711e-02 8.885703e+00 -6.535919e-01)) ((-1.156137e+02 -3.701013e+01 1.254632e+01) (-1.264650e-01 4.743672e-02 4.568418e-02))
504.69        	((1.171392e+02 1.169447e+03 -2.037134e+02) (-7.231082e-02 8.888010e+00 -6.542931e-01)) ((-1.156183e+02 -3.702492e+01 1.255590e+01) (-1.273038e-01 4.726444e-02 4.624948e-02))
504.7         	((1.171438e+02 1.169386e+03 -2.037419e+02) (-7.201575e-02 8.887759e+00 -6.541364e-01)) ((-1.156299e+02 -3.705164e+01 1.257059e+01) (-1.269840e-01 4.744898e-02 4.576484e-02))
504.71        	((1.171812e+02 1.169342e+03 -2.037369e+02) (-7.265706e-02 8.890011e+00 -6.548298e-01)) ((-1.156330e+02 -3.707284e+01 1.258139e+01) (-1.278191e-01 4.727869e-02 4.633554e-02))
504.72        	((1.172063e+02 1.169287e+03 -2.037706e+02) (-7.235378e-02 8.889698e+00 -6.546794e-01)) ((-1.156429e+02 -3.710629e+01 1.259718e+01) (-1.274930e-01 4.745843e-02 4.585743e-02))
504.73        	((1.172657e+02 1.169250e+03 -2.037713e+02) (-7.300092e-02 8.891866e+00 -6.553931e-01)) ((-1.156446e+02 -3.713439e+01 1.260898e+01) (-1.283289e-01 4.728497e-02 4.644110e-02))
504.74        	((1.173133e+02 1.169204e+03 -2.038112e+02) (-7.270449e-02 8.891487e+00 -6.552331e-01)) ((-1.156531e+02 -3.717461e+01 1.262567e+01) (-1.279986e-01 4.747063e-02 4.597066e-02))
504.75        	((1.173954e+02 1.169175e+03 -2.038179e+02) (-7.334280e-02 8.893628e+00 -6.559238e-01)) ((-1.156535e+02 -3.720890e+01 1.263830e+01) (-1.288199e-01 4.729802e-02 4.655659e-02))
504.76        	((1.174665e+02 1.169138e+03 -2.038632e+02) (-7.304516e-02 8.893209e+00 -6.557628e-01)) ((-1.156611e+02 -3.725500e+01 1.265585e+01) (-1.284789e-01 4.748332e-02 4.608983e-02))
504.77        	((1.175722e+02 1.169120e+03 -2.038750e+02) (-7.369197e-02 8.895308e+00 -6.564577e-01)) ((-1.156603e+02 -3.729490e+01 1.266912e+01) (-1.292928e-01 4.731370e-02 4.668132e-02))
504.78        	((1.176654e+02 1.169096e+03 -2.039259e+02) (-7.339603e-02 8.894853e+00 -6.563112e-01)) ((-1.156668e+02 -3.734595e+01 1.268694e+01) (-1.289404e-01 4.749638e-02 4.621886e-02))
504.79        	((1.177910e+02 1.169092e+03 -2.039429e+02) (-7.403287e-02 8.896930e+00 -6.570196e-01)) ((-1.156644e+02 -3.738966e+01 1.270013e+01) (-1.297432e-01 4.732233e-02 4.681317e-02))
504.8         	((1.179020e+02 1.169081e+03 -2.039987e+02) (-7.372144e-02 8.896447e+00 -6.568701e-01)) ((-1.156689e+02 -3.744388e+01 1.271760e+01) (-1.293832e-01 4.750671e-02 4.635283e-02))
504.81        	((1.180450e+02 1.169092e+03 -2.040206e+02) (-7.432281e-02 8.898477e+00 -6.575861e-01)) ((-1.156644e+02 -3.749034e+01 1.273021e+01) (-1.301834e-01 4.732449e-02 4.695575e-02))
504.82        	((1.181717e+02 1.169098e+03 -2.040802e+02) (-7.401166e-02 8.897980e+00 -6.574471e-01)) ((-1.156670e+02 -3.754622e+01 1.274669e+01) (-1.298110e-01 4.751335e-02 4.649255e-02))
504.83        	((1.183278e+02 1.169128e+03 -2.041060e+02) (-7.460961e-02 8.899963e+00 -6.581870e-01)) ((-1.156601e+02 -3.759419e+01 1.275814e+01) (-1.306100e-01 4.733306e-02 4.710277e-02))
504.84        	((1.184624e+02 1.169152e+03 -2.041698e+02) (-7.431335e-02 8.899482e+00 -6.580522e-01)) ((-1.156603e+02 -3.764993e+01 1.277315e+01) (-1.302163e-01 4.753337e-02 4.663020e-02))
504.85        	((1.186266e+02 1.169199e+03 -2.041983e+02) (-7.484909e-02 8.901361e+00 -6.588396e-01)) ((-1.156524e+02 -3.769768e+01 1.278343e+01) (-1.310313e-01 4.732940e-02 4.726690e-02))
504.86        	((1.187582e+02 1.169235e+03 -2.042615e+02) (-7.458965e-02 8.900989e+00 -6.586833e-01)) ((-1.156528e+02 -3.774999e+01 1.279674e+01) (-1.305940e-01 4.755649e-02 4.676072e-02))
504.87        	((1.189308e+02 1.169295e+03 -2.042898e+02) (-7.509261e-02 8.902725e+00 -6.595379e-01)) ((-1.156435e+02 -3.779788e+01 1.280635e+01) (-1.314365e-01 4.733587e-02 4.742918e-02))
504.88        	((1.190577e+02 1.169337e+03 -2.043520e+02) (-7.481183e-02 8.902518e+00 -6.593570e-01)) ((-1.156432e+02 -3.784612e+01 1.281789e+01) (-1.309363e-01 4.757339e-02 4.687871e-02))
504.89        	((1.192290e+02 1.169407e+03 -2.043803e+02) (-7.547182e-02 8.904571e+00 -6.601725e-01)) ((-1.156341e+02 -3.789083e+01 1.282579e+01) (-1.316721e-01 4.742335e-02 4.745113e-02))
504.9         	((1.193550e+02 1.169462e+03 -2.044421e+02) (-7.497272e-02 8.904162e+00 -6.600481e-01)) ((-1.156347e+02 -3.793635e+01 1.283619e+01) (-1.312164e-01 4.759113e-02 4.695852e-02))
504.91        	((1.195239e+02 1.169545e+03 -2.044700e+02) (-7.519808e-02 8.905577e+00 -6.609811e-01)) ((-1.156260e+02 -3.797876e+01 1.284332e+01) (-1.321361e-01 4.728351e-02 4.771568e-02))
504.92        	((1.196302e+02 1.169608e+03 -2.045297e+02) (-7.487720e-02 8.905476e+00 -6.607404e-01)) ((-1.156270e+02 -3.801626e+01 1.285115e+01) (-1.315911e-01 4.754065e-02 4.713166e-02))
504.93        	((1.197679e+02 1.169693e+03 -2.045542e+02) (-7.559229e-02 8.907864e+00 -6.614575e-01)) ((-1.156191e+02 -3.804549e+01 1.285396e+01) (-1.322153e-01 4.744377e-02 4.761166e-02))
504.94        	((1.198873e+02 1.169765e+03 -2.046125e+02) (-7.483049e-02 8.907030e+00 -6.616605e-01)) ((-1.156207e+02 -3.808503e+01 1.286284e+01) (-1.318516e-01 4.746514e-02 4.722866e-02))
504.95        	((1.199967e+02 1.169844e+03 -2.046296e+02) (-7.519531e-02 8.909121e+00 -6.622223e-01)) ((-1.156163e+02 -3.810348e+01 1.286403e+01) (-1.325829e-01 4.729927e-02 4.781098e-02))
504.96        	((1.200788e+02 1.169916e+03 -2.046832e+02) (-7.499294e-02 8.908926e+00 -6.620441e-01)) ((-1.156187e+02 -3.812802e+01 1.286795e+01) (-1.320477e-01 4.759159e-02 4.722586e-02))
504.97        	((1.201908e+02 1.170004e+03 -2.046986e+02) (-7.475986e-02 8.910203e+00 -6.631262e-01)) ((-1.156142e+02 -3.814519e+01 1.286879e+01) (-1.329766e-01 4.712281e-02 4.804077e-02))
504.98        	((1.202408e+02 1.170066e+03 -2.047440e+02) (-7.453869e-02 8.910311e+00 -6.628054e-01)) ((-1.156216e+02 -3.815710e+01 1.287082e+01) (-1.323568e-01 4.744228e-02 4.738187e-02))
504.99        	((1.202989e+02 1.170155e+03 -2.047549e+02) (-7.543160e-02 8.913191e+00 -6.634328e-01)) ((-1.156189e+02 -3.815325e+01 1.286494e+01) (-1.328199e-01 4.743265e-02 4.771800e-02))
505           	((1.203407e+02 1.170223e+03 -2.047971e+02) (-7.469084e-02 8.912712e+00 -6.634533e-01)) ((-1.156276e+02 -3.815959e+01 1.286592e+01) (-1.323390e-01 4.751239e-02 4.722830e-02))
