# Forces      
# CofR        : (0.000000e+00 0.000000e+00 0.000000e+00)
# Time        forces(pressure viscous)	moments(pressure viscous)
500           	((-1.695998e+00 8.957020e+03 8.222390e+03) (-1.406917e-04 3.997656e+00 2.084333e-01)) ((2.407848e+03 -4.666462e-02 7.027276e-02) (2.406145e-01 1.862068e-05 2.173261e-06))
500.01        	((5.619301e+00 6.956374e+03 6.360327e+03) (-1.940857e-04 3.107651e+00 1.363179e-01)) ((1.527163e+03 -1.359777e-01 -5.285906e-01) (-7.256629e-03 -2.995871e-04 2.378457e-04))
500.02        	((1.189731e+01 1.146567e+03 2.896763e+02) (-5.490305e-04 2.347963e+00 2.531575e-02)) ((-3.936120e+02 2.183593e-01 -1.057496e+00) (-2.000133e-01 4.053832e-04 1.008742e-03))
500.03        	((1.011577e+01 -2.696398e+03 -3.351025e+03) (2.405852e-03 2.259851e+00 -8.342875e-02)) ((-1.491802e+03 3.633800e-01 -1.282383e+00) (-2.254519e-01 3.458450e-04 1.423731e-04))
500.04        	((1.265786e+00 -2.331638e+03 -2.450485e+03) (2.604766e-03 3.039103e+00 -5.720820e-02)) ((-1.046605e+03 1.065590e+00 -3.409217e-01) (-3.137027e-02 8.312413e-04 -1.967882e-04))
500.05        	((-3.217801e+00 1.123383e+02 4.826469e+02) (-9.932391e-03 4.213205e+00 2.372980e-01)) ((1.133462e+01 7.325437e-01 3.097731e-01) (2.780799e-01 4.201222e-03 4.495295e-03))
500.06        	((8.626343e-01 1.977861e+03 2.418801e+03) (-5.674981e-03 4.836364e+00 5.964590e-01)) ((6.289764e+02 -7.677390e-01 -6.540139e-01) (4.022076e-01 3.387181e-03 4.721846e-03))
500.07        	((6.645296e+00 2.213328e+03 2.266719e+03) (7.848562e-03 4.610624e+00 7.667894e-01)) ((4.774778e+02 -1.792760e+00 -1.321901e+00) (2.246433e-01 -5.752914e-04 -1.644249e-03))
500.08        	((6.573149e+00 1.384739e+03 1.053864e+03) (1.188900e-02 4.175732e+00 7.640251e-01)) ((-5.098854e+01 -8.542011e-01 -7.251038e-01) (-5.288728e-02 -1.058916e-03 -2.833912e-03))
500.09        	((1.917399e+00 5.288674e+02 1.496914e+02) (3.663350e-03 3.908706e+00 7.145772e-01)) ((-4.085902e+02 9.466142e-01 4.996629e-01) (-2.692003e-01 1.704476e-03 5.051837e-04))
500.1         	((-1.865798e+00 2.240640e+02 1.010649e+02) (-6.756159e-04 4.201045e+00 7.661051e-01)) ((-3.951447e+02 1.797466e+00 8.553298e-01) (-2.597284e-01 3.487645e-03 1.362156e-03))
500.11        	((-3.249107e+00 4.944837e+02 6.631309e+02) (-1.361652e-02 4.868273e+00 1.033123e+00)) ((-1.418845e+02 1.659354e+00 6.111923e-01) (-4.652464e-02 6.929258e-03 6.785532e-03))
500.12        	((-2.091825e+00 8.577967e+02 1.098266e+03) (-1.316515e-02 5.444695e+00 1.379307e+00)) ((5.911076e+01 7.596898e-01 -9.814852e-02) (1.571742e-01 5.775167e-03 6.903185e-03))
500.13        	((2.221897e-01 1.040911e+03 1.118502e+03) (-9.514381e-03 5.550011e+00 1.599635e+00)) ((8.039130e+01 -2.498696e-01 -8.011817e-01) (1.502360e-01 3.905026e-03 5.733924e-03))
500.14        	((-5.047003e-01 1.008612e+03 8.547431e+02) (-5.589392e-03 5.534670e+00 1.693995e+00)) ((-3.091192e+01 -2.197659e-02 2.806883e-02) (5.831599e-02 2.740472e-03 4.221878e-03))
500.15        	((-2.243912e+00 9.080702e+02 6.315860e+02) (1.930584e-03 5.581790e+00 1.718668e+00)) ((-1.463739e+02 6.757041e-01 1.140040e+00) (-2.387660e-02 4.959201e-04 6.011923e-04))
500.16        	((-3.553151e+00 8.549010e+02 5.845316e+02) (5.418549e-03 5.709209e+00 1.736095e+00)) ((-1.812255e+02 1.301923e+00 1.775829e+00) (-6.225597e-02 -7.495492e-04 -1.396635e-03))
500.17        	((-3.471794e+00 8.669237e+02 6.314951e+02) (2.405314e-03 5.938548e+00 1.802428e+00)) ((-1.422967e+02 1.404629e+00 1.531134e+00) (-3.215013e-02 2.125455e-04 -6.798527e-04))
500.18        	((-2.775086e+00 9.072640e+02 6.422951e+02) (5.703761e-06 6.217734e+00 1.899470e+00)) ((-8.620450e+01 1.193260e+00 1.096737e+00) (3.805298e-02 1.076383e-03 -5.575436e-04))
500.19        	((-2.345318e+00 9.424542e+02 5.804799e+02) (1.775772e-03 6.431666e+00 1.959514e+00)) ((-6.264082e+01 1.002996e+00 1.002902e+00) (8.699827e-02 4.210599e-04 -2.033832e-03))
500.2         	((-2.235388e+00 9.685976e+02 4.945252e+02) (2.720766e-03 6.580145e+00 1.956546e+00)) ((-8.090171e+01 9.343180e-01 1.179618e+00) (9.647645e-02 -2.491557e-04 -1.828774e-03))
500.21        	((-2.187487e+00 9.949778e+02 4.417915e+02) (3.429238e-03 6.701338e+00 1.911404e+00)) ((-1.174891e+02 9.262929e-01 1.388588e+00) (8.782100e-02 -5.203991e-04 -1.634731e-03))
500.22        	((-2.103820e+00 1.027346e+03 4.378853e+02) (2.574036e-03 6.842493e+00 1.854965e+00)) ((-1.434020e+02 9.411314e-01 1.397930e+00) (8.300730e-02 -2.722277e-04 -3.209194e-04))
500.23        	((-2.049124e+00 1.043355e+03 4.416197e+02) (1.348469e-03 7.023396e+00 1.828068e+00)) ((-1.486245e+02 1.016226e+00 1.295118e+00) (9.265840e-02 1.883469e-04 6.173509e-04))
500.24        	((-1.956707e+00 1.041836e+03 4.214940e+02) (-2.824250e-04 7.220195e+00 1.809823e+00)) ((-1.408066e+02 1.099002e+00 1.184213e+00) (1.130622e-01 1.116723e-03 1.192636e-03))
500.25        	((-1.795297e+00 1.035722e+03 3.778192e+02) (-1.068607e-03 7.402999e+00 1.777190e+00)) ((-1.344641e+02 1.125620e+00 1.135860e+00) (1.328897e-01 1.457659e-03 1.639233e-03))
500.26        	((-1.533024e+00 1.042162e+03 3.368503e+02) (-8.820599e-04 7.569120e+00 1.718463e+00)) ((-1.381183e+02 1.078001e+00 1.130364e+00) (1.473108e-01 1.369494e-03 1.710554e-03))
500.27        	((-1.318045e+00 1.067893e+03 3.248826e+02) (-7.427588e-05 7.719344e+00 1.642152e+00)) ((-1.504214e+02 9.845057e-01 1.097059e+00) (1.547218e-01 1.084007e-03 1.628915e-03))
500.28        	((-1.273384e+00 1.104124e+03 3.442896e+02) (8.344906e-04 7.871546e+00 1.569380e+00)) ((-1.643143e+02 9.219287e-01 1.018670e+00) (1.603266e-01 7.780036e-04 1.325563e-03))
500.29        	((-1.384632e+00 1.135957e+03 3.780360e+02) (1.281070e-03 8.034251e+00 1.514050e+00)) ((-1.741412e+02 9.046459e-01 9.135876e-01) (1.677819e-01 6.167518e-04 1.133422e-03))
500.3         	((-1.562282e+00 1.155436e+03 4.062116e+02) (2.352086e-03 8.201801e+00 1.475028e+00)) ((-1.791633e+02 9.238550e-01 8.069357e-01) (1.778122e-01 5.233874e-04 2.328077e-04))
500.31        	((-1.646563e+00 1.166536e+03 4.202267e+02) (1.661666e-03 8.374087e+00 1.444388e+00)) ((-1.822257e+02 9.236681e-01 7.252939e-01) (1.836201e-01 3.299770e-04 7.010684e-04))
500.32        	((-1.687906e+00 1.179300e+03 4.269776e+02) (1.863578e-03 8.533519e+00 1.409353e+00)) ((-1.862495e+02 9.156972e-01 6.685866e-01) (1.888276e-01 1.617888e-04 6.147606e-04))
500.33        	((-1.729712e+00 1.200960e+03 4.399885e+02) (2.450393e-03 8.680196e+00 1.371442e+00)) ((-1.921178e+02 8.746905e-01 6.086174e-01) (1.932152e-01 1.953674e-05 3.942355e-04))
500.34        	((-1.873522e+00 1.231761e+03 4.691179e+02) (2.849549e-03 8.824083e+00 1.337128e+00)) ((-1.984121e+02 8.447452e-01 5.253707e-01) (1.972908e-01 -1.291024e-04 5.579493e-05))
500.35        	((-2.079241e+00 1.267426e+03 5.138586e+02) (2.875699e-03 8.965668e+00 1.315299e+00)) ((-2.034365e+02 8.417783e-01 4.510904e-01) (2.025769e-01 -2.809521e-04 -2.422245e-04))
500.36        	((-2.299985e+00 1.302930e+03 5.661952e+02) (3.346788e-03 9.113504e+00 1.307450e+00)) ((-2.066212e+02 8.281789e-01 3.560822e-01) (2.077947e-01 -2.738196e-04 -3.913646e-04))
500.37        	((-2.473994e+00 1.337900e+03 6.180548e+02) (3.293237e-03 9.257039e+00 1.312202e+00)) ((-2.086393e+02 8.341313e-01 3.003239e-01) (2.130828e-01 -5.076974e-04 -6.454997e-04))
500.38        	((-2.594175e+00 1.374538e+03 6.671236e+02) (3.534486e-03 9.401416e+00 1.323475e+00)) ((-2.104195e+02 8.237962e-01 2.395756e-01) (2.170978e-01 -4.133101e-04 -8.438277e-04))
500.39        	((-2.600887e+00 1.423177e+03 7.243495e+02) (3.626966e-03 9.535141e+00 1.339942e+00)) ((-2.104548e+02 8.307557e-01 2.237241e-01) (2.213231e-01 -6.122299e-04 -1.046593e-03))
500.4         	((-2.630500e+00 1.491471e+03 8.018770e+02) (3.921606e-03 9.674758e+00 1.363645e+00)) ((-2.065769e+02 8.360406e-01 1.971014e-01) (2.262659e-01 -5.504652e-04 -1.124074e-03))
500.41        	((-2.615155e+00 1.554206e+03 8.719901e+02) (4.010129e-03 9.811709e+00 1.398920e+00)) ((-2.051434e+02 8.785183e-01 2.030035e-01) (2.339118e-01 -6.709226e-04 -1.356300e-03))
500.42        	((-2.575351e+00 1.590673e+03 9.174691e+02) (4.377853e-03 9.961135e+00 1.447340e+00)) ((-2.107047e+02 8.962462e-01 1.866532e-01) (2.410071e-01 -6.114018e-04 -1.460641e-03))
500.43        	((-2.461453e+00 1.616160e+03 9.533453e+02) (4.610492e-03 1.010182e+01 1.499942e+00)) ((-2.182311e+02 9.284916e-01 2.022652e-01) (2.473087e-01 -7.316885e-04 -1.649197e-03))
500.44        	((-2.286948e+00 1.645939e+03 9.931238e+02) (4.882860e-03 1.024342e+01 1.553629e+00)) ((-2.234793e+02 9.473491e-01 2.038501e-01) (2.515171e-01 -7.247949e-04 -1.773623e-03))
500.45        	((-2.081685e+00 1.682253e+03 1.035371e+03) (5.194143e-03 1.037590e+01 1.609503e+00)) ((-2.267587e+02 9.740002e-01 2.234095e-01) (2.556884e-01 -7.579372e-04 -1.868656e-03))
500.46        	((-1.920840e+00 1.720171e+03 1.074919e+03) (5.493214e-03 1.051302e+01 1.668271e+00)) ((-2.299767e+02 9.810082e-01 2.161584e-01) (2.597873e-01 -7.926544e-04 -1.903306e-03))
500.47        	((-1.614839e+00 1.755897e+03 1.109106e+03) (5.743732e-03 1.064377e+01 1.730661e+00)) ((-2.342597e+02 1.009693e+00 2.347824e-01) (2.653362e-01 -8.920965e-04 -1.989409e-03))
500.48        	((-1.201354e+00 1.789124e+03 1.140400e+03) (6.286778e-03 1.078057e+01 1.795852e+00)) ((-2.389764e+02 1.018485e+00 2.323059e-01) (2.706077e-01 -8.419188e-04 -2.088255e-03))
500.49        	((-5.982533e-01 1.820264e+03 1.169610e+03) (6.711260e-03 1.090977e+01 1.862320e+00)) ((-2.434825e+02 1.072657e+00 2.974089e-01) (2.774047e-01 -1.110141e-03 -2.292016e-03))
500.5         	((2.291620e-02 1.850138e+03 1.197822e+03) (7.525593e-03 1.104593e+01 1.929886e+00)) ((-2.473177e+02 1.101654e+00 3.389685e-01) (2.818250e-01 -1.050626e-03 -2.391223e-03))
500.51        	((7.227499e-01 1.885298e+03 1.232068e+03) (7.947852e-03 1.117595e+01 1.997354e+00)) ((-2.490118e+02 1.169685e+00 4.287209e-01) (2.871866e-01 -1.233111e-03 -2.543429e-03))
500.52        	((1.427080e+00 1.922127e+03 1.267479e+03) (8.795668e-03 1.131034e+01 2.064680e+00)) ((-2.502819e+02 1.248600e+00 5.300173e-01) (2.937900e-01 -1.298975e-03 -2.506557e-03))
500.53        	((2.178505e+00 1.964864e+03 1.307367e+03) (9.488483e-03 1.144187e+01 2.134929e+00)) ((-2.505984e+02 1.343379e+00 6.386542e-01) (2.993045e-01 -1.343280e-03 -2.411685e-03))
500.54        	((2.944180e+00 2.004104e+03 1.341699e+03) (1.064356e-02 1.157990e+01 2.205132e+00)) ((-2.525476e+02 1.452699e+00 7.631052e-01) (3.058530e-01 -1.488488e-03 -2.614933e-03))
500.55        	((3.634972e+00 2.036906e+03 1.367296e+03) (1.200332e-02 1.171364e+01 2.275909e+00)) ((-2.566498e+02 1.589839e+00 9.157378e-01) (3.127918e-01 -1.614029e-03 -2.826844e-03))
500.56        	((4.133378e+00 2.065920e+03 1.389376e+03) (1.313010e-02 1.185058e+01 2.344001e+00)) ((-2.613385e+02 1.747991e+00 1.096582e+00) (3.196661e-01 -1.671716e-03 -2.760721e-03))
500.57        	((4.222344e+00 2.095061e+03 1.412082e+03) (1.433203e-02 1.198134e+01 2.411042e+00)) ((-2.651717e+02 1.929336e+00 1.292701e+00) (3.265448e-01 -1.785277e-03 -2.856748e-03))
500.58        	((4.161009e+00 2.127691e+03 1.439567e+03) (1.517577e-02 1.211590e+01 2.476200e+00)) ((-2.671773e+02 2.085471e+00 1.457925e+00) (3.337439e-01 -1.848381e-03 -2.706051e-03))
500.59        	((4.146581e+00 2.161739e+03 1.467771e+03) (1.627475e-02 1.224609e+01 2.541876e+00)) ((-2.685879e+02 2.187663e+00 1.551861e+00) (3.414639e-01 -1.981402e-03 -2.846921e-03))
500.6         	((4.316988e+00 2.194449e+03 1.494067e+03) (1.730531e-02 1.238078e+01 2.606038e+00)) ((-2.705160e+02 2.223140e+00 1.573650e+00) (3.496893e-01 -2.107135e-03 -2.887219e-03))
500.61        	((5.139274e+00 2.226498e+03 1.520236e+03) (1.855675e-02 1.251025e+01 2.669775e+00)) ((-2.729650e+02 2.207101e+00 1.545579e+00) (3.580373e-01 -2.272414e-03 -3.076754e-03))
500.62        	((6.740749e+00 2.257685e+03 1.546567e+03) (1.999921e-02 1.264364e+01 2.731547e+00)) ((-2.756531e+02 2.150156e+00 1.505427e+00) (3.665952e-01 -2.450919e-03 -3.242563e-03))
500.63        	((5.161502e+00 2.280173e+03 1.554083e+03) (2.154781e-02 1.277087e+01 2.792560e+00)) ((-2.808231e+02 2.229609e+00 1.504017e+00) (3.749083e-01 -2.678560e-03 -3.587410e-03))
500.64        	((8.362749e-02 2.295548e+03 1.546957e+03) (2.243385e-02 1.290073e+01 2.847615e+00)) ((-2.873585e+02 2.371271e+00 1.458823e+00) (3.822932e-01 -2.837078e-03 -3.700489e-03))
500.65        	((-4.665191e+00 2.318112e+03 1.552933e+03) (2.200609e-02 1.302679e+01 2.898265e+00)) ((-2.910654e+02 2.322990e+00 1.206600e+00) (3.891099e-01 -2.901890e-03 -3.612666e-03))
500.66        	((-7.536194e+00 2.351311e+03 1.583183e+03) (2.088539e-02 1.315663e+01 2.946566e+00)) ((-2.909708e+02 1.965534e+00 6.723117e-01) (3.961435e-01 -2.921666e-03 -3.421948e-03))
500.67        	((-6.662566e+00 2.383819e+03 1.612617e+03) (1.978546e-02 1.328186e+01 2.998239e+00)) ((-2.913954e+02 1.310864e+00 -6.280940e-02) (4.042373e-01 -3.002190e-03 -3.429980e-03))
500.68        	((-4.794844e+00 2.411363e+03 1.632160e+03) (1.940118e-02 1.341066e+01 3.049494e+00)) ((-2.937566e+02 6.280613e-01 -7.865177e-01) (4.123992e-01 -3.131616e-03 -3.582607e-03))
500.69        	((-5.383298e+00 2.437239e+03 1.648336e+03) (1.930182e-02 1.353290e+01 3.099763e+00)) ((-2.967076e+02 1.958680e-01 -1.324979e+00) (4.200192e-01 -3.256953e-03 -3.806872e-03))
500.7         	((-8.461569e+00 2.463978e+03 1.667614e+03) (1.867397e-02 1.365884e+01 3.146154e+00)) ((-2.988743e+02 1.187546e-02 -1.681654e+00) (4.273629e-01 -3.235760e-03 -3.939693e-03))
500.71        	((-1.214888e+01 2.490794e+03 1.687704e+03) (1.732590e-02 1.377768e+01 3.191395e+00)) ((-3.005531e+02 -1.148255e-01 -2.001509e+00) (4.342519e-01 -3.179198e-03 -4.119885e-03))
500.72        	((-1.457117e+01 2.516947e+03 1.707535e+03) (1.518958e-02 1.390253e+01 3.236946e+00)) ((-3.020334e+02 -2.892598e-01 -2.319823e+00) (4.429157e-01 -3.194000e-03 -3.961274e-03))
500.73        	((-1.542609e+01 2.541694e+03 1.724920e+03) (1.334772e-02 1.402128e+01 3.282101e+00)) ((-3.038519e+02 -5.088146e-01 -2.573559e+00) (4.514223e-01 -3.169901e-03 -3.899887e-03))
500.74        	((-1.555694e+01 2.565054e+03 1.741124e+03) (1.132743e-02 1.414162e+01 3.324600e+00)) ((-3.059550e+02 -6.123127e-01 -2.640886e+00) (4.594658e-01 -2.975745e-03 -3.844460e-03))
500.75        	((-1.566621e+01 2.587516e+03 1.756800e+03) (1.003326e-02 1.425579e+01 3.366255e+00)) ((-3.082866e+02 -5.573046e-01 -2.464959e+00) (4.670614e-01 -2.900536e-03 -3.760094e-03))
500.76        	((-1.578093e+01 2.609286e+03 1.773426e+03) (8.056445e-03 1.437167e+01 3.405716e+00)) ((-3.104546e+02 -3.419041e-01 -2.114726e+00) (4.743853e-01 -2.475062e-03 -3.368377e-03))
500.77        	((-1.555429e+01 2.630000e+03 1.789910e+03) (6.819311e-03 1.448159e+01 3.445173e+00)) ((-3.124848e+02 -9.095851e-02 -1.684012e+00) (4.814286e-01 -2.284027e-03 -3.138227e-03))
500.78        	((-1.479330e+01 2.649329e+03 1.806179e+03) (4.674036e-03 1.459334e+01 3.482811e+00)) ((-3.143026e+02 1.683500e-01 -1.268067e+00) (4.883408e-01 -1.679399e-03 -2.412388e-03))
500.79        	((-1.366071e+01 2.667328e+03 1.821293e+03) (3.843093e-03 1.469873e+01 3.521126e+00)) ((-3.161045e+02 3.865614e-01 -8.824621e-01) (4.950988e-01 -1.550870e-03 -2.260132e-03))
500.8         	((-1.244738e+01 2.684244e+03 1.836213e+03) (2.211329e-03 1.480525e+01 3.557336e+00)) ((-3.178188e+02 6.199864e-01 -5.190274e-01) (5.015547e-01 -9.637263e-04 -1.542125e-03))
500.81        	((-1.132205e+01 2.700512e+03 1.850899e+03) (2.115650e-03 1.490641e+01 3.594379e+00)) ((-3.195124e+02 8.384991e-01 -1.616018e-01) (5.079010e-01 -9.746671e-04 -1.532918e-03))
500.82        	((-1.028618e+01 2.716107e+03 1.866038e+03) (9.152647e-04 1.500835e+01 3.629863e+00)) ((-3.210410e+02 1.067791e+00 1.637961e-01) (5.139357e-01 -4.435345e-04 -8.679361e-04))
500.83        	((-9.257775e+00 2.730806e+03 1.880746e+03) (1.145982e-03 1.510432e+01 3.666399e+00)) ((-3.224569e+02 1.232200e+00 4.477162e-01) (5.198267e-01 -5.216613e-04 -8.634943e-04))
500.84        	((-8.233575e+00 2.744501e+03 1.895093e+03) (1.900640e-04 1.520087e+01 3.701814e+00)) ((-3.236763e+02 1.378652e+00 6.638417e-01) (5.254368e-01 -7.602333e-05 -1.890357e-04))
500.85        	((-7.287021e+00 2.757142e+03 1.908373e+03) (5.993016e-04 1.529157e+01 3.738067e+00)) ((-3.248336e+02 1.460552e+00 8.162751e-01) (5.308344e-01 -1.895461e-04 -2.593462e-04))
500.86        	((-6.492609e+00 2.768873e+03 1.921155e+03) (-3.225276e-05 1.538161e+01 3.772779e+00)) ((-3.258966e+02 1.535687e+00 9.184666e-01) (5.357829e-01 1.710282e-04 3.304622e-04))
500.87        	((-5.857943e+00 2.779910e+03 1.933229e+03) (7.487250e-04 1.546636e+01 3.808210e+00)) ((-3.269219e+02 1.568496e+00 9.731358e-01) (5.405877e-01 -7.041372e-05 8.252338e-05))
500.88        	((-5.367379e+00 2.790263e+03 1.944997e+03) (1.533436e-04 1.555013e+01 3.842307e+00)) ((-3.278359e+02 1.601446e+00 9.836048e-01) (5.450382e-01 2.757256e-04 5.784853e-04))
500.89        	((-4.957707e+00 2.799899e+03 1.956162e+03) (1.029918e-03 1.562886e+01 3.876910e+00)) ((-3.286389e+02 1.584562e+00 9.630504e-01) (5.492933e-01 -1.130484e-05 3.308603e-04))
500.9         	((-4.638895e+00 2.808890e+03 1.966875e+03) (5.914322e-04 1.570681e+01 3.910641e+00)) ((-3.292694e+02 1.586188e+00 9.103261e-01) (5.533592e-01 2.372418e-04 7.115481e-04))
500.91        	((-4.404334e+00 2.817177e+03 1.976868e+03) (1.390221e-03 1.578024e+01 3.944716e+00)) ((-3.297851e+02 1.543944e+00 8.478972e-01) (5.571911e-01 -5.548142e-05 4.004220e-04))
500.92        	((-4.244172e+00 2.824819e+03 1.986346e+03) (9.003808e-04 1.585156e+01 3.977614e+00)) ((-3.302034e+02 1.518368e+00 7.697788e-01) (5.605867e-01 1.920285e-04 8.594989e-04))
500.93        	((-4.165825e+00 2.831891e+03 1.995184e+03) (2.007211e-03 1.591935e+01 4.010609e+00)) ((-3.305657e+02 1.467152e+00 6.912912e-01) (5.638196e-01 -2.554399e-04 2.638015e-04))
500.94        	((-4.122439e+00 2.838331e+03 2.003426e+03) (1.589467e-03 1.598505e+01 4.042644e+00)) ((-3.308799e+02 1.418751e+00 5.992228e-01) (5.667681e-01 2.417103e-05 7.038878e-04))
500.95        	((-4.103892e+00 2.844138e+03 2.011113e+03) (2.777907e-03 1.604713e+01 4.074527e+00)) ((-3.311212e+02 1.372173e+00 5.129826e-01) (5.694324e-01 -5.126273e-04 -5.675531e-05))
500.96        	((-4.078344e+00 2.849190e+03 2.018132e+03) (2.288035e-03 1.610711e+01 4.105587e+00)) ((-3.312686e+02 1.317312e+00 4.225990e-01) (5.718406e-01 -2.043320e-04 5.027333e-04))
500.97        	((-4.107226e+00 2.853651e+03 2.024688e+03) (3.592135e-03 1.616432e+01 4.136535e+00)) ((-3.312719e+02 1.270480e+00 3.428614e-01) (5.741241e-01 -7.971285e-04 -3.153103e-04))
500.98        	((-4.141061e+00 2.857608e+03 2.030762e+03) (3.128483e-03 1.621950e+01 4.166679e+00)) ((-3.311572e+02 1.220089e+00 2.641379e-01) (5.761574e-01 -5.062299e-04 2.367093e-04))
500.99        	((-4.186364e+00 2.860495e+03 2.035736e+03) (3.920996e-03 1.627047e+01 4.196743e+00)) ((-3.310478e+02 1.174191e+00 1.937433e-01) (5.778541e-01 -9.212599e-04 -2.679840e-04))
501           	((-4.218091e+00 2.863059e+03 2.040357e+03) (3.391586e-03 1.631998e+01 4.225733e+00)) ((-3.308443e+02 1.128039e+00 1.238831e-01) (5.793126e-01 -6.145920e-04 3.433566e-04))
501.01        	((-4.259201e+00 2.865597e+03 2.045074e+03) (3.868375e-03 1.636676e+01 4.254797e+00)) ((-3.304776e+02 1.090616e+00 6.535719e-02) (5.806793e-01 -9.150307e-04 -1.197690e-05))
501.02        	((-4.289742e+00 2.868065e+03 2.049753e+03) (3.197742e-03 1.641213e+01 4.282960e+00)) ((-3.299766e+02 1.054841e+00 8.560463e-03) (5.818246e-01 -5.433020e-04 6.344396e-04))
501.03        	((-4.324141e+00 2.870015e+03 2.053944e+03) (3.695326e-03 1.645469e+01 4.311254e+00)) ((-3.294501e+02 1.028038e+00 -3.733540e-02) (5.828352e-01 -8.390685e-04 2.034393e-04))
501.04        	((-4.344337e+00 2.871195e+03 2.057369e+03) (2.945779e-03 1.649578e+01 4.338583e+00)) ((-3.289585e+02 1.000878e+00 -8.357657e-02) (5.835520e-01 -4.511372e-04 8.305964e-04))
501.05        	((-4.381501e+00 2.871714e+03 2.060162e+03) (3.561864e-03 1.653420e+01 4.365867e+00)) ((-3.284422e+02 9.851429e-01 -1.181927e-01) (5.841045e-01 -8.206184e-04 3.073026e-04))
501.06        	((-4.406690e+00 2.871772e+03 2.062552e+03) (2.920528e-03 1.657140e+01 4.392222e+00)) ((-3.278548e+02 9.688100e-01 -1.543700e-01) (5.844719e-01 -4.794440e-04 8.803203e-04))
501.07        	((-4.438854e+00 2.871525e+03 2.064669e+03) (3.516139e-03 1.660610e+01 4.418539e+00)) ((-3.271731e+02 9.603638e-01 -1.814818e-01) (5.846996e-01 -8.488013e-04 3.886733e-04))
501.08        	((-4.445463e+00 2.870989e+03 2.066516e+03) (2.841972e-03 1.663962e+01 4.443986e+00)) ((-3.264355e+02 9.472238e-01 -2.125660e-01) (5.847230e-01 -4.872107e-04 9.760864e-04))
501.09        	((-4.454013e+00 2.870088e+03 2.068005e+03) (3.471553e-03 1.667075e+01 4.469539e+00)) ((-3.256807e+02 9.423418e-01 -2.363874e-01) (5.846478e-01 -8.432632e-04 4.336054e-04))
501.1         	((-4.448097e+00 2.868738e+03 2.069062e+03) (2.802869e-03 1.670084e+01 4.494340e+00)) ((-3.249434e+02 9.392628e-01 -2.631749e-01) (5.844327e-01 -4.882695e-04 9.863940e-04))
501.11        	((-4.459480e+00 2.866942e+03 2.069693e+03) (3.351660e-03 1.672868e+01 4.519279e+00)) ((-3.241988e+02 9.498563e-01 -2.816363e-01) (5.841581e-01 -8.424961e-04 4.895380e-04))
501.12        	((-4.465046e+00 2.864765e+03 2.069944e+03) (2.559435e-03 1.675564e+01 4.543415e+00)) ((-3.234333e+02 9.633385e-01 -3.025428e-01) (5.837411e-01 -4.723579e-04 1.131608e-03))
501.13        	((-4.487295e+00 2.862253e+03 2.069893e+03) (3.092847e-03 1.678044e+01 4.567602e+00)) ((-3.226126e+02 9.887357e-01 -3.146750e-01) (5.832196e-01 -8.426941e-04 6.546722e-04))
501.14        	((-4.494852e+00 2.859406e+03 2.069518e+03) (2.377385e-03 1.680440e+01 4.590955e+00)) ((-3.217580e+02 1.012513e+00 -3.303044e-01) (5.825170e-01 -5.186280e-04 1.240698e-03))
501.15        	((-4.510212e+00 2.856234e+03 2.068860e+03) (2.932018e-03 1.682635e+01 4.614388e+00)) ((-3.208693e+02 1.043193e+00 -3.390674e-01) (5.817183e-01 -9.126093e-04 7.479700e-04))
501.16        	((-4.512327e+00 2.852732e+03 2.067906e+03) (2.243099e-03 1.684766e+01 4.637015e+00)) ((-3.199739e+02 1.070788e+00 -3.539096e-01) (5.807730e-01 -6.012418e-04 1.306546e-03))
501.17        	((-4.529780e+00 2.848892e+03 2.066636e+03) (2.885189e-03 1.686708e+01 4.659729e+00)) ((-3.190731e+02 1.106248e+00 -3.632329e-01) (5.797507e-01 -1.016976e-03 7.046890e-04))
501.18        	((-4.530989e+00 2.844735e+03 2.065086e+03) (2.216679e-03 1.688594e+01 4.681640e+00)) ((-3.181640e+02 1.135587e+00 -3.811031e-01) (5.785799e-01 -7.097560e-04 1.210601e-03))
501.19        	((-4.542070e+00 2.840273e+03 2.063269e+03) (2.806229e-03 1.690241e+01 4.703429e+00)) ((-3.172249e+02 1.168193e+00 -3.949170e-01) (5.774737e-01 -1.117264e-03 6.625379e-04))
501.2         	((-4.543445e+00 2.835453e+03 2.061124e+03) (2.181309e-03 1.691837e+01 4.724362e+00)) ((-3.162747e+02 1.193572e+00 -4.142075e-01) (5.762069e-01 -8.373461e-04 1.171982e-03))
501.21        	((-4.565165e+00 2.830412e+03 2.058836e+03) (2.879170e-03 1.693243e+01 4.745295e+00)) ((-3.152654e+02 1.222973e+00 -4.269046e-01) (5.747959e-01 -1.290497e-03 5.595579e-04))
501.22        	((-4.576650e+00 2.825192e+03 2.056443e+03) (2.271459e-03 1.694586e+01 4.765358e+00)) ((-3.142080e+02 1.243792e+00 -4.452819e-01) (5.731745e-01 -1.021365e-03 1.057521e-03))
501.23        	((-4.601816e+00 2.819822e+03 2.053987e+03) (2.912796e-03 1.695749e+01 4.785451e+00)) ((-3.130906e+02 1.266717e+00 -4.582117e-01) (5.714301e-01 -1.451973e-03 4.762416e-04))
501.24        	((-4.615664e+00 2.814232e+03 2.051351e+03) (2.253897e-03 1.696858e+01 4.804723e+00)) ((-3.119500e+02 1.279885e+00 -4.757489e-01) (5.694857e-01 -1.151210e-03 9.893310e-04))
501.25        	((-4.641415e+00 2.808332e+03 2.048425e+03) (2.892697e-03 1.697788e+01 4.824068e+00)) ((-3.108072e+02 1.293691e+00 -4.857633e-01) (5.674056e-01 -1.564919e-03 3.912648e-04))
501.26        	((-4.654140e+00 2.802182e+03 2.045289e+03) (2.269913e-03 1.698673e+01 4.842624e+00)) ((-3.096513e+02 1.298084e+00 -4.989261e-01) (5.651417e-01 -1.263690e-03 8.801490e-04))
501.27        	((-4.677019e+00 2.795863e+03 2.042048e+03) (2.953147e-03 1.699392e+01 4.861279e+00)) ((-3.084464e+02 1.307382e+00 -5.059389e-01) (5.627707e-01 -1.678795e-03 2.380186e-04))
501.28        	((-4.683378e+00 2.789743e+03 2.039277e+03) (2.357568e-03 1.700074e+01 4.878726e+00)) ((-3.072407e+02 1.308739e+00 -5.198704e-01) (5.600702e-01 -1.362614e-03 6.722871e-04))
501.29        	((-4.711255e+00 2.783165e+03 2.035877e+03) (3.060585e-03 1.700618e+01 4.897122e+00)) ((-3.059753e+02 1.315369e+00 -5.249996e-01) (5.575486e-01 -1.756184e-03 -1.907268e-05))
501.3         	((-4.725243e+00 2.776510e+03 2.032626e+03) (2.470473e-03 1.701131e+01 4.914325e+00)) ((-3.047013e+02 1.313080e+00 -5.352987e-01) (5.547043e-01 -1.426688e-03 3.844359e-04))
501.31        	((-4.750119e+00 2.769731e+03 2.029360e+03) (3.189220e-03 1.701499e+01 4.931801e+00)) ((-3.034043e+02 1.313763e+00 -5.378493e-01) (5.518002e-01 -1.823162e-03 -3.163973e-04))
501.32        	((-4.766779e+00 2.762710e+03 2.025844e+03) (2.606106e-03 1.701843e+01 4.948701e+00)) ((-3.020943e+02 1.307336e+00 -5.441802e-01) (5.487816e-01 -1.493311e-03 1.021081e-04))
501.33        	((-4.796518e+00 2.755406e+03 2.022041e+03) (3.334561e-03 1.702050e+01 4.965799e+00)) ((-3.007581e+02 1.304490e+00 -5.429394e-01) (5.457065e-01 -1.886891e-03 -5.871548e-04))
501.34        	((-4.816521e+00 2.747870e+03 2.018031e+03) (2.744057e-03 1.702236e+01 4.982238e+00)) ((-2.994015e+02 1.294956e+00 -5.457420e-01) (5.425018e-01 -1.552552e-03 -1.682996e-04))
501.35        	((-4.840793e+00 2.740180e+03 2.013915e+03) (3.454297e-03 1.702286e+01 4.998810e+00)) ((-2.980160e+02 1.289421e+00 -5.423693e-01) (5.392223e-01 -1.941226e-03 -8.517337e-04))
501.36        	((-4.851831e+00 2.732367e+03 2.009721e+03) (2.854748e-03 1.702314e+01 5.014723e+00)) ((-2.966192e+02 1.277398e+00 -5.451607e-01) (5.358164e-01 -1.596886e-03 -4.213481e-04))
501.37        	((-4.874812e+00 2.724440e+03 2.005439e+03) (3.559032e-03 1.702208e+01 5.030814e+00)) ((-2.952038e+02 1.269817e+00 -5.426537e-01) (5.323453e-01 -1.975474e-03 -1.094656e-03))
501.38        	((-4.884992e+00 2.716345e+03 2.000988e+03) (2.938369e-03 1.702082e+01 5.046312e+00)) ((-2.937924e+02 1.255618e+00 -5.466063e-01) (5.287506e-01 -1.619593e-03 -6.424113e-04))
501.39        	((-4.906371e+00 2.708088e+03 1.996381e+03) (3.622545e-03 1.701821e+01 5.061994e+00)) ((-2.923693e+02 1.245852e+00 -5.444315e-01) (5.250880e-01 -1.985795e-03 -1.291312e-03))
501.4         	((-4.915757e+00 2.699677e+03 1.991616e+03) (2.980699e-03 1.701539e+01 5.077069e+00)) ((-2.909407e+02 1.229876e+00 -5.476199e-01) (5.213027e-01 -1.620856e-03 -8.133580e-04))
501.41        	((-4.932163e+00 2.691132e+03 1.986727e+03) (3.650920e-03 1.701123e+01 5.092288e+00)) ((-2.894940e+02 1.218694e+00 -5.450619e-01) (5.174395e-01 -1.985062e-03 -1.443960e-03))
501.42        	((-4.934697e+00 2.682470e+03 1.981722e+03) (2.991113e-03 1.700576e+01 5.106265e+00)) ((-2.880403e+02 1.202419e+00 -5.490481e-01) (5.137725e-01 -1.617224e-03 -9.510984e-04))
501.43        	((-4.943013e+00 2.673610e+03 1.976501e+03) (3.651314e-03 1.699896e+01 5.120376e+00)) ((-2.865982e+02 1.191772e+00 -5.475391e-01) (5.100295e-01 -1.980142e-03 -1.575389e-03))
501.44        	((-4.937827e+00 2.664743e+03 1.971311e+03) (2.975324e-03 1.699191e+01 5.133800e+00)) ((-2.851258e+02 1.176086e+00 -5.521011e-01) (5.061688e-01 -1.607362e-03 -1.075909e-03))
501.45        	((-4.944355e+00 2.655875e+03 1.966150e+03) (3.612087e-03 1.698356e+01 5.147329e+00)) ((-2.836170e+02 1.166196e+00 -5.506527e-01) (5.022510e-01 -1.960096e-03 -1.696922e-03))
501.46        	((-4.927939e+00 2.646866e+03 1.960824e+03) (2.912613e-03 1.697507e+01 5.160251e+00)) ((-2.821267e+02 1.151061e+00 -5.571530e-01) (4.982422e-01 -1.573658e-03 -1.191098e-03))
501.47        	((-4.924603e+00 2.637741e+03 1.955303e+03) (3.539423e-03 1.696533e+01 5.173304e+00)) ((-2.806580e+02 1.143241e+00 -5.577816e-01) (4.941734e-01 -1.920757e-03 -1.800167e-03))
501.48        	((-4.896161e+00 2.628440e+03 1.949571e+03) (2.821711e-03 1.695313e+01 5.184281e+00)) ((-2.792185e+02 1.129158e+00 -5.656007e-01) (4.906641e-01 -1.533119e-03 -1.275692e-03))
501.49        	((-4.871446e+00 2.619024e+03 1.943750e+03) (3.432226e-03 1.693962e+01 5.195356e+00)) ((-2.777607e+02 1.120308e+00 -5.667750e-01) (4.870669e-01 -1.877356e-03 -1.876212e-03))
501.5         	((-4.843911e+00 2.609684e+03 1.938088e+03) (2.708178e-03 1.692597e+01 5.205803e+00)) ((-2.762416e+02 1.107207e+00 -5.722584e-01) (4.833543e-01 -1.481618e-03 -1.343229e-03))
501.51        	((-4.822127e+00 2.600294e+03 1.932392e+03) (3.317880e-03 1.691113e+01 5.216417e+00)) ((-2.747136e+02 1.100345e+00 -5.715278e-01) (4.795842e-01 -1.822450e-03 -1.939566e-03))
501.52        	((-4.783348e+00 2.590927e+03 1.926717e+03) (2.589963e-03 1.689625e+01 5.226459e+00)) ((-2.731831e+02 1.088826e+00 -5.771223e-01) (4.757276e-01 -1.423820e-03 -1.403834e-03))
501.53        	((-4.766004e+00 2.581528e+03 1.920980e+03) (3.197102e-03 1.688024e+01 5.236667e+00)) ((-2.716596e+02 1.084912e+00 -5.759163e-01) (4.718109e-01 -1.763587e-03 -2.000405e-03))
501.54        	((-4.728208e+00 2.571951e+03 1.915003e+03) (2.462136e-03 1.686420e+01 5.246265e+00)) ((-2.701839e+02 1.075495e+00 -5.813596e-01) (4.677968e-01 -1.360880e-03 -1.462633e-03))
501.55        	((-4.682893e+00 2.562266e+03 1.908894e+03) (3.055482e-03 1.684697e+01 5.255966e+00)) ((-2.687158e+02 1.070796e+00 -5.820583e-01) (4.636970e-01 -1.694690e-03 -2.060422e-03))
501.56        	((-4.635714e+00 2.552594e+03 1.902815e+03) (2.306849e-03 1.683178e+01 5.266503e+00)) ((-2.672283e+02 1.062826e+00 -5.871819e-01) (4.587810e-01 -1.282660e-03 -1.534091e-03))
501.57        	((-4.600047e+00 2.542891e+03 1.896697e+03) (2.882339e-03 1.681559e+01 5.277214e+00)) ((-2.657349e+02 1.062079e+00 -5.854897e-01) (4.537994e-01 -1.605473e-03 -2.149373e-03))
501.58        	((-4.538325e+00 2.533140e+03 1.890502e+03) (2.110962e-03 1.680055e+01 5.288063e+00)) ((-2.642579e+02 1.056857e+00 -5.896330e-01) (4.483682e-01 -1.184194e-03 -1.653489e-03))
501.59        	((-4.477029e+00 2.523371e+03 1.884255e+03) (2.656207e-03 1.678467e+01 5.299189e+00)) ((-2.627845e+02 1.058741e+00 -5.873906e-01) (4.428417e-01 -1.493345e-03 -2.309313e-03))
501.6         	((-4.389963e+00 2.513576e+03 1.877937e+03) (1.854701e-03 1.676917e+01 5.309905e+00)) ((-2.613247e+02 1.057509e+00 -5.902757e-01) (4.371871e-01 -1.059146e-03 -1.845225e-03))
501.61        	((-4.328503e+00 2.503746e+03 1.871557e+03) (2.455011e-03 1.675324e+01 5.321034e+00)) ((-2.598672e+02 1.054750e+00 -5.826658e-01) (4.314572e-01 -1.396751e-03 -2.399705e-03))
501.62        	((-4.278950e+00 2.493849e+03 1.865109e+03) (1.764105e-03 1.673794e+01 5.331855e+00)) ((-2.584233e+02 1.042613e+00 -5.881306e-01) (4.256258e-01 -1.026570e-03 -1.752341e-03))
501.63        	((-4.271374e+00 2.483943e+03 1.858751e+03) (2.405630e-03 1.672257e+01 5.343404e+00)) ((-2.569455e+02 1.037452e+00 -6.021854e-01) (4.195357e-01 -1.398879e-03 -2.209146e-03))
501.64        	((-4.280882e+00 2.473972e+03 1.852317e+03) (1.718889e-03 1.670781e+01 5.354651e+00)) ((-2.554895e+02 1.025987e+00 -6.314688e-01) (4.133513e-01 -1.039553e-03 -1.491605e-03))
501.65        	((-4.329495e+00 2.463967e+03 1.845778e+03) (2.358862e-03 1.669258e+01 5.366276e+00)) ((-2.540659e+02 1.015792e+00 -6.590627e-01) (4.071075e-01 -1.414042e-03 -1.899681e-03))
501.66        	((-4.358328e+00 2.453944e+03 1.839188e+03) (1.583953e-03 1.667812e+01 5.377583e+00)) ((-2.526669e+02 1.003321e+00 -6.949609e-01) (4.008430e-01 -9.991970e-04 -1.306388e-03))
501.67        	((-4.391427e+00 2.443891e+03 1.832580e+03) (2.153197e-03 1.666306e+01 5.389202e+00)) ((-2.512622e+02 9.891563e-01 -7.114515e-01) (3.945266e-01 -1.304193e-03 -1.872693e-03))
501.68        	((-4.403864e+00 2.433790e+03 1.825956e+03) (1.401549e-03 1.664839e+01 5.400413e+00)) ((-2.498528e+02 9.602398e-01 -7.191368e-01) (3.881545e-01 -8.607920e-04 -1.343619e-03))
501.69        	((-4.422742e+00 2.423660e+03 1.819343e+03) (1.990258e-03 1.663298e+01 5.411855e+00)) ((-2.484319e+02 9.341099e-01 -7.153302e-01) (3.817406e-01 -1.130607e-03 -2.017977e-03))
501.7         	((-4.418273e+00 2.413523e+03 1.812738e+03) (1.201650e-03 1.661798e+01 5.422900e+00)) ((-2.470205e+02 9.055479e-01 -7.163235e-01) (3.753478e-01 -7.097090e-04 -1.546570e-03))
501.71        	((-4.412727e+00 2.403400e+03 1.806146e+03) (1.685774e-03 1.660225e+01 5.434176e+00)) ((-2.456152e+02 8.897046e-01 -7.140301e-01) (3.689951e-01 -1.083271e-03 -2.125975e-03))
501.72        	((-4.380625e+00 2.393279e+03 1.799546e+03) (8.230813e-04 1.658678e+01 5.444890e+00)) ((-2.442279e+02 8.769776e-01 -7.223757e-01) (3.626414e-01 -7.442535e-04 -1.508701e-03))
501.73        	((-4.351976e+00 2.383156e+03 1.792937e+03) (1.296412e-03 1.657049e+01 5.455770e+00)) ((-2.428440e+02 8.764747e-01 -7.289756e-01) (3.563064e-01 -1.135023e-03 -1.975406e-03))
501.74        	((-4.307367e+00 2.373030e+03 1.786300e+03) (4.618019e-04 1.655459e+01 5.466264e+00)) ((-2.414709e+02 8.731104e-01 -7.427016e-01) (3.500510e-01 -7.294302e-04 -1.355018e-03))
501.75        	((-4.273347e+00 2.362854e+03 1.779488e+03) (9.897107e-04 1.653790e+01 5.476953e+00)) ((-2.401427e+02 8.745235e-01 -7.466812e-01) (3.438428e-01 -1.052212e-03 -1.879751e-03))
501.76        	((-4.221769e+00 2.352723e+03 1.772702e+03) (2.065984e-04 1.652146e+01 5.487127e+00)) ((-2.388190e+02 8.671675e-01 -7.510477e-01) (3.376689e-01 -6.591776e-04 -1.308136e-03))
501.77        	((-4.181414e+00 2.342650e+03 1.766018e+03) (7.977886e-04 1.650418e+01 5.497471e+00)) ((-2.374656e+02 8.629093e-01 -7.457362e-01) (3.315558e-01 -1.003262e-03 -1.908739e-03))
501.78        	((-4.129532e+00 2.332599e+03 1.759376e+03) (1.090738e-04 1.648707e+01 5.507333e+00)) ((-2.361122e+02 8.521039e-01 -7.455903e-01) (3.255153e-01 -6.109969e-04 -1.425841e-03))
501.79        	((-4.096321e+00 2.322560e+03 1.752726e+03) (7.711310e-04 1.646904e+01 5.517352e+00)) ((-2.347787e+02 8.463884e-01 -7.404620e-01) (3.195257e-01 -9.372728e-04 -2.081744e-03))
501.8         	((-4.056324e+00 2.312531e+03 1.746034e+03) (1.309713e-04 1.645117e+01 5.526855e+00)) ((-2.334887e+02 8.340106e-01 -7.427722e-01) (3.135727e-01 -5.283351e-04 -1.627638e-03))
501.81        	((-4.035859e+00 2.302523e+03 1.739311e+03) (8.073967e-04 1.643239e+01 5.536469e+00)) ((-2.322237e+02 8.247512e-01 -7.398085e-01) (3.076387e-01 -8.375309e-04 -2.292889e-03))
501.82        	((-4.006317e+00 2.292527e+03 1.732553e+03) (1.577627e-04 1.641377e+01 5.545543e+00)) ((-2.309803e+02 8.055689e-01 -7.413332e-01) (3.017269e-01 -4.174885e-04 -1.841030e-03))
501.83        	((-3.993944e+00 2.282547e+03 1.725784e+03) (8.149299e-04 1.639426e+01 5.554720e+00)) ((-2.297414e+02 7.876433e-01 -7.346882e-01) (2.958303e-01 -7.188664e-04 -2.492950e-03))
501.84        	((-3.971767e+00 2.272581e+03 1.719003e+03) (1.407993e-04 1.637493e+01 5.563364e+00)) ((-2.285200e+02 7.600531e-01 -7.312924e-01) (2.899583e-01 -2.972362e-04 -2.016412e-03))
501.85        	((-3.966679e+00 2.262643e+03 1.712234e+03) (7.551248e-04 1.635475e+01 5.572132e+00)) ((-2.273116e+02 7.349738e-01 -7.196031e-01) (2.840817e-01 -5.953096e-04 -2.628008e-03))
501.86        	((-3.950855e+00 2.252730e+03 1.705466e+03) (3.389799e-05 1.633481e+01 5.580412e+00)) ((-2.261289e+02 7.022222e-01 -7.115888e-01) (2.781960e-01 -1.671255e-04 -2.101556e-03))
501.87        	((-3.950020e+00 2.242846e+03 1.698707e+03) (6.131605e-04 1.631411e+01 5.588871e+00)) ((-2.249591e+02 6.745119e-01 -6.966014e-01) (2.722713e-01 -4.548902e-04 -2.671933e-03))
501.88        	((-3.935755e+00 2.232981e+03 1.691944e+03) (-1.307371e-04 1.629366e+01 5.596847e+00)) ((-2.238065e+02 6.410210e-01 -6.861374e-01) (2.663262e-01 -2.157635e-05 -2.119053e-03))
501.89        	((-3.934557e+00 2.223143e+03 1.685191e+03) (4.117986e-04 1.627241e+01 5.604950e+00)) ((-2.226551e+02 6.134862e-01 -6.681053e-01) (2.603484e-01 -3.044704e-04 -2.642420e-03))
501.9         	((-3.919945e+00 2.213332e+03 1.678448e+03) (-3.820914e-04 1.625135e+01 5.612520e+00)) ((-2.215114e+02 5.812814e-01 -6.537627e-01) (2.543464e-01 1.375239e-04 -2.041231e-03))
501.91        	((-3.919033e+00 2.203558e+03 1.671737e+03) (9.488486e-05 1.622941e+01 5.620163e+00)) ((-2.203645e+02 5.564530e-01 -6.317888e-01) (2.482918e-01 -1.298971e-04 -2.525402e-03))
501.92        	((-3.905265e+00 2.193816e+03 1.665052e+03) (-7.578907e-04 1.620771e+01 5.627298e+00)) ((-2.192254e+02 5.284033e-01 -6.142494e-01) (2.421898e-01 3.236076e-04 -1.896904e-03))
501.93        	((-3.905577e+00 2.184111e+03 1.658404e+03) (-3.313649e-04 1.618526e+01 5.634569e+00)) ((-2.180838e+02 5.087651e-01 -5.902619e-01) (2.360271e-01 7.022043e-05 -2.364484e-03))
501.94        	((-3.893275e+00 2.174438e+03 1.651782e+03) (-1.218385e-03 1.616316e+01 5.641389e+00)) ((-2.169485e+02 4.860763e-01 -5.712742e-01) (2.298228e-01 5.340145e-04 -1.731995e-03))
501.95        	((-3.894248e+00 2.164801e+03 1.645193e+03) (-8.184516e-04 1.614033e+01 5.648343e+00)) ((-2.158081e+02 4.715382e-01 -5.460066e-01) (2.235447e-01 2.861318e-04 -2.187755e-03))
501.96        	((-3.881541e+00 2.155195e+03 1.638628e+03) (-1.708633e-03 1.611776e+01 5.654797e+00)) ((-2.146713e+02 4.539070e-01 -5.261649e-01) (2.172308e-01 7.418900e-04 -1.534060e-03))
501.97        	((-3.881419e+00 2.145624e+03 1.632098e+03) (-1.313207e-03 1.609445e+01 5.661372e+00)) ((-2.135280e+02 4.446876e-01 -5.011251e-01) (2.108495e-01 4.887745e-04 -1.960968e-03))
501.98        	((-3.867370e+00 2.136089e+03 1.625600e+03) (-2.206571e-03 1.607149e+01 5.667503e+00)) ((-2.123872e+02 4.321988e-01 -4.824341e-01) (2.044374e-01 9.381696e-04 -1.286523e-03))
501.99        	((-3.865459e+00 2.126595e+03 1.619147e+03) (-1.814094e-03 1.604789e+01 5.673819e+00)) ((-2.112402e+02 4.277189e-01 -4.596846e-01) (1.979663e-01 6.819290e-04 -1.700100e-03))
502           	((-3.849211e+00 2.117142e+03 1.612732e+03) (-2.701192e-03 1.602469e+01 5.679730e+00)) ((-2.100960e+02 4.188606e-01 -4.432206e-01) (1.915030e-01 1.120148e-03 -1.023401e-03))
502.01        	((-3.845382e+00 2.107733e+03 1.606363e+03) (-2.302925e-03 1.600085e+01 5.685845e+00)) ((-2.089460e+02 4.173413e-01 -4.228046e-01) (1.850126e-01 8.585569e-04 -1.441916e-03))
502.02        	((-3.827588e+00 2.098365e+03 1.600028e+03) (-3.172140e-03 1.597746e+01 5.691598e+00)) ((-2.077998e+02 4.105737e-01 -4.082887e-01) (1.785400e-01 1.284314e-03 -7.686456e-04))
502.03        	((-3.822378e+00 2.089035e+03 1.593729e+03) (-2.758277e-03 1.595349e+01 5.697579e+00)) ((-2.066509e+02 4.114978e-01 -3.910694e-01) (1.720272e-01 1.014328e-03 -1.193163e-03))
502.04        	((-3.802057e+00 2.079749e+03 1.587464e+03) (-3.597019e-03 1.593003e+01 5.703243e+00)) ((-2.055058e+02 4.061080e-01 -3.791309e-01) (1.655526e-01 1.420142e-03 -5.188669e-04))
502.05        	((-3.793632e+00 2.070507e+03 1.581240e+03) (-3.157888e-03 1.590596e+01 5.709108e+00)) ((-2.043584e+02 4.087045e-01 -3.651782e-01) (1.590491e-01 1.138171e-03 -9.456690e-04))
502.06        	((-3.769259e+00 2.061319e+03 1.575054e+03) (-3.962737e-03 1.588239e+01 5.714602e+00)) ((-2.032134e+02 4.036248e-01 -3.548234e-01) (1.526150e-01 1.520477e-03 -2.659390e-04))
502.07        	((-3.757672e+00 2.052167e+03 1.568899e+03) (-3.501251e-03 1.585812e+01 5.720217e+00)) ((-2.020702e+02 4.079154e-01 -3.441318e-01) (1.461280e-01 1.238010e-03 -7.127652e-04))
502.08        	((-3.729271e+00 2.043068e+03 1.562776e+03) (-4.282838e-03 1.583441e+01 5.725500e+00)) ((-2.009305e+02 4.026643e-01 -3.344879e-01) (1.397076e-01 1.604490e-03 -3.899064e-05))
502.09        	((-3.714192e+00 2.034002e+03 1.556679e+03) (-3.816429e-03 1.580996e+01 5.730865e+00)) ((-1.997959e+02 4.095622e-01 -3.273689e-01) (1.332042e-01 1.334800e-03 -5.255564e-04))
502.1         	((-3.680435e+00 2.024996e+03 1.550613e+03) (-4.573271e-03 1.578617e+01 5.735966e+00)) ((-1.986627e+02 4.044615e-01 -3.177023e-01) (1.268038e-01 1.684416e-03 1.439527e-04))
502.11        	((-3.661179e+00 2.016007e+03 1.544559e+03) (-4.102909e-03 1.576109e+01 5.740785e+00)) ((-1.975412e+02 4.158030e-01 -3.153927e-01) (1.203911e-01 1.441565e-03 -4.087485e-04))
502.12        	((-3.621053e+00 2.007103e+03 1.538560e+03) (-4.823516e-03 1.573676e+01 5.745406e+00)) ((-1.964128e+02 4.100714e-01 -3.042410e-01) (1.141493e-01 1.757066e-03 2.798500e-04))
502.13        	((-3.597179e+00 1.998205e+03 1.532564e+03) (-4.360371e-03 1.571124e+01 5.749876e+00)) ((-1.953037e+02 4.275351e-01 -3.078134e-01) (1.076577e-01 1.565274e-03 -3.680423e-04))
502.14        	((-3.549240e+00 1.989396e+03 1.526610e+03) (-5.040977e-03 1.568687e+01 5.754382e+00)) ((-1.941844e+02 4.203870e-01 -2.939738e-01) (1.014727e-01 1.819704e-03 3.875279e-04))
502.15        	((-3.523406e+00 1.980569e+03 1.520633e+03) (-4.573711e-03 1.566091e+01 5.758458e+00)) ((-1.930955e+02 4.437717e-01 -3.036698e-01) (9.484389e-02 1.714797e-03 -3.917781e-04))
502.16        	((-3.486213e+00 1.971839e+03 1.514729e+03) (-5.126481e-03 1.563692e+01 5.762996e+00)) ((-1.919870e+02 4.288296e-01 -2.883922e-01) (8.888649e-02 1.808584e-03 6.156929e-04))
502.17        	((-3.478405e+00 1.963094e+03 1.508803e+03) (-4.607660e-03 1.561105e+01 5.766982e+00)) ((-1.909088e+02 4.478847e-01 -3.005774e-01) (8.245264e-02 1.635325e-03 -6.485457e-05))
502.18        	((-3.463194e+00 1.954438e+03 1.502949e+03) (-5.120963e-03 1.558683e+01 5.771224e+00)) ((-1.898113e+02 4.235170e-01 -2.833268e-01) (7.657165e-02 1.716128e-03 9.574892e-04))
502.19        	((-3.483925e+00 1.945767e+03 1.497083e+03) (-4.580781e-03 1.556067e+01 5.774850e+00)) ((-1.887411e+02 4.335254e-01 -2.979573e-01) (7.015789e-02 1.627147e-03 1.442977e-04))
502.2         	((-3.489933e+00 1.937178e+03 1.491291e+03) (-5.057564e-03 1.553651e+01 5.778958e+00)) ((-1.876531e+02 3.965032e-01 -2.797288e-01) (6.441274e-02 1.644014e-03 1.225395e-03))
502.21        	((-3.517548e+00 1.928596e+03 1.485493e+03) (-4.506268e-03 1.551078e+01 5.782687e+00)) ((-1.865843e+02 4.015234e-01 -2.932886e-01) (5.823969e-02 1.482056e-03 4.856212e-04))
502.22        	((-3.522424e+00 1.920068e+03 1.479755e+03) (-4.985922e-03 1.548606e+01 5.786381e+00)) ((-1.855092e+02 3.563675e-01 -2.630426e-01) (5.231217e-02 1.515640e-03 1.507384e-03))
502.23        	((-3.558700e+00 1.911542e+03 1.474032e+03) (-4.510798e-03 1.545990e+01 5.789730e+00)) ((-1.844471e+02 3.613240e-01 -2.786871e-01) (4.599482e-02 1.544913e-03 4.367647e-04))
502.24        	((-3.569200e+00 1.903036e+03 1.468348e+03) (-4.937812e-03 1.543513e+01 5.793249e+00)) ((-1.833913e+02 3.091798e-01 -2.475886e-01) (4.007901e-02 1.374225e-03 1.747194e-03))
502.25        	((-3.593708e+00 1.894644e+03 1.462849e+03) (-4.501189e-03 1.541024e+01 5.797183e+00)) ((-1.822899e+02 3.165447e-01 -2.608559e-01) (3.427724e-02 1.319060e-03 7.895901e-04))
502.26        	((-3.591693e+00 1.886250e+03 1.457322e+03) (-5.038635e-03 1.538514e+01 5.800422e+00)) ((-1.812126e+02 2.697436e-01 -2.260323e-01) (2.822912e-02 1.341542e-03 1.782861e-03))
502.27        	((-3.619487e+00 1.877842e+03 1.451739e+03) (-4.671608e-03 1.535945e+01 5.803770e+00)) ((-1.801730e+02 2.816025e-01 -2.459299e-01) (2.211907e-02 1.517932e-03 4.182451e-04))
502.28        	((-3.617789e+00 1.869448e+03 1.446125e+03) (-5.143176e-03 1.533473e+01 5.807053e+00)) ((-1.791651e+02 2.353799e-01 -2.188547e-01) (1.625442e-02 1.382559e-03 1.628247e-03))
502.29        	((-3.624261e+00 1.861118e+03 1.440521e+03) (-4.724899e-03 1.530987e+01 5.810688e+00)) ((-1.781461e+02 2.538383e-01 -2.377169e-01) (1.055238e-02 1.357100e-03 5.719927e-04))
502.3         	((-3.602681e+00 1.852815e+03 1.434932e+03) (-5.272991e-03 1.528455e+01 5.813498e+00)) ((-1.771222e+02 2.198824e-01 -2.085878e-01) (4.596485e-03 1.401887e-03 1.494926e-03))
502.31        	((-3.613561e+00 1.844542e+03 1.429406e+03) (-4.855729e-03 1.525887e+01 5.816548e+00)) ((-1.760827e+02 2.395500e-01 -2.293588e-01) (-1.285983e-03 1.488952e-03 2.520925e-04))
502.32        	((-3.595348e+00 1.836298e+03 1.423911e+03) (-5.390378e-03 1.523357e+01 5.819287e+00)) ((-1.750562e+02 1.994522e-01 -1.992873e-01) (-7.122586e-03 1.464232e-03 1.296083e-03))
502.33        	((-3.598358e+00 1.828096e+03 1.418443e+03) (-4.971547e-03 1.520777e+01 5.822213e+00)) ((-1.740437e+02 2.216734e-01 -2.220796e-01) (-1.296260e-02 1.536232e-03 9.005979e-05))
502.34        	((-3.573640e+00 1.819928e+03 1.412986e+03) (-5.464550e-03 1.518257e+01 5.824891e+00)) ((-1.730506e+02 1.890799e-01 -1.978118e-01) (-1.870842e-02 1.508528e-03 1.146269e-03))
502.35        	((-3.572865e+00 1.811802e+03 1.407552e+03) (-4.971200e-03 1.515688e+01 5.827732e+00)) ((-1.720573e+02 2.141148e-01 -2.217334e-01) (-2.449789e-02 1.483756e-03 1.049853e-04))
502.36        	((-3.541115e+00 1.803710e+03 1.402128e+03) (-5.495503e-03 1.513150e+01 5.830210e+00)) ((-1.710683e+02 1.858781e-01 -1.978282e-01) (-3.029768e-02 1.516634e-03 1.065283e-03))
502.37        	((-3.535338e+00 1.795660e+03 1.396733e+03) (-4.960278e-03 1.510565e+01 5.832871e+00)) ((-1.700740e+02 2.083731e-01 -2.182253e-01) (-3.614225e-02 1.445758e-03 9.745464e-05))
502.38        	((-3.501334e+00 1.787645e+03 1.391361e+03) (-5.497787e-03 1.508018e+01 5.835217e+00)) ((-1.690885e+02 1.795090e-01 -1.939494e-01) (-4.197938e-02 1.505986e-03 1.016501e-03))
502.39        	((-3.496125e+00 1.779666e+03 1.386018e+03) (-4.949505e-03 1.505428e+01 5.837747e+00)) ((-1.681083e+02 1.992497e-01 -2.126485e-01) (-4.784712e-02 1.402457e-03 1.091109e-04))
502.4         	((-3.464337e+00 1.771715e+03 1.380691e+03) (-5.511282e-03 1.502878e+01 5.839950e+00)) ((-1.671440e+02 1.742675e-01 -1.923527e-01) (-5.368400e-02 1.500269e-03 9.712489e-04))
502.41        	((-3.463143e+00 1.763820e+03 1.375413e+03) (-4.954053e-03 1.500280e+01 5.842297e+00)) ((-1.661791e+02 1.941232e-01 -2.107523e-01) (-5.956062e-02 1.370114e-03 1.204340e-04))
502.42        	((-3.434369e+00 1.755987e+03 1.370186e+03) (-5.530056e-03 1.497719e+01 5.844296e+00)) ((-1.652172e+02 1.733117e-01 -1.942223e-01) (-6.543137e-02 1.505898e-03 9.286487e-04))
502.43        	((-3.432523e+00 1.748227e+03 1.365024e+03) (-4.964156e-03 1.495111e+01 5.846435e+00)) ((-1.642471e+02 1.907580e-01 -2.104106e-01) (-7.131840e-02 1.341991e-03 1.411231e-04))
502.44        	((-3.405535e+00 1.740542e+03 1.359925e+03) (-5.562718e-03 1.492543e+01 5.848249e+00)) ((-1.632772e+02 1.719890e-01 -1.962474e-01) (-7.714287e-02 1.511506e-03 8.941213e-04))
502.45        	((-3.404988e+00 1.732946e+03 1.354908e+03) (-4.996555e-03 1.489931e+01 5.850218e+00)) ((-1.622984e+02 1.856073e-01 -2.088685e-01) (-8.296114e-02 1.318211e-03 1.610138e-04))
502.46        	((-3.377360e+00 1.725417e+03 1.349944e+03) (-5.607063e-03 1.487359e+01 5.851876e+00)) ((-1.613262e+02 1.684352e-01 -1.978745e-01) (-8.869629e-02 1.520392e-03 8.585574e-04))
502.47        	((-3.372054e+00 1.717937e+03 1.345013e+03) (-5.041005e-03 1.484747e+01 5.853701e+00)) ((-1.603585e+02 1.782490e-01 -2.079906e-01) (-9.441157e-02 1.299969e-03 1.742951e-04))
502.48        	((-3.345470e+00 1.710480e+03 1.340083e+03) (-5.665548e-03 1.482171e+01 5.855183e+00)) ((-1.594095e+02 1.640261e-01 -2.008085e-01) (-1.000276e-01 1.530306e-03 8.178529e-04))
502.49        	((-3.339493e+00 1.702989e+03 1.335011e+03) (-5.089414e-03 1.479547e+01 5.856752e+00)) ((-1.585104e+02 1.720889e-01 -2.072982e-01) (-1.056072e-01 1.273356e-03 1.875810e-04))
502.5         	((-3.310917e+00 1.695522e+03 1.329944e+03) (-5.711089e-03 1.476954e+01 5.857944e+00)) ((-1.576227e+02 1.614650e-01 -2.037457e-01) (-1.110581e-01 1.522769e-03 7.817665e-04))
502.51        	((-3.304334e+00 1.688067e+03 1.324921e+03) (-5.138116e-03 1.474302e+01 5.859170e+00)) ((-1.567188e+02 1.663610e-01 -2.068449e-01) (-1.164207e-01 1.239525e-03 2.025995e-04))
502.52        	((-3.281298e+00 1.680563e+03 1.319866e+03) (-5.763579e-03 1.471679e+01 5.860016e+00)) ((-1.558283e+02 1.583310e-01 -2.061477e-01) (-1.216460e-01 1.520092e-03 7.481078e-04))
502.53        	((-3.275262e+00 1.673003e+03 1.314747e+03) (-5.184176e-03 1.469005e+01 5.860956e+00)) ((-1.549660e+02 1.604648e-01 -2.047627e-01) (-1.268370e-01 1.215471e-03 2.228787e-04))
502.54        	((-3.255525e+00 1.665428e+03 1.309593e+03) (-5.800859e-03 1.466364e+01 5.861574e+00)) ((-1.541373e+02 1.558293e-01 -2.057601e-01) (-1.319443e-01 1.521513e-03 7.305750e-04))
502.55        	((-3.248629e+00 1.657886e+03 1.304460e+03) (-5.228548e-03 1.463675e+01 5.862305e+00)) ((-1.533160e+02 1.567933e-01 -2.013319e-01) (-1.370549e-01 1.203731e-03 2.396261e-04))
502.56        	((-3.228326e+00 1.650388e+03 1.299361e+03) (-5.841346e-03 1.460954e+01 5.862186e+00)) ((-1.524930e+02 1.530564e-01 -2.026847e-01) (-1.418455e-01 1.520847e-03 7.269113e-04))
502.57        	((-3.220290e+00 1.643016e+03 1.294412e+03) (-5.290806e-03 1.458177e+01 5.862185e+00)) ((-1.516310e+02 1.545168e-01 -1.983850e-01) (-1.466459e-01 1.205931e-03 2.340965e-04))
502.58        	((-3.197137e+00 1.635845e+03 1.289692e+03) (-5.894965e-03 1.455430e+01 5.861909e+00)) ((-1.507216e+02 1.505687e-01 -2.003578e-01) (-1.513589e-01 1.522911e-03 7.188671e-04))
502.59        	((-3.185794e+00 1.628803e+03 1.285097e+03) (-5.339453e-03 1.452636e+01 5.861808e+00)) ((-1.497931e+02 1.519125e-01 -1.967955e-01) (-1.560641e-01 1.205997e-03 2.307494e-04))
502.6         	((-3.162551e+00 1.621820e+03 1.280529e+03) (-5.929363e-03 1.449880e+01 5.861449e+00)) ((-1.488808e+02 1.481462e-01 -1.988381e-01) (-1.606782e-01 1.502989e-03 7.256574e-04))
502.61        	((-3.152386e+00 1.614881e+03 1.275976e+03) (-5.367753e-03 1.447077e+01 5.861222e+00)) ((-1.479816e+02 1.497105e-01 -1.951139e-01) (-1.652962e-01 1.167806e-03 2.512285e-04))
502.62        	((-3.128935e+00 1.608000e+03 1.271465e+03) (-5.950380e-03 1.444304e+01 5.860680e+00)) ((-1.470912e+02 1.460227e-01 -1.971457e-01) (-1.698395e-01 1.453263e-03 7.498016e-04))
502.63        	((-3.117020e+00 1.601263e+03 1.267103e+03) (-5.388629e-03 1.441479e+01 5.860216e+00)) ((-1.461744e+02 1.476089e-01 -1.936088e-01) (-1.743565e-01 1.115054e-03 2.826436e-04))
502.64        	((-3.090806e+00 1.594655e+03 1.262866e+03) (-5.970394e-03 1.438690e+01 5.859473e+00)) ((-1.452431e+02 1.440290e-01 -1.959358e-01) (-1.787588e-01 1.407917e-03 7.752354e-04))
502.65        	((-3.076065e+00 1.588105e+03 1.258666e+03) (-5.416898e-03 1.435859e+01 5.858893e+00)) ((-1.443165e+02 1.458424e-01 -1.926455e-01) (-1.831357e-01 1.087227e-03 3.018757e-04))
502.66        	((-3.050418e+00 1.581620e+03 1.254584e+03) (-6.016369e-03 1.433126e+01 5.858585e+00)) ((-1.433784e+02 1.423996e-01 -1.949951e-01) (-1.876292e-01 1.390202e-03 7.879045e-04))
502.67        	((-3.035751e+00 1.575137e+03 1.250469e+03) (-5.471138e-03 1.430360e+01 5.858441e+00)) ((-1.424665e+02 1.444191e-01 -1.916269e-01) (-1.920994e-01 1.074941e-03 3.104856e-04))
502.68        	((-3.006605e+00 1.568651e+03 1.246285e+03) (-6.058175e-03 1.427645e+01 5.858071e+00)) ((-1.416031e+02 1.420205e-01 -1.934538e-01) (-1.964797e-01 1.375128e-03 7.940671e-04))
502.69        	((-2.985849e+00 1.562233e+03 1.242133e+03) (-5.506082e-03 1.424899e+01 5.857884e+00)) ((-1.407500e+02 1.450753e-01 -1.898758e-01) (-2.008751e-01 1.054893e-03 3.225728e-04))
502.7         	((-2.951795e+00 1.555864e+03 1.238018e+03) (-6.085041e-03 1.422209e+01 5.857536e+00)) ((-1.398956e+02 1.434522e-01 -1.916938e-01) (-2.052014e-01 1.347925e-03 8.105746e-04))
502.71        	((-2.929066e+00 1.549504e+03 1.233909e+03) (-5.533999e-03 1.419492e+01 5.857433e+00)) ((-1.390365e+02 1.472144e-01 -1.879869e-01) (-2.095371e-01 1.025207e-03 3.434810e-04))
502.72        	((-2.893098e+00 1.543133e+03 1.229789e+03) (-6.112341e-03 1.416825e+01 5.857164e+00)) ((-1.381912e+02 1.463361e-01 -1.896511e-01) (-2.137764e-01 1.314813e-03 8.305272e-04))
502.73        	((-2.866279e+00 1.536720e+03 1.225555e+03) (-5.556429e-03 1.414126e+01 5.857078e+00)) ((-1.373941e+02 1.514509e-01 -1.857893e-01) (-2.180203e-01 9.943444e-04 3.610094e-04))
502.74        	((-2.825109e+00 1.530360e+03 1.221384e+03) (-6.126530e-03 1.411473e+01 5.856810e+00)) ((-1.366038e+02 1.519673e-01 -1.880570e-01) (-2.221749e-01 1.281175e-03 8.421421e-04))
502.75        	((-2.794189e+00 1.524081e+03 1.217349e+03) (-5.578727e-03 1.408787e+01 5.856754e+00)) ((-1.357817e+02 1.583298e-01 -1.851379e-01) (-2.263260e-01 9.575676e-04 3.781875e-04))
502.76        	((-2.749638e+00 1.517884e+03 1.213505e+03) (-6.163962e-03 1.406148e+01 5.856550e+00)) ((-1.349124e+02 1.603145e-01 -1.882942e-01) (-2.303564e-01 1.239095e-03 8.610294e-04))
502.77        	((-2.716333e+00 1.511655e+03 1.209622e+03) (-5.625048e-03 1.403475e+01 5.856533e+00)) ((-1.340641e+02 1.684993e-01 -1.870257e-01) (-2.343695e-01 9.166015e-04 3.949081e-04))
502.78        	((-2.671404e+00 1.505382e+03 1.205625e+03) (-6.196375e-03 1.400840e+01 5.856259e+00)) ((-1.332775e+02 1.722645e-01 -1.919248e-01) (-2.382776e-01 1.204342e-03 8.678349e-04))
502.79        	((-2.640042e+00 1.499117e+03 1.201586e+03) (-5.651950e-03 1.398159e+01 5.856044e+00)) ((-1.325221e+02 1.803642e-01 -1.916446e-01) (-2.421759e-01 8.931463e-04 3.938691e-04))
502.8         	((-2.600285e+00 1.492891e+03 1.197573e+03) (-6.218835e-03 1.395506e+01 5.855497e+00)) ((-1.317640e+02 1.816939e-01 -1.964809e-01) (-2.459524e-01 1.184576e-03 8.625917e-04))
502.81        	((-2.577530e+00 1.486729e+03 1.193642e+03) (-5.670922e-03 1.392806e+01 5.855009e+00)) ((-1.309741e+02 1.856383e-01 -1.956455e-01) (-2.496872e-01 8.780609e-04 3.908153e-04))
502.82        	((-2.549762e+00 1.480624e+03 1.189782e+03) (-6.228476e-03 1.390139e+01 5.854265e+00)) ((-1.301675e+02 1.820013e-01 -2.000366e-01) (-2.532811e-01 1.177193e-03 8.547332e-04))
502.83        	((-2.538756e+00 1.474558e+03 1.185957e+03) (-5.677892e-03 1.387431e+01 5.853641e+00)) ((-1.293636e+02 1.810501e-01 -1.982619e-01) (-2.568432e-01 8.773321e-04 3.864091e-04))
502.84        	((-2.519328e+00 1.468506e+03 1.182121e+03) (-6.234509e-03 1.384756e+01 5.852763e+00)) ((-1.285853e+02 1.736920e-01 -2.013388e-01) (-2.602629e-01 1.174973e-03 8.553142e-04))
502.85        	((-2.513841e+00 1.462474e+03 1.178280e+03) (-5.687393e-03 1.382039e+01 5.851973e+00)) ((-1.278222e+02 1.707596e-01 -1.992389e-01) (-2.636536e-01 8.749358e-04 3.947154e-04))
502.86        	((-2.498070e+00 1.456469e+03 1.174444e+03) (-6.242009e-03 1.379356e+01 5.850928e+00)) ((-1.270673e+02 1.628776e-01 -2.030281e-01) (-2.669249e-01 1.170462e-03 8.646100e-04))
502.87        	((-2.494517e+00 1.450508e+03 1.170640e+03) (-5.700208e-03 1.376629e+01 5.849961e+00)) ((-1.263037e+02 1.600968e-01 -2.020523e-01) (-2.701935e-01 8.709880e-04 4.037497e-04))
502.88        	((-2.479491e+00 1.444596e+03 1.166873e+03) (-6.260474e-03 1.373935e+01 5.848733e+00)) ((-1.255363e+02 1.525335e-01 -2.067298e-01) (-2.733522e-01 1.164127e-03 8.672351e-04))
502.89        	((-2.476281e+00 1.438742e+03 1.163156e+03) (-5.725627e-03 1.371197e+01 5.847581e+00)) ((-1.247625e+02 1.501588e-01 -2.062873e-01) (-2.764720e-01 8.670455e-04 4.008591e-04))
502.9         	((-2.461361e+00 1.432936e+03 1.159469e+03) (-6.277824e-03 1.368492e+01 5.846176e+00)) ((-1.239965e+02 1.430165e-01 -2.109820e-01) (-2.794308e-01 1.162950e-03 8.582496e-04))
502.91        	((-2.457553e+00 1.427160e+03 1.155791e+03) (-5.735954e-03 1.365745e+01 5.844858e+00)) ((-1.232395e+02 1.411105e-01 -2.101387e-01) (-2.823579e-01 8.736854e-04 3.877131e-04))
502.92        	((-2.441593e+00 1.421396e+03 1.152099e+03) (-6.283008e-03 1.363033e+01 5.843299e+00)) ((-1.224989e+02 1.346885e-01 -2.145307e-01) (-2.851712e-01 1.175993e-03 8.323345e-04))
502.93        	((-2.437103e+00 1.415655e+03 1.148408e+03) (-5.744818e-03 1.360279e+01 5.841834e+00)) ((-1.217617e+02 1.337199e-01 -2.137822e-01) (-2.879954e-01 8.983518e-04 3.492587e-04))
502.94        	((-2.420952e+00 1.409949e+03 1.144735e+03) (-6.298261e-03 1.357561e+01 5.840139e+00)) ((-1.210275e+02 1.282987e-01 -2.185012e-01) (-2.907231e-01 1.208697e-03 7.804967e-04))
502.95        	((-2.415468e+00 1.404290e+03 1.141101e+03) (-5.774730e-03 1.354804e+01 5.838546e+00)) ((-1.202875e+02 1.284522e-01 -2.180483e-01) (-2.934757e-01 9.294335e-04 2.976042e-04))
502.96        	((-2.396185e+00 1.398675e+03 1.137498e+03) (-6.340384e-03 1.352085e+01 5.836732e+00)) ((-1.195512e+02 1.249617e-01 -2.232226e-01) (-2.961297e-01 1.227417e-03 7.356723e-04))
502.97        	((-2.384115e+00 1.393098e+03 1.133923e+03) (-5.837960e-03 1.349329e+01 5.835019e+00)) ((-1.188162e+02 1.284547e-01 -2.237909e-01) (-2.987993e-01 9.343852e-04 2.660217e-04))
502.98        	((-2.351289e+00 1.387500e+03 1.130249e+03) (-6.438366e-03 1.346594e+01 5.832974e+00)) ((-1.181225e+02 1.316380e-01 -2.319084e-01) (-3.014215e-01 1.158314e-03 8.164844e-04))
502.99        	((-2.313273e+00 1.381945e+03 1.126626e+03) (-6.016231e-03 1.343803e+01 5.830901e+00)) ((-1.174220e+02 1.455857e-01 -2.352761e-01) (-3.041114e-01 7.359768e-04 5.764984e-04))
503           	((-2.233619e+00 1.376434e+03 1.123106e+03) (-6.783875e-03 1.341026e+01 5.828417e+00)) ((-1.166971e+02 1.641681e-01 -2.448027e-01) (-3.067823e-01 7.733375e-04 1.427805e-03))
503.01        	((-2.119740e+00 1.370955e+03 1.119691e+03) (-6.632172e-03 1.338176e+01 5.825719e+00)) ((-1.159474e+02 2.048982e-01 -2.526394e-01) (-3.096159e-01 3.987482e-05 1.660638e-03))
503.02        	((-1.999999e+00 1.365532e+03 1.116311e+03) (-7.210013e-03 1.335456e+01 5.823571e+00)) ((-1.152025e+02 2.491669e-01 -2.813735e-01) (-3.120476e-01 2.576491e-04 2.178155e-03))
503.03        	((-1.912308e+00 1.360141e+03 1.112920e+03) (-6.732828e-03 1.332711e+01 5.821639e+00)) ((-1.144764e+02 2.911429e-01 -3.027949e-01) (-3.144579e-01 -4.076965e-05 1.745721e-03))
503.04        	((-1.821583e+00 1.354755e+03 1.109505e+03) (-7.348084e-03 1.329998e+01 5.819491e+00)) ((-1.137755e+02 3.162412e-01 -3.148155e-01) (-3.167937e-01 2.182260e-04 2.267533e-03))
503.05        	((-1.750324e+00 1.349382e+03 1.106076e+03) (-6.824166e-03 1.327247e+01 5.817481e+00)) ((-1.130829e+02 3.361653e-01 -3.090410e-01) (-3.190967e-01 -6.998149e-05 1.877158e-03))
503.06        	((-1.674085e+00 1.344022e+03 1.102639e+03) (-7.302114e-03 1.324532e+01 5.815291e+00)) ((-1.123955e+02 3.453691e-01 -3.011280e-01) (-3.212727e-01 2.163517e-04 2.376736e-03))
503.07        	((-1.615727e+00 1.338693e+03 1.099216e+03) (-6.681284e-03 1.321782e+01 5.813217e+00)) ((-1.117048e+02 3.581457e-01 -2.875996e-01) (-3.234516e-01 -5.747321e-05 1.969684e-03))
503.08        	((-1.553861e+00 1.333404e+03 1.095807e+03) (-7.085813e-03 1.319073e+01 5.810982e+00)) ((-1.110199e+02 3.656365e-01 -2.830955e-01) (-3.255113e-01 2.546944e-04 2.412617e-03))
503.09        	((-1.510937e+00 1.328156e+03 1.092420e+03) (-6.430572e-03 1.316335e+01 5.808855e+00)) ((-1.103388e+02 3.761289e-01 -2.755042e-01) (-3.275813e-01 6.308855e-06 1.932874e-03))
503.1         	((-1.462727e+00 1.322936e+03 1.089042e+03) (-6.831969e-03 1.313633e+01 5.806501e+00)) ((-1.096686e+02 3.785229e-01 -2.728086e-01) (-3.295327e-01 3.226458e-04 2.324168e-03))
503.11        	((-1.430833e+00 1.317739e+03 1.085674e+03) (-6.183570e-03 1.310897e+01 5.804231e+00)) ((-1.090024e+02 3.827259e-01 -2.627350e-01) (-3.314617e-01 7.311030e-05 1.823695e-03))
503.12        	((-1.390994e+00 1.312559e+03 1.082313e+03) (-6.575204e-03 1.308188e+01 5.801634e+00)) ((-1.083435e+02 3.790451e-01 -2.545812e-01) (-3.334105e-01 3.931728e-04 2.189849e-03))
503.13        	((-1.365185e+00 1.307398e+03 1.078975e+03) (-5.953185e-03 1.305435e+01 5.799014e+00)) ((-1.076820e+02 3.765172e-01 -2.382832e-01) (-3.354833e-01 2.604310e-04 1.493674e-03))
503.14        	((-1.333573e+00 1.302258e+03 1.075676e+03) (-6.508039e-03 1.302664e+01 5.795676e+00)) ((-1.070214e+02 3.678462e-01 -2.308828e-01) (-3.376644e-01 5.503354e-04 1.842212e-03))
503.15        	((-1.333522e+00 1.297140e+03 1.072435e+03) (-5.974431e-03 1.299799e+01 5.792000e+00)) ((-1.063557e+02 3.580456e-01 -2.217925e-01) (-3.400600e-01 2.514474e-04 1.386057e-03))
503.16        	((-1.361521e+00 1.292037e+03 1.069265e+03) (-6.336032e-03 1.296921e+01 5.787739e+00)) ((-1.056880e+02 3.287410e-01 -2.159590e-01) (-3.424809e-01 7.285681e-04 1.529131e-03))
503.17        	((-1.410787e+00 1.286996e+03 1.066137e+03) (-5.852686e-03 1.294140e+01 5.784553e+00)) ((-1.050137e+02 2.941576e-01 -1.925433e-01) (-3.444308e-01 5.274199e-04 1.004344e-03))
503.18        	((-1.440734e+00 1.281995e+03 1.063004e+03) (-6.356217e-03 1.291429e+01 5.781473e+00)) ((-1.043494e+02 2.579355e-01 -1.729253e-01) (-3.461268e-01 8.389865e-04 1.358837e-03))
503.19        	((-1.481886e+00 1.277008e+03 1.059870e+03) (-5.734255e-03 1.288666e+01 5.778366e+00)) ((-1.036930e+02 2.345482e-01 -1.592557e-01) (-3.478879e-01 5.760816e-04 8.339708e-04))
503.2         	((-1.508618e+00 1.272037e+03 1.056733e+03) (-6.181882e-03 1.285936e+01 5.775145e+00)) ((-1.030485e+02 2.139443e-01 -1.614404e-01) (-3.495242e-01 8.290260e-04 1.210894e-03))
503.21        	((-1.546230e+00 1.267091e+03 1.053609e+03) (-5.634076e-03 1.283168e+01 5.772035e+00)) ((-1.024083e+02 2.020231e-01 -1.658625e-01) (-3.511596e-01 5.402675e-04 7.042936e-04))
503.22        	((-1.573134e+00 1.262180e+03 1.050497e+03) (-6.155753e-03 1.280436e+01 5.768786e+00)) ((-1.017753e+02 1.849258e-01 -1.758969e-01) (-3.526628e-01 8.016952e-04 1.072690e-03))
503.23        	((-1.611865e+00 1.257312e+03 1.047407e+03) (-5.674220e-03 1.277668e+01 5.765626e+00)) ((-1.011427e+02 1.706222e-01 -1.769254e-01) (-3.541447e-01 5.069264e-04 5.948801e-04))
503.24        	((-1.638216e+00 1.252483e+03 1.044332e+03) (-6.231302e-03 1.274934e+01 5.762286e+00)) ((-1.005165e+02 1.512536e-01 -1.795035e-01) (-3.554725e-01 7.499590e-04 1.014081e-03))
503.25        	((-1.675944e+00 1.247692e+03 1.041275e+03) (-5.760164e-03 1.272161e+01 5.759003e+00)) ((-9.989136e+01 1.381440e-01 -1.761473e-01) (-3.568074e-01 4.566688e-04 5.772270e-04))
503.26        	((-1.702878e+00 1.242931e+03 1.038234e+03) (-6.271611e-03 1.269418e+01 5.755525e+00)) ((-9.927282e+01 1.222546e-01 -1.789471e-01) (-3.580387e-01 7.083103e-04 9.868885e-04))
503.27        	((-1.740898e+00 1.238204e+03 1.035220e+03) (-5.746223e-03 1.266637e+01 5.752093e+00)) ((-9.865338e+01 1.121242e-01 -1.782134e-01) (-3.593055e-01 4.206206e-04 5.309286e-04))
503.28        	((-1.768347e+00 1.233505e+03 1.032231e+03) (-6.253955e-03 1.263890e+01 5.748485e+00)) ((-9.803834e+01 9.739116e-02 -1.843415e-01) (-3.604636e-01 6.841206e-04 9.472182e-04))
503.29        	((-1.809009e+00 1.228837e+03 1.029279e+03) (-5.762745e-03 1.261113e+01 5.745027e+00)) ((-9.742202e+01 8.717383e-02 -1.859713e-01) (-3.616342e-01 3.882311e-04 5.639780e-04))
503.3         	((-1.842556e+00 1.224197e+03 1.026362e+03) (-6.190236e-03 1.258372e+01 5.741348e+00)) ((-9.680872e+01 7.122004e-02 -1.912166e-01) (-3.627348e-01 6.529700e-04 1.015085e-03))
503.31        	((-1.891404e+00 1.219589e+03 1.023491e+03) (-5.531726e-03 1.255573e+01 5.737498e+00)) ((-9.619147e+01 5.817543e-02 -1.883777e-01) (-3.639922e-01 5.238998e-04 4.247604e-04))
503.32        	((-1.933654e+00 1.215011e+03 1.020647e+03) (-5.864642e-03 1.252810e+01 5.733559e+00)) ((-9.557785e+01 3.881699e-02 -1.913707e-01) (-3.651195e-01 1.013484e-03 5.788565e-04))
503.33        	((-1.992545e+00 1.210461e+03 1.017827e+03) (-5.131766e-03 1.250006e+01 5.729727e+00)) ((-9.496340e+01 2.352411e-02 -1.908965e-01) (-3.663850e-01 9.456543e-04 -1.872147e-04))
503.34        	((-2.035714e+00 1.205938e+03 1.015028e+03) (-5.458337e-03 1.247268e+01 5.726001e+00)) ((-9.435363e+01 3.955275e-03 -1.931499e-01) (-3.675030e-01 1.241058e-03 1.167769e-04))
503.35        	((-2.080434e+00 1.201481e+03 1.012351e+03) (-4.831498e-03 1.244511e+01 5.722438e+00)) ((-9.371565e+01 -1.111011e-02 -1.894572e-01) (-3.686184e-01 9.574278e-04 -3.330537e-04))
503.36        	((-2.107074e+00 1.197038e+03 1.009678e+03) (-5.323390e-03 1.241780e+01 5.718739e+00)) ((-9.308735e+01 -2.935464e-02 -1.887506e-01) (-3.695937e-01 1.243256e-03 1.018897e-04))
503.37        	((-2.138345e+00 1.192608e+03 1.006971e+03) (-4.862787e-03 1.239008e+01 5.715166e+00)) ((-9.248292e+01 -3.992761e-02 -1.810212e-01) (-3.705402e-01 9.797633e-04 -2.879056e-04))
503.38        	((-2.153997e+00 1.188199e+03 1.004239e+03) (-5.404225e-03 1.236275e+01 5.711489e+00)) ((-9.189857e+01 -5.186663e-02 -1.792095e-01) (-3.713264e-01 1.260046e-03 1.763804e-04))
503.39        	((-2.178583e+00 1.183823e+03 1.001523e+03) (-4.725494e-03 1.233528e+01 5.707719e+00)) ((-9.130952e+01 -5.382181e-02 -1.727544e-01) (-3.721766e-01 8.946990e-04 -3.298019e-04))
503.4         	((-2.185639e+00 1.179475e+03 9.988159e+02) (-5.190588e-03 1.230804e+01 5.704028e+00)) ((-9.071808e+01 -6.081396e-02 -1.730243e-01) (-3.728459e-01 1.137416e-03 9.568231e-05))
503.41        	((-2.195031e+00 1.175158e+03 9.961393e+02) (-4.778349e-03 1.228051e+01 5.700348e+00)) ((-9.011870e+01 -6.401683e-02 -1.687671e-01) (-3.735738e-01 8.804551e-04 -2.624613e-04))
503.42        	((-2.194270e+00 1.170881e+03 9.934880e+02) (-5.140031e-03 1.225345e+01 5.696563e+00)) ((-8.952425e+01 -7.010006e-02 -1.694043e-01) (-3.741642e-01 1.089020e-03 8.710415e-05))
503.43        	((-2.198481e+00 1.166645e+03 9.908711e+02) (-4.700970e-03 1.222609e+01 5.692883e+00)) ((-8.893434e+01 -7.114406e-02 -1.641860e-01) (-3.748004e-01 8.296325e-04 -2.492595e-04))
503.44        	((-2.194274e+00 1.162449e+03 9.882697e+02) (-5.203663e-03 1.219924e+01 5.689175e+00)) ((-8.835124e+01 -7.500050e-02 -1.638066e-01) (-3.752872e-01 1.085989e-03 1.828782e-04))
503.45        	((-2.196946e+00 1.158270e+03 9.856743e+02) (-4.840390e-03 1.217189e+01 5.685569e+00)) ((-8.777178e+01 -7.207525e-02 -1.572375e-01) (-3.758828e-01 8.242071e-04 -1.409738e-04))
503.46        	((-2.190048e+00 1.154105e+03 9.830496e+02) (-5.208296e-03 1.214517e+01 5.681947e+00)) ((-8.720470e+01 -7.355680e-02 -1.580729e-01) (-3.762975e-01 1.055964e-03 2.043122e-04))
503.47        	((-2.187036e+00 1.149940e+03 9.804265e+02) (-4.822716e-03 1.211803e+01 5.678234e+00)) ((-8.663904e+01 -6.861787e-02 -1.526383e-01) (-3.768658e-01 7.802322e-04 -1.123134e-04))
503.48        	((-2.176295e+00 1.145808e+03 9.777961e+02) (-5.254561e-03 1.209154e+01 5.674678e+00)) ((-8.607990e+01 -7.046044e-02 -1.546028e-01) (-3.771787e-01 1.051985e-03 2.743472e-04))
503.49        	((-2.171769e+00 1.141712e+03 9.752258e+02) (-5.018848e-03 1.206433e+01 5.670968e+00)) ((-8.551222e+01 -6.353939e-02 -1.469134e-01) (-3.777629e-01 7.751658e-04 2.860997e-05))
503.5         	((-2.161687e+00 1.137705e+03 9.727023e+02) (-5.233796e-03 1.203803e+01 5.667525e+00)) ((-8.494057e+01 -6.377389e-02 -1.489747e-01) (-3.780119e-01 1.005925e-03 2.798923e-04))
503.51        	((-2.151456e+00 1.133751e+03 9.702874e+02) (-5.057709e-03 1.201096e+01 5.663604e+00)) ((-8.435379e+01 -5.468665e-02 -1.410745e-01) (-3.786749e-01 7.124805e-04 1.299467e-04))
503.52        	((-2.137451e+00 1.129853e+03 9.678534e+02) (-5.306698e-03 1.198500e+01 5.660364e+00)) ((-8.377732e+01 -5.441454e-02 -1.442112e-01) (-3.787836e-01 9.925031e-04 3.722635e-04))
503.53        	((-2.124828e+00 1.125881e+03 9.653803e+02) (-5.281220e-03 1.195769e+01 5.656348e+00)) ((-8.322103e+01 -4.303108e-02 -1.354119e-01) (-3.795566e-01 6.552234e-04 3.388625e-04))
503.54        	((-2.108095e+00 1.121868e+03 9.627600e+02) (-5.265480e-03 1.193222e+01 5.653205e+00)) ((-8.270337e+01 -4.013349e-02 -1.391796e-01) (-3.795333e-01 9.162907e-04 3.800759e-04))
503.55        	((-2.092386e+00 1.117825e+03 9.601818e+02) (-5.366456e-03 1.190484e+01 5.648902e+00)) ((-8.218004e+01 -2.814906e-02 -1.312301e-01) (-3.804234e-01 5.763322e-04 4.948757e-04))
503.56        	((-2.071338e+00 1.113936e+03 9.576959e+02) (-5.391199e-03 1.187966e+01 5.645939e+00)) ((-8.163432e+01 -2.400202e-02 -1.336502e-01) (-3.802293e-01 8.777610e-04 4.535116e-04))
503.57        	((-2.058024e+00 1.110162e+03 9.554229e+02) (-4.987184e-03 1.185268e+01 5.641793e+00)) ((-8.104468e+01 -1.698307e-02 -1.299884e-01) (-3.809486e-01 5.754916e-04 1.779940e-04))
503.58        	((-2.037247e+00 1.106439e+03 9.530895e+02) (-5.396118e-03 1.182767e+01 5.638775e+00)) ((-8.047526e+01 -1.744971e-02 -1.324523e-01) (-3.807418e-01 8.785687e-04 4.418334e-04))
503.59        	((-2.025302e+00 1.102577e+03 9.506696e+02) (-5.120912e-03 1.180065e+01 5.634606e+00)) ((-7.994122e+01 -1.162622e-02 -1.284458e-01) (-3.815014e-01 6.209339e-04 2.042942e-04))
503.6         	((-2.008094e+00 1.098709e+03 9.481158e+02) (-5.403127e-03 1.177589e+01 5.631680e+00)) ((-7.944260e+01 -1.050125e-02 -1.302498e-01) (-3.812042e-01 8.620860e-04 4.182725e-04))
503.61        	((-1.997766e+00 1.094900e+03 9.457451e+02) (-4.972842e-03 1.174895e+01 5.627245e+00)) ((-7.890742e+01 -6.820368e-03 -1.277425e-01) (-3.820294e-01 6.227802e-04 9.511301e-05))
503.62        	((-1.979258e+00 1.091238e+03 9.434251e+02) (-5.506147e-03 1.172439e+01 5.624444e+00)) ((-7.835778e+01 -7.642106e-03 -1.289108e-01) (-3.816110e-01 8.835423e-04 4.727745e-04))
503.63        	((-1.973284e+00 1.087484e+03 9.410904e+02) (-4.851680e-03 1.169736e+01 5.620043e+00)) ((-7.782056e+01 -6.220240e-03 -1.277496e-01) (-3.824340e-01 6.546893e-04 -7.437751e-05))
503.64        	((-1.959353e+00 1.083697e+03 9.385778e+02) (-5.387608e-03 1.167319e+01 5.617212e+00)) ((-7.732877e+01 -8.131458e-03 -1.300295e-01) (-3.819282e-01 8.582373e-04 3.874461e-04))
503.65        	((-1.951774e+00 1.079997e+03 9.362735e+02) (-4.949231e-03 1.164642e+01 5.612772e+00)) ((-7.679483e+01 -7.431654e-03 -1.289993e-01) (-3.826793e-01 6.837329e-04 -2.442913e-05))
503.66        	((-1.933407e+00 1.076494e+03 9.340769e+02) (-5.506719e-03 1.162206e+01 5.609704e+00)) ((-7.623779e+01 -9.336749e-03 -1.307125e-01) (-3.820911e-01 8.898568e-04 4.464140e-04))
503.67        	((-1.925106e+00 1.072868e+03 9.318084e+02) (-5.014955e-03 1.159525e+01 5.605181e+00)) ((-7.570758e+01 -7.538237e-03 -1.285017e-01) (-3.826854e-01 6.565965e-04 3.490511e-05))
503.68        	((-1.908245e+00 1.069201e+03 9.293266e+02) (-5.471148e-03 1.157100e+01 5.601977e+00)) ((-7.523668e+01 -7.696951e-03 -1.294270e-01) (-3.821213e-01 8.662410e-04 4.467997e-04))
503.69        	((-1.899871e+00 1.065800e+03 9.272650e+02) (-5.039657e-03 1.154425e+01 5.597450e+00)) ((-7.467040e+01 -5.508783e-03 -1.268490e-01) (-3.826766e-01 6.672380e-04 5.797920e-05))
503.7         	((-1.881994e+00 1.062628e+03 9.253631e+02) (-5.491108e-03 1.152007e+01 5.594362e+00)) ((-7.406223e+01 -5.428798e-03 -1.278164e-01) (-3.820791e-01 8.537492e-04 4.421739e-04))
503.71        	((-1.875066e+00 1.059323e+03 9.233925e+02) (-4.887847e-03 1.149391e+01 5.589882e+00)) ((-7.348158e+01 -2.764781e-03 -1.263888e-01) (-3.825926e-01 6.228329e-04 -8.468682e-07))
503.72        	((-1.856692e+00 1.056224e+03 9.215350e+02) (-5.573778e-03 1.146995e+01 5.587020e+00)) ((-7.288406e+01 -2.850307e-03 -1.265796e-01) (-3.819489e-01 8.722260e-04 4.991279e-04))
503.73        	((-1.838845e+00 1.053486e+03 9.201803e+02) (-5.060296e-03 1.144393e+01 5.582916e+00)) ((-7.218879e+01 -2.783668e-04 -1.243403e-01) (-3.823910e-01 6.385725e-04 7.556555e-05))
503.74        	((-1.806691e+00 1.050887e+03 9.188451e+02) (-5.464551e-03 1.142062e+01 5.580203e+00)) ((-7.150640e+01 -3.971965e-04 -1.254057e-01) (-3.817342e-01 8.304402e-04 4.490436e-04))
503.75        	((-1.792770e+00 1.048155e+03 9.174068e+02) (-5.055333e-03 1.139532e+01 5.576475e+00)) ((-7.086803e+01 3.181446e-03 -1.219459e-01) (-3.820925e-01 6.411417e-04 1.075693e-04))
503.76        	((-1.780153e+00 1.045260e+03 9.156367e+02) (-5.506398e-03 1.137248e+01 5.574060e+00)) ((-7.031822e+01 5.457841e-03 -1.203165e-01) (-3.814301e-01 8.426488e-04 4.990055e-04))
503.77        	((-1.773346e+00 1.042150e+03 9.136942e+02) (-5.094040e-03 1.134756e+01 5.570560e+00)) ((-6.981813e+01 1.023425e-02 -1.155475e-01) (-3.817672e-01 6.434423e-04 1.484574e-04))
503.78        	((-1.754285e+00 1.039015e+03 9.116298e+02) (-5.472780e-03 1.132494e+01 5.568174e+00)) ((-6.934733e+01 1.223981e-02 -1.144725e-01) (-3.811511e-01 8.205359e-04 4.879580e-04))
503.79        	((-1.742281e+00 1.035848e+03 9.096399e+02) (-5.037255e-03 1.130040e+01 5.564710e+00)) ((-6.886157e+01 1.606659e-02 -1.110772e-01) (-3.814820e-01 6.235820e-04 1.402333e-04))
503.8         	((-1.719340e+00 1.032756e+03 9.076713e+02) (-5.493443e-03 1.127808e+01 5.562447e+00)) ((-6.837336e+01 1.656094e-02 -1.107028e-01) (-3.808583e-01 8.240844e-04 5.202391e-04))
503.81        	((-1.709341e+00 1.029698e+03 9.058493e+02) (-5.016315e-03 1.125390e+01 5.559243e+00)) ((-6.785944e+01 2.012586e-02 -1.074065e-01) (-3.811490e-01 6.113154e-04 1.412463e-04))
503.82        	((-1.696646e+00 1.026705e+03 9.040021e+02) (-5.471657e-03 1.123222e+01 5.557448e+00)) ((-6.735428e+01 2.131792e-02 -1.064055e-01) (-3.805672e-01 8.111573e-04 5.195776e-04))
503.83        	((-1.684153e+00 1.023664e+03 9.021646e+02) (-4.986601e-03 1.120876e+01 5.554754e+00)) ((-6.685341e+01 2.516664e-02 -1.035789e-01) (-3.808741e-01 5.928651e-04 1.368481e-04))
503.84        	((-1.668941e+00 1.020682e+03 9.002926e+02) (-5.474792e-03 1.118747e+01 5.553130e+00)) ((-6.635837e+01 2.657095e-02 -1.023879e-01) (-3.803049e-01 7.972129e-04 5.230585e-04))
503.85        	((-1.668009e+00 1.017644e+03 8.984297e+02) (-4.905743e-03 1.116438e+01 5.550586e+00)) ((-6.586327e+01 3.233286e-02 -9.826536e-02) (-3.805958e-01 5.516857e-04 8.571659e-05))
503.86        	((-1.639437e+00 1.014646e+03 8.965270e+02) (-5.480908e-03 1.114338e+01 5.549043e+00)) ((-6.537270e+01 3.333169e-02 -9.659385e-02) (-3.800025e-01 7.757031e-04 5.048345e-04))
503.87        	((-1.635138e+00 1.011672e+03 8.947244e+02) (-4.964986e-03 1.112049e+01 5.546686e+00)) ((-6.486016e+01 4.190860e-02 -8.923803e-02) (-3.801971e-01 5.240386e-04 5.829520e-05))
503.88        	((-1.617666e+00 1.008640e+03 8.927387e+02) (-5.474288e-03 1.109970e+01 5.545106e+00)) ((-6.438604e+01 4.999057e-02 -8.104520e-02) (-3.795550e-01 7.236223e-04 3.896411e-04))
503.89        	((-1.590981e+00 1.005447e+03 8.905860e+02) (-5.166398e-03 1.107674e+01 5.542755e+00)) ((-6.394405e+01 7.046426e-02 -6.086855e-02) (-3.795695e-01 4.893469e-04 -8.202836e-05))
503.9         	((-1.467677e+00 1.002203e+03 8.882153e+02) (-6.432905e-03 1.105475e+01 5.540716e+00)) ((-6.351408e+01 1.175656e-01 -2.423347e-04) (-3.784724e-01 5.784295e-04 -2.946950e-04))
503.91        	((-1.595761e+00 9.989368e+02 8.858462e+02) (-3.480814e-03 1.103014e+01 5.537194e+00)) ((-6.307197e+01 6.015181e-02 -7.584623e-02) (-3.770116e-01 1.079043e-03 1.593865e-03))
503.92        	((-1.612362e+00 9.957492e+02 8.835237e+02) (-5.827271e-03 1.101145e+01 5.536210e+00)) ((-6.270252e+01 5.139637e-02 -1.021015e-01) (-3.775902e-01 7.185552e-04 3.357762e-04))
503.93        	((-1.643301e+00 9.925185e+02 8.812248e+02) (-5.028542e-03 1.098907e+01 5.533937e+00)) ((-6.230474e+01 4.612844e-02 -1.261821e-01) (-3.778914e-01 5.946763e-04 2.474462e-04))
503.94        	((-1.572257e+00 9.893001e+02 8.788426e+02) (-6.000017e-03 1.096834e+01 5.531983e+00)) ((-6.186623e+01 7.958282e-02 -9.853343e-02) (-3.774471e-01 6.677413e-04 1.353302e-04))
503.95        	((-1.616861e+00 9.860469e+02 8.764756e+02) (-4.925859e-03 1.094601e+01 5.529206e+00)) ((-6.137952e+01 6.517372e-02 -1.224127e-01) (-3.774831e-01 6.521341e-04 3.326009e-04))
503.96        	((-1.561290e+00 9.828202e+02 8.740592e+02) (-5.865717e-03 1.092511e+01 5.526857e+00)) ((-6.088943e+01 8.638445e-02 -9.466628e-02) (-3.768495e-01 6.127832e-04 1.128367e-04))
503.97        	((-1.624338e+00 9.795810e+02 8.716747e+02) (-4.861362e-03 1.090243e+01 5.523807e+00)) ((-6.041336e+01 6.177868e-02 -1.291344e-01) (-3.768426e-01 6.277457e-04 3.086516e-04))
503.98        	((-1.576812e+00 9.763770e+02 8.692692e+02) (-5.810561e-03 1.088159e+01 5.521118e+00)) ((-5.995992e+01 7.890995e-02 -9.938790e-02) (-3.762129e-01 5.740469e-04 1.287607e-04))
503.99        	((-1.648299e+00 9.731656e+02 8.668755e+02) (-4.624562e-03 1.085869e+01 5.517970e+00)) ((-5.951348e+01 4.906416e-02 -1.289352e-01) (-3.762190e-01 5.555167e-04 4.746908e-04))
504           	((-1.599491e+00 9.699830e+02 8.644420e+02) (-5.578302e-03 1.083772e+01 5.514886e+00)) ((-5.906437e+01 7.380412e-02 -1.054265e-01) (-3.756416e-01 4.622077e-04 7.205969e-05))
504.01        	((-1.655171e+00 9.667908e+02 8.620619e+02) (-4.618009e-03 1.081548e+01 5.511295e+00)) ((-5.859302e+01 5.457027e-02 -1.332933e-01) (-3.754959e-01 4.753977e-04 2.997462e-04))
504.02        	((-1.607783e+00 9.636110e+02 8.596434e+02) (-5.491308e-03 1.079430e+01 5.508076e+00)) ((-5.812796e+01 7.431234e-02 -1.092040e-01) (-3.748159e-01 4.511239e-04 5.317387e-05))
504.03        	((-1.648940e+00 9.604273e+02 8.572547e+02) (-4.733188e-03 1.077143e+01 5.504232e+00)) ((-5.766579e+01 5.573107e-02 -1.269751e-01) (-3.746701e-01 4.809915e-04 2.190019e-04))
504.04        	((-1.616304e+00 9.572552e+02 8.548512e+02) (-5.378086e-03 1.075019e+01 5.500564e+00)) ((-5.721948e+01 6.196084e-02 -1.002347e-01) (-3.739948e-01 4.583934e-04 1.762957e-04))
504.05        	((-1.648482e+00 9.540941e+02 8.525064e+02) (-4.688090e-03 1.072763e+01 5.496506e+00)) ((-5.676728e+01 4.828504e-02 -1.133336e-01) (-3.737503e-01 3.925011e-04 1.705473e-04))
504.06        	((-1.615345e+00 9.509361e+02 8.501187e+02) (-5.424999e-03 1.070606e+01 5.492711e+00)) ((-5.633473e+01 6.326874e-02 -9.592513e-02) (-3.731182e-01 4.669891e-04 8.666235e-05))
504.07        	((-1.643980e+00 9.478063e+02 8.477958e+02) (-4.759509e-03 1.068351e+01 5.488456e+00)) ((-5.588691e+01 4.988588e-02 -1.023543e-01) (-3.728643e-01 4.256606e-04 1.994439e-04))
504.08        	((-1.617633e+00 9.446613e+02 8.454399e+02) (-5.280349e-03 1.066207e+01 5.484478e+00)) ((-5.545764e+01 5.947437e-02 -8.888031e-02) (-3.722066e-01 4.405146e-04 1.127710e-04))
504.09        	((-1.628838e+00 9.415641e+02 8.431497e+02) (-4.863376e-03 1.063932e+01 5.480092e+00)) ((-5.501348e+01 5.582809e-02 -9.415972e-02) (-3.719659e-01 4.159767e-04 4.708243e-05))
504.1         	((-1.612138e+00 9.384193e+02 8.408126e+02) (-5.243529e-03 1.061786e+01 5.475907e+00)) ((-5.459874e+01 5.813382e-02 -8.037504e-02) (-3.713229e-01 4.854159e-04 1.720859e-04))
504.11        	((-1.618405e+00 9.353568e+02 8.385721e+02) (-4.819036e-03 1.059526e+01 5.471407e+00)) ((-5.415768e+01 5.465044e-02 -8.217265e-02) (-3.710269e-01 3.733179e-04 2.572193e-05))
504.12        	((-1.600070e+00 9.321949e+02 8.362290e+02) (-5.256690e-03 1.057359e+01 5.467116e+00)) ((-5.376544e+01 6.070853e-02 -7.405677e-02) (-3.704224e-01 4.803902e-04 1.028471e-04))
504.13        	((-1.603786e+00 9.291682e+02 8.340124e+02) (-4.865636e-03 1.055108e+01 5.462456e+00)) ((-5.332973e+01 5.619824e-02 -7.319316e-02) (-3.701167e-01 3.860752e-04 5.094077e-05))
504.14        	((-1.590329e+00 9.259521e+02 8.316228e+02) (-5.175361e-03 1.052947e+01 5.458037e+00)) ((-5.296612e+01 5.886623e-02 -6.727708e-02) (-3.695110e-01 4.393172e-04 1.295574e-04))
504.15        	((-1.584020e+00 9.228571e+02 8.292640e+02) (-4.931114e-03 1.050677e+01 5.453189e+00)) ((-5.256438e+01 6.032517e-02 -6.750201e-02) (-3.692290e-01 3.471460e-04 -1.312278e-05))
504.16        	((-1.574367e+00 9.194859e+02 8.267030e+02) (-5.209317e-03 1.048512e+01 5.448431e+00)) ((-5.225376e+01 6.055774e-02 -6.098989e-02) (-3.686396e-01 4.144819e-04 1.756075e-04))
504.17        	((-1.565841e+00 9.164151e+02 8.242710e+02) (-4.860127e-03 1.046220e+01 5.443261e+00)) ((-5.184681e+01 6.317722e-02 -6.255737e-02) (-3.683290e-01 3.074040e-04 -3.697806e-05))
504.18        	((-1.564834e+00 9.128218e+02 8.214158e+02) (-5.025346e-03 1.044037e+01 5.438274e+00)) ((-5.160217e+01 6.534656e-02 -6.100761e-02) (-3.677117e-01 4.641764e-04 3.166064e-05))
504.19        	((-1.549222e+00 9.093582e+02 8.181707e+02) (-4.782714e-03 1.041703e+01 5.432647e+00)) ((-5.130674e+01 6.491835e-02 -6.302402e-02) (-3.673602e-01 3.824730e-04 -8.655623e-05))
504.2         	((-1.551683e+00 9.048596e+02 8.140936e+02) (-5.059598e-03 1.039426e+01 5.426737e+00)) ((-5.129791e+01 5.889481e-02 -5.918314e-02) (-3.667368e-01 4.692780e-04 1.232560e-04))
504.21        	((-1.555664e+00 9.015367e+02 8.112194e+02) (-4.835775e-03 1.036871e+01 5.419277e+00)) ((-5.090164e+01 6.662222e-02 -6.855710e-02) (-3.662807e-01 3.313183e-04 7.110054e-05))
504.22        	((-1.608759e+00 8.976473e+02 8.082575e+02) (-5.066459e-03 1.034361e+01 5.411521e+00)) ((-5.068919e+01 6.350116e-02 -6.548155e-02) (-3.653711e-01 3.859841e-04 3.081001e-04))
504.23        	((-1.481053e+00 8.980016e+02 8.105715e+02) (-4.811656e-03 1.031340e+01 5.401469e+00)) ((-4.922045e+01 8.576185e-02 -1.006504e-01) (-3.643422e-01 1.879404e-04 3.348514e-04))
504.24        	((-1.528257e+00 8.943253e+02 8.077153e+02) (-4.959707e-03 1.028360e+01 5.391779e+00)) ((-4.906506e+01 7.513450e-02 -9.428770e-02) (-3.628073e-01 1.907757e-04 6.629535e-04))
504.25        	((-1.506711e+00 8.947414e+02 8.084105e+02) (-4.680268e-03 1.024549e+01 5.377493e+00)) ((-4.840470e+01 9.375808e-02 -1.136042e-01) (-3.613486e-01 -1.846244e-05 7.327937e-04))
504.26        	((-1.608577e+00 8.886523e+02 8.023979e+02) (-4.852080e-03 1.020623e+01 5.361676e+00)) ((-4.892895e+01 7.800521e-02 -1.015663e-01) (-3.598795e-01 -8.612192e-06 9.747757e-04))
504.27        	((-1.757016e+00 8.835694e+02 7.965809e+02) (-4.738519e-03 1.016268e+01 5.342625e+00)) ((-4.925559e+01 5.509564e-02 -9.350925e-02) (-3.584479e-01 -9.675391e-05 8.048239e-04))
504.28        	((-1.831080e+00 8.772511e+02 7.912361e+02) (-5.165516e-03 1.012019e+01 5.322647e+00)) ((-4.939533e+01 2.954636e-02 -1.007439e-01) (-3.564286e-01 6.754001e-05 8.242113e-04))
504.29        	((-1.872013e+00 8.729941e+02 7.874920e+02) (-5.323392e-03 1.007776e+01 5.302152e+00)) ((-4.911710e+01 1.250040e-02 -1.211591e-01) (-3.535501e-01 1.011377e-04 5.296531e-04))
504.3         	((-1.859022e+00 8.696554e+02 7.857933e+02) (-5.877904e-03 1.003459e+01 5.280259e+00)) ((-4.860125e+01 5.304845e-03 -1.457322e-01) (-3.491577e-01 3.276684e-04 5.044579e-04))
504.31        	((-1.947627e+00 8.670941e+02 7.837654e+02) (-6.056111e-03 9.984397e+00 5.254197e+00)) ((-4.822618e+01 6.133585e-03 -1.581693e-01) (-3.434188e-01 3.742553e-04 2.566372e-04))
504.32        	((-2.030363e+00 8.641477e+02 7.823644e+02) (-6.554280e-03 9.925176e+00 5.221979e+00)) ((-4.790705e+01 5.053905e-03 -1.625085e-01) (-3.361387e-01 5.597781e-04 3.131128e-04))
504.33        	((-2.173835e+00 8.604097e+02 7.788261e+02) (-6.672981e-03 9.853539e+00 5.182438e+00)) ((-4.796413e+01 7.489744e-04 -1.581153e-01) (-3.277923e-01 5.416630e-04 1.659916e-04))
504.34        	((-2.186043e+00 8.570939e+02 7.770852e+02) (-7.145446e-03 9.768679e+00 5.134353e+00)) ((-4.762088e+01 -1.349881e-02 -1.615598e-01) (-3.181220e-01 6.699164e-04 2.948718e-04))
504.35        	((-2.238571e+00 8.530371e+02 7.733119e+02) (-7.215703e-03 9.677224e+00 5.082985e+00)) ((-4.754450e+01 -2.460662e-02 -1.629593e-01) (-3.085976e-01 6.301934e-04 2.063085e-04))
504.36        	((-2.157243e+00 8.507193e+02 7.728486e+02) (-7.610300e-03 9.566085e+00 5.019610e+00)) ((-4.680424e+01 -3.845166e-02 -1.710998e-01) (-2.973385e-01 7.481076e-04 3.527908e-04))
504.37        	((-2.210323e+00 8.474730e+02 7.701025e+02) (-7.566655e-03 9.451890e+00 4.955344e+00)) ((-4.657925e+01 -3.746619e-02 -1.673953e-01) (-2.866885e-01 7.020748e-04 2.668384e-04))
504.38        	((-2.130872e+00 8.461841e+02 7.707433e+02) (-7.877575e-03 9.318805e+00 4.879882e+00)) ((-4.577779e+01 -4.059474e-02 -1.680908e-01) (-2.750092e-01 8.286246e-04 3.796068e-04))
504.39        	((-2.185082e+00 8.431582e+02 7.681197e+02) (-7.784157e-03 9.187117e+00 4.806150e+00)) ((-4.571421e+01 -3.373511e-02 -1.568474e-01) (-2.645878e-01 8.083512e-04 2.741947e-04))
504.4         	((-2.048896e+00 8.418837e+02 7.684913e+02) (-8.046766e-03 9.039456e+00 4.722992e+00)) ((-4.502430e+01 -4.127538e-02 -1.559216e-01) (-2.539695e-01 9.521223e-04 3.668821e-04))
504.41        	((-2.035419e+00 8.385465e+02 7.653397e+02) (-7.896383e-03 8.897788e+00 4.643961e+00)) ((-4.503704e+01 -3.918780e-02 -1.443728e-01) (-2.449169e-01 9.447231e-04 2.328645e-04))
504.42        	((-1.834906e+00 8.371491e+02 7.654158e+02) (-8.084373e-03 8.743927e+00 4.557810e+00)) ((-4.431965e+01 -4.724308e-02 -1.429088e-01) (-2.364217e-01 1.090637e-03 2.782663e-04))
504.43        	((-1.778848e+00 8.339465e+02 7.624863e+02) (-7.863206e-03 8.599731e+00 4.477723e+00)) ((-4.427533e+01 -3.960284e-02 -1.275488e-01) (-2.294837e-01 1.095505e-03 1.170918e-04))
504.44        	((-1.566786e+00 8.328209e+02 7.629134e+02) (-7.957486e-03 8.447584e+00 4.393095e+00)) ((-4.353953e+01 -3.819436e-02 -1.193088e-01) (-2.233030e-01 1.243442e-03 1.389594e-04))
504.45        	((-1.503638e+00 8.300388e+02 7.605832e+02) (-7.663779e-03 8.308116e+00 4.316269e+00)) ((-4.347955e+01 -2.240338e-02 -9.708180e-02) (-2.184620e-01 1.244305e-03 -2.052139e-05))
504.46        	((-1.289684e+00 8.290460e+02 7.610940e+02) (-7.689512e-03 8.164867e+00 4.237556e+00)) ((-4.279554e+01 -1.637149e-02 -8.440979e-02) (-2.146664e-01 1.383662e-03 4.096251e-06))
504.47        	((-1.207211e+00 8.264587e+02 7.589365e+02) (-7.357013e-03 8.036334e+00 4.167859e+00)) ((-4.271604e+01 -1.425423e-03 -6.241703e-02) (-2.121734e-01 1.381610e-03 -1.417579e-04))
504.48        	((-9.908281e-01 8.253335e+02 7.591493e+02) (-7.337026e-03 7.907834e+00 4.098706e+00)) ((-4.205749e+01 2.600127e-03 -5.292809e-02) (-2.111193e-01 1.503985e-03 -1.024753e-04))
504.49        	((-8.933193e-01 8.228691e+02 7.570985e+02) (-7.047893e-03 7.794971e+00 4.039196e+00)) ((-4.192560e+01 1.308235e-02 -3.723483e-02) (-2.112289e-01 1.515289e-03 -1.554408e-04))
504.5         	((-6.863173e-01 8.216170e+02 7.571095e+02) (-6.894201e-03 7.685324e+00 3.982141e+00)) ((-4.131606e+01 1.537843e-02 -3.433108e-02) (-2.128778e-01 1.579453e-03 -1.639934e-04))
504.51        	((-5.911659e-01 8.193192e+02 7.552976e+02) (-6.463098e-03 7.591041e+00 3.934561e+00)) ((-4.118063e+01 2.303896e-02 -2.565655e-02) (-2.154329e-01 1.534529e-03 -2.886442e-04))
504.52        	((-4.250494e-01 8.182234e+02 7.554860e+02) (-6.333070e-03 7.502363e+00 3.890520e+00)) ((-4.061287e+01 2.412095e-02 -2.763380e-02) (-2.193915e-01 1.603393e-03 -2.668096e-04))
504.53        	((-3.436986e-01 8.160941e+02 7.538472e+02) (-5.913229e-03 7.426761e+00 3.855191e+00)) ((-4.048831e+01 2.667220e-02 -2.517580e-02) (-2.239536e-01 1.550525e-03 -3.592730e-04))
504.54        	((-2.098792e-01 8.146709e+02 7.535859e+02) (-5.748550e-03 7.357515e+00 3.823809e+00)) ((-4.001508e+01 2.437714e-02 -3.174082e-02) (-2.297329e-01 1.580604e-03 -3.352397e-04))
504.55        	((-1.572648e-01 8.124536e+02 7.518385e+02) (-5.269722e-03 7.299628e+00 3.800050e+00)) ((-3.987586e+01 2.353895e-02 -3.399551e-02) (-2.358761e-01 1.483442e-03 -4.561161e-04))
504.56        	((-6.997021e-02 8.108256e+02 7.513366e+02) (-5.089390e-03 7.250050e+00 3.780721e+00)) ((-3.941190e+01 1.983668e-02 -4.339391e-02) (-2.425193e-01 1.499963e-03 -4.388989e-04))
504.57        	((-5.169183e-02 8.087079e+02 7.497233e+02) (-4.779661e-03 7.207489e+00 3.766755e+00)) ((-3.922245e+01 1.580437e-02 -4.855602e-02) (-2.496757e-01 1.441313e-03 -4.408882e-04))
504.58        	((-6.833604e-03 8.070385e+02 7.491509e+02) (-4.638058e-03 7.171711e+00 3.756305e+00)) ((-3.878382e+01 1.046297e-02 -5.983027e-02) (-2.570108e-01 1.445155e-03 -4.100041e-04))
504.59        	((-1.415512e-02 8.050087e+02 7.476191e+02) (-4.309946e-03 7.141248e+00 3.750011e+00)) ((-3.860490e+01 4.067223e-03 -6.773666e-02) (-2.645563e-01 1.366003e-03 -4.436948e-04))
504.6         	((5.973984e-03 8.028602e+02 7.464412e+02) (-4.192037e-03 7.115141e+00 3.746020e+00)) ((-3.829539e+01 -2.331785e-03 -8.030308e-02) (-2.719735e-01 1.364240e-03 -4.177933e-04))
504.61        	((-1.588603e-02 8.007370e+02 7.448532e+02) (-3.886658e-03 7.093640e+00 3.744964e+00)) ((-3.810967e+01 -1.071994e-02 -8.978370e-02) (-2.792332e-01 1.274824e-03 -4.479075e-04))
504.62        	((-2.454767e-02 7.986289e+02 7.437709e+02) (-3.799279e-03 7.075086e+00 3.745251e+00)) ((-3.774731e+01 -1.776101e-02 -1.018073e-01) (-2.861182e-01 1.264367e-03 -4.102598e-04))
504.63        	((-6.580392e-02 7.967265e+02 7.424365e+02) (-3.532355e-03 7.059720e+00 3.747515e+00)) ((-3.747610e+01 -2.676912e-02 -1.105629e-01) (-2.926835e-01 1.171642e-03 -4.310584e-04))
504.64        	((-1.019125e-01 7.946396e+02 7.413007e+02) (-3.482301e-03 7.046045e+00 3.750262e+00)) ((-3.711711e+01 -3.294604e-02 -1.206282e-01) (-2.987732e-01 1.163647e-03 -3.891525e-04))
504.65        	((-1.627959e-01 7.927232e+02 7.398700e+02) (-3.251259e-03 7.034419e+00 3.754173e+00)) ((-3.687493e+01 -4.204235e-02 -1.283189e-01) (-3.044871e-01 1.074474e-03 -3.974289e-04))
504.66        	((-2.293732e-01 7.905360e+02 7.385774e+02) (-3.227113e-03 7.023581e+00 3.757973e+00)) ((-3.655929e+01 -4.774833e-02 -1.364045e-01) (-3.097069e-01 1.071001e-03 -3.472473e-04))
504.67        	((-3.211935e-01 7.886365e+02 7.371655e+02) (-3.020220e-03 7.014009e+00 3.762479e+00)) ((-3.631139e+01 -5.951382e-02 -1.419788e-01) (-3.145549e-01 9.905126e-04 -3.115513e-04))
504.68        	((-4.526818e-01 7.864634e+02 7.358568e+02) (-2.702608e-03 7.000265e+00 3.766255e+00)) ((-3.598620e+01 -8.521481e-02 -1.432212e-01) (-3.198362e-01 7.878751e-04 1.785024e-03))
504.69        	((-6.080604e-01 7.846000e+02 7.343615e+02) (-2.640422e-03 6.995484e+00 3.771089e+00)) ((-3.573653e+01 -1.322173e-01 -1.423484e-01) (-3.231110e-01 8.742922e-04 1.197294e-04))
504.7         	((-7.311755e-01 7.824533e+02 7.331025e+02) (-2.584425e-03 6.987944e+00 3.775130e+00)) ((-3.537566e+01 -1.267097e-01 -1.664818e-01) (-3.265255e-01 9.337997e-04 -3.422375e-04))
504.71        	((-8.172569e-01 7.805527e+02 7.316502e+02) (-2.451413e-03 6.978952e+00 3.778437e+00)) ((-3.510597e+01 -1.334171e-01 -1.870272e-01) (-3.293591e-01 9.725311e-04 -3.633087e-04))
504.72        	((-9.369361e-01 7.783553e+02 7.303532e+02) (-2.611898e-03 6.970299e+00 3.781393e+00)) ((-3.476086e+01 -1.325099e-01 -1.978740e-01) (-3.324508e-01 9.164394e-04 -4.210235e-04))
504.73        	((-1.030051e+00 7.763998e+02 7.288179e+02) (-2.591189e-03 6.959998e+00 3.783800e+00)) ((-3.452146e+01 -1.700836e-01 -1.969752e-01) (-3.350670e-01 8.749083e-04 4.812882e-05))
504.74        	((-1.172350e+00 7.741848e+02 7.275119e+02) (-2.838732e-03 6.951721e+00 3.786124e+00)) ((-3.417353e+01 -1.772559e-01 -1.959503e-01) (-3.375911e-01 8.406651e-04 -3.327884e-04))
504.75        	((-1.275848e+00 7.722375e+02 7.260073e+02) (-2.813126e-03 6.941014e+00 3.788058e+00)) ((-3.391640e+01 -2.087067e-01 -1.969641e-01) (-3.399252e-01 7.782680e-04 2.342776e-04))
504.76        	((-1.426604e+00 7.700383e+02 7.247273e+02) (-3.096969e-03 6.933251e+00 3.790317e+00)) ((-3.354707e+01 -2.054263e-01 -2.028521e-01) (-3.420280e-01 8.236087e-04 -3.043110e-04))
504.77        	((-1.510443e+00 7.681162e+02 7.232981e+02) (-3.171910e-03 6.923862e+00 3.792190e+00)) ((-3.326652e+01 -2.188579e-01 -2.147674e-01) (-3.439631e-01 7.979108e-04 -2.301913e-04))
504.78        	((-1.631868e+00 7.659070e+02 7.220380e+02) (-3.427872e-03 6.915735e+00 3.794568e+00)) ((-3.289436e+01 -2.101570e-01 -2.223475e-01) (-3.460939e-01 8.482306e-04 -3.943041e-04))
504.79        	((-1.727702e+00 7.640000e+02 7.205934e+02) (-3.346827e-03 6.904642e+00 3.796570e+00)) ((-3.262614e+01 -2.440268e-01 -2.219282e-01) (-3.483832e-01 7.880849e-04 6.247004e-04))
504.8         	((-1.876043e+00 7.617797e+02 7.192412e+02) (-3.740563e-03 6.898413e+00 3.799215e+00)) ((-3.227389e+01 -2.620067e-01 -2.173447e-01) (-3.502275e-01 8.586115e-04 -1.207652e-04))
504.81        	((-1.944823e+00 7.598931e+02 7.178654e+02) (-3.908050e-03 6.890374e+00 3.801365e+00)) ((-3.198383e+01 -2.725982e-01 -2.271145e-01) (-3.520212e-01 8.172859e-04 -2.791548e-04))
504.82        	((-2.053499e+00 7.576509e+02 7.165249e+02) (-4.168718e-03 6.882742e+00 3.804215e+00)) ((-3.162371e+01 -2.728290e-01 -2.283213e-01) (-3.541291e-01 8.831845e-04 -1.704032e-04))
504.83        	((-2.095247e+00 7.557698e+02 7.151820e+02) (-4.426640e-03 6.874889e+00 3.806322e+00)) ((-3.132626e+01 -2.765504e-01 -2.373320e-01) (-3.558799e-01 8.289184e-04 -2.801043e-04))
504.84        	((-2.185458e+00 7.535039e+02 7.137947e+02) (-4.687254e-03 6.866792e+00 3.809001e+00)) ((-3.098008e+01 -2.902017e-01 -2.298593e-01) (-3.579688e-01 8.722210e-04 7.389030e-05))
504.85        	((-2.214953e+00 7.516327e+02 7.124599e+02) (-5.007396e-03 6.859099e+00 3.810833e+00)) ((-3.068450e+01 -3.000206e-01 -2.325109e-01) (-3.595100e-01 8.270736e-04 -1.662577e-04))
504.86        	((-2.274600e+00 7.493570e+02 7.110844e+02) (-5.287213e-03 6.851015e+00 3.813004e+00)) ((-3.033415e+01 -3.057341e-01 -2.267540e-01) (-3.612669e-01 8.831558e-04 -5.286776e-05))
504.87        	((-2.281950e+00 7.475047e+02 7.097850e+02) (-5.562443e-03 6.842400e+00 3.814310e+00)) ((-3.002919e+01 -3.109552e-01 -2.301959e-01) (-3.625801e-01 8.580791e-04 -1.472523e-04))
504.88        	((-2.311702e+00 7.452269e+02 7.083959e+02) (-5.833336e-03 6.833407e+00 3.815782e+00)) ((-2.968017e+01 -3.161631e-01 -2.241699e-01) (-3.639483e-01 9.055345e-04 -4.889085e-06))
504.89        	((-2.297296e+00 7.433843e+02 7.070984e+02) (-6.103170e-03 6.823737e+00 3.816259e+00)) ((-2.937793e+01 -3.220770e-01 -2.240106e-01) (-3.649591e-01 8.612373e-04 -5.001954e-05))
504.9         	((-2.304486e+00 7.410956e+02 7.056922e+02) (-6.301837e-03 6.813374e+00 3.816541e+00)) ((-2.903612e+01 -3.280888e-01 -2.171839e-01) (-3.660129e-01 8.921776e-04 7.389463e-05))
504.91        	((-2.286809e+00 7.392739e+02 7.044024e+02) (-6.488368e-03 6.802155e+00 3.815913e+00)) ((-2.873342e+01 -3.389943e-01 -2.160258e-01) (-3.668212e-01 8.434948e-04 1.635380e-04))
504.92        	((-2.278426e+00 7.370040e+02 7.030060e+02) (-6.651786e-03 6.790327e+00 3.815002e+00)) ((-2.838459e+01 -3.436742e-01 -2.147869e-01) (-3.675852e-01 8.575685e-04 3.095957e-04))
504.93        	((-2.233134e+00 7.352032e+02 7.017698e+02) (-6.916742e-03 6.778093e+00 3.813275e+00)) ((-2.806635e+01 -3.450340e-01 -2.196735e-01) (-3.681404e-01 8.088118e-04 2.881873e-04))
504.94        	((-2.190277e+00 7.329138e+02 7.004010e+02) (-7.123991e-03 6.764940e+00 3.810992e+00)) ((-2.771184e+01 -3.465063e-01 -2.172722e-01) (-3.687387e-01 8.110188e-04 3.263968e-04))
504.95        	((-2.129231e+00 7.311004e+02 6.991942e+02) (-7.324217e-03 6.751034e+00 3.808065e+00)) ((-2.738984e+01 -3.564503e-01 -2.126176e-01) (-3.693247e-01 7.800506e-04 4.043757e-04))
504.96        	((-2.069263e+00 7.287980e+02 6.978741e+02) (-7.425389e-03 6.736094e+00 3.804228e+00)) ((-2.702256e+01 -3.630137e-01 -2.044485e-01) (-3.701231e-01 7.828258e-04 3.657185e-04))
504.97        	((-1.996365e+00 7.269929e+02 6.967531e+02) (-7.667173e-03 6.721064e+00 3.800229e+00)) ((-2.667428e+01 -3.724870e-01 -1.988383e-01) (-3.706753e-01 7.513787e-04 4.642545e-04))
504.98        	((-1.922064e+00 7.246974e+02 6.955154e+02) (-7.786050e-03 6.705058e+00 3.795525e+00)) ((-2.627914e+01 -3.765707e-01 -1.946061e-01) (-3.712720e-01 7.972048e-04 3.998560e-04))
504.99        	((-1.833290e+00 7.229174e+02 6.944794e+02) (-7.956677e-03 6.688998e+00 3.790907e+00)) ((-2.590431e+01 -3.821728e-01 -1.938750e-01) (-3.716930e-01 7.609580e-04 4.806598e-04))
505           	((-1.737129e+00 7.206484e+02 6.932563e+02) (-7.989069e-03 6.672870e+00 3.786391e+00)) ((-2.550445e+01 -3.860640e-01 -1.946543e-01) (-3.714714e-01 7.258692e-04 5.060442e-04))
