# Forces      
# CofR        : (0.000000e+00 0.000000e+00 0.000000e+00)
# Time        forces(pressure viscous)	moments(pressure viscous)
500           	((4.940995e+00 1.274446e+04 -3.883734e+03) (1.209166e-04 4.260394e+00 -1.202294e-01)) ((-2.530263e+03 -2.540585e-01 5.953830e-01) (-3.413392e-01 -1.524453e-05 -1.681905e-04))
500.01        	((5.775097e-01 8.754951e+03 -2.707225e+03) (-1.284311e-03 2.337217e+00 2.439300e-01)) ((-1.438083e+03 6.449931e-01 2.362769e-01) (5.374729e-02 -2.711766e-04 7.574810e-04))
500.02        	((-4.538772e+00 6.627704e+02 -1.045954e+02) (-8.801651e-04 5.544268e-01 6.492739e-01)) ((4.471536e+02 1.060056e+00 -3.139501e-01) (4.631697e-01 -4.900374e-04 9.131735e-04))
500.03        	((-3.836261e+00 -4.146985e+03 1.410463e+03) (-1.433571e-03 5.335058e-01 7.803310e-01)) ((1.407726e+03 5.569556e-01 -5.750364e-01) (4.614669e-01 -1.041468e-03 8.816763e-04))
500.04        	((2.532561e+00 -3.241973e+03 1.114394e+03) (1.598211e-03 2.281744e+00 6.231138e-01)) ((8.255328e+02 -4.891040e-01 -3.898999e-01) (1.005794e-01 -2.123428e-05 5.007125e-04))
500.05        	((5.654076e+00 2.089774e+02 -3.203121e+01) (7.598255e-03 4.689621e+00 2.558239e-01)) ((-2.503480e+02 -1.391541e+00 -1.175657e-01) (-4.784586e-01 -3.401232e-04 -1.033794e-03))
500.06        	((3.289699e+00 2.791164e+03 -8.994615e+02) (3.295253e-03 5.444495e+00 -6.594658e-02)) ((-7.677177e+02 -8.933852e-01 5.633858e-02) (-6.645681e-01 -4.352893e-04 -1.257758e-03))
500.07        	((-3.342389e+00 3.254521e+03 -1.028986e+03) (2.482513e-03 4.545977e+00 -1.003992e-01)) ((-5.556396e+02 6.238044e-01 4.310550e-02) (-2.893007e-01 1.177880e-04 4.133085e-04))
500.08        	((-6.573313e+00 2.191181e+03 -6.172567e+02) (-6.621893e-03 3.473889e+00 3.242094e-02)) ((-4.628378e+01 2.170647e+00 -1.393899e-01) (1.293059e-01 -1.877999e-03 2.221464e-03))
500.09        	((-3.770189e+00 9.115909e+02 -1.455726e+02) (-3.311269e-03 3.224592e+00 9.980212e-02)) ((2.522190e+02 2.047366e+00 -4.500706e-01) (2.524348e-01 -5.788559e-04 1.355772e-03))
500.1         	((1.583427e+00 3.714146e+02 3.397872e+01) (1.171306e-03 3.684926e+00 5.948959e-02)) ((1.728337e+02 1.035726e+00 -8.202083e-01) (9.404601e-02 -1.630605e-03 1.437520e-03))
500.11        	((5.533744e+00 6.651029e+02 -9.004380e+01) (4.782568e-03 4.348866e+00 -3.636133e-02)) ((-8.999831e+01 1.330034e-01 -9.626519e-01) (-1.442183e-01 -1.558789e-03 -9.528745e-04))
500.12        	((5.320660e+00 1.327374e+03 -3.256995e+02) (5.878003e-03 4.750601e+00 -1.528054e-01)) ((-2.725633e+02 -1.462901e-01 -8.102888e-01) (-2.637474e-01 -2.229176e-03 -4.498357e-05))
500.13        	((4.019106e+00 1.845346e+03 -4.696634e+02) (6.849385e-03 4.916865e+00 -2.422926e-01)) ((-2.697012e+02 2.049086e-01 -6.136745e-01) (-2.502932e-01 -1.164133e-03 -2.654850e-04))
500.14        	((3.791352e+00 1.964526e+03 -4.481427e+02) (5.709200e-03 4.997943e+00 -2.637328e-01)) ((-1.471602e+02 6.268620e-01 -5.209370e-01) (-1.925591e-01 -9.078459e-04 2.897792e-04))
500.15        	((5.920415e+00 1.774641e+03 -3.218800e+02) (8.174620e-03 5.089728e+00 -2.353659e-01)) ((-3.414040e+01 7.480157e-01 -6.907796e-01) (-1.648151e-01 -1.275641e-05 -5.700900e-04))
500.16        	((9.395892e+00 1.550548e+03 -2.043437e+02) (1.235309e-02 5.207310e+00 -1.766516e-01)) ((-1.397716e+01 2.305967e-01 -9.402765e-01) (-1.887796e-01 7.137751e-04 -6.854191e-04))
500.17        	((1.353112e+01 1.503183e+03 -1.657739e+02) (1.496331e-02 5.331296e+00 -1.113845e-01)) ((-7.570537e+01 -4.062572e-01 -1.154668e+00) (-2.402185e-01 -2.031979e-04 -1.559966e-03))
500.18        	((1.658591e+01 1.650610e+03 -1.956544e+02) (1.958796e-02 5.460814e+00 -5.268218e-02)) ((-1.515533e+02 -7.699832e-01 -1.233689e+00) (-2.923703e-01 -5.549627e-04 -3.529466e-04))
500.19        	((1.929872e+01 1.866364e+03 -2.406684e+02) (2.569844e-02 5.611745e+00 1.415375e-03)) ((-1.847190e+02 -1.104504e+00 -1.224447e+00) (-3.194061e-01 -5.687321e-04 -7.759448e-04))
500.2         	((2.218236e+01 2.004600e+03 -2.511819e+02) (3.166914e-02 5.782341e+00 7.318771e-02)) ((-1.648311e+02 -1.526751e+00 -1.166541e+00) (-3.304118e-01 -2.812854e-04 -1.263158e-03))
500.21        	((2.508752e+01 2.022485e+03 -2.178604e+02) (3.656288e-02 5.949706e+00 1.729768e-01)) ((-1.232354e+02 -2.059212e+00 -1.107465e+00) (-3.397297e-01 2.299168e-05 -1.670153e-03))
500.22        	((2.828762e+01 1.976572e+03 -1.632472e+02) (4.138597e-02 6.092560e+00 2.926920e-01)) ((-9.765154e+01 -2.472220e+00 -1.149545e+00) (-3.545341e-01 -3.252725e-05 -1.787391e-03))
500.23        	((3.228016e+01 1.948549e+03 -1.149496e+02) (4.692714e-02 6.219030e+00 4.261811e-01)) ((-1.035575e+02 -2.850519e+00 -1.261145e+00) (-3.797789e-01 4.390441e-04 -2.421528e-03))
500.24        	((3.648074e+01 1.967848e+03 -8.399203e+01) (5.412724e-02 6.337655e+00 5.663572e-01)) ((-1.288944e+02 -3.289092e+00 -1.389390e+00) (-4.083960e-01 5.254216e-04 -2.646320e-03))
500.25        	((4.030178e+01 2.013442e+03 -6.509983e+01) (6.331223e-02 6.465418e+00 7.089109e-01)) ((-1.516398e+02 -3.823791e+00 -1.452921e+00) (-4.317680e-01 -2.413466e-04 -2.811609e-03))
500.26        	((4.383435e+01 2.042172e+03 -4.529426e+01) (7.219388e-02 6.608853e+00 8.559092e-01)) ((-1.580849e+02 -4.482954e+00 -1.415866e+00) (-4.445253e-01 -9.278748e-04 -2.933264e-03))
500.27        	((4.918146e+01 2.036011e+03 -1.577046e+01) (8.160857e-02 6.762839e+00 1.012207e+00)) ((-1.508078e+02 -5.265642e+00 -1.307613e+00) (-4.447196e-01 -1.294951e-03 -3.360847e-03))
500.28        	((5.583536e+01 2.001000e+03 2.478572e+01) (9.309537e-02 6.923740e+00 1.179261e+00)) ((-1.409696e+02 -6.135350e+00 -1.172622e+00) (-4.340645e-01 -1.639180e-03 -3.764684e-03))
500.29        	((6.203788e+01 1.960120e+03 6.971340e+01) (1.036216e-01 7.096865e+00 1.359085e+00)) ((-1.381849e+02 -7.011387e+00 -1.081115e+00) (-4.142911e-01 -2.393276e-03 -3.697215e-03))
500.3         	((6.690972e+01 1.926129e+03 1.109058e+02) (1.176892e-01 7.289880e+00 1.550124e+00)) ((-1.433258e+02 -8.019343e+00 -1.012574e+00) (-3.846348e-01 -3.511413e-03 -3.679417e-03))
500.31        	((7.179645e+01 1.897193e+03 1.432163e+02) (1.333798e-01 7.507663e+00 1.749220e+00)) ((-1.502635e+02 -9.098166e+00 -9.750926e-01) (-3.432457e-01 -5.591245e-03 -3.222712e-03))
500.32        	((7.700546e+01 1.866942e+03 1.663393e+02) (1.527760e-01 7.753939e+00 1.955953e+00)) ((-1.528270e+02 -1.017883e+01 -9.691851e-01) (-2.892294e-01 -8.618390e-03 -2.616513e-03))
500.33        	((8.279274e+01 1.831533e+03 1.829860e+02) (1.720947e-01 8.014633e+00 2.165363e+00)) ((-1.489763e+02 -1.126006e+01 -9.892570e-01) (-2.296382e-01 -1.266346e-02 -1.172131e-03))
500.34        	((8.901490e+01 1.786392e+03 1.957270e+02) (1.950310e-01 8.289289e+00 2.377182e+00)) ((-1.397880e+02 -1.242146e+01 -1.047659e+00) (-1.650943e-01 -1.701356e-02 4.496585e-04))
500.35        	((9.556963e+01 1.736262e+03 2.048262e+02) (2.203633e-01 8.573878e+00 2.590374e+00)) ((-1.288149e+02 -1.368368e+01 -1.128870e+00) (-9.974905e-02 -2.184983e-02 1.727872e-03))
500.36        	((1.028150e+02 1.686180e+03 2.084722e+02) (2.485503e-01 8.866213e+00 2.802363e+00)) ((-1.183927e+02 -1.502892e+01 -1.168925e+00) (-3.517996e-02 -2.774397e-02 2.860851e-03))
500.37        	((1.098274e+02 1.643563e+03 2.050058e+02) (2.797656e-01 9.164407e+00 3.006676e+00)) ((-1.096680e+02 -1.645495e+01 -1.192923e+00) (2.634880e-02 -3.361443e-02 3.294870e-03))
500.38        	((1.177092e+02 1.609467e+03 1.927058e+02) (3.140618e-01 9.466159e+00 3.199828e+00)) ((-1.015567e+02 -1.799202e+01 -1.171872e+00) (8.477618e-02 -3.938202e-02 3.029576e-03))
500.39        	((1.249246e+02 1.582255e+03 1.735819e+02) (3.516854e-01 9.775078e+00 3.377029e+00)) ((-9.321450e+01 -1.975404e+01 -1.055161e+00) (1.402699e-01 -4.472761e-02 1.659308e-03))
500.4         	((1.334597e+02 1.557940e+03 1.489448e+02) (3.918542e-01 1.006659e+01 3.531002e+00)) ((-8.394411e+01 -2.167272e+01 -7.601153e-01) (1.884808e-01 -4.966876e-02 -9.976341e-04))
500.41        	((1.408254e+02 1.533039e+03 1.223285e+02) (4.337133e-01 1.033679e+01 3.656598e+00)) ((-7.431786e+01 -2.368289e+01 -2.989566e-01) (2.281293e-01 -5.395385e-02 -4.875753e-03))
500.42        	((1.492710e+02 1.511160e+03 9.362807e+01) (4.772721e-01 1.057787e+01 3.752627e+00)) ((-6.598766e+01 -2.554847e+01 2.750966e-01) (2.573849e-01 -5.715267e-02 -1.006058e-02))
500.43        	((1.557760e+02 1.491488e+03 6.451918e+01) (5.211886e-01 1.077977e+01 3.806401e+00)) ((-5.952092e+01 -2.731001e+01 9.021104e-01) (2.726970e-01 -5.808592e-02 -1.689729e-02))
500.44        	((1.622493e+02 1.477816e+03 3.331102e+01) (5.655837e-01 1.094745e+01 3.832526e+00)) ((-5.548728e+01 -2.884814e+01 1.489712e+00) (2.782587e-01 -5.755511e-02 -2.496249e-02))
500.45        	((1.661347e+02 1.465925e+03 3.556548e+00) (6.073906e-01 1.106607e+01 3.821676e+00)) ((-5.298507e+01 -3.006853e+01 1.987042e+00) (2.754718e-01 -5.551522e-02 -3.309365e-02))
500.46        	((1.676412e+02 1.455653e+03 -2.569463e+01) (6.465162e-01 1.113440e+01 3.773188e+00)) ((-5.138617e+01 -3.079152e+01 2.350394e+00) (2.636188e-01 -5.191388e-02 -4.179146e-02))
500.47        	((1.655374e+02 1.442206e+03 -5.090044e+01) (6.818146e-01 1.115057e+01 3.690220e+00)) ((-4.988476e+01 -3.097452e+01 2.585583e+00) (2.444326e-01 -4.673677e-02 -5.123490e-02))
500.48        	((1.601517e+02 1.430528e+03 -7.512646e+01) (7.127636e-01 1.112216e+01 3.581322e+00)) ((-4.922564e+01 -3.060927e+01 2.625008e+00) (2.176039e-01 -4.039512e-02 -6.097504e-02))
500.49        	((1.507879e+02 1.416655e+03 -9.598358e+01) (7.366187e-01 1.104375e+01 3.447942e+00)) ((-4.899182e+01 -2.975713e+01 2.407097e+00) (1.865488e-01 -3.255289e-02 -7.167757e-02))
500.5         	((1.378196e+02 1.406552e+03 -1.154782e+02) (7.537277e-01 1.092298e+01 3.296356e+00)) ((-4.994200e+01 -2.829844e+01 1.842355e+00) (1.525610e-01 -2.380402e-02 -8.224453e-02))
500.51        	((1.206556e+02 1.394127e+03 -1.315293e+02) (7.616067e-01 1.076286e+01 3.130046e+00)) ((-5.086840e+01 -2.630942e+01 9.529184e-01) (1.139619e-01 -1.416923e-02 -9.248690e-02))
500.52        	((1.010967e+02 1.386682e+03 -1.461154e+02) (7.615685e-01 1.057509e+01 2.956835e+00)) ((-5.276396e+01 -2.370355e+01 -2.998384e-01) (7.761652e-02 -4.760156e-03 -1.010985e-01))
500.53        	((7.814450e+01 1.377036e+03 -1.574153e+02) (7.519716e-01 1.035649e+01 2.780148e+00)) ((-5.420565e+01 -2.072462e+01 -1.762035e+00) (4.110163e-02 4.829950e-03 -1.086301e-01))
500.54        	((5.510836e+01 1.372573e+03 -1.672186e+02) (7.360957e-01 1.012410e+01 2.604423e+00)) ((-5.640468e+01 -1.742135e+01 -3.352930e+00) (6.901821e-03 1.315779e-02 -1.149530e-01))
500.55        	((3.030957e+01 1.366579e+03 -1.745220e+02) (7.118260e-01 9.872363e+00 2.431839e+00)) ((-5.823310e+01 -1.410216e+01 -4.910126e+00) (-2.751707e-02 2.017403e-02 -1.192218e-01))
500.56        	((7.365335e+00 1.364012e+03 -1.805687e+02) (6.835827e-01 9.616471e+00 2.265939e+00)) ((-6.065161e+01 -1.074482e+01 -6.388057e+00) (-6.020904e-02 2.587779e-02 -1.221081e-01))
500.57        	((-1.596873e+01 1.359687e+03 -1.842096e+02) (6.491106e-01 9.351020e+00 2.105488e+00)) ((-6.285593e+01 -7.607606e+00 -7.679923e+00) (-9.398817e-02 2.975936e-02 -1.225186e-01))
500.58        	((-3.662691e+01 1.357491e+03 -1.862682e+02) (6.121505e-01 9.087843e+00 1.953747e+00)) ((-6.554874e+01 -4.627414e+00 -8.800363e+00) (-1.261721e-01 3.205456e-02 -1.209764e-01))
500.59        	((-5.618925e+01 1.354458e+03 -1.863415e+02) (5.740912e-01 8.821479e+00 1.810654e+00)) ((-6.816805e+01 -1.960088e+00 -9.729868e+00) (-1.578579e-01 3.355491e-02 -1.179092e-01))
500.6         	((-7.260676e+01 1.352832e+03 -1.851909e+02) (5.344836e-01 8.564322e+00 1.678622e+00)) ((-7.102893e+01 4.439949e-01 -1.046765e+01) (-1.883886e-01 3.303895e-02 -1.132193e-01))
500.61        	((-8.690465e+01 1.350556e+03 -1.826972e+02) (4.948635e-01 8.309236e+00 1.555989e+00)) ((-7.369937e+01 2.515620e+00 -1.098399e+01) (-2.181843e-01 3.152030e-02 -1.075012e-01))
500.62        	((-9.769042e+01 1.347917e+03 -1.791622e+02) (4.568148e-01 8.067262e+00 1.444228e+00)) ((-7.610952e+01 4.307776e+00 -1.129026e+01) (-2.463361e-01 2.884057e-02 -1.011781e-01))
500.63        	((-1.062824e+02 1.344689e+03 -1.746558e+02) (4.187592e-01 7.830889e+00 1.341945e+00)) ((-7.824135e+01 5.807315e+00 -1.142913e+01) (-2.724554e-01 2.520049e-02 -9.369414e-02))
500.64        	((-1.127004e+02 1.341914e+03 -1.695680e+02) (3.827551e-01 7.606174e+00 1.250852e+00)) ((-8.021642e+01 7.089025e+00 -1.144559e+01) (-2.962838e-01 2.126686e-02 -8.587936e-02))
500.65        	((-1.174005e+02 1.339469e+03 -1.643218e+02) (3.490224e-01 7.394945e+00 1.168672e+00)) ((-8.219740e+01 8.141762e+00 -1.136930e+01) (-3.183994e-01 1.707399e-02 -7.795761e-02))
500.66        	((-1.201587e+02 1.337467e+03 -1.594287e+02) (3.169514e-01 7.196960e+00 1.095137e+00)) ((-8.420164e+01 9.017198e+00 -1.122200e+01) (-3.381366e-01 1.230691e-02 -6.978561e-02))
500.67        	((-1.211860e+02 1.335243e+03 -1.546444e+02) (2.876323e-01 7.013920e+00 1.030168e+00)) ((-8.606382e+01 9.738923e+00 -1.102199e+01) (-3.556350e-01 7.949972e-03 -6.212018e-02))
500.68        	((-1.206743e+02 1.332861e+03 -1.501221e+02) (2.593136e-01 6.847510e+00 9.732412e-01)) ((-8.768339e+01 1.034636e+01 -1.078102e+01) (-3.709692e-01 2.924455e-03 -5.457896e-02))
500.69        	((-1.190463e+02 1.330019e+03 -1.456681e+02) (2.333285e-01 6.693944e+00 9.228601e-01)) ((-8.896216e+01 1.087639e+01 -1.050518e+01) (-3.842210e-01 -2.005517e-03 -4.764750e-02))
500.7         	((-1.165760e+02 1.327174e+03 -1.416276e+02) (2.105347e-01 6.558205e+00 8.792169e-01)) ((-9.000912e+01 1.137822e+01 -1.021241e+01) (-3.959474e-01 -6.552054e-03 -4.106946e-02))
500.71        	((-1.135407e+02 1.324120e+03 -1.379476e+02) (1.907254e-01 6.435527e+00 8.411904e-01)) ((-9.082342e+01 1.184896e+01 -9.931127e+00) (-4.055539e-01 -1.046791e-02 -3.519751e-02))
500.72        	((-1.100717e+02 1.321224e+03 -1.348983e+02) (1.737188e-01 6.325450e+00 8.088741e-01)) ((-9.150011e+01 1.228025e+01 -9.677893e+00) (-4.130150e-01 -1.387489e-02 -3.021409e-02))
500.73        	((-1.063412e+02 1.318238e+03 -1.323483e+02) (1.586547e-01 6.227247e+00 7.814082e-01)) ((-9.201778e+01 1.264819e+01 -9.456485e+00) (-4.186483e-01 -1.681483e-02 -2.533191e-02))
500.74        	((-1.023556e+02 1.315220e+03 -1.301789e+02) (1.460046e-01 6.141393e+00 7.581060e-01)) ((-9.232874e+01 1.294941e+01 -9.275086e+00) (-4.231629e-01 -1.900285e-02 -2.137714e-02))
500.75        	((-9.825151e+01 1.311894e+03 -1.282513e+02) (1.352670e-01 6.065300e+00 7.385800e-01)) ((-9.243238e+01 1.324935e+01 -9.119533e+00) (-4.260017e-01 -2.084122e-02 -1.801746e-02))
500.76        	((-9.398531e+01 1.308644e+03 -1.266868e+02) (1.261654e-01 5.998344e+00 7.223751e-01)) ((-9.245636e+01 1.359157e+01 -8.986654e+00) (-4.270273e-01 -2.245636e-02 -1.496609e-02))
500.77        	((-8.971781e+01 1.305278e+03 -1.254068e+02) (1.186650e-01 5.939546e+00 7.079958e-01)) ((-9.237331e+01 1.392329e+01 -8.885966e+00) (-4.267656e-01 -2.343256e-02 -1.248123e-02))
500.78        	((-8.545998e+01 1.301880e+03 -1.244155e+02) (1.129760e-01 5.888202e+00 6.950813e-01)) ((-9.218979e+01 1.419271e+01 -8.826268e+00) (-4.253136e-01 -2.382862e-02 -1.053689e-02))
500.79        	((-8.135361e+01 1.298166e+03 -1.235985e+02) (1.083701e-01 5.843199e+00 6.833140e-01)) ((-9.188227e+01 1.439676e+01 -8.798673e+00) (-4.230181e-01 -2.387630e-02 -9.007973e-03))
500.8         	((-7.728515e+01 1.294231e+03 -1.229076e+02) (1.050807e-01 5.803443e+00 6.727481e-01)) ((-9.151430e+01 1.457666e+01 -8.790545e+00) (-4.200363e-01 -2.373462e-02 -7.892548e-03))
500.81        	((-7.330958e+01 1.289944e+03 -1.222696e+02) (1.026203e-01 5.768545e+00 6.630588e-01)) ((-9.108610e+01 1.476579e+01 -8.797104e+00) (-4.165302e-01 -2.334463e-02 -7.110012e-03))
500.82        	((-6.937292e+01 1.285396e+03 -1.217003e+02) (1.012964e-01 5.739076e+00 6.536257e-01)) ((-9.063358e+01 1.498191e+01 -8.824279e+00) (-4.122636e-01 -2.284717e-02 -6.397443e-03))
500.83        	((-6.551485e+01 1.280543e+03 -1.212054e+02) (9.971533e-02 5.712981e+00 6.445560e-01)) ((-9.015859e+01 1.519988e+01 -8.870885e+00) (-4.079644e-01 -2.213259e-02 -5.852257e-03))
500.84        	((-6.175960e+01 1.275445e+03 -1.207685e+02) (1.006464e-01 5.691301e+00 6.351231e-01)) ((-8.966033e+01 1.538386e+01 -8.934467e+00) (-4.036508e-01 -2.109363e-02 -5.751942e-03))
500.85        	((-5.812721e+01 1.270008e+03 -1.203673e+02) (1.013401e-01 5.672289e+00 6.257484e-01)) ((-8.913501e+01 1.551161e+01 -9.007779e+00) (-3.991863e-01 -2.001563e-02 -5.686647e-03))
500.86        	((-5.456887e+01 1.264288e+03 -1.200152e+02) (1.025569e-01 5.655781e+00 6.164084e-01)) ((-8.861763e+01 1.557617e+01 -9.081423e+00) (-3.946057e-01 -1.883924e-02 -5.706555e-03))
500.87        	((-5.107749e+01 1.258293e+03 -1.197293e+02) (1.039486e-01 5.641002e+00 6.071959e-01)) ((-8.812221e+01 1.557522e+01 -9.153062e+00) (-3.898145e-01 -1.763847e-02 -5.584892e-03))
500.88        	((-4.767697e+01 1.252147e+03 -1.194793e+02) (1.059414e-01 5.628639e+00 5.978145e-01)) ((-8.766072e+01 1.551284e+01 -9.217605e+00) (-3.852178e-01 -1.642006e-02 -5.732807e-03))
500.89        	((-4.440257e+01 1.245765e+03 -1.191779e+02) (1.079827e-01 5.618832e+00 5.881445e-01)) ((-8.718490e+01 1.539966e+01 -9.250171e+00) (-3.808986e-01 -1.526652e-02 -6.212045e-03))
500.9         	((-4.119583e+01 1.239198e+03 -1.189860e+02) (1.102951e-01 5.610342e+00 5.786984e-01)) ((-8.670968e+01 1.522875e+01 -9.243120e+00) (-3.764087e-01 -1.404820e-02 -6.669602e-03))
500.91        	((-3.805808e+01 1.232516e+03 -1.189906e+02) (1.128586e-01 5.603008e+00 5.693583e-01)) ((-8.626765e+01 1.498821e+01 -9.206953e+00) (-3.718070e-01 -1.280469e-02 -7.147724e-03))
500.92        	((-3.502254e+01 1.225801e+03 -1.191896e+02) (1.155544e-01 5.596699e+00 5.599969e-01)) ((-8.587959e+01 1.467735e+01 -9.148316e+00) (-3.670973e-01 -1.155279e-02 -7.680919e-03))
500.93        	((-3.206078e+01 1.219236e+03 -1.196720e+02) (1.183533e-01 5.591184e+00 5.505764e-01)) ((-8.556926e+01 1.430593e+01 -9.068108e+00) (-3.622398e-01 -1.031442e-02 -8.273667e-03))
500.94        	((-2.924105e+01 1.212739e+03 -1.203218e+02) (1.210893e-01 5.586481e+00 5.410387e-01)) ((-8.529713e+01 1.388753e+01 -8.968891e+00) (-3.572167e-01 -9.149612e-03 -8.840417e-03))
500.95        	((-2.659808e+01 1.205975e+03 -1.210519e+02) (1.237264e-01 5.582396e+00 5.313390e-01)) ((-8.499981e+01 1.343246e+01 -8.854640e+00) (-3.519576e-01 -8.065993e-03 -9.297822e-03))
500.96        	((-2.418064e+01 1.199265e+03 -1.219887e+02) (1.266916e-01 5.578961e+00 5.214350e-01)) ((-8.471459e+01 1.295571e+01 -8.734803e+00) (-3.462201e-01 -7.066030e-03 -9.768445e-03))
500.97        	((-2.200655e+01 1.192910e+03 -1.232369e+02) (1.299902e-01 5.575977e+00 5.113510e-01)) ((-8.449351e+01 1.247248e+01 -8.614673e+00) (-3.398606e-01 -6.107068e-03 -1.027525e-02))
500.98        	((-2.006926e+01 1.187016e+03 -1.248048e+02) (1.331985e-01 5.574602e+00 5.010719e-01)) ((-8.435239e+01 1.199890e+01 -8.497512e+00) (-3.336808e-01 -5.209474e-03 -1.060177e-02))
500.99        	((-1.837713e+01 1.181532e+03 -1.266515e+02) (1.363527e-01 5.573806e+00 4.904222e-01)) ((-8.427330e+01 1.154417e+01 -8.384811e+00) (-3.271062e-01 -4.428275e-03 -1.089363e-02))
501           	((-1.696237e+01 1.176352e+03 -1.287338e+02) (1.394608e-01 5.573161e+00 4.792529e-01)) ((-8.423253e+01 1.111268e+01 -8.277846e+00) (-3.198688e-01 -3.752712e-03 -1.124136e-02))
501.01        	((-1.583896e+01 1.171405e+03 -1.309936e+02) (1.424412e-01 5.573238e+00 4.674957e-01)) ((-8.421840e+01 1.071298e+01 -8.180265e+00) (-3.122844e-01 -3.166362e-03 -1.154584e-02))
501.02        	((-1.501055e+01 1.166638e+03 -1.334093e+02) (1.452770e-01 5.573960e+00 4.551278e-01)) ((-8.423036e+01 1.035688e+01 -8.093771e+00) (-3.042892e-01 -2.657793e-03 -1.181729e-02))
501.03        	((-1.447627e+01 1.162052e+03 -1.359705e+02) (1.479974e-01 5.575386e+00 4.420994e-01)) ((-8.426976e+01 1.005672e+01 -8.020334e+00) (-2.959740e-01 -2.175224e-03 -1.204851e-02))
501.04        	((-1.424135e+01 1.157674e+03 -1.386680e+02) (1.504896e-01 5.577353e+00 4.283490e-01)) ((-8.433483e+01 9.820591e+00 -7.961473e+00) (-2.873237e-01 -1.715643e-03 -1.225895e-02))
501.05        	((-1.431095e+01 1.153521e+03 -1.414826e+02) (1.527322e-01 5.579661e+00 4.139091e-01)) ((-8.442340e+01 9.649515e+00 -7.917748e+00) (-2.782259e-01 -1.268998e-03 -1.250204e-02))
501.06        	((-1.468473e+01 1.149591e+03 -1.443944e+02) (1.546243e-01 5.581930e+00 3.988013e-01)) ((-8.453926e+01 9.538533e+00 -7.887098e+00) (-2.685233e-01 -9.137810e-04 -1.283798e-02))
501.07        	((-1.531773e+01 1.145894e+03 -1.473182e+02) (1.561812e-01 5.584422e+00 3.827605e-01)) ((-8.468769e+01 9.495117e+00 -7.872722e+00) (-2.584954e-01 -5.808589e-04 -1.322267e-02))
501.08        	((-1.616449e+01 1.142383e+03 -1.501774e+02) (1.577939e-01 5.589875e+00 3.655040e-01)) ((-8.483546e+01 9.520891e+00 -7.879271e+00) (-2.500327e-01 4.961667e-05 -1.334951e-02))
501.09        	((-1.727332e+01 1.138998e+03 -1.530688e+02) (1.586042e-01 5.593895e+00 3.479221e-01)) ((-8.499236e+01 9.583031e+00 -7.890112e+00) (-2.401424e-01 3.177514e-04 -1.363456e-02))
501.1         	((-1.859327e+01 1.135723e+03 -1.559216e+02) (1.593698e-01 5.599561e+00 3.292089e-01)) ((-8.514832e+01 9.686284e+00 -7.909148e+00) (-2.311216e-01 8.417488e-04 -1.382416e-02))
501.11        	((-2.012029e+01 1.132579e+03 -1.587694e+02) (1.593553e-01 5.603822e+00 3.102086e-01)) ((-8.533153e+01 9.812734e+00 -7.926071e+00) (-2.208410e-01 9.985959e-04 -1.415433e-02))
501.12        	((-2.177515e+01 1.129579e+03 -1.615309e+02) (1.595467e-01 5.610579e+00 2.900924e-01)) ((-8.552993e+01 9.968261e+00 -7.946397e+00) (-2.121844e-01 1.518728e-03 -1.430519e-02))
501.13        	((-2.353545e+01 1.126739e+03 -1.642604e+02) (1.586696e-01 5.615621e+00 2.699397e-01)) ((-8.576727e+01 1.012311e+01 -7.953679e+00) (-2.020835e-01 1.699940e-03 -1.462232e-02))
501.14        	((-2.532784e+01 1.124023e+03 -1.668827e+02) (1.578622e-01 5.622671e+00 2.489727e-01)) ((-8.602054e+01 1.028287e+01 -7.953432e+00) (-1.932965e-01 2.226861e-03 -1.481580e-02))
501.15        	((-2.713850e+01 1.121416e+03 -1.694457e+02) (1.563688e-01 5.628032e+00 2.281050e-01)) ((-8.629903e+01 1.043650e+01 -7.938444e+00) (-1.834726e-01 2.322243e-03 -1.518185e-02))
501.16        	((-2.886872e+01 1.118910e+03 -1.718870e+02) (1.550545e-01 5.634727e+00 2.064274e-01)) ((-8.657348e+01 1.058404e+01 -7.911004e+00) (-1.754017e-01 2.776525e-03 -1.551654e-02))
501.17        	((-3.056729e+01 1.116493e+03 -1.742667e+02) (1.529202e-01 5.641511e+00 1.854134e-01)) ((-8.686068e+01 1.072924e+01 -7.872633e+00) (-1.658616e-01 2.977705e-03 -1.584517e-02))
501.18        	((-3.211308e+01 1.114373e+03 -1.765073e+02) (1.509942e-01 5.649852e+00 1.634847e-01)) ((-8.719055e+01 1.085248e+01 -7.822120e+00) (-1.577562e-01 3.510408e-03 -1.612117e-02))
501.19        	((-3.350518e+01 1.112368e+03 -1.786709e+02) (1.485520e-01 5.657271e+00 1.420485e-01)) ((-8.753316e+01 1.094063e+01 -7.753467e+00) (-1.486458e-01 3.687235e-03 -1.646292e-02))
501.2         	((-3.467217e+01 1.110368e+03 -1.807314e+02) (1.462580e-01 5.666029e+00 1.202264e-01)) ((-8.785620e+01 1.099539e+01 -7.667070e+00) (-1.406780e-01 4.143252e-03 -1.674107e-02))
501.21        	((-3.562093e+01 1.108387e+03 -1.827121e+02) (1.434474e-01 5.673921e+00 9.890684e-02)) ((-8.817104e+01 1.101521e+01 -7.559769e+00) (-1.318516e-01 4.247228e-03 -1.706165e-02))
501.22        	((-3.631532e+01 1.106466e+03 -1.845742e+02) (1.405001e-01 5.682870e+00 7.735684e-02)) ((-8.847272e+01 1.100268e+01 -7.435930e+00) (-1.241910e-01 4.637332e-03 -1.734085e-02))
501.23        	((-3.678976e+01 1.104675e+03 -1.863420e+02) (1.370530e-01 5.691100e+00 5.632519e-02)) ((-8.877339e+01 1.095611e+01 -7.299221e+00) (-1.157143e-01 4.792471e-03 -1.765472e-02))
501.24        	((-3.702464e+01 1.103031e+03 -1.880142e+02) (1.335807e-01 5.701008e+00 3.502494e-02)) ((-8.908171e+01 1.087493e+01 -7.156693e+00) (-1.078996e-01 5.282326e-03 -1.763007e-02))
501.25        	((-3.703809e+01 1.101550e+03 -1.896200e+02) (1.300796e-01 5.707509e+00 1.474305e-02)) ((-8.940739e+01 1.075150e+01 -7.021242e+00) (-9.808069e-02 5.909951e-03 -1.623563e-02))
501.26        	((-3.683375e+01 1.100172e+03 -1.911352e+02) (1.269414e-01 5.721700e+00 -6.491159e-03)) ((-8.973358e+01 1.059763e+01 -6.887314e+00) (-9.158716e-02 6.299507e-03 -1.749454e-02))
501.27        	((-3.645064e+01 1.098834e+03 -1.924659e+02) (1.234182e-01 5.734450e+00 -2.656416e-02)) ((-9.003396e+01 1.043727e+01 -6.736931e+00) (-8.394612e-02 6.393233e-03 -1.820164e-02))
501.28        	((-3.582895e+01 1.097476e+03 -1.936987e+02) (1.202294e-01 5.746588e+00 -4.650105e-02)) ((-9.031529e+01 1.026191e+01 -6.572154e+00) (-7.662413e-02 6.538603e-03 -1.799499e-02))
501.29        	((-3.505271e+01 1.096123e+03 -1.947926e+02) (1.173637e-01 5.760340e+00 -6.546046e-02)) ((-9.057845e+01 1.007580e+01 -6.410364e+00) (-6.939019e-02 6.676167e-03 -1.873401e-02))
501.3         	((-3.409304e+01 1.094831e+03 -1.958151e+02) (1.146705e-01 5.774689e+00 -8.411471e-02)) ((-9.083640e+01 9.882211e+00 -6.247574e+00) (-6.256959e-02 6.934862e-03 -1.885171e-02))
501.31        	((-3.298988e+01 1.093670e+03 -1.967367e+02) (1.121440e-01 5.789000e+00 -1.019494e-01)) ((-9.110030e+01 9.677339e+00 -6.093557e+00) (-5.525358e-02 7.067858e-03 -1.914807e-02))
501.32        	((-3.180889e+01 1.092664e+03 -1.975989e+02) (1.098492e-01 5.804627e+00 -1.196200e-01)) ((-9.137319e+01 9.457270e+00 -5.945238e+00) (-4.868445e-02 7.333907e-03 -1.922582e-02))
501.33        	((-3.063444e+01 1.091812e+03 -1.983730e+02) (1.074280e-01 5.820322e+00 -1.364341e-01)) ((-9.163964e+01 9.236226e+00 -5.806149e+00) (-4.164392e-02 7.377002e-03 -1.942486e-02))
501.34        	((-2.944513e+01 1.091035e+03 -1.990666e+02) (1.052907e-01 5.837679e+00 -1.527667e-01)) ((-9.187772e+01 9.019733e+00 -5.670109e+00) (-3.536336e-02 7.596429e-03 -1.949352e-02))
501.35        	((-2.822846e+01 1.090309e+03 -1.996507e+02) (1.031509e-01 5.854961e+00 -1.681940e-01)) ((-9.207672e+01 8.813862e+00 -5.540639e+00) (-2.857919e-02 7.637028e-03 -1.964344e-02))
501.36        	((-2.698938e+01 1.089662e+03 -2.001645e+02) (1.013726e-01 5.873896e+00 -1.832055e-01)) ((-9.225297e+01 8.616175e+00 -5.417440e+00) (-2.262054e-02 7.875771e-03 -1.971059e-02))
501.37        	((-2.577407e+01 1.089127e+03 -2.006028e+02) (9.959871e-02 5.892729e+00 -1.973716e-01)) ((-9.242064e+01 8.424351e+00 -5.303888e+00) (-1.617353e-02 7.946706e-03 -1.985177e-02))
501.38        	((-2.461187e+01 1.088694e+03 -2.009931e+02) (9.825295e-02 5.913140e+00 -2.112064e-01)) ((-9.257878e+01 8.236477e+00 -5.198658e+00) (-1.055969e-02 8.183475e-03 -1.994872e-02))
501.39        	((-2.352476e+01 1.088341e+03 -2.013137e+02) (9.656797e-02 5.934383e+00 -2.241026e-01)) ((-9.271725e+01 8.062251e+00 -5.104677e+00) (-4.303540e-03 8.233036e-03 -2.004667e-02))
501.4         	((-2.249495e+01 1.088065e+03 -2.015883e+02) (9.483548e-02 5.957612e+00 -2.365011e-01)) ((-9.282916e+01 7.895989e+00 -5.018531e+00) (1.189643e-03 8.532982e-03 -2.003800e-02))
501.41        	((-2.154301e+01 1.087862e+03 -2.017921e+02) (9.313938e-02 5.980520e+00 -2.481481e-01)) ((-9.293097e+01 7.749221e+00 -4.944459e+00) (7.038987e-03 8.541058e-03 -2.008301e-02))
501.42        	((-2.064327e+01 1.087747e+03 -2.019531e+02) (9.148350e-02 6.005344e+00 -2.592758e-01)) ((-9.302045e+01 7.611921e+00 -4.877510e+00) (1.208747e-02 8.815776e-03 -2.008139e-02))
501.43        	((-1.980892e+01 1.087732e+03 -2.020439e+02) (8.981628e-02 6.030100e+00 -2.697670e-01)) ((-9.311191e+01 7.496123e+00 -4.818803e+00) (1.740794e-02 8.795971e-03 -2.008677e-02))
501.44        	((-1.902468e+01 1.087785e+03 -2.021016e+02) (8.809575e-02 6.056826e+00 -2.795170e-01)) ((-9.318044e+01 7.384248e+00 -4.767821e+00) (2.200538e-02 9.021023e-03 -2.012618e-02))
501.45        	((-1.829502e+01 1.087931e+03 -2.020958e+02) (8.633613e-02 6.083636e+00 -2.887750e-01)) ((-9.325088e+01 7.286816e+00 -4.718088e+00) (2.680261e-02 9.025965e-03 -2.005765e-02))
501.46        	((-1.760216e+01 1.088131e+03 -2.020758e+02) (8.456254e-02 6.112116e+00 -2.972335e-01)) ((-9.329334e+01 7.187697e+00 -4.673630e+00) (3.100588e-02 9.340501e-03 -2.012286e-02))
501.47        	((-1.693015e+01 1.088397e+03 -2.019974e+02) (8.259057e-02 6.140639e+00 -3.053174e-01)) ((-9.332598e+01 7.086921e+00 -4.623884e+00) (3.537202e-02 9.501217e-03 -1.998440e-02))
501.48        	((-1.625896e+01 1.088767e+03 -2.019308e+02) (8.011229e-02 6.170635e+00 -3.126564e-01)) ((-9.334224e+01 6.971022e+00 -4.575335e+00) (3.880654e-02 1.014951e-02 -1.984701e-02))
501.49        	((-1.566005e+01 1.089289e+03 -2.018543e+02) (7.870194e-02 6.202766e+00 -3.193438e-01)) ((-9.336456e+01 6.887176e+00 -4.534617e+00) (4.345931e-02 1.000111e-02 -1.985604e-02))
501.5         	((-1.505958e+01 1.089862e+03 -2.017736e+02) (7.654865e-02 6.236143e+00 -3.257874e-01)) ((-9.338541e+01 6.794533e+00 -4.489791e+00) (4.684622e-02 1.051854e-02 -1.986920e-02))
501.51        	((-1.450033e+01 1.090502e+03 -2.016470e+02) (7.490812e-02 6.270364e+00 -3.316998e-01)) ((-9.340804e+01 6.719541e+00 -4.444624e+00) (5.072414e-02 1.048175e-02 -1.977351e-02))
501.52        	((-1.390653e+01 1.091153e+03 -2.014904e+02) (7.272103e-02 6.306135e+00 -3.372528e-01)) ((-9.341863e+01 6.623088e+00 -4.392774e+00) (5.354822e-02 1.094564e-02 -1.974063e-02))
501.53        	((-1.334867e+01 1.091891e+03 -2.013015e+02) (7.110418e-02 6.342637e+00 -3.421045e-01)) ((-9.342651e+01 6.546346e+00 -4.344267e+00) (5.698676e-02 1.084598e-02 -1.963961e-02))
501.54        	((-1.274380e+01 1.092660e+03 -2.010864e+02) (6.890588e-02 6.380788e+00 -3.466354e-01)) ((-9.342089e+01 6.445860e+00 -4.289433e+00) (5.924806e-02 1.131435e-02 -1.963742e-02))
501.55        	((-1.217887e+01 1.093528e+03 -2.008528e+02) (6.728735e-02 6.419570e+00 -3.503505e-01)) ((-9.341075e+01 6.366579e+00 -4.238365e+00) (6.214778e-02 1.116350e-02 -1.957542e-02))
501.56        	((-1.155910e+01 1.094409e+03 -2.005900e+02) (6.506027e-02 6.459888e+00 -3.538208e-01)) ((-9.338906e+01 6.263840e+00 -4.179715e+00) (6.374426e-02 1.161650e-02 -1.958610e-02))
501.57        	((-1.097781e+01 1.095355e+03 -2.003035e+02) (6.345056e-02 6.500563e+00 -3.564304e-01)) ((-9.336477e+01 6.182196e+00 -4.124281e+00) (6.612045e-02 1.143855e-02 -1.955387e-02))
501.58        	((-1.033192e+01 1.096276e+03 -1.999694e+02) (6.126095e-02 6.542549e+00 -3.588379e-01)) ((-9.332976e+01 6.077893e+00 -4.062208e+00) (6.716696e-02 1.191061e-02 -1.954034e-02))
501.59        	((-9.722718e+00 1.097247e+03 -1.996146e+02) (5.970605e-02 6.584659e+00 -3.603832e-01)) ((-9.329517e+01 5.991611e+00 -4.003038e+00) (6.904112e-02 1.173953e-02 -1.950092e-02))
501.6         	((-9.045653e+00 1.098187e+03 -1.992225e+02) (5.761595e-02 6.628028e+00 -3.617436e-01)) ((-9.324873e+01 5.884135e+00 -3.937889e+00) (6.949740e-02 1.222645e-02 -1.947866e-02))
501.61        	((-8.402960e+00 1.099163e+03 -1.988239e+02) (5.612617e-02 6.671297e+00 -3.622874e-01)) ((-9.320014e+01 5.797659e+00 -3.875230e+00) (7.077893e-02 1.207647e-02 -1.942443e-02))
501.62        	((-7.698831e+00 1.100091e+03 -1.983890e+02) (5.401622e-02 6.715500e+00 -3.625710e-01)) ((-9.313587e+01 5.692631e+00 -3.806866e+00) (7.083961e-02 1.251160e-02 -1.940586e-02))
501.63        	((-7.039884e+00 1.101039e+03 -1.979477e+02) (5.272858e-02 6.759716e+00 -3.620375e-01)) ((-9.306746e+01 5.606672e+00 -3.740276e+00) (7.159109e-02 1.240667e-02 -1.939387e-02))
501.64        	((-6.335544e+00 1.101931e+03 -1.974739e+02) (5.090440e-02 6.804434e+00 -3.612212e-01)) ((-9.298565e+01 5.501920e+00 -3.668178e+00) (7.128858e-02 1.286229e-02 -1.943566e-02))
501.65        	((-5.681695e+00 1.102827e+03 -1.969971e+02) (4.966178e-02 6.849037e+00 -3.597090e-01)) ((-9.290264e+01 5.415829e+00 -3.598418e+00) (7.140393e-02 1.275698e-02 -1.936791e-02))
501.66        	((-4.989558e+00 1.103644e+03 -1.964935e+02) (4.777754e-02 6.893436e+00 -3.577851e-01)) ((-9.280758e+01 5.311140e+00 -3.523976e+00) (7.069725e-02 1.310847e-02 -1.935260e-02))
501.67        	((-4.346575e+00 1.104446e+03 -1.959851e+02) (4.664087e-02 6.937596e+00 -3.552197e-01)) ((-9.271119e+01 5.225442e+00 -3.453126e+00) (7.026184e-02 1.302136e-02 -1.924059e-02))
501.68        	((-3.676089e+00 1.105180e+03 -1.954662e+02) (4.489333e-02 6.981230e+00 -3.522771e-01)) ((-9.261123e+01 5.121594e+00 -3.379352e+00) (6.918738e-02 1.335599e-02 -1.921264e-02))
501.69        	((-3.058899e+00 1.105904e+03 -1.949537e+02) (4.385243e-02 7.024823e+00 -3.488282e-01)) ((-9.251253e+01 5.035440e+00 -3.311185e+00) (6.821818e-02 1.327872e-02 -1.906611e-02))
501.7         	((-2.422617e+00 1.106541e+03 -1.944424e+02) (4.214436e-02 7.067680e+00 -3.450258e-01)) ((-9.240483e+01 4.930916e+00 -3.239509e+00) (6.683740e-02 1.356044e-02 -1.901871e-02))
501.71        	((-1.834525e+00 1.107141e+03 -1.939289e+02) (4.115832e-02 7.110537e+00 -3.409318e-01)) ((-9.228922e+01 4.846581e+00 -3.172947e+00) (6.548671e-02 1.348327e-02 -1.884232e-02))
501.72        	((-1.232436e+00 1.107647e+03 -1.934182e+02) (3.958257e-02 7.152582e+00 -3.365620e-01)) ((-9.216459e+01 4.745985e+00 -3.102552e+00) (6.387794e-02 1.373842e-02 -1.879258e-02))
501.73        	((-6.784438e-01 1.108116e+03 -1.929125e+02) (3.881804e-02 7.194693e+00 -3.319968e-01)) ((-9.203660e+01 4.666665e+00 -3.038201e+00) (6.224989e-02 1.369102e-02 -1.864204e-02))
501.74        	((-1.151014e-01 1.108502e+03 -1.924247e+02) (3.748024e-02 7.235854e+00 -3.272986e-01)) ((-9.190628e+01 4.572488e+00 -2.970536e+00) (6.044819e-02 1.396168e-02 -1.862768e-02))
501.75        	((3.993550e-01 1.108858e+03 -1.919475e+02) (3.692238e-02 7.277116e+00 -3.225041e-01)) ((-9.177608e+01 4.499021e+00 -2.909699e+00) (5.857007e-02 1.396264e-02 -1.851851e-02))
501.76        	((9.160006e-01 1.109130e+03 -1.914991e+02) (3.575565e-02 7.317344e+00 -3.175935e-01)) ((-9.164465e+01 4.409909e+00 -2.845487e+00) (5.660902e-02 1.426523e-02 -1.854857e-02))
501.77        	((1.382251e+00 1.109364e+03 -1.910676e+02) (3.534743e-02 7.357539e+00 -3.126611e-01)) ((-9.150905e+01 4.341500e+00 -2.787641e+00) (5.455025e-02 1.432188e-02 -1.847805e-02))
501.78        	((1.847391e+00 1.109513e+03 -1.906643e+02) (3.432853e-02 7.396546e+00 -3.077626e-01)) ((-9.136915e+01 4.258956e+00 -2.726042e+00) (5.238728e-02 1.465676e-02 -1.853055e-02))
501.79        	((2.258052e+00 1.109631e+03 -1.902874e+02) (3.414287e-02 7.435328e+00 -3.027740e-01)) ((-9.122815e+01 4.194929e+00 -2.670109e+00) (5.018632e-02 1.479780e-02 -1.855016e-02))
501.8         	((2.657864e+00 1.109684e+03 -1.899506e+02) (3.346168e-02 7.472730e+00 -2.978894e-01)) ((-9.109308e+01 4.113617e+00 -2.608344e+00) (4.802366e-02 1.525480e-02 -1.875547e-02))
501.81        	((3.011661e+00 1.109732e+03 -1.896507e+02) (3.295651e-02 7.510363e+00 -2.930725e-01)) ((-9.096534e+01 4.053256e+00 -2.553753e+00) (4.558432e-02 1.522516e-02 -1.860578e-02))
501.82        	((3.366062e+00 1.109712e+03 -1.893895e+02) (3.184809e-02 7.546706e+00 -2.885254e-01)) ((-9.083756e+01 3.979725e+00 -2.497057e+00) (4.312039e-02 1.548501e-02 -1.858261e-02))
501.83        	((3.665281e+00 1.109660e+03 -1.891602e+02) (3.141438e-02 7.582645e+00 -2.841040e-01)) ((-9.070384e+01 3.921962e+00 -2.446560e+00) (4.067453e-02 1.552230e-02 -1.850404e-02))
501.84        	((3.951874e+00 1.109552e+03 -1.889743e+02) (3.037260e-02 7.617325e+00 -2.799109e-01)) ((-9.056779e+01 3.848104e+00 -2.391343e+00) (3.828160e-02 1.578497e-02 -1.851245e-02))
501.85        	((4.181442e+00 1.109449e+03 -1.888235e+02) (2.991907e-02 7.651696e+00 -2.759131e-01)) ((-9.043665e+01 3.789484e+00 -2.340789e+00) (3.589786e-02 1.578337e-02 -1.843485e-02))
501.86        	((4.407729e+00 1.109323e+03 -1.887095e+02) (2.863632e-02 7.684935e+00 -2.725619e-01)) ((-9.031428e+01 3.716062e+00 -2.284762e+00) (3.348243e-02 1.600178e-02 -1.838891e-02))
501.87        	((4.586286e+00 1.109218e+03 -1.886402e+02) (2.806714e-02 7.718105e+00 -2.690067e-01)) ((-9.019858e+01 3.659252e+00 -2.234681e+00) (3.113841e-02 1.593510e-02 -1.827358e-02))
501.88        	((4.764442e+00 1.109082e+03 -1.886070e+02) (2.679467e-02 7.750183e+00 -2.659613e-01)) ((-9.008755e+01 3.588212e+00 -2.180509e+00) (2.882106e-02 1.608595e-02 -1.820677e-02))
501.89        	((4.897343e+00 1.108948e+03 -1.885964e+02) (2.598990e-02 7.781954e+00 -2.633578e-01)) ((-8.997807e+01 3.533667e+00 -2.132669e+00) (2.648889e-02 1.596522e-02 -1.804416e-02))
501.9         	((5.031998e+00 1.108798e+03 -1.886183e+02) (2.444180e-02 7.812741e+00 -2.612437e-01)) ((-8.987160e+01 3.464724e+00 -2.080307e+00) (2.418441e-02 1.606484e-02 -1.792382e-02))
501.91        	((5.123522e+00 1.108685e+03 -1.886806e+02) (2.356612e-02 7.843453e+00 -2.590930e-01)) ((-8.977036e+01 3.412262e+00 -2.033924e+00) (2.195582e-02 1.589791e-02 -1.774864e-02))
501.92        	((5.223306e+00 1.108577e+03 -1.887790e+02) (2.200529e-02 7.873119e+00 -2.574419e-01)) ((-8.967725e+01 3.345471e+00 -1.982156e+00) (1.983973e-02 1.595426e-02 -1.763186e-02))
501.93        	((5.290476e+00 1.108505e+03 -1.888983e+02) (2.097798e-02 7.902286e+00 -2.562460e-01)) ((-8.959444e+01 3.296882e+00 -1.935802e+00) (1.780914e-02 1.575503e-02 -1.744052e-02))
501.94        	((5.373687e+00 1.108448e+03 -1.890451e+02) (1.928439e-02 7.930438e+00 -2.554354e-01)) ((-8.952149e+01 3.233400e+00 -1.883226e+00) (1.591128e-02 1.580223e-02 -1.730078e-02))
501.95        	((5.425558e+00 1.108440e+03 -1.892146e+02) (1.824137e-02 7.958310e+00 -2.549051e-01)) ((-8.945908e+01 3.186271e+00 -1.836206e+00) (1.409374e-02 1.559031e-02 -1.710122e-02))
501.96        	((5.496896e+00 1.108457e+03 -1.894115e+02) (1.652488e-02 7.985347e+00 -2.547036e-01)) ((-8.940672e+01 3.123064e+00 -1.782990e+00) (1.241329e-02 1.562492e-02 -1.696196e-02))
501.97        	((5.537394e+00 1.108529e+03 -1.896267e+02) (1.545960e-02 8.012104e+00 -2.546908e-01)) ((-8.936730e+01 3.075502e+00 -1.734849e+00) (1.081266e-02 1.540360e-02 -1.678367e-02))
501.98        	((5.599402e+00 1.108638e+03 -1.898695e+02) (1.379239e-02 8.038110e+00 -2.547200e-01)) ((-8.934173e+01 3.010674e+00 -1.679042e+00) (9.426774e-03 1.545698e-02 -1.669390e-02))
501.99        	((5.631491e+00 1.108807e+03 -1.901240e+02) (1.293675e-02 8.063889e+00 -2.547896e-01)) ((-8.933313e+01 2.961082e+00 -1.627077e+00) (8.192137e-03 1.529403e-02 -1.662818e-02))
502           	((5.696514e+00 1.109010e+03 -1.903897e+02) (1.127393e-02 8.089104e+00 -2.550954e-01)) ((-8.933610e+01 2.896110e+00 -1.568358e+00) (7.004290e-03 1.538224e-02 -1.654388e-02))
502.01        	((5.741975e+00 1.109268e+03 -1.906526e+02) (1.032798e-02 8.114112e+00 -2.555875e-01)) ((-8.935219e+01 2.849727e+00 -1.516628e+00) (5.891239e-03 1.521050e-02 -1.642901e-02))
502.02        	((5.818207e+00 1.109555e+03 -1.909227e+02) (8.756468e-03 8.138354e+00 -2.559813e-01)) ((-8.937710e+01 2.785133e+00 -1.458692e+00) (5.053619e-03 1.531944e-02 -1.643270e-02))
502.03        	((5.866097e+00 1.109897e+03 -1.911826e+02) (7.987575e-03 8.162309e+00 -2.565919e-01)) ((-8.941555e+01 2.734702e+00 -1.406889e+00) (4.328421e-03 1.517753e-02 -1.646664e-02))
502.04        	((5.953424e+00 1.110272e+03 -1.914365e+02) (6.579444e-03 8.186112e+00 -2.574483e-01)) ((-8.946129e+01 2.667080e+00 -1.350378e+00) (3.465004e-03 1.540694e-02 -1.647276e-02))
502.05        	((6.019578e+00 1.110695e+03 -1.916685e+02) (5.967726e-03 8.209906e+00 -2.585025e-01)) ((-8.951728e+01 2.616525e+00 -1.302131e+00) (2.559328e-03 1.538209e-02 -1.645678e-02))
502.06        	((6.114411e+00 1.111134e+03 -1.918906e+02) (4.689813e-03 8.233219e+00 -2.594454e-01)) ((-8.957629e+01 2.542544e+00 -1.247538e+00) (1.799117e-03 1.568843e-02 -1.653911e-02))
502.07        	((6.175655e+00 1.111609e+03 -1.920874e+02) (4.230770e-03 8.256577e+00 -2.604495e-01)) ((-8.964381e+01 2.481263e+00 -1.200198e+00) (9.924159e-04 1.572278e-02 -1.657941e-02))
502.08        	((6.262243e+00 1.112094e+03 -1.922739e+02) (3.123097e-03 8.279590e+00 -2.610548e-01)) ((-8.971340e+01 2.396087e+00 -1.146885e+00) (3.545421e-04 1.609755e-02 -1.671014e-02))
502.09        	((6.318881e+00 1.112612e+03 -1.924332e+02) (2.910361e-03 8.303211e+00 -2.615910e-01)) ((-8.979034e+01 2.326150e+00 -1.102279e+00) (-3.873302e-04 1.622904e-02 -1.679355e-02))
502.1         	((6.405405e+00 1.113138e+03 -1.925809e+02) (2.022357e-03 8.326496e+00 -2.617619e-01)) ((-8.986670e+01 2.232818e+00 -1.052550e+00) (-9.512144e-04 1.670574e-02 -1.696351e-02))
502.11        	((6.459619e+00 1.113686e+03 -1.926970e+02) (1.973103e-03 8.349894e+00 -2.619198e-01)) ((-8.994664e+01 2.153300e+00 -1.011145e+00) (-1.578953e-03 1.690163e-02 -1.707053e-02))
502.12        	((6.541908e+00 1.114223e+03 -1.927935e+02) (1.169687e-03 8.373027e+00 -2.618115e-01)) ((-9.002057e+01 2.049664e+00 -9.640242e-01) (-2.104848e-03 1.741744e-02 -1.724752e-02))
502.13        	((6.594252e+00 1.114767e+03 -1.928522e+02) (1.092380e-03 8.396384e+00 -2.618091e-01)) ((-9.009539e+01 1.960977e+00 -9.259939e-01) (-2.817062e-03 1.761719e-02 -1.732993e-02))
502.14        	((6.677474e+00 1.115295e+03 -1.928919e+02) (1.858534e-04 8.419544e+00 -2.614249e-01)) ((-9.016404e+01 1.849320e+00 -8.837096e-01) (-3.418797e-03 1.811676e-02 -1.747724e-02))
502.15        	((6.731428e+00 1.115830e+03 -1.928973e+02) (1.025667e-05 8.442919e+00 -2.610890e-01)) ((-9.023629e+01 1.754259e+00 -8.512557e-01) (-4.205348e-03 1.828960e-02 -1.753762e-02))
502.16        	((6.814095e+00 1.116350e+03 -1.928878e+02) (-9.351608e-04 8.466078e+00 -2.604324e-01)) ((-9.030395e+01 1.638571e+00 -8.142430e-01) (-4.901652e-03 1.876854e-02 -1.767968e-02))
502.17        	((6.864286e+00 1.116869e+03 -1.928444e+02) (-1.082230e-03 8.489438e+00 -2.599141e-01)) ((-9.037344e+01 1.541185e+00 -7.864069e-01) (-5.825016e-03 1.893634e-02 -1.774737e-02))
502.18        	((6.942495e+00 1.117363e+03 -1.927829e+02) (-1.968451e-03 8.512613e+00 -2.590412e-01)) ((-9.043324e+01 1.426119e+00 -7.544765e-01) (-6.657813e-03 1.940329e-02 -1.789619e-02))
502.19        	((6.990401e+00 1.117847e+03 -1.926851e+02) (-2.073400e-03 8.535970e+00 -2.582677e-01)) ((-9.049084e+01 1.331488e+00 -7.321209e-01) (-7.703277e-03 1.955046e-02 -1.796218e-02))
502.2         	((7.063318e+00 1.118300e+03 -1.925723e+02) (-2.921642e-03 8.559194e+00 -2.570184e-01)) ((-9.053712e+01 1.220028e+00 -7.055979e-01) (-8.644156e-03 1.997951e-02 -1.810240e-02))
502.21        	((7.102139e+00 1.118739e+03 -1.924306e+02) (-3.036288e-03 8.582612e+00 -2.558036e-01)) ((-9.058235e+01 1.128614e+00 -6.876152e-01) (-9.802544e-03 2.008180e-02 -1.815005e-02))
502.22        	((7.162012e+00 1.119148e+03 -1.922834e+02) (-3.899359e-03 8.605837e+00 -2.542212e-01)) ((-9.061888e+01 1.021727e+00 -6.647663e-01) (-1.086953e-02 2.045404e-02 -1.827150e-02))
502.23        	((7.187811e+00 1.119544e+03 -1.921183e+02) (-4.054794e-03 8.628762e+00 -2.527192e-01)) ((-9.065774e+01 9.360774e-01 -6.498510e-01) (-1.211750e-02 2.051236e-02 -1.830249e-02))
502.24        	((7.233656e+00 1.119908e+03 -1.919564e+02) (-4.933733e-03 8.651462e+00 -2.508307e-01)) ((-9.068865e+01 8.370398e-01 -6.303959e-01) (-1.324781e-02 2.084209e-02 -1.840744e-02))
502.25        	((7.245844e+00 1.120254e+03 -1.917827e+02) (-5.168698e-03 8.674209e+00 -2.489494e-01)) ((-9.072012e+01 7.598941e-01 -6.190923e-01) (-1.454040e-02 2.084834e-02 -1.840698e-02))
502.26        	((7.278670e+00 1.120568e+03 -1.916209e+02) (-6.124662e-03 8.696576e+00 -2.466463e-01)) ((-9.074510e+01 6.723051e-01 -6.043147e-01) (-1.562438e-02 2.110828e-02 -1.846397e-02))
502.27        	((7.281229e+00 1.120870e+03 -1.914583e+02) (-6.399119e-03 8.718891e+00 -2.444287e-01)) ((-9.077642e+01 6.083486e-01 -5.983156e-01) (-1.687426e-02 2.109429e-02 -1.844584e-02))
502.28        	((7.299628e+00 1.121149e+03 -1.913128e+02) (-7.323397e-03 8.740920e+00 -2.419022e-01)) ((-9.080487e+01 5.334523e-01 -5.881857e-01) (-1.803713e-02 2.135269e-02 -1.851780e-02))
502.29        	((7.284140e+00 1.121416e+03 -1.911664e+02) (-7.623367e-03 8.762917e+00 -2.395642e-01)) ((-9.083771e+01 4.794616e-01 -5.852966e-01) (-1.943745e-02 2.133604e-02 -1.850461e-02))
502.3         	((7.281762e+00 1.121655e+03 -1.910313e+02) (-8.562581e-03 8.784662e+00 -2.370020e-01)) ((-9.086092e+01 4.142684e-01 -5.780000e-01) (-2.080360e-02 2.157972e-02 -1.857323e-02))
502.31        	((7.244836e+00 1.121874e+03 -1.908935e+02) (-8.885112e-03 8.806241e+00 -2.346688e-01)) ((-9.088176e+01 3.681628e-01 -5.772457e-01) (-2.235810e-02 2.156320e-02 -1.857236e-02))
502.32        	((7.218829e+00 1.122064e+03 -1.907705e+02) (-9.829175e-03 8.827442e+00 -2.321395e-01)) ((-9.089166e+01 3.104177e-01 -5.714583e-01) (-2.380308e-02 2.178474e-02 -1.864338e-02))
502.33        	((7.156990e+00 1.122242e+03 -1.906482e+02) (-1.024773e-02 8.848458e+00 -2.297584e-01)) ((-9.090158e+01 2.694046e-01 -5.704221e-01) (-2.539529e-02 2.173134e-02 -1.863094e-02))
502.34        	((7.102468e+00 1.122398e+03 -1.905430e+02) (-1.130677e-02 8.869080e+00 -2.271347e-01)) ((-9.090331e+01 2.155230e-01 -5.630089e-01) (-2.683410e-02 2.188915e-02 -1.867239e-02))
502.35        	((7.010729e+00 1.122546e+03 -1.904386e+02) (-1.182221e-02 8.889467e+00 -2.247641e-01)) ((-9.090710e+01 1.760226e-01 -5.591473e-01) (-2.843040e-02 2.180032e-02 -1.864687e-02))
502.36        	((6.925716e+00 1.122676e+03 -1.903491e+02) (-1.292571e-02 8.909833e+00 -2.222855e-01)) ((-9.090366e+01 1.239920e-01 -5.488473e-01) (-2.994248e-02 2.192609e-02 -1.868185e-02))
502.37        	((6.808880e+00 1.122804e+03 -1.902611e+02) (-1.345583e-02 8.929939e+00 -2.201923e-01)) ((-9.090217e+01 8.766226e-02 -5.425622e-01) (-3.164278e-02 2.184503e-02 -1.866918e-02))
502.38        	((6.704147e+00 1.122915e+03 -1.901886e+02) (-1.460163e-02 8.949673e+00 -2.179150e-01)) ((-9.089314e+01 4.172770e-02 -5.311356e-01) (-3.317096e-02 2.195100e-02 -1.869389e-02))
502.39        	((6.571504e+00 1.123022e+03 -1.901206e+02) (-1.522682e-02 8.969136e+00 -2.159421e-01)) ((-9.088684e+01 1.122978e-02 -5.239807e-01) (-3.482922e-02 2.184183e-02 -1.866163e-02))
502.4         	((6.450497e+00 1.123119e+03 -1.900709e+02) (-1.638704e-02 8.988265e+00 -2.138630e-01)) ((-9.087387e+01 -3.094543e-02 -5.111631e-01) (-3.632639e-02 2.194611e-02 -1.868619e-02))
502.41        	((6.303741e+00 1.123216e+03 -1.900245e+02) (-1.703565e-02 9.007119e+00 -2.121292e-01)) ((-9.086509e+01 -5.970457e-02 -5.023927e-01) (-3.794862e-02 2.184534e-02 -1.865944e-02))
502.42        	((6.172004e+00 1.123307e+03 -1.899944e+02) (-1.822096e-02 9.025672e+00 -2.102513e-01)) ((-9.085131e+01 -9.911888e-02 -4.887462e-01) (-3.938256e-02 2.193896e-02 -1.867664e-02))
502.43        	((6.018239e+00 1.123400e+03 -1.899650e+02) (-1.892791e-02 9.043974e+00 -2.087001e-01)) ((-9.084150e+01 -1.249202e-01 -4.793512e-01) (-4.093794e-02 2.182088e-02 -1.863973e-02))
502.44        	((5.881413e+00 1.123490e+03 -1.899488e+02) (-2.013834e-02 9.062038e+00 -2.070467e-01)) ((-9.082543e+01 -1.611268e-01 -4.651102e-01) (-4.232637e-02 2.190221e-02 -1.864940e-02))
502.45        	((5.724740e+00 1.123576e+03 -1.899329e+02) (-2.086104e-02 9.079841e+00 -2.057486e-01)) ((-9.081260e+01 -1.844413e-01 -4.550520e-01) (-4.384502e-02 2.178633e-02 -1.861483e-02))
502.46        	((5.586835e+00 1.123665e+03 -1.899301e+02) (-2.206797e-02 9.097448e+00 -2.043543e-01)) ((-9.079501e+01 -2.188388e-01 -4.400894e-01) (-4.519934e-02 2.187183e-02 -1.862589e-02))
502.47        	((5.432217e+00 1.123764e+03 -1.899284e+02) (-2.279834e-02 9.114806e+00 -2.032601e-01)) ((-9.078438e+01 -2.413028e-01 -4.293313e-01) (-4.666866e-02 2.176110e-02 -1.859276e-02))
502.48        	((5.298035e+00 1.123872e+03 -1.899410e+02) (-2.400751e-02 9.131998e+00 -2.020188e-01)) ((-9.077090e+01 -2.753019e-01 -4.137075e-01) (-4.796259e-02 2.184598e-02 -1.860037e-02))
502.49        	((5.146844e+00 1.123988e+03 -1.899537e+02) (-2.473129e-02 9.148930e+00 -2.011151e-01)) ((-9.076367e+01 -2.985153e-01 -4.019074e-01) (-4.939855e-02 2.173961e-02 -1.857063e-02))
502.5         	((5.017012e+00 1.124109e+03 -1.899771e+02) (-2.592189e-02 9.165717e+00 -2.000662e-01)) ((-9.075283e+01 -3.334736e-01 -3.852072e-01) (-5.066959e-02 2.182605e-02 -1.858046e-02))
502.51        	((4.872900e+00 1.124240e+03 -1.899973e+02) (-2.663321e-02 9.182233e+00 -1.993444e-01)) ((-9.074896e+01 -3.581647e-01 -3.721790e-01) (-5.208901e-02 2.171928e-02 -1.855336e-02))
502.52        	((4.751097e+00 1.124380e+03 -1.900267e+02) (-2.780919e-02 9.198618e+00 -1.984444e-01)) ((-9.074136e+01 -3.949429e-01 -3.541263e-01) (-5.334050e-02 2.180213e-02 -1.856052e-02))
502.53        	((4.615300e+00 1.124526e+03 -1.900521e+02) (-2.850803e-02 9.214697e+00 -1.978639e-01)) ((-9.074168e+01 -4.213799e-01 -3.401796e-01) (-5.474561e-02 2.168995e-02 -1.853124e-02))
502.54        	((4.502235e+00 1.124680e+03 -1.900853e+02) (-2.966405e-02 9.230675e+00 -1.970843e-01)) ((-9.073873e+01 -4.601650e-01 -3.212609e-01) (-5.598784e-02 2.176884e-02 -1.853601e-02))
502.55        	((4.375896e+00 1.124842e+03 -1.901117e+02) (-3.033141e-02 9.246317e+00 -1.966362e-01)) ((-9.074391e+01 -4.887690e-01 -3.062638e-01) (-5.739349e-02 2.165831e-02 -1.851068e-02))
502.56        	((4.272980e+00 1.125015e+03 -1.901426e+02) (-3.143680e-02 9.261833e+00 -1.960051e-01)) ((-9.074503e+01 -5.298851e-01 -2.860472e-01) (-5.862319e-02 2.174660e-02 -1.852130e-02))
502.57        	((4.156986e+00 1.125195e+03 -1.901633e+02) (-3.204486e-02 9.276971e+00 -1.957296e-01)) ((-9.075332e+01 -5.609305e-01 -2.697845e-01) (-6.001714e-02 2.164509e-02 -1.850389e-02))
502.58        	((4.065078e+00 1.125383e+03 -1.901860e+02) (-3.311245e-02 9.292027e+00 -1.952091e-01)) ((-9.075654e+01 -6.040860e-01 -2.486208e-01) (-6.122611e-02 2.173125e-02 -1.851190e-02))
502.59        	((3.961417e+00 1.125577e+03 -1.901989e+02) (-3.374040e-02 9.306850e+00 -1.947765e-01)) ((-9.076756e+01 -6.362594e-01 -2.318142e-01) (-6.259514e-02 2.160051e-02 -1.847482e-02))
502.6         	((3.882373e+00 1.125777e+03 -1.902142e+02) (-3.483549e-02 9.321670e+00 -1.940200e-01)) ((-9.077311e+01 -6.801613e-01 -2.101432e-01) (-6.378457e-02 2.165305e-02 -1.845825e-02))
502.61        	((3.790457e+00 1.125978e+03 -1.902164e+02) (-3.543797e-02 9.336126e+00 -1.935912e-01)) ((-9.078569e+01 -7.135045e-01 -1.928266e-01) (-6.515927e-02 2.151035e-02 -1.841381e-02))
502.62        	((3.722400e+00 1.126185e+03 -1.902174e+02) (-3.648372e-02 9.350541e+00 -1.928963e-01)) ((-9.079230e+01 -7.585969e-01 -1.706704e-01) (-6.634064e-02 2.156317e-02 -1.839434e-02))
502.63        	((3.642279e+00 1.126392e+03 -1.902045e+02) (-3.704230e-02 9.364576e+00 -1.924834e-01)) ((-9.080661e+01 -7.921560e-01 -1.532255e-01) (-6.768981e-02 2.142059e-02 -1.834638e-02))
502.64        	((3.587258e+00 1.126605e+03 -1.901922e+02) (-3.806124e-02 9.378600e+00 -1.917398e-01)) ((-9.081503e+01 -8.360565e-01 -1.315043e-01) (-6.882483e-02 2.146330e-02 -1.831416e-02))
502.65        	((3.520005e+00 1.126816e+03 -1.901678e+02) (-3.860773e-02 9.392273e+00 -1.912596e-01)) ((-9.083067e+01 -8.677568e-01 -1.149708e-01) (-7.014481e-02 2.130345e-02 -1.825137e-02))
502.66        	((3.476401e+00 1.127029e+03 -1.901449e+02) (-3.957713e-02 9.406090e+00 -1.903472e-01)) ((-9.083872e+01 -9.098260e-01 -9.429248e-02) (-7.128689e-02 2.135163e-02 -1.821993e-02))
502.67        	((3.418835e+00 1.127235e+03 -1.901084e+02) (-4.007371e-02 9.419520e+00 -1.896966e-01)) ((-9.085241e+01 -9.401311e-01 -7.867115e-02) (-7.260032e-02 2.120193e-02 -1.816090e-02))
502.68        	((3.382964e+00 1.127439e+03 -1.900711e+02) (-4.101602e-02 9.432993e+00 -1.886988e-01)) ((-9.085718e+01 -9.809690e-01 -5.876498e-02) (-7.370205e-02 2.124183e-02 -1.811825e-02))
502.69        	((3.331841e+00 1.127635e+03 -1.900194e+02) (-4.147977e-02 9.446077e+00 -1.879967e-01)) ((-9.086751e+01 -1.010309e+00 -4.383575e-02) (-7.499223e-02 2.109024e-02 -1.805424e-02))
502.7         	((3.301223e+00 1.127830e+03 -1.899681e+02) (-4.237896e-02 9.459244e+00 -1.869361e-01)) ((-9.086924e+01 -1.049753e+00 -2.474724e-02) (-7.607798e-02 2.113094e-02 -1.800874e-02))
502.71        	((3.254237e+00 1.128016e+03 -1.899046e+02) (-4.280031e-02 9.472028e+00 -1.861684e-01)) ((-9.087679e+01 -1.077707e+00 -1.070592e-02) (-7.736238e-02 2.098641e-02 -1.794671e-02))
502.72        	((3.225854e+00 1.128200e+03 -1.898438e+02) (-4.364945e-02 9.484914e+00 -1.850386e-01)) ((-9.087529e+01 -1.115808e+00 7.492295e-03) (-7.844094e-02 2.103371e-02 -1.790344e-02))
502.73        	((3.179216e+00 1.128372e+03 -1.897734e+02) (-4.402564e-02 9.497408e+00 -1.842099e-01)) ((-9.087914e+01 -1.143172e+00 2.082268e-02) (-7.972210e-02 2.090106e-02 -1.784673e-02))
502.74        	((3.148384e+00 1.128541e+03 -1.897076e+02) (-4.482293e-02 9.510013e+00 -1.830159e-01)) ((-9.087366e+01 -1.181220e+00 3.846009e-02) (-8.079329e-02 2.095731e-02 -1.780718e-02))
502.75        	((3.097675e+00 1.128697e+03 -1.896339e+02) (-4.515915e-02 9.522212e+00 -1.821267e-01)) ((-9.087397e+01 -1.209225e+00 5.143546e-02) (-8.206630e-02 2.083578e-02 -1.775534e-02))
502.76        	((3.061409e+00 1.128851e+03 -1.895669e+02) (-4.591200e-02 9.534528e+00 -1.808716e-01)) ((-9.086571e+01 -1.247867e+00 6.870581e-02) (-8.312510e-02 2.089786e-02 -1.771774e-02))
502.77        	((3.004836e+00 1.128993e+03 -1.894947e+02) (-4.621375e-02 9.546430e+00 -1.799284e-01)) ((-9.086401e+01 -1.276592e+00 8.125569e-02) (-8.438388e-02 2.078266e-02 -1.766935e-02))
502.78        	((2.962108e+00 1.129132e+03 -1.894324e+02) (-4.693196e-02 9.558449e+00 -1.786251e-01)) ((-9.085427e+01 -1.315971e+00 9.807007e-02) (-8.542895e-02 2.084962e-02 -1.763222e-02))
502.79        	((2.898332e+00 1.129259e+03 -1.893682e+02) (-4.720346e-02 9.570047e+00 -1.776324e-01)) ((-9.085130e+01 -1.345541e+00 1.101262e-01) (-8.666599e-02 2.073795e-02 -1.758797e-02))
502.8         	((2.847726e+00 1.129385e+03 -1.893155e+02) (-4.789236e-02 9.581763e+00 -1.762922e-01)) ((-9.084072e+01 -1.385804e+00 1.265466e-01) (-8.769105e-02 2.080781e-02 -1.755275e-02))
502.81        	((2.775499e+00 1.129499e+03 -1.892616e+02) (-4.813685e-02 9.593047e+00 -1.752711e-01)) ((-9.083734e+01 -1.416384e+00 1.382010e-01) (-8.890310e-02 2.069881e-02 -1.751333e-02))
502.82        	((2.716376e+00 1.129614e+03 -1.892191e+02) (-4.879997e-02 9.604447e+00 -1.739180e-01)) ((-9.082717e+01 -1.457491e+00 1.542213e-01) (-8.990564e-02 2.076933e-02 -1.747961e-02))
502.83        	((2.635899e+00 1.129719e+03 -1.891764e+02) (-4.902494e-02 9.615410e+00 -1.728898e-01)) ((-9.082478e+01 -1.488733e+00 1.653656e-01) (-9.109074e-02 2.065970e-02 -1.744382e-02))
502.84        	((2.568968e+00 1.129826e+03 -1.891459e+02) (-4.966867e-02 9.626491e+00 -1.715462e-01)) ((-9.081631e+01 -1.530235e+00 1.808068e-01) (-9.207067e-02 2.072809e-02 -1.741077e-02))
502.85        	((2.481178e+00 1.129925e+03 -1.891158e+02) (-4.987783e-02 9.637131e+00 -1.705338e-01)) ((-9.081572e+01 -1.561742e+00 1.913352e-01) (-9.323024e-02 2.061630e-02 -1.737858e-02))
502.86        	((2.407422e+00 1.130027e+03 -1.890974e+02) (-5.050355e-02 9.647894e+00 -1.692229e-01)) ((-9.080931e+01 -1.603197e+00 2.061969e-01) (-9.419048e-02 2.068157e-02 -1.734677e-02))
502.87        	((2.312925e+00 1.130121e+03 -1.890777e+02) (-5.069840e-02 9.658215e+00 -1.682492e-01)) ((-9.081051e+01 -1.634695e+00 2.162647e-01) (-9.532853e-02 2.056690e-02 -1.731865e-02))
502.88        	((2.232468e+00 1.130220e+03 -1.890671e+02) (-5.130685e-02 9.668663e+00 -1.669904e-01)) ((-9.080555e+01 -1.676035e+00 2.308126e-01) (-9.627216e-02 2.062917e-02 -1.728888e-02))
502.89        	((2.131814e+00 1.130312e+03 -1.890550e+02) (-5.148665e-02 9.678670e+00 -1.660702e-01)) ((-9.080815e+01 -1.707341e+00 2.405050e-01) (-9.738975e-02 2.051262e-02 -1.726579e-02))
502.9         	((2.045960e+00 1.130408e+03 -1.890519e+02) (-5.207920e-02 9.688807e+00 -1.648764e-01)) ((-9.080475e+01 -1.748273e+00 2.546234e-01) (-9.831642e-02 2.057234e-02 -1.723835e-02))
502.91        	((1.940653e+00 1.130498e+03 -1.890459e+02) (-5.224798e-02 9.698503e+00 -1.640248e-01)) ((-9.080825e+01 -1.779107e+00 2.639342e-01) (-9.941435e-02 2.045324e-02 -1.721920e-02))
502.92        	((1.850699e+00 1.130593e+03 -1.890465e+02) (-5.282797e-02 9.708334e+00 -1.629090e-01)) ((-9.080537e+01 -1.819377e+00 2.778115e-01) (-1.003250e-01 2.051029e-02 -1.719302e-02))
502.93        	((1.741918e+00 1.130681e+03 -1.890427e+02) (-5.298661e-02 9.717725e+00 -1.621181e-01)) ((-9.080910e+01 -1.849532e+00 2.869322e-01) (-1.013984e-01 2.038954e-02 -1.717697e-02))
502.94        	((1.648297e+00 1.130775e+03 -1.890443e+02) (-5.355350e-02 9.727256e+00 -1.610614e-01)) ((-9.080619e+01 -1.889177e+00 3.006637e-01) (-1.022835e-01 2.044566e-02 -1.715183e-02))
502.95        	((1.535845e+00 1.130863e+03 -1.890408e+02) (-5.369472e-02 9.736344e+00 -1.603414e-01)) ((-9.080926e+01 -1.918984e+00 3.096803e-01) (-1.033314e-01 2.032625e-02 -1.714078e-02))
502.96        	((1.438823e+00 1.130958e+03 -1.890418e+02) (-5.423865e-02 9.745579e+00 -1.593691e-01)) ((-9.080562e+01 -1.958434e+00 3.234290e-01) (-1.041951e-01 2.038505e-02 -1.711982e-02))
502.97        	((1.323108e+00 1.131046e+03 -1.890374e+02) (-5.436044e-02 9.754370e+00 -1.587334e-01)) ((-9.080815e+01 -1.988198e+00 3.325963e-01) (-1.052191e-01 2.026724e-02 -1.711383e-02))
502.98        	((1.223081e+00 1.131140e+03 -1.890373e+02) (-5.488896e-02 9.763313e+00 -1.578431e-01)) ((-9.080409e+01 -2.027785e+00 3.467072e-01) (-1.060601e-01 2.032605e-02 -1.709417e-02))
502.99        	((1.103684e+00 1.131227e+03 -1.890317e+02) (-5.499666e-02 9.771819e+00 -1.572723e-01)) ((-9.080573e+01 -2.058039e+00 3.563131e-01) (-1.070579e-01 2.020780e-02 -1.709062e-02))
503           	((9.988706e-01 1.131320e+03 -1.890292e+02) (-5.550432e-02 9.780484e+00 -1.564495e-01)) ((-9.080028e+01 -2.098461e+00 3.709925e-01) (-1.078753e-01 2.026921e-02 -1.707367e-02))
503.01        	((8.739432e-01 1.131407e+03 -1.890212e+02) (-5.558914e-02 9.788708e+00 -1.559490e-01)) ((-9.080030e+01 -2.130278e+00 3.811767e-01) (-1.088464e-01 2.015362e-02 -1.707481e-02))
503.02        	((7.632182e-01 1.131500e+03 -1.890170e+02) (-5.607584e-02 9.797097e+00 -1.551904e-01)) ((-9.079365e+01 -2.172728e+00 3.964382e-01) (-1.096365e-01 2.021654e-02 -1.705994e-02))
503.03        	((6.322383e-01 1.131587e+03 -1.890078e+02) (-5.613941e-02 9.805051e+00 -1.547445e-01)) ((-9.079304e+01 -2.206623e+00 4.072850e-01) (-1.105793e-01 2.010171e-02 -1.706443e-02))
503.04        	((5.152265e-01 1.131681e+03 -1.890027e+02) (-5.660577e-02 9.813181e+00 -1.540329e-01)) ((-9.078635e+01 -2.251242e+00 4.233151e-01) (-1.113433e-01 2.016495e-02 -1.705097e-02))
503.05        	((3.774928e-01 1.131767e+03 -1.889931e+02) (-5.664897e-02 9.820884e+00 -1.536226e-01)) ((-9.078588e+01 -2.287569e+00 4.349771e-01) (-1.122593e-01 2.004933e-02 -1.705785e-02))
503.06        	((2.530941e-01 1.131860e+03 -1.889883e+02) (-5.709499e-02 9.828774e+00 -1.529389e-01)) ((-9.077955e+01 -2.334895e+00 4.519192e-01) (-1.129979e-01 2.011122e-02 -1.704503e-02))
503.07        	((1.072406e-01 1.131947e+03 -1.889794e+02) (-5.711662e-02 9.836241e+00 -1.525469e-01)) ((-9.077972e+01 -2.374175e+00 4.644332e-01) (-1.138870e-01 1.999316e-02 -1.705376e-02))
503.08        	((-2.577383e-02 1.132042e+03 -1.889754e+02) (-5.754096e-02 9.843906e+00 -1.518730e-01)) ((-9.077438e+01 -2.424543e+00 4.821192e-01) (-1.145998e-01 2.005272e-02 -1.704168e-02))
503.09        	((-1.807279e-01 1.132130e+03 -1.889671e+02) (-5.754225e-02 9.851154e+00 -1.514792e-01)) ((-9.077562e+01 -2.466940e+00 4.952733e-01) (-1.154622e-01 1.993117e-02 -1.705199e-02))
503.1         	((-3.228879e-01 1.132225e+03 -1.889629e+02) (-5.794733e-02 9.858608e+00 -1.507968e-01)) ((-9.077118e+01 -2.520254e+00 5.135374e-01) (-1.161495e-01 1.998718e-02 -1.704024e-02))
503.11        	((-4.871367e-01 1.132312e+03 -1.889538e+02) (-5.792665e-02 9.865649e+00 -1.503886e-01)) ((-9.077311e+01 -2.565298e+00 5.271828e-01) (-1.169861e-01 1.986253e-02 -1.705277e-02))
503.12        	((-6.389884e-01 1.132406e+03 -1.889483e+02) (-5.830676e-02 9.872902e+00 -1.496902e-01)) ((-9.076961e+01 -2.621181e+00 5.459567e-01) (-1.176500e-01 1.991635e-02 -1.704299e-02))
503.13        	((-8.135823e-01 1.132492e+03 -1.889379e+02) (-5.825429e-02 9.879745e+00 -1.492599e-01)) ((-9.077277e+01 -2.668906e+00 5.601112e-01) (-1.184630e-01 1.979061e-02 -1.705976e-02))
503.14        	((-9.759088e-01 1.132586e+03 -1.889305e+02) (-5.860935e-02 9.886814e+00 -1.485412e-01)) ((-9.077052e+01 -2.727357e+00 5.793905e-01) (-1.191076e-01 1.984231e-02 -1.705216e-02))
503.15        	((-1.160716e+00 1.132671e+03 -1.889172e+02) (-5.854810e-02 9.893480e+00 -1.480927e-01)) ((-9.077444e+01 -2.777327e+00 5.939819e-01) (-1.199033e-01 1.971184e-02 -1.706925e-02))
503.16        	((-1.333175e+00 1.132763e+03 -1.889055e+02) (-5.889632e-02 9.900374e+00 -1.473581e-01)) ((-9.077231e+01 -2.837828e+00 6.136824e-01) (-1.205333e-01 1.975854e-02 -1.706047e-02))
503.17        	((-1.528295e+00 1.132846e+03 -1.888868e+02) (-5.882347e-02 9.906866e+00 -1.468936e-01)) ((-9.077579e+01 -2.889601e+00 6.286139e-01) (-1.213140e-01 1.962448e-02 -1.707847e-02))
503.18        	((-1.711663e+00 1.132934e+03 -1.888696e+02) (-5.915445e-02 9.913589e+00 -1.461484e-01)) ((-9.077329e+01 -2.951839e+00 6.486534e-01) (-1.219326e-01 1.966861e-02 -1.707101e-02))
503.19        	((-1.917543e+00 1.133013e+03 -1.888452e+02) (-5.906904e-02 9.919913e+00 -1.456751e-01)) ((-9.077642e+01 -3.005317e+00 6.639604e-01) (-1.227028e-01 1.953186e-02 -1.709086e-02))
503.2         	((-2.110766e+00 1.133098e+03 -1.888215e+02) (-5.938977e-02 9.926470e+00 -1.449228e-01)) ((-9.077320e+01 -3.068723e+00 6.843088e-01) (-1.233138e-01 1.957278e-02 -1.708438e-02))
503.21        	((-2.325697e+00 1.133172e+03 -1.887906e+02) (-5.930080e-02 9.932635e+00 -1.444363e-01)) ((-9.077518e+01 -3.122998e+00 6.998719e-01) (-1.240772e-01 1.943298e-02 -1.710503e-02))
503.22        	((-2.528198e+00 1.133252e+03 -1.887607e+02) (-5.961849e-02 9.939044e+00 -1.436697e-01)) ((-9.077068e+01 -3.187050e+00 7.204604e-01) (-1.246868e-01 1.946965e-02 -1.709958e-02))
503.23        	((-2.752925e+00 1.133322e+03 -1.887243e+02) (-5.952841e-02 9.945049e+00 -1.431719e-01)) ((-9.077150e+01 -3.242233e+00 7.364445e-01) (-1.254403e-01 1.932658e-02 -1.712031e-02))
503.24        	((-2.965581e+00 1.133397e+03 -1.886893e+02) (-5.984174e-02 9.951288e+00 -1.423970e-01)) ((-9.076565e+01 -3.307352e+00 7.576202e-01) (-1.260378e-01 1.936084e-02 -1.711556e-02))
503.25        	((-3.199914e+00 1.133461e+03 -1.886484e+02) (-5.974933e-02 9.957129e+00 -1.418899e-01)) ((-9.076462e+01 -3.363675e+00 7.742512e-01) (-1.267818e-01 1.921805e-02 -1.713810e-02))
503.26        	((-3.421459e+00 1.133530e+03 -1.886108e+02) (-6.005944e-02 9.963198e+00 -1.411101e-01)) ((-9.075747e+01 -3.429697e+00 7.959683e-01) (-1.273677e-01 1.925060e-02 -1.713478e-02))
503.27        	((-3.663495e+00 1.133591e+03 -1.885699e+02) (-5.996603e-02 9.968875e+00 -1.405978e-01)) ((-9.075604e+01 -3.486613e+00 8.130346e-01) (-1.280995e-01 1.910793e-02 -1.715899e-02))
503.28        	((-3.893135e+00 1.133657e+03 -1.885345e+02) (-6.026937e-02 9.974777e+00 -1.398147e-01)) ((-9.074895e+01 -3.553282e+00 8.351652e-01) (-1.286745e-01 1.914057e-02 -1.715841e-02))
503.29        	((-4.144430e+00 1.133713e+03 -1.884970e+02) (-6.017003e-02 9.980287e+00 -1.392966e-01)) ((-9.074724e+01 -3.611584e+00 8.528660e-01) (-1.293915e-01 1.899968e-02 -1.718546e-02))
503.3         	((-4.383505e+00 1.133773e+03 -1.884652e+02) (-6.046574e-02 9.986020e+00 -1.385058e-01)) ((-9.073946e+01 -3.679610e+00 8.755678e-01) (-1.299512e-01 1.903201e-02 -1.718826e-02))
503.31        	((-4.642605e+00 1.133824e+03 -1.884321e+02) (-6.036020e-02 9.991363e+00 -1.379801e-01)) ((-9.073755e+01 -3.738903e+00 8.937198e-01) (-1.306511e-01 1.889237e-02 -1.721890e-02))
503.32        	((-4.888012e+00 1.133882e+03 -1.884068e+02) (-6.066323e-02 9.996945e+00 -1.372022e-01)) ((-9.073131e+01 -3.807513e+00 9.165660e-01) (-1.311985e-01 1.892260e-02 -1.722097e-02))
503.33        	((-5.152836e+00 1.133935e+03 -1.883826e+02) (-6.057138e-02 1.000215e+01 -1.366975e-01)) ((-9.073209e+01 -3.867581e+00 9.348062e-01) (-1.318870e-01 1.878139e-02 -1.724878e-02))
503.34        	((-5.405561e+00 1.133993e+03 -1.883669e+02) (-6.086413e-02 1.000757e+01 -1.359347e-01)) ((-9.072819e+01 -3.937527e+00 9.577044e-01) (-1.324191e-01 1.881033e-02 -1.725225e-02))
503.35        	((-5.677456e+00 1.134044e+03 -1.883519e+02) (-6.076516e-02 1.001261e+01 -1.354368e-01)) ((-9.073065e+01 -3.998962e+00 9.760728e-01) (-1.330860e-01 1.866891e-02 -1.728153e-02))
503.36        	((-5.935147e+00 1.134101e+03 -1.883445e+02) (-6.105196e-02 1.001787e+01 -1.346845e-01)) ((-9.072859e+01 -4.069695e+00 9.990142e-01) (-1.335969e-01 1.869601e-02 -1.728608e-02))
503.37        	((-6.210433e+00 1.134154e+03 -1.883383e+02) (-6.095161e-02 1.002274e+01 -1.341929e-01)) ((-9.073426e+01 -4.131412e+00 1.017170e+00) (-1.342348e-01 1.855479e-02 -1.731540e-02))
503.38        	((-6.470431e+00 1.134216e+03 -1.883416e+02) (-6.122042e-02 1.002780e+01 -1.334650e-01)) ((-9.073682e+01 -4.201680e+00 1.039675e+00) (-1.347101e-01 1.858457e-02 -1.732179e-02))
503.39        	((-6.747308e+00 1.134272e+03 -1.883463e+02) (-6.109330e-02 1.003250e+01 -1.330288e-01)) ((-9.074599e+01 -4.262900e+00 1.057171e+00) (-1.353272e-01 1.844941e-02 -1.735525e-02))
503.4         	((-7.009621e+00 1.134334e+03 -1.883571e+02) (-6.133820e-02 1.003742e+01 -1.323627e-01)) ((-9.074979e+01 -4.333196e+00 1.078848e+00) (-1.358057e-01 1.848235e-02 -1.736697e-02))
503.41        	((-7.290144e+00 1.134391e+03 -1.883647e+02) (-6.119260e-02 1.004199e+01 -1.319699e-01)) ((-9.075932e+01 -4.395335e+00 1.095902e+00) (-1.364216e-01 1.835156e-02 -1.740612e-02))
503.42        	((-7.556900e+00 1.134457e+03 -1.883760e+02) (-6.141014e-02 1.004676e+01 -1.313470e-01)) ((-9.076441e+01 -4.466799e+00 1.117479e+00) (-1.368874e-01 1.838811e-02 -1.742360e-02))
503.43        	((-7.841228e+00 1.134518e+03 -1.883842e+02) (-6.123200e-02 1.005118e+01 -1.310060e-01)) ((-9.077590e+01 -4.530114e+00 1.134833e+00) (-1.374895e-01 1.826230e-02 -1.746878e-02))
503.44        	((-8.111058e+00 1.134587e+03 -1.883959e+02) (-6.141164e-02 1.005582e+01 -1.304417e-01)) ((-9.078261e+01 -4.602436e+00 1.156452e+00) (-1.379489e-01 1.830304e-02 -1.749352e-02))
503.45        	((-8.398916e+00 1.134651e+03 -1.884044e+02) (-6.119611e-02 1.006010e+01 -1.301583e-01)) ((-9.079535e+01 -4.667078e+00 1.173573e+00) (-1.385451e-01 1.818413e-02 -1.754649e-02))
503.46        	((-8.673826e+00 1.134722e+03 -1.884173e+02) (-6.134140e-02 1.006461e+01 -1.296417e-01)) ((-9.080318e+01 -4.741427e+00 1.195084e+00) (-1.389993e-01 1.822984e-02 -1.757845e-02))
503.47        	((-8.966668e+00 1.134786e+03 -1.884266e+02) (-6.110985e-02 1.006878e+01 -1.293896e-01)) ((-9.081598e+01 -4.808327e+00 1.212945e+00) (-1.395906e-01 1.811412e-02 -1.763607e-02))
503.48        	((-9.245634e+00 1.134857e+03 -1.884391e+02) (-6.124004e-02 1.007315e+01 -1.288998e-01)) ((-9.082339e+01 -4.884606e+00 1.235349e+00) (-1.400399e-01 1.816337e-02 -1.767279e-02))
503.49        	((-9.541182e+00 1.134924e+03 -1.884478e+02) (-6.099672e-02 1.007718e+01 -1.286531e-01)) ((-9.083638e+01 -4.953093e+00 1.253842e+00) (-1.406183e-01 1.805333e-02 -1.773421e-02))
503.5         	((-9.822262e+00 1.135001e+03 -1.884605e+02) (-6.109699e-02 1.008145e+01 -1.281282e-01)) ((-9.084494e+01 -5.030771e+00 1.277109e+00) (-1.410524e-01 1.810922e-02 -1.777725e-02))
503.51        	((-1.011944e+01 1.135072e+03 -1.884710e+02) (-6.081881e-02 1.008541e+01 -1.278167e-01)) ((-9.085909e+01 -5.100696e+00 1.296132e+00) (-1.416165e-01 1.800604e-02 -1.784564e-02))
503.52        	((-1.040122e+01 1.135148e+03 -1.884856e+02) (-6.091518e-02 1.008957e+01 -1.272545e-01)) ((-9.086746e+01 -5.179612e+00 1.319642e+00) (-1.420313e-01 1.805731e-02 -1.788723e-02))
503.53        	((-1.069928e+01 1.135220e+03 -1.884968e+02) (-6.059822e-02 1.009330e+01 -1.269915e-01)) ((-9.088119e+01 -5.250831e+00 1.338867e+00) (-1.425589e-01 1.795541e-02 -1.795941e-02))
503.54        	((-1.098480e+01 1.135300e+03 -1.885112e+02) (-6.058585e-02 1.009725e+01 -1.265358e-01)) ((-9.089091e+01 -5.331663e+00 1.362799e+00) (-1.429455e-01 1.801993e-02 -1.801868e-02))
503.55        	((-1.128915e+01 1.135376e+03 -1.885225e+02) (-6.012688e-02 1.010087e+01 -1.263792e-01)) ((-9.090670e+01 -5.405688e+00 1.383036e+00) (-1.434732e-01 1.793894e-02 -1.811738e-02))
503.56        	((-1.158047e+01 1.135458e+03 -1.885371e+02) (-5.995838e-02 1.010473e+01 -1.260626e-01)) ((-9.091680e+01 -5.488741e+00 1.407507e+00) (-1.438814e-01 1.802430e-02 -1.820736e-02))
503.57        	((-1.189057e+01 1.135532e+03 -1.885476e+02) (-5.933580e-02 1.010830e+01 -1.260451e-01)) ((-9.093159e+01 -5.564273e+00 1.428219e+00) (-1.444406e-01 1.796682e-02 -1.833792e-02))
503.58        	((-1.219027e+01 1.135611e+03 -1.885621e+02) (-5.903777e-02 1.011212e+01 -1.258011e-01)) ((-9.094149e+01 -5.649403e+00 1.453835e+00) (-1.448758e-01 1.807043e-02 -1.845043e-02))
503.59        	((-1.250753e+01 1.135683e+03 -1.885747e+02) (-5.842259e-02 1.011559e+01 -1.257904e-01)) ((-9.095707e+01 -5.727657e+00 1.475256e+00) (-1.454390e-01 1.800991e-02 -1.857508e-02))
503.6         	((-1.281260e+01 1.135760e+03 -1.885930e+02) (-5.822395e-02 1.011926e+01 -1.255291e-01)) ((-9.096795e+01 -5.815767e+00 1.501481e+00) (-1.458653e-01 1.809409e-02 -1.866502e-02))
503.61        	((-1.313580e+01 1.135833e+03 -1.886095e+02) (-5.773545e-02 1.012260e+01 -1.255021e-01)) ((-9.098410e+01 -5.897439e+00 1.524030e+00) (-1.464191e-01 1.801012e-02 -1.876567e-02))
503.62        	((-1.344762e+01 1.135917e+03 -1.886304e+02) (-5.761657e-02 1.012616e+01 -1.252147e-01)) ((-9.099588e+01 -5.988699e+00 1.551223e+00) (-1.468301e-01 1.807467e-02 -1.883896e-02))
503.63        	((-1.377576e+01 1.135999e+03 -1.886501e+02) (-5.715869e-02 1.012940e+01 -1.251263e-01)) ((-9.101360e+01 -6.072639e+00 1.574680e+00) (-1.473551e-01 1.797733e-02 -1.892988e-02))
503.64        	((-1.408854e+01 1.136088e+03 -1.886760e+02) (-5.707547e-02 1.013284e+01 -1.247413e-01)) ((-9.102735e+01 -6.164964e+00 1.602661e+00) (-1.477160e-01 1.802423e-02 -1.899155e-02))
503.65        	((-1.441452e+01 1.136171e+03 -1.887012e+02) (-5.666708e-02 1.013595e+01 -1.245148e-01)) ((-9.104618e+01 -6.249741e+00 1.626849e+00) (-1.481659e-01 1.790966e-02 -1.906675e-02))
503.66        	((-1.472472e+01 1.136258e+03 -1.887315e+02) (-5.662526e-02 1.013927e+01 -1.239465e-01)) ((-9.105946e+01 -6.343297e+00 1.655737e+00) (-1.484397e-01 1.793985e-02 -1.911277e-02))
503.67        	((-1.504613e+01 1.136340e+03 -1.887591e+02) (-5.627795e-02 1.014221e+01 -1.236665e-01)) ((-9.107776e+01 -6.429074e+00 1.680861e+00) (-1.488219e-01 1.779675e-02 -1.916303e-02))
503.68        	((-1.534837e+01 1.136431e+03 -1.887894e+02) (-5.627189e-02 1.014530e+01 -1.231355e-01)) ((-9.109183e+01 -6.522282e+00 1.710090e+00) (-1.490332e-01 1.780762e-02 -1.918980e-02))
503.69        	((-1.565876e+01 1.136519e+03 -1.888150e+02) (-5.595134e-02 1.014804e+01 -1.228800e-01)) ((-9.111112e+01 -6.606334e+00 1.735039e+00) (-1.493532e-01 1.765231e-02 -1.922310e-02))
503.7         	((-1.594581e+01 1.136614e+03 -1.888427e+02) (-5.596869e-02 1.015097e+01 -1.224329e-01)) ((-9.112562e+01 -6.695924e+00 1.762987e+00) (-1.495382e-01 1.765017e-02 -1.923373e-02))
503.71        	((-1.623717e+01 1.136700e+03 -1.888650e+02) (-5.563593e-02 1.015362e+01 -1.222005e-01)) ((-9.114198e+01 -6.775355e+00 1.786250e+00) (-1.498447e-01 1.750819e-02 -1.926734e-02))
503.72        	((-1.650396e+01 1.136791e+03 -1.888908e+02) (-5.564989e-02 1.015648e+01 -1.217626e-01)) ((-9.115176e+01 -6.860260e+00 1.813246e+00) (-1.500224e-01 1.751533e-02 -1.927551e-02))
503.73        	((-1.677366e+01 1.136879e+03 -1.889157e+02) (-5.532568e-02 1.015905e+01 -1.215217e-01)) ((-9.116656e+01 -6.934993e+00 1.836110e+00) (-1.503090e-01 1.737935e-02 -1.930240e-02))
503.74        	((-1.701614e+01 1.136973e+03 -1.889451e+02) (-5.535657e-02 1.016186e+01 -1.209837e-01)) ((-9.117700e+01 -7.014074e+00 1.862443e+00) (-1.504488e-01 1.739237e-02 -1.930275e-02))
503.75        	((-1.725839e+01 1.137059e+03 -1.889707e+02) (-5.506350e-02 1.016438e+01 -1.206095e-01)) ((-9.119031e+01 -7.081766e+00 1.884295e+00) (-1.506847e-01 1.726591e-02 -1.931835e-02))
503.76        	((-1.747196e+01 1.137146e+03 -1.889972e+02) (-5.512440e-02 1.016707e+01 -1.200387e-01)) ((-9.119605e+01 -7.152987e+00 1.909415e+00) (-1.507906e-01 1.728204e-02 -1.930192e-02))
503.77        	((-1.768382e+01 1.137221e+03 -1.890174e+02) (-5.487849e-02 1.016945e+01 -1.196563e-01)) ((-9.120292e+01 -7.213239e+00 1.930149e+00) (-1.509953e-01 1.715615e-02 -1.929581e-02))
503.78        	((-1.786524e+01 1.137299e+03 -1.890418e+02) (-5.502728e-02 1.017203e+01 -1.188616e-01)) ((-9.120461e+01 -7.276812e+00 1.954592e+00) (-1.510158e-01 1.715339e-02 -1.924493e-02))
503.79        	((-1.804285e+01 1.137375e+03 -1.890655e+02) (-5.492023e-02 1.017431e+01 -1.182419e-01)) ((-9.121155e+01 -7.328339e+00 1.974971e+00) (-1.511333e-01 1.698062e-02 -1.918686e-02))
503.8         	((-1.818849e+01 1.137461e+03 -1.890948e+02) (-5.517859e-02 1.017676e+01 -1.174412e-01)) ((-9.121462e+01 -7.382776e+00 1.998716e+00) (-1.511330e-01 1.694203e-02 -1.909341e-02))
503.81        	((-1.832561e+01 1.137542e+03 -1.891219e+02) (-5.520739e-02 1.017885e+01 -1.168628e-01)) ((-9.122126e+01 -7.424609e+00 2.017911e+00) (-1.512347e-01 1.674521e-02 -1.899183e-02))
503.82        	((-1.842938e+01 1.137631e+03 -1.891513e+02) (-5.557752e-02 1.018113e+01 -1.160691e-01)) ((-9.122242e+01 -7.468548e+00 2.039617e+00) (-1.511992e-01 1.667651e-02 -1.885445e-02))
503.83        	((-1.852995e+01 1.137715e+03 -1.891743e+02) (-5.557314e-02 1.018318e+01 -1.155266e-01)) ((-9.122674e+01 -7.500162e+00 2.056369e+00) (-1.512918e-01 1.647418e-02 -1.874223e-02))
503.84        	((-1.860112e+01 1.137802e+03 -1.891958e+02) (-5.582917e-02 1.018547e+01 -1.148338e-01)) ((-9.122485e+01 -7.534129e+00 2.076345e+00) (-1.512894e-01 1.643241e-02 -1.862499e-02))
503.85        	((-1.866949e+01 1.137875e+03 -1.892095e+02) (-5.574371e-02 1.018754e+01 -1.143945e-01)) ((-9.122442e+01 -7.556710e+00 2.092811e+00) (-1.514244e-01 1.626335e-02 -1.853368e-02))
503.86        	((-1.870858e+01 1.137949e+03 -1.892226e+02) (-5.596940e-02 1.018983e+01 -1.137541e-01)) ((-9.121727e+01 -7.582350e+00 2.113211e+00) (-1.514574e-01 1.622905e-02 -1.841890e-02))
503.87        	((-1.874415e+01 1.138018e+03 -1.892315e+02) (-5.590635e-02 1.019187e+01 -1.132737e-01)) ((-9.121455e+01 -7.596546e+00 2.129797e+00) (-1.515926e-01 1.604067e-02 -1.830890e-02))
503.88        	((-1.875110e+01 1.138099e+03 -1.892435e+02) (-5.619107e-02 1.019412e+01 -1.125138e-01)) ((-9.120955e+01 -7.613461e+00 2.149558e+00) (-1.515962e-01 1.596208e-02 -1.816056e-02))
503.89        	((-1.875766e+01 1.138179e+03 -1.892505e+02) (-5.614869e-02 1.019612e+01 -1.120423e-01)) ((-9.121098e+01 -7.619562e+00 2.165196e+00) (-1.517405e-01 1.575932e-02 -1.803369e-02))
503.9         	((-1.874064e+01 1.138265e+03 -1.892559e+02) (-5.641370e-02 1.019830e+01 -1.114116e-01)) ((-9.120824e+01 -7.630078e+00 2.184376e+00) (-1.517857e-01 1.569167e-02 -1.788495e-02))
503.91        	((-1.872773e+01 1.138341e+03 -1.892517e+02) (-5.635655e-02 1.020021e+01 -1.110649e-01)) ((-9.120715e+01 -7.631998e+00 2.200422e+00) (-1.519573e-01 1.550285e-02 -1.775856e-02))
503.92        	((-1.869359e+01 1.138416e+03 -1.892442e+02) (-5.660456e-02 1.020229e+01 -1.105458e-01)) ((-9.119857e+01 -7.639269e+00 2.220574e+00) (-1.520186e-01 1.544610e-02 -1.761085e-02))
503.93        	((-1.866344e+01 1.138483e+03 -1.892295e+02) (-5.658321e-02 1.020410e+01 -1.101925e-01)) ((-9.119190e+01 -7.637890e+00 2.237532e+00) (-1.521621e-01 1.524112e-02 -1.746946e-02))
503.94        	((-1.861365e+01 1.138554e+03 -1.892142e+02) (-5.688688e-02 1.020607e+01 -1.096059e-01)) ((-9.118023e+01 -7.641818e+00 2.258387e+00) (-1.521653e-01 1.515003e-02 -1.729732e-02))
503.95        	((-1.857050e+01 1.138621e+03 -1.891941e+02) (-5.693169e-02 1.020776e+01 -1.091780e-01)) ((-9.117345e+01 -7.637989e+00 2.276230e+00) (-1.522347e-01 1.490673e-02 -1.712470e-02))
503.96        	((-1.851063e+01 1.138693e+03 -1.891742e+02) (-5.731607e-02 1.020963e+01 -1.085321e-01)) ((-9.116264e+01 -7.640318e+00 2.297961e+00) (-1.521775e-01 1.476554e-02 -1.691603e-02))
503.97        	((-1.845851e+01 1.138757e+03 -1.891482e+02) (-5.742821e-02 1.021126e+01 -1.080782e-01)) ((-9.115501e+01 -7.635006e+00 2.316375e+00) (-1.522309e-01 1.448730e-02 -1.671917e-02))
503.98        	((-1.838987e+01 1.138824e+03 -1.891221e+02) (-5.781694e-02 1.021313e+01 -1.074474e-01)) ((-9.114288e+01 -7.634659e+00 2.338004e+00) (-1.521897e-01 1.433434e-02 -1.650789e-02))
503.99        	((-1.832728e+01 1.138885e+03 -1.890928e+02) (-5.796971e-02 1.021478e+01 -1.069986e-01)) ((-9.113524e+01 -7.624851e+00 2.355846e+00) (-1.522555e-01 1.402024e-02 -1.629559e-02))
504           	((-1.824554e+01 1.138951e+03 -1.890684e+02) (-5.844639e-02 1.021663e+01 -1.062814e-01)) ((-9.112481e+01 -7.617785e+00 2.376437e+00) (-1.521840e-01 1.380868e-02 -1.605075e-02))
504.01        	((-1.816924e+01 1.139012e+03 -1.890426e+02) (-5.855712e-02 1.021815e+01 -1.057821e-01)) ((-9.111982e+01 -7.600144e+00 2.392663e+00) (-1.521536e-01 1.352102e-02 -1.584430e-02))
504.02        	((-1.807367e+01 1.139074e+03 -1.890186e+02) (-5.890097e-02 1.021986e+01 -1.050843e-01)) ((-9.110851e+01 -7.583204e+00 2.410550e+00) (-1.520113e-01 1.338645e-02 -1.563594e-02))
504.03        	((-1.798348e+01 1.139126e+03 -1.889916e+02) (-5.893934e-02 1.022138e+01 -1.046027e-01)) ((-9.109810e+01 -7.554417e+00 2.423743e+00) (-1.520162e-01 1.314235e-02 -1.546069e-02))
504.04        	((-1.787953e+01 1.139181e+03 -1.889688e+02) (-5.924866e-02 1.022311e+01 -1.040267e-01)) ((-9.108399e+01 -7.529194e+00 2.439986e+00) (-1.519798e-01 1.302259e-02 -1.527727e-02))
504.05        	((-1.778806e+01 1.139234e+03 -1.889450e+02) (-5.927369e-02 1.022463e+01 -1.037435e-01)) ((-9.107522e+01 -7.497043e+00 2.453657e+00) (-1.521004e-01 1.278437e-02 -1.511681e-02))
504.06        	((-1.768700e+01 1.139288e+03 -1.889244e+02) (-5.958205e-02 1.022637e+01 -1.033370e-01)) ((-9.106205e+01 -7.470990e+00 2.471260e+00) (-1.521649e-01 1.266034e-02 -1.493814e-02))
504.07        	((-1.759918e+01 1.139334e+03 -1.889002e+02) (-5.962038e-02 1.022792e+01 -1.031851e-01)) ((-9.105013e+01 -7.438340e+00 2.486211e+00) (-1.523790e-01 1.241376e-02 -1.477426e-02))
504.08        	((-1.750247e+01 1.139379e+03 -1.888767e+02) (-5.993546e-02 1.022971e+01 -1.028852e-01)) ((-9.103171e+01 -7.411429e+00 2.504981e+00) (-1.525343e-01 1.227798e-02 -1.459025e-02))
504.09        	((-1.742031e+01 1.139418e+03 -1.888500e+02) (-6.001068e-02 1.023132e+01 -1.027357e-01)) ((-9.101546e+01 -7.378694e+00 2.521805e+00) (-1.528048e-01 1.200271e-02 -1.441114e-02))
504.1         	((-1.733243e+01 1.139460e+03 -1.888276e+02) (-6.039570e-02 1.023316e+01 -1.022667e-01)) ((-9.099509e+01 -7.353448e+00 2.543617e+00) (-1.529589e-01 1.180816e-02 -1.420031e-02))
504.11        	((-1.726143e+01 1.139499e+03 -1.888060e+02) (-6.057539e-02 1.023476e+01 -1.018157e-01)) ((-9.097926e+01 -7.323890e+00 2.564031e+00) (-1.531323e-01 1.145597e-02 -1.397814e-02))
504.12        	((-1.718470e+01 1.139543e+03 -1.887882e+02) (-6.097107e-02 1.023652e+01 -1.011918e-01)) ((-9.096093e+01 -7.301558e+00 2.588707e+00) (-1.532001e-01 1.124227e-02 -1.375389e-02))
504.13        	((-1.712310e+01 1.139580e+03 -1.887652e+02) (-6.104920e-02 1.023803e+01 -1.009860e-01)) ((-9.094541e+01 -7.274200e+00 2.611200e+00) (-1.534282e-01 1.095162e-02 -1.356404e-02))
504.14        	((-1.705425e+01 1.139618e+03 -1.887417e+02) (-6.135486e-02 1.023970e+01 -1.007764e-01)) ((-9.092574e+01 -7.253088e+00 2.637164e+00) (-1.536090e-01 1.078915e-02 -1.336786e-02))
504.15        	((-1.699928e+01 1.139651e+03 -1.887179e+02) (-6.141620e-02 1.024113e+01 -1.007263e-01)) ((-9.090983e+01 -7.226305e+00 2.660751e+00) (-1.538607e-01 1.049807e-02 -1.318144e-02))
504.16        	((-1.693596e+01 1.139687e+03 -1.887021e+02) (-6.180366e-02 1.024273e+01 -1.003735e-01)) ((-9.089083e+01 -7.204841e+00 2.687714e+00) (-1.539658e-01 1.026214e-02 -1.295261e-02))
504.17        	((-1.688421e+01 1.139717e+03 -1.886884e+02) (-6.203249e-02 1.024413e+01 -1.000662e-01)) ((-9.087586e+01 -7.176639e+00 2.711676e+00) (-1.541143e-01 9.848501e-03 -1.270426e-02))
504.18        	((-1.682298e+01 1.139751e+03 -1.886783e+02) (-6.257120e-02 1.024571e+01 -9.951887e-02)) ((-9.085875e+01 -7.153126e+00 2.738184e+00) (-1.541598e-01 9.499438e-03 -1.241820e-02))
504.19        	((-1.677380e+01 1.139781e+03 -1.886646e+02) (-6.285283e-02 1.024713e+01 -9.916026e-02)) ((-9.084606e+01 -7.123530e+00 2.761508e+00) (-1.543314e-01 9.049562e-03 -1.214977e-02))
504.2         	((-1.671768e+01 1.139814e+03 -1.886497e+02) (-6.332524e-02 1.024875e+01 -9.868573e-02)) ((-9.082979e+01 -7.100315e+00 2.787831e+00) (-1.544467e-01 8.734229e-03 -1.188726e-02))
504.21        	((-1.667459e+01 1.139842e+03 -1.886295e+02) (-6.350365e-02 1.025014e+01 -9.837758e-02)) ((-9.081644e+01 -7.072383e+00 2.811659e+00) (-1.546353e-01 8.336734e-03 -1.165805e-02))
504.22        	((-1.662302e+01 1.139872e+03 -1.886101e+02) (-6.388398e-02 1.025166e+01 -9.795259e-02)) ((-9.079934e+01 -7.050322e+00 2.838607e+00) (-1.547357e-01 8.065014e-03 -1.142996e-02))
504.23        	((-1.658303e+01 1.139895e+03 -1.885868e+02) (-6.400547e-02 1.025296e+01 -9.770951e-02)) ((-9.078444e+01 -7.023375e+00 2.862999e+00) (-1.549205e-01 7.693969e-03 -1.122397e-02))
504.24        	((-1.653492e+01 1.139920e+03 -1.885626e+02) (-6.440160e-02 1.025442e+01 -9.730386e-02)) ((-9.076435e+01 -7.002423e+00 2.890256e+00) (-1.550184e-01 7.401940e-03 -1.099086e-02))
504.25        	((-1.649795e+01 1.139936e+03 -1.885317e+02) (-6.460205e-02 1.025570e+01 -9.713235e-02)) ((-9.074500e+01 -6.976559e+00 2.914876e+00) (-1.552371e-01 6.978930e-03 -1.075748e-02))
504.26        	((-1.645220e+01 1.139953e+03 -1.884991e+02) (-6.509719e-02 1.025711e+01 -9.676833e-02)) ((-9.072053e+01 -6.956340e+00 2.942399e+00) (-1.553527e-01 6.624589e-03 -1.048862e-02))
504.27        	((-1.641759e+01 1.139964e+03 -1.884609e+02) (-6.534986e-02 1.025835e+01 -9.657062e-02)) ((-9.069850e+01 -6.931424e+00 2.967445e+00) (-1.555613e-01 6.176470e-03 -1.023697e-02))
504.28        	((-1.637279e+01 1.139975e+03 -1.884188e+02) (-6.583047e-02 1.025976e+01 -9.630726e-02)) ((-9.067051e+01 -6.911023e+00 2.994917e+00) (-1.557283e-01 5.837154e-03 -9.971363e-03))
504.29        	((-1.633502e+01 1.139976e+03 -1.883691e+02) (-6.606517e-02 1.026096e+01 -9.626978e-02)) ((-9.064344e+01 -6.883309e+00 3.019032e+00) (-1.559977e-01 5.404569e-03 -9.726884e-03))
504.3         	((-1.628270e+01 1.139978e+03 -1.883165e+02) (-6.658835e-02 1.026232e+01 -9.609564e-02)) ((-9.061154e+01 -6.857079e+00 3.044236e+00) (-1.561900e-01 5.035361e-03 -9.449658e-03))
504.31        	((-1.623459e+01 1.139967e+03 -1.882593e+02) (-6.690117e-02 1.026346e+01 -9.608390e-02)) ((-9.058139e+01 -6.821997e+00 3.064450e+00) (-1.564582e-01 4.562441e-03 -9.179334e-03))
504.32        	((-1.616941e+01 1.139961e+03 -1.882048e+02) (-6.744039e-02 1.026473e+01 -9.599269e-02)) ((-9.054901e+01 -6.786683e+00 3.084617e+00) (-1.566631e-01 4.191478e-03 -8.890127e-03))
504.33        	((-1.610832e+01 1.139955e+03 -1.881483e+02) (-6.778929e-02 1.026585e+01 -9.618371e-02)) ((-9.052199e+01 -6.743019e+00 3.100935e+00) (-1.570101e-01 3.707094e-03 -8.599630e-03))
504.34        	((-1.603109e+01 1.139954e+03 -1.880944e+02) (-6.839360e-02 1.026709e+01 -9.631257e-02)) ((-9.049300e+01 -6.699887e+00 3.118576e+00) (-1.572939e-01 3.304149e-03 -8.279910e-03))
504.35        	((-1.595555e+01 1.139947e+03 -1.880400e+02) (-6.878158e-02 1.026816e+01 -9.661184e-02)) ((-9.046713e+01 -6.646961e+00 3.131690e+00) (-1.576672e-01 2.809848e-03 -7.970166e-03))
504.36        	((-1.586350e+01 1.139938e+03 -1.879901e+02) (-6.931472e-02 1.026933e+01 -9.676539e-02)) ((-9.043811e+01 -6.594263e+00 3.145063e+00) (-1.579400e-01 2.462265e-03 -7.671784e-03))
504.37        	((-1.576817e+01 1.139923e+03 -1.879390e+02) (-6.959209e-02 1.027034e+01 -9.708602e-02)) ((-9.041143e+01 -6.530619e+00 3.152335e+00) (-1.583063e-01 2.050188e-03 -7.396959e-03))
504.38        	((-1.565419e+01 1.139912e+03 -1.878905e+02) (-7.009295e-02 1.027152e+01 -9.733945e-02)) ((-9.038267e+01 -6.466107e+00 3.158980e+00) (-1.586392e-01 1.731161e-03 -7.101501e-03))
504.39        	((-1.553923e+01 1.139899e+03 -1.878415e+02) (-7.036059e-02 1.027256e+01 -9.778093e-02)) ((-9.035851e+01 -6.390061e+00 3.159892e+00) (-1.590856e-01 1.335054e-03 -6.821934e-03))
504.4         	((-1.539957e+01 1.139890e+03 -1.877945e+02) (-7.079212e-02 1.027376e+01 -9.802996e-02)) ((-9.033127e+01 -6.309459e+00 3.158822e+00) (-1.594534e-01 1.067771e-03 -6.542657e-03))
504.41        	((-1.525349e+01 1.139878e+03 -1.877479e+02) (-7.095465e-02 1.027470e+01 -9.829845e-02)) ((-9.030946e+01 -6.214942e+00 3.151136e+00) (-1.597945e-01 7.523611e-04 -6.296986e-03))
504.42        	((-1.509142e+01 1.139873e+03 -1.877119e+02) (-7.137213e-02 1.027563e+01 -9.846141e-02)) ((-9.028992e+01 -6.121856e+00 3.143934e+00) (-1.599651e-01 5.005859e-04 -6.028677e-03))
504.43        	((-1.494142e+01 1.139872e+03 -1.876875e+02) (-7.163364e-02 1.027628e+01 -9.882416e-02)) ((-9.028121e+01 -6.026652e+00 3.135349e+00) (-1.601684e-01 1.241262e-04 -5.758585e-03))
504.44        	((-1.479015e+01 1.139882e+03 -1.876765e+02) (-7.214190e-02 1.027703e+01 -9.909593e-02)) ((-9.027757e+01 -5.941945e+00 3.131587e+00) (-1.602934e-01 -1.854139e-04 -5.457815e-03))
504.45        	((-1.465572e+01 1.139898e+03 -1.876726e+02) (-7.242390e-02 1.027763e+01 -9.941044e-02)) ((-9.028401e+01 -5.859464e+00 3.128188e+00) (-1.604691e-01 -5.655102e-04 -5.169839e-03))
504.46        	((-1.451993e+01 1.139925e+03 -1.876799e+02) (-7.286900e-02 1.027840e+01 -9.954553e-02)) ((-9.029404e+01 -5.787407e+00 3.129284e+00) (-1.605770e-01 -8.255378e-04 -4.878480e-03))
504.47        	((-1.439834e+01 1.139955e+03 -1.876931e+02) (-7.307334e-02 1.027903e+01 -9.982343e-02)) ((-9.031161e+01 -5.715567e+00 3.129837e+00) (-1.607718e-01 -1.143894e-03 -4.607399e-03))
504.48        	((-1.427375e+01 1.139992e+03 -1.877139e+02) (-7.347261e-02 1.027978e+01 -1.000258e-01)) ((-9.033028e+01 -5.652595e+00 3.134535e+00) (-1.609146e-01 -1.367024e-03 -4.320752e-03))
504.49        	((-1.416129e+01 1.140030e+03 -1.877386e+02) (-7.367028e-02 1.028035e+01 -1.004198e-01)) ((-9.035495e+01 -5.588444e+00 3.138135e+00) (-1.611321e-01 -1.673856e-03 -4.041448e-03))
504.5         	((-1.404228e+01 1.140076e+03 -1.877713e+02) (-7.401141e-02 1.028106e+01 -1.004273e-01)) ((-9.037987e+01 -5.530914e+00 3.144447e+00) (-1.611888e-01 -1.858705e-03 -3.762372e-03))
504.51        	((-1.393224e+01 1.140123e+03 -1.878062e+02) (-7.413750e-02 1.028169e+01 -1.004813e-01)) ((-9.040950e+01 -5.470359e+00 3.148397e+00) (-1.613282e-01 -2.113022e-03 -3.506150e-03))
504.52        	((-1.381747e+01 1.140173e+03 -1.878422e+02) (-7.446361e-02 1.028243e+01 -1.004227e-01)) ((-9.043699e+01 -5.416818e+00 3.155214e+00) (-1.613833e-01 -2.286425e-03 -3.248242e-03))
504.53        	((-1.371470e+01 1.140221e+03 -1.878712e+02) (-7.463747e-02 1.028291e+01 -1.005520e-01)) ((-9.046552e+01 -5.361751e+00 3.160626e+00) (-1.614566e-01 -2.572466e-03 -2.994031e-03))
504.54        	((-1.360991e+01 1.140268e+03 -1.878949e+02) (-7.501839e-02 1.028358e+01 -1.006108e-01)) ((-9.048690e+01 -5.315193e+00 3.169806e+00) (-1.615048e-01 -2.784385e-03 -2.719366e-03))
504.55        	((-1.351503e+01 1.140309e+03 -1.879101e+02) (-7.515487e-02 1.028414e+01 -1.007847e-01)) ((-9.050631e+01 -5.266230e+00 3.176930e+00) (-1.616564e-01 -3.044801e-03 -2.470284e-03))
504.56        	((-1.341117e+01 1.140352e+03 -1.879218e+02) (-7.543849e-02 1.028491e+01 -1.008344e-01)) ((-9.052107e+01 -5.221110e+00 3.185514e+00) (-1.617838e-01 -3.196222e-03 -2.221347e-03))
504.57        	((-1.331318e+01 1.140392e+03 -1.879279e+02) (-7.545344e-02 1.028559e+01 -1.009028e-01)) ((-9.053775e+01 -5.170319e+00 3.190841e+00) (-1.619753e-01 -3.382995e-03 -2.009828e-03))
504.58        	((-1.320571e+01 1.140435e+03 -1.879320e+02) (-7.562302e-02 1.028643e+01 -1.008172e-01)) ((-9.055124e+01 -5.122064e+00 3.197066e+00) (-1.621035e-01 -3.469868e-03 -1.798305e-03))
504.59        	((-1.310519e+01 1.140471e+03 -1.879299e+02) (-7.559732e-02 1.028712e+01 -1.008784e-01)) ((-9.056505e+01 -5.068855e+00 3.200160e+00) (-1.623075e-01 -3.630687e-03 -1.603247e-03))
504.6         	((-1.299749e+01 1.140506e+03 -1.879249e+02) (-7.575539e-02 1.028792e+01 -1.008248e-01)) ((-9.057389e+01 -5.019875e+00 3.204669e+00) (-1.624289e-01 -3.709775e-03 -1.405184e-03))
504.61        	((-1.289783e+01 1.140536e+03 -1.879145e+02) (-7.571495e-02 1.028856e+01 -1.008994e-01)) ((-9.058349e+01 -4.967223e+00 3.206480e+00) (-1.626071e-01 -3.857074e-03 -1.228149e-03))
504.62        	((-1.279117e+01 1.140568e+03 -1.879025e+02) (-7.583717e-02 1.028931e+01 -1.008496e-01)) ((-9.058971e+01 -4.919043e+00 3.209665e+00) (-1.627140e-01 -3.913159e-03 -1.049911e-03))
504.63        	((-1.269252e+01 1.140596e+03 -1.878864e+02) (-7.577264e-02 1.028992e+01 -1.009420e-01)) ((-9.059839e+01 -4.867156e+00 3.210144e+00) (-1.628846e-01 -4.041719e-03 -8.863309e-04))
504.64        	((-1.258619e+01 1.140627e+03 -1.878711e+02) (-7.589434e-02 1.029062e+01 -1.009456e-01)) ((-9.060492e+01 -4.818928e+00 3.211830e+00) (-1.629909e-01 -4.095703e-03 -7.115598e-04))
504.65        	((-1.248627e+01 1.140654e+03 -1.878550e+02) (-7.580347e-02 1.029117e+01 -1.010088e-01)) ((-9.061363e+01 -4.765906e+00 3.210436e+00) (-1.631249e-01 -4.204867e-03 -5.632688e-04))
504.66        	((-1.237772e+01 1.140682e+03 -1.878422e+02) (-7.584809e-02 1.029181e+01 -1.008664e-01)) ((-9.061937e+01 -4.715778e+00 3.209861e+00) (-1.631507e-01 -4.212731e-03 -4.214101e-04))
504.67        	((-1.227378e+01 1.140705e+03 -1.878293e+02) (-7.571862e-02 1.029230e+01 -1.008381e-01)) ((-9.062703e+01 -4.659808e+00 3.205741e+00) (-1.632280e-01 -4.295600e-03 -2.921862e-04))
504.68        	((-1.215896e+01 1.140732e+03 -1.878201e+02) (-7.577117e-02 1.029289e+01 -1.006987e-01)) ((-9.063273e+01 -4.605060e+00 3.201783e+00) (-1.632264e-01 -4.307684e-03 -1.521443e-04))
504.69        	((-1.204616e+01 1.140757e+03 -1.878121e+02) (-7.565675e-02 1.029329e+01 -1.006910e-01)) ((-9.064247e+01 -4.542952e+00 3.193766e+00) (-1.632631e-01 -4.396541e-03 -2.354953e-05))
504.7         	((-1.192034e+01 1.140787e+03 -1.878093e+02) (-7.571177e-02 1.029376e+01 -1.005755e-01)) ((-9.065216e+01 -4.480446e+00 3.185207e+00) (-1.632056e-01 -4.410069e-03 1.123068e-04))
504.71        	((-1.179480e+01 1.140818e+03 -1.878096e+02) (-7.559168e-02 1.029405e+01 -1.005666e-01)) ((-9.066670e+01 -4.409432e+00 3.171939e+00) (-1.631660e-01 -4.493439e-03 2.343066e-04))
504.72        	((-1.165751e+01 1.140855e+03 -1.878154e+02) (-7.565448e-02 1.029447e+01 -1.004144e-01)) ((-9.068116e+01 -4.338853e+00 3.158377e+00) (-1.630710e-01 -4.515029e-03 3.674304e-04))
504.73        	((-1.152721e+01 1.140891e+03 -1.878220e+02) (-7.557410e-02 1.029484e+01 -1.003428e-01)) ((-9.069880e+01 -4.264735e+00 3.142241e+00) (-1.630847e-01 -4.625817e-03 4.931342e-04))
504.74        	((-1.139329e+01 1.140930e+03 -1.878317e+02) (-7.567015e-02 1.029538e+01 -1.001333e-01)) ((-9.071354e+01 -4.196385e+00 3.128319e+00) (-1.630678e-01 -4.672502e-03 6.286826e-04))
504.75        	((-1.127007e+01 1.140964e+03 -1.878415e+02) (-7.560407e-02 1.029582e+01 -1.000199e-01)) ((-9.072927e+01 -4.127059e+00 3.113257e+00) (-1.631231e-01 -4.790877e-03 7.529317e-04))
504.76        	((-1.114500e+01 1.140999e+03 -1.878545e+02) (-7.568376e-02 1.029639e+01 -9.978229e-02)) ((-9.074178e+01 -4.064399e+00 3.100943e+00) (-1.631213e-01 -4.827399e-03 8.786961e-04))
504.77        	((-1.103104e+01 1.141031e+03 -1.878679e+02) (-7.558552e-02 1.029684e+01 -9.965541e-02)) ((-9.075615e+01 -4.001059e+00 3.087565e+00) (-1.631770e-01 -4.922723e-03 9.865128e-04))
504.78        	((-1.091505e+01 1.141066e+03 -1.878845e+02) (-7.562782e-02 1.029739e+01 -9.942054e-02)) ((-9.076824e+01 -3.944239e+00 3.076813e+00) (-1.631704e-01 -4.933771e-03 1.095071e-03))
504.79        	((-1.081097e+01 1.141098e+03 -1.879008e+02) (-7.549490e-02 1.029782e+01 -9.930033e-02)) ((-9.078209e+01 -3.887130e+00 3.065221e+00) (-1.632147e-01 -5.001989e-03 1.187444e-03))
504.8         	((-1.070578e+01 1.141132e+03 -1.879196e+02) (-7.551255e-02 1.029834e+01 -9.908361e-02)) ((-9.079322e+01 -3.836790e+00 3.056396e+00) (-1.631988e-01 -4.996297e-03 1.285565e-03))
504.81        	((-1.061115e+01 1.141161e+03 -1.879381e+02) (-7.537188e-02 1.029874e+01 -9.898492e-02)) ((-9.080586e+01 -3.785469e+00 3.046482e+00) (-1.632379e-01 -5.055561e-03 1.372470e-03))
504.82        	((-1.051346e+01 1.141192e+03 -1.879588e+02) (-7.539058e-02 1.029925e+01 -9.878680e-02)) ((-9.081589e+01 -3.739494e+00 3.038830e+00) (-1.632189e-01 -5.048085e-03 1.468572e-03))
504.83        	((-1.042521e+01 1.141220e+03 -1.879790e+02) (-7.526400e-02 1.029963e+01 -9.869858e-02)) ((-9.082789e+01 -3.691903e+00 3.029931e+00) (-1.632512e-01 -5.110447e-03 1.557362e-03))
504.84        	((-1.033400e+01 1.141250e+03 -1.880013e+02) (-7.530109e-02 1.030011e+01 -9.850640e-02)) ((-9.083792e+01 -3.649606e+00 3.023334e+00) (-1.632227e-01 -5.111354e-03 1.658123e-03))
504.85        	((-1.025171e+01 1.141277e+03 -1.880229e+02) (-7.519667e-02 1.030046e+01 -9.841453e-02)) ((-9.085004e+01 -3.605566e+00 3.015464e+00) (-1.632409e-01 -5.181431e-03 1.752495e-03))
504.86        	((-1.016511e+01 1.141305e+03 -1.880468e+02) (-7.525385e-02 1.030091e+01 -9.821418e-02)) ((-9.085994e+01 -3.565963e+00 3.009554e+00) (-1.631995e-01 -5.190376e-03 1.858956e-03))
504.87        	((-1.008527e+01 1.141331e+03 -1.880700e+02) (-7.517558e-02 1.030124e+01 -9.811312e-02)) ((-9.087156e+01 -3.523650e+00 3.001958e+00) (-1.632124e-01 -5.269236e-03 1.960983e-03))
504.88        	((-9.999909e+00 1.141357e+03 -1.880952e+02) (-7.527145e-02 1.030168e+01 -9.790919e-02)) ((-9.088075e+01 -3.485071e+00 2.995939e+00) (-1.631706e-01 -5.295767e-03 2.081316e-03))
504.89        	((-9.921878e+00 1.141376e+03 -1.881189e+02) (-7.525963e-02 1.030198e+01 -9.780914e-02)) ((-9.089175e+01 -3.444749e+00 2.987576e+00) (-1.631758e-01 -5.403727e-03 2.206534e-03))
504.9         	((-9.837917e+00 1.141397e+03 -1.881457e+02) (-7.544212e-02 1.030236e+01 -9.758410e-02)) ((-9.090099e+01 -3.408024e+00 2.980776e+00) (-1.631100e-01 -5.469937e-03 2.362182e-03))
504.91        	((-9.758107e+00 1.141419e+03 -1.881729e+02) (-7.550321e-02 1.030263e+01 -9.745843e-02)) ((-9.091313e+01 -3.367244e+00 2.972023e+00) (-1.630955e-01 -5.609149e-03 2.516925e-03))
504.92        	((-9.671341e+00 1.141448e+03 -1.882011e+02) (-7.558248e-02 1.030304e+01 -9.728989e-02)) ((-9.092417e+01 -3.328934e+00 2.964904e+00) (-1.630712e-01 -5.634628e-03 2.626855e-03))
504.93        	((-9.590148e+00 1.141472e+03 -1.882284e+02) (-7.552925e-02 1.030333e+01 -9.720157e-02)) ((-9.093568e+01 -3.287716e+00 2.956386e+00) (-1.630796e-01 -5.719463e-03 2.734076e-03))
504.94        	((-9.504854e+00 1.141495e+03 -1.882576e+02) (-7.563564e-02 1.030369e+01 -9.701718e-02)) ((-9.094350e+01 -3.250459e+00 2.949976e+00) (-1.630232e-01 -5.752579e-03 2.858187e-03))
504.95        	((-9.422645e+00 1.141513e+03 -1.882866e+02) (-7.561810e-02 1.030392e+01 -9.693630e-02)) ((-9.095267e+01 -3.209961e+00 2.941679e+00) (-1.630127e-01 -5.854458e-03 2.979139e-03))
504.96        	((-9.334274e+00 1.141533e+03 -1.883154e+02) (-7.573318e-02 1.030427e+01 -9.677356e-02)) ((-9.095996e+01 -3.171916e+00 2.934828e+00) (-1.629622e-01 -5.895454e-03 3.102383e-03))
504.97        	((-9.252087e+00 1.141551e+03 -1.883417e+02) (-7.570334e-02 1.030453e+01 -9.670786e-02)) ((-9.096893e+01 -3.131402e+00 2.926659e+00) (-1.629684e-01 -5.990479e-03 3.210870e-03))
504.98        	((-9.165690e+00 1.141570e+03 -1.883685e+02) (-7.580797e-02 1.030489e+01 -9.654875e-02)) ((-9.097511e+01 -3.094802e+00 2.920599e+00) (-1.629278e-01 -6.024318e-03 3.325298e-03))
504.99        	((-9.084648e+00 1.141587e+03 -1.883937e+02) (-7.577909e-02 1.030514e+01 -9.648284e-02)) ((-9.098230e+01 -3.055148e+00 2.913236e+00) (-1.629351e-01 -6.115972e-03 3.431782e-03))
505           	((-8.998074e+00 1.141605e+03 -1.884186e+02) (-7.588390e-02 1.030549e+01 -9.632725e-02)) ((-9.098682e+01 -3.018270e+00 2.907395e+00) (-1.628942e-01 -6.149462e-03 3.546233e-03))
