# Forces      
# CofR        : (0.000000e+00 0.000000e+00 0.000000e+00)
# Time        forces(pressure viscous)	moments(pressure viscous)
500           	((4.639936e+00 1.505066e+04 5.940382e+03) (2.410983e-04 4.243900e+00 1.510887e-01)) ((-3.181809e+03 -2.973634e-01 4.203586e-01) (-3.685954e-01 3.563712e-05 -1.552464e-04))
500.01        	((7.150211e-01 1.119020e+04 4.729315e+03) (-5.395298e-03 2.301237e+00 -1.082021e-01)) ((-2.246473e+03 -9.173792e-01 2.488069e-01) (3.146380e-01 -2.183789e-03 -9.878235e-04))
500.02        	((-4.886777e+00 1.338147e+03 1.047411e+03) (-1.859460e-03 7.743829e-01 -4.037299e-01)) ((-1.927673e+02 -1.416352e+00 -1.365787e+00) (6.161060e-01 -7.432513e-04 -6.889486e-04))
500.03        	((-1.190114e+01 -5.087237e+03 -1.191996e+03) (4.883954e-03 1.013782e+00 -5.312003e-01)) ((1.126159e+03 -4.083283e+00 -7.077751e+00) (3.363314e-01 1.795347e-03 9.036298e-04))
500.04        	((-3.981675e+00 -4.109110e+03 -8.650861e+02) (1.150825e-02 2.855022e+00 -3.374786e-01)) ((7.649778e+02 -2.327191e+00 -6.919243e+00) (-3.391681e-01 3.624744e-03 2.029456e-03))
500.05        	((5.110133e+00 2.471258e+02 6.444816e+02) (3.157502e-02 5.616386e+00 1.278744e-01)) ((-2.418264e+02 6.016272e-01 -2.187063e+00) (-1.094951e+00 1.185969e-02 8.381522e-03))
500.06        	((-5.763481e+00 3.527667e+03 1.802760e+03) (4.873348e-02 6.069051e+00 3.313449e-01)) ((-9.328997e+02 -2.911806e+00 -1.351912e+00) (-1.031220e+00 1.985960e-02 1.736041e-02))
500.07        	((-1.525200e+01 4.103206e+03 2.019911e+03) (9.464306e-02 5.138163e+00 2.843645e-01)) ((-1.012407e+03 -4.468078e+00 -1.200944e+00) (-5.811011e-01 4.054899e-02 3.625745e-02))
500.08        	((-4.672296e+00 2.564988e+03 1.561920e+03) (1.085030e-01 3.503279e+00 2.790036e-01)) ((-6.295574e+02 1.393751e+00 4.598888e-01) (2.610140e-02 4.721585e-02 3.666537e-02))
500.09        	((1.282233e+01 7.253001e+02 9.866818e+02) (7.869407e-02 2.623124e+00 4.182424e-01)) ((-2.116886e+02 7.963529e+00 1.116943e+00) (2.513087e-01 3.347718e-02 2.422728e-02))
500.1         	((1.836048e+01 -6.883920e+01 6.834191e+02) (6.847860e-02 3.126255e+00 6.151776e-01)) ((-6.510909e+01 7.929254e+00 4.815429e-01) (-5.105977e-02 3.021585e-02 2.328942e-02))
500.11        	((5.281366e+00 3.583227e+02 7.259097e+02) (7.433911e-02 4.516786e+00 9.638330e-01)) ((-2.110874e+02 6.849956e-01 -7.889214e-01) (-6.338347e-01 3.193343e-02 3.150867e-02))
500.12        	((-1.067631e+01 1.239137e+03 9.500868e+02) (7.815327e-02 5.368488e+00 1.221298e+00)) ((-4.269635e+02 -5.571132e+00 -1.524373e+00) (-9.194497e-01 3.443245e-02 3.428555e-02))
500.13        	((-1.275648e+01 1.828000e+03 1.143928e+03) (8.481673e-02 5.337942e+00 1.338863e+00)) ((-5.308778e+02 -4.502198e+00 -1.073623e+00) (-8.048805e-01 3.723899e-02 3.858227e-02))
500.14        	((-1.646762e+00 1.798407e+03 1.171842e+03) (8.564551e-02 4.947432e+00 1.403252e+00)) ((-4.678025e+02 1.720684e+00 1.923246e-01) (-5.675253e-01 3.729594e-02 3.930914e-02))
500.15        	((8.756903e+00 1.406690e+03 1.048393e+03) (7.780896e-02 4.708114e+00 1.498996e+00)) ((-3.443198e+02 5.807674e+00 8.984675e-01) (-4.383049e-01 3.243183e-02 4.020010e-02))
500.16        	((8.075297e+00 1.063817e+03 8.836387e+02) (7.302920e-02 4.825824e+00 1.591726e+00)) ((-2.743352e+02 3.974452e+00 3.075786e-01) (-5.020202e-01 2.880798e-02 4.257553e-02))
500.17        	((-8.679285e-01 9.960858e+02 7.835802e+02) (7.307229e-02 5.148849e+00 1.667703e+00)) ((-2.921690e+02 -1.336907e+00 -1.007536e+00) (-6.597944e-01 2.820494e-02 4.535066e-02))
500.18        	((-8.658184e+00 1.153325e+03 7.806078e+02) (7.367232e-02 5.398006e+00 1.706172e+00)) ((-3.513192e+02 -4.971995e+00 -1.839619e+00) (-7.611151e-01 2.654010e-02 4.973875e-02))
500.19        	((-9.120328e+00 1.348627e+03 8.312883e+02) (6.907868e-02 5.510638e+00 1.723245e+00)) ((-3.887603e+02 -4.468017e+00 -1.619296e+00) (-7.705987e-01 2.461901e-02 4.784170e-02))
500.2         	((-3.978645e+00 1.437033e+03 8.700260e+02) (6.792928e-02 5.511664e+00 1.723331e+00)) ((-3.795774e+02 -1.400032e+00 -8.402907e-01) (-7.311470e-01 2.158696e-02 4.425894e-02))
500.21        	((7.667763e-01 1.399599e+03 8.624893e+02) (6.235483e-02 5.508250e+00 1.732388e+00)) ((-3.437159e+02 7.358792e-01 -4.554881e-01) (-6.657695e-01 2.058846e-02 4.434994e-02))
500.22        	((1.335866e+00 1.311088e+03 8.200546e+02) (5.172789e-02 5.530231e+00 1.727647e+00)) ((-3.146763e+02 5.053240e-01 -6.335474e-01) (-6.319855e-01 1.570107e-02 4.263254e-02))
500.23        	((-1.153818e+00 1.251701e+03 7.757199e+02) (4.394091e-02 5.576474e+00 1.707449e+00)) ((-3.092509e+02 -1.283365e+00 -1.082386e+00) (-6.312613e-01 1.411262e-02 4.201805e-02))
500.24        	((-3.244803e+00 1.250781e+03 7.531624e+02) (3.712789e-02 5.613221e+00 1.676248e+00)) ((-3.203367e+02 -2.575082e+00 -1.233979e+00) (-6.365486e-01 1.071205e-02 3.987555e-02))
500.25        	((-3.049918e+00 1.289018e+03 7.544543e+02) (3.470444e-02 5.629548e+00 1.639873e+00)) ((-3.315433e+02 -2.470465e+00 -1.043444e+00) (-6.268092e-01 1.026979e-02 3.781084e-02))
500.26        	((-1.067568e+00 1.328989e+03 7.663486e+02) (3.204533e-02 5.621865e+00 1.604750e+00)) ((-3.323438e+02 -1.319713e+00 -7.243432e-01) (-5.986962e-01 9.516150e-03 3.557183e-02))
500.27        	((8.819164e-01 1.345750e+03 7.741995e+02) (2.893888e-02 5.602414e+00 1.574377e+00)) ((-3.237817e+02 -1.893350e-01 -5.487821e-01) (-5.593420e-01 8.420271e-03 3.307850e-02))
500.28        	((1.625091e+00 1.338185e+03 7.719951e+02) (2.480060e-02 5.580708e+00 1.548358e+00)) ((-3.134705e+02 2.138792e-01 -5.447293e-01) (-5.186624e-01 6.957161e-03 3.042393e-02))
500.29        	((1.381923e+00 1.320683e+03 7.629616e+02) (2.067532e-02 5.567134e+00 1.531689e+00)) ((-3.075312e+02 3.516018e-03 -5.268390e-01) (-4.916746e-01 4.895429e-03 2.849901e-02))
500.3         	((1.029057e+00 1.308833e+03 7.541872e+02) (1.694033e-02 5.549877e+00 1.511369e+00)) ((-3.068739e+02 -3.053615e-01 -3.724981e-01) (-4.675268e-01 3.139028e-03 2.662284e-02))
500.31        	((1.113874e+00 1.309277e+03 7.503683e+02) (1.492277e-02 5.535548e+00 1.498051e+00)) ((-3.084994e+02 -3.362528e-01 -1.138878e-01) (-4.513285e-01 3.039872e-03 2.469493e-02))
500.32        	((1.672119e+00 1.318642e+03 7.516701e+02) (1.315152e-02 5.515613e+00 1.484610e+00)) ((-3.090599e+02 -2.173469e-02 1.389173e-01) (-4.315760e-01 2.910451e-03 2.280352e-02))
500.33        	((2.473272e+00 1.329054e+03 7.548936e+02) (1.206703e-02 5.491946e+00 1.473825e+00)) ((-3.073159e+02 4.719756e-01 3.207838e-01) (-4.087143e-01 3.142009e-03 2.105043e-02))
500.34        	((3.112626e+00 1.333928e+03 7.563023e+02) (1.023802e-02 5.465523e+00 1.467409e+00)) ((-3.039262e+02 8.810862e-01 4.148699e-01) (-3.842808e-01 3.043668e-03 1.938131e-02))
500.35        	((3.310866e+00 1.332247e+03 7.545351e+02) (9.308386e-03 5.443321e+00 1.461797e+00)) ((-3.004159e+02 1.062104e+00 4.641085e-01) (-3.616411e-01 2.989206e-03 1.786324e-02))
500.36        	((3.145197e+00 1.327458e+03 7.505351e+02) (7.557942e-03 5.423931e+00 1.457655e+00)) ((-2.978689e+02 1.046503e+00 5.323458e-01) (-3.424393e-01 2.734233e-03 1.653739e-02))
500.37        	((2.953994e+00 1.323999e+03 7.463278e+02) (5.698659e-03 5.406464e+00 1.452494e+00)) ((-2.964414e+02 9.915172e-01 6.637119e-01) (-3.260888e-01 2.455891e-03 1.528116e-02))
500.38        	((2.987345e+00 1.324055e+03 7.433877e+02) (3.955063e-03 5.389531e+00 1.446768e+00)) ((-2.956981e+02 1.013406e+00 8.372769e-01) (-3.112849e-01 2.232288e-03 1.405884e-02))
500.39        	((3.260902e+00 1.327027e+03 7.419714e+02) (2.565768e-03 5.373003e+00 1.441652e+00)) ((-2.950572e+02 1.121258e+00 9.861146e-01) (-2.970187e-01 2.311899e-03 1.288637e-02))
500.4         	((3.655384e+00 1.330435e+03 7.411846e+02) (1.895909e-03 5.357267e+00 1.437857e+00)) ((-2.940485e+02 1.260204e+00 1.073376e+00) (-2.830635e-01 2.618127e-03 1.175066e-02))
500.41        	((4.032519e+00 1.331988e+03 7.399426e+02) (1.608931e-03 5.343568e+00 1.435344e+00)) ((-2.924271e+02 1.367898e+00 1.105853e+00) (-2.699813e-01 2.857409e-03 1.064776e-02))
500.42        	((4.312705e+00 1.331193e+03 7.378929e+02) (1.445782e-03 5.332444e+00 1.433926e+00)) ((-2.903512e+02 1.410219e+00 1.111290e+00) (-2.582798e-01 2.983659e-03 9.655157e-03))
500.43        	((4.513776e+00 1.329328e+03 7.355239e+02) (1.016669e-03 5.323412e+00 1.433544e+00)) ((-2.882769e+02 1.402313e+00 1.123859e+00) (-2.482435e-01 2.976498e-03 8.816064e-03))
500.44        	((4.682623e+00 1.328009e+03 7.335203e+02) (6.470868e-04 5.316209e+00 1.434221e+00)) ((-2.865922e+02 1.379157e+00 1.161117e+00) (-2.397134e-01 2.948196e-03 8.065506e-03))
500.45        	((4.866140e+00 1.328071e+03 7.322545e+02) (3.223904e-04 5.310955e+00 1.435491e+00)) ((-2.853572e+02 1.352591e+00 1.205003e+00) (-2.323018e-01 2.937794e-03 7.440342e-03))
500.46        	((5.061693e+00 1.329211e+03 7.316250e+02) (2.128333e-04 5.307140e+00 1.436903e+00)) ((-2.843847e+02 1.333443e+00 1.233529e+00) (-2.260479e-01 2.974907e-03 6.873708e-03))
500.47        	((5.287924e+00 1.330544e+03 7.312825e+02) (-1.626665e-04 5.304465e+00 1.438903e+00)) ((-2.834011e+02 1.334956e+00 1.243400e+00) (-2.207142e-01 2.827847e-03 6.279076e-03))
500.48        	((5.511679e+00 1.331415e+03 7.309265e+02) (-1.522261e-04 5.301977e+00 1.441063e+00)) ((-2.822573e+02 1.350697e+00 1.239869e+00) (-2.154745e-01 2.820757e-03 5.776586e-03))
500.49        	((5.753387e+00 1.331783e+03 7.305012e+02) (-2.133426e-04 5.299115e+00 1.442796e+00)) ((-2.810063e+02 1.360595e+00 1.233639e+00) (-2.102108e-01 2.963096e-03 5.572690e-03))
500.5         	((5.994723e+00 1.332023e+03 7.300835e+02) (7.482678e-05 5.297218e+00 1.443689e+00)) ((-2.798029e+02 1.386896e+00 1.246211e+00) (-2.057306e-01 2.882685e-03 5.121497e-03))
500.51        	((6.281277e+00 1.332504e+03 7.298104e+02) (-5.793108e-05 5.297523e+00 1.446415e+00)) ((-2.787305e+02 1.427121e+00 1.278232e+00) (-2.022810e-01 2.755635e-03 4.861973e-03))
500.52        	((6.565311e+00 1.333276e+03 7.297731e+02) (-8.926448e-04 5.296481e+00 1.450045e+00)) ((-2.777893e+02 1.454464e+00 1.308849e+00) (-1.999077e-01 3.268732e-03 5.260642e-03))
500.53        	((6.800629e+00 1.334228e+03 7.299418e+02) (1.019873e-03 5.298827e+00 1.452353e+00)) ((-2.769032e+02 1.480979e+00 1.338477e+00) (-1.976247e-01 2.919605e-03 4.453209e-03))
500.54        	((7.058239e+00 1.335145e+03 7.301914e+02) (5.868144e-04 5.299758e+00 1.454848e+00)) ((-2.760019e+02 1.509682e+00 1.371662e+00) (-1.961832e-01 3.198152e-03 4.670894e-03))
500.55        	((7.259009e+00 1.335951e+03 7.304580e+02) (2.163913e-03 5.302063e+00 1.456456e+00)) ((-2.750511e+02 1.536377e+00 1.406706e+00) (-1.942902e-01 3.110981e-03 4.144221e-03))
500.56        	((7.432069e+00 1.336660e+03 7.307192e+02) (3.027754e-03 5.304494e+00 1.457619e+00)) ((-2.740871e+02 1.546954e+00 1.443054e+00) (-1.929768e-01 3.420679e-03 4.103729e-03))
500.57        	((7.590481e+00 1.337372e+03 7.310646e+02) (3.390186e-03 5.307281e+00 1.458958e+00)) ((-2.732048e+02 1.549137e+00 1.480410e+00) (-1.922019e-01 3.549826e-03 4.117854e-03))
500.58        	((7.721392e+00 1.338152e+03 7.315316e+02) (4.550639e-03 5.310021e+00 1.460550e+00)) ((-2.724390e+02 1.543323e+00 1.510011e+00) (-1.915278e-01 3.751515e-03 4.110673e-03))
500.59        	((7.819429e+00 1.338979e+03 7.320724e+02) (5.707790e-03 5.312691e+00 1.462026e+00)) ((-2.717516e+02 1.532148e+00 1.527706e+00) (-1.908203e-01 4.237520e-03 4.209403e-03))
500.6         	((7.884334e+00 1.339820e+03 7.326189e+02) (7.167048e-03 5.314622e+00 1.463195e+00)) ((-2.711062e+02 1.526954e+00 1.541586e+00) (-1.898369e-01 4.552620e-03 4.053867e-03))
500.61        	((7.928186e+00 1.340686e+03 7.331623e+02) (8.247266e-03 5.315769e+00 1.464180e+00)) ((-2.705040e+02 1.526173e+00 1.557156e+00) (-1.884858e-01 5.033579e-03 4.019906e-03))
500.62        	((7.983191e+00 1.341565e+03 7.337282e+02) (9.321974e-03 5.317140e+00 1.465654e+00)) ((-2.699537e+02 1.530075e+00 1.575239e+00) (-1.877958e-01 5.406096e-03 4.153122e-03))
500.63        	((8.057251e+00 1.342494e+03 7.343170e+02) (1.026222e-02 5.318361e+00 1.466923e+00)) ((-2.694763e+02 1.531283e+00 1.586706e+00) (-1.873802e-01 5.849275e-03 4.381715e-03))
500.64        	((8.119039e+00 1.343481e+03 7.348974e+02) (1.119777e-02 5.319418e+00 1.468296e+00)) ((-2.690598e+02 1.525950e+00 1.583168e+00) (-1.872512e-01 6.330009e-03 4.663113e-03))
500.65        	((8.167850e+00 1.344534e+03 7.354504e+02) (1.174866e-02 5.319638e+00 1.469285e+00)) ((-2.686926e+02 1.531506e+00 1.573311e+00) (-1.865977e-01 6.546333e-03 4.742620e-03))
500.66        	((8.190244e+00 1.345624e+03 7.359695e+02) (1.208096e-02 5.319604e+00 1.470452e+00)) ((-2.683528e+02 1.531468e+00 1.553742e+00) (-1.860210e-01 6.715132e-03 4.822228e-03))
500.67        	((8.187223e+00 1.346738e+03 7.364541e+02) (1.218531e-02 5.319547e+00 1.471581e+00)) ((-2.680318e+02 1.512026e+00 1.525600e+00) (-1.854798e-01 6.865160e-03 4.915788e-03))
500.68        	((8.172999e+00 1.347890e+03 7.368873e+02) (1.200655e-02 5.319249e+00 1.472720e+00)) ((-2.677230e+02 1.475901e+00 1.494486e+00) (-1.849371e-01 6.885444e-03 4.981286e-03))
500.69        	((8.151933e+00 1.349086e+03 7.372690e+02) (1.178436e-02 5.318957e+00 1.473328e+00)) ((-2.674272e+02 1.430756e+00 1.463701e+00) (-1.845784e-01 6.764744e-03 4.973920e-03))
500.7         	((8.099215e+00 1.350342e+03 7.376037e+02) (1.137477e-02 5.318994e+00 1.473673e+00)) ((-2.671408e+02 1.389925e+00 1.438176e+00) (-1.843045e-01 6.545512e-03 4.876410e-03))
500.71        	((8.021904e+00 1.351657e+03 7.378818e+02) (1.097280e-02 5.319123e+00 1.473885e+00)) ((-2.668583e+02 1.347399e+00 1.415021e+00) (-1.841474e-01 6.198590e-03 4.747960e-03))
500.72        	((7.926684e+00 1.353016e+03 7.381078e+02) (1.032998e-02 5.319180e+00 1.473858e+00)) ((-2.665743e+02 1.303743e+00 1.395695e+00) (-1.842324e-01 5.858559e-03 4.581672e-03))
500.73        	((7.809520e+00 1.354402e+03 7.382898e+02) (9.851665e-03 5.319796e+00 1.474000e+00)) ((-2.662775e+02 1.258384e+00 1.381301e+00) (-1.845246e-01 5.410860e-03 4.462895e-03))
500.74        	((7.639894e+00 1.355757e+03 7.384373e+02) (8.777231e-03 5.320183e+00 1.473728e+00)) ((-2.659601e+02 1.219399e+00 1.379841e+00) (-1.850832e-01 5.215702e-03 4.231810e-03))
500.75        	((7.472415e+00 1.356995e+03 7.385180e+02) (8.126918e-03 5.323667e+00 1.474815e+00)) ((-2.656471e+02 1.176522e+00 1.381385e+00) (-1.845206e-01 4.780720e-03 4.011611e-03))
500.76        	((7.327104e+00 1.358115e+03 7.385314e+02) (7.751347e-03 5.326568e+00 1.475759e+00)) ((-2.653599e+02 1.120681e+00 1.377808e+00) (-1.842875e-01 4.189208e-03 3.839495e-03))
500.77        	((7.175199e+00 1.359135e+03 7.384964e+02) (7.381775e-03 5.329652e+00 1.476304e+00)) ((-2.651059e+02 1.059315e+00 1.368697e+00) (-1.842014e-01 3.799480e-03 3.544932e-03))
500.78        	((7.002611e+00 1.360071e+03 7.384452e+02) (7.051970e-03 5.332228e+00 1.476361e+00)) ((-2.648662e+02 9.946597e-01 1.356382e+00) (-1.841730e-01 3.488619e-03 3.471957e-03))
500.79        	((6.811139e+00 1.360917e+03 7.383888e+02) (6.033080e-03 5.334537e+00 1.476924e+00)) ((-2.646244e+02 9.372809e-01 1.348878e+00) (-1.838872e-01 2.848849e-03 3.223283e-03))
500.8         	((6.585594e+00 1.361682e+03 7.383231e+02) (5.824106e-03 5.338006e+00 1.477223e+00)) ((-2.643788e+02 8.703683e-01 1.336555e+00) (-1.839147e-01 2.805254e-03 3.085243e-03))
500.81        	((6.342989e+00 1.362372e+03 7.382567e+02) (5.379616e-03 5.340800e+00 1.477628e+00)) ((-2.641310e+02 8.012801e-01 1.324440e+00) (-1.835219e-01 2.539574e-03 2.950364e-03))
500.82        	((6.082209e+00 1.362973e+03 7.381782e+02) (5.185502e-03 5.343622e+00 1.477817e+00)) ((-2.638982e+02 7.282281e-01 1.308818e+00) (-1.832714e-01 2.353591e-03 2.817973e-03))
500.83        	((5.814065e+00 1.363486e+03 7.381118e+02) (4.635179e-03 5.346018e+00 1.477857e+00)) ((-2.636855e+02 6.519853e-01 1.288957e+00) (-1.827239e-01 2.016101e-03 2.703938e-03))
500.84        	((5.539700e+00 1.363940e+03 7.380785e+02) (4.158279e-03 5.348508e+00 1.478278e+00)) ((-2.634880e+02 5.696824e-01 1.261859e+00) (-1.829074e-01 1.758676e-03 2.480866e-03))
500.85        	((5.263960e+00 1.364344e+03 7.380783e+02) (4.122816e-03 5.350374e+00 1.478381e+00)) ((-2.632852e+02 4.796819e-01 1.227292e+00) (-1.835919e-01 1.689603e-03 2.274455e-03))
500.86        	((4.994921e+00 1.364717e+03 7.381160e+02) (3.959132e-03 5.351441e+00 1.478437e+00)) ((-2.630626e+02 3.896721e-01 1.192199e+00) (-1.844950e-01 1.570950e-03 2.170885e-03))
500.87        	((4.694884e+00 1.365084e+03 7.381790e+02) (3.672334e-03 5.353841e+00 1.479431e+00)) ((-2.628333e+02 3.184209e-01 1.166362e+00) (-1.846093e-01 1.456242e-03 2.141151e-03))
500.88        	((4.397705e+00 1.365420e+03 7.382486e+02) (3.277254e-03 5.355734e+00 1.479776e+00)) ((-2.626334e+02 2.544552e-01 1.137192e+00) (-1.838684e-01 1.175056e-03 1.935042e-03))
500.89        	((4.104354e+00 1.365696e+03 7.383133e+02) (3.336110e-03 5.357192e+00 1.480040e+00)) ((-2.624856e+02 1.893277e-01 1.101743e+00) (-1.832299e-01 1.090006e-03 1.759148e-03))
500.9         	((3.818123e+00 1.365915e+03 7.383762e+02) (3.558610e-03 5.358468e+00 1.480554e+00)) ((-2.623747e+02 1.358584e-01 1.074293e+00) (-1.825361e-01 9.334012e-04 1.625002e-03))
500.91        	((3.538512e+00 1.366105e+03 7.384519e+02) (3.861049e-03 5.359987e+00 1.481146e+00)) ((-2.622800e+02 9.047508e-02 1.051159e+00) (-1.818447e-01 8.667658e-04 1.486164e-03))
500.92        	((3.264631e+00 1.366289e+03 7.385445e+02) (3.983584e-03 5.361466e+00 1.481773e+00)) ((-2.621796e+02 5.490399e-02 1.033121e+00) (-1.810325e-01 7.574655e-04 1.380607e-03))
500.93        	((3.003550e+00 1.366467e+03 7.386461e+02) (4.141139e-03 5.362984e+00 1.482428e+00)) ((-2.620741e+02 2.237158e-02 1.011607e+00) (-1.802281e-01 7.487024e-04 1.306762e-03))
500.94        	((2.753471e+00 1.366628e+03 7.387501e+02) (4.307116e-03 5.364269e+00 1.483090e+00)) ((-2.619753e+02 -6.757596e-03 9.858710e-01) (-1.793676e-01 7.319028e-04 1.232952e-03))
500.95        	((2.517368e+00 1.366749e+03 7.388451e+02) (4.418910e-03 5.365373e+00 1.483656e+00)) ((-2.618919e+02 -3.162721e-02 9.576319e-01) (-1.785675e-01 7.215887e-04 1.145633e-03))
500.96        	((2.300433e+00 1.366834e+03 7.389279e+02) (4.515160e-03 5.366565e+00 1.484228e+00)) ((-2.618201e+02 -5.025054e-02 9.312382e-01) (-1.777059e-01 6.793677e-04 1.064149e-03))
500.97        	((2.115499e+00 1.366893e+03 7.389996e+02) (4.538375e-03 5.367613e+00 1.484788e+00)) ((-2.617623e+02 -6.646044e-02 9.055360e-01) (-1.769142e-01 6.781198e-04 9.746582e-04))
500.98        	((1.957502e+00 1.366941e+03 7.390684e+02) (4.539231e-03 5.368516e+00 1.485435e+00)) ((-2.617146e+02 -7.679369e-02 8.821882e-01) (-1.763179e-01 6.935308e-04 9.395285e-04))
500.99        	((1.836910e+00 1.366969e+03 7.391173e+02) (4.555198e-03 5.369402e+00 1.486256e+00)) ((-2.616588e+02 -8.681913e-02 8.569201e-01) (-1.757574e-01 7.704723e-04 8.999988e-04))
501           	((1.730344e+00 1.366987e+03 7.391499e+02) (4.485785e-03 5.370246e+00 1.487099e+00)) ((-2.615888e+02 -8.124385e-02 8.390126e-01) (-1.752484e-01 7.271456e-04 9.143746e-04))
501.01        	((1.671535e+00 1.366998e+03 7.391664e+02) (4.349847e-03 5.371224e+00 1.488018e+00)) ((-2.615024e+02 -8.376279e-02 8.121750e-01) (-1.745373e-01 7.615760e-04 8.106535e-04))
501.02        	((1.601401e+00 1.367005e+03 7.391726e+02) (4.339069e-03 5.371805e+00 1.488771e+00)) ((-2.614055e+02 -5.795360e-02 8.017448e-01) (-1.740205e-01 6.640958e-04 8.967954e-04))
501.03        	((1.597993e+00 1.367012e+03 7.391693e+02) (4.307767e-03 5.372725e+00 1.489693e+00)) ((-2.613033e+02 -5.923021e-02 7.725282e-01) (-1.730780e-01 8.409795e-04 7.002498e-04))
501.04        	((1.550346e+00 1.367026e+03 7.391596e+02) (4.594131e-03 5.373160e+00 1.490528e+00)) ((-2.612030e+02 -1.676164e-02 7.727002e-01) (-1.723140e-01 9.319587e-04 9.679804e-04))
501.05        	((1.584232e+00 1.367044e+03 7.391485e+02) (4.785756e-03 5.373887e+00 1.491522e+00)) ((-2.611031e+02 -1.460784e-02 7.472879e-01) (-1.715481e-01 1.216157e-03 6.872938e-04))
501.06        	((1.565989e+00 1.367054e+03 7.391230e+02) (4.876881e-03 5.375099e+00 1.492590e+00)) ((-2.609904e+02 3.454383e-02 7.542360e-01) (-1.706047e-01 1.181954e-03 9.273432e-04))
501.07        	((1.615066e+00 1.367055e+03 7.390743e+02) (5.110982e-03 5.375924e+00 1.493454e+00)) ((-2.608629e+02 4.359736e-02 7.346750e-01) (-1.699957e-01 1.337372e-03 6.207734e-04))
501.08        	((1.597948e+00 1.367052e+03 7.390013e+02) (5.564239e-03 5.376992e+00 1.494468e+00)) ((-2.607175e+02 9.225617e-02 7.416499e-01) (-1.690685e-01 1.522918e-03 9.258639e-04))
501.09        	((1.642430e+00 1.367047e+03 7.389164e+02) (6.163707e-03 5.377789e+00 1.495399e+00)) ((-2.605697e+02 9.394851e-02 7.200894e-01) (-1.682986e-01 1.934542e-03 7.226757e-04))
501.1         	((1.618962e+00 1.367014e+03 7.388086e+02) (6.491801e-03 5.378827e+00 1.496184e+00)) ((-2.604221e+02 1.376763e-01 7.303873e-01) (-1.676505e-01 2.088437e-03 1.053231e-03))
501.11        	((1.660793e+00 1.366985e+03 7.387008e+02) (6.975674e-03 5.379636e+00 1.496869e+00)) ((-2.602798e+02 1.353214e-01 7.119756e-01) (-1.668762e-01 2.501015e-03 8.482427e-04))
501.12        	((1.627773e+00 1.366979e+03 7.386054e+02) (7.454545e-03 5.380396e+00 1.497474e+00)) ((-2.601419e+02 1.723610e-01 7.194955e-01) (-1.660047e-01 2.871867e-03 1.284358e-03))
501.13        	((1.655837e+00 1.366982e+03 7.385252e+02) (7.959740e-03 5.381107e+00 1.497869e+00)) ((-2.600060e+02 1.583272e-01 6.942601e-01) (-1.653695e-01 3.345885e-03 1.092865e-03))
501.14        	((1.625505e+00 1.366971e+03 7.384477e+02) (7.953819e-03 5.382536e+00 1.498194e+00)) ((-2.598709e+02 1.851774e-01 6.977613e-01) (-1.647835e-01 3.428583e-03 1.389569e-03))
501.15        	((1.668725e+00 1.366927e+03 7.383591e+02) (8.030671e-03 5.383895e+00 1.498397e+00)) ((-2.597282e+02 1.693384e-01 6.748317e-01) (-1.645611e-01 3.667681e-03 1.141960e-03))
501.16        	((1.653762e+00 1.366859e+03 7.382595e+02) (8.044307e-03 5.385519e+00 1.498481e+00)) ((-2.595752e+02 1.928893e-01 6.795639e-01) (-1.642559e-01 3.709670e-03 1.404082e-03))
501.17        	((1.698272e+00 1.366783e+03 7.381597e+02) (8.139278e-03 5.387150e+00 1.498448e+00)) ((-2.594206e+02 1.725719e-01 6.566599e-01) (-1.640789e-01 3.883663e-03 1.131988e-03))
501.18        	((1.674652e+00 1.366708e+03 7.380671e+02) (8.025368e-03 5.389251e+00 1.498434e+00)) ((-2.592738e+02 1.965216e-01 6.629931e-01) (-1.639274e-01 3.838380e-03 1.409807e-03))
501.19        	((1.718183e+00 1.366630e+03 7.379914e+02) (7.947785e-03 5.391378e+00 1.498363e+00)) ((-2.591374e+02 1.780368e-01 6.422717e-01) (-1.638631e-01 3.941073e-03 1.140325e-03))
501.2         	((1.702294e+00 1.366543e+03 7.379283e+02) (7.910079e-03 5.393361e+00 1.498062e+00)) ((-2.590074e+02 1.998211e-01 6.485786e-01) (-1.637957e-01 3.893501e-03 1.390504e-03))
501.21        	((1.750956e+00 1.366439e+03 7.378727e+02) (7.972533e-03 5.395272e+00 1.497669e+00)) ((-2.588788e+02 1.759144e-01 6.258264e-01) (-1.637670e-01 4.017585e-03 1.138039e-03))
501.22        	((1.721090e+00 1.366319e+03 7.378147e+02) (8.015588e-03 5.397245e+00 1.497054e+00)) ((-2.587651e+02 1.864486e-01 6.305903e-01) (-1.632865e-01 3.977427e-03 1.406804e-03))
501.23        	((1.737693e+00 1.366228e+03 7.377747e+02) (8.753283e-03 5.398074e+00 1.495098e+00)) ((-2.586692e+02 1.381098e-01 5.985005e-01) (-1.617194e-01 4.644393e-03 1.279013e-03))
501.24        	((1.695811e+00 1.366104e+03 7.377431e+02) (7.964660e-03 5.400653e+00 1.495915e+00)) ((-2.585831e+02 1.347816e-01 5.982599e-01) (-1.624286e-01 3.901959e-03 1.271514e-03))
501.25        	((1.723989e+00 1.365988e+03 7.377696e+02) (7.765300e-03 5.402734e+00 1.495726e+00)) ((-2.585167e+02 1.007118e-01 5.764799e-01) (-1.625525e-01 3.736611e-03 8.156783e-04))
501.26        	((1.679236e+00 1.365849e+03 7.378060e+02) (7.640050e-03 5.404984e+00 1.495707e+00)) ((-2.584386e+02 1.196266e-01 5.880721e-01) (-1.624991e-01 3.358442e-03 9.478574e-04))
501.27        	((1.739577e+00 1.365697e+03 7.378488e+02) (6.916694e-03 5.407667e+00 1.495776e+00)) ((-2.583471e+02 9.897744e-02 5.713522e-01) (-1.624830e-01 3.201707e-03 5.172872e-04))
501.28        	((1.765333e+00 1.365528e+03 7.379029e+02) (6.325836e-03 5.409975e+00 1.495655e+00)) ((-2.582625e+02 1.245632e-01 5.877009e-01) (-1.627591e-01 2.815032e-03 5.550507e-04))
501.29        	((1.877397e+00 1.365335e+03 7.379758e+02) (5.718591e-03 5.412319e+00 1.495504e+00)) ((-2.581885e+02 1.118628e-01 5.846728e-01) (-1.630143e-01 2.651069e-03 9.405694e-05))
501.3         	((1.937385e+00 1.365141e+03 7.380778e+02) (5.067834e-03 5.414817e+00 1.495420e+00)) ((-2.581326e+02 1.476572e-01 6.178950e-01) (-1.630896e-01 2.331700e-03 2.523297e-04))
501.31        	((2.091425e+00 1.364962e+03 7.382037e+02) (4.343195e-03 5.417328e+00 1.495375e+00)) ((-2.580947e+02 1.348286e-01 6.215563e-01) (-1.631323e-01 2.287768e-03 -1.126684e-04))
501.32        	((2.207455e+00 1.364788e+03 7.383499e+02) (3.678933e-03 5.419517e+00 1.495224e+00)) ((-2.580695e+02 1.496537e-01 6.475847e-01) (-1.633945e-01 2.135441e-03 4.268788e-05))
501.33        	((2.421417e+00 1.364585e+03 7.385098e+02) (2.896077e-03 5.421870e+00 1.495135e+00)) ((-2.580492e+02 1.031966e-01 6.395853e-01) (-1.634346e-01 2.210558e-03 -3.418398e-04))
501.34        	((2.603606e+00 1.364359e+03 7.386735e+02) (2.018268e-03 5.424181e+00 1.495017e+00)) ((-2.580269e+02 8.886946e-02 6.597782e-01) (-1.634088e-01 2.055907e-03 -1.437195e-04))
501.35        	((2.898066e+00 1.364133e+03 7.388447e+02) (1.072030e-03 5.426425e+00 1.494860e+00)) ((-2.580090e+02 2.090956e-02 6.514903e-01) (-1.633047e-01 2.112397e-03 -4.886980e-04))
501.36        	((3.179211e+00 1.363938e+03 7.390320e+02) (1.723901e-04 5.428295e+00 1.494614e+00)) ((-2.580016e+02 -1.171065e-02 6.724078e-01) (-1.634270e-01 1.971783e-03 -3.031235e-04))
501.37        	((3.575648e+00 1.363770e+03 7.392594e+02) (-7.536469e-04 5.430115e+00 1.494449e+00)) ((-2.580168e+02 -9.316146e-02 6.667374e-01) (-1.634645e-01 2.041865e-03 -6.226776e-04))
501.38        	((3.976688e+00 1.363628e+03 7.395211e+02) (-1.709445e-03 5.431833e+00 1.494210e+00)) ((-2.580542e+02 -1.453399e-01 6.878193e-01) (-1.635728e-01 1.960766e-03 -3.384020e-04))
501.39        	((4.532621e+00 1.363511e+03 7.398025e+02) (-2.763001e-03 5.434055e+00 1.494088e+00)) ((-2.581054e+02 -2.661372e-01 6.717739e-01) (-1.634251e-01 2.139307e-03 -6.523804e-04))
501.4         	((5.043053e+00 1.363406e+03 7.401129e+02) (-3.644310e-03 5.435601e+00 1.493852e+00)) ((-2.581729e+02 -3.459597e-01 6.910805e-01) (-1.635982e-01 2.031145e-03 -4.093483e-04))
501.41        	((5.702113e+00 1.363318e+03 7.404159e+02) (-4.950244e-03 5.437901e+00 1.493804e+00)) ((-2.582505e+02 -4.942207e-01 6.757139e-01) (-1.633498e-01 2.280171e-03 -7.056439e-04))
501.42        	((6.176938e+00 1.363139e+03 7.406217e+02) (-5.866950e-03 5.438999e+00 1.493595e+00)) ((-2.582839e+02 -5.788099e-01 7.225100e-01) (-1.634792e-01 2.151868e-03 -3.717254e-04))
501.43        	((6.889664e+00 1.363089e+03 7.409172e+02) (-7.377073e-03 5.441578e+00 1.493512e+00)) ((-2.583736e+02 -7.395778e-01 7.097603e-01) (-1.632001e-01 2.478850e-03 -5.908290e-04))
501.44        	((7.540185e+00 1.363098e+03 7.412980e+02) (-8.129331e-03 5.442897e+00 1.493229e+00)) ((-2.585058e+02 -8.397223e-01 7.317205e-01) (-1.634970e-01 2.325019e-03 -2.827844e-04))
501.45        	((8.355618e+00 1.363178e+03 7.416965e+02) (-9.636768e-03 5.445307e+00 1.492968e+00)) ((-2.586610e+02 -1.014962e+00 7.074187e-01) (-1.631813e-01 2.713199e-03 -4.739710e-04))
501.46        	((8.876897e+00 1.363129e+03 7.419586e+02) (-1.019179e-02 5.445894e+00 1.492321e+00)) ((-2.587556e+02 -1.110491e+00 7.614511e-01) (-1.631651e-01 2.685363e-03 -3.434669e-05))
501.47        	((9.654401e+00 1.363148e+03 7.422901e+02) (-1.197711e-02 5.448815e+00 1.492434e+00)) ((-2.588675e+02 -1.266845e+00 7.681875e-01) (-1.630304e-01 2.751088e-03 -3.401651e-04))
501.48        	((1.024060e+01 1.363103e+03 7.425740e+02) (-1.273511e-02 5.449577e+00 1.491554e+00)) ((-2.589503e+02 -1.340612e+00 8.374537e-01) (-1.634905e-01 2.463780e-03 -1.799046e-05))
501.49        	((1.112787e+01 1.363221e+03 7.429935e+02) (-1.406346e-02 5.452454e+00 1.491112e+00)) ((-2.590772e+02 -1.490532e+00 8.384530e-01) (-1.632177e-01 2.533993e-03 -3.348373e-04))
501.5         	((1.201237e+01 1.363395e+03 7.434803e+02) (-1.512010e-02 5.454139e+00 1.490017e+00)) ((-2.592376e+02 -1.586595e+00 8.729146e-01) (-1.635655e-01 2.237978e-03 -1.943742e-05))
501.51        	((1.280109e+01 1.363459e+03 7.438068e+02) (-1.667475e-02 5.456267e+00 1.488926e+00)) ((-2.593445e+02 -1.709919e+00 9.098049e-01) (-1.635134e-01 2.223696e-03 -2.292773e-04))
501.52        	((1.358179e+01 1.363565e+03 7.442063e+02) (-1.818774e-02 5.458226e+00 1.487328e+00)) ((-2.594686e+02 -1.761931e+00 9.868871e-01) (-1.639091e-01 1.901676e-03 2.140506e-04))
501.53        	((1.428765e+01 1.363607e+03 7.445337e+02) (-1.958219e-02 5.459783e+00 1.485452e+00)) ((-2.595494e+02 -1.827600e+00 1.056567e+00) (-1.642417e-01 1.693430e-03 8.842389e-05))
501.54        	((1.508955e+01 1.363819e+03 7.450284e+02) (-2.107776e-02 5.461681e+00 1.483493e+00)) ((-2.596716e+02 -1.838254e+00 1.141312e+00) (-1.646535e-01 1.377077e-03 5.507935e-04))
501.55        	((1.606607e+01 1.364166e+03 7.456193e+02) (-2.283079e-02 5.463855e+00 1.481029e+00)) ((-2.598129e+02 -1.903857e+00 1.171601e+00) (-1.647810e-01 1.443982e-03 4.754035e-04))
501.56        	((1.690896e+01 1.364468e+03 7.462675e+02) (-2.457897e-02 5.465307e+00 1.478560e+00)) ((-2.599498e+02 -1.895041e+00 1.267086e+00) (-1.651765e-01 1.274255e-03 9.904580e-04))
501.57        	((1.771987e+01 1.364681e+03 7.468670e+02) (-2.690011e-02 5.468090e+00 1.476463e+00)) ((-2.600616e+02 -1.899082e+00 1.364991e+00) (-1.653410e-01 1.319348e-03 1.014274e-03))
501.58        	((1.824851e+01 1.364801e+03 7.472947e+02) (-2.957221e-02 5.470577e+00 1.473328e+00)) ((-2.601185e+02 -1.864725e+00 1.479227e+00) (-1.655940e-01 1.209409e-03 1.635967e-03))
501.59        	((1.896449e+01 1.365051e+03 7.479193e+02) (-3.237522e-02 5.473849e+00 1.469945e+00)) ((-2.602048e+02 -1.867079e+00 1.551136e+00) (-1.658061e-01 1.322437e-03 1.756431e-03))
501.6         	((1.970147e+01 1.365315e+03 7.487097e+02) (-3.545696e-02 5.477355e+00 1.466879e+00)) ((-2.603238e+02 -1.799133e+00 1.676717e+00) (-1.661831e-01 1.308309e-03 2.439780e-03))
501.61        	((2.047675e+01 1.365607e+03 7.495085e+02) (-3.879827e-02 5.481000e+00 1.462938e+00)) ((-2.604655e+02 -1.759722e+00 1.771111e+00) (-1.664911e-01 1.542059e-03 2.659274e-03))
501.62        	((2.109562e+01 1.365858e+03 7.502750e+02) (-4.202115e-02 5.484563e+00 1.458890e+00)) ((-2.606020e+02 -1.659678e+00 1.900823e+00) (-1.668199e-01 1.477607e-03 3.391299e-03))
501.63        	((2.167500e+01 1.366041e+03 7.510173e+02) (-4.533070e-02 5.488006e+00 1.454806e+00)) ((-2.607169e+02 -1.581416e+00 2.016220e+00) (-1.672067e-01 1.624571e-03 3.657557e-03))
501.64        	((2.215313e+01 1.366138e+03 7.517665e+02) (-4.855472e-02 5.491637e+00 1.451531e+00)) ((-2.607913e+02 -1.433495e+00 2.187569e+00) (-1.675569e-01 1.493938e-03 4.342613e-03))
501.65        	((2.263505e+01 1.366306e+03 7.525110e+02) (-5.154550e-02 5.495086e+00 1.447490e+00)) ((-2.608668e+02 -1.321332e+00 2.309736e+00) (-1.679194e-01 1.641242e-03 4.523308e-03))
501.66        	((2.302394e+01 1.366519e+03 7.532882e+02) (-5.445370e-02 5.498510e+00 1.443531e+00)) ((-2.609601e+02 -1.169371e+00 2.444050e+00) (-1.682377e-01 1.528791e-03 5.140718e-03))
501.67        	((2.345610e+01 1.366720e+03 7.540868e+02) (-5.748268e-02 5.501665e+00 1.439858e+00)) ((-2.610663e+02 -1.057086e+00 2.552553e+00) (-1.686356e-01 1.699880e-03 5.338447e-03))
501.68        	((2.385773e+01 1.366832e+03 7.548828e+02) (-6.053760e-02 5.504809e+00 1.437103e+00)) ((-2.611524e+02 -8.933859e-01 2.714429e+00) (-1.688941e-01 1.567482e-03 5.952184e-03))
501.69        	((2.424577e+01 1.366962e+03 7.556484e+02) (-6.366053e-02 5.507581e+00 1.433664e+00)) ((-2.612455e+02 -7.642577e-01 2.851002e+00) (-1.693070e-01 1.683517e-03 6.173865e-03))
501.7         	((2.449826e+01 1.367101e+03 7.564201e+02) (-6.652050e-02 5.510478e+00 1.430708e+00)) ((-2.613350e+02 -5.982664e-01 3.008309e+00) (-1.694664e-01 1.549154e-03 6.728315e-03))
501.71        	((2.472144e+01 1.367203e+03 7.572104e+02) (-6.912923e-02 5.512707e+00 1.427986e+00)) ((-2.614199e+02 -4.584883e-01 3.147766e+00) (-1.698472e-01 1.605399e-03 6.846764e-03))
501.72        	((2.483599e+01 1.367268e+03 7.580243e+02) (-7.139509e-02 5.515023e+00 1.425740e+00)) ((-2.615004e+02 -2.708479e-01 3.319108e+00) (-1.699088e-01 1.409871e-03 7.246584e-03))
501.73        	((2.494317e+01 1.367318e+03 7.588563e+02) (-7.350402e-02 5.516692e+00 1.423719e+00)) ((-2.615792e+02 -9.779553e-02 3.478904e+00) (-1.702158e-01 1.392102e-03 7.234165e-03))
501.74        	((2.493076e+01 1.367379e+03 7.596852e+02) (-7.512030e-02 5.518586e+00 1.422242e+00)) ((-2.616464e+02 1.238805e-01 3.664285e+00) (-1.701204e-01 1.095969e-03 7.457478e-03))
501.75        	((2.487251e+01 1.367437e+03 7.604936e+02) (-7.651705e-02 5.519746e+00 1.420976e+00)) ((-2.617048e+02 3.335253e-01 3.836899e+00) (-1.703842e-01 9.596366e-04 7.322315e-03))
501.76        	((2.467227e+01 1.367466e+03 7.612722e+02) (-7.749018e-02 5.521259e+00 1.420251e+00)) ((-2.617587e+02 5.972018e-01 4.042816e+00) (-1.702166e-01 5.657536e-04 7.407558e-03))
501.77        	((2.446066e+01 1.367448e+03 7.620213e+02) (-7.846878e-02 5.521942e+00 1.419661e+00)) ((-2.618139e+02 8.474080e-01 4.239975e+00) (-1.704732e-01 3.803598e-04 7.168471e-03))
501.78        	((2.417617e+01 1.367401e+03 7.627417e+02) (-7.906440e-02 5.523028e+00 1.419541e+00)) ((-2.618748e+02 1.136441e+00 4.466019e+00) (-1.702739e-01 -7.349071e-05 7.122596e-03))
501.79        	((2.391124e+01 1.367334e+03 7.634308e+02) (-7.954617e-02 5.523333e+00 1.419404e+00)) ((-2.619467e+02 1.399147e+00 4.682238e+00) (-1.705240e-01 -3.101974e-04 6.779056e-03))
501.8         	((2.358151e+01 1.367237e+03 7.640696e+02) (-7.964767e-02 5.524173e+00 1.419703e+00)) ((-2.620259e+02 1.693212e+00 4.927308e+00) (-1.702605e-01 -8.067510e-04 6.623527e-03))
501.81        	((2.326431e+01 1.367123e+03 7.646701e+02) (-7.971346e-02 5.524320e+00 1.419821e+00)) ((-2.621098e+02 1.956686e+00 5.159739e+00) (-1.705141e-01 -1.013832e-03 6.244607e-03))
501.82        	((2.289956e+01 1.367021e+03 7.652365e+02) (-7.957735e-02 5.525077e+00 1.420214e+00)) ((-2.621988e+02 2.253358e+00 5.415930e+00) (-1.704251e-01 -1.483890e-03 6.102730e-03))
501.83        	((2.257337e+01 1.366912e+03 7.657662e+02) (-7.939666e-02 5.525105e+00 1.420283e+00)) ((-2.622808e+02 2.514363e+00 5.650559e+00) (-1.707468e-01 -1.570706e-03 5.821193e-03))
501.84        	((2.222427e+01 1.366804e+03 7.662503e+02) (-7.889996e-02 5.525951e+00 1.421049e+00)) ((-2.623609e+02 2.819420e+00 5.913775e+00) (-1.706671e-01 -2.081685e-03 5.621646e-03))
501.85        	((2.188164e+01 1.366672e+03 7.667123e+02) (-7.779226e-02 5.525614e+00 1.421140e+00)) ((-2.624302e+02 3.065337e+00 6.142121e+00) (-1.705060e-01 -1.786573e-03 5.408703e-03))
501.86        	((2.156346e+01 1.366586e+03 7.671751e+02) (-7.741507e-02 5.526729e+00 1.422513e+00)) ((-2.625349e+02 3.374543e+00 6.409768e+00) (-1.708748e-01 -2.513166e-03 5.123175e-03))
501.87        	((2.125829e+01 1.366472e+03 7.676300e+02) (-7.627981e-02 5.526509e+00 1.422665e+00)) ((-2.626250e+02 3.609888e+00 6.635055e+00) (-1.707126e-01 -2.211826e-03 4.930015e-03))
501.88        	((2.098058e+01 1.366371e+03 7.680431e+02) (-7.546911e-02 5.527826e+00 1.424114e+00)) ((-2.627463e+02 3.917870e+00 6.904166e+00) (-1.712077e-01 -2.759286e-03 4.744512e-03))
501.89        	((2.071014e+01 1.366240e+03 7.684051e+02) (-7.406122e-02 5.527989e+00 1.424390e+00)) ((-2.628438e+02 4.156223e+00 7.130965e+00) (-1.711494e-01 -2.355510e-03 4.590326e-03))
501.9         	((2.045996e+01 1.366158e+03 7.687303e+02) (-7.321208e-02 5.529249e+00 1.425530e+00)) ((-2.629620e+02 4.470502e+00 7.400795e+00) (-1.716274e-01 -2.775662e-03 4.452227e-03))
501.91        	((2.019251e+01 1.366034e+03 7.690217e+02) (-7.210283e-02 5.529571e+00 1.425708e+00)) ((-2.630472e+02 4.709945e+00 7.624881e+00) (-1.716396e-01 -2.386287e-03 4.286493e-03))
501.92        	((1.992688e+01 1.365950e+03 7.692963e+02) (-7.125222e-02 5.530979e+00 1.426780e+00)) ((-2.631478e+02 5.015966e+00 7.885084e+00) (-1.718204e-01 -2.664136e-03 4.266198e-03))
501.93        	((1.974620e+01 1.365837e+03 7.694919e+02) (-7.017079e-02 5.531564e+00 1.427196e+00)) ((-2.632038e+02 5.232665e+00 8.066601e+00) (-1.716127e-01 -2.232441e-03 4.152966e-03))
501.94        	((1.959927e+01 1.365785e+03 7.696754e+02) (-6.930116e-02 5.532719e+00 1.428158e+00)) ((-2.632792e+02 5.504154e+00 8.273385e+00) (-1.718872e-01 -2.478724e-03 4.097054e-03))
501.95        	((1.944641e+01 1.365742e+03 7.698762e+02) (-6.818703e-02 5.532882e+00 1.428320e+00)) ((-2.633402e+02 5.708715e+00 8.445787e+00) (-1.719959e-01 -1.965307e-03 3.967281e-03))
501.96        	((1.925099e+01 1.365736e+03 7.701020e+02) (-6.731006e-02 5.533947e+00 1.429412e+00)) ((-2.634341e+02 5.988245e+00 8.671034e+00) (-1.719932e-01 -2.213538e-03 4.074868e-03))
501.97        	((1.904504e+01 1.365694e+03 7.703307e+02) (-6.664219e-02 5.534223e+00 1.429507e+00)) ((-2.635130e+02 6.207371e+00 8.860153e+00) (-1.719213e-01 -1.814705e-03 4.127327e-03))
501.98        	((1.877924e+01 1.365658e+03 7.705626e+02) (-6.619035e-02 5.532469e+00 1.428711e+00)) ((-2.636035e+02 6.503470e+00 9.084868e+00) (-1.735235e-01 -2.216302e-03 4.591458e-03))
501.99        	((1.855624e+01 1.365595e+03 7.707723e+02) (-6.561033e-02 5.533810e+00 1.429632e+00)) ((-2.636610e+02 6.709965e+00 9.246071e+00) (-1.730753e-01 -1.567620e-03 4.312404e-03))
502           	((1.829230e+01 1.365552e+03 7.709573e+02) (-6.531502e-02 5.535465e+00 1.430669e+00)) ((-2.637341e+02 6.987480e+00 9.444486e+00) (-1.729452e-01 -1.885208e-03 4.616823e-03))
502.01        	((1.801542e+01 1.365486e+03 7.711329e+02) (-6.476674e-02 5.536339e+00 1.431182e+00)) ((-2.637760e+02 7.192190e+00 9.590713e+00) (-1.725761e-01 -1.518809e-03 4.520960e-03))
502.02        	((1.764182e+01 1.365434e+03 7.713178e+02) (-6.432304e-02 5.536963e+00 1.431399e+00)) ((-2.638300e+02 7.472767e+00 9.776465e+00) (-1.732431e-01 -1.833162e-03 4.815173e-03))
502.03        	((1.723604e+01 1.365360e+03 7.715069e+02) (-6.359718e-02 5.537984e+00 1.431161e+00)) ((-2.638571e+02 7.682312e+00 9.912097e+00) (-1.727673e-01 -1.496768e-03 4.856586e-03))
502.04        	((1.678840e+01 1.365320e+03 7.717093e+02) (-6.355785e-02 5.538688e+00 1.431029e+00)) ((-2.639156e+02 7.967316e+00 1.008730e+01) (-1.739404e-01 -2.068495e-03 5.051032e-03))
502.05        	((1.638533e+01 1.365279e+03 7.719106e+02) (-6.363683e-02 5.538989e+00 1.430410e+00)) ((-2.639486e+02 8.173103e+00 1.020936e+01) (-1.747671e-01 -1.827465e-03 4.827621e-03))
502.06        	((1.591170e+01 1.365270e+03 7.721131e+02) (-6.374778e-02 5.541443e+00 1.430455e+00)) ((-2.639953e+02 8.438137e+00 1.036637e+01) (-1.744038e-01 -2.175846e-03 5.381971e-03))
502.07        	((1.543035e+01 1.365250e+03 7.723079e+02) (-6.306566e-02 5.542460e+00 1.428902e+00)) ((-2.640267e+02 8.607142e+00 1.045993e+01) (-1.731762e-01 -1.179149e-03 5.650753e-03))
502.08        	((1.486380e+01 1.365238e+03 7.724836e+02) (-6.463317e-02 5.544877e+00 1.429134e+00)) ((-2.640784e+02 8.851886e+00 1.059807e+01) (-1.745502e-01 -2.241661e-03 5.758537e-03))
502.09        	((1.434163e+01 1.365205e+03 7.726395e+02) (-6.554823e-02 5.547150e+00 1.428378e+00)) ((-2.641174e+02 9.044981e+00 1.069815e+01) (-1.742321e-01 -2.144045e-03 5.832864e-03))
502.1         	((1.379243e+01 1.365185e+03 7.727842e+02) (-6.655441e-02 5.548518e+00 1.427221e+00)) ((-2.641922e+02 9.299856e+00 1.083015e+01) (-1.754002e-01 -2.597175e-03 6.064761e-03))
502.11        	((1.326628e+01 1.365147e+03 7.729132e+02) (-6.773839e-02 5.550444e+00 1.426045e+00)) ((-2.642424e+02 9.478320e+00 1.091069e+01) (-1.755419e-01 -2.484673e-03 6.093853e-03))
502.12        	((1.265258e+01 1.365113e+03 7.730259e+02) (-6.867712e-02 5.551881e+00 1.424906e+00)) ((-2.642975e+02 9.714697e+00 1.102416e+01) (-1.758744e-01 -2.847405e-03 6.573598e-03))
502.13        	((1.207455e+01 1.365058e+03 7.731196e+02) (-6.955854e-02 5.553270e+00 1.423742e+00)) ((-2.643217e+02 9.875978e+00 1.108591e+01) (-1.754303e-01 -2.584791e-03 6.760820e-03))
502.14        	((1.147795e+01 1.365016e+03 7.732018e+02) (-7.073185e-02 5.554178e+00 1.422671e+00)) ((-2.643535e+02 1.009662e+01 1.118029e+01) (-1.767065e-01 -3.316128e-03 6.850735e-03))
502.15        	((1.094121e+01 1.364957e+03 7.732736e+02) (-7.187695e-02 5.555561e+00 1.421541e+00)) ((-2.643494e+02 1.022378e+01 1.121612e+01) (-1.768764e-01 -3.366702e-03 6.670651e-03))
502.16        	((1.035736e+01 1.364923e+03 7.733451e+02) (-7.317643e-02 5.556781e+00 1.420616e+00)) ((-2.643604e+02 1.038219e+01 1.127396e+01) (-1.768357e-01 -3.717819e-03 7.065301e-03))
502.17        	((9.855703e+00 1.364932e+03 7.734541e+02) (-7.420838e-02 5.559445e+00 1.419771e+00)) ((-2.643819e+02 1.047735e+01 1.129098e+01) (-1.765330e-01 -3.718094e-03 6.979548e-03))
502.18        	((9.351007e+00 1.364960e+03 7.735770e+02) (-7.502108e-02 5.560735e+00 1.418427e+00)) ((-2.644258e+02 1.060384e+01 1.132741e+01) (-1.773040e-01 -4.200866e-03 6.966482e-03))
502.19        	((8.878729e+00 1.364945e+03 7.736839e+02) (-7.387316e-02 5.561509e+00 1.415194e+00)) ((-2.644418e+02 1.062333e+01 1.130279e+01) (-1.748073e-01 -2.579453e-03 7.377515e-03))
502.2         	((8.369273e+00 1.364897e+03 7.737639e+02) (-7.578398e-02 5.564718e+00 1.415913e+00)) ((-2.644507e+02 1.065571e+01 1.129153e+01) (-1.766196e-01 -4.202339e-03 6.972084e-03))
502.21        	((8.043329e+00 1.364849e+03 7.738293e+02) (-7.689087e-02 5.567307e+00 1.415937e+00)) ((-2.644608e+02 1.066514e+01 1.126391e+01) (-1.767463e-01 -4.507742e-03 6.687958e-03))
502.22        	((7.689393e+00 1.364806e+03 7.738964e+02) (-7.631528e-02 5.567422e+00 1.414058e+00)) ((-2.644773e+02 1.066034e+01 1.123464e+01) (-1.766353e-01 -4.202899e-03 6.860265e-03))
502.23        	((7.512584e+00 1.364829e+03 7.739741e+02) (-7.758398e-02 5.569014e+00 1.414448e+00)) ((-2.645261e+02 1.063200e+01 1.119170e+01) (-1.777142e-01 -4.735096e-03 6.291084e-03))
502.24        	((7.267830e+00 1.364827e+03 7.740371e+02) (-7.746393e-02 5.570097e+00 1.413896e+00)) ((-2.645469e+02 1.060235e+01 1.115751e+01) (-1.771074e-01 -4.881047e-03 6.434406e-03))
502.25        	((7.212599e+00 1.364857e+03 7.740904e+02) (-7.807783e-02 5.571515e+00 1.414310e+00)) ((-2.645822e+02 1.054769e+01 1.110746e+01) (-1.772197e-01 -5.019628e-03 6.063759e-03))
502.26        	((7.114791e+00 1.364854e+03 7.741188e+02) (-7.794028e-02 5.572205e+00 1.414033e+00)) ((-2.645905e+02 1.048085e+01 1.105887e+01) (-1.771441e-01 -5.195763e-03 5.986003e-03))
502.27        	((7.132522e+00 1.364858e+03 7.741405e+02) (-7.813790e-02 5.573307e+00 1.414268e+00)) ((-2.645977e+02 1.036496e+01 1.098344e+01) (-1.768856e-01 -5.140825e-03 5.690309e-03))
502.28        	((7.123792e+00 1.364836e+03 7.741510e+02) (-7.777343e-02 5.573807e+00 1.414112e+00)) ((-2.645983e+02 1.025097e+01 1.091466e+01) (-1.767968e-01 -5.239094e-03 5.596631e-03))
502.29        	((7.247639e+00 1.364837e+03 7.741685e+02) (-7.807925e-02 5.574091e+00 1.414252e+00)) ((-2.646014e+02 1.010343e+01 1.082563e+01) (-1.773915e-01 -5.240913e-03 5.109213e-03))
502.3         	((7.232977e+00 1.364744e+03 7.741175e+02) (-7.662034e-02 5.574559e+00 1.413350e+00)) ((-2.645882e+02 9.941779e+00 1.072511e+01) (-1.755491e-01 -4.651415e-03 5.438228e-03))
502.31        	((7.385173e+00 1.364766e+03 7.741264e+02) (-7.739663e-02 5.575298e+00 1.414835e+00)) ((-2.645831e+02 9.768212e+00 1.062298e+01) (-1.769823e-01 -5.347893e-03 4.761329e-03))
502.32        	((7.475676e+00 1.364838e+03 7.741775e+02) (-7.595289e-02 5.575475e+00 1.414636e+00)) ((-2.645615e+02 9.608329e+00 1.053808e+01) (-1.757101e-01 -4.991889e-03 4.885887e-03))
502.33        	((7.631559e+00 1.364890e+03 7.741855e+02) (-7.632491e-02 5.576444e+00 1.416012e+00)) ((-2.645874e+02 9.454071e+00 1.044538e+01) (-1.767816e-01 -5.637817e-03 4.342864e-03))
502.34        	((7.674881e+00 1.364866e+03 7.741570e+02) (-7.522080e-02 5.576417e+00 1.415757e+00)) ((-2.645975e+02 9.295236e+00 1.034933e+01) (-1.760493e-01 -5.398986e-03 4.332260e-03))
502.35        	((7.865661e+00 1.364963e+03 7.742043e+02) (-7.531317e-02 5.576884e+00 1.417155e+00)) ((-2.646138e+02 9.164647e+00 1.028387e+01) (-1.770002e-01 -5.706255e-03 3.950056e-03))
502.36        	((7.938069e+00 1.365003e+03 7.742213e+02) (-7.440233e-02 5.577709e+00 1.417695e+00)) ((-2.646126e+02 9.054888e+00 1.022805e+01) (-1.764007e-01 -5.766053e-03 3.913186e-03))
502.37        	((8.043130e+00 1.365036e+03 7.742268e+02) (-7.402207e-02 5.578046e+00 1.418532e+00)) ((-2.646192e+02 8.954182e+00 1.017329e+01) (-1.765587e-01 -5.767021e-03 3.739685e-03))
502.38        	((8.046922e+00 1.365036e+03 7.742276e+02) (-7.208299e-02 5.577180e+00 1.417980e+00)) ((-2.645993e+02 8.826357e+00 1.010478e+01) (-1.757499e-01 -5.151450e-03 3.721502e-03))
502.39        	((8.148468e+00 1.365138e+03 7.742818e+02) (-7.233305e-02 5.578371e+00 1.420082e+00)) ((-2.645769e+02 8.741379e+00 1.007330e+01) (-1.766067e-01 -5.790566e-03 3.363469e-03))
502.4         	((8.144888e+00 1.365182e+03 7.743120e+02) (-7.078807e-02 5.578069e+00 1.420108e+00)) ((-2.645379e+02 8.652511e+00 1.003252e+01) (-1.757528e-01 -5.419651e-03 3.325969e-03))
502.41        	((8.270883e+00 1.365259e+03 7.743488e+02) (-7.092271e-02 5.576900e+00 1.421026e+00)) ((-2.645381e+02 8.592926e+00 1.000551e+01) (-1.781229e-01 -5.398152e-03 2.793484e-03))
502.42        	((8.279932e+00 1.365324e+03 7.743901e+02) (-6.972937e-02 5.579279e+00 1.421827e+00)) ((-2.645227e+02 8.525783e+00 9.975776e+00) (-1.765112e-01 -5.398471e-03 2.979052e-03))
502.43        	((8.368496e+00 1.365407e+03 7.744327e+02) (-6.942507e-02 5.580299e+00 1.423036e+00)) ((-2.645368e+02 8.495133e+00 9.963827e+00) (-1.767090e-01 -5.552064e-03 2.833360e-03))
502.44        	((8.430320e+00 1.365465e+03 7.744698e+02) (-6.856960e-02 5.580663e+00 1.423484e+00)) ((-2.645329e+02 8.453374e+00 9.945909e+00) (-1.766200e-01 -5.393802e-03 2.711660e-03))
502.45        	((8.456800e+00 1.365532e+03 7.744812e+02) (-6.846049e-02 5.581460e+00 1.424501e+00)) ((-2.645292e+02 8.433598e+00 9.944004e+00) (-1.764720e-01 -5.340652e-03 2.717313e-03))
502.46        	((8.459378e+00 1.365572e+03 7.744975e+02) (-6.652533e-02 5.580630e+00 1.423511e+00)) ((-2.644994e+02 8.369980e+00 9.914392e+00) (-1.748173e-01 -4.068724e-03 3.072921e-03))
502.47        	((8.519240e+00 1.365650e+03 7.745195e+02) (-6.752775e-02 5.582865e+00 1.425900e+00)) ((-2.644986e+02 8.344243e+00 9.903690e+00) (-1.757991e-01 -4.944630e-03 2.794772e-03))
502.48        	((8.606589e+00 1.365706e+03 7.745440e+02) (-6.717852e-02 5.581740e+00 1.425897e+00)) ((-2.644813e+02 8.297203e+00 9.877198e+00) (-1.767983e-01 -4.613321e-03 2.509976e-03))
502.49        	((8.685555e+00 1.365798e+03 7.745735e+02) (-6.713005e-02 5.584020e+00 1.427359e+00)) ((-2.644737e+02 8.300088e+00 9.884900e+00) (-1.761309e-01 -4.848105e-03 2.676239e-03))
502.5         	((8.689290e+00 1.365818e+03 7.745868e+02) (-6.570917e-02 5.583076e+00 1.426766e+00)) ((-2.644531e+02 8.257165e+00 9.865083e+00) (-1.759463e-01 -4.294644e-03 2.589605e-03))
502.51        	((8.713817e+00 1.365864e+03 7.745943e+02) (-6.640851e-02 5.584868e+00 1.428571e+00)) ((-2.644705e+02 8.271334e+00 9.878826e+00) (-1.764070e-01 -4.834077e-03 2.527831e-03))
502.52        	((8.706714e+00 1.365868e+03 7.745985e+02) (-6.586494e-02 5.584353e+00 1.428476e+00)) ((-2.644665e+02 8.241863e+00 9.866279e+00) (-1.762302e-01 -4.525330e-03 2.494559e-03))
502.53        	((8.750377e+00 1.365905e+03 7.745979e+02) (-6.647422e-02 5.586199e+00 1.429926e+00)) ((-2.644917e+02 8.274322e+00 9.888340e+00) (-1.761656e-01 -4.754359e-03 2.661784e-03))
502.54        	((8.801969e+00 1.365911e+03 7.745953e+02) (-6.647714e-02 5.585471e+00 1.429935e+00)) ((-2.644994e+02 8.265319e+00 9.883922e+00) (-1.767325e-01 -4.536699e-03 2.530634e-03))
502.55        	((8.838015e+00 1.365935e+03 7.745862e+02) (-6.675439e-02 5.587285e+00 1.430960e+00)) ((-2.645060e+02 8.295597e+00 9.905195e+00) (-1.759744e-01 -4.574656e-03 2.836537e-03))
502.56        	((8.857740e+00 1.365934e+03 7.745693e+02) (-6.645241e-02 5.587011e+00 1.431152e+00)) ((-2.645052e+02 8.302118e+00 9.910406e+00) (-1.763684e-01 -4.495654e-03 2.705603e-03))
502.57        	((8.884218e+00 1.365944e+03 7.745441e+02) (-6.697380e-02 5.588144e+00 1.432047e+00)) ((-2.645152e+02 8.341204e+00 9.935138e+00) (-1.764963e-01 -4.695834e-03 2.763879e-03))
502.58        	((8.876467e+00 1.365922e+03 7.745148e+02) (-6.683542e-02 5.587814e+00 1.431943e+00)) ((-2.645078e+02 8.339901e+00 9.936390e+00) (-1.768090e-01 -4.527324e-03 2.693983e-03))
502.59        	((8.886949e+00 1.365917e+03 7.744760e+02) (-6.765632e-02 5.589690e+00 1.433036e+00)) ((-2.645202e+02 8.382957e+00 9.963044e+00) (-1.764493e-01 -4.704792e-03 2.958317e-03))
502.6         	((8.890523e+00 1.365885e+03 7.744341e+02) (-6.780170e-02 5.589620e+00 1.432998e+00)) ((-2.645240e+02 8.386619e+00 9.964429e+00) (-1.767457e-01 -4.593307e-03 2.926122e-03))
502.61        	((8.900819e+00 1.365866e+03 7.743850e+02) (-6.857351e-02 5.591261e+00 1.433765e+00)) ((-2.645413e+02 8.418768e+00 9.982488e+00) (-1.764562e-01 -4.694467e-03 3.187403e-03))
502.62        	((8.887192e+00 1.365822e+03 7.743441e+02) (-6.738833e-02 5.589658e+00 1.431905e+00)) ((-2.645416e+02 8.386502e+00 9.963556e+00) (-1.756365e-01 -3.314520e-03 3.594802e-03))
502.63        	((8.865689e+00 1.365826e+03 7.743044e+02) (-6.934804e-02 5.592738e+00 1.434063e+00)) ((-2.645717e+02 8.392598e+00 9.968493e+00) (-1.764948e-01 -4.479344e-03 3.513729e-03))
502.64        	((8.863445e+00 1.365809e+03 7.742663e+02) (-6.965269e-02 5.592784e+00 1.433977e+00)) ((-2.645909e+02 8.390079e+00 9.965858e+00) (-1.770118e-01 -4.628840e-03 3.365926e-03))
502.65        	((8.881042e+00 1.365806e+03 7.742278e+02) (-7.048065e-02 5.594291e+00 1.434507e+00)) ((-2.646195e+02 8.412277e+00 9.977179e+00) (-1.771856e-01 -4.807487e-03 3.536071e-03))
502.66        	((8.865505e+00 1.365786e+03 7.741923e+02) (-7.007988e-02 5.594084e+00 1.433449e+00)) ((-2.646343e+02 8.393317e+00 9.963991e+00) (-1.768761e-01 -4.203179e-03 3.768487e-03))
502.67        	((8.873304e+00 1.365803e+03 7.741549e+02) (-7.151740e-02 5.596562e+00 1.434675e+00)) ((-2.646782e+02 8.417699e+00 9.975081e+00) (-1.772673e-01 -4.811502e-03 3.898257e-03))
502.68        	((8.869549e+00 1.365790e+03 7.741168e+02) (-7.188332e-02 5.596651e+00 1.434195e+00)) ((-2.647010e+02 8.397964e+00 9.957517e+00) (-1.776903e-01 -4.740719e-03 3.890433e-03))
502.69        	((8.868967e+00 1.365794e+03 7.740767e+02) (-7.256318e-02 5.598636e+00 1.434566e+00)) ((-2.647287e+02 8.411202e+00 9.960187e+00) (-1.774978e-01 -4.885395e-03 4.167313e-03))
502.7         	((8.838472e+00 1.365779e+03 7.740378e+02) (-7.212357e-02 5.598342e+00 1.433333e+00)) ((-2.647428e+02 8.380304e+00 9.935449e+00) (-1.773123e-01 -4.363921e-03 4.315678e-03))
502.71        	((8.840616e+00 1.365800e+03 7.739986e+02) (-7.329097e-02 5.600395e+00 1.434060e+00)) ((-2.647802e+02 8.397003e+00 9.938351e+00) (-1.779088e-01 -5.015563e-03 4.287128e-03))
502.72        	((8.824252e+00 1.365794e+03 7.739565e+02) (-7.350704e-02 5.600371e+00 1.433259e+00)) ((-2.647938e+02 8.377087e+00 9.917977e+00) (-1.786133e-01 -5.079637e-03 4.118650e-03))
502.73        	((8.776363e+00 1.365791e+03 7.739117e+02) (-7.394518e-02 5.602686e+00 1.433329e+00)) ((-2.648055e+02 8.372526e+00 9.907802e+00) (-1.780614e-01 -5.093657e-03 4.501183e-03))
502.74        	((8.745122e+00 1.365791e+03 7.738697e+02) (-7.414662e-02 5.603412e+00 1.432917e+00)) ((-2.648250e+02 8.361448e+00 9.890684e+00) (-1.787431e-01 -5.274535e-03 4.381810e-03))
502.75        	((8.659559e+00 1.365778e+03 7.738273e+02) (-7.390874e-02 5.604398e+00 1.432075e+00)) ((-2.648338e+02 8.321517e+00 9.857202e+00) (-1.780144e-01 -4.787377e-03 4.784944e-03))
502.76        	((8.612721e+00 1.365797e+03 7.737876e+02) (-7.465799e-02 5.605595e+00 1.432324e+00)) ((-2.648658e+02 8.309481e+00 9.837955e+00) (-1.790815e-01 -5.386268e-03 4.535857e-03))
502.77        	((8.521991e+00 1.365799e+03 7.737442e+02) (-7.518624e-02 5.607288e+00 1.432138e+00)) ((-2.648753e+02 8.294682e+00 9.818387e+00) (-1.786062e-01 -5.533872e-03 4.741402e-03))
502.78        	((8.429527e+00 1.365794e+03 7.737053e+02) (-7.513755e-02 5.607406e+00 1.431239e+00)) ((-2.648758e+02 8.249518e+00 9.779555e+00) (-1.790990e-01 -5.318091e-03 4.732277e-03))
502.79        	((8.342119e+00 1.365818e+03 7.736668e+02) (-7.566945e-02 5.609591e+00 1.431452e+00)) ((-2.648857e+02 8.251205e+00 9.769922e+00) (-1.790194e-01 -5.753416e-03 4.807643e-03))
502.8         	((8.238033e+00 1.365828e+03 7.736298e+02) (-7.551249e-02 5.609866e+00 1.430703e+00)) ((-2.648850e+02 8.223467e+00 9.741438e+00) (-1.795974e-01 -5.900301e-03 4.590173e-03))
502.81        	((8.097064e+00 1.365841e+03 7.735983e+02) (-7.549110e-02 5.611372e+00 1.430220e+00)) ((-2.648798e+02 8.194214e+00 9.713574e+00) (-1.791901e-01 -5.807247e-03 4.812357e-03))
502.82        	((8.000812e+00 1.365880e+03 7.735734e+02) (-7.576215e-02 5.611913e+00 1.429784e+00)) ((-2.648913e+02 8.175952e+00 9.689886e+00) (-1.803331e-01 -6.160075e-03 4.489069e-03))
502.83        	((7.865311e+00 1.365915e+03 7.735493e+02) (-7.609575e-02 5.614107e+00 1.429622e+00)) ((-2.648919e+02 8.166432e+00 9.674228e+00) (-1.795600e-01 -6.318096e-03 4.729191e-03))
502.84        	((7.724802e+00 1.365941e+03 7.735273e+02) (-7.575762e-02 5.614570e+00 1.428788e+00)) ((-2.648878e+02 8.134487e+00 9.644485e+00) (-1.797743e-01 -6.244463e-03 4.653859e-03))
502.85        	((7.609227e+00 1.365989e+03 7.735078e+02) (-7.622733e-02 5.616274e+00 1.428759e+00)) ((-2.648954e+02 8.131966e+00 9.632739e+00) (-1.799818e-01 -6.621309e-03 4.610049e-03))
502.86        	((7.477588e+00 1.366027e+03 7.734914e+02) (-7.613176e-02 5.616964e+00 1.428087e+00)) ((-2.648905e+02 8.114359e+00 9.613317e+00) (-1.802734e-01 -6.732237e-03 4.464689e-03))
502.87        	((7.312705e+00 1.366063e+03 7.734759e+02) (-7.597031e-02 5.618602e+00 1.427665e+00)) ((-2.648776e+02 8.100688e+00 9.599438e+00) (-1.796088e-01 -6.556355e-03 4.727499e-03))
502.88        	((7.200393e+00 1.366120e+03 7.734666e+02) (-7.627399e-02 5.619369e+00 1.427545e+00)) ((-2.648816e+02 8.099192e+00 9.591127e+00) (-1.805969e-01 -6.932222e-03 4.419750e-03))
502.89        	((7.058590e+00 1.366168e+03 7.734551e+02) (-7.631599e-02 5.620961e+00 1.427460e+00)) ((-2.648739e+02 8.107966e+00 9.591948e+00) (-1.802525e-01 -7.175575e-03 4.428963e-03))
502.9         	((6.932879e+00 1.366208e+03 7.734447e+02) (-7.592565e-02 5.620973e+00 1.426862e+00)) ((-2.648634e+02 8.097399e+00 9.581012e+00) (-1.810182e-01 -7.251330e-03 4.123706e-03))
502.91        	((6.776346e+00 1.366243e+03 7.734303e+02) (-7.574195e-02 5.622623e+00 1.426849e+00)) ((-2.648467e+02 8.101517e+00 9.582012e+00) (-1.801936e-01 -7.212876e-03 4.330569e-03))
502.92        	((6.676526e+00 1.366292e+03 7.734176e+02) (-7.570094e-02 5.623141e+00 1.426886e+00)) ((-2.648490e+02 8.120987e+00 9.590395e+00) (-1.809953e-01 -7.594128e-03 3.970655e-03))
502.93        	((6.555231e+00 1.366330e+03 7.734041e+02) (-7.573124e-02 5.624558e+00 1.426982e+00)) ((-2.648410e+02 8.141765e+00 9.602446e+00) (-1.806255e-01 -7.731210e-03 4.014432e-03))
502.94        	((6.459308e+00 1.366363e+03 7.733968e+02) (-7.542436e-02 5.624112e+00 1.426356e+00)) ((-2.648284e+02 8.137092e+00 9.600521e+00) (-1.815547e-01 -7.595934e-03 3.741710e-03))
502.95        	((6.356191e+00 1.366404e+03 7.733910e+02) (-7.546921e-02 5.626339e+00 1.426814e+00)) ((-2.648113e+02 8.158136e+00 9.619037e+00) (-1.805823e-01 -7.749956e-03 3.960150e-03))
502.96        	((6.274626e+00 1.366434e+03 7.733860e+02) (-7.493010e-02 5.626273e+00 1.426522e+00)) ((-2.647964e+02 8.169046e+00 9.631245e+00) (-1.810969e-01 -7.857795e-03 3.632082e-03))
502.97        	((6.197905e+00 1.366471e+03 7.733782e+02) (-7.503208e-02 5.627686e+00 1.426968e+00)) ((-2.647879e+02 8.208714e+00 9.663258e+00) (-1.808620e-01 -8.056777e-03 3.636754e-03))
502.98        	((6.109117e+00 1.366491e+03 7.733736e+02) (-7.381362e-02 5.627106e+00 1.425830e+00)) ((-2.647685e+02 8.210650e+00 9.674642e+00) (-1.804062e-01 -7.372677e-03 3.675999e-03))
502.99        	((6.053501e+00 1.366536e+03 7.733651e+02) (-7.465995e-02 5.629296e+00 1.427271e+00)) ((-2.647739e+02 8.256939e+00 9.714064e+00) (-1.806557e-01 -8.081351e-03 3.546926e-03))
503           	((6.026613e+00 1.366556e+03 7.733555e+02) (-7.448629e-02 5.628931e+00 1.427129e+00)) ((-2.647648e+02 8.275675e+00 9.736807e+00) (-1.811269e-01 -8.114782e-03 3.251193e-03))
503.01        	((5.978857e+00 1.366574e+03 7.733399e+02) (-7.428493e-02 5.630368e+00 1.427676e+00)) ((-2.647484e+02 8.310625e+00 9.773313e+00) (-1.803063e-01 -8.030385e-03 3.455272e-03))
503.02        	((5.974792e+00 1.366593e+03 7.733203e+02) (-7.396615e-02 5.629969e+00 1.428232e+00)) ((-2.647394e+02 8.352003e+00 9.812652e+00) (-1.806562e-01 -8.176081e-03 3.151185e-03))
503.03        	((5.949890e+00 1.366610e+03 7.733211e+02) (-7.340464e-02 5.630202e+00 1.428120e+00)) ((-2.647251e+02 8.374183e+00 9.844160e+00) (-1.801444e-01 -7.811448e-03 3.257014e-03))
503.04        	((5.978880e+00 1.366655e+03 7.733347e+02) (-7.353900e-02 5.630779e+00 1.429022e+00)) ((-2.647352e+02 8.432583e+00 9.897761e+00) (-1.806754e-01 -8.233274e-03 2.950175e-03))
503.05        	((6.018296e+00 1.366684e+03 7.733535e+02) (-7.370552e-02 5.631515e+00 1.429585e+00)) ((-2.647364e+02 8.485568e+00 9.950007e+00) (-1.803079e-01 -8.250340e-03 2.990785e-03))
503.06        	((6.080026e+00 1.366703e+03 7.733730e+02) (-7.349690e-02 5.631520e+00 1.429913e+00)) ((-2.647374e+02 8.532385e+00 9.998088e+00) (-1.805176e-01 -8.195367e-03 2.859037e-03))
503.07        	((6.135498e+00 1.366709e+03 7.733864e+02) (-7.353148e-02 5.632536e+00 1.430546e+00)) ((-2.647315e+02 8.587879e+00 1.005298e+01) (-1.800097e-01 -8.152526e-03 2.986855e-03))
503.08        	((6.207790e+00 1.366695e+03 7.733997e+02) (-7.323464e-02 5.632041e+00 1.430621e+00)) ((-2.647206e+02 8.616460e+00 1.009044e+01) (-1.803703e-01 -7.929186e-03 2.854847e-03))
503.09        	((6.271585e+00 1.366680e+03 7.734109e+02) (-7.306902e-02 5.632920e+00 1.431252e+00)) ((-2.647110e+02 8.662540e+00 1.013991e+01) (-1.798661e-01 -7.893256e-03 2.950178e-03))
503.1         	((6.372483e+00 1.366667e+03 7.734271e+02) (-7.278547e-02 5.632513e+00 1.431482e+00)) ((-2.647132e+02 8.701832e+00 1.018299e+01) (-1.805353e-01 -7.931789e-03 2.662050e-03))
503.11        	((6.426597e+00 1.366644e+03 7.734447e+02) (-7.176724e-02 5.632791e+00 1.431149e+00)) ((-2.647097e+02 8.731883e+00 1.022245e+01) (-1.788690e-01 -6.998680e-03 3.190141e-03))
503.12        	((6.547252e+00 1.366644e+03 7.734694e+02) (-7.244011e-02 5.633167e+00 1.432426e+00)) ((-2.647333e+02 8.768279e+00 1.026289e+01) (-1.804848e-01 -7.707838e-03 2.671378e-03))
503.13        	((6.641655e+00 1.366623e+03 7.734909e+02) (-7.261876e-02 5.634413e+00 1.433199e+00)) ((-2.647383e+02 8.812434e+00 1.030923e+01) (-1.797230e-01 -7.722680e-03 2.861094e-03))
503.14        	((6.744840e+00 1.366593e+03 7.735157e+02) (-7.215262e-02 5.634175e+00 1.433446e+00)) ((-2.647412e+02 8.833633e+00 1.033977e+01) (-1.799937e-01 -7.430399e-03 2.825097e-03))
503.15        	((6.864591e+00 1.366581e+03 7.735378e+02) (-7.234732e-02 5.635319e+00 1.434486e+00)) ((-2.647583e+02 8.888056e+00 1.038962e+01) (-1.798947e-01 -7.563444e-03 2.888631e-03))
503.16        	((6.999532e+00 1.366559e+03 7.735595e+02) (-7.213489e-02 5.633619e+00 1.434210e+00)) ((-2.647684e+02 8.905520e+00 1.041577e+01) (-1.813506e-01 -7.273061e-03 2.530299e-03))
503.17        	((7.098471e+00 1.366534e+03 7.735759e+02) (-7.176463e-02 5.635500e+00 1.435041e+00)) ((-2.647653e+02 8.919697e+00 1.044317e+01) (-1.796417e-01 -6.956785e-03 3.063118e-03))
503.18        	((7.240958e+00 1.366519e+03 7.735824e+02) (-7.171296e-02 5.635343e+00 1.435839e+00)) ((-2.647873e+02 8.964624e+00 1.048435e+01) (-1.805541e-01 -7.350014e-03 2.659891e-03))
503.19        	((7.349731e+00 1.366485e+03 7.735763e+02) (-7.189579e-02 5.636283e+00 1.436642e+00)) ((-2.648004e+02 9.016393e+00 1.052907e+01) (-1.800076e-01 -7.340119e-03 2.827896e-03))
503.2         	((7.469428e+00 1.366441e+03 7.735647e+02) (-7.173086e-02 5.636291e+00 1.437101e+00)) ((-2.648102e+02 9.053975e+00 1.056305e+01) (-1.803053e-01 -7.256972e-03 2.769567e-03))
503.21        	((7.556670e+00 1.366389e+03 7.735497e+02) (-7.193814e-02 5.637621e+00 1.437895e+00)) ((-2.648140e+02 9.090805e+00 1.059606e+01) (-1.796298e-01 -7.108624e-03 3.097868e-03))
503.22        	((7.649193e+00 1.366325e+03 7.735429e+02) (-7.144833e-02 5.636187e+00 1.437317e+00)) ((-2.648086e+02 9.075821e+00 1.059603e+01) (-1.800096e-01 -6.315896e-03 3.167850e-03))
503.23        	((7.748769e+00 1.366310e+03 7.735485e+02) (-7.210060e-02 5.638769e+00 1.438851e+00)) ((-2.648207e+02 9.107801e+00 1.062599e+01) (-1.796754e-01 -6.785898e-03 3.352999e-03))
503.24        	((7.840919e+00 1.366282e+03 7.735607e+02) (-7.171807e-02 5.638294e+00 1.438859e+00)) ((-2.648308e+02 9.122830e+00 1.064223e+01) (-1.804568e-01 -6.960586e-03 2.995288e-03))
503.25        	((7.887042e+00 1.366259e+03 7.735750e+02) (-7.179763e-02 5.639790e+00 1.439534e+00)) ((-2.648402e+02 9.156955e+00 1.067068e+01) (-1.799945e-01 -6.886292e-03 3.263591e-03))
503.26        	((7.920936e+00 1.366223e+03 7.735929e+02) (-7.129599e-02 5.639750e+00 1.439373e+00)) ((-2.648431e+02 9.164154e+00 1.068097e+01) (-1.801669e-01 -6.631119e-03 3.255438e-03))
503.27        	((7.976529e+00 1.366206e+03 7.736067e+02) (-7.192124e-02 5.641458e+00 1.440265e+00)) ((-2.648653e+02 9.199383e+00 1.070517e+01) (-1.801230e-01 -6.806205e-03 3.439403e-03))
503.28        	((8.031874e+00 1.366173e+03 7.736150e+02) (-7.201648e-02 5.641577e+00 1.440240e+00)) ((-2.648801e+02 9.205890e+00 1.070995e+01) (-1.805853e-01 -6.714873e-03 3.406405e-03))
503.29        	((8.046840e+00 1.366141e+03 7.736155e+02) (-7.228682e-02 5.643444e+00 1.440731e+00)) ((-2.648918e+02 9.223916e+00 1.072234e+01) (-1.798475e-01 -6.596146e-03 3.811766e-03))
503.3         	((8.054305e+00 1.366101e+03 7.736137e+02) (-7.214520e-02 5.643632e+00 1.440605e+00)) ((-2.649024e+02 9.224515e+00 1.072197e+01) (-1.799378e-01 -6.418591e-03 3.862090e-03))
503.31        	((8.086477e+00 1.366081e+03 7.736135e+02) (-7.259911e-02 5.644549e+00 1.440890e+00)) ((-2.649244e+02 9.241785e+00 1.073071e+01) (-1.805245e-01 -6.664931e-03 3.805349e-03))
503.32        	((8.067073e+00 1.366056e+03 7.736112e+02) (-7.259887e-02 5.645489e+00 1.440883e+00)) ((-2.649370e+02 9.259816e+00 1.074029e+01) (-1.804613e-01 -6.762948e-03 3.832999e-03))
503.33        	((8.058685e+00 1.366027e+03 7.736117e+02) (-7.292129e-02 5.645758e+00 1.440514e+00)) ((-2.649449e+02 9.244348e+00 1.072852e+01) (-1.810666e-01 -6.498034e-03 3.937164e-03))
503.34        	((8.021486e+00 1.366012e+03 7.736101e+02) (-7.312733e-02 5.647546e+00 1.440827e+00)) ((-2.649584e+02 9.259533e+00 1.073502e+01) (-1.806307e-01 -6.753362e-03 4.067924e-03))
503.35        	((7.965749e+00 1.365980e+03 7.736104e+02) (-7.158749e-02 5.646558e+00 1.438503e+00)) ((-2.649640e+02 9.223869e+00 1.070951e+01) (-1.788294e-01 -5.091618e-03 4.791684e-03))
503.36        	((7.891395e+00 1.365982e+03 7.736153e+02) (-7.330325e-02 5.649005e+00 1.440248e+00)) ((-2.649979e+02 9.202333e+00 1.069100e+01) (-1.807462e-01 -6.557331e-03 4.281733e-03))
503.37        	((7.857370e+00 1.365981e+03 7.736222e+02) (-7.416894e-02 5.650137e+00 1.440156e+00)) ((-2.650241e+02 9.188063e+00 1.067518e+01) (-1.810674e-01 -6.749066e-03 4.328813e-03))
503.38        	((7.778480e+00 1.365974e+03 7.736246e+02) (-7.388368e-02 5.651265e+00 1.439451e+00)) ((-2.650411e+02 9.179891e+00 1.066334e+01) (-1.804183e-01 -6.482413e-03 4.585658e-03))
503.39        	((7.777850e+00 1.365995e+03 7.736298e+02) (-7.518937e-02 5.652079e+00 1.439516e+00)) ((-2.650806e+02 9.173304e+00 1.064913e+01) (-1.819047e-01 -6.797633e-03 4.438818e-03))
503.4         	((7.705645e+00 1.366007e+03 7.736278e+02) (-7.530939e-02 5.653983e+00 1.439344e+00)) ((-2.651005e+02 9.173729e+00 1.064157e+01) (-1.812596e-01 -7.024022e-03 4.580841e-03))
503.41        	((7.644267e+00 1.366006e+03 7.736223e+02) (-7.562824e-02 5.654647e+00 1.438769e+00)) ((-2.651190e+02 9.148261e+00 1.061554e+01) (-1.818350e-01 -7.039856e-03 4.562342e-03))
503.42        	((7.549633e+00 1.366005e+03 7.736110e+02) (-7.583358e-02 5.656124e+00 1.438447e+00)) ((-2.651404e+02 9.150851e+00 1.060525e+01) (-1.817218e-01 -7.234624e-03 4.592280e-03))
503.43        	((7.472178e+00 1.365995e+03 7.736010e+02) (-7.621521e-02 5.656811e+00 1.437721e+00)) ((-2.651552e+02 9.130364e+00 1.058006e+01) (-1.818670e-01 -7.105437e-03 4.679939e-03))
503.44        	((7.391530e+00 1.365996e+03 7.735843e+02) (-7.668753e-02 5.658509e+00 1.437654e+00)) ((-2.651805e+02 9.150112e+00 1.057738e+01) (-1.817545e-01 -7.448302e-03 4.690703e-03))
503.45        	((7.332229e+00 1.365976e+03 7.735671e+02) (-7.731545e-02 5.658824e+00 1.436829e+00)) ((-2.651883e+02 9.125182e+00 1.054724e+01) (-1.824110e-01 -7.369730e-03 4.660012e-03))
503.46        	((7.202843e+00 1.365950e+03 7.735464e+02) (-7.709216e-02 5.660615e+00 1.436329e+00)) ((-2.651771e+02 9.102741e+00 1.052182e+01) (-1.815091e-01 -7.243776e-03 4.943567e-03))
503.47        	((7.122326e+00 1.365940e+03 7.735295e+02) (-7.784119e-02 5.661788e+00 1.436326e+00)) ((-2.651819e+02 9.085783e+00 1.049688e+01) (-1.822818e-01 -7.600746e-03 4.817965e-03))
503.48        	((6.996308e+00 1.365923e+03 7.735147e+02) (-7.784269e-02 5.662764e+00 1.435868e+00)) ((-2.651766e+02 9.066748e+00 1.047161e+01) (-1.823721e-01 -7.810340e-03 4.707894e-03))
503.49        	((6.882902e+00 1.365911e+03 7.735072e+02) (-7.808223e-02 5.663712e+00 1.435414e+00)) ((-2.651691e+02 9.032807e+00 1.043812e+01) (-1.825837e-01 -7.736906e-03 4.771593e-03))
503.5         	((6.746238e+00 1.365910e+03 7.735048e+02) (-7.804484e-02 5.665103e+00 1.435108e+00)) ((-2.651675e+02 9.018687e+00 1.041676e+01) (-1.822186e-01 -7.834334e-03 4.816938e-03))
503.51        	((6.676388e+00 1.365922e+03 7.735124e+02) (-7.856353e-02 5.665503e+00 1.434567e+00)) ((-2.651745e+02 8.991001e+00 1.038582e+01) (-1.830466e-01 -7.849304e-03 4.694965e-03))
503.52        	((6.527451e+00 1.365924e+03 7.735242e+02) (-7.515684e-02 5.664481e+00 1.430720e+00)) ((-2.651608e+02 8.952311e+00 1.035305e+01) (-1.787390e-01 -5.269304e-03 5.864244e-03))
503.53        	((6.353291e+00 1.365939e+03 7.735488e+02) (-7.779881e-02 5.667538e+00 1.433376e+00)) ((-2.651673e+02 8.864348e+00 1.029102e+01) (-1.820520e-01 -7.428208e-03 4.964323e-03))
503.54        	((6.239930e+00 1.365969e+03 7.735674e+02) (-7.822125e-02 5.668996e+00 1.433662e+00)) ((-2.651824e+02 8.847177e+00 1.026999e+01) (-1.826713e-01 -8.164182e-03 4.599985e-03))
503.55        	((6.172064e+00 1.365985e+03 7.735838e+02) (-7.858203e-02 5.669990e+00 1.433417e+00)) ((-2.651816e+02 8.830444e+00 1.024982e+01) (-1.831567e-01 -8.337046e-03 4.487890e-03))
503.56        	((6.077938e+00 1.366002e+03 7.735934e+02) (-7.839748e-02 5.671708e+00 1.433420e+00)) ((-2.651799e+02 8.836191e+00 1.024472e+01) (-1.829161e-01 -8.507991e-03 4.493436e-03))
503.57        	((6.017342e+00 1.366015e+03 7.736016e+02) (-7.851921e-02 5.672464e+00 1.433138e+00)) ((-2.651765e+02 8.814970e+00 1.022335e+01) (-1.832610e-01 -8.442496e-03 4.469426e-03))
503.58        	((5.914628e+00 1.366024e+03 7.736046e+02) (-7.806606e-02 5.673739e+00 1.433041e+00)) ((-2.651673e+02 8.804522e+00 1.021065e+01) (-1.828803e-01 -8.527056e-03 4.442317e-03))
503.59        	((5.847804e+00 1.366032e+03 7.736104e+02) (-7.788683e-02 5.673957e+00 1.432596e+00)) ((-2.651538e+02 8.771534e+00 1.018506e+01) (-1.829588e-01 -8.287445e-03 4.422519e-03))
503.6         	((5.789232e+00 1.366063e+03 7.736124e+02) (-7.766050e-02 5.675315e+00 1.432916e+00)) ((-2.651530e+02 8.793620e+00 1.019391e+01) (-1.828807e-01 -8.677248e-03 4.223252e-03))
503.61        	((5.752737e+00 1.366077e+03 7.736122e+02) (-7.754336e-02 5.675580e+00 1.432650e+00)) ((-2.651353e+02 8.785912e+00 1.018627e+01) (-1.832056e-01 -8.687919e-03 4.048836e-03))
503.62        	((5.660670e+00 1.366075e+03 7.736052e+02) (-7.663815e-02 5.676481e+00 1.432460e+00)) ((-2.651008e+02 8.779070e+00 1.018238e+01) (-1.825226e-01 -8.456357e-03 4.128491e-03))
503.63        	((5.639477e+00 1.366091e+03 7.736015e+02) (-7.695559e-02 5.677315e+00 1.432936e+00)) ((-2.650794e+02 8.773438e+00 1.017911e+01) (-1.835145e-01 -8.771223e-03 3.866943e-03))
503.64        	((5.569482e+00 1.366098e+03 7.735941e+02) (-7.652361e-02 5.678613e+00 1.433198e+00)) ((-2.650482e+02 8.773761e+00 1.018200e+01) (-1.830507e-01 -8.896728e-03 3.832524e-03))
503.65        	((5.525865e+00 1.366107e+03 7.735924e+02) (-7.618907e-02 5.679021e+00 1.433195e+00)) ((-2.650211e+02 8.746154e+00 1.016858e+01) (-1.832401e-01 -8.642464e-03 3.833927e-03))
503.66        	((5.486294e+00 1.366138e+03 7.735924e+02) (-7.578215e-02 5.680062e+00 1.433694e+00)) ((-2.650113e+02 8.762153e+00 1.018224e+01) (-1.830779e-01 -8.902521e-03 3.664021e-03))
503.67        	((5.468618e+00 1.366157e+03 7.735982e+02) (-7.517618e-02 5.679336e+00 1.433083e+00)) ((-2.649928e+02 8.735794e+00 1.017189e+01) (-1.832829e-01 -8.368706e-03 3.607831e-03))
503.68        	((5.464288e+00 1.366211e+03 7.736069e+02) (-7.511302e-02 5.681194e+00 1.434166e+00)) ((-2.649916e+02 8.770240e+00 1.020061e+01) (-1.830107e-01 -8.884692e-03 3.474636e-03))
503.69        	((5.478740e+00 1.366241e+03 7.736119e+02) (-7.490254e-02 5.681333e+00 1.434311e+00)) ((-2.649751e+02 8.779860e+00 1.021491e+01) (-1.832614e-01 -8.925696e-03 3.283814e-03))
503.7         	((5.456816e+00 1.366259e+03 7.736045e+02) (-7.419065e-02 5.681868e+00 1.434728e+00)) ((-2.649506e+02 8.797783e+00 1.023555e+01) (-1.830358e-01 -8.909535e-03 3.192031e-03))
503.71        	((5.463584e+00 1.366271e+03 7.735928e+02) (-7.389062e-02 5.681669e+00 1.435113e+00)) ((-2.649206e+02 8.796150e+00 1.024496e+01) (-1.831876e-01 -8.701267e-03 3.130409e-03))
503.72        	((5.462992e+00 1.366301e+03 7.735922e+02) (-7.349859e-02 5.682754e+00 1.436008e+00)) ((-2.649029e+02 8.831237e+00 1.027781e+01) (-1.827193e-01 -8.852406e-03 3.097893e-03))
503.73        	((5.475297e+00 1.366321e+03 7.736088e+02) (-7.297317e-02 5.682602e+00 1.436065e+00)) ((-2.648820e+02 8.827445e+00 1.028845e+01) (-1.823178e-01 -8.356979e-03 3.223082e-03))
503.74        	((5.520274e+00 1.366370e+03 7.736384e+02) (-7.283516e-02 5.683270e+00 1.437163e+00)) ((-2.648873e+02 8.872556e+00 1.032871e+01) (-1.825581e-01 -8.779491e-03 2.946147e-03))
503.75        	((5.605058e+00 1.366403e+03 7.736793e+02) (-7.291069e-02 5.682107e+00 1.437089e+00)) ((-2.648804e+02 8.885589e+00 1.035091e+01) (-1.835872e-01 -8.553107e-03 2.685227e-03))
503.76        	((5.655489e+00 1.366428e+03 7.737187e+02) (-7.236448e-02 5.683626e+00 1.437978e+00)) ((-2.648622e+02 8.916307e+00 1.038764e+01) (-1.824937e-01 -8.621545e-03 2.821863e-03))
503.77        	((5.712645e+00 1.366423e+03 7.737505e+02) (-7.181816e-02 5.683197e+00 1.438090e+00)) ((-2.648414e+02 8.926532e+00 1.041061e+01) (-1.825486e-01 -8.374466e-03 2.738157e-03))
503.78        	((5.780208e+00 1.366423e+03 7.737729e+02) (-7.177041e-02 5.684047e+00 1.439122e+00)) ((-2.648429e+02 8.984303e+00 1.046062e+01) (-1.825760e-01 -8.682299e-03 2.592343e-03))
503.79        	((5.871645e+00 1.366401e+03 7.737930e+02) (-7.186100e-02 5.684177e+00 1.439556e+00)) ((-2.648393e+02 9.015676e+00 1.049438e+01) (-1.826034e-01 -8.555653e-03 2.595737e-03))
503.8         	((5.934968e+00 1.366371e+03 7.738088e+02) (-7.153973e-02 5.684960e+00 1.440199e+00)) ((-2.648380e+02 9.058942e+00 1.053550e+01) (-1.820027e-01 -8.452041e-03 2.704128e-03))
503.81        	((6.043144e+00 1.366332e+03 7.738302e+02) (-7.159826e-02 5.684451e+00 1.440327e+00)) ((-2.648337e+02 9.066790e+00 1.055447e+01) (-1.821824e-01 -7.954868e-03 2.804932e-03))
503.82        	((6.144550e+00 1.366318e+03 7.738523e+02) (-7.154134e-02 5.685764e+00 1.441395e+00)) ((-2.648398e+02 9.126616e+00 1.060644e+01) (-1.817940e-01 -8.245779e-03 2.784880e-03))
503.83        	((6.259841e+00 1.366285e+03 7.738728e+02) (-7.154389e-02 5.685739e+00 1.441859e+00)) ((-2.648398e+02 9.160353e+00 1.064142e+01) (-1.819705e-01 -8.167742e-03 2.729987e-03))
503.84        	((6.335128e+00 1.366245e+03 7.738885e+02) (-7.099139e-02 5.685854e+00 1.442291e+00)) ((-2.648360e+02 9.197480e+00 1.067918e+01) (-1.818763e-01 -8.067610e-03 2.673279e-03))
503.85        	((6.456897e+00 1.366209e+03 7.739022e+02) (-7.122366e-02 5.685984e+00 1.442921e+00)) ((-2.648385e+02 9.235403e+00 1.071674e+01) (-1.822022e-01 -8.024299e-03 2.639848e-03))
503.86        	((6.504836e+00 1.366154e+03 7.739101e+02) (-6.943496e-02 5.685452e+00 1.441952e+00)) ((-2.648306e+02 9.258855e+00 1.074611e+01) (-1.799962e-01 -6.647074e-03 3.270504e-03))
503.87        	((6.613159e+00 1.366121e+03 7.739224e+02) (-7.101058e-02 5.686598e+00 1.443998e+00)) ((-2.648512e+02 9.272040e+00 1.076603e+01) (-1.818039e-01 -7.553672e-03 2.882272e-03))
503.88        	((6.693730e+00 1.366070e+03 7.739313e+02) (-7.092883e-02 5.687356e+00 1.444623e+00)) ((-2.648587e+02 9.306311e+00 1.079788e+01) (-1.811631e-01 -7.584810e-03 2.962143e-03))
503.89        	((6.834928e+00 1.366028e+03 7.739450e+02) (-7.138099e-02 5.687748e+00 1.445464e+00)) ((-2.648759e+02 9.341782e+00 1.082764e+01) (-1.816713e-01 -7.548201e-03 2.998348e-03))
503.9         	((6.921622e+00 1.365977e+03 7.739592e+02) (-7.097179e-02 5.688150e+00 1.445842e+00)) ((-2.648824e+02 9.374287e+00 1.085631e+01) (-1.813740e-01 -7.426188e-03 3.056841e-03))
503.91        	((7.069069e+00 1.365945e+03 7.739815e+02) (-7.142718e-02 5.687883e+00 1.446337e+00)) ((-2.649004e+02 9.401990e+00 1.088004e+01) (-1.823035e-01 -7.363953e-03 2.968170e-03))
503.92        	((7.148121e+00 1.365907e+03 7.740047e+02) (-7.123794e-02 5.689113e+00 1.447053e+00)) ((-2.649053e+02 9.432481e+00 1.090720e+01) (-1.814750e-01 -7.346812e-03 3.181237e-03))
503.93        	((7.244668e+00 1.365863e+03 7.740322e+02) (-7.120417e-02 5.689068e+00 1.447321e+00)) ((-2.649109e+02 9.439903e+00 1.091806e+01) (-1.815264e-01 -7.086592e-03 3.277408e-03))
503.94        	((7.354504e+00 1.365837e+03 7.740580e+02) (-7.134075e-02 5.689755e+00 1.448062e+00)) ((-2.649341e+02 9.486016e+00 1.094928e+01) (-1.816455e-01 -7.308641e-03 3.209443e-03))
503.95        	((7.463585e+00 1.365795e+03 7.740825e+02) (-7.166701e-02 5.690046e+00 1.448360e+00)) ((-2.649432e+02 9.503721e+00 1.096304e+01) (-1.816758e-01 -7.147032e-03 3.325881e-03))
503.96        	((7.511971e+00 1.365734e+03 7.740970e+02) (-7.124631e-02 5.690858e+00 1.448617e+00)) ((-2.649404e+02 9.521049e+00 1.097676e+01) (-1.809427e-01 -6.849988e-03 3.589804e-03))
503.97        	((7.625440e+00 1.365682e+03 7.741099e+02) (-7.199427e-02 5.691515e+00 1.449387e+00)) ((-2.649533e+02 9.538608e+00 1.098681e+01) (-1.816269e-01 -6.945095e-03 3.608815e-03))
503.98        	((7.674772e+00 1.365616e+03 7.741192e+02) (-7.186969e-02 5.692465e+00 1.449810e+00)) ((-2.649534e+02 9.559385e+00 1.099936e+01) (-1.812842e-01 -7.020582e-03 3.678118e-03))
503.99        	((7.734999e+00 1.365550e+03 7.741354e+02) (-7.205802e-02 5.692743e+00 1.450004e+00)) ((-2.649508e+02 9.549059e+00 1.099205e+01) (-1.816083e-01 -6.780839e-03 3.806193e-03))
504           	((7.765848e+00 1.365501e+03 7.741543e+02) (-7.196885e-02 5.693567e+00 1.450405e+00)) ((-2.649560e+02 9.563700e+00 1.099892e+01) (-1.815272e-01 -6.906102e-03 3.812430e-03))
504.01        	((7.816095e+00 1.365462e+03 7.741824e+02) (-7.204828e-02 5.693602e+00 1.450269e+00)) ((-2.649622e+02 9.551433e+00 1.098806e+01) (-1.818714e-01 -6.634208e-03 3.894536e-03))
504.02        	((7.852404e+00 1.365451e+03 7.742116e+02) (-7.227259e-02 5.695119e+00 1.450878e+00)) ((-2.649861e+02 9.580942e+00 1.100036e+01) (-1.816941e-01 -6.901127e-03 3.959270e-03))
504.03        	((7.898897e+00 1.365433e+03 7.742434e+02) (-7.266556e-02 5.695619e+00 1.450817e+00)) ((-2.650025e+02 9.576745e+00 1.099032e+01) (-1.819279e-01 -6.811732e-03 4.046983e-03))
504.04        	((7.889951e+00 1.365410e+03 7.742718e+02) (-7.227029e-02 5.696393e+00 1.450566e+00)) ((-2.650121e+02 9.568452e+00 1.097757e+01) (-1.814068e-01 -6.531997e-03 4.268738e-03))
504.05        	((7.956084e+00 1.365413e+03 7.743052e+02) (-7.327331e-02 5.696455e+00 1.450641e+00)) ((-2.650379e+02 9.558307e+00 1.096101e+01) (-1.829032e-01 -6.655814e-03 4.110734e-03))
504.06        	((7.966738e+00 1.365413e+03 7.743359e+02) (-7.341655e-02 5.698403e+00 1.450934e+00)) ((-2.650473e+02 9.557002e+00 1.095232e+01) (-1.819858e-01 -6.843608e-03 4.342625e-03))
504.07        	((7.987802e+00 1.365406e+03 7.743658e+02) (-7.367195e-02 5.698770e+00 1.450756e+00)) ((-2.650603e+02 9.536415e+00 1.092920e+01) (-1.824663e-01 -6.841310e-03 4.330795e-03))
504.08        	((7.951159e+00 1.365395e+03 7.743898e+02) (-7.349136e-02 5.699569e+00 1.450433e+00)) ((-2.650698e+02 9.525898e+00 1.091234e+01) (-1.818626e-01 -6.671515e-03 4.522013e-03))
504.09        	((7.976474e+00 1.365407e+03 7.744153e+02) (-7.442416e-02 5.700595e+00 1.450683e+00)) ((-2.650979e+02 9.528125e+00 1.090051e+01) (-1.825454e-01 -6.946016e-03 4.490155e-03))
504.1         	((7.951359e+00 1.365405e+03 7.744311e+02) (-7.473494e-02 5.701901e+00 1.450589e+00)) ((-2.651167e+02 9.535970e+00 1.089125e+01) (-1.821471e-01 -7.066077e-03 4.611788e-03))
504.11        	((7.961497e+00 1.365396e+03 7.744463e+02) (-7.541719e-02 5.701891e+00 1.449987e+00)) ((-2.651289e+02 9.506192e+00 1.085772e+01) (-1.830854e-01 -6.835333e-03 4.631390e-03))
504.12        	((7.899392e+00 1.365384e+03 7.744582e+02) (-7.522360e-02 5.703546e+00 1.449702e+00)) ((-2.651249e+02 9.482439e+00 1.083037e+01) (-1.818514e-01 -6.657164e-03 4.994382e-03))
504.13        	((7.893936e+00 1.365389e+03 7.744701e+02) (-7.600039e-02 5.704146e+00 1.449838e+00)) ((-2.651414e+02 9.471542e+00 1.080666e+01) (-1.829156e-01 -7.098297e-03 4.750193e-03))
504.14        	((7.822049e+00 1.365384e+03 7.744748e+02) (-7.621829e-02 5.705342e+00 1.449759e+00)) ((-2.651468e+02 9.475626e+00 1.079258e+01) (-1.825853e-01 -7.288853e-03 4.786811e-03))
504.15        	((7.768485e+00 1.365378e+03 7.744789e+02) (-7.662544e-02 5.705966e+00 1.449526e+00)) ((-2.651478e+02 9.459717e+00 1.076612e+01) (-1.828498e-01 -7.252783e-03 4.833742e-03))
504.16        	((7.661746e+00 1.365361e+03 7.744782e+02) (-7.637719e-02 5.706772e+00 1.449020e+00)) ((-2.651428e+02 9.437626e+00 1.073543e+01) (-1.821124e-01 -6.971942e-03 5.053676e-03))
504.17        	((7.633843e+00 1.365370e+03 7.744816e+02) (-7.747669e-02 5.707414e+00 1.449193e+00)) ((-2.651563e+02 9.420313e+00 1.070542e+01) (-1.831725e-01 -7.206251e-03 4.932087e-03))
504.18        	((7.550126e+00 1.365374e+03 7.744819e+02) (-7.766451e-02 5.709162e+00 1.449294e+00)) ((-2.651551e+02 9.416509e+00 1.068633e+01) (-1.824150e-01 -7.392875e-03 5.068101e-03))
504.19        	((7.488085e+00 1.365374e+03 7.744828e+02) (-7.797579e-02 5.709833e+00 1.449191e+00)) ((-2.651534e+02 9.395100e+00 1.065607e+01) (-1.826506e-01 -7.376882e-03 5.083870e-03))
504.2         	((7.394084e+00 1.365369e+03 7.744854e+02) (-7.752227e-02 5.710060e+00 1.448567e+00)) ((-2.651423e+02 9.369188e+00 1.062572e+01) (-1.824483e-01 -7.208903e-03 5.061320e-03))
504.21        	((7.346780e+00 1.365396e+03 7.744941e+02) (-7.832058e-02 5.711457e+00 1.449008e+00)) ((-2.651488e+02 9.369833e+00 1.061173e+01) (-1.829099e-01 -7.577515e-03 4.989082e-03))
504.22        	((7.275650e+00 1.365412e+03 7.745043e+02) (-7.846080e-02 5.712296e+00 1.448896e+00)) ((-2.651471e+02 9.364112e+00 1.059483e+01) (-1.828102e-01 -7.706626e-03 4.938836e-03))
504.23        	((7.226938e+00 1.365426e+03 7.745157e+02) (-7.889049e-02 5.713222e+00 1.448834e+00)) ((-2.651430e+02 9.345228e+00 1.057098e+01) (-1.828443e-01 -7.609299e-03 5.051825e-03))
504.24        	((7.138922e+00 1.365433e+03 7.745260e+02) (-7.838983e-02 5.714091e+00 1.448375e+00)) ((-2.651302e+02 9.327545e+00 1.055015e+01) (-1.822056e-01 -7.376395e-03 5.163089e-03))
504.25        	((7.133521e+00 1.365461e+03 7.745408e+02) (-7.923702e-02 5.714731e+00 1.448551e+00)) ((-2.651339e+02 9.312780e+00 1.053024e+01) (-1.831668e-01 -7.525235e-03 5.025622e-03))
504.26        	((7.079080e+00 1.365482e+03 7.745497e+02) (-7.893515e-02 5.716067e+00 1.448595e+00)) ((-2.651234e+02 9.314499e+00 1.052425e+01) (-1.827639e-01 -7.763338e-03 4.931955e-03))
504.27        	((7.055308e+00 1.365493e+03 7.745566e+02) (-7.887543e-02 5.716436e+00 1.448414e+00)) ((-2.651097e+02 9.293715e+00 1.050514e+01) (-1.832249e-01 -7.751136e-03 4.791796e-03))
504.28        	((6.990571e+00 1.365493e+03 7.745574e+02) (-7.823185e-02 5.717222e+00 1.448116e+00)) ((-2.650888e+02 9.275582e+00 1.048991e+01) (-1.825845e-01 -7.517190e-03 4.860112e-03))
504.29        	((7.007279e+00 1.365517e+03 7.745619e+02) (-7.882798e-02 5.718068e+00 1.448524e+00)) ((-2.650869e+02 9.266848e+00 1.047963e+01) (-1.834272e-01 -7.784757e-03 4.658153e-03))
504.3         	((6.983151e+00 1.365534e+03 7.745622e+02) (-7.863953e-02 5.719541e+00 1.448774e+00)) ((-2.650762e+02 9.269677e+00 1.047854e+01) (-1.828565e-01 -7.898540e-03 4.669532e-03))
504.31        	((6.993877e+00 1.365548e+03 7.745658e+02) (-7.869007e-02 5.720275e+00 1.448877e+00)) ((-2.650626e+02 9.249574e+00 1.046464e+01) (-1.830058e-01 -7.741359e-03 4.686505e-03))
504.32        	((6.961457e+00 1.365555e+03 7.745676e+02) (-7.782503e-02 5.720873e+00 1.448608e+00)) ((-2.650417e+02 9.228908e+00 1.045289e+01) (-1.824530e-01 -7.498972e-03 4.685018e-03))
504.33        	((7.024602e+00 1.365591e+03 7.745786e+02) (-7.833665e-02 5.719780e+00 1.448372e+00)) ((-2.650365e+02 9.207299e+00 1.044127e+01) (-1.847604e-01 -7.519647e-03 4.141817e-03))
504.34        	((7.066997e+00 1.365630e+03 7.745920e+02) (-7.791197e-02 5.722195e+00 1.449059e+00)) ((-2.650124e+02 9.182553e+00 1.043330e+01) (-1.833336e-01 -7.722755e-03 4.304089e-03))
504.35        	((7.094337e+00 1.365661e+03 7.745984e+02) (-7.748075e-02 5.722746e+00 1.449297e+00)) ((-2.649929e+02 9.168978e+00 1.043199e+01) (-1.834798e-01 -7.770157e-03 4.136732e-03))
504.36        	((7.091051e+00 1.365677e+03 7.745970e+02) (-7.653055e-02 5.722869e+00 1.449055e+00)) ((-2.649727e+02 9.148356e+00 1.042600e+01) (-1.831640e-01 -7.489445e-03 4.057051e-03))
504.37        	((7.130073e+00 1.365717e+03 7.745932e+02) (-7.692409e-02 5.724695e+00 1.450051e+00)) ((-2.649735e+02 9.162332e+00 1.044038e+01) (-1.830734e-01 -7.731188e-03 4.082657e-03))
504.38        	((7.176642e+00 1.365740e+03 7.745846e+02) (-7.664286e-02 5.725030e+00 1.450209e+00)) ((-2.649678e+02 9.151384e+00 1.043872e+01) (-1.831713e-01 -7.651529e-03 3.953711e-03))
504.39        	((7.201250e+00 1.365762e+03 7.745713e+02) (-7.649607e-02 5.726625e+00 1.450789e+00)) ((-2.649574e+02 9.152460e+00 1.044685e+01) (-1.824533e-01 -7.499899e-03 4.173536e-03))
504.4         	((7.223330e+00 1.365773e+03 7.745603e+02) (-7.574634e-02 5.726563e+00 1.450612e+00)) ((-2.649373e+02 9.123646e+00 1.043795e+01) (-1.820838e-01 -6.965892e-03 4.246547e-03))
504.41        	((7.278938e+00 1.365815e+03 7.745503e+02) (-7.574864e-02 5.727454e+00 1.451443e+00)) ((-2.649321e+02 9.135977e+00 1.045525e+01) (-1.826159e-01 -7.385874e-03 3.948132e-03))
504.42        	((7.319278e+00 1.365846e+03 7.745373e+02) (-7.513785e-02 5.727039e+00 1.451554e+00)) ((-2.649142e+02 9.137174e+00 1.046706e+01) (-1.830402e-01 -7.418614e-03 3.604940e-03))
504.43        	((7.338629e+00 1.365878e+03 7.745245e+02) (-7.480398e-02 5.728003e+00 1.452198e+00)) ((-2.648944e+02 9.151981e+00 1.048888e+01) (-1.825810e-01 -7.328039e-03 3.683255e-03))
504.44        	((7.361029e+00 1.365893e+03 7.745123e+02) (-7.377144e-02 5.727143e+00 1.452079e+00)) ((-2.648743e+02 9.136497e+00 1.049042e+01) (-1.826030e-01 -6.932431e-03 3.526855e-03))
504.45        	((7.416719e+00 1.365932e+03 7.745075e+02) (-7.398500e-02 5.728570e+00 1.453440e+00)) ((-2.648805e+02 9.163002e+00 1.051556e+01) (-1.823962e-01 -7.202840e-03 3.527555e-03))
504.46        	((7.497376e+00 1.365957e+03 7.745187e+02) (-7.364965e-02 5.727830e+00 1.453548e+00)) ((-2.648823e+02 9.155453e+00 1.051909e+01) (-1.830215e-01 -7.081703e-03 3.248823e-03))
504.47        	((7.554422e+00 1.365988e+03 7.745402e+02) (-7.351948e-02 5.729392e+00 1.454271e+00)) ((-2.648805e+02 9.162990e+00 1.053456e+01) (-1.821346e-01 -6.972855e-03 3.503374e-03))
504.48        	((7.604777e+00 1.366000e+03 7.745646e+02) (-7.266364e-02 5.728865e+00 1.453919e+00)) ((-2.648720e+02 9.143014e+00 1.053298e+01) (-1.819652e-01 -6.522225e-03 3.466979e-03))
504.49        	((7.693913e+00 1.366034e+03 7.745863e+02) (-7.306324e-02 5.730025e+00 1.454899e+00)) ((-2.648831e+02 9.162914e+00 1.055497e+01) (-1.823373e-01 -6.879679e-03 3.333782e-03))
504.5         	((7.768349e+00 1.366043e+03 7.746000e+02) (-7.276602e-02 5.730155e+00 1.455122e+00)) ((-2.648821e+02 9.171896e+00 1.056987e+01) (-1.824770e-01 -6.865420e-03 3.172216e-03))
504.51        	((7.827764e+00 1.366035e+03 7.746030e+02) (-7.267310e-02 5.731356e+00 1.455735e+00)) ((-2.648779e+02 9.189282e+00 1.059002e+01) (-1.820047e-01 -6.713902e-03 3.351935e-03))
504.52        	((7.907631e+00 1.366005e+03 7.746043e+02) (-7.221179e-02 5.729653e+00 1.455028e+00)) ((-2.648669e+02 9.167950e+00 1.058541e+01) (-1.831356e-01 -6.081068e-03 3.130217e-03))
504.53        	((8.012661e+00 1.366000e+03 7.746082e+02) (-7.248611e-02 5.732313e+00 1.456433e+00)) ((-2.648675e+02 9.189383e+00 1.060806e+01) (-1.822311e-01 -6.456704e-03 3.334990e-03))
504.54        	((8.095493e+00 1.365971e+03 7.746100e+02) (-7.196868e-02 5.732015e+00 1.456568e+00)) ((-2.648661e+02 9.200538e+00 1.062124e+01) (-1.827397e-01 -6.587009e-03 2.988747e-03))
504.55        	((8.149526e+00 1.365936e+03 7.746086e+02) (-7.192309e-02 5.733124e+00 1.457190e+00)) ((-2.648650e+02 9.226361e+00 1.064299e+01) (-1.822859e-01 -6.489812e-03 3.159688e-03))
504.56        	((8.189303e+00 1.365891e+03 7.746116e+02) (-7.122208e-02 5.732845e+00 1.456959e+00)) ((-2.648575e+02 9.223267e+00 1.064630e+01) (-1.820628e-01 -6.049096e-03 3.197393e-03))
504.57        	((8.262849e+00 1.365872e+03 7.746133e+02) (-7.187524e-02 5.734626e+00 1.458135e+00)) ((-2.648738e+02 9.262684e+00 1.067337e+01) (-1.819438e-01 -6.326335e-03 3.311594e-03))
504.58        	((8.367426e+00 1.365839e+03 7.746209e+02) (-7.203308e-02 5.732642e+00 1.457558e+00)) ((-2.648800e+02 9.257523e+00 1.067185e+01) (-1.838185e-01 -5.981513e-03 2.915912e-03))
504.59        	((8.467970e+00 1.365820e+03 7.746365e+02) (-7.207744e-02 5.735261e+00 1.458528e+00)) ((-2.648720e+02 9.247551e+00 1.067182e+01) (-1.823039e-01 -5.956095e-03 3.410803e-03))
504.6         	((8.507094e+00 1.365787e+03 7.746489e+02) (-7.116219e-02 5.734812e+00 1.458462e+00)) ((-2.648639e+02 9.246019e+00 1.067547e+01) (-1.823059e-01 -5.856496e-03 3.234079e-03))
504.61        	((8.579072e+00 1.365776e+03 7.746597e+02) (-7.165117e-02 5.735764e+00 1.459406e+00)) ((-2.648816e+02 9.278618e+00 1.069663e+01) (-1.827666e-01 -6.193455e-03 3.145562e-03))
504.62        	((8.616010e+00 1.365750e+03 7.746650e+02) (-7.172017e-02 5.736725e+00 1.459927e+00)) ((-2.648938e+02 9.311908e+00 1.071734e+01) (-1.823130e-01 -6.185846e-03 3.278323e-03))
504.63        	((8.680931e+00 1.365714e+03 7.746701e+02) (-7.211132e-02 5.737362e+00 1.460351e+00)) ((-2.649079e+02 9.318296e+00 1.071937e+01) (-1.823064e-01 -5.932186e-03 3.509968e-03))
504.64        	((8.692102e+00 1.365667e+03 7.746718e+02) (-7.176547e-02 5.738230e+00 1.460447e+00)) ((-2.649150e+02 9.326701e+00 1.072297e+01) (-1.813289e-01 -5.549172e-03 3.850949e-03))
504.65        	((8.771686e+00 1.365642e+03 7.746795e+02) (-7.277498e-02 5.739264e+00 1.461368e+00)) ((-2.649416e+02 9.344060e+00 1.072919e+01) (-1.818116e-01 -5.686225e-03 3.950886e-03))
504.66        	((8.803090e+00 1.365608e+03 7.746865e+02) (-7.261661e-02 5.739555e+00 1.461514e+00)) ((-2.649538e+02 9.366770e+00 1.074036e+01) (-1.819704e-01 -5.858770e-03 3.809053e-03))
504.67        	((8.850567e+00 1.365576e+03 7.746978e+02) (-7.286247e-02 5.739421e+00 1.461506e+00)) ((-2.649595e+02 9.369777e+00 1.074027e+01) (-1.826915e-01 -5.709206e-03 3.785868e-03))
504.68        	((8.830871e+00 1.365539e+03 7.747051e+02) (-7.242349e-02 5.740219e+00 1.461585e+00)) ((-2.649568e+02 9.381138e+00 1.074664e+01) (-1.817901e-01 -5.466490e-03 4.040310e-03))
504.69        	((8.879336e+00 1.365521e+03 7.747124e+02) (-7.321815e-02 5.740941e+00 1.462306e+00)) ((-2.649809e+02 9.403406e+00 1.075464e+01) (-1.825882e-01 -5.796994e-03 3.942208e-03))
504.7         	((8.898063e+00 1.365488e+03 7.747125e+02) (-7.338251e-02 5.741643e+00 1.462584e+00)) ((-2.650012e+02 9.421305e+00 1.075762e+01) (-1.824161e-01 -5.874675e-03 3.993349e-03))
504.71        	((8.938059e+00 1.365455e+03 7.747123e+02) (-7.390212e-02 5.742255e+00 1.462804e+00)) ((-2.650203e+02 9.418378e+00 1.074683e+01) (-1.825360e-01 -5.680786e-03 4.206019e-03))
504.72        	((8.924342e+00 1.365419e+03 7.747084e+02) (-7.364491e-02 5.743005e+00 1.462717e+00)) ((-2.650307e+02 9.415662e+00 1.073719e+01) (-1.817263e-01 -5.387705e-03 4.489279e-03))
504.73        	((8.981899e+00 1.365412e+03 7.747098e+02) (-7.475199e-02 5.743931e+00 1.463378e+00)) ((-2.650589e+02 9.420218e+00 1.072981e+01) (-1.823880e-01 -5.581430e-03 4.541862e-03))
504.74        	((8.990911e+00 1.365403e+03 7.747088e+02) (-7.479381e-02 5.744619e+00 1.463452e+00)) ((-2.650734e+02 9.430323e+00 1.072744e+01) (-1.823202e-01 -5.781762e-03 4.493275e-03))
504.75        	((9.029770e+00 1.365396e+03 7.747113e+02) (-7.521290e-02 5.744253e+00 1.463073e+00)) ((-2.650832e+02 9.410406e+00 1.070654e+01) (-1.833557e-01 -5.607827e-03 4.425639e-03))
504.76        	((8.998323e+00 1.365389e+03 7.747101e+02) (-7.489492e-02 5.745584e+00 1.463021e+00)) ((-2.650821e+02 9.397513e+00 1.069192e+01) (-1.821923e-01 -5.422753e-03 4.752973e-03))
504.77        	((9.029407e+00 1.365403e+03 7.747087e+02) (-7.576308e-02 5.746349e+00 1.463489e+00)) ((-2.651053e+02 9.398395e+00 1.068164e+01) (-1.831066e-01 -5.829847e-03 4.597271e-03))
504.78        	((9.013482e+00 1.365402e+03 7.746988e+02) (-7.598417e-02 5.747294e+00 1.463599e+00)) ((-2.651208e+02 9.403468e+00 1.067289e+01) (-1.828724e-01 -5.976414e-03 4.637627e-03))
504.79        	((9.023510e+00 1.365399e+03 7.746884e+02) (-7.649974e-02 5.747823e+00 1.463535e+00)) ((-2.651316e+02 9.384565e+00 1.064923e+01) (-1.832215e-01 -5.836770e-03 4.749448e-03))
504.8         	((8.965882e+00 1.365389e+03 7.746735e+02) (-7.623661e-02 5.748893e+00 1.463312e+00)) ((-2.651336e+02 9.369041e+00 1.062805e+01) (-1.822465e-01 -5.578456e-03 5.046130e-03))
504.81        	((8.975205e+00 1.365405e+03 7.746627e+02) (-7.724862e-02 5.750029e+00 1.463871e+00)) ((-2.651551e+02 9.364456e+00 1.061107e+01) (-1.828704e-01 -5.882789e-03 5.025060e-03))
504.82        	((8.943077e+00 1.365413e+03 7.746489e+02) (-7.729436e-02 5.750770e+00 1.463837e+00)) ((-2.651635e+02 9.363097e+00 1.059752e+01) (-1.828222e-01 -6.088205e-03 4.941785e-03))
504.83        	((8.934085e+00 1.365425e+03 7.746401e+02) (-7.773253e-02 5.750619e+00 1.463501e+00)) ((-2.651649e+02 9.334755e+00 1.056809e+01) (-1.836865e-01 -5.928885e-03 4.883952e-03))
504.84        	((8.857255e+00 1.365439e+03 7.746319e+02) (-7.726558e-02 5.751981e+00 1.463367e+00)) ((-2.651511e+02 9.316215e+00 1.054836e+01) (-1.825367e-01 -5.753773e-03 5.142803e-03))
504.85        	((8.844739e+00 1.365476e+03 7.746250e+02) (-7.795568e-02 5.752798e+00 1.463787e+00)) ((-2.651608e+02 9.312385e+00 1.053445e+01) (-1.834681e-01 -6.193676e-03 4.904108e-03))
504.86        	((8.789770e+00 1.365500e+03 7.746117e+02) (-7.793959e-02 5.753760e+00 1.463784e+00)) ((-2.651624e+02 9.313267e+00 1.052354e+01) (-1.833169e-01 -6.384630e-03 4.831795e-03))
504.87        	((8.761693e+00 1.365523e+03 7.745977e+02) (-7.821748e-02 5.754327e+00 1.463623e+00)) ((-2.651615e+02 9.291458e+00 1.049895e+01) (-1.836558e-01 -6.279823e-03 4.861058e-03))
504.88        	((8.678445e+00 1.365537e+03 7.745791e+02) (-7.776678e-02 5.755553e+00 1.463292e+00)) ((-2.651524e+02 9.273645e+00 1.047890e+01) (-1.826826e-01 -6.030734e-03 5.098253e-03))
504.89        	((8.670629e+00 1.365577e+03 7.745633e+02) (-7.859536e-02 5.756827e+00 1.463684e+00)) ((-2.651643e+02 9.265359e+00 1.046307e+01) (-1.833224e-01 -6.330717e-03 5.023665e-03))
504.9         	((8.625320e+00 1.365609e+03 7.745447e+02) (-7.847577e-02 5.757810e+00 1.463514e+00)) ((-2.651647e+02 9.261181e+00 1.045187e+01) (-1.832109e-01 -6.536963e-03 4.915214e-03))
504.91        	((8.624234e+00 1.365644e+03 7.745321e+02) (-7.874076e-02 5.756465e+00 1.462436e+00)) ((-2.651577e+02 9.221994e+00 1.042102e+01) (-1.852367e-01 -6.214800e-03 4.556011e-03))
504.92        	((8.588415e+00 1.365679e+03 7.745207e+02) (-7.805579e-02 5.758720e+00 1.462421e+00)) ((-2.651312e+02 9.171999e+00 1.038891e+01) (-1.834303e-01 -6.075485e-03 4.930786e-03))
504.93        	((8.571447e+00 1.365735e+03 7.745028e+02) (-7.836815e-02 5.759906e+00 1.462936e+00)) ((-2.651306e+02 9.171582e+00 1.038485e+01) (-1.840762e-01 -6.625048e-03 4.641097e-03))
504.94        	((8.532681e+00 1.365771e+03 7.744766e+02) (-7.809104e-02 5.760442e+00 1.462764e+00)) ((-2.651253e+02 9.165582e+00 1.037621e+01) (-1.842455e-01 -6.791834e-03 4.421148e-03))
504.95        	((8.484034e+00 1.365805e+03 7.744446e+02) (-7.824219e-02 5.762162e+00 1.463048e+00)) ((-2.651174e+02 9.159649e+00 1.036880e+01) (-1.836511e-01 -6.684465e-03 4.672295e-03))
504.96        	((8.441605e+00 1.365823e+03 7.744119e+02) (-7.771967e-02 5.762281e+00 1.462539e+00)) ((-2.651044e+02 9.119721e+00 1.034010e+01) (-1.834517e-01 -6.245231e-03 4.730647e-03))
504.97        	((8.419539e+00 1.365875e+03 7.743780e+02) (-7.838845e-02 5.764444e+00 1.463553e+00)) ((-2.651066e+02 9.125536e+00 1.034091e+01) (-1.831468e-01 -6.574440e-03 4.854429e-03))
504.98        	((8.400711e+00 1.365912e+03 7.743441e+02) (-7.847476e-02 5.764749e+00 1.463753e+00)) ((-2.650979e+02 9.109202e+00 1.032870e+01) (-1.831771e-01 -6.576885e-03 4.784924e-03))
504.99        	((8.376975e+00 1.365958e+03 7.743188e+02) (-7.820677e-02 5.765335e+00 1.463739e+00)) ((-2.650830e+02 9.092939e+00 1.031922e+01) (-1.834370e-01 -6.612061e-03 4.654968e-03))
505           	((8.305773e+00 1.366001e+03 7.742996e+02) (-7.732251e-02 5.765580e+00 1.463317e+00)) ((-2.650595e+02 9.075162e+00 1.031101e+01) (-1.830760e-01 -6.342475e-03 4.618987e-03))
