# Forces      
# CofR        : (0.000000e+00 0.000000e+00 0.000000e+00)
# Time        forces(pressure viscous)	moments(pressure viscous)
500           	((-1.244014e+00 3.377593e+03 3.911804e+02) (5.337439e-05 3.931050e+00 -2.179602e-02)) ((-6.582696e+01 2.830865e-01 2.538110e-01) (3.380493e-02 -7.250445e-06 -1.275852e-04))
500.01        	((1.634285e+00 2.398010e+03 7.781020e+02) (-8.748224e-04 3.253957e+00 3.344727e-01)) ((-9.306097e+01 -1.212066e-01 1.659113e-01) (-2.482059e-02 -6.740756e-05 -4.734682e-05))
500.02        	((4.421564e+00 3.776004e+02 8.683530e+02) (-7.876004e-04 2.540185e+00 6.675714e-01)) ((-6.841690e+01 -4.591235e-01 1.828513e-01) (-8.501178e-02 -9.714084e-05 -7.128316e-05))
500.03        	((2.171462e+00 -9.463460e+02 8.489219e+02) (8.037108e-04 2.455886e+00 8.348842e-01)) ((-1.286270e+02 -4.587374e-01 3.484988e-01) (-1.069984e-01 2.546987e-04 -6.639037e-04))
500.04        	((-5.150698e-01 -9.634690e+02 6.074757e+02) (3.891809e-03 3.197869e+00 7.366605e-01)) ((-2.137351e+02 -2.649112e-01 4.647832e-01) (-1.206850e-01 -2.638601e-04 1.357102e-04))
500.05        	((1.922104e-01 -2.235928e+02 2.974318e+02) (1.894053e-03 4.042890e+00 7.155071e-01)) ((-2.250358e+02 5.191383e-02 5.136144e-01) (-1.510135e-01 3.476032e-04 -1.973283e-04))
500.06        	((3.450201e+00 3.531698e+02 3.892184e+02) (-4.310986e-04 4.521700e+00 7.795528e-01)) ((-2.003533e+02 2.648453e-01 -1.313552e-01) (-1.844999e-01 8.341544e-04 1.202165e-04))
500.07        	((7.932532e+00 5.432947e+02 5.990391e+02) (-8.193092e-03 4.602374e+00 1.006964e+00)) ((-1.625551e+02 4.709382e-01 -6.867804e-01) (-2.119941e-01 1.128546e-03 -7.653535e-05))
500.08        	((8.463012e+00 3.981859e+02 7.899384e+02) (-1.571227e-02 4.523919e+00 1.275740e+00)) ((-1.725559e+02 4.737500e-01 -4.843584e-01) (-2.295378e-01 1.010369e-03 -2.179820e-04))
500.09        	((4.809421e+00 1.488032e+02 7.958463e+02) (-1.109699e-02 4.545602e+00 1.527748e+00)) ((-2.095049e+02 2.462995e-01 2.104742e-01) (-2.554789e-01 1.199439e-03 2.485082e-05))
500.1         	((-7.174597e-01 -4.550436e+00 5.718536e+02) (1.419706e-03 4.740684e+00 1.726987e+00)) ((-2.129488e+02 -1.676753e-01 8.401909e-01) (-2.998368e-01 1.094326e-03 -4.487788e-05))
500.11        	((-4.406830e+00 -2.395788e+01 3.307083e+02) (7.846669e-03 5.081215e+00 1.817027e+00)) ((-1.726849e+02 -4.951271e-01 7.033500e-01) (-3.393780e-01 5.253636e-04 4.952113e-04))
500.12        	((-3.208130e+00 4.804105e+01 2.457287e+02) (8.639626e-03 5.410722e+00 1.862016e+00)) ((-1.198021e+02 -5.103792e-01 6.178459e-02) (-3.592376e-01 7.670769e-04 5.290819e-06))
500.13        	((8.106512e-01 1.380500e+02 2.991855e+02) (7.073024e-03 5.668654e+00 1.923834e+00)) ((-8.556724e+01 -3.277164e-01 -5.846825e-01) (-3.493659e-01 2.260718e-03 -4.372923e-04))
500.14        	((3.132540e+00 1.984052e+02 3.701594e+02) (7.492911e-03 5.818445e+00 2.038592e+00)) ((-7.737220e+01 -1.778757e-01 -7.292735e-01) (-3.297728e-01 1.941303e-03 -4.755200e-04))
500.15        	((2.288639e+00 2.107851e+02 3.644627e+02) (8.880939e-03 5.891534e+00 2.151640e+00)) ((-7.883843e+01 -1.488327e-01 -2.707835e-01) (-3.064708e-01 1.941459e-03 -5.864400e-04))
500.16        	((-7.538187e-01 1.795430e+02 2.971504e+02) (8.558309e-03 5.934196e+00 2.229003e+00)) ((-7.342389e+01 -2.662394e-01 2.037225e-01) (-2.916107e-01 2.024283e-03 -5.222398e-05))
500.17        	((-3.253680e+00 1.373655e+02 2.253713e+02) (7.466340e-03 5.970382e+00 2.260867e+00)) ((-5.613712e+01 -4.129458e-01 2.469493e-01) (-2.751930e-01 2.066900e-03 4.514551e-04))
500.18        	((-2.803565e+00 1.051123e+02 2.012939e+02) (5.512524e-03 6.004710e+00 2.268039e+00)) ((-3.608301e+01 -4.758990e-01 -1.578069e-01) (-2.505199e-01 1.862707e-03 9.320961e-04))
500.19        	((-2.127513e+00 1.046105e+02 2.112717e+02) (5.038584e-03 6.028572e+00 2.282182e+00)) ((-2.240504e+01 -4.132540e-01 -5.836685e-01) (-2.187764e-01 1.650738e-03 1.357311e-03))
500.2         	((-1.011587e+00 1.198188e+02 2.307374e+02) (5.023151e-03 6.030657e+00 2.314268e+00)) ((-1.874280e+01 -2.808454e-01 -7.230963e-01) (-1.847900e-01 1.958123e-03 1.352830e-03))
500.21        	((-1.666789e+00 1.408296e+02 2.151047e+02) (6.102169e-03 6.005095e+00 2.353713e+00)) ((-1.697841e+01 -1.876444e-01 -5.907933e-01) (-1.546343e-01 2.106139e-03 1.611545e-03))
500.22        	((-2.395493e+00 1.540145e+02 1.342979e+02) (6.242836e-03 5.959170e+00 2.375577e+00)) ((-4.788966e+00 -1.386066e-01 -3.323932e-01) (-1.301592e-01 2.038371e-03 1.740313e-03))
500.23        	((-2.524520e+00 1.619675e+02 -2.078673e+01) (6.194958e-03 5.903357e+00 2.352822e+00)) ((2.635862e+01 -1.215949e-01 -1.572266e-01) (-1.076157e-01 2.075219e-03 1.673330e-03))
500.24        	((-2.729641e+00 1.584257e+02 -5.632899e+01) (6.339568e-03 5.850890e+00 2.291244e+00)) ((4.224911e+01 -1.033819e-01 -2.438485e-01) (-8.608902e-02 2.091633e-03 1.605464e-03))
500.25        	((-2.452937e+00 1.442405e+02 6.196167e+01) (6.422837e-03 5.799793e+00 2.238742e+00)) ((3.322121e+01 -7.068202e-02 -4.122599e-01) (-5.985880e-02 2.141341e-03 1.483788e-03))
500.26        	((-1.876000e+00 1.377238e+02 1.550625e+02) (6.568801e-03 5.749195e+00 2.227915e+00)) ((2.632286e+01 -2.334315e-02 -4.849408e-01) (-2.621491e-02 2.240202e-03 1.321919e-03))
500.27        	((-1.530790e+00 1.461974e+02 1.333121e+02) (7.056621e-03 5.696844e+00 2.244302e+00)) ((3.202163e+01 2.026774e-02 -4.219360e-01) (4.828720e-03 2.438310e-03 1.181724e-03))
500.28        	((-1.681584e+00 1.563832e+02 7.504827e+01) (7.609236e-03 5.640864e+00 2.241648e+00)) ((3.847889e+01 4.978421e-02 -3.099922e-01) (3.098772e-02 2.639864e-03 1.129966e-03))
500.29        	((-1.993846e+00 1.556190e+02 6.405707e+01) (7.964724e-03 5.581717e+00 2.214482e+00)) ((3.659266e+01 6.103376e-02 -2.226927e-01) (5.183754e-02 2.767823e-03 1.143495e-03))
500.3         	((-2.173793e+00 1.458158e+02 9.500058e+01) (8.046119e-03 5.521235e+00 2.186172e+00)) ((3.020744e+01 5.674742e-02 -1.861376e-01) (6.897799e-02 2.871116e-03 1.097646e-03))
500.31        	((-2.184116e+00 1.346753e+02 1.324337e+02) (8.087491e-03 5.460832e+00 2.175784e+00)) ((2.372990e+01 3.533821e-02 -1.660916e-01) (8.218656e-02 2.966977e-03 9.974879e-04))
500.32        	((-2.193119e+00 1.268789e+02 1.570459e+02) (8.225471e-03 5.401085e+00 2.179350e+00)) ((1.625748e+01 1.782961e-02 -1.578584e-01) (9.546603e-02 3.111164e-03 9.250508e-04))
500.33        	((-2.250638e+00 1.212569e+02 1.746967e+02) (8.408259e-03 5.341333e+00 2.194161e+00)) ((4.882311e+00 5.128510e-03 -1.270093e-01) (1.038400e-01 3.202396e-03 8.607987e-04))
500.34        	((-2.301349e+00 1.151558e+02 1.944545e+02) (8.564288e-03 5.280048e+00 2.216697e+00)) ((-9.998953e+00 -9.427611e-03 -6.761084e-02) (1.044744e-01 3.270027e-03 9.454881e-04))
500.35        	((-2.364021e+00 1.082144e+02 2.127853e+02) (8.792737e-03 5.215356e+00 2.246482e+00)) ((-2.433026e+01 -2.686779e-02 9.757889e-03) (9.722450e-02 3.323754e-03 9.315871e-04))
500.36        	((-2.457498e+00 1.010910e+02 2.288410e+02) (9.047017e-03 5.146646e+00 2.281665e+00)) ((-3.581600e+01 -3.822881e-02 7.519506e-02) (8.403068e-02 3.364772e-03 1.024982e-03))
500.37        	((-2.557374e+00 9.442279e+01 2.414663e+02) (9.048443e-03 5.074846e+00 2.319122e+00)) ((-4.433964e+01 -3.577516e-02 1.038116e-01) (6.747274e-02 3.456615e-03 8.745191e-04))
500.38        	((-2.659752e+00 8.856598e+01 2.505147e+02) (8.882780e-03 5.002727e+00 2.356928e+00)) ((-5.121719e+01 -2.394069e-02 1.063087e-01) (4.983624e-02 3.549956e-03 8.370494e-04))
500.39        	((-2.741183e+00 8.362990e+01 2.563800e+02) (8.541348e-03 4.933423e+00 2.393941e+00)) ((-5.767133e+01 -1.586238e-02 1.108333e-01) (3.175312e-02 3.694009e-03 6.143794e-04))
500.4         	((-2.850515e+00 7.972833e+01 2.605678e+02) (8.262804e-03 4.866824e+00 2.427684e+00)) ((-6.394106e+01 -1.925400e-02 1.199725e-01) (1.372628e-02 3.797386e-03 5.072801e-04))
500.41        	((-2.974812e+00 7.684729e+01 2.638686e+02) (8.088644e-03 4.802248e+00 2.457130e+00)) ((-6.936951e+01 -3.869147e-02 1.315531e-01) (-4.622961e-03 3.910189e-03 4.655777e-04))
500.42        	((-3.087955e+00 7.477965e+01 2.644719e+02) (7.960504e-03 4.738425e+00 2.481143e+00)) ((-7.276057e+01 -6.275513e-02 1.352429e-01) (-2.284894e-02 3.969840e-03 4.295174e-04))
500.43        	((-3.169556e+00 7.316541e+01 2.612047e+02) (7.818305e-03 4.677071e+00 2.501120e+00)) ((-7.375065e+01 -8.218615e-02 1.227081e-01) (-4.004781e-02 4.066817e-03 3.822349e-04))
500.44        	((-3.239473e+00 7.175093e+01 2.551322e+02) (7.722020e-03 4.618366e+00 2.515587e+00)) ((-7.300566e+01 -9.681552e-02 9.513853e-02) (-5.512623e-02 4.114103e-03 3.672544e-04))
500.45        	((-3.304731e+00 7.069220e+01 2.485545e+02) (7.404743e-03 4.562965e+00 2.524418e+00)) ((-7.156287e+01 -1.110883e-01 5.926768e-02) (-6.805366e-02 4.170857e-03 2.626247e-04))
500.46        	((-3.373733e+00 7.027726e+01 2.429690e+02) (7.193233e-03 4.510357e+00 2.527891e+00)) ((-7.007028e+01 -1.253678e-01 2.333422e-02) (-7.865255e-02 4.191052e-03 2.122810e-04))
500.47        	((-3.444269e+00 7.056024e+01 2.382044e+02) (7.070726e-03 4.459803e+00 2.527014e+00)) ((-6.854801e+01 -1.386625e-01 -9.168790e-03) (-8.736191e-02 4.159805e-03 2.328110e-04))
500.48        	((-3.503862e+00 7.172713e+01 2.329034e+02) (6.738083e-03 4.415444e+00 2.523073e+00)) ((-6.667720e+01 -1.461977e-01 -3.561479e-02) (-9.466829e-02 4.150912e-03 -1.588007e-05))
500.49        	((-3.537256e+00 7.285805e+01 2.270382e+02) (6.581716e-03 4.371578e+00 2.515702e+00)) ((-6.432800e+01 -1.465101e-01 -6.064996e-02) (-1.001973e-01 4.082559e-03 8.290578e-05))
500.5         	((-3.541969e+00 7.340651e+01 2.210056e+02) (6.200344e-03 4.328015e+00 2.505919e+00)) ((-6.163134e+01 -1.448864e-01 -8.313041e-02) (-1.043170e-01 4.054290e-03 4.195746e-05))
500.51        	((-3.532003e+00 7.339272e+01 2.154480e+02) (5.937745e-03 4.283968e+00 2.493288e+00)) ((-5.890090e+01 -1.407636e-01 -1.088303e-01) (-1.068097e-01 3.985929e-03 9.112458e-05))
500.52        	((-3.508144e+00 7.326083e+01 2.103334e+02) (5.624874e-03 4.239870e+00 2.478042e+00)) ((-5.618493e+01 -1.349682e-01 -1.341251e-01) (-1.080104e-01 3.894836e-03 1.436844e-04))
500.53        	((-3.485934e+00 7.318738e+01 2.057609e+02) (5.375738e-03 4.195933e+00 2.461740e+00)) ((-5.367807e+01 -1.276234e-01 -1.524337e-01) (-1.081412e-01 3.905762e-03 2.420159e-05))
500.54        	((-3.468174e+00 7.315869e+01 2.016062e+02) (5.007677e-03 4.152538e+00 2.445172e+00)) ((-5.143430e+01 -1.193616e-01 -1.578241e-01) (-1.074916e-01 3.878614e-03 -1.569453e-04))
500.55        	((-3.457374e+00 7.306753e+01 1.977709e+02) (4.660531e-03 4.109521e+00 2.428367e+00)) ((-4.942576e+01 -1.107118e-01 -1.507196e-01) (-1.061907e-01 3.847289e-03 -1.841557e-04))
500.56        	((-3.455150e+00 7.281420e+01 1.941285e+02) (4.267623e-03 4.066490e+00 2.411387e+00)) ((-4.759020e+01 -1.028103e-01 -1.330727e-01) (-1.044177e-01 3.821268e-03 -2.526573e-04))
500.57        	((-3.454835e+00 7.241346e+01 1.906353e+02) (3.911678e-03 4.023377e+00 2.394615e+00)) ((-4.588556e+01 -9.613480e-02 -1.118016e-01) (-1.021969e-01 3.785262e-03 -2.936092e-04))
500.58        	((-3.451089e+00 7.191318e+01 1.872838e+02) (3.518990e-03 3.980377e+00 2.377979e+00)) ((-4.429855e+01 -8.999353e-02 -9.024533e-02) (-9.967026e-02 3.729887e-03 -3.269068e-04))
500.59        	((-3.439266e+00 7.137520e+01 1.840264e+02) (3.163144e-03 3.937492e+00 2.361815e+00)) ((-4.283092e+01 -8.342634e-02 -6.932472e-02) (-9.695301e-02 3.674029e-03 -3.225388e-04))
500.6         	((-3.419289e+00 7.084627e+01 1.807691e+02) (2.879284e-03 3.895200e+00 2.345938e+00)) ((-4.148782e+01 -7.594058e-02 -4.804525e-02) (-9.416187e-02 3.616736e-03 -3.087324e-04))
500.61        	((-3.395697e+00 7.034028e+01 1.774286e+02) (2.564776e-03 3.853222e+00 2.330532e+00)) ((-4.026802e+01 -6.931471e-02 -2.463262e-02) (-9.142462e-02 3.595863e-03 -3.432584e-04))
500.62        	((-3.376462e+00 6.987828e+01 1.739866e+02) (2.334939e-03 3.812249e+00 2.314813e+00)) ((-3.916473e+01 -6.366548e-02 9.346626e-04) (-8.876839e-02 3.533769e-03 -3.764931e-04))
500.63        	((-3.359003e+00 6.948809e+01 1.704599e+02) (2.075923e-03 3.771859e+00 2.298737e+00)) ((-3.815488e+01 -6.044606e-02 2.815637e-02) (-8.633888e-02 3.488708e-03 -3.929874e-04))
500.64        	((-3.335381e+00 6.919180e+01 1.668659e+02) (1.913380e-03 3.732852e+00 2.282186e+00)) ((-3.722286e+01 -5.761859e-02 5.296769e-02) (-8.403668e-02 3.443064e-03 -4.119777e-04))
500.65        	((-3.298381e+00 6.896772e+01 1.632102e+02) (1.709406e-03 3.694693e+00 2.265328e+00)) ((-3.635556e+01 -5.615300e-02 7.423043e-02) (-8.198648e-02 3.447417e-03 -4.483559e-04))
500.66        	((-3.252665e+00 6.879233e+01 1.595004e+02) (1.595066e-03 3.657867e+00 2.247783e+00)) ((-3.555611e+01 -5.418135e-02 9.087549e-02) (-8.008115e-02 3.417191e-03 -4.921294e-04))
500.67        	((-3.200916e+00 6.864252e+01 1.557481e+02) (1.454794e-03 3.621811e+00 2.229747e+00)) ((-3.482225e+01 -5.308923e-02 1.053316e-01) (-7.845283e-02 3.403034e-03 -5.131476e-04))
500.68        	((-3.149490e+00 6.851374e+01 1.519692e+02) (1.397426e-03 3.586777e+00 2.210874e+00)) ((-3.415255e+01 -5.148693e-02 1.183667e-01) (-7.697092e-02 3.352482e-03 -5.353499e-04))
500.69        	((-3.101359e+00 6.839515e+01 1.481867e+02) (1.274705e-03 3.552276e+00 2.191373e+00)) ((-3.353263e+01 -5.107447e-02 1.317812e-01) (-7.575427e-02 3.320322e-03 -5.429085e-04))
500.7         	((-3.044455e+00 6.827873e+01 1.444552e+02) (1.209033e-03 3.518656e+00 2.170973e+00)) ((-3.295261e+01 -4.872525e-02 1.416992e-01) (-7.469783e-02 3.267867e-03 -5.513543e-04))
500.71        	((-2.978387e+00 6.814255e+01 1.407652e+02) (1.114051e-03 3.485594e+00 2.149985e+00)) ((-3.236854e+01 -4.508007e-02 1.493491e-01) (-7.386476e-02 3.241177e-03 -5.492180e-04))
500.72        	((-2.910832e+00 6.797877e+01 1.372210e+02) (1.052330e-03 3.453515e+00 2.128361e+00)) ((-3.181159e+01 -4.066354e-02 1.554609e-01) (-7.314094e-02 3.192419e-03 -5.440096e-04))
500.73        	((-2.844072e+00 6.776216e+01 1.338942e+02) (9.657762e-04 3.421975e+00 2.106217e+00)) ((-3.129225e+01 -3.751990e-02 1.607651e-01) (-7.261087e-02 3.166047e-03 -5.395342e-04))
500.74        	((-2.778721e+00 6.750450e+01 1.307914e+02) (9.126537e-04 3.391296e+00 2.083748e+00)) ((-3.080101e+01 -3.435803e-02 1.643759e-01) (-7.214583e-02 3.116712e-03 -5.278805e-04))
500.75        	((-2.714990e+00 6.719975e+01 1.278818e+02) (8.296318e-04 3.361128e+00 2.061274e+00)) ((-3.031466e+01 -3.191809e-02 1.682018e-01) (-7.179618e-02 3.094392e-03 -5.175386e-04))
500.76        	((-2.652508e+00 6.682725e+01 1.251615e+02) (7.892407e-04 3.331633e+00 2.038497e+00)) ((-2.981944e+01 -2.875494e-02 1.715363e-01) (-7.146911e-02 3.055316e-03 -5.107956e-04))
500.77        	((-2.591515e+00 6.639911e+01 1.226075e+02) (7.527310e-04 3.302463e+00 2.016022e+00)) ((-2.930908e+01 -2.553150e-02 1.746854e-01) (-7.119004e-02 3.033221e-03 -5.029563e-04))
500.78        	((-2.533370e+00 6.590949e+01 1.202466e+02) (7.847602e-04 3.273741e+00 1.993419e+00)) ((-2.877971e+01 -2.210348e-02 1.769280e-01) (-7.087993e-02 2.986980e-03 -4.835621e-04))
500.79        	((-2.477241e+00 6.536958e+01 1.180601e+02) (8.348884e-04 3.245327e+00 1.971183e+00)) ((-2.822434e+01 -1.950990e-02 1.792436e-01) (-7.057229e-02 2.957426e-03 -4.638816e-04))
500.8         	((-2.418938e+00 6.478872e+01 1.160494e+02) (9.272620e-04 3.217437e+00 1.949041e+00)) ((-2.763758e+01 -1.683427e-02 1.802920e-01) (-7.018893e-02 2.905392e-03 -4.380848e-04))
500.81        	((-2.357735e+00 6.419053e+01 1.141464e+02) (9.729682e-04 3.189973e+00 1.927424e+00)) ((-2.701186e+01 -1.391887e-02 1.805087e-01) (-6.976931e-02 2.869677e-03 -4.139782e-04))
500.82        	((-2.293537e+00 6.357623e+01 1.123311e+02) (1.033680e-03 3.163133e+00 1.906099e+00)) ((-2.634274e+01 -9.664422e-03 1.798121e-01) (-6.921153e-02 2.808280e-03 -3.783180e-04))
500.83        	((-2.225445e+00 6.293341e+01 1.105895e+02) (1.040110e-03 3.136497e+00 1.885118e+00)) ((-2.562227e+01 -5.302758e-03 1.792190e-01) (-6.861728e-02 2.767367e-03 -3.510321e-04))
500.84        	((-2.157912e+00 6.226434e+01 1.089197e+02) (1.079426e-03 3.110206e+00 1.864224e+00)) ((-2.485184e+01 -4.307186e-04 1.784625e-01) (-6.790959e-02 2.702151e-03 -3.224372e-04))
500.85        	((-2.092307e+00 6.159046e+01 1.072554e+02) (1.106193e-03 3.084103e+00 1.843704e+00)) ((-2.403959e+01 4.102246e-03 1.778052e-01) (-6.714048e-02 2.649338e-03 -2.975942e-04))
500.86        	((-2.029012e+00 6.093727e+01 1.055577e+02) (1.208587e-03 3.058653e+00 1.823479e+00)) ((-2.319640e+01 9.500505e-03 1.767227e-01) (-6.618653e-02 2.573306e-03 -2.671126e-04))
500.87        	((-1.967979e+00 6.030731e+01 1.038093e+02) (1.272156e-03 3.033658e+00 1.803707e+00)) ((-2.232466e+01 1.501742e-02 1.764564e-01) (-6.512171e-02 2.515619e-03 -2.465677e-04))
500.88        	((-1.909300e+00 5.970325e+01 1.019839e+02) (1.276489e-03 3.009171e+00 1.784355e+00)) ((-2.143142e+01 2.024663e-02 1.762992e-01) (-6.392306e-02 2.456045e-03 -2.305335e-04))
500.89        	((-1.854164e+00 5.914475e+01 1.000635e+02) (1.293514e-03 2.985431e+00 1.765372e+00)) ((-2.052168e+01 2.545006e-02 1.757933e-01) (-6.256772e-02 2.391847e-03 -2.245909e-04))
500.9         	((-1.804306e+00 5.863911e+01 9.803013e+01) (1.301921e-03 2.962195e+00 1.746880e+00)) ((-1.960450e+01 3.031743e-02 1.755872e-01) (-6.111398e-02 2.336708e-03 -2.172486e-04))
500.91        	((-1.758202e+00 5.817452e+01 9.588450e+01) (1.332067e-03 2.939483e+00 1.728642e+00)) ((-1.868973e+01 3.507540e-02 1.753468e-01) (-5.954905e-02 2.276635e-03 -2.264849e-04))
500.92        	((-1.716216e+00 5.774980e+01 9.362490e+01) (1.359978e-03 2.916955e+00 1.710608e+00)) ((-1.778586e+01 3.881816e-02 1.759176e-01) (-5.796100e-02 2.231203e-03 -2.307609e-04))
500.93        	((-1.683043e+00 5.732813e+01 9.144265e+01) (1.465528e-03 2.894956e+00 1.693351e+00)) ((-1.697185e+01 4.226540e-02 1.762280e-01) (-5.644100e-02 2.174896e-03 -2.478652e-04))
500.94        	((-1.651843e+00 5.693760e+01 8.919639e+01) (1.535230e-03 2.873267e+00 1.675744e+00)) ((-1.619112e+01 4.460672e-02 1.772942e-01) (-5.493220e-02 2.124150e-03 -2.506462e-04))
500.95        	((-1.618693e+00 5.661252e+01 8.673224e+01) (1.530274e-03 2.851846e+00 1.657718e+00)) ((-1.538974e+01 4.611527e-02 1.784430e-01) (-5.345805e-02 2.085104e-03 -2.643731e-04))
500.96        	((-1.582869e+00 5.636416e+01 8.404604e+01) (1.632397e-03 2.831116e+00 1.639188e+00)) ((-1.456272e+01 4.768163e-02 1.785580e-01) (-5.194926e-02 2.023436e-03 -2.808467e-04))
500.97        	((-1.545111e+00 5.616170e+01 8.126271e+01) (1.673305e-03 2.810596e+00 1.620452e+00)) ((-1.374455e+01 4.862868e-02 1.782443e-01) (-5.050226e-02 1.975465e-03 -2.870519e-04))
500.98        	((-1.508644e+00 5.597249e+01 7.849102e+01) (1.663155e-03 2.790112e+00 1.601542e+00)) ((-1.297144e+01 4.895219e-02 1.773994e-01) (-4.909091e-02 1.933592e-03 -2.946415e-04))
500.99        	((-1.474267e+00 5.579781e+01 7.575651e+01) (1.705358e-03 2.769788e+00 1.582293e+00)) ((-1.225390e+01 4.939710e-02 1.759191e-01) (-4.766226e-02 1.878033e-03 -3.116702e-04))
501           	((-1.444166e+00 5.563735e+01 7.302347e+01) (1.714102e-03 2.749289e+00 1.562785e+00)) ((-1.157497e+01 4.890904e-02 1.755710e-01) (-4.628118e-02 1.830494e-03 -3.215142e-04))
501.01        	((-1.416399e+00 5.548309e+01 7.027716e+01) (1.659865e-03 2.728551e+00 1.542927e+00)) ((-1.091122e+01 4.745281e-02 1.756570e-01) (-4.496359e-02 1.796392e-03 -3.343404e-04))
501.02        	((-1.388501e+00 5.532922e+01 6.754661e+01) (1.712362e-03 2.708071e+00 1.522509e+00)) ((-1.025371e+01 4.655189e-02 1.754465e-01) (-4.362804e-02 1.740303e-03 -3.494808e-04))
501.03        	((-1.360211e+00 5.515815e+01 6.488348e+01) (1.727373e-03 2.687413e+00 1.501773e+00)) ((-9.604145e+00 4.595536e-02 1.754458e-01) (-4.235280e-02 1.695674e-03 -3.577467e-04))
501.04        	((-1.333496e+00 5.495331e+01 6.233996e+01) (1.683183e-03 2.666672e+00 1.480629e+00)) ((-8.970682e+00 4.684617e-02 1.747725e-01) (-4.108128e-02 1.614159e-03 -3.461382e-04))
501.05        	((-1.304156e+00 5.472732e+01 5.992404e+01) (1.609068e-03 2.645920e+00 1.459364e+00)) ((-8.356385e+00 4.723895e-02 1.716029e-01) (-3.984655e-02 1.568745e-03 -3.486446e-04))
501.06        	((-1.272482e+00 5.448644e+01 5.761940e+01) (1.636909e-03 2.625494e+00 1.438035e+00)) ((-7.756161e+00 4.397373e-02 1.670822e-01) (-3.863011e-02 1.655412e-03 -4.043592e-04))
501.07        	((-1.250761e+00 5.421427e+01 5.543676e+01) (1.572743e-03 2.604962e+00 1.416571e+00)) ((-7.158892e+00 4.003117e-02 1.658517e-01) (-3.747085e-02 1.635473e-03 -4.233517e-04))
501.08        	((-1.232508e+00 5.391726e+01 5.336754e+01) (1.486180e-03 2.584430e+00 1.395191e+00)) ((-6.559275e+00 3.823647e-02 1.649407e-01) (-3.632055e-02 1.558329e-03 -4.148012e-04))
501.09        	((-1.208269e+00 5.358194e+01 5.142863e+01) (1.428609e-03 2.563809e+00 1.373647e+00)) ((-5.951551e+00 3.691312e-02 1.616583e-01) (-3.519136e-02 1.541586e-03 -4.094562e-04))
501.1         	((-1.179828e+00 5.323336e+01 4.960103e+01) (1.395035e-03 2.543317e+00 1.352232e+00)) ((-5.337923e+00 3.555471e-02 1.569390e-01) (-3.401510e-02 1.527165e-03 -3.985681e-04))
501.11        	((-1.150222e+00 5.291250e+01 4.760362e+01) (1.388592e-03 2.522960e+00 1.331001e+00)) ((-4.670769e+00 3.418611e-02 1.522383e-01) (-3.281861e-02 1.506747e-03 -3.738940e-04))
501.12        	((-1.120974e+00 5.257557e+01 4.578193e+01) (1.396161e-03 2.502782e+00 1.310082e+00)) ((-4.005521e+00 3.292871e-02 1.478290e-01) (-3.157456e-02 1.468895e-03 -3.384531e-04))
501.13        	((-1.089049e+00 5.217732e+01 4.435312e+01) (1.413272e-03 2.482689e+00 1.289440e+00)) ((-3.374683e+00 3.134057e-02 1.442354e-01) (-3.030651e-02 1.439687e-03 -3.044081e-04))
501.14        	((-1.055277e+00 5.168199e+01 4.365560e+01) (1.440746e-03 2.462647e+00 1.269205e+00)) ((-2.832846e+00 2.993250e-02 1.408380e-01) (-2.901549e-02 1.395151e-03 -2.619750e-04))
501.15        	((-1.019532e+00 5.117941e+01 4.315423e+01) (1.486536e-03 2.442672e+00 1.249335e+00)) ((-2.324608e+00 2.943152e-02 1.359744e-01) (-2.769960e-02 1.356472e-03 -2.221190e-04))
501.16        	((-9.833892e-01 5.071816e+01 4.255034e+01) (1.537325e-03 2.422799e+00 1.229837e+00)) ((-1.832600e+00 3.033572e-02 1.298256e-01) (-2.636686e-02 1.310985e-03 -1.783162e-04))
501.17        	((-9.450189e-01 5.031455e+01 4.166938e+01) (1.577511e-03 2.403202e+00 1.210924e+00)) ((-1.357566e+00 3.201545e-02 1.229849e-01) (-2.501084e-02 1.273190e-03 -1.396471e-04))
501.18        	((-9.089591e-01 4.986501e+01 4.109344e+01) (1.614282e-03 2.384128e+00 1.192867e+00)) ((-9.771399e-01 3.394012e-02 1.174239e-01) (-2.364763e-02 1.235750e-03 -1.101019e-04))
501.19        	((-8.762153e-01 4.930816e+01 4.104903e+01) (1.634845e-03 2.365616e+00 1.175918e+00)) ((-7.132019e-01 3.521340e-02 1.121955e-01) (-2.231362e-02 1.206727e-03 -8.319110e-05))
501.2         	((-8.552606e-01 4.866363e+01 4.092698e+01) (1.666776e-03 2.347512e+00 1.159991e+00)) ((-4.672752e-01 3.645201e-02 1.057134e-01) (-2.104634e-02 1.169532e-03 -5.600869e-05))
501.21        	((-8.333698e-01 4.801522e+01 4.041538e+01) (1.703962e-03 2.329676e+00 1.144837e+00)) ((-2.044952e-01 3.780938e-02 9.961682e-02) (-1.981702e-02 1.133319e-03 -4.008744e-05))
501.22        	((-8.012350e-01 4.739191e+01 3.959675e+01) (1.740145e-03 2.311943e+00 1.129977e+00)) ((8.995021e-02 3.970831e-02 9.498542e-02) (-1.865059e-02 1.099907e-03 -3.003543e-05))
501.23        	((-7.698234e-01 4.684983e+01 3.843524e+01) (1.786929e-03 2.294333e+00 1.115198e+00)) ((4.139748e-01 4.219830e-02 9.057285e-02) (-1.754044e-02 1.071196e-03 -2.622077e-05))
501.24        	((-7.468361e-01 4.638717e+01 3.717863e+01) (1.858957e-03 2.276838e+00 1.100542e+00)) ((7.324490e-01 4.485320e-02 8.632602e-02) (-1.651370e-02 1.045532e-03 -2.167306e-05))
501.25        	((-7.280222e-01 4.597037e+01 3.599560e+01) (1.915248e-03 2.259518e+00 1.086065e+00)) ((1.026701e+00 4.712163e-02 8.221029e-02) (-1.557654e-02 1.029835e-03 -2.412337e-05))
501.26        	((-7.063804e-01 4.556625e+01 3.487979e+01) (1.986548e-03 2.242428e+00 1.071771e+00)) ((1.301622e+00 4.918629e-02 7.807388e-02) (-1.474520e-02 1.014776e-03 -3.195215e-05))
501.27        	((-6.817200e-01 4.517399e+01 3.370423e+01) (1.986190e-03 2.225626e+00 1.057625e+00)) ((1.569449e+00 5.032913e-02 7.499616e-02) (-1.396931e-02 1.015683e-03 -6.596373e-05))
501.28        	((-6.573033e-01 4.482211e+01 3.237731e+01) (2.012366e-03 2.209108e+00 1.043554e+00)) ((1.838166e+00 5.049068e-02 7.220333e-02) (-1.323930e-02 1.007231e-03 -7.804919e-05))
501.29        	((-6.343319e-01 4.452824e+01 3.089792e+01) (2.035513e-03 2.192786e+00 1.029388e+00)) ((2.112785e+00 5.014761e-02 6.811340e-02) (-1.253351e-02 9.909690e-04 -8.600467e-05))
501.3         	((-6.127286e-01 4.429262e+01 2.932586e+01) (2.061159e-03 2.176536e+00 1.014946e+00)) ((2.396825e+00 4.989183e-02 6.248635e-02) (-1.183137e-02 9.732481e-04 -8.700703e-05))
501.31        	((-5.927557e-01 4.408479e+01 2.772745e+01) (2.087385e-03 2.160218e+00 1.000165e+00)) ((2.695465e+00 4.928009e-02 5.814742e-02) (-1.115610e-02 9.630039e-04 -1.147644e-04))
501.32        	((-5.755354e-01 4.387968e+01 2.614771e+01) (2.087091e-03 2.143960e+00 9.851397e-01)) ((3.004923e+00 4.776113e-02 5.649524e-02) (-1.042991e-02 9.506718e-04 -1.229535e-04))
501.33        	((-5.597004e-01 4.365379e+01 2.460673e+01) (2.035743e-03 2.127592e+00 9.697957e-01)) ((3.322086e+00 4.557658e-02 5.655289e-02) (-9.726752e-03 9.406630e-04 -1.139115e-04))
501.34        	((-5.484731e-01 4.342248e+01 2.311002e+01) (2.028725e-03 2.111482e+00 9.543100e-01)) ((3.636191e+00 4.313059e-02 5.880954e-02) (-8.933666e-03 9.356678e-04 -1.442507e-04))
501.35        	((-5.389652e-01 4.317409e+01 2.166829e+01) (1.944245e-03 2.095299e+00 9.384712e-01)) ((3.949183e+00 4.104842e-02 6.014930e-02) (-8.208871e-03 9.306350e-04 -1.359756e-04))
501.36        	((-5.307318e-01 4.291941e+01 2.031113e+01) (1.914353e-03 2.079414e+00 9.224743e-01)) ((4.257779e+00 3.906921e-02 6.178110e-02) (-7.384788e-03 9.293933e-04 -1.612583e-04))
501.37        	((-5.221110e-01 4.263962e+01 1.905408e+01) (1.837908e-03 2.063328e+00 9.062151e-01)) ((4.569213e+00 3.701023e-02 6.282723e-02) (-6.623139e-03 9.266567e-04 -1.837329e-04))
501.38        	((-5.126246e-01 4.234756e+01 1.790844e+01) (1.770777e-03 2.047357e+00 8.899310e-01)) ((4.878261e+00 3.439926e-02 6.405213e-02) (-5.802223e-03 9.270574e-04 -1.812440e-04))
501.39        	((-5.020201e-01 4.202741e+01 1.685493e+01) (1.687534e-03 2.031231e+00 8.736169e-01)) ((5.186382e+00 3.153579e-02 6.514258e-02) (-5.005647e-03 9.231196e-04 -1.817919e-04))
501.4         	((-4.915011e-01 4.169536e+01 1.588409e+01) (1.668104e-03 2.015426e+00 8.575140e-01)) ((5.486942e+00 2.853606e-02 6.640986e-02) (-4.159008e-03 9.238775e-04 -1.837991e-04))
501.41        	((-4.815822e-01 4.134059e+01 1.498256e+01) (1.607765e-03 1.999720e+00 8.414344e-01)) ((5.788769e+00 2.555416e-02 6.809594e-02) (-3.305432e-03 9.228980e-04 -1.879834e-04))
501.42        	((-4.724287e-01 4.098526e+01 1.414449e+01) (1.564420e-03 1.984126e+00 8.254965e-01)) ((6.087363e+00 2.272712e-02 6.972667e-02) (-2.422098e-03 9.218000e-04 -1.859514e-04))
501.43        	((-4.621536e-01 4.061137e+01 1.336532e+01) (1.523671e-03 1.968278e+00 8.096153e-01)) ((6.390988e+00 2.015184e-02 7.048985e-02) (-1.550790e-03 9.166718e-04 -1.922653e-04))
501.44        	((-4.491360e-01 4.024031e+01 1.263144e+01) (1.474203e-03 1.952501e+00 7.939516e-01)) ((6.694885e+00 1.809628e-02 6.944002e-02) (-6.744065e-04 9.085396e-04 -1.739486e-04))
501.45        	((-4.345348e-01 3.985956e+01 1.192355e+01) (1.454349e-03 1.936663e+00 7.784798e-01)) ((7.003046e+00 1.649740e-02 6.749802e-02) (1.974939e-04 9.091184e-04 -1.993065e-04))
501.46        	((-4.193571e-01 3.950153e+01 1.120160e+01) (1.399056e-03 1.921457e+00 7.636237e-01)) ((7.307892e+00 1.523408e-02 6.516388e-02) (1.138050e-03 9.011047e-04 -1.759527e-04))
501.47        	((-4.055007e-01 3.915596e+01 1.044296e+01) (1.394119e-03 1.906745e+00 7.491612e-01)) ((7.612002e+00 1.420338e-02 6.536880e-02) (2.162244e-03 9.006794e-04 -1.959388e-04))
501.48        	((-3.893354e-01 3.883154e+01 9.636090e+00) (1.349395e-03 1.892501e+00 7.350071e-01)) ((7.921207e+00 1.378280e-02 6.398909e-02) (3.240728e-03 8.899475e-04 -1.415685e-04))
501.49        	((-3.743736e-01 3.849139e+01 8.793239e+00) (1.403942e-03 1.878373e+00 7.210052e-01)) ((8.239986e+00 1.326477e-02 6.437259e-02) (4.421198e-03 8.927415e-04 -1.698450e-04))
501.5         	((-3.586911e-01 3.812791e+01 7.937324e+00) (1.377338e-03 1.864456e+00 7.072043e-01)) ((8.560614e+00 1.327867e-02 6.163652e-02) (5.661131e-03 8.803937e-04 -1.305926e-04))
501.51        	((-3.467307e-01 3.774317e+01 7.072414e+00) (1.422822e-03 1.850791e+00 6.937682e-01)) ((8.874475e+00 1.306788e-02 5.981937e-02) (6.980859e-03 8.910070e-04 -1.588611e-04))
501.52        	((-3.366209e-01 3.736169e+01 6.179416e+00) (1.444756e-03 1.837403e+00 6.805237e-01)) ((9.175248e+00 1.295492e-02 5.764329e-02) (8.318440e-03 8.962766e-04 -1.814713e-04))
501.53        	((-3.268590e-01 3.700865e+01 5.236798e+00) (1.450532e-03 1.824199e+00 6.674469e-01)) ((9.465522e+00 1.295095e-02 5.524048e-02) (9.641510e-03 9.048106e-04 -1.939675e-04))
501.54        	((-3.174144e-01 3.668476e+01 4.242705e+00) (1.473320e-03 1.811169e+00 6.545536e-01)) ((9.739576e+00 1.294108e-02 5.258717e-02) (1.094360e-02 9.153216e-04 -2.116531e-04))
501.55        	((-3.075759e-01 3.638311e+01 3.213946e+00) (1.480340e-03 1.798393e+00 6.416950e-01)) ((9.990730e+00 1.316700e-02 4.835304e-02) (1.222631e-02 9.276508e-04 -2.381142e-04))
501.56        	((-2.962898e-01 3.609270e+01 2.163134e+00) (1.483362e-03 1.785816e+00 6.287555e-01)) ((1.021836e+01 1.347603e-02 4.298885e-02) (1.354038e-02 9.388148e-04 -2.539732e-04))
501.57        	((-2.847144e-01 3.580555e+01 1.090802e+00) (1.493987e-03 1.773386e+00 6.157579e-01)) ((1.042674e+01 1.348087e-02 3.754994e-02) (1.486106e-02 9.532784e-04 -2.771202e-04))
501.58        	((-2.736749e-01 3.552336e+01 9.355862e-03) (1.496912e-03 1.761061e+00 6.026923e-01)) ((1.061779e+01 1.296138e-02 3.342654e-02) (1.619073e-02 9.613412e-04 -3.080338e-04))
501.59        	((-2.642952e-01 3.525291e+01 -1.063599e+00) (1.494787e-03 1.748801e+00 5.895995e-01)) ((1.079085e+01 1.214140e-02 3.014610e-02) (1.747130e-02 9.633744e-04 -3.383664e-04))
501.6         	((-2.557975e-01 3.499847e+01 -2.110736e+00) (1.480137e-03 1.736701e+00 5.764944e-01)) ((1.094359e+01 1.162247e-02 2.681933e-02) (1.868091e-02 9.586645e-04 -3.666318e-04))
501.61        	((-2.463116e-01 3.465253e+01 -2.788409e+00) (1.468713e-03 1.724678e+00 5.648004e-01)) ((1.100140e+01 1.223662e-02 2.186818e-02) (1.960065e-02 9.520666e-04 -3.788685e-04))
501.62        	((-2.383564e-01 3.431719e+01 -3.368643e+00) (1.449699e-03 1.712668e+00 5.527354e-01)) ((1.103614e+01 1.316821e-02 1.730497e-02) (2.053705e-02 9.430621e-04 -3.897597e-04))
501.63        	((-2.327414e-01 3.404808e+01 -4.099919e+00) (1.417607e-03 1.700748e+00 5.403875e-01)) ((1.110794e+01 1.414619e-02 1.388448e-02) (2.145499e-02 9.397561e-04 -4.072707e-04))
501.64        	((-2.287324e-01 3.382630e+01 -5.006723e+00) (1.385976e-03 1.688881e+00 5.277944e-01)) ((1.122617e+01 1.514224e-02 1.173769e-02) (2.232017e-02 9.392342e-04 -4.210323e-04))
501.65        	((-2.243684e-01 3.359920e+01 -5.935944e+00) (1.342997e-03 1.677042e+00 5.149974e-01)) ((1.136141e+01 1.640867e-02 1.025598e-02) (2.313677e-02 9.383075e-04 -4.351752e-04))
501.66        	((-2.188587e-01 3.333083e+01 -6.728311e+00) (1.294401e-03 1.665231e+00 5.021510e-01)) ((1.147983e+01 1.834335e-02 8.929104e-03) (2.387389e-02 9.354911e-04 -4.466804e-04))
501.67        	((-2.130573e-01 3.302000e+01 -7.330235e+00) (1.252251e-03 1.653459e+00 4.892650e-01)) ((1.156924e+01 2.170010e-02 7.780096e-03) (2.449212e-02 9.429700e-04 -4.731729e-04))
501.68        	((-2.062042e-01 3.269553e+01 -7.813113e+00) (1.220429e-03 1.641787e+00 4.764946e-01)) ((1.163816e+01 2.688629e-02 6.782040e-03) (2.503540e-02 9.610467e-04 -5.135946e-04))
501.69        	((-1.989201e-01 3.237587e+01 -8.254217e+00) (1.204660e-03 1.630147e+00 4.636957e-01)) ((1.170301e+01 3.289130e-02 6.433252e-03) (2.551990e-02 9.732372e-04 -5.444264e-04))
501.7         	((-1.909939e-01 3.206335e+01 -8.691168e+00) (1.208693e-03 1.618513e+00 4.508424e-01)) ((1.177280e+01 3.832961e-02 7.184168e-03) (2.595609e-02 9.602774e-04 -5.355821e-04))
501.71        	((-1.821362e-01 3.174843e+01 -9.105214e+00) (1.218941e-03 1.606817e+00 4.378843e-01)) ((1.184675e+01 4.312548e-02 9.063457e-03) (2.634127e-02 9.358964e-04 -5.067589e-04))
501.72        	((-1.731458e-01 3.142420e+01 -9.461553e+00) (1.234107e-03 1.594997e+00 4.248765e-01)) ((1.191895e+01 4.804490e-02 1.161487e-02) (2.666019e-02 9.331109e-04 -4.778840e-04))
501.73        	((-1.641107e-01 3.108943e+01 -9.752998e+00) (1.234387e-03 1.583015e+00 4.117522e-01)) ((1.198471e+01 5.411994e-02 1.424482e-02) (2.696043e-02 9.210920e-04 -4.624064e-04))
501.74        	((-1.545038e-01 3.075518e+01 -1.000661e+01) (1.205971e-03 1.571058e+00 3.986904e-01)) ((1.204137e+01 6.034216e-02 1.676732e-02) (2.723537e-02 9.102830e-04 -4.814440e-04))
501.75        	((-1.436912e-01 3.043576e+01 -1.026491e+01) (1.189013e-03 1.559387e+00 3.860304e-01)) ((1.208897e+01 6.606574e-02 1.817163e-02) (2.755585e-02 8.939424e-04 -4.896795e-04))
501.76        	((-1.328593e-01 3.013276e+01 -1.053908e+01) (1.200915e-03 1.547941e+00 3.735072e-01)) ((1.212881e+01 7.069431e-02 1.798913e-02) (2.792206e-02 8.943155e-04 -4.627597e-04))
501.77        	((-1.208003e-01 2.983209e+01 -1.081808e+01) (1.239873e-03 1.536549e+00 3.610155e-01)) ((1.216320e+01 7.446407e-02 1.628677e-02) (2.827302e-02 8.974167e-04 -4.285028e-04))
501.78        	((-1.088468e-01 2.952309e+01 -1.108842e+01) (1.281876e-03 1.525107e+00 3.486593e-01)) ((1.219290e+01 7.774440e-02 1.432385e-02) (2.863640e-02 9.137773e-04 -4.101012e-04))
501.79        	((-9.789443e-02 2.919778e+01 -1.133948e+01) (1.320912e-03 1.513699e+00 3.364035e-01)) ((1.221789e+01 8.106751e-02 1.264150e-02) (2.899885e-02 9.325482e-04 -4.111806e-04))
501.8         	((-8.791831e-02 2.885888e+01 -1.157636e+01) (1.343759e-03 1.502427e+00 3.242957e-01)) ((1.223592e+01 8.454437e-02 1.115780e-02) (2.936885e-02 9.523104e-04 -4.279378e-04))
501.81        	((-7.843538e-02 2.851479e+01 -1.180696e+01) (1.364945e-03 1.491182e+00 3.123315e-01)) ((1.224467e+01 8.770796e-02 9.837094e-03) (2.973781e-02 9.729238e-04 -4.433185e-04))
501.82        	((-6.944352e-02 2.818005e+01 -1.203295e+01) (1.398998e-03 1.480041e+00 3.005186e-01)) ((1.224014e+01 8.959528e-02 8.727126e-03) (3.010886e-02 9.963162e-04 -4.417743e-04))
501.83        	((-6.116776e-02 2.786314e+01 -1.226382e+01) (1.415335e-03 1.468950e+00 2.888107e-01)) ((1.221899e+01 9.040946e-02 7.179278e-03) (3.046138e-02 1.019624e-03 -4.553363e-04))
501.84        	((-5.427796e-02 2.756736e+01 -1.250409e+01) (1.439063e-03 1.457995e+00 2.772601e-01)) ((1.218110e+01 9.058900e-02 4.909700e-03) (3.080889e-02 1.037705e-03 -4.570398e-04))
501.85        	((-4.798931e-02 2.728933e+01 -1.275008e+01) (1.436345e-03 1.447136e+00 2.658279e-01)) ((1.212789e+01 9.007797e-02 2.688214e-03) (3.114706e-02 1.046784e-03 -4.574732e-04))
501.86        	((-4.255461e-02 2.702398e+01 -1.299909e+01) (1.399138e-03 1.436497e+00 2.545575e-01)) ((1.206103e+01 8.852377e-02 3.840575e-04) (3.146797e-02 1.071754e-03 -4.782648e-04))
501.87        	((-3.723015e-02 2.676947e+01 -1.324724e+01) (1.333723e-03 1.425998e+00 2.433836e-01)) ((1.198268e+01 8.578563e-02 -2.095590e-03) (3.178167e-02 1.111395e-03 -5.337641e-04))
501.88        	((-3.196918e-02 2.654815e+01 -1.361889e+01) (1.354140e-03 1.415870e+00 2.323620e-01)) ((1.191783e+01 8.171444e-02 -4.078024e-03) (3.204162e-02 1.113649e-03 -5.171589e-04))
501.89        	((-2.745153e-02 2.633897e+01 -1.395664e+01) (1.344091e-03 1.405877e+00 2.214007e-01)) ((1.184265e+01 7.740921e-02 -7.192740e-03) (3.226642e-02 1.122741e-03 -5.190664e-04))
501.9         	((-2.252342e-02 2.613039e+01 -1.417268e+01) (1.317654e-03 1.396000e+00 2.104842e-01)) ((1.174412e+01 7.303582e-02 -1.191567e-02) (3.245129e-02 1.139334e-03 -5.257127e-04))
501.91        	((-1.712548e-02 2.592607e+01 -1.428905e+01) (1.261716e-03 1.386198e+00 1.996231e-01)) ((1.162626e+01 6.845911e-02 -1.746651e-02) (3.258911e-02 1.155338e-03 -5.315747e-04))
501.92        	((-1.169819e-02 2.573746e+01 -1.437719e+01) (1.211360e-03 1.376542e+00 1.887661e-01)) ((1.150187e+01 6.306171e-02 -2.218812e-02) (3.267900e-02 1.169130e-03 -5.051755e-04))
501.93        	((-6.179696e-03 2.557207e+01 -1.448691e+01) (1.151377e-03 1.366981e+00 1.779334e-01)) ((1.138179e+01 5.616675e-02 -2.520385e-02) (3.269421e-02 1.181106e-03 -4.504062e-04))
501.94        	((-1.286321e-03 2.542833e+01 -1.461185e+01) (1.043449e-03 1.357629e+00 1.669780e-01)) ((1.126884e+01 4.873923e-02 -2.657601e-02) (3.265965e-02 1.163499e-03 -4.578087e-04))
501.95        	((3.669375e-03 2.529629e+01 -1.471882e+01) (9.509043e-04 1.348423e+00 1.561311e-01)) ((1.116057e+01 4.055278e-02 -2.680600e-02) (3.252858e-02 1.141618e-03 -3.874825e-04))
501.96        	((8.691302e-03 2.517418e+01 -1.478602e+01) (8.537769e-04 1.339430e+00 1.453206e-01)) ((1.105631e+01 3.151229e-02 -2.769877e-02) (3.230846e-02 1.127027e-03 -3.189608e-04))
501.97        	((1.354060e-02 2.505860e+01 -1.481759e+01) (7.388576e-04 1.330716e+00 1.346583e-01)) ((1.095653e+01 2.226424e-02 -2.847753e-02) (3.200778e-02 1.107680e-03 -2.615595e-04))
501.98        	((1.839397e-02 2.494860e+01 -1.482246e+01) (6.333092e-04 1.322382e+00 1.241391e-01)) ((1.086369e+01 1.307430e-02 -2.946734e-02) (3.163324e-02 1.088387e-03 -2.280918e-04))
501.99        	((2.408193e-02 2.484424e+01 -1.481894e+01) (5.700041e-04 1.314339e+00 1.138510e-01)) ((1.078101e+01 3.551977e-03 -3.020337e-02) (3.119333e-02 1.070788e-03 -1.672984e-04))
502           	((3.194102e-02 2.474746e+01 -1.481521e+01) (5.247181e-04 1.306553e+00 1.037613e-01)) ((1.071095e+01 -5.982313e-03 -3.129815e-02) (3.070508e-02 1.039289e-03 -1.261191e-04))
502.01        	((4.070697e-02 2.465672e+01 -1.481151e+01) (4.716298e-04 1.298945e+00 9.383610e-02)) ((1.065334e+01 -1.486671e-02 -3.294266e-02) (3.017527e-02 1.004474e-03 -9.380003e-05))
502.02        	((4.953336e-02 2.457131e+01 -1.480767e+01) (5.112101e-04 1.291445e+00 8.385209e-02)) ((1.060609e+01 -2.322846e-02 -3.536064e-02) (2.971507e-02 1.025300e-03 -5.477034e-05))
502.03        	((5.762130e-02 2.449011e+01 -1.480746e+01) (4.218670e-04 1.284304e+00 7.448027e-02)) ((1.056482e+01 -3.135936e-02 -3.801168e-02) (2.901953e-02 9.658871e-04 -4.370336e-05))
502.04        	((6.719521e-02 2.441200e+01 -1.482836e+01) (3.440195e-04 1.277544e+00 6.545796e-02)) ((1.053036e+01 -3.909998e-02 -3.955643e-02) (2.836481e-02 9.261267e-04 -3.142050e-05))
502.05        	((7.617295e-02 2.433623e+01 -1.487150e+01) (2.774242e-04 1.270993e+00 5.651121e-02)) ((1.050198e+01 -4.627856e-02 -3.936456e-02) (2.773397e-02 8.915103e-04 -8.379329e-06))
502.06        	((8.637770e-02 2.426566e+01 -1.494119e+01) (2.359863e-04 1.264621e+00 4.766667e-02)) ((1.047951e+01 -5.279829e-02 -3.918889e-02) (2.711957e-02 8.501357e-04 1.658849e-05))
502.07        	((9.551905e-02 2.419257e+01 -1.503104e+01) (2.308280e-04 1.258429e+00 3.909725e-02)) ((1.046069e+01 -5.893058e-02 -3.944923e-02) (2.646261e-02 8.397936e-04 4.840821e-05))
502.08        	((1.039000e-01 2.411103e+01 -1.513621e+01) (2.144672e-04 1.252354e+00 3.058703e-02)) ((1.044551e+01 -6.441566e-02 -4.101175e-02) (2.586528e-02 8.362590e-04 4.052652e-05))
502.09        	((1.117953e-01 2.401553e+01 -1.524899e+01) (1.909220e-04 1.246593e+00 2.239880e-02)) ((1.042922e+01 -6.982657e-02 -4.304389e-02) (2.525375e-02 8.036241e-04 6.463977e-05))
502.1         	((1.215809e-01 2.391121e+01 -1.536955e+01) (1.801905e-04 1.241040e+00 1.427567e-02)) ((1.040894e+01 -7.478744e-02 -4.473918e-02) (2.469551e-02 7.766862e-04 7.064811e-05))
502.11        	((1.349470e-01 2.379631e+01 -1.539208e+01) (1.304553e-04 1.235697e+00 6.196442e-03)) ((1.036315e+01 -7.935310e-02 -4.539259e-02) (2.426389e-02 7.567184e-04 7.820709e-05))
502.12        	((1.496849e-01 2.369225e+01 -1.554313e+01) (8.124064e-05 1.230522e+00 -1.782244e-03)) ((1.032765e+01 -8.290471e-02 -4.645655e-02) (2.388264e-02 7.276429e-04 9.314221e-05))
502.13        	((1.642211e-01 2.359980e+01 -1.577143e+01) (8.148540e-05 1.225413e+00 -9.536816e-03)) ((1.029381e+01 -8.560378e-02 -4.787228e-02) (2.351985e-02 7.004543e-04 1.074635e-04))
502.14        	((1.808516e-01 2.350019e+01 -1.588815e+01) (9.431543e-05 1.220364e+00 -1.710819e-02)) ((1.023544e+01 -8.808442e-02 -4.875246e-02) (2.322567e-02 6.687742e-04 1.300540e-04))
502.15        	((1.981132e-01 2.339114e+01 -1.596752e+01) (2.819372e-05 1.215226e+00 -2.447053e-02)) ((1.016285e+01 -9.044569e-02 -4.817136e-02) (2.293198e-02 6.663490e-04 1.338834e-04))
502.16        	((2.171622e-01 2.328990e+01 -1.618696e+01) (9.919879e-05 1.210872e+00 -3.170113e-02)) ((1.010060e+01 -9.203056e-02 -4.566521e-02) (2.285768e-02 6.224182e-04 1.598232e-04))
502.17        	((2.341871e-01 2.320155e+01 -1.645336e+01) (7.731222e-05 1.206384e+00 -3.873735e-02)) ((1.003997e+01 -9.253413e-02 -4.301936e-02) (2.276075e-02 6.033626e-04 1.473545e-04))
502.18        	((2.499656e-01 2.311115e+01 -1.657182e+01) (8.657308e-06 1.201942e+00 -4.560897e-02)) ((9.958198e+00 -9.172329e-02 -4.121651e-02) (2.266249e-02 5.847193e-04 1.237498e-04))
502.19        	((2.685270e-01 2.303213e+01 -1.673489e+01) (-2.268446e-05 1.197820e+00 -5.236087e-02)) ((9.878214e+00 -9.008028e-02 -3.824637e-02) (2.259928e-02 5.612334e-04 8.980728e-05))
502.2         	((2.911957e-01 2.295975e+01 -1.683307e+01) (-1.223811e-04 1.193930e+00 -5.895962e-02)) ((9.793196e+00 -8.708671e-02 -3.377880e-02) (2.256163e-02 5.416667e-04 6.932785e-05))
502.21        	((3.138624e-01 2.291129e+01 -1.704673e+01) (-1.325949e-04 1.190226e+00 -6.538232e-02)) ((9.727379e+00 -8.242928e-02 -2.581959e-02) (2.247590e-02 5.171033e-04 8.327398e-05))
502.22        	((3.333030e-01 2.287581e+01 -1.720757e+01) (-1.511383e-04 1.186471e+00 -7.168629e-02)) ((9.667559e+00 -7.618555e-02 -1.703352e-02) (2.238342e-02 4.969754e-04 1.083861e-04))
502.23        	((3.472555e-01 2.285121e+01 -1.734947e+01) (-8.151442e-05 1.182904e+00 -7.791057e-02)) ((9.616032e+00 -6.893974e-02 -1.125623e-02) (2.230182e-02 4.848157e-04 1.476313e-04))
502.24        	((3.604661e-01 2.284717e+01 -1.760238e+01) (2.070269e-05 1.179387e+00 -8.408818e-02)) ((9.586126e+00 -6.279991e-02 -6.760068e-03) (2.220679e-02 4.939140e-04 1.951245e-04))
502.25        	((3.718900e-01 2.284816e+01 -1.777790e+01) (1.294386e-04 1.175968e+00 -9.020041e-02)) ((9.561731e+00 -5.779185e-02 -3.015838e-03) (2.211786e-02 5.163860e-04 2.427950e-04))
502.26        	((3.816450e-01 2.285537e+01 -1.791051e+01) (2.236820e-04 1.172599e+00 -9.625298e-02)) ((9.544852e+00 -5.322837e-02 1.385014e-03) (2.203337e-02 5.417830e-04 2.671234e-04))
502.27        	((3.888538e-01 2.287567e+01 -1.805642e+01) (2.914562e-04 1.169367e+00 -1.022797e-01)) ((9.539057e+00 -4.787892e-02 6.214088e-03) (2.197718e-02 5.625106e-04 2.785793e-04))
502.28        	((3.916317e-01 2.290945e+01 -1.823604e+01) (3.142186e-04 1.166204e+00 -1.083031e-01)) ((9.544075e+00 -4.175464e-02 9.970671e-03) (2.194946e-02 5.874316e-04 2.783680e-04))
502.29        	((3.910801e-01 2.294990e+01 -1.843445e+01) (3.042079e-04 1.163045e+00 -1.142934e-01)) ((9.558114e+00 -3.606834e-02 1.094993e-02) (2.194045e-02 6.193534e-04 2.790807e-04))
502.3         	((3.892278e-01 2.299322e+01 -1.862689e+01) (3.090381e-04 1.159965e+00 -1.202643e-01)) ((9.579794e+00 -3.269915e-02 8.233582e-03) (2.195583e-02 6.520409e-04 2.798342e-04))
502.31        	((3.886095e-01 2.303575e+01 -1.879684e+01) (3.603383e-04 1.156921e+00 -1.262464e-01)) ((9.607070e+00 -3.240834e-02 4.042863e-03) (2.200097e-02 6.766945e-04 2.894757e-04))
502.32        	((3.884941e-01 2.307459e+01 -1.895227e+01) (4.426042e-04 1.153948e+00 -1.321755e-01)) ((9.638941e+00 -3.407861e-02 5.917441e-04) (2.206448e-02 6.864571e-04 3.122182e-04))
502.33        	((3.874180e-01 2.311331e+01 -1.910806e+01) (5.357103e-04 1.151038e+00 -1.380622e-01)) ((9.675222e+00 -3.591753e-02 -2.196595e-04) (2.213449e-02 6.835624e-04 3.425662e-04))
502.34        	((3.835738e-01 2.315320e+01 -1.927387e+01) (5.825023e-04 1.148035e+00 -1.438609e-01)) ((9.715433e+00 -3.681854e-02 4.396435e-04) (2.219726e-02 6.750139e-04 3.584846e-04))
502.35        	((3.766697e-01 2.319015e+01 -1.944885e+01) (5.651048e-04 1.145082e+00 -1.495564e-01)) ((9.758989e+00 -3.669021e-02 5.323815e-04) (2.225373e-02 6.625199e-04 3.464037e-04))
502.36        	((3.679495e-01 2.322096e+01 -1.962816e+01) (4.989899e-04 1.142292e+00 -1.551232e-01)) ((9.805742e+00 -3.629527e-02 -8.624617e-04) (2.231065e-02 6.547210e-04 3.308707e-04))
502.37        	((3.566929e-01 2.325252e+01 -1.988868e+01) (4.332106e-04 1.139596e+00 -1.605612e-01)) ((9.861583e+00 -3.654792e-02 -3.482711e-03) (2.234671e-02 6.458902e-04 3.217975e-04))
502.38        	((3.507896e-01 2.326863e+01 -2.005745e+01) (3.837602e-04 1.136900e+00 -1.658374e-01)) ((9.914009e+00 -3.764559e-02 -6.776898e-03) (2.235494e-02 6.327311e-04 3.240264e-04))
502.39        	((3.443134e-01 2.328190e+01 -2.026257e+01) (3.477357e-04 1.134147e+00 -1.710024e-01)) ((9.971852e+00 -3.861778e-02 -8.893633e-03) (2.233206e-02 6.167580e-04 3.418348e-04))
502.4         	((3.366686e-01 2.329155e+01 -2.047755e+01) (3.067265e-04 1.131361e+00 -1.760659e-01)) ((1.003168e+01 -3.867273e-02 -9.424163e-03) (2.228592e-02 6.025682e-04 3.619575e-04))
502.41        	((3.276251e-01 2.329521e+01 -2.068310e+01) (2.845717e-04 1.128674e+00 -1.810386e-01)) ((1.009109e+01 -3.743721e-02 -8.881859e-03) (2.223886e-02 5.902023e-04 3.780787e-04))
502.42        	((3.186347e-01 2.329318e+01 -2.087736e+01) (2.442517e-04 1.126033e+00 -1.859099e-01)) ((1.014973e+01 -3.526136e-02 -7.643053e-03) (2.218389e-02 5.823147e-04 3.881188e-04))
502.43        	((3.104488e-01 2.328650e+01 -2.107386e+01) (2.173165e-04 1.123511e+00 -1.906815e-01)) ((1.020870e+01 -3.301743e-02 -6.511526e-03) (2.212995e-02 5.750522e-04 4.022447e-04))
502.44        	((3.031963e-01 2.327645e+01 -2.128247e+01) (1.996294e-04 1.120887e+00 -1.953644e-01)) ((1.026905e+01 -3.118707e-02 -6.291430e-03) (2.206354e-02 5.621548e-04 4.083391e-04))
502.45        	((2.964329e-01 2.326374e+01 -2.150435e+01) (2.069354e-04 1.118568e+00 -1.999232e-01)) ((1.032990e+01 -3.015090e-02 -6.427838e-03) (2.202889e-02 5.525510e-04 4.206823e-04))
502.46        	((2.908414e-01 2.324736e+01 -2.173391e+01) (2.003132e-04 1.116152e+00 -2.043794e-01)) ((1.039121e+01 -2.915978e-02 -6.169715e-03) (2.199019e-02 5.338236e-04 4.220657e-04))
502.47        	((2.846541e-01 2.322631e+01 -2.196620e+01) (2.239008e-04 1.113775e+00 -2.086961e-01)) ((1.045274e+01 -2.883782e-02 -4.383652e-03) (2.194780e-02 5.372516e-04 4.426167e-04))
502.48        	((2.789078e-01 2.320355e+01 -2.219588e+01) (1.929148e-04 1.111440e+00 -2.129436e-01)) ((1.051386e+01 -2.743368e-02 -2.762801e-03) (2.190711e-02 5.161074e-04 4.271625e-04))
502.49        	((2.723246e-01 2.317773e+01 -2.242430e+01) (1.863514e-04 1.109228e+00 -2.170559e-01)) ((1.057445e+01 -2.572318e-02 -1.353921e-03) (2.187800e-02 5.046216e-04 4.286257e-04))
502.5         	((2.657475e-01 2.314979e+01 -2.265234e+01) (1.911870e-04 1.107062e+00 -2.210654e-01)) ((1.063449e+01 -2.377814e-02 -9.253927e-04) (2.185145e-02 4.908313e-04 4.286754e-04))
502.51        	((2.600679e-01 2.312011e+01 -2.287981e+01) (2.032660e-04 1.105024e+00 -2.249757e-01)) ((1.069425e+01 -2.177871e-02 -1.354563e-03) (2.183894e-02 4.719934e-04 4.171236e-04))
502.52        	((2.554743e-01 2.308900e+01 -2.310493e+01) (2.049484e-04 1.103026e+00 -2.287978e-01)) ((1.075380e+01 -1.981504e-02 -1.837885e-03) (2.182715e-02 4.491128e-04 3.981328e-04))
502.53        	((2.520315e-01 2.305683e+01 -2.332542e+01) (2.056453e-04 1.101099e+00 -2.325268e-01)) ((1.081333e+01 -1.774903e-02 -1.790875e-03) (2.181592e-02 4.228490e-04 3.852185e-04))
502.54        	((2.493964e-01 2.302403e+01 -2.354067e+01) (2.071282e-04 1.099250e+00 -2.361591e-01)) ((1.087324e+01 -1.538514e-02 -1.428252e-03) (2.180476e-02 3.950881e-04 3.772147e-04))
502.55        	((2.466396e-01 2.299073e+01 -2.375135e+01) (2.205698e-04 1.097448e+00 -2.396806e-01)) ((1.093394e+01 -1.286902e-02 -1.177632e-03) (2.178707e-02 3.662293e-04 3.763719e-04))
502.56        	((2.432106e-01 2.295719e+01 -2.395825e+01) (2.395432e-04 1.095658e+00 -2.430904e-01)) ((1.099589e+01 -1.037981e-02 -1.187217e-03) (2.175720e-02 3.372264e-04 3.802432e-04))
502.57        	((2.387677e-01 2.292349e+01 -2.416227e+01) (2.553871e-04 1.093927e+00 -2.463883e-01)) ((1.105950e+01 -7.989212e-03 -1.546572e-03) (2.172399e-02 3.115342e-04 3.772159e-04))
502.58        	((2.338083e-01 2.288947e+01 -2.436352e+01) (2.754430e-04 1.092245e+00 -2.495761e-01)) ((1.112484e+01 -5.757798e-03 -1.965852e-03) (2.168891e-02 2.892223e-04 3.711491e-04))
502.59        	((2.281353e-01 2.284761e+01 -2.451843e+01) (2.968140e-04 1.090593e+00 -2.526503e-01)) ((1.118750e+01 -3.665489e-03 -2.380265e-03) (2.165196e-02 2.695059e-04 3.643190e-04))
502.6         	((2.227358e-01 2.281261e+01 -2.471961e+01) (3.151177e-04 1.088959e+00 -2.556374e-01)) ((1.125585e+01 -1.640362e-03 -2.287931e-03) (2.161173e-02 2.531547e-04 3.587689e-04))
502.61        	((2.172435e-01 2.278263e+01 -2.494250e+01) (3.298491e-04 1.087332e+00 -2.585315e-01)) ((1.132743e+01 3.829438e-04 -2.083285e-03) (2.157063e-02 2.392168e-04 3.543365e-04))
502.62        	((2.111589e-01 2.275294e+01 -2.515466e+01) (3.415663e-04 1.085720e+00 -2.613321e-01)) ((1.139957e+01 2.295750e-03 -2.019196e-03) (2.153072e-02 2.275477e-04 3.486833e-04))
502.63        	((2.035792e-01 2.271571e+01 -2.530541e+01) (3.560212e-04 1.084134e+00 -2.640289e-01)) ((1.146691e+01 3.859145e-03 -2.308057e-03) (2.149512e-02 2.174773e-04 3.401813e-04))
502.64        	((1.953320e-01 2.268203e+01 -2.548229e+01) (3.667104e-04 1.082567e+00 -2.666414e-01)) ((1.153775e+01 5.163174e-03 -2.434802e-03) (2.146232e-02 2.098953e-04 3.302233e-04))
502.65        	((1.867152e-01 2.265214e+01 -2.567892e+01) (3.764632e-04 1.081006e+00 -2.691710e-01)) ((1.161012e+01 6.272804e-03 -2.370314e-03) (2.143184e-02 2.033432e-04 3.205131e-04))
502.66        	((1.778850e-01 2.262396e+01 -2.587448e+01) (3.833015e-04 1.079454e+00 -2.716210e-01)) ((1.168133e+01 7.190690e-03 -2.177706e-03) (2.140401e-02 1.977416e-04 3.106467e-04))
502.67        	((1.684059e-01 2.259199e+01 -2.602411e+01) (3.897296e-04 1.077908e+00 -2.739857e-01)) ((1.174565e+01 7.803210e-03 -1.979612e-03) (2.137918e-02 1.918582e-04 3.004500e-04))
502.68        	((1.587909e-01 2.256319e+01 -2.619370e+01) (3.919040e-04 1.076375e+00 -2.762810e-01)) ((1.181177e+01 8.169334e-03 -1.628777e-03) (2.135759e-02 1.872565e-04 2.896389e-04))
502.69        	((1.493217e-01 2.253729e+01 -2.637436e+01) (3.890497e-04 1.074864e+00 -2.785065e-01)) ((1.187787e+01 8.452936e-03 -1.171030e-03) (2.133948e-02 1.824821e-04 2.829161e-04))
502.7         	((1.401124e-01 2.251289e+01 -2.654870e+01) (3.818382e-04 1.073372e+00 -2.806650e-01)) ((1.194119e+01 8.587254e-03 -6.589737e-04) (2.132321e-02 1.771348e-04 2.769626e-04))
502.71        	((1.307466e-01 2.248625e+01 -2.668139e+01) (3.715976e-04 1.071896e+00 -2.827534e-01)) ((1.199610e+01 8.476671e-03 -1.139979e-04) (2.130833e-02 1.705056e-04 2.711303e-04))
502.72        	((1.215780e-01 2.246219e+01 -2.682996e+01) (3.579262e-04 1.070443e+00 -2.847847e-01)) ((1.205186e+01 8.085400e-03 4.571871e-04) (2.129455e-02 1.639629e-04 2.640509e-04))
502.73        	((1.128824e-01 2.244071e+01 -2.698674e+01) (3.430033e-04 1.069011e+00 -2.867619e-01)) ((1.210692e+01 7.469952e-03 1.030909e-03) (2.128098e-02 1.567050e-04 2.567335e-04))
502.74        	((1.047698e-01 2.242106e+01 -2.713648e+01) (3.235424e-04 1.067607e+00 -2.886857e-01)) ((1.215884e+01 6.720861e-03 1.656043e-03) (2.126686e-02 1.493924e-04 2.480844e-04))
502.75        	((9.683466e-02 2.240048e+01 -2.724804e+01) (3.008049e-04 1.066236e+00 -2.905546e-01)) ((1.220241e+01 5.919375e-03 2.421577e-03) (2.125292e-02 1.414078e-04 2.392025e-04))
502.76        	((8.944968e-02 2.238301e+01 -2.737110e+01) (2.787105e-04 1.064901e+00 -2.923779e-01)) ((1.224673e+01 5.027416e-03 3.222127e-03) (2.123904e-02 1.338188e-04 2.297938e-04))
502.77        	((8.278818e-02 2.236845e+01 -2.749911e+01) (2.579002e-04 1.063605e+00 -2.941580e-01)) ((1.229058e+01 4.097200e-03 3.972076e-03) (2.122455e-02 1.258597e-04 2.210364e-04))
502.78        	((7.684892e-02 2.235571e+01 -2.761911e+01) (2.345804e-04 1.062351e+00 -2.958964e-01)) ((1.233170e+01 3.177905e-03 4.681171e-03) (2.120773e-02 1.183144e-04 2.115627e-04))
502.79        	((7.148252e-02 2.234402e+01 -2.772428e+01) (2.130484e-04 1.061141e+00 -2.975957e-01)) ((1.236895e+01 2.284005e-03 5.349596e-03) (2.118891e-02 1.104000e-04 2.030766e-04))
502.8         	((6.661028e-02 2.233341e+01 -2.781662e+01) (1.904378e-04 1.059979e+00 -2.992546e-01)) ((1.240280e+01 1.412812e-03 6.028321e-03) (2.116833e-02 1.027663e-04 1.944623e-04))
502.81        	((6.212255e-02 2.232417e+01 -2.790205e+01) (1.733940e-04 1.058871e+00 -3.008755e-01)) ((1.243448e+01 5.640170e-04 6.690738e-03) (2.114596e-02 9.460460e-05 1.869756e-04))
502.82        	((5.802113e-02 2.231674e+01 -2.798440e+01) (1.575390e-04 1.057820e+00 -3.024608e-01)) ((1.246496e+01 -2.464504e-04 7.343524e-03) (2.112124e-02 8.690640e-05 1.789093e-04))
502.83        	((5.434180e-02 2.231136e+01 -2.806366e+01) (1.456209e-04 1.056835e+00 -3.040133e-01)) ((1.249448e+01 -1.003179e-03 7.913971e-03) (2.109469e-02 7.917795e-05 1.728568e-04))
502.84        	((5.120610e-02 2.230828e+01 -2.813760e+01) (1.305998e-04 1.055918e+00 -3.055374e-01)) ((1.252289e+01 -1.691774e-03 8.407443e-03) (2.106514e-02 7.253593e-05 1.666574e-04))
502.85        	((4.856361e-02 2.230731e+01 -2.820450e+01) (1.208334e-04 1.055066e+00 -3.070351e-01)) ((1.254979e+01 -2.307869e-03 8.836235e-03) (2.103217e-02 6.556366e-05 1.626482e-04))
502.86        	((4.638093e-02 2.230815e+01 -2.826450e+01) (1.075614e-04 1.054285e+00 -3.085025e-01)) ((1.257515e+01 -2.860845e-03 9.263506e-03) (2.099523e-02 6.003036e-05 1.585925e-04))
502.87        	((4.445578e-02 2.231058e+01 -2.831883e+01) (9.839735e-05 1.053576e+00 -3.099429e-01)) ((1.259915e+01 -3.368081e-03 9.613349e-03) (2.095322e-02 5.421187e-05 1.554801e-04))
502.88        	((4.271298e-02 2.231467e+01 -2.836888e+01) (8.798595e-05 1.052957e+00 -3.113575e-01)) ((1.262211e+01 -3.820719e-03 9.915055e-03) (2.090849e-02 4.961146e-05 1.526346e-04))
502.89        	((4.117550e-02 2.232052e+01 -2.841530e+01) (7.511363e-05 1.052405e+00 -3.127447e-01)) ((1.264426e+01 -4.225661e-03 1.019650e-02) (2.085755e-02 4.503067e-05 1.434494e-04))
502.9         	((3.988183e-02 2.232832e+01 -2.845842e+01) (6.919070e-05 1.051951e+00 -3.141012e-01)) ((1.266576e+01 -4.579757e-03 1.050079e-02) (2.080151e-02 4.090792e-05 1.411364e-04))
502.91        	((3.875077e-02 2.233783e+01 -2.849849e+01) (6.213837e-05 1.051585e+00 -3.154357e-01)) ((1.268662e+01 -4.921741e-03 1.075657e-02) (2.074358e-02 3.674906e-05 1.331879e-04))
502.92        	((3.778530e-02 2.234905e+01 -2.853559e+01) (5.869138e-05 1.051308e+00 -3.167430e-01)) ((1.270670e+01 -5.238200e-03 1.100955e-02) (2.068049e-02 3.371095e-05 1.313832e-04))
502.93        	((3.676545e-02 2.236189e+01 -2.857023e+01) (6.082371e-05 1.051128e+00 -3.180263e-01)) ((1.272611e+01 -5.522124e-03 1.108196e-02) (2.061390e-02 2.939363e-05 1.290778e-04))
502.94        	((3.601114e-02 2.237639e+01 -2.860261e+01) (4.184522e-05 1.051040e+00 -3.192812e-01)) ((1.274497e+01 -5.763379e-03 1.126800e-02) (2.054247e-02 2.879211e-05 1.186262e-04))
502.95        	((3.525874e-02 2.239243e+01 -2.863281e+01) (4.470555e-05 1.051051e+00 -3.205129e-01)) ((1.276334e+01 -5.948542e-03 1.143412e-02) (2.046751e-02 2.510355e-05 1.197794e-04))
502.96        	((3.462856e-02 2.241018e+01 -2.866059e+01) (2.434274e-05 1.051165e+00 -3.217180e-01)) ((1.278121e+01 -6.059202e-03 1.174404e-02) (2.038969e-02 2.537338e-05 1.131746e-04))
502.97        	((3.383643e-02 2.242770e+01 -2.867844e+01) (1.998784e-05 1.051384e+00 -3.228993e-01)) ((1.279724e+01 -6.144620e-03 1.202211e-02) (2.030766e-02 2.205886e-05 1.084660e-04))
502.98        	((3.346176e-02 2.244886e+01 -2.870255e+01) (3.430366e-07 1.051711e+00 -3.240598e-01)) ((1.281452e+01 -6.190926e-03 1.235560e-02) (2.022271e-02 2.288728e-05 1.019157e-04))
502.99        	((3.301653e-02 2.247264e+01 -2.872874e+01) (5.464517e-06 1.052140e+00 -3.252058e-01)) ((1.283199e+01 -6.207676e-03 1.240624e-02) (2.013374e-02 1.847732e-05 1.019814e-04))
503           	((3.279930e-02 2.249634e+01 -2.874590e+01) (-3.217807e-05 1.052679e+00 -3.263247e-01)) ((1.284765e+01 -6.175709e-03 1.276014e-02) (2.004101e-02 2.121930e-05 8.873341e-05))
503.01        	((3.221740e-02 2.252130e+01 -2.875888e+01) (-2.156103e-05 1.053315e+00 -3.274290e-01)) ((1.286248e+01 -6.126556e-03 1.289924e-02) (1.994426e-02 1.550809e-05 9.377489e-05))
503.02        	((3.214935e-02 2.255082e+01 -2.877551e+01) (-5.909212e-05 1.054075e+00 -3.285082e-01)) ((1.287813e+01 -6.035820e-03 1.326300e-02) (1.984577e-02 1.927674e-05 8.252297e-05))
503.03        	((3.166374e-02 2.258037e+01 -2.878786e+01) (-4.769796e-05 1.054929e+00 -3.295749e-01)) ((1.289266e+01 -5.919825e-03 1.333060e-02) (1.974172e-02 1.304867e-05 8.663804e-05))
503.04        	((3.162155e-02 2.261125e+01 -2.879652e+01) (-9.575134e-05 1.055922e+00 -3.306146e-01)) ((1.290652e+01 -5.750912e-03 1.378349e-02) (1.963700e-02 1.898026e-05 7.519228e-05))
503.05        	((3.103083e-02 2.264389e+01 -2.880281e+01) (-7.400414e-05 1.057002e+00 -3.316509e-01)) ((1.291973e+01 -5.581311e-03 1.375100e-02) (1.952515e-02 1.124296e-05 8.498029e-05))
503.06        	((3.118444e-02 2.267928e+01 -2.880726e+01) (-1.353725e-04 1.058228e+00 -3.326601e-01)) ((1.293269e+01 -5.384150e-03 1.416741e-02) (1.941283e-02 1.982533e-05 6.739608e-05))
503.07        	((3.080330e-02 2.271684e+01 -2.880934e+01) (-1.011722e-04 1.059523e+00 -3.336721e-01)) ((1.294488e+01 -5.200455e-03 1.402292e-02) (1.929179e-02 1.036146e-05 8.143971e-05))
503.08        	((3.118226e-02 2.275711e+01 -2.880863e+01) (-1.648876e-04 1.060972e+00 -3.346572e-01)) ((1.295658e+01 -4.991233e-03 1.440050e-02) (1.917266e-02 2.045695e-05 6.386146e-05))
503.09        	((3.091311e-02 2.279920e+01 -2.880479e+01) (-1.230433e-04 1.062489e+00 -3.356392e-01)) ((1.296736e+01 -4.815829e-03 1.414357e-02) (1.904358e-02 9.741838e-06 7.685605e-05))
503.1         	((3.149758e-02 2.284382e+01 -2.879820e+01) (-1.891079e-04 1.064167e+00 -3.365945e-01)) ((1.297763e+01 -4.604896e-03 1.451315e-02) (1.891834e-02 2.091170e-05 5.817086e-05))
503.11        	((3.127666e-02 2.289024e+01 -2.878925e+01) (-1.416222e-04 1.065913e+00 -3.375481e-01)) ((1.298706e+01 -4.417513e-03 1.419943e-02) (1.878334e-02 9.740345e-06 7.374875e-05))
503.12        	((3.195650e-02 2.293910e+01 -2.877821e+01) (-2.127381e-04 1.067812e+00 -3.384776e-01)) ((1.299595e+01 -4.206248e-03 1.457315e-02) (1.865122e-02 2.250811e-05 5.206189e-05))
503.13        	((3.182310e-02 2.298984e+01 -2.876517e+01) (-1.587674e-04 1.069797e+00 -3.394013e-01)) ((1.300406e+01 -4.042562e-03 1.422115e-02) (1.851233e-02 1.050551e-05 6.897300e-05))
503.14        	((3.264701e-02 2.304289e+01 -2.874987e+01) (-2.302415e-04 1.071918e+00 -3.403048e-01)) ((1.301157e+01 -3.882343e-03 1.459846e-02) (1.837422e-02 2.398600e-05 4.726746e-05))
503.15        	((3.246934e-02 2.309806e+01 -2.873215e+01) (-1.686660e-04 1.074155e+00 -3.411966e-01)) ((1.301847e+01 -3.786051e-03 1.416876e-02) (1.823299e-02 1.074678e-05 6.360055e-05))
503.16        	((3.329937e-02 2.315547e+01 -2.871165e+01) (-2.470408e-04 1.076489e+00 -3.420753e-01)) ((1.302461e+01 -3.661216e-03 1.458583e-02) (1.808670e-02 2.621156e-05 3.960398e-05))
503.17        	((3.299007e-02 2.321531e+01 -2.868911e+01) (-1.729533e-04 1.078970e+00 -3.429399e-01)) ((1.303027e+01 -3.584199e-03 1.410595e-02) (1.794317e-02 1.100896e-05 5.927136e-05))
503.18        	((3.381582e-02 2.327717e+01 -2.866401e+01) (-2.575746e-04 1.081504e+00 -3.437975e-01)) ((1.303503e+01 -3.476351e-03 1.456001e-02) (1.778586e-02 2.849486e-05 3.237962e-05))
503.19        	((3.347985e-02 2.334136e+01 -2.863715e+01) (-1.725962e-04 1.084224e+00 -3.446400e-01)) ((1.303935e+01 -3.443185e-03 1.406954e-02) (1.764048e-02 1.147557e-05 5.312107e-05))
503.2         	((3.433665e-02 2.340726e+01 -2.860806e+01) (-2.538002e-04 1.086969e+00 -3.454721e-01)) ((1.304270e+01 -3.395433e-03 1.455806e-02) (1.747418e-02 2.921646e-05 2.817217e-05))
503.21        	((3.399638e-02 2.347544e+01 -2.857788e+01) (-1.653850e-04 1.089922e+00 -3.462954e-01)) ((1.304580e+01 -3.414691e-03 1.408595e-02) (1.732716e-02 1.152388e-05 4.781029e-05))
503.22        	((3.473350e-02 2.354546e+01 -2.854599e+01) (-2.445051e-04 1.092881e+00 -3.471079e-01)) ((1.304812e+01 -3.384305e-03 1.458910e-02) (1.715447e-02 2.974135e-05 2.253085e-05))
503.23        	((3.428594e-02 2.361820e+01 -2.851315e+01) (-1.540600e-04 1.096066e+00 -3.479122e-01)) ((1.305031e+01 -3.394228e-03 1.413070e-02) (1.700598e-02 1.208143e-05 4.238685e-05))
503.24        	((3.508745e-02 2.369273e+01 -2.847836e+01) (-2.308180e-04 1.099262e+00 -3.487065e-01)) ((1.305167e+01 -3.343134e-03 1.467345e-02) (1.682900e-02 2.980123e-05 1.847210e-05))
503.25        	((3.466196e-02 2.376956e+01 -2.844263e+01) (-1.448957e-04 1.102688e+00 -3.494934e-01)) ((1.305297e+01 -3.331796e-03 1.426708e-02) (1.667870e-02 1.254782e-05 3.641658e-05))
503.26        	((3.533592e-02 2.384775e+01 -2.840518e+01) (-2.250139e-04 1.106104e+00 -3.502658e-01)) ((1.305361e+01 -3.258851e-03 1.484515e-02) (1.649667e-02 3.066831e-05 1.202880e-05))
503.27        	((3.484662e-02 2.392806e+01 -2.836680e+01) (-1.422705e-04 1.109754e+00 -3.510319e-01)) ((1.305428e+01 -3.224991e-03 1.444436e-02) (1.634328e-02 1.327227e-05 2.991195e-05))
503.28        	((3.570971e-02 2.400970e+01 -2.832669e+01) (-2.163418e-04 1.113387e+00 -3.517817e-01)) ((1.305426e+01 -3.148576e-03 1.504856e-02) (1.615658e-02 2.969899e-05 9.649763e-06))
503.29        	((3.542991e-02 2.409346e+01 -2.828632e+01) (-1.368019e-04 1.117261e+00 -3.525251e-01)) ((1.305466e+01 -3.124500e-03 1.468489e-02) (1.600154e-02 1.332680e-05 2.677711e-05))
503.3         	((3.624012e-02 2.417849e+01 -2.824483e+01) (-2.168803e-04 1.121119e+00 -3.532545e-01)) ((1.305489e+01 -3.028386e-03 1.531122e-02) (1.581394e-02 3.129805e-05 4.805097e-06))
503.31        	((3.578181e-02 2.426565e+01 -2.820288e+01) (-1.372083e-04 1.125234e+00 -3.539748e-01)) ((1.305577e+01 -2.959550e-03 1.495417e-02) (1.566018e-02 1.468614e-05 2.280945e-05))
503.32        	((3.661929e-02 2.435388e+01 -2.815877e+01) (-2.058451e-04 1.129328e+00 -3.546776e-01)) ((1.305621e+01 -2.843988e-03 1.561182e-02) (1.547247e-02 3.016883e-05 6.084544e-06))
503.33        	((3.637554e-02 2.444431e+01 -2.811334e+01) (-1.378006e-04 1.133640e+00 -3.553750e-01)) ((1.305699e+01 -2.776310e-03 1.532157e-02) (1.531370e-02 1.773915e-05 2.469116e-05))
503.34        	((3.737272e-02 2.453635e+01 -2.806587e+01) (-2.213502e-04 1.137918e+00 -3.560596e-01)) ((1.305720e+01 -2.557974e-03 1.599163e-02) (1.512178e-02 3.852478e-05 8.052870e-06))
503.35        	((3.735183e-02 2.463118e+01 -2.801790e+01) (-1.469408e-04 1.142463e+00 -3.567262e-01)) ((1.305797e+01 -2.323939e-03 1.568519e-02) (1.496543e-02 2.648607e-05 3.123407e-05))
503.36        	((3.892441e-02 2.472733e+01 -2.796817e+01) (-2.081379e-04 1.146983e+00 -3.573713e-01)) ((1.305838e+01 -1.938253e-03 1.642866e-02) (1.477561e-02 4.408304e-05 2.375155e-05))
503.37        	((3.957783e-02 2.482564e+01 -2.791781e+01) (-1.504200e-04 1.151729e+00 -3.580128e-01)) ((1.305952e+01 -1.509220e-03 1.630665e-02) (1.461926e-02 3.530359e-05 4.162791e-05))
503.38        	((4.134305e-02 2.492500e+01 -2.786576e+01) (-2.300610e-04 1.156457e+00 -3.586418e-01)) ((1.306058e+01 -8.753230e-04 1.704524e-02) (1.443637e-02 5.523259e-05 2.499126e-05))
503.39        	((4.187672e-02 2.502631e+01 -2.781309e+01) (-1.605044e-04 1.161483e+00 -3.592508e-01)) ((1.306271e+01 -2.677776e-04 1.676698e-02) (1.429606e-02 4.189270e-05 3.890199e-05))
503.4         	((4.364622e-02 2.512811e+01 -2.775857e+01) (-2.125369e-04 1.166486e+00 -3.598414e-01)) ((1.306468e+01 3.535886e-04 1.745782e-02) (1.412589e-02 5.417722e-05 2.333529e-05))
503.41        	((4.432534e-02 2.523172e+01 -2.770343e+01) (-1.612149e-04 1.171719e+00 -3.604216e-01)) ((1.306753e+01 9.301960e-04 1.734085e-02) (1.399114e-02 4.353606e-05 3.052619e-05))
503.42        	((4.584392e-02 2.533620e+01 -2.764674e+01) (-2.274665e-04 1.176918e+00 -3.609888e-01)) ((1.307045e+01 1.542973e-03 1.797458e-02) (1.382969e-02 5.852342e-05 1.042898e-05))
503.43        	((4.615288e-02 2.544278e+01 -2.758951e+01) (-1.668035e-04 1.182390e+00 -3.615278e-01)) ((1.307456e+01 2.072285e-03 1.768427e-02) (1.370702e-02 4.685932e-05 2.010811e-05))
503.44        	((4.761325e-02 2.554983e+01 -2.753045e+01) (-2.151504e-04 1.187806e+00 -3.620491e-01)) ((1.307855e+01 2.544727e-03 1.828555e-02) (1.355231e-02 5.934163e-05 6.318859e-06))
503.45        	((4.807289e-02 2.565884e+01 -2.747087e+01) (-1.656237e-04 1.193460e+00 -3.625538e-01)) ((1.308353e+01 2.905185e-03 1.812457e-02) (1.343463e-02 5.022662e-05 1.457314e-05))
503.46        	((4.942846e-02 2.576830e+01 -2.740972e+01) (-2.207203e-04 1.199058e+00 -3.630484e-01)) ((1.308828e+01 3.246236e-03 1.870864e-02) (1.328923e-02 6.347988e-05 -3.176199e-07))
503.47        	((4.981304e-02 2.587966e+01 -2.734791e+01) (-1.696793e-04 1.204912e+00 -3.635187e-01)) ((1.309419e+01 3.500268e-03 1.851128e-02) (1.318237e-02 5.369029e-05 8.859577e-06))
503.48        	((5.132479e-02 2.599130e+01 -2.728386e+01) (-2.149566e-04 1.210693e+00 -3.639769e-01)) ((1.309978e+01 3.728655e-03 1.913030e-02) (1.304424e-02 6.488513e-05 -2.356588e-06))
503.49        	((5.197411e-02 2.610494e+01 -2.721890e+01) (-1.687963e-04 1.216704e+00 -3.644153e-01)) ((1.310627e+01 3.887041e-03 1.903924e-02) (1.294156e-02 5.599445e-05 6.396714e-06))
503.5         	((5.347684e-02 2.621901e+01 -2.715221e+01) (-2.126924e-04 1.222641e+00 -3.648440e-01)) ((1.311241e+01 4.054379e-03 1.963214e-02) (1.280953e-02 6.671791e-05 -3.718403e-06))
503.51        	((5.397622e-02 2.633536e+01 -2.708528e+01) (-1.661934e-04 1.228822e+00 -3.652466e-01)) ((1.311941e+01 4.176464e-03 1.948318e-02) (1.271527e-02 5.793306e-05 5.297766e-06))
503.52        	((5.534211e-02 2.645227e+01 -2.701678e+01) (-2.057801e-04 1.234915e+00 -3.656421e-01)) ((1.312592e+01 4.309361e-03 2.003799e-02) (1.259040e-02 6.803268e-05 -3.680799e-06))
503.53        	((5.591687e-02 2.657159e+01 -2.694774e+01) (-1.621097e-04 1.241242e+00 -3.660120e-01)) ((1.313331e+01 4.406661e-03 1.992618e-02) (1.250142e-02 5.991332e-05 4.911323e-06))
503.54        	((5.743407e-02 2.669145e+01 -2.687704e+01) (-2.003031e-04 1.247476e+00 -3.663772e-01)) ((1.314031e+01 4.534566e-03 2.050475e-02) (1.238212e-02 6.968421e-05 -3.451286e-06))
503.55        	((5.819523e-02 2.681359e+01 -2.680621e+01) (-1.584917e-04 1.253936e+00 -3.667155e-01)) ((1.314815e+01 4.641701e-03 2.043013e-02) (1.229757e-02 6.189310e-05 4.587826e-06))
503.56        	((5.979800e-02 2.693607e+01 -2.673381e+01) (-1.952257e-04 1.260300e+00 -3.670494e-01)) ((1.315545e+01 4.773910e-03 2.100865e-02) (1.218319e-02 7.129220e-05 -3.646188e-06))
503.57        	((6.056796e-02 2.706041e+01 -2.666058e+01) (-1.549629e-04 1.266883e+00 -3.673550e-01)) ((1.316365e+01 4.884280e-03 2.092851e-02) (1.210264e-02 6.375121e-05 4.029674e-06))
503.58        	((6.216608e-02 2.718502e+01 -2.658544e+01) (-1.882497e-04 1.273372e+00 -3.676590e-01)) ((1.317121e+01 5.029907e-03 2.149272e-02) (1.199519e-02 7.314924e-05 -2.709770e-06))
503.59        	((6.297456e-02 2.731165e+01 -2.650948e+01) (-1.473777e-04 1.280072e+00 -3.679324e-01)) ((1.317962e+01 5.149378e-03 2.140531e-02) (1.192026e-02 6.615834e-05 5.742001e-06))
503.6         	((6.457676e-02 2.743857e+01 -2.643167e+01) (-1.800527e-04 1.286677e+00 -3.681985e-01)) ((1.318760e+01 5.261695e-03 2.193596e-02) (1.181763e-02 7.471779e-05 -1.422172e-06))
503.61        	((6.544458e-02 2.756753e+01 -2.635346e+01) (-1.431159e-04 1.293482e+00 -3.684319e-01)) ((1.319637e+01 5.331848e-03 2.189643e-02) (1.174622e-02 6.786809e-05 5.764015e-06))
503.62        	((6.713155e-02 2.769667e+01 -2.627350e+01) (-1.763944e-04 1.300196e+00 -3.686552e-01)) ((1.320476e+01 5.443794e-03 2.251158e-02) (1.164841e-02 7.620965e-05 -1.525725e-06))
503.63        	((6.811176e-02 2.782750e+01 -2.619269e+01) (-1.437212e-04 1.307101e+00 -3.688450e-01)) ((1.321401e+01 5.574237e-03 2.255940e-02) (1.158001e-02 7.007219e-05 4.764696e-06))
503.64        	((6.985213e-02 2.795823e+01 -2.610997e+01) (-1.747839e-04 1.313915e+00 -3.690232e-01)) ((1.322280e+01 5.769054e-03 2.317561e-02) (1.148656e-02 7.805545e-05 -1.402925e-06))
503.65        	((7.092795e-02 2.809072e+01 -2.602687e+01) (-1.417138e-04 1.320913e+00 -3.691668e-01)) ((1.323241e+01 5.956973e-03 2.319861e-02) (1.142094e-02 7.246862e-05 5.703649e-06))
503.66        	((7.283801e-02 2.822336e+01 -2.594237e+01) (-1.704471e-04 1.327817e+00 -3.692996e-01)) ((1.324169e+01 6.177348e-03 2.377063e-02) (1.132974e-02 8.042524e-05 4.276199e-07))
503.67        	((7.427805e-02 2.835787e+01 -2.585792e+01) (-1.372591e-04 1.334907e+00 -3.693973e-01)) ((1.325181e+01 6.398002e-03 2.387980e-02) (1.126739e-02 7.536217e-05 7.620718e-06))
503.68        	((7.644678e-02 2.849215e+01 -2.577187e+01) (-1.608865e-04 1.341905e+00 -3.694846e-01)) ((1.326144e+01 6.675805e-03 2.454021e-02) (1.118168e-02 8.272936e-05 3.695787e-06))
503.69        	((7.790892e-02 2.862751e+01 -2.568496e+01) (-1.306328e-04 1.349072e+00 -3.695367e-01)) ((1.327172e+01 6.970197e-03 2.466256e-02) (1.112199e-02 7.862925e-05 9.719018e-06))
503.7         	((7.992086e-02 2.876253e+01 -2.559624e+01) (-1.506076e-04 1.356150e+00 -3.695757e-01)) ((1.328148e+01 7.311441e-03 2.522714e-02) (1.104167e-02 8.552481e-05 5.862063e-06))
503.71        	((8.134081e-02 2.889912e+01 -2.550677e+01) (-1.207008e-04 1.363398e+00 -3.695798e-01)) ((1.329194e+01 7.646766e-03 2.531083e-02) (1.098739e-02 8.143135e-05 1.129878e-05))
503.72        	((8.343913e-02 2.903589e+01 -2.541558e+01) (-1.418791e-04 1.370545e+00 -3.695732e-01)) ((1.330195e+01 8.002089e-03 2.589764e-02) (1.091269e-02 8.821906e-05 6.700076e-06))
503.73        	((8.502986e-02 2.917404e+01 -2.532396e+01) (-1.147193e-04 1.377865e+00 -3.695255e-01)) ((1.331267e+01 8.354255e-03 2.610040e-02) (1.086268e-02 8.462062e-05 1.192484e-05))
503.74        	((8.714863e-02 2.931167e+01 -2.523085e+01) (-1.350079e-04 1.385082e+00 -3.694662e-01)) ((1.332299e+01 8.749353e-03 2.677254e-02) (1.079393e-02 9.121341e-05 7.710084e-06))
503.75        	((8.868542e-02 2.944997e+01 -2.513688e+01) (-1.109502e-04 1.392439e+00 -3.693698e-01)) ((1.333402e+01 9.166417e-03 2.701866e-02) (1.074640e-02 8.876578e-05 1.327956e-05))
503.76        	((9.073905e-02 2.958766e+01 -2.504101e+01) (-1.302955e-04 1.399721e+00 -3.692579e-01)) ((1.334469e+01 9.638320e-03 2.764758e-02) (1.068356e-02 9.507188e-05 8.337630e-06))
503.77        	((9.237237e-02 2.972600e+01 -2.494377e+01) (-1.093219e-04 1.407122e+00 -3.691113e-01)) ((1.335594e+01 1.012210e-02 2.788761e-02) (1.064245e-02 9.292102e-05 1.186260e-05))
503.78        	((9.447256e-02 2.986411e+01 -2.484429e+01) (-1.233489e-04 1.414447e+00 -3.689479e-01)) ((1.336656e+01 1.063613e-02 2.843824e-02) (1.058562e-02 9.872243e-05 1.083050e-05))
503.79        	((9.613501e-02 3.000297e+01 -2.474357e+01) (-1.084663e-04 1.421884e+00 -3.687470e-01)) ((1.337749e+01 1.112832e-02 2.859285e-02) (1.054948e-02 9.764834e-05 1.065537e-05))
503.8         	((9.826940e-02 3.014130e+01 -2.464128e+01) (-1.225144e-04 1.429247e+00 -3.685274e-01)) ((1.338792e+01 1.162091e-02 2.905785e-02) (1.049897e-02 1.037577e-04 8.476818e-06))
503.81        	((1.001099e-01 3.028007e+01 -2.453828e+01) (-1.068405e-04 1.436707e+00 -3.682722e-01)) ((1.339875e+01 1.206703e-02 2.921194e-02) (1.046561e-02 1.034700e-04 1.042360e-05))
503.82        	((1.024056e-01 3.041813e+01 -2.443377e+01) (-1.186464e-04 1.444106e+00 -3.679951e-01)) ((1.340921e+01 1.248901e-02 2.968993e-02) (1.042073e-02 1.094027e-04 7.922262e-06))
503.83        	((1.042569e-01 3.055635e+01 -2.432815e+01) (-9.841452e-05 1.451587e+00 -3.676776e-01)) ((1.342010e+01 1.287653e-02 2.983473e-02) (1.038993e-02 1.092908e-04 1.194466e-05))
503.84        	((1.064432e-01 3.069447e+01 -2.421986e+01) (-1.085041e-04 1.458999e+00 -3.673448e-01)) ((1.343006e+01 1.328853e-02 3.016756e-02) (1.034802e-02 1.149290e-04 1.012680e-05))
503.85        	((1.083448e-01 3.083311e+01 -2.410932e+01) (-9.101100e-05 1.466489e+00 -3.669773e-01)) ((1.343964e+01 1.364522e-02 3.019740e-02) (1.032223e-02 1.145849e-04 1.270751e-05))
503.86        	((1.106145e-01 3.097081e+01 -2.399576e+01) (-1.009830e-04 1.473917e+00 -3.665915e-01)) ((1.344820e+01 1.394321e-02 3.044540e-02) (1.028723e-02 1.196688e-04 9.653671e-06))
503.87        	((1.126454e-01 3.110812e+01 -2.388016e+01) (-8.836840e-05 1.481412e+00 -3.661757e-01)) ((1.345639e+01 1.416496e-02 3.047541e-02) (1.026766e-02 1.194862e-04 1.020636e-05))
503.88        	((1.149802e-01 3.124421e+01 -2.376237e+01) (-1.002272e-04 1.488851e+00 -3.657434e-01)) ((1.346374e+01 1.436034e-02 3.073057e-02) (1.024180e-02 1.238224e-04 5.591616e-06))
503.89        	((1.169622e-01 3.138013e+01 -2.364301e+01) (-9.312835e-05 1.496348e+00 -3.652858e-01)) ((1.347073e+01 1.457042e-02 3.074577e-02) (1.023129e-02 1.237255e-04 3.866819e-06))
503.9         	((1.190488e-01 3.151527e+01 -2.352126e+01) (-1.030688e-04 1.503801e+00 -3.648257e-01)) ((1.347695e+01 1.482354e-02 3.087662e-02) (1.022189e-02 1.282094e-04 -3.663003e-07))
503.91        	((1.208090e-01 3.165040e+01 -2.339767e+01) (-9.122772e-05 1.511295e+00 -3.643405e-01)) ((1.348273e+01 1.507900e-02 3.076064e-02) (1.022582e-02 1.287315e-04 -4.052179e-07))
503.92        	((1.227232e-01 3.178496e+01 -2.327196e+01) (-9.616009e-05 1.518734e+00 -3.638362e-01)) ((1.348746e+01 1.532991e-02 3.075638e-02) (1.022480e-02 1.331066e-04 -3.443161e-06))
503.93        	((1.243373e-01 3.191944e+01 -2.314436e+01) (-8.280174e-05 1.526198e+00 -3.633023e-01)) ((1.349143e+01 1.554842e-02 3.056817e-02) (1.023413e-02 1.337380e-04 -2.723337e-06))
503.94        	((1.261510e-01 3.205303e+01 -2.301425e+01) (-8.692605e-05 1.533620e+00 -3.627506e-01)) ((1.349429e+01 1.572966e-02 3.047614e-02) (1.023799e-02 1.377128e-04 -3.572128e-06))
503.95        	((1.278426e-01 3.218615e+01 -2.288244e+01) (-7.516977e-05 1.541062e+00 -3.621709e-01)) ((1.349643e+01 1.588120e-02 3.022140e-02) (1.024965e-02 1.382515e-04 -1.331791e-06))
503.96        	((1.296522e-01 3.231842e+01 -2.274857e+01) (-7.719938e-05 1.548453e+00 -3.615699e-01)) ((1.349763e+01 1.603154e-02 3.003770e-02) (1.025763e-02 1.416766e-04 -2.167427e-06))
503.97        	((1.311715e-01 3.245021e+01 -2.261263e+01) (-6.658960e-05 1.555851e+00 -3.609447e-01)) ((1.349822e+01 1.620748e-02 2.968888e-02) (1.027373e-02 1.421740e-04 -6.129533e-07))
503.98        	((1.326588e-01 3.258107e+01 -2.247438e+01) (-6.942913e-05 1.563201e+00 -3.602978e-01)) ((1.349786e+01 1.641909e-02 2.943340e-02) (1.028809e-02 1.454075e-04 -1.704757e-06))
503.99        	((1.339037e-01 3.271136e+01 -2.233419e+01) (-5.847193e-05 1.570555e+00 -3.596225e-01)) ((1.349673e+01 1.663661e-02 2.908912e-02) (1.031061e-02 1.456944e-04 -1.489844e-07))
504           	((1.351967e-01 3.284072e+01 -2.219192e+01) (-5.725002e-05 1.577862e+00 -3.589221e-01)) ((1.349444e+01 1.684679e-02 2.883896e-02) (1.033167e-02 1.482018e-04 -8.212038e-07))
504.01        	((1.362775e-01 3.296934e+01 -2.204773e+01) (-4.435584e-05 1.585159e+00 -3.581932e-01)) ((1.349130e+01 1.703237e-02 2.840450e-02) (1.035976e-02 1.481568e-04 9.329753e-07))
504.02        	((1.373144e-01 3.309707e+01 -2.190190e+01) (-3.902351e-05 1.592412e+00 -3.574425e-01)) ((1.348721e+01 1.719529e-02 2.790733e-02) (1.038644e-02 1.498202e-04 -4.061823e-07))
504.03        	((1.383514e-01 3.322417e+01 -2.175449e+01) (-2.316456e-05 1.599658e+00 -3.566678e-01)) ((1.348233e+01 1.733596e-02 2.736730e-02) (1.041860e-02 1.489321e-04 -1.221111e-06))
504.04        	((1.395785e-01 3.335023e+01 -2.160501e+01) (-1.498572e-05 1.606855e+00 -3.558718e-01)) ((1.347634e+01 1.744392e-02 2.698109e-02) (1.045064e-02 1.494815e-04 -5.179046e-06))
504.05        	((1.405885e-01 3.347535e+01 -2.145400e+01) (2.100879e-06 1.614034e+00 -3.550519e-01)) ((1.346936e+01 1.750447e-02 2.654114e-02) (1.048872e-02 1.476481e-04 -9.017707e-06))
504.06        	((1.412568e-01 3.359914e+01 -2.130167e+01) (1.367025e-05 1.621166e+00 -3.542106e-01)) ((1.346126e+01 1.747502e-02 2.601660e-02) (1.052728e-02 1.467556e-04 -1.722263e-05))
504.07        	((1.413190e-01 3.372148e+01 -2.114822e+01) (3.593203e-05 1.628284e+00 -3.533473e-01)) ((1.345235e+01 1.724149e-02 2.522532e-02) (1.057255e-02 1.430788e-04 -2.773070e-05))
504.08        	((1.409593e-01 3.384223e+01 -2.099400e+01) (5.621602e-05 1.635332e+00 -3.524525e-01)) ((1.344288e+01 1.666775e-02 2.420632e-02) (1.061147e-02 1.437301e-04 -3.259361e-05))
504.09        	((1.403967e-01 3.396163e+01 -2.083923e+01) (8.278433e-05 1.642337e+00 -3.515263e-01)) ((1.343274e+01 1.594415e-02 2.313715e-02) (1.065049e-02 1.454056e-04 -3.205959e-05))
504.1         	((1.398942e-01 3.407955e+01 -2.068351e+01) (1.073470e-04 1.649284e+00 -3.505734e-01)) ((1.342173e+01 1.513990e-02 2.228686e-02) (1.068736e-02 1.485699e-04 -2.917825e-05))
504.11        	((1.393419e-01 3.419615e+01 -2.052697e+01) (1.390931e-04 1.656195e+00 -3.495947e-01)) ((1.340992e+01 1.424378e-02 2.155632e-02) (1.072639e-02 1.503988e-04 -2.206978e-05))
504.12        	((1.387061e-01 3.431131e+01 -2.036930e+01) (1.680396e-04 1.663048e+00 -3.485930e-01)) ((1.339724e+01 1.322004e-02 2.086794e-02) (1.076403e-02 1.520533e-04 -1.383348e-05))
504.13        	((1.378358e-01 3.442506e+01 -2.021092e+01) (2.021152e-04 1.669852e+00 -3.475659e-01)) ((1.338380e+01 1.206231e-02 1.997928e-02) (1.080359e-02 1.519578e-04 -1.367542e-06))
504.14        	((1.370065e-01 3.453712e+01 -2.005140e+01) (2.342965e-04 1.676591e+00 -3.465160e-01)) ((1.336945e+01 1.084004e-02 1.897409e-02) (1.084267e-02 1.511570e-04 1.199734e-05))
504.15        	((1.364090e-01 3.464760e+01 -1.989028e+01) (2.683077e-04 1.683276e+00 -3.454428e-01)) ((1.335415e+01 9.633767e-03 1.791585e-02) (1.088420e-02 1.489088e-04 2.530841e-05))
504.16        	((1.362222e-01 3.475616e+01 -1.972720e+01) (2.981503e-04 1.689879e+00 -3.443475e-01)) ((1.333762e+01 8.515533e-03 1.698044e-02) (1.092349e-02 1.465682e-04 3.700636e-05))
504.17        	((1.363613e-01 3.486312e+01 -1.956231e+01) (3.265893e-04 1.696423e+00 -3.432325e-01)) ((1.331981e+01 7.520235e-03 1.616930e-02) (1.096550e-02 1.432417e-04 4.619321e-05))
504.18        	((1.367571e-01 3.496851e+01 -1.939583e+01) (3.502399e-04 1.702898e+00 -3.420979e-01)) ((1.330068e+01 6.663634e-03 1.549562e-02) (1.100929e-02 1.398608e-04 5.311221e-05))
504.19        	((1.371882e-01 3.507246e+01 -1.922788e+01) (3.761757e-04 1.709304e+00 -3.409466e-01)) ((1.328031e+01 5.917570e-03 1.486110e-02) (1.105525e-02 1.355412e-04 5.831462e-05))
504.2         	((1.376399e-01 3.517474e+01 -1.905844e+01) (4.007414e-04 1.715636e+00 -3.397787e-01)) ((1.325867e+01 5.261246e-03 1.425444e-02) (1.110197e-02 1.309264e-04 6.103284e-05))
504.21        	((1.380980e-01 3.527533e+01 -1.888774e+01) (4.269282e-04 1.721902e+00 -3.385900e-01)) ((1.323586e+01 4.700329e-03 1.360835e-02) (1.115015e-02 1.260235e-04 6.303561e-05))
504.22        	((1.386003e-01 3.537434e+01 -1.871589e+01) (4.519129e-04 1.728089e+00 -3.373812e-01)) ((1.321186e+01 4.233622e-03 1.288934e-02) (1.119624e-02 1.224270e-04 6.395487e-05))
504.23        	((1.391788e-01 3.547187e+01 -1.854224e+01) (4.812932e-04 1.734205e+00 -3.361456e-01)) ((1.318655e+01 3.843505e-03 1.219422e-02) (1.124116e-02 1.185420e-04 6.552017e-05))
504.24        	((1.399018e-01 3.556765e+01 -1.836722e+01) (5.088437e-04 1.740242e+00 -3.348885e-01)) ((1.315996e+01 3.468279e-03 1.171003e-02) (1.128445e-02 1.149763e-04 6.532692e-05))
504.25        	((1.406459e-01 3.566165e+01 -1.819086e+01) (5.349335e-04 1.746203e+00 -3.336126e-01)) ((1.313207e+01 3.045424e-03 1.144849e-02) (1.132830e-02 1.116163e-04 6.332577e-05))
504.26        	((1.412265e-01 3.575374e+01 -1.801351e+01) (5.553623e-04 1.752085e+00 -3.323205e-01)) ((1.310291e+01 2.528837e-03 1.131342e-02) (1.137245e-02 1.096911e-04 5.845122e-05))
504.27        	((1.414785e-01 3.584344e+01 -1.783460e+01) (5.723655e-04 1.757892e+00 -3.310088e-01)) ((1.307240e+01 1.916396e-03 1.110471e-02) (1.141783e-02 1.091251e-04 5.217714e-05))
504.28        	((1.416103e-01 3.593099e+01 -1.765442e+01) (5.865164e-04 1.763637e+00 -3.296776e-01)) ((1.304063e+01 1.235412e-03 1.078067e-02) (1.146243e-02 1.101733e-04 4.669955e-05))
504.29        	((1.416794e-01 3.601672e+01 -1.747284e+01) (6.002025e-04 1.769300e+00 -3.283281e-01)) ((1.300762e+01 5.371726e-04 1.045107e-02) (1.150624e-02 1.121399e-04 4.069049e-05))
504.3         	((1.418384e-01 3.610041e+01 -1.728952e+01) (6.108377e-04 1.774866e+00 -3.269608e-01)) ((1.297325e+01 -1.286285e-04 1.029878e-02) (1.154809e-02 1.149822e-04 3.492000e-05))
504.31        	((1.421695e-01 3.618198e+01 -1.710402e+01) (6.193701e-04 1.780348e+00 -3.255724e-01)) ((1.293745e+01 -7.465589e-04 1.033732e-02) (1.159040e-02 1.176815e-04 3.113859e-05))
504.32        	((1.426130e-01 3.626203e+01 -1.691745e+01) (6.249928e-04 1.785750e+00 -3.241627e-01)) ((1.290024e+01 -1.316513e-03 1.041698e-02) (1.163248e-02 1.197694e-04 3.002046e-05))
504.33        	((1.430179e-01 3.634038e+01 -1.673013e+01) (6.275704e-04 1.791060e+00 -3.227371e-01)) ((1.286180e+01 -1.842742e-03 1.036681e-02) (1.167389e-02 1.213436e-04 3.034425e-05))
504.34        	((1.433927e-01 3.641623e+01 -1.654186e+01) (6.278506e-04 1.796276e+00 -3.212968e-01)) ((1.282234e+01 -2.333072e-03 1.013482e-02) (1.171351e-02 1.225553e-04 3.168473e-05))
504.35        	((1.438198e-01 3.648964e+01 -1.635215e+01) (6.276604e-04 1.801411e+00 -3.198407e-01)) ((1.278168e+01 -2.794246e-03 9.786575e-03) (1.175346e-02 1.232251e-04 3.288290e-05))
504.36        	((1.444662e-01 3.656142e+01 -1.616137e+01) (6.277799e-04 1.806443e+00 -3.183720e-01)) ((1.273977e+01 -3.205221e-03 9.386215e-03) (1.179059e-02 1.235435e-04 3.461005e-05))
504.37        	((1.452921e-01 3.663174e+01 -1.596923e+01) (6.306026e-04 1.811379e+00 -3.168933e-01)) ((1.269662e+01 -3.561658e-03 8.906742e-03) (1.182611e-02 1.230080e-04 3.688143e-05))
504.38        	((1.461453e-01 3.670099e+01 -1.577669e+01) (6.353607e-04 1.816216e+00 -3.154035e-01)) ((1.265229e+01 -3.865967e-03 8.342528e-03) (1.185966e-02 1.219583e-04 3.902885e-05))
504.39        	((1.469276e-01 3.676818e+01 -1.558411e+01) (6.433579e-04 1.820956e+00 -3.139023e-01)) ((1.260706e+01 -4.097127e-03 7.672953e-03) (1.189170e-02 1.202437e-04 4.073540e-05))
504.4         	((1.476500e-01 3.683276e+01 -1.539084e+01) (6.531623e-04 1.825591e+00 -3.123911e-01)) ((1.256092e+01 -4.262577e-03 6.919426e-03) (1.192115e-02 1.182560e-04 4.147196e-05))
504.41        	((1.483220e-01 3.689498e+01 -1.519678e+01) (6.646813e-04 1.830121e+00 -3.108716e-01)) ((1.251383e+01 -4.372159e-03 6.116699e-03) (1.194800e-02 1.160663e-04 4.165926e-05))
504.42        	((1.487967e-01 3.695750e+01 -1.498339e+01) (6.738469e-04 1.834541e+00 -3.093401e-01)) ((1.246377e+01 -4.457982e-03 5.309316e-03) (1.197160e-02 1.143906e-04 4.134634e-05))
504.43        	((1.494474e-01 3.701577e+01 -1.479266e+01) (6.831521e-04 1.838856e+00 -3.078038e-01)) ((1.241517e+01 -4.498235e-03 4.495355e-03) (1.199300e-02 1.131230e-04 4.153850e-05))
504.44        	((1.501114e-01 3.707351e+01 -1.459377e+01) (6.912057e-04 1.843065e+00 -3.062571e-01)) ((1.236507e+01 -4.531751e-03 3.621380e-03) (1.201064e-02 1.124643e-04 4.111774e-05))
504.45        	((1.509193e-01 3.712726e+01 -1.441446e+01) (7.002995e-04 1.847168e+00 -3.047110e-01)) ((1.231658e+01 -4.532944e-03 2.677819e-03) (1.202465e-02 1.119167e-04 4.000877e-05))
504.46        	((1.515287e-01 3.718039e+01 -1.421690e+01) (7.064221e-04 1.851168e+00 -3.031580e-01)) ((1.226576e+01 -4.539492e-03 1.708720e-03) (1.203463e-02 1.118504e-04 3.773746e-05))
504.47        	((1.519419e-01 3.723138e+01 -1.401217e+01) (7.120790e-04 1.855059e+00 -3.015981e-01)) ((1.221358e+01 -4.543030e-03 7.659812e-04) (1.204247e-02 1.121297e-04 3.580925e-05))
504.48        	((1.523101e-01 3.727976e+01 -1.381292e+01) (7.165160e-04 1.858840e+00 -3.000331e-01)) ((1.216128e+01 -4.529619e-03 -1.441729e-04) (1.204784e-02 1.129842e-04 3.408670e-05))
504.49        	((1.527441e-01 3.732597e+01 -1.362348e+01) (7.208791e-04 1.862514e+00 -2.984661e-01)) ((1.210945e+01 -4.498797e-03 -1.043040e-03) (1.205046e-02 1.140910e-04 3.246603e-05))
504.5         	((1.532113e-01 3.737036e+01 -1.344001e+01) (7.238479e-04 1.866081e+00 -2.968994e-01)) ((1.205790e+01 -4.460534e-03 -1.937814e-03) (1.204994e-02 1.154386e-04 3.064499e-05))
504.51        	((1.535707e-01 3.741286e+01 -1.325657e+01) (7.255145e-04 1.869540e+00 -2.953342e-01)) ((1.200616e+01 -4.429196e-03 -2.833909e-03) (1.204551e-02 1.167491e-04 2.838981e-05))
504.52        	((1.537707e-01 3.745287e+01 -1.307019e+01) (7.257299e-04 1.872889e+00 -2.937669e-01)) ((1.195395e+01 -4.417671e-03 -3.690044e-03) (1.203732e-02 1.179460e-04 2.558989e-05))
504.53        	((1.538164e-01 3.749040e+01 -1.288212e+01) (7.256649e-04 1.876126e+00 -2.921948e-01)) ((1.190130e+01 -4.420111e-03 -4.431974e-03) (1.202515e-02 1.186818e-04 2.314699e-05))
504.54        	((1.536508e-01 3.752570e+01 -1.269508e+01) (7.254370e-04 1.879236e+00 -2.906204e-01)) ((1.184850e+01 -4.419573e-03 -4.945223e-03) (1.200803e-02 1.190124e-04 2.228621e-05))
504.55        	((1.530220e-01 3.755933e+01 -1.251092e+01) (7.454423e-04 1.882096e+00 -2.890593e-01)) ((1.179607e+01 -4.392516e-03 -5.059570e-03) (1.198610e-02 1.179142e-04 3.578228e-05))
504.56        	((1.536734e-01 3.759105e+01 -1.232918e+01) (7.007461e-04 1.885108e+00 -2.874779e-01)) ((1.174349e+01 -4.371921e-03 -6.302638e-03) (1.194726e-02 1.170495e-04 1.061889e-05))
504.57        	((1.538922e-01 3.762104e+01 -1.214988e+01) (7.344332e-04 1.887979e+00 -2.858846e-01)) ((1.169075e+01 -4.386816e-03 -7.077268e-03) (1.190337e-02 1.220670e-04 -9.299087e-06))
504.58        	((1.540583e-01 3.764911e+01 -1.197234e+01) (7.254157e-04 1.890759e+00 -2.842669e-01)) ((1.163767e+01 -4.376441e-03 -7.845161e-03) (1.186289e-02 1.206319e-04 -9.388930e-06))
504.59        	((1.538268e-01 3.767495e+01 -1.179607e+01) (7.433400e-04 1.893371e+00 -2.826405e-01)) ((1.158466e+01 -4.374942e-03 -8.113622e-03) (1.182454e-02 1.218438e-04 -1.338760e-05))
504.6         	((1.539894e-01 3.769842e+01 -1.162146e+01) (7.284376e-04 1.895951e+00 -2.810098e-01)) ((1.153132e+01 -4.414285e-03 -8.713785e-03) (1.178189e-02 1.210989e-04 -5.750397e-07))
504.61        	((1.538096e-01 3.771941e+01 -1.146927e+01) (7.763152e-04 1.898351e+00 -2.794067e-01)) ((1.148055e+01 -4.516535e-03 -8.596380e-03) (1.175285e-02 1.272845e-04 -4.543159e-06))
504.62        	((1.540243e-01 3.773849e+01 -1.129540e+01) (7.501890e-04 1.900773e+00 -2.778111e-01)) ((1.142665e+01 -4.712118e-03 -9.036188e-03) (1.172244e-02 1.273808e-04 1.446588e-05))
504.63        	((1.529651e-01 3.775431e+01 -1.111048e+01) (7.893740e-04 1.902979e+00 -2.762193e-01)) ((1.137162e+01 -4.936454e-03 -8.676121e-03) (1.171295e-02 1.342556e-04 -5.831797e-06))
504.64        	((1.524879e-01 3.776897e+01 -1.095184e+01) (7.534992e-04 1.905232e+00 -2.746344e-01)) ((1.131889e+01 -5.075489e-03 -9.001685e-03) (1.168816e-02 1.312466e-04 1.511241e-05))
504.65        	((1.512137e-01 3.778116e+01 -1.078253e+01) (7.943225e-04 1.907259e+00 -2.730393e-01)) ((1.126499e+01 -5.225815e-03 -8.471883e-03) (1.168719e-02 1.373812e-04 -7.181639e-07))
504.66        	((1.507556e-01 3.779239e+01 -1.063058e+01) (7.708957e-04 1.909297e+00 -2.714677e-01)) ((1.121269e+01 -5.326598e-03 -8.533949e-03) (1.166441e-02 1.335058e-04 1.902686e-05))
504.67        	((1.497642e-01 3.780056e+01 -1.046165e+01) (7.972444e-04 1.911129e+00 -2.698834e-01)) ((1.115875e+01 -5.477405e-03 -7.936085e-03) (1.166558e-02 1.378093e-04 1.144239e-05))
504.68        	((1.494282e-01 3.780763e+01 -1.030917e+01) (7.822044e-04 1.912947e+00 -2.683216e-01)) ((1.110654e+01 -5.613066e-03 -7.842020e-03) (1.164727e-02 1.349440e-04 2.505059e-05))
504.69        	((1.488447e-01 3.781218e+01 -1.016228e+01) (7.941527e-04 1.914607e+00 -2.667532e-01)) ((1.105523e+01 -5.785589e-03 -7.390682e-03) (1.164970e-02 1.372082e-04 2.532151e-05))
504.7         	((1.484303e-01 3.781364e+01 -9.994189e+00) (7.919082e-04 1.916221e+00 -2.651967e-01)) ((1.100110e+01 -6.008066e-03 -7.156660e-03) (1.164057e-02 1.362046e-04 3.227004e-05))
504.71        	((1.479539e-01 3.781349e+01 -9.843302e+00) (8.024229e-04 1.917716e+00 -2.636392e-01)) ((1.094919e+01 -6.222079e-03 -6.771196e-03) (1.164558e-02 1.362067e-04 3.658397e-05))
504.72        	((1.475815e-01 3.781182e+01 -9.703646e+00) (8.094918e-04 1.919155e+00 -2.620918e-01)) ((1.089864e+01 -6.390048e-03 -6.427322e-03) (1.164670e-02 1.351098e-04 4.266809e-05))
504.73        	((1.472520e-01 3.780810e+01 -9.564986e+00) (8.130868e-04 1.920494e+00 -2.605439e-01)) ((1.084830e+01 -6.539423e-03 -6.102101e-03) (1.165535e-02 1.347482e-04 4.904202e-05))
504.74        	((1.469043e-01 3.780239e+01 -9.423251e+00) (8.227068e-04 1.921736e+00 -2.590003e-01)) ((1.079760e+01 -6.700895e-03 -5.796862e-03) (1.166217e-02 1.336999e-04 5.497238e-05))
504.75        	((1.467943e-01 3.779420e+01 -9.281043e+00) (8.309670e-04 1.922874e+00 -2.574556e-01)) ((1.074686e+01 -6.866084e-03 -5.581068e-03) (1.167115e-02 1.324553e-04 6.095372e-05))
504.76        	((1.468061e-01 3.778419e+01 -9.142378e+00) (8.395633e-04 1.923914e+00 -2.559094e-01)) ((1.069646e+01 -7.036013e-03 -5.417797e-03) (1.168282e-02 1.312030e-04 6.618313e-05))
504.77        	((1.468085e-01 3.777204e+01 -9.010979e+00) (8.504083e-04 1.924855e+00 -2.543660e-01)) ((1.064691e+01 -7.204023e-03 -5.306023e-03) (1.169757e-02 1.295931e-04 7.122510e-05))
504.78        	((1.468316e-01 3.775787e+01 -8.886074e+00) (8.605375e-04 1.925694e+00 -2.528340e-01)) ((1.059822e+01 -7.363292e-03 -5.257138e-03) (1.171435e-02 1.282075e-04 7.624154e-05))
504.79        	((1.468775e-01 3.774219e+01 -8.765611e+00) (8.717878e-04 1.926435e+00 -2.513143e-01)) ((1.055020e+01 -7.498438e-03 -5.304261e-03) (1.173345e-02 1.267890e-04 8.095624e-05))
504.8         	((1.469727e-01 3.772495e+01 -8.647624e+00) (8.850942e-04 1.927078e+00 -2.498092e-01)) ((1.050250e+01 -7.616393e-03 -5.438812e-03) (1.175484e-02 1.250703e-04 8.540217e-05))
504.81        	((1.468275e-01 3.770645e+01 -8.532478e+00) (9.013359e-04 1.927626e+00 -2.483186e-01)) ((1.045514e+01 -7.740817e-03 -5.504998e-03) (1.177709e-02 1.233798e-04 8.743034e-05))
504.82        	((1.464085e-01 3.768690e+01 -8.421578e+00) (9.186818e-04 1.928083e+00 -2.468442e-01)) ((1.040832e+01 -7.880655e-03 -5.434645e-03) (1.179896e-02 1.218136e-04 8.839223e-05))
504.83        	((1.458913e-01 3.766596e+01 -8.315941e+00) (9.344798e-04 1.928454e+00 -2.453848e-01)) ((1.036219e+01 -8.015839e-03 -5.302630e-03) (1.182165e-02 1.208598e-04 8.871950e-05))
504.84        	((1.454272e-01 3.764327e+01 -8.215656e+00) (9.487396e-04 1.928734e+00 -2.439392e-01)) ((1.031677e+01 -8.141064e-03 -5.197378e-03) (1.184568e-02 1.202713e-04 8.914908e-05))
504.85        	((1.450205e-01 3.761876e+01 -8.120311e+00) (9.640196e-04 1.928920e+00 -2.425091e-01)) ((1.027204e+01 -8.268843e-03 -5.147371e-03) (1.187119e-02 1.192707e-04 9.090190e-05))
504.86        	((1.446169e-01 3.759241e+01 -8.029099e+00) (9.795847e-04 1.929016e+00 -2.410941e-01)) ((1.022793e+01 -8.406014e-03 -5.132632e-03) (1.189865e-02 1.178408e-04 9.327701e-05))
504.87        	((1.442092e-01 3.756464e+01 -7.941769e+00) (9.948810e-04 1.929030e+00 -2.396942e-01)) ((1.018443e+01 -8.548700e-03 -5.149533e-03) (1.192859e-02 1.167026e-04 9.561302e-05))
504.88        	((1.437840e-01 3.753576e+01 -7.858526e+00) (1.010046e-03 1.928968e+00 -2.383086e-01)) ((1.014158e+01 -8.705636e-03 -5.185606e-03) (1.196069e-02 1.157519e-04 9.767704e-05))
504.89        	((1.433136e-01 3.750588e+01 -7.779611e+00) (1.025126e-03 1.928825e+00 -2.369405e-01)) ((1.009939e+01 -8.867424e-03 -5.221520e-03) (1.199468e-02 1.141665e-04 1.007402e-04))
504.9         	((1.428328e-01 3.747489e+01 -7.704799e+00) (1.037229e-03 1.928598e+00 -2.355912e-01)) ((1.005780e+01 -9.001600e-03 -5.283299e-03) (1.203018e-02 1.124548e-04 1.026177e-04))
504.91        	((1.424817e-01 3.744253e+01 -7.633687e+00) (1.048777e-03 1.928284e+00 -2.342642e-01)) ((1.001674e+01 -9.118007e-03 -5.399873e-03) (1.206610e-02 1.112006e-04 1.029972e-04))
504.92        	((1.423354e-01 3.740854e+01 -7.565903e+00) (1.061811e-03 1.927881e+00 -2.329584e-01)) ((9.976111e+00 -9.253749e-03 -5.535785e-03) (1.210215e-02 1.101976e-04 1.040063e-04))
504.93        	((1.424106e-01 3.737303e+01 -7.501197e+00) (1.072528e-03 1.927401e+00 -2.316707e-01)) ((9.935878e+00 -9.386832e-03 -5.727984e-03) (1.213980e-02 1.089156e-04 1.045648e-04))
504.94        	((1.425594e-01 3.733613e+01 -7.439496e+00) (1.081334e-03 1.926846e+00 -2.303988e-01)) ((9.896067e+00 -9.524356e-03 -5.943598e-03) (1.217895e-02 1.081448e-04 1.054860e-04))
504.95        	((1.427826e-01 3.729812e+01 -7.380576e+00) (1.087459e-03 1.926222e+00 -2.291449e-01)) ((9.856728e+00 -9.627063e-03 -6.249952e-03) (1.222008e-02 1.072289e-04 1.047888e-04))
504.96        	((1.430513e-01 3.725890e+01 -7.324334e+00) (1.092995e-03 1.925526e+00 -2.279080e-01)) ((9.817904e+00 -9.740020e-03 -6.544924e-03) (1.226208e-02 1.073671e-04 1.056725e-04))
504.97        	((1.435691e-01 3.721892e+01 -7.270734e+00) (1.094543e-03 1.924760e+00 -2.266920e-01)) ((9.779626e+00 -9.826669e-03 -6.942357e-03) (1.230547e-02 1.067791e-04 1.047346e-04))
504.98        	((1.440914e-01 3.717774e+01 -7.219653e+00) (1.098272e-03 1.923926e+00 -2.254896e-01)) ((9.741944e+00 -9.965923e-03 -7.250681e-03) (1.234950e-02 1.070902e-04 1.067927e-04))
504.99        	((1.447092e-01 3.713538e+01 -7.170560e+00) (1.096467e-03 1.923027e+00 -2.243066e-01)) ((9.704859e+00 -1.005026e-02 -7.654903e-03) (1.239549e-02 1.062009e-04 1.047871e-04))
505           	((1.451795e-01 3.709136e+01 -7.123499e+00) (1.096897e-03 1.922051e+00 -2.231395e-01)) ((9.668374e+00 -1.020374e-02 -7.941051e-03) (1.244102e-02 1.075449e-04 1.068649e-04))
