# Forces      
# CofR        : (0.000000e+00 0.000000e+00 0.000000e+00)
# Time        forces(pressure viscous)	moments(pressure viscous)
500           	((-2.807672e+00 1.379896e+04 7.661365e+03) (-1.391812e-04 4.137368e+00 1.976219e-01)) ((3.133821e+03 -1.932776e-01 5.741451e-01) (3.244818e-01 2.814576e-05 -1.970467e-05))
500.01        	((-1.250581e-01 1.057813e+04 6.000415e+03) (-3.168356e-03 2.705600e+00 -8.111960e-03)) ((2.005702e+03 -1.852123e-01 3.599786e-01) (-1.077603e-01 4.296849e-04 1.003915e-03))
500.02        	((2.677705e+00 1.552339e+03 6.166701e+02) (-2.420134e-03 1.573998e+00 -3.110514e-01)) ((-4.118526e+02 1.016976e+00 4.501342e-01) (-4.567006e-01 7.264279e-05 4.279391e-04))
500.03        	((4.641318e+00 -4.402747e+03 -2.766133e+03) (-1.709562e-03 1.492451e+00 -4.954429e-01)) ((-1.857758e+03 1.042647e+00 -5.063084e-01) (-4.721793e-01 5.729176e-04 1.929381e-04))
500.04        	((6.078323e+00 -3.766156e+03 -2.325643e+03) (-2.244984e-03 2.833360e+00 -4.745697e-01)) ((-1.322898e+03 3.563845e-01 -1.060781e+00) (-3.866986e-02 2.516644e-03 1.456416e-03))
500.05        	((5.391930e+00 7.804225e+01 7.224743e+01) (1.507639e-04 4.644851e+00 -1.461941e-01)) ((1.569957e+01 -1.775528e-01 -9.082982e-01) (5.362588e-01 1.959558e-03 5.547467e-04))
500.06        	((2.241621e+00 3.047017e+03 1.877222e+03) (-1.218854e-03 5.447185e+00 1.226312e-01)) ((8.518928e+02 3.538411e-01 1.158317e-01) (6.883312e-01 2.571573e-03 9.469991e-04))
500.07        	((-1.528483e+00 3.505939e+03 2.055775e+03) (-9.121862e-03 4.754205e+00 3.213824e-01)) ((7.469027e+02 6.504739e-01 8.432039e-01) (3.140962e-01 3.493534e-03 5.834101e-03))
500.08        	((-2.267994e+00 2.274544e+03 1.204545e+03) (-1.566654e-02 3.850984e+00 3.781839e-01)) ((1.260323e+02 9.989494e-02 7.104279e-01) (-1.343276e-01 6.971906e-03 4.814347e-03))
500.09        	((1.109596e-01 9.341561e+02 3.780622e+02) (-8.383440e-03 3.450987e+00 3.251419e-01)) ((-3.662536e+02 -6.553524e-01 -4.063579e-01) (-3.998511e-01 4.408931e-03 9.089770e-04))
500.1         	((2.698338e+00 4.023711e+02 1.276646e+02) (-1.327493e-02 3.934364e+00 2.722712e-01)) ((-4.189485e+02 -5.465274e-01 -9.893741e-01) (-3.071027e-01 6.292563e-03 3.098197e-03))
500.11        	((3.303833e+00 6.339910e+02 3.419575e+02) (1.240365e-02 4.782656e+00 3.478464e-01)) ((-1.625836e+02 -1.532550e-01 -9.433066e-01) (-3.126502e-02 -5.434257e-03 -3.511550e-03))
500.12        	((2.305859e+00 1.110170e+03 6.318133e+02) (7.340974e-03 5.318994e+00 5.573892e-01)) ((9.825010e+01 -1.444019e-01 -6.694198e-01) (1.502139e-01 -3.963754e-03 -2.673371e-03))
500.13        	((9.175559e-01 1.411174e+03 7.461649e+02) (1.039832e-02 5.447564e+00 7.819933e-01)) ((1.726294e+02 -1.011095e+00 -6.726009e-01) (1.603660e-01 -5.179466e-03 -3.333350e-03))
500.14        	((-1.379373e-01 1.442612e+03 6.851216e+02) (5.300784e-03 5.437155e+00 9.089642e-01)) ((7.768609e+01 -2.120647e+00 -1.103409e+00) (7.686725e-02 -3.143067e-03 -2.619243e-03))
500.15        	((-1.820397e+00 1.313745e+03 5.601805e+02) (-3.961627e-03 5.459291e+00 9.226626e-01)) ((-6.244926e+01 -1.743579e+00 -1.014278e+00) (-7.196685e-03 2.268462e-03 3.274735e-04))
500.16        	((-1.825409e+00 1.173697e+03 4.622621e+02) (-1.034267e-02 5.570958e+00 8.981398e-01)) ((-1.348469e+02 -1.081300e+00 -9.828499e-01) (-2.534102e-02 4.523901e-03 -3.446060e-03))
500.17        	((-6.273685e-01 1.092344e+03 4.022685e+02) (-4.495519e-03 5.799458e+00 8.911296e-01)) ((-1.157782e+02 -6.242167e-01 -1.007560e+00) (2.529290e-02 2.517892e-03 -1.984852e-03))
500.18        	((3.136064e-01 1.067893e+03 3.587177e+02) (-4.555031e-04 6.001674e+00 8.937074e-01)) ((-5.323643e+01 -7.987509e-01 -1.123933e+00) (8.869010e-02 7.036037e-04 -1.925331e-03))
500.19        	((6.584399e-01 1.081923e+03 3.249860e+02) (2.155860e-04 6.147546e+00 8.837131e-01)) ((-6.217409e+00 -1.067353e+00 -1.244881e+00) (1.345006e-01 -2.977789e-04 -2.106462e-03))
500.2         	((5.306738e-02 1.116947e+03 3.065958e+02) (1.036057e-03 6.240526e+00 8.466103e-01)) ((-1.225093e+00 -1.386544e+00 -1.234334e+00) (1.560207e-01 -5.970957e-04 -2.022460e-03))
500.21        	((-7.152866e-01 1.152777e+03 3.017702e+02) (4.576944e-04 6.315198e+00 7.900911e-01)) ((-2.787250e+01 -1.409424e+00 -1.177982e+00) (1.635210e-01 -4.112083e-04 -2.991507e-03))
500.22        	((-1.173942e+00 1.168290e+03 2.981795e+02) (1.628104e-04 6.398125e+00 7.303816e-01)) ((-5.876241e+01 -1.375202e+00 -1.110812e+00) (1.718061e-01 3.741986e-04 -2.708623e-03))
500.23        	((-1.104232e+00 1.151431e+03 2.815456e+02) (1.498825e-04 6.502792e+00 6.749982e-01)) ((-7.425214e+01 -1.205158e+00 -1.116783e+00) (1.888250e-01 -2.241310e-04 -1.422672e-03))
500.24        	((-7.120787e-01 1.111429e+03 2.498600e+02) (-1.263073e-04 6.615016e+00 6.200810e-01)) ((-7.226861e+01 -1.069366e+00 -1.119596e+00) (2.124962e-01 -1.828430e-05 -2.291881e-03))
500.25        	((-4.611573e-01 1.073351e+03 2.160331e+02) (2.675708e-04 6.709717e+00 5.510913e-01)) ((-6.275200e+01 -9.382167e-01 -1.075392e+00) (2.330602e-01 -2.357809e-04 -2.478000e-03))
500.26        	((-4.533891e-01 1.060338e+03 1.959323e+02) (-1.374136e-03 6.773703e+00 4.687831e-01)) ((-5.669737e+01 -8.180433e-01 -9.371548e-01) (2.464683e-01 -2.779441e-04 1.955901e-04))
500.27        	((-6.634330e-01 1.076285e+03 1.952655e+02) (-4.727908e-05 6.825586e+00 3.795095e-01)) ((-5.895657e+01 -7.023549e-01 -7.803262e-01) (2.549147e-01 -4.797978e-04 -4.397099e-04))
500.28        	((-8.623553e-01 1.105211e+03 2.069475e+02) (1.598695e-04 6.875180e+00 2.928448e-01)) ((-6.743704e+01 -5.508175e-01 -6.751816e-01) (2.605355e-01 -8.164957e-04 -1.344114e-03))
500.29        	((-9.986006e-01 1.129273e+03 2.208909e+02) (3.753620e-04 6.931306e+00 2.168985e-01)) ((-7.675660e+01 -4.282269e-01 -6.421854e-01) (2.646303e-01 -5.206922e-04 -1.406022e-03))
500.3         	((-1.043692e+00 1.142367e+03 2.316234e+02) (7.624056e-04 6.990926e+00 1.523014e-01)) ((-8.226065e+01 -3.399439e-01 -6.408232e-01) (2.692905e-01 1.481926e-05 -1.526836e-03))
500.31        	((-1.040279e+00 1.155187e+03 2.427079e+02) (-7.896133e-06 7.053404e+00 9.022840e-02)) ((-8.266133e+01 -2.271586e-01 -5.984380e-01) (2.718436e-01 1.724271e-04 -1.754936e-03))
500.32        	((-1.061341e+00 1.177966e+03 2.577119e+02) (-4.887013e-04 7.107754e+00 3.080939e-02)) ((-8.026722e+01 -9.681649e-02 -5.019810e-01) (2.731251e-01 2.525225e-04 -1.448408e-03))
500.33        	((-1.186542e+00 1.211745e+03 2.769879e+02) (-4.576416e-04 7.155018e+00 -2.699683e-02)) ((-7.912653e+01 -1.788254e-02 -4.295409e-01) (2.722694e-01 5.432720e-04 -1.007875e-03))
500.34        	((-1.164201e+00 1.251411e+03 2.989259e+02) (-1.682360e-03 7.196760e+00 -7.932970e-02)) ((-8.111446e+01 1.510552e-01 -3.123476e-01) (2.709496e-01 -1.836660e-04 -1.503190e-03))
500.35        	((-1.148564e+00 1.291454e+03 3.221924e+02) (-7.628723e-04 7.244412e+00 -1.244623e-01)) ((-8.503339e+01 2.493064e-01 -2.612025e-01) (2.675837e-01 4.260411e-04 -6.866956e-04))
500.36        	((-1.179390e+00 1.330428e+03 3.466921e+02) (-5.784111e-04 7.295144e+00 -1.593863e-01)) ((-8.802067e+01 3.063030e-01 -2.643527e-01) (2.653576e-01 1.114461e-03 1.957527e-04))
500.37        	((-1.294717e+00 1.375957e+03 3.774624e+02) (-1.071638e-03 7.360408e+00 -1.864461e-01)) ((-8.804849e+01 3.557548e-01 -2.716812e-01) (2.618355e-01 9.499837e-04 -7.510767e-05))
500.38        	((-1.502344e+00 1.425297e+03 4.088637e+02) (-9.212759e-04 7.427639e+00 -2.061829e-01)) ((-8.668443e+01 4.035771e-01 -2.555810e-01) (2.585274e-01 1.060868e-03 2.000049e-04))
500.39        	((-1.589195e+00 1.473009e+03 4.356463e+02) (-1.540201e-03 7.497299e+00 -2.226182e-01)) ((-8.702598e+01 5.339551e-01 -1.674705e-01) (2.542207e-01 9.562016e-04 5.519509e-05))
500.4         	((-1.815853e+00 1.521623e+03 4.619345e+02) (-8.088993e-04 7.566844e+00 -2.351509e-01)) ((-8.947498e+01 5.242209e-01 -1.689917e-01) (2.487849e-01 1.079450e-03 3.134497e-04))
500.41        	((-1.644834e+00 1.574239e+03 4.905716e+02) (-1.782026e-03 7.640667e+00 -2.440067e-01)) ((-9.218118e+01 6.511170e-01 -7.538666e-02) (2.442994e-01 4.722093e-04 -3.687106e-04))
500.42        	((-1.822856e+00 1.619250e+03 5.154693e+02) (5.011809e-04 7.722395e+00 -2.465163e-01)) ((-9.592087e+01 5.241224e-01 -1.627899e-01) (2.404541e-01 1.295304e-03 6.623038e-04))
500.43        	((-1.665238e+00 1.651759e+03 5.340495e+02) (-4.342366e-04 7.812446e+00 -2.446050e-01)) ((-1.007231e+02 6.106122e-01 -1.218205e-01) (2.372958e-01 6.858422e-04 -1.795305e-04))
500.44        	((-1.975013e+00 1.681739e+03 5.512077e+02) (1.014481e-03 7.905937e+00 -2.385014e-01)) ((-1.045416e+02 4.828214e-01 -2.205831e-01) (2.338824e-01 1.048346e-03 3.350211e-04))
500.45        	((-1.865630e+00 1.717542e+03 5.704226e+02) (7.621984e-05 8.002246e+00 -2.307114e-01)) ((-1.066597e+02 5.912593e-01 -1.384518e-01) (2.295357e-01 5.878383e-04 -1.135704e-04))
500.46        	((-2.145016e+00 1.759675e+03 5.915830e+02) (1.445569e-03 8.101927e+00 -2.208549e-01)) ((-1.079599e+02 4.568456e-01 -2.152755e-01) (2.257975e-01 9.312832e-04 4.192846e-04))
500.47        	((-1.905264e+00 1.803742e+03 6.126795e+02) (-2.435649e-04 8.205404e+00 -2.096965e-01)) ((-1.098847e+02 6.225856e-01 -1.027738e-01) (2.232711e-01 1.557372e-04 -5.677765e-04))
500.48        	((-2.204049e+00 1.846432e+03 6.327786e+02) (2.195596e-03 8.314471e+00 -1.962744e-01)) ((-1.127222e+02 4.626958e-01 -1.869489e-01) (2.218336e-01 9.762330e-04 6.101998e-04))
500.49        	((-1.969770e+00 1.886253e+03 6.514748e+02) (-4.064443e-04 8.427078e+00 -1.818120e-01)) ((-1.160439e+02 6.414422e-01 -7.532029e-02) (2.221047e-01 -3.243556e-04 -1.006809e-03))
500.5         	((-2.167703e+00 1.923895e+03 6.690900e+02) (2.845887e-03 8.544189e+00 -1.654427e-01)) ((-1.190586e+02 5.506505e-01 -1.225041e-01) (2.228284e-01 8.127504e-04 7.941130e-04))
500.51        	((-2.137833e+00 1.960449e+03 6.858577e+02) (1.511806e-03 8.665473e+00 -1.490548e-01)) ((-1.215577e+02 5.863891e-01 -1.254326e-01) (2.231937e-01 3.114370e-04 1.610764e-04))
500.52        	((-2.316268e+00 1.997113e+03 7.022192e+02) (2.598096e-03 8.786551e+00 -1.321051e-01)) ((-1.234896e+02 5.013973e-01 -1.955310e-01) (2.247992e-01 2.190054e-04 3.554113e-04))
500.53        	((-2.082990e+00 2.034459e+03 7.185274e+02) (1.434641e-03 8.908520e+00 -1.160491e-01)) ((-1.252476e+02 6.595085e-01 -9.717713e-02) (2.267428e-01 -1.537523e-04 -1.208211e-04))
500.54        	((-2.416186e+00 2.072323e+03 7.348777e+02) (3.758715e-03 9.030461e+00 -9.992054e-02)) ((-1.271597e+02 4.901902e-01 -2.116913e-01) (2.297179e-01 5.537591e-04 1.025409e-03))
500.55        	((-2.218127e+00 2.110022e+03 7.510933e+02) (1.453780e-03 9.153523e+00 -8.461477e-02)) ((-1.293841e+02 6.460761e-01 -1.273720e-01) (2.330042e-01 -5.497540e-04 -3.827428e-04))
500.56        	((-2.375331e+00 2.146936e+03 7.670010e+02) (3.255586e-03 9.277865e+00 -6.933288e-02)) ((-1.318182e+02 5.800282e-01 -1.586856e-01) (2.366587e-01 -2.269089e-05 5.511174e-04))
500.57        	((-2.218011e+00 2.182765e+03 7.825311e+02) (2.331004e-03 9.402295e+00 -5.508720e-02)) ((-1.341924e+02 6.919996e-01 -9.195662e-02) (2.412216e-01 -2.342367e-04 2.153646e-04))
500.58        	((-2.542949e+00 2.217542e+03 7.976724e+02) (3.897409e-03 9.525712e+00 -4.074373e-02)) ((-1.363353e+02 5.532319e-01 -1.966548e-01) (2.467014e-01 1.425510e-04 9.242501e-04))
500.59        	((-2.405008e+00 2.251614e+03 8.126793e+02) (2.522601e-03 9.649006e+00 -2.779932e-02)) ((-1.382645e+02 6.795765e-01 -1.314422e-01) (2.520046e-01 -4.776338e-04 6.839221e-05))
500.6         	((-2.712077e+00 2.285185e+03 8.276320e+02) (3.929282e-03 9.771066e+00 -1.473595e-02)) ((-1.400412e+02 5.695620e-01 -2.085091e-01) (2.578212e-01 -4.448457e-05 8.793190e-04))
500.61        	((-2.550727e+00 2.318308e+03 8.425655e+02) (2.560145e-03 9.891964e+00 -2.964752e-03)) ((-1.417786e+02 7.040428e-01 -1.300816e-01) (2.636204e-01 -5.345270e-04 1.928347e-04))
500.62        	((-2.836938e+00 2.350905e+03 8.574243e+02) (4.041510e-03 1.001126e+01 8.949476e-03)) ((-1.435329e+02 6.020635e-01 -1.996598e-01) (2.695979e-01 -1.623414e-04 8.710497e-04))
500.63        	((-2.686667e+00 2.382841e+03 8.721436e+02) (2.684922e-03 1.012952e+01 1.985443e-02)) ((-1.452852e+02 7.167194e-01 -1.332196e-01) (2.757893e-01 -5.376047e-04 3.710063e-04))
500.64        	((-2.961774e+00 2.413978e+03 8.866384e+02) (4.002597e-03 1.024551e+01 3.100057e-02)) ((-1.469856e+02 6.152218e-01 -2.026132e-01) (2.819871e-01 -2.244409e-04 1.002479e-03))
500.65        	((-2.872284e+00 2.444329e+03 9.009066e+02) (2.480932e-03 1.035981e+01 4.136654e-02)) ((-1.485967e+02 7.492690e-01 -1.391102e-01) (2.881677e-01 -4.808619e-04 5.326826e-04))
500.66        	((-3.141830e+00 2.473930e+03 9.150393e+02) (3.779797e-03 1.047238e+01 5.170046e-02)) ((-1.500579e+02 6.556962e-01 -2.012980e-01) (2.944950e-01 -1.893874e-04 1.098049e-03))
500.67        	((-3.024821e+00 2.502790e+03 9.289667e+02) (2.129686e-03 1.058226e+01 6.154965e-02)) ((-1.514194e+02 7.567062e-01 -1.361207e-01) (3.007454e-01 -2.929174e-04 9.115645e-04))
500.68        	((-3.240995e+00 2.530823e+03 9.426208e+02) (3.407195e-03 1.068904e+01 7.145792e-02)) ((-1.527282e+02 6.616197e-01 -1.870674e-01) (3.065781e-01 -1.149238e-04 1.305026e-03))
500.69        	((-3.122459e+00 2.558101e+03 9.560404e+02) (2.225034e-03 1.079456e+01 8.041469e-02)) ((-1.539570e+02 7.669611e-01 -1.287159e-01) (3.125208e-01 -3.560908e-04 8.742837e-04))
500.7         	((-3.294888e+00 2.584629e+03 9.692734e+02) (3.637068e-03 1.089748e+01 8.978142e-02)) ((-1.550796e+02 6.830440e-01 -1.813828e-01) (3.184114e-01 -2.505402e-04 1.206225e-03))
500.71        	((-3.170933e+00 2.610466e+03 9.822813e+02) (2.377389e-03 1.099823e+01 9.850816e-02)) ((-1.561188e+02 7.752117e-01 -1.365510e-01) (3.241484e-01 -3.459852e-04 9.999058e-04))
500.72        	((-3.358961e+00 2.635635e+03 9.950394e+02) (2.930260e-03 1.109615e+01 1.075209e-01)) ((-1.570595e+02 7.269723e-01 -1.842045e-01) (3.296149e-01 -1.570669e-05 1.452730e-03))
500.73        	((-3.271788e+00 2.660069e+03 1.007505e+03) (1.542825e-03 1.119250e+01 1.156978e-01)) ((-1.579144e+02 8.325645e-01 -1.447041e-01) (3.350809e-01 2.189555e-05 1.339391e-03))
500.74        	((-3.426233e+00 2.683750e+03 1.019669e+03) (2.512738e-03 1.128550e+01 1.244733e-01)) ((-1.586860e+02 7.891482e-01 -1.896065e-01) (3.401394e-01 8.459047e-05 1.531463e-03))
500.75        	((-3.318899e+00 2.706608e+03 1.031488e+03) (1.374347e-03 1.137672e+01 1.322673e-01)) ((-1.594045e+02 8.692442e-01 -1.597927e-01) (3.450161e-01 7.212973e-05 1.397866e-03))
500.76        	((-3.437736e+00 2.728666e+03 1.042992e+03) (2.295589e-03 1.146485e+01 1.405844e-01)) ((-1.600314e+02 8.254519e-01 -2.022684e-01) (3.495119e-01 6.449755e-05 1.493702e-03))
500.77        	((-3.338007e+00 2.749940e+03 1.054170e+03) (1.292809e-03 1.155177e+01 1.480232e-01)) ((-1.605793e+02 8.916124e-01 -1.787223e-01) (3.540487e-01 1.055024e-04 1.429677e-03))
500.78        	((-3.453831e+00 2.770480e+03 1.065024e+03) (2.045905e-03 1.163597e+01 1.561884e-01)) ((-1.610260e+02 8.566088e-01 -2.141722e-01) (3.581658e-01 8.752925e-05 1.521356e-03))
500.79        	((-3.388569e+00 2.790339e+03 1.075550e+03) (1.093644e-03 1.171874e+01 1.633300e-01)) ((-1.614091e+02 9.199422e-01 -1.935330e-01) (3.621247e-01 1.655028e-04 1.455955e-03))
500.8         	((-3.494715e+00 2.809539e+03 1.085773e+03) (1.943653e-03 1.179842e+01 1.711630e-01)) ((-1.616990e+02 8.918140e-01 -2.245175e-01) (3.656139e-01 5.057868e-05 1.396702e-03))
500.81        	((-3.427234e+00 2.828011e+03 1.095652e+03) (1.147683e-03 1.187709e+01 1.779099e-01)) ((-1.619284e+02 9.353620e-01 -2.113762e-01) (3.690619e-01 1.417303e-04 1.372460e-03))
500.82        	((-3.509504e+00 2.845744e+03 1.105183e+03) (1.867845e-03 1.195250e+01 1.855403e-01)) ((-1.620825e+02 9.056504e-01 -2.389752e-01) (3.719888e-01 -1.620753e-05 1.304674e-03))
500.83        	((-3.455300e+00 2.862709e+03 1.114336e+03) (1.078669e-03 1.202635e+01 1.921563e-01)) ((-1.621993e+02 9.383056e-01 -2.289134e-01) (3.748514e-01 1.263215e-04 1.352433e-03))
500.84        	((-3.532305e+00 2.878957e+03 1.123147e+03) (1.774179e-03 1.209703e+01 1.996683e-01)) ((-1.622440e+02 9.136536e-01 -2.498908e-01) (3.772076e-01 -7.232626e-05 1.231495e-03))
500.85        	((-3.491781e+00 2.894493e+03 1.131615e+03) (1.036554e-03 1.216713e+01 2.059530e-01)) ((-1.622422e+02 9.379014e-01 -2.415570e-01) (3.796069e-01 1.306540e-04 1.331535e-03))
500.86        	((-3.560228e+00 2.909358e+03 1.139758e+03) (1.602326e-03 1.223412e+01 2.132962e-01)) ((-1.621626e+02 9.198343e-01 -2.555119e-01) (3.815411e-01 -6.625366e-05 1.209398e-03))
500.87        	((-3.531880e+00 2.923528e+03 1.147546e+03) (8.362853e-04 1.230051e+01 2.194402e-01)) ((-1.620506e+02 9.390851e-01 -2.459871e-01) (3.835173e-01 2.061542e-04 1.393700e-03))
500.88        	((-3.594741e+00 2.937038e+03 1.155000e+03) (1.372799e-03 1.236368e+01 2.266342e-01)) ((-1.618805e+02 9.266726e-01 -2.524296e-01) (3.849796e-01 -2.238829e-05 1.238543e-03))
500.89        	((-3.574907e+00 2.949865e+03 1.162102e+03) (6.944389e-04 1.242634e+01 2.325142e-01)) ((-1.616909e+02 9.396752e-01 -2.433626e-01) (3.865197e-01 2.713326e-04 1.456825e-03))
500.9         	((-3.629710e+00 2.962043e+03 1.168881e+03) (1.223572e-03 1.248577e+01 2.395172e-01)) ((-1.614462e+02 9.326565e-01 -2.458410e-01) (3.875681e-01 -8.760413e-07 1.262760e-03))
500.91        	((-3.621325e+00 2.973559e+03 1.175323e+03) (5.625710e-04 1.254479e+01 2.451898e-01)) ((-1.611826e+02 9.448149e-01 -2.374734e-01) (3.887206e-01 3.324826e-04 1.520136e-03))
500.92        	((-3.676620e+00 2.984456e+03 1.181463e+03) (1.031511e-03 1.260060e+01 2.520392e-01)) ((-1.608627e+02 9.442934e-01 -2.365863e-01) (3.893727e-01 5.150798e-05 1.318917e-03))
500.93        	((-3.679797e+00 2.994700e+03 1.187279e+03) (3.834639e-04 1.265606e+01 2.575454e-01)) ((-1.605258e+02 9.540961e-01 -2.308180e-01) (3.901309e-01 4.104317e-04 1.620632e-03))
500.94        	((-3.731308e+00 3.004362e+03 1.192818e+03) (8.665589e-04 1.270834e+01 2.642940e-01)) ((-1.601403e+02 9.562873e-01 -2.299134e-01) (3.903866e-01 8.721596e-05 1.384187e-03))
500.95        	((-3.732468e+00 3.013383e+03 1.198045e+03) (2.353367e-04 1.276054e+01 2.696822e-01)) ((-1.597466e+02 9.605080e-01 -2.279160e-01) (3.907933e-01 4.638609e-04 1.705913e-03))
500.96        	((-3.770135e+00 3.021806e+03 1.202998e+03) (6.689827e-04 1.280966e+01 2.764165e-01)) ((-1.593057e+02 9.622253e-01 -2.277745e-01) (3.907317e-01 1.208282e-04 1.462524e-03))
500.97        	((-3.760899e+00 3.029642e+03 1.207677e+03) (-3.024658e-05 1.285874e+01 2.817910e-01)) ((-1.588586e+02 9.635187e-01 -2.289380e-01) (3.908381e-01 5.231735e-04 1.815072e-03))
500.98        	((-3.774286e+00 3.036933e+03 1.212128e+03) (2.464068e-04 1.290484e+01 2.884864e-01)) ((-1.583660e+02 9.677984e-01 -2.279018e-01) (3.904810e-01 1.616624e-04 1.585134e-03))
500.99        	((-3.744725e+00 3.043634e+03 1.216322e+03) (-5.705960e-04 1.295096e+01 2.937957e-01)) ((-1.578726e+02 9.681925e-01 -2.218264e-01) (3.902831e-01 5.586077e-04 1.998017e-03))
501           	((-3.750735e+00 3.049815e+03 1.220293e+03) (-1.944238e-05 1.299437e+01 3.006375e-01)) ((-1.573315e+02 9.729167e-01 -2.238346e-01) (3.897094e-01 2.427207e-04 1.556151e-03))
501.01        	((-3.751043e+00 3.055442e+03 1.224025e+03) (-3.810776e-04 1.303804e+01 3.062731e-01)) ((-1.567862e+02 9.657624e-01 -2.322009e-01) (3.893720e-01 7.712491e-04 1.669681e-03))
501.02        	((-3.777518e+00 3.060610e+03 1.227195e+03) (3.432070e-05 1.307907e+01 3.129517e-01)) ((-1.562696e+02 9.617131e-01 -2.193965e-01) (3.887668e-01 3.986315e-04 1.344249e-03))
501.03        	((-3.775322e+00 3.065210e+03 1.230058e+03) (-7.069355e-04 1.312033e+01 3.184875e-01)) ((-1.557798e+02 9.564689e-01 -2.071244e-01) (3.883437e-01 8.328819e-04 1.762444e-03))
501.04        	((-3.789655e+00 3.068329e+03 1.232424e+03) (-3.114644e-04 1.315743e+01 3.255797e-01)) ((-1.553491e+02 9.679294e-01 -1.959132e-01) (3.873678e-01 4.350137e-04 1.471739e-03))
501.05        	((-3.777109e+00 3.071084e+03 1.234866e+03) (-9.857233e-04 1.319519e+01 3.315098e-01)) ((-1.548248e+02 9.703209e-01 -1.952500e-01) (3.866743e-01 8.956040e-04 1.867253e-03))
501.06        	((-3.790189e+00 3.074243e+03 1.237717e+03) (-5.734586e-04 1.323069e+01 3.390941e-01)) ((-1.541098e+02 9.793818e-01 -1.911420e-01) (3.857225e-01 5.054346e-04 1.567611e-03))
501.07        	((-3.782463e+00 3.077661e+03 1.240769e+03) (-1.261735e-03 1.326680e+01 3.455351e-01)) ((-1.533291e+02 9.740836e-01 -1.940837e-01) (3.850399e-01 9.964587e-04 1.975242e-03))
501.08        	((-3.795618e+00 3.080765e+03 1.243599e+03) (-8.364725e-04 1.330050e+01 3.535357e-01)) ((-1.525675e+02 9.774916e-01 -1.916526e-01) (3.840481e-01 6.173420e-04 1.664801e-03))
501.09        	((-3.789831e+00 3.082804e+03 1.246056e+03) (-1.499862e-03 1.333450e+01 3.609277e-01)) ((-1.518894e+02 9.698006e-01 -1.945944e-01) (3.831919e-01 1.116581e-03 2.060067e-03))
501.1         	((-3.805347e+00 3.084099e+03 1.248225e+03) (-1.033649e-03 1.336594e+01 3.696934e-01)) ((-1.512121e+02 9.741871e-01 -1.914706e-01) (3.820479e-01 7.136444e-04 1.725422e-03))
501.11        	((-3.794242e+00 3.085055e+03 1.250150e+03) (-1.690152e-03 1.339762e+01 3.771761e-01)) ((-1.505372e+02 9.660400e-01 -1.958302e-01) (3.810655e-01 1.202077e-03 2.114485e-03))
501.12        	((-3.796106e+00 3.085857e+03 1.251885e+03) (-1.216493e-03 1.342705e+01 3.861495e-01)) ((-1.498099e+02 9.647120e-01 -1.960016e-01) (3.798687e-01 7.865853e-04 1.778960e-03))
501.13        	((-3.776963e+00 3.086341e+03 1.253389e+03) (-1.875292e-03 1.345691e+01 3.940807e-01)) ((-1.490888e+02 9.503037e-01 -2.021933e-01) (3.788506e-01 1.269673e-03 2.167409e-03))
501.14        	((-3.781334e+00 3.086418e+03 1.254696e+03) (-1.397222e-03 1.348471e+01 4.036254e-01)) ((-1.483626e+02 9.458346e-01 -2.012516e-01) (3.776613e-01 8.454285e-04 1.828997e-03))
501.15        	((-3.773259e+00 3.086046e+03 1.255813e+03) (-2.044484e-03 1.351281e+01 4.121704e-01)) ((-1.476818e+02 9.313716e-01 -2.042101e-01) (3.766204e-01 1.320250e-03 2.211952e-03))
501.16        	((-3.784883e+00 3.085340e+03 1.256798e+03) (-1.538813e-03 1.353875e+01 4.221773e-01)) ((-1.470003e+02 9.261494e-01 -2.010419e-01) (3.753665e-01 8.842053e-04 1.871472e-03))
501.17        	((-3.775026e+00 3.084306e+03 1.257608e+03) (-2.170146e-03 1.356495e+01 4.310801e-01)) ((-1.463476e+02 9.085692e-01 -2.043842e-01) (3.742404e-01 1.353557e-03 2.243342e-03))
501.18        	((-3.781084e+00 3.083004e+03 1.258249e+03) (-1.625711e-03 1.358922e+01 4.413532e-01)) ((-1.456819e+02 8.987653e-01 -2.037846e-01) (3.729751e-01 8.898863e-04 1.839411e-03))
501.19        	((-3.761987e+00 3.081341e+03 1.258672e+03) (-2.232852e-03 1.361399e+01 4.505300e-01)) ((-1.450402e+02 8.760582e-01 -2.105900e-01) (3.719037e-01 1.342921e-03 2.149047e-03))
501.2         	((-3.759469e+00 3.079359e+03 1.258936e+03) (-1.685865e-03 1.363708e+01 4.610590e-01)) ((-1.443851e+02 8.628624e-01 -2.114023e-01) (3.707653e-01 8.876611e-04 1.719818e-03))
501.21        	((-3.742497e+00 3.077050e+03 1.259049e+03) (-2.271214e-03 1.366061e+01 4.705387e-01)) ((-1.437551e+02 8.414556e-01 -2.152034e-01) (3.697746e-01 1.335780e-03 1.992040e-03))
501.22        	((-3.746422e+00 3.074508e+03 1.259071e+03) (-1.687939e-03 1.368234e+01 4.813286e-01)) ((-1.431114e+02 8.322972e-01 -2.109295e-01) (3.686559e-01 8.606716e-04 1.525013e-03))
501.23        	((-3.729667e+00 3.071699e+03 1.258967e+03) (-2.293387e-03 1.370438e+01 4.911065e-01)) ((-1.424921e+02 8.141529e-01 -2.112572e-01) (3.676328e-01 1.305551e-03 1.817498e-03))
501.24        	((-3.724681e+00 3.068655e+03 1.258755e+03) (-1.797914e-03 1.372458e+01 5.022724e-01)) ((-1.418591e+02 8.063848e-01 -2.064137e-01) (3.665127e-01 8.595314e-04 1.424101e-03))
501.25        	((-3.715086e+00 3.065348e+03 1.258409e+03) (-2.407786e-03 1.374486e+01 5.124716e-01)) ((-1.412378e+02 7.972256e-01 -2.061784e-01) (3.654039e-01 1.292462e-03 1.779454e-03))
501.26        	((-3.721338e+00 3.061808e+03 1.257961e+03) (-1.859145e-03 1.376346e+01 5.238025e-01)) ((-1.405974e+02 7.982992e-01 -2.040882e-01) (3.641310e-01 7.874400e-04 1.442410e-03))
501.27        	((-3.696480e+00 3.058020e+03 1.257410e+03) (-2.511835e-03 1.378254e+01 5.339934e-01)) ((-1.399689e+02 7.855959e-01 -2.119040e-01) (3.629211e-01 1.192474e-03 1.861017e-03))
501.28        	((-3.671683e+00 3.054032e+03 1.256796e+03) (-2.068936e-03 1.379977e+01 5.453997e-01)) ((-1.393202e+02 7.781098e-01 -2.185862e-01) (3.615230e-01 7.074037e-04 1.586727e-03))
501.29        	((-3.618008e+00 3.049830e+03 1.256101e+03) (-2.804357e-03 1.381730e+01 5.558731e-01)) ((-1.386784e+02 7.593513e-01 -2.341234e-01) (3.602168e-01 1.139976e-03 2.046238e-03))
501.3         	((-3.561474e+00 3.045464e+03 1.255350e+03) (-2.434608e-03 1.383328e+01 5.675809e-01)) ((-1.380050e+02 7.446701e-01 -2.479621e-01) (3.588198e-01 6.957098e-04 1.743692e-03))
501.31        	((-3.488864e+00 3.040897e+03 1.254518e+03) (-3.237257e-03 1.384969e+01 5.782835e-01)) ((-1.373374e+02 7.250537e-01 -2.661261e-01) (3.575051e-01 1.188665e-03 2.121113e-03))
501.32        	((-3.439890e+00 3.036160e+03 1.253638e+03) (-2.891475e-03 1.386461e+01 5.901256e-01)) ((-1.366453e+02 7.208543e-01 -2.788298e-01) (3.560940e-01 7.935462e-04 1.739607e-03))
501.33        	((-3.375262e+00 3.030625e+03 1.252198e+03) (-3.659464e-03 1.387951e+01 6.009745e-01)) ((-1.360201e+02 7.124942e-01 -2.965223e-01) (3.547695e-01 1.287467e-03 2.041465e-03))
501.34        	((-3.337678e+00 3.025412e+03 1.251237e+03) (-3.237389e-03 1.389355e+01 6.129466e-01)) ((-1.352879e+02 7.132849e-01 -3.077962e-01) (3.534104e-01 8.634940e-04 1.633527e-03))
501.35        	((-3.284893e+00 3.020416e+03 1.250495e+03) (-3.901738e-03 1.390813e+01 6.241374e-01)) ((-1.345249e+02 7.035739e-01 -3.230083e-01) (3.522119e-01 1.304135e-03 1.944296e-03))
501.36        	((-3.230462e+00 3.014672e+03 1.249107e+03) (-3.377143e-03 1.392082e+01 6.364908e-01)) ((-1.338362e+02 6.992760e-01 -3.358016e-01) (3.509642e-01 8.325555e-04 1.565052e-03))
501.37        	((-3.155477e+00 3.008462e+03 1.247465e+03) (-3.984572e-03 1.393376e+01 6.479337e-01)) ((-1.331799e+02 6.889276e-01 -3.533683e-01) (3.497439e-01 1.245011e-03 1.885917e-03))
501.38        	((-3.101660e+00 3.002946e+03 1.246527e+03) (-3.489355e-03 1.394590e+01 6.605476e-01)) ((-1.323818e+02 6.909959e-01 -3.667692e-01) (3.484559e-01 7.661510e-04 1.497546e-03))
501.39        	((-3.012077e+00 2.996954e+03 1.245167e+03) (-4.292330e-03 1.395732e+01 6.724825e-01)) ((-1.316469e+02 6.965322e-01 -3.893512e-01) (3.471120e-01 1.154614e-03 1.679613e-03))
501.4         	((-2.909053e+00 2.990587e+03 1.243526e+03) (-4.128105e-03 1.396605e+01 6.850142e-01)) ((-1.309346e+02 7.158588e-01 -4.098619e-01) (3.457804e-01 7.818892e-04 1.139581e-03))
501.41        	((-2.827145e+00 2.984104e+03 1.241930e+03) (-4.411905e-03 1.397634e+01 6.962128e-01)) ((-1.302024e+02 7.031246e-01 -4.071304e-01) (3.447298e-01 1.270595e-03 1.782533e-03))
501.42        	((-2.762281e+00 2.977641e+03 1.240421e+03) (-3.797417e-03 1.398434e+01 7.088238e-01)) ((-1.294334e+02 7.032510e-01 -4.133006e-01) (3.433899e-01 7.272093e-04 1.343779e-03))
501.43        	((-2.690996e+00 2.971183e+03 1.238951e+03) (-4.346756e-03 1.399258e+01 7.203370e-01)) ((-1.286717e+02 7.034957e-01 -4.332052e-01) (3.420045e-01 1.172202e-03 1.639103e-03))
501.44        	((-2.639948e+00 2.964687e+03 1.237479e+03) (-3.651490e-03 1.399959e+01 7.326514e-01)) ((-1.279035e+02 6.995620e-01 -4.510277e-01) (3.405331e-01 7.634780e-04 1.340911e-03))
501.45        	((-2.573728e+00 2.958029e+03 1.235876e+03) (-4.132965e-03 1.400621e+01 7.442932e-01)) ((-1.271792e+02 6.868116e-01 -4.782756e-01) (3.389363e-01 1.174814e-03 1.598941e-03))
501.46        	((-2.558749e+00 2.951231e+03 1.234188e+03) (-3.259934e-03 1.401140e+01 7.568407e-01)) ((-1.264531e+02 6.548562e-01 -4.829484e-01) (3.372004e-01 8.836981e-04 1.521156e-03))
501.47        	((-2.528603e+00 2.944304e+03 1.232444e+03) (-3.687058e-03 1.401685e+01 7.682318e-01)) ((-1.257342e+02 6.295982e-01 -5.096479e-01) (3.353969e-01 1.142673e-03 1.674195e-03))
501.48        	((-2.513251e+00 2.937342e+03 1.230787e+03) (-3.131975e-03 1.402180e+01 7.802704e-01)) ((-1.249648e+02 6.073691e-01 -5.331224e-01) (3.336595e-01 7.387183e-04 1.318209e-03))
501.49        	((-2.478748e+00 2.930278e+03 1.229071e+03) (-3.693549e-03 1.402587e+01 7.920588e-01)) ((-1.242219e+02 5.810507e-01 -5.591763e-01) (3.317015e-01 1.143120e-03 1.544148e-03))
501.5         	((-2.476831e+00 2.923184e+03 1.227396e+03) (-3.088827e-03 1.402949e+01 8.042016e-01)) ((-1.234582e+02 5.398062e-01 -5.624207e-01) (3.297350e-01 8.118693e-04 1.382602e-03))
501.51        	((-2.450045e+00 2.915999e+03 1.225651e+03) (-3.730823e-03 1.403264e+01 8.159345e-01)) ((-1.227277e+02 5.059551e-01 -5.806273e-01) (3.276045e-01 1.178848e-03 1.601435e-03))
501.52        	((-2.455006e+00 2.908782e+03 1.223938e+03) (-3.205885e-03 1.403530e+01 8.280260e-01)) ((-1.219747e+02 4.651217e-01 -5.847712e-01) (3.254496e-01 8.816337e-04 1.466928e-03))
501.53        	((-2.430441e+00 2.901477e+03 1.222165e+03) (-3.777677e-03 1.403762e+01 8.396582e-01)) ((-1.212434e+02 4.325942e-01 -6.083092e-01) (3.231455e-01 1.216473e-03 1.629678e-03))
501.54        	((-2.431293e+00 2.894147e+03 1.220424e+03) (-3.189142e-03 1.403951e+01 8.517424e-01)) ((-1.204818e+02 3.881215e-01 -6.166094e-01) (3.208329e-01 9.146479e-04 1.450541e-03))
501.55        	((-2.398350e+00 2.886740e+03 1.218628e+03) (-3.751473e-03 1.404112e+01 8.634177e-01)) ((-1.197372e+02 3.514443e-01 -6.425095e-01) (3.183762e-01 1.257642e-03 1.582445e-03))
501.56        	((-2.394516e+00 2.879317e+03 1.216851e+03) (-3.178873e-03 1.404225e+01 8.755299e-01)) ((-1.189696e+02 3.011533e-01 -6.493373e-01) (3.158714e-01 9.921741e-04 1.436512e-03))
501.57        	((-2.356821e+00 2.871841e+03 1.215030e+03) (-3.713840e-03 1.404334e+01 8.871039e-01)) ((-1.182209e+02 2.633065e-01 -6.763230e-01) (3.132515e-01 1.290476e-03 1.522710e-03))
501.58        	((-2.355930e+00 2.864357e+03 1.213212e+03) (-3.112173e-03 1.404385e+01 8.992475e-01)) ((-1.174578e+02 2.094518e-01 -6.813672e-01) (3.105782e-01 1.035637e-03 1.408053e-03))
501.59        	((-2.318011e+00 2.856831e+03 1.211348e+03) (-3.666164e-03 1.404429e+01 9.108692e-01)) ((-1.167129e+02 1.696571e-01 -7.091138e-01) (3.077713e-01 1.339846e-03 1.520542e-03))
501.6         	((-2.320456e+00 2.849299e+03 1.209483e+03) (-3.228669e-03 1.404413e+01 9.230032e-01)) ((-1.159487e+02 1.175885e-01 -7.142663e-01) (3.048799e-01 1.162279e-03 1.506567e-03))
501.61        	((-2.295862e+00 2.841734e+03 1.207599e+03) (-3.824941e-03 1.404461e+01 9.345325e-01)) ((-1.151873e+02 8.963316e-02 -7.429106e-01) (3.021218e-01 1.459323e-03 1.545857e-03))
501.62        	((-2.289759e+00 2.834154e+03 1.205677e+03) (-3.190702e-03 1.404399e+01 9.468916e-01)) ((-1.144227e+02 3.570464e-02 -7.523574e-01) (2.991832e-01 1.244897e-03 1.483620e-03))
501.63        	((-2.265039e+00 2.826550e+03 1.203730e+03) (-3.698637e-03 1.404409e+01 9.582700e-01)) ((-1.136643e+02 8.046154e-03 -7.816288e-01) (2.962728e-01 1.458623e-03 1.475130e-03))
501.64        	((-2.270845e+00 2.818942e+03 1.201749e+03) (-3.093806e-03 1.404317e+01 9.705608e-01)) ((-1.129024e+02 -3.559709e-02 -7.901983e-01) (2.932486e-01 1.223041e-03 1.284522e-03))
501.65        	((-2.216187e+00 2.811310e+03 1.199722e+03) (-3.635748e-03 1.404190e+01 9.820705e-01)) ((-1.121566e+02 -8.518456e-02 -8.158480e-01) (2.898622e-01 1.540600e-03 1.645108e-03))
501.66        	((-2.240598e+00 2.803697e+03 1.197736e+03) (-3.335145e-03 1.404104e+01 9.941392e-01)) ((-1.113757e+02 -1.148619e-01 -8.203642e-01) (2.868530e-01 1.355229e-03 1.428116e-03))
501.67        	((-2.207924e+00 2.796074e+03 1.195742e+03) (-3.724523e-03 1.404067e+01 1.005399e+00)) ((-1.105933e+02 -1.468890e-01 -8.515453e-01) (2.838148e-01 1.639521e-03 1.562668e-03))
501.68        	((-2.205015e+00 2.788435e+03 1.193688e+03) (-3.169245e-03 1.403885e+01 1.017398e+00)) ((-1.098214e+02 -1.967130e-01 -8.576660e-01) (2.803424e-01 1.404417e-03 1.533063e-03))
501.69        	((-2.206769e+00 2.780747e+03 1.191551e+03) (-3.608022e-03 1.403651e+01 1.029050e+00)) ((-1.090881e+02 -2.101748e-01 -8.721741e-01) (2.766113e-01 1.645030e-03 1.503423e-03))
501.7         	((-2.221158e+00 2.773085e+03 1.189443e+03) (-3.165187e-03 1.403396e+01 1.041077e+00)) ((-1.083244e+02 -2.490270e-01 -8.632788e-01) (2.729627e-01 1.502039e-03 1.693368e-03))
501.71        	((-2.250413e+00 2.765429e+03 1.187358e+03) (-3.748515e-03 1.403250e+01 1.052707e+00)) ((-1.075473e+02 -2.414178e-01 -8.710741e-01) (2.697102e-01 1.735148e-03 1.640212e-03))
501.72        	((-2.278921e+00 2.757787e+03 1.185272e+03) (-3.032740e-03 1.403034e+01 1.064620e+00)) ((-1.067570e+02 -2.616693e-01 -8.711468e-01) (2.662432e-01 1.442504e-03 1.482630e-03))
501.73        	((-2.281788e+00 2.750091e+03 1.183074e+03) (-3.164026e-03 1.402710e+01 1.076447e+00)) ((-1.060199e+02 -2.707055e-01 -8.879162e-01) (2.623347e-01 1.463716e-03 1.278065e-03))
501.74        	((-2.275543e+00 2.742415e+03 1.180890e+03) (-2.664304e-03 1.402441e+01 1.088489e+00)) ((-1.052612e+02 -3.199114e-01 -8.838278e-01) (2.587667e-01 1.359554e-03 1.505939e-03))
501.75        	((-2.297475e+00 2.734750e+03 1.178726e+03) (-3.277141e-03 1.402235e+01 1.099960e+00)) ((-1.044902e+02 -3.224437e-01 -8.826336e-01) (2.553793e-01 1.653333e-03 1.591076e-03))
501.76        	((-2.366625e+00 2.727091e+03 1.176538e+03) (-2.769300e-03 1.401905e+01 1.112059e+00)) ((-1.037183e+02 -3.149373e-01 -8.690515e-01) (2.517038e-01 1.421409e-03 1.375674e-03))
501.77        	((-2.397866e+00 2.719397e+03 1.174272e+03) (-2.966926e-03 1.401465e+01 1.123733e+00)) ((-1.029867e+02 -3.037886e-01 -8.739022e-01) (2.474545e-01 1.520420e-03 1.215119e-03))
501.78        	((-2.405401e+00 2.711736e+03 1.172059e+03) (-2.460618e-03 1.401164e+01 1.135704e+00)) ((-1.022209e+02 -3.339962e-01 -8.686047e-01) (2.439440e-01 1.308136e-03 1.308490e-03))
501.79        	((-2.408416e+00 2.704080e+03 1.169837e+03) (-3.033446e-03 1.400831e+01 1.147297e+00)) ((-1.014574e+02 -3.474343e-01 -8.654916e-01) (2.402194e-01 1.580327e-03 1.587614e-03))
501.8         	((-2.469644e+00 2.696425e+03 1.167582e+03) (-2.677767e-03 1.400407e+01 1.159469e+00)) ((-1.007009e+02 -3.424701e-01 -8.485179e-01) (2.363272e-01 1.425357e-03 1.434499e-03))
501.81        	((-2.523091e+00 2.688758e+03 1.165300e+03) (-3.097338e-03 1.400031e+01 1.171015e+00)) ((-9.996062e+01 -3.206600e-01 -8.433601e-01) (2.325127e-01 1.632385e-03 1.524706e-03))
501.82        	((-2.579604e+00 2.681101e+03 1.163006e+03) (-2.485366e-03 1.399548e+01 1.183076e+00)) ((-9.921793e+01 -3.129466e-01 -8.365105e-01) (2.284669e-01 1.341842e-03 1.138712e-03))
501.83        	((-2.564941e+00 2.673442e+03 1.160692e+03) (-2.813172e-03 1.399062e+01 1.194719e+00)) ((-9.848709e+01 -3.378656e-01 -8.381280e-01) (2.243547e-01 1.570980e-03 1.597877e-03))
501.84        	((-2.625367e+00 2.665820e+03 1.158419e+03) (-2.431739e-03 1.398663e+01 1.206573e+00)) ((-9.772794e+01 -3.298399e-01 -8.253205e-01) (2.207350e-01 1.254449e-03 1.098006e-03))
501.85        	((-2.665372e+00 2.658197e+03 1.156120e+03) (-2.661272e-03 1.398226e+01 1.218082e+00)) ((-9.698276e+01 -3.190913e-01 -8.199660e-01) (2.168971e-01 1.451283e-03 1.169764e-03))
501.86        	((-2.718656e+00 2.650579e+03 1.153810e+03) (-2.223695e-03 1.397709e+01 1.229912e+00)) ((-9.624082e+01 -3.135988e-01 -8.081516e-01) (2.128578e-01 1.215535e-03 9.191562e-04))
501.87        	((-2.739101e+00 2.642947e+03 1.151468e+03) (-2.568779e-03 1.397208e+01 1.241339e+00)) ((-9.552154e+01 -3.164337e-01 -8.020612e-01) (2.088032e-01 1.391498e-03 1.130064e-03))
501.88        	((-2.790412e+00 2.635337e+03 1.149140e+03) (-2.191327e-03 1.396656e+01 1.253086e+00)) ((-9.479184e+01 -3.110997e-01 -7.898101e-01) (2.046516e-01 1.161470e-03 8.347649e-04))
501.89        	((-2.813250e+00 2.627734e+03 1.146803e+03) (-2.576807e-03 1.396134e+01 1.264478e+00)) ((-9.406882e+01 -3.146192e-01 -7.819214e-01) (2.005492e-01 1.390716e-03 1.133845e-03))
501.9         	((-2.877326e+00 2.620157e+03 1.144480e+03) (-2.199055e-03 1.395574e+01 1.276281e+00)) ((-9.333520e+01 -3.022593e-01 -7.690118e-01) (1.964431e-01 1.128823e-03 7.687253e-04))
501.91        	((-2.907432e+00 2.612573e+03 1.142120e+03) (-2.470261e-03 1.395012e+01 1.287687e+00)) ((-9.262376e+01 -3.068330e-01 -7.597258e-01) (1.922169e-01 1.340613e-03 1.082929e-03))
501.92        	((-2.980282e+00 2.605013e+03 1.139766e+03) (-2.078830e-03 1.394454e+01 1.299579e+00)) ((-9.190606e+01 -2.940381e-01 -7.452843e-01) (1.881647e-01 1.111027e-03 6.278210e-04))
501.93        	((-3.017135e+00 2.597449e+03 1.137373e+03) (-2.465151e-03 1.393842e+01 1.311143e+00)) ((-9.121057e+01 -3.053311e-01 -7.307746e-01) (1.837749e-01 1.442888e-03 1.120821e-03))
501.94        	((-3.108335e+00 2.589915e+03 1.134977e+03) (-2.112146e-03 1.393255e+01 1.323088e+00)) ((-9.050687e+01 -3.047399e-01 -7.071812e-01) (1.796249e-01 1.294130e-03 8.449400e-04))
501.95        	((-3.198553e+00 2.582388e+03 1.132516e+03) (-2.239771e-03 1.392541e+01 1.334715e+00)) ((-8.982604e+01 -3.328564e-01 -6.829036e-01) (1.749442e-01 1.594009e-03 1.761609e-03))
501.96        	((-3.286136e+00 2.574940e+03 1.130156e+03) (-1.814818e-03 1.392145e+01 1.345851e+00)) ((-8.910343e+01 -3.143577e-01 -6.868165e-01) (1.711061e-01 1.075634e-03 5.270996e-04))
501.97        	((-3.384614e+00 2.567453e+03 1.127666e+03) (-1.748537e-03 1.391375e+01 1.358466e+00)) ((-8.843286e+01 -3.437680e-01 -6.646450e-01) (1.664485e-01 1.729673e-03 1.559458e-03))
501.98        	((-3.467471e+00 2.560024e+03 1.125275e+03) (-1.481454e-03 1.390997e+01 1.369183e+00)) ((-8.772819e+01 -3.311753e-01 -6.626521e-01) (1.625565e-01 1.066957e-03 2.978043e-04))
501.99        	((-3.595829e+00 2.552532e+03 1.122716e+03) (-1.373774e-03 1.389921e+01 1.382804e+00)) ((-8.708885e+01 -3.806345e-01 -6.140068e-01) (1.572547e-01 2.189646e-03 2.785062e-03))
502           	((-3.765148e+00 2.545108e+03 1.120192e+03) (-1.409451e-03 1.389736e+01 1.392742e+00)) ((-8.642213e+01 -4.102659e-01 -5.749374e-01) (1.536527e-01 1.298514e-03 6.878786e-04))
502.01        	((-3.813170e+00 2.537738e+03 1.117807e+03) (-1.726207e-03 1.389234e+01 1.403577e+00)) ((-8.573286e+01 -4.076635e-01 -5.865158e-01) (1.492688e-01 1.250093e-03 5.632891e-04))
502.02        	((-3.967484e+00 2.530346e+03 1.115301e+03) (-7.242082e-04 1.388238e+01 1.416919e+00)) ((-8.507543e+01 -4.321727e-01 -5.513010e-01) (1.441128e-01 1.717476e-03 2.145626e-03))
502.03        	((-4.097441e+00 2.522983e+03 1.112772e+03) (-1.294567e-03 1.388014e+01 1.426869e+00)) ((-8.442732e+01 -4.699009e-01 -5.285761e-01) (1.402959e-01 1.295880e-03 7.797742e-04))
502.04        	((-4.180346e+00 2.515663e+03 1.110384e+03) (-1.107894e-03 1.387528e+01 1.438127e+00)) ((-8.374637e+01 -4.526008e-01 -5.302292e-01) (1.360614e-01 9.840607e-04 5.057898e-05))
502.05        	((-4.245297e+00 2.508307e+03 1.107948e+03) (-1.442374e-03 1.386890e+01 1.449715e+00)) ((-8.310061e+01 -4.680421e-01 -5.100568e-01) (1.314560e-01 1.284839e-03 5.778000e-04))
502.06        	((-4.276610e+00 2.501002e+03 1.105626e+03) (-1.351571e-03 1.386344e+01 1.460851e+00)) ((-8.242353e+01 -4.425977e-01 -5.095548e-01) (1.270062e-01 9.611864e-04 2.879193e-05))
502.07        	((-4.350131e+00 2.493652e+03 1.103159e+03) (-1.385865e-03 1.385606e+01 1.472521e+00)) ((-8.180186e+01 -4.786042e-01 -4.674791e-01) (1.221549e-01 1.220688e-03 8.778698e-04))
502.08        	((-4.409501e+00 2.486385e+03 1.100789e+03) (-1.116383e-03 1.385118e+01 1.483612e+00)) ((-8.114287e+01 -4.690561e-01 -4.581229e-01) (1.178964e-01 7.968383e-04 -1.772360e-05))
502.09        	((-4.479261e+00 2.479118e+03 1.098354e+03) (-1.311406e-03 1.384468e+01 1.495398e+00)) ((-8.051209e+01 -4.892204e-01 -4.367618e-01) (1.133431e-01 1.121001e-03 3.756446e-04))
502.1         	((-4.555443e+00 2.471906e+03 1.095958e+03) (-1.106882e-03 1.383813e+01 1.507021e+00)) ((-7.986333e+01 -4.912078e-01 -4.309559e-01) (1.087264e-01 1.028760e-03 2.523033e-04))
502.11        	((-4.632910e+00 2.464718e+03 1.093524e+03) (-1.236740e-03 1.383103e+01 1.518673e+00)) ((-7.922979e+01 -5.176894e-01 -4.288993e-01) (1.039731e-01 1.335444e-03 8.150937e-04))
502.12        	((-4.667774e+00 2.457581e+03 1.091188e+03) (-1.047440e-03 1.382539e+01 1.529560e+00)) ((-7.857240e+01 -5.085387e-01 -4.531777e-01) (9.945685e-02 9.106580e-04 2.002957e-04))
502.13        	((-4.722367e+00 2.450412e+03 1.088771e+03) (-1.110311e-03 1.381879e+01 1.541064e+00)) ((-7.795539e+01 -5.308417e-01 -4.450335e-01) (9.485647e-02 1.073782e-03 4.604110e-04))
502.14        	((-4.774723e+00 2.443265e+03 1.086373e+03) (-1.039082e-03 1.381233e+01 1.552654e+00)) ((-7.733468e+01 -5.434822e-01 -4.316650e-01) (9.028345e-02 9.654183e-04 2.914160e-04))
502.15        	((-4.810240e+00 2.436125e+03 1.083981e+03) (-1.465022e-03 1.380597e+01 1.564003e+00)) ((-7.672549e+01 -5.617395e-01 -4.142631e-01) (8.564936e-02 1.157838e-03 4.766807e-04))
502.16        	((-4.842927e+00 2.429013e+03 1.081606e+03) (-1.436830e-03 1.379925e+01 1.575501e+00)) ((-7.611137e+01 -5.772816e-01 -3.995359e-01) (8.088215e-02 1.041337e-03 4.439329e-04))
502.17        	((-4.859446e+00 2.421927e+03 1.079239e+03) (-1.571218e-03 1.379302e+01 1.586621e+00)) ((-7.550447e+01 -5.934958e-01 -3.944859e-01) (7.614232e-02 1.040327e-03 4.797591e-04))
502.18        	((-4.876631e+00 2.414879e+03 1.076879e+03) (-1.316292e-03 1.378672e+01 1.598229e+00)) ((-7.489302e+01 -6.066226e-01 -3.947626e-01) (7.148473e-02 8.610147e-04 2.695586e-04))
502.19        	((-4.887579e+00 2.407853e+03 1.074521e+03) (-1.573039e-03 1.378054e+01 1.609752e+00)) ((-7.428931e+01 -6.185447e-01 -3.953313e-01) (6.685506e-02 1.038240e-03 3.114869e-04))
502.2         	((-4.889015e+00 2.400853e+03 1.072181e+03) (-1.574839e-03 1.377404e+01 1.621424e+00)) ((-7.368187e+01 -6.326106e-01 -3.939378e-01) (6.215982e-02 1.005346e-03 2.483488e-04))
502.21        	((-4.879014e+00 2.393866e+03 1.069851e+03) (-1.858402e-03 1.376770e+01 1.632732e+00)) ((-7.308356e+01 -6.473382e-01 -3.914210e-01) (5.740255e-02 1.149529e-03 3.623934e-04))
502.22        	((-4.863926e+00 2.386908e+03 1.067527e+03) (-1.629699e-03 1.376127e+01 1.644086e+00)) ((-7.248449e+01 -6.651867e-01 -3.905212e-01) (5.262267e-02 9.457123e-04 2.310606e-04))
502.23        	((-4.853050e+00 2.379974e+03 1.065196e+03) (-1.645796e-03 1.375512e+01 1.655319e+00)) ((-7.189559e+01 -6.808068e-01 -3.903477e-01) (4.794535e-02 9.784779e-04 2.101951e-04))
502.24        	((-4.847892e+00 2.373073e+03 1.062862e+03) (-1.497308e-03 1.374869e+01 1.666906e+00)) ((-7.130587e+01 -6.963628e-01 -3.907795e-01) (4.331285e-02 9.004686e-04 9.012700e-05))
502.25        	((-4.837072e+00 2.366192e+03 1.060530e+03) (-1.797433e-03 1.374231e+01 1.678229e+00)) ((-7.072432e+01 -7.108318e-01 -3.919820e-01) (3.866752e-02 1.101263e-03 2.022318e-04))
502.26        	((-4.817627e+00 2.359341e+03 1.058203e+03) (-1.764336e-03 1.373561e+01 1.689572e+00)) ((-7.014141e+01 -7.295526e-01 -3.953567e-01) (3.398472e-02 1.038262e-03 1.775341e-04))
502.27        	((-4.789430e+00 2.352513e+03 1.055879e+03) (-1.956981e-03 1.372908e+01 1.700567e+00)) ((-6.956554e+01 -7.487340e-01 -4.012490e-01) (2.931103e-02 1.125114e-03 2.716499e-04))
502.28        	((-4.764550e+00 2.345719e+03 1.053550e+03) (-1.680885e-03 1.372243e+01 1.711753e+00)) ((-6.898981e+01 -7.707214e-01 -4.085642e-01) (2.467832e-02 9.362397e-04 1.374963e-04))
502.29        	((-4.756115e+00 2.340048e+03 1.051962e+03) (-1.781152e-03 1.371767e+01 1.722926e+00)) ((-6.827582e+01 -7.901759e-01 -4.152710e-01) (2.022718e-02 1.032910e-03 1.623993e-04))
502.3         	((-4.739327e+00 2.333427e+03 1.049613e+03) (-1.662170e-03 1.371081e+01 1.734264e+00)) ((-6.775694e+01 -8.109113e-01 -4.210376e-01) (1.559572e-02 9.666425e-04 8.687239e-05))
502.31        	((-4.712827e+00 2.326064e+03 1.046786e+03) (-1.898143e-03 1.370395e+01 1.745203e+00)) ((-6.735626e+01 -8.306026e-01 -4.257952e-01) (1.089173e-02 1.107382e-03 2.022688e-04))
502.32        	((-4.697185e+00 2.319801e+03 1.044762e+03) (-1.818309e-03 1.369891e+01 1.756341e+00)) ((-6.674792e+01 -8.529234e-01 -4.313487e-01) (6.381741e-03 1.006746e-03 1.799182e-04))
502.33        	((-4.673408e+00 2.313035e+03 1.042323e+03) (-1.871991e-03 1.369235e+01 1.767467e+00)) ((-6.620767e+01 -8.759615e-01 -4.394759e-01) (1.781557e-03 1.042230e-03 2.266195e-04))
502.34        	((-4.654550e+00 2.305958e+03 1.039664e+03) (-1.637302e-03 1.368561e+01 1.778796e+00)) ((-6.570824e+01 -9.018223e-01 -4.492981e-01) (-2.788017e-03 9.167871e-04 1.147167e-04))
502.35        	((-4.653173e+00 2.300059e+03 1.037819e+03) (-1.760840e-03 1.368059e+01 1.790026e+00)) ((-6.504711e+01 -9.285727e-01 -4.569615e-01) (-7.296636e-03 1.038942e-03 2.069250e-04))
502.36        	((-4.641865e+00 2.293535e+03 1.035435e+03) (-1.658208e-03 1.367375e+01 1.801424e+00)) ((-6.452475e+01 -9.585893e-01 -4.648648e-01) (-1.193201e-02 9.733636e-04 1.951948e-04))
502.37        	((-4.629854e+00 2.286514e+03 1.032688e+03) (-1.803882e-03 1.366676e+01 1.812633e+00)) ((-6.409927e+01 -9.906800e-01 -4.734558e-01) (-1.664265e-02 1.087627e-03 3.498431e-04))
502.38        	((-4.641718e+00 2.280577e+03 1.030698e+03) (-1.604225e-03 1.366124e+01 1.823947e+00)) ((-6.349518e+01 -1.027060e+00 -4.842314e-01) (-2.123793e-02 9.892689e-04 3.527530e-04))
502.39        	((-4.661090e+00 2.274036e+03 1.028201e+03) (-1.620700e-03 1.365376e+01 1.835154e+00)) ((-6.298914e+01 -1.066399e+00 -4.960132e-01) (-2.599851e-02 1.101046e-03 5.623774e-04))
502.4         	((-4.692459e+00 2.267098e+03 1.025394e+03) (-1.347627e-03 1.364588e+01 1.846513e+00)) ((-6.253380e+01 -1.113258e+00 -5.118904e-01) (-3.072401e-02 1.045063e-03 7.282390e-04))
502.41        	((-4.731194e+00 2.261297e+03 1.023376e+03) (-1.342374e-03 1.363987e+01 1.857776e+00)) ((-6.190035e+01 -1.156462e+00 -5.364663e-01) (-3.532214e-02 1.127643e-03 9.448748e-04))
502.42        	((-4.748049e+00 2.254910e+03 1.020885e+03) (-1.139938e-03 1.363210e+01 1.869026e+00)) ((-6.138208e+01 -1.197536e+00 -5.652173e-01) (-3.996512e-02 1.012305e-03 9.364159e-04))
502.43        	((-4.769572e+00 2.249136e+03 1.018815e+03) (-1.174020e-03 1.362590e+01 1.880146e+00)) ((-6.080651e+01 -1.241189e+00 -5.837099e-01) (-4.453250e-02 1.069010e-03 1.069945e-03))
502.44        	((-4.774449e+00 2.242439e+03 1.016065e+03) (-1.005209e-03 1.361796e+01 1.891299e+00)) ((-6.039996e+01 -1.289856e+00 -5.928773e-01) (-4.911537e-02 9.380507e-04 1.023418e-03))
502.45        	((-4.782618e+00 2.236383e+03 1.013800e+03) (-1.124999e-03 1.361174e+01 1.902384e+00)) ((-5.988580e+01 -1.335741e+00 -5.964514e-01) (-5.358748e-02 9.710080e-04 1.061878e-03))
502.46        	((-4.781908e+00 2.230692e+03 1.011763e+03) (-1.077019e-03 1.360545e+01 1.913576e+00)) ((-5.931334e+01 -1.378579e+00 -5.998254e-01) (-5.797476e-02 8.456944e-04 9.498942e-04))
502.47        	((-4.750148e+00 2.223826e+03 1.008896e+03) (-1.234282e-03 1.359731e+01 1.924487e+00)) ((-5.893605e+01 -1.417990e+00 -6.032735e-01) (-6.255188e-02 8.752652e-04 9.670719e-04))
502.48        	((-4.712566e+00 2.217579e+03 1.006520e+03) (-1.201830e-03 1.359105e+01 1.935307e+00)) ((-5.844263e+01 -1.450162e+00 -6.106434e-01) (-6.693526e-02 7.353093e-04 8.293910e-04))
502.49        	((-4.663371e+00 2.211842e+03 1.004480e+03) (-1.377723e-03 1.358473e+01 1.946077e+00)) ((-5.787421e+01 -1.473525e+00 -6.204450e-01) (-7.142426e-02 7.374427e-04 7.885816e-04))
502.5         	((-4.581550e+00 2.205112e+03 1.001721e+03) (-1.339715e-03 1.357661e+01 1.956899e+00)) ((-5.747330e+01 -1.491130e+00 -6.347662e-01) (-7.597034e-02 5.874733e-04 5.734586e-04))
502.51        	((-4.486387e+00 2.199039e+03 9.994671e+02) (-1.467018e-03 1.357019e+01 1.967592e+00)) ((-5.696588e+01 -1.504635e+00 -6.494829e-01) (-8.048376e-02 5.871593e-04 4.696090e-04))
502.52        	((-4.376440e+00 2.193432e+03 9.975062e+02) (-1.425780e-03 1.356399e+01 1.978381e+00)) ((-5.639275e+01 -1.509635e+00 -6.649888e-01) (-8.486136e-02 4.407660e-04 2.076599e-04))
502.53        	((-4.230869e+00 2.186755e+03 9.947670e+02) (-1.546231e-03 1.355576e+01 1.989052e+00)) ((-5.600779e+01 -1.506306e+00 -6.812398e-01) (-8.946369e-02 4.158359e-04 4.734078e-05))
502.54        	((-4.078809e+00 2.180692e+03 9.924926e+02) (-1.508494e-03 1.354919e+01 1.999763e+00)) ((-5.551584e+01 -1.494782e+00 -6.993515e-01) (-9.386921e-02 2.645606e-04 -2.075284e-04))
502.55        	((-3.913565e+00 2.175093e+03 9.904987e+02) (-1.648387e-03 1.354226e+01 2.010440e+00)) ((-5.495870e+01 -1.474927e+00 -7.186493e-01) (-9.840563e-02 2.260171e-04 -3.589103e-04))
502.56        	((-3.728722e+00 2.169527e+03 9.884463e+02) (-1.637729e-03 1.353514e+01 2.021202e+00)) ((-5.442551e+01 -1.449134e+00 -7.407534e-01) (-1.028457e-01 5.527245e-05 -6.145246e-04))
502.57        	((-3.515685e+00 2.162657e+03 9.854538e+02) (-1.807902e-03 1.352608e+01 2.031700e+00)) ((-5.412161e+01 -1.420178e+00 -7.619509e-01) (-1.074599e-01 3.905498e-05 -6.865981e-04))
502.58        	((-3.320347e+00 2.156459e+03 9.829962e+02) (-1.715556e-03 1.351918e+01 2.042159e+00)) ((-5.367683e+01 -1.399043e+00 -7.777154e-01) (-1.117593e-01 -5.009503e-05 -7.263136e-04))
502.59        	((-3.140453e+00 2.150909e+03 9.809740e+02) (-1.785064e-03 1.351231e+01 2.052660e+00)) ((-5.311791e+01 -1.382316e+00 -7.960127e-01) (-1.160583e-01 -1.850372e-05 -7.132091e-04))
502.6         	((-2.968405e+00 2.145519e+03 9.789912e+02) (-1.694743e-03 1.350535e+01 2.063316e+00)) ((-5.256690e+01 -1.369116e+00 -8.207888e-01) (-1.202736e-01 -9.642839e-05 -8.237252e-04))
502.61        	((-2.806320e+00 2.139865e+03 9.767615e+02) (-1.766731e-03 1.349826e+01 2.073868e+00)) ((-5.212088e+01 -1.355477e+00 -8.473809e-01) (-1.245438e-01 -4.946521e-05 -8.645788e-04))
502.62        	((-2.637718e+00 2.132871e+03 9.736129e+02) (-1.638545e-03 1.348934e+01 2.084362e+00)) ((-5.189947e+01 -1.343611e+00 -8.741873e-01) (-1.288869e-01 -1.184910e-04 -1.015430e-03))
502.63        	((-2.496460e+00 2.126644e+03 9.710907e+02) (-1.697974e-03 1.348218e+01 2.094764e+00)) ((-5.150456e+01 -1.331852e+00 -8.952183e-01) (-1.331813e-01 -7.476348e-05 -1.050949e-03))
502.64        	((-2.368951e+00 2.121220e+03 9.691077e+02) (-1.578250e-03 1.347513e+01 2.105372e+00)) ((-5.094423e+01 -1.325133e+00 -9.114554e-01) (-1.374000e-01 -1.591530e-04 -1.146796e-03))
502.65        	((-2.248904e+00 2.116011e+03 9.671816e+02) (-1.658111e-03 1.346799e+01 2.115964e+00)) ((-5.039113e+01 -1.320768e+00 -9.250018e-01) (-1.416459e-01 -1.298490e-04 -1.128599e-03))
502.66        	((-2.131077e+00 2.110523e+03 9.649770e+02) (-1.543986e-03 1.345847e+01 2.125865e+00)) ((-4.995316e+01 -1.320290e+00 -9.391848e-01) (-1.453464e-01 -2.137955e-04 -1.198044e-03))
502.67        	((-2.017174e+00 2.104658e+03 9.624904e+02) (-1.645770e-03 1.344876e+01 2.135483e+00)) ((-4.962101e+01 -1.321531e+00 -9.534313e-01) (-1.491457e-01 -1.557496e-04 -1.165472e-03))
502.68        	((-1.907150e+00 2.098649e+03 9.599349e+02) (-1.567047e-03 1.343882e+01 2.145102e+00)) ((-4.929251e+01 -1.326493e+00 -9.674409e-01) (-1.529638e-01 -1.981765e-04 -1.214039e-03))
502.69        	((-1.804014e+00 2.092733e+03 9.574770e+02) (-1.624463e-03 1.342885e+01 2.154571e+00)) ((-4.890905e+01 -1.333481e+00 -9.792163e-01) (-1.567821e-01 -1.420515e-04 -1.176095e-03))
502.7         	((-1.709903e+00 2.087003e+03 9.551448e+02) (-1.502193e-03 1.341870e+01 2.164110e+00)) ((-4.846650e+01 -1.342685e+00 -9.887709e-01) (-1.606291e-01 -2.010026e-04 -1.215856e-03))
502.71        	((-1.624051e+00 2.081391e+03 9.528534e+02) (-1.547535e-03 1.340861e+01 2.173576e+00)) ((-4.801853e+01 -1.352881e+00 -9.958450e-01) (-1.644489e-01 -1.800743e-04 -1.172979e-03))
502.72        	((-1.545494e+00 2.075814e+03 9.505362e+02) (-1.457850e-03 1.339824e+01 2.183059e+00)) ((-4.759470e+01 -1.363948e+00 -1.001326e+00) (-1.683716e-01 -2.384127e-04 -1.199361e-03))
502.73        	((-1.469449e+00 2.070219e+03 9.481717e+02) (-1.517503e-03 1.338781e+01 2.192430e+00)) ((-4.720540e+01 -1.376505e+00 -1.005941e+00) (-1.722965e-01 -2.175674e-04 -1.144659e-03))
502.74        	((-1.394748e+00 2.064615e+03 9.457928e+02) (-1.492402e-03 1.337709e+01 2.201782e+00)) ((-4.682291e+01 -1.390983e+00 -1.010134e+00) (-1.763246e-01 -2.448171e-04 -1.123962e-03))
502.75        	((-1.322993e+00 2.059011e+03 9.434149e+02) (-1.497106e-03 1.336661e+01 2.211048e+00)) ((-4.643408e+01 -1.405232e+00 -1.013657e+00) (-1.802119e-01 -2.301208e-04 -1.095572e-03))
502.76        	((-1.253922e+00 2.053426e+03 9.410382e+02) (-1.376994e-03 1.335578e+01 2.220418e+00)) ((-4.602915e+01 -1.419154e+00 -1.017261e+00) (-1.842170e-01 -2.781982e-04 -1.162891e-03))
502.77        	((-1.177143e+00 2.047867e+03 9.386619e+02) (-1.366351e-03 1.334531e+01 2.229769e+00)) ((-4.561799e+01 -1.438658e+00 -1.022130e+00) (-1.880449e-01 -2.894266e-04 -1.127257e-03))
502.78        	((-1.108308e+00 2.042348e+03 9.362886e+02) (-1.333253e-03 1.333452e+01 2.239100e+00)) ((-4.520665e+01 -1.455929e+00 -1.024834e+00) (-1.920735e-01 -3.158188e-04 -1.128951e-03))
502.79        	((-1.047337e+00 2.036870e+03 9.339159e+02) (-1.375684e-03 1.332389e+01 2.248487e+00)) ((-4.480497e+01 -1.470782e+00 -1.025481e+00) (-1.959738e-01 -3.270997e-04 -1.077479e-03))
502.8         	((-1.001507e+00 2.031424e+03 9.315467e+02) (-1.308828e-03 1.331311e+01 2.257846e+00)) ((-4.441033e+01 -1.479721e+00 -1.022970e+00) (-2.000480e-01 -3.569613e-04 -1.094726e-03))
502.81        	((-9.604060e-01 2.025992e+03 9.291735e+02) (-1.256398e-03 1.330256e+01 2.267211e+00)) ((-4.402052e+01 -1.488242e+00 -1.020091e+00) (-2.039894e-01 -3.806605e-04 -1.095888e-03))
502.82        	((-9.208563e-01 2.020569e+03 9.267947e+02) (-1.204779e-03 1.329172e+01 2.276598e+00)) ((-4.362781e+01 -1.497128e+00 -1.017986e+00) (-2.081160e-01 -3.832000e-04 -1.104814e-03))
502.83        	((-8.749553e-01 2.015157e+03 9.244053e+02) (-1.147531e-03 1.328115e+01 2.286026e+00)) ((-4.323186e+01 -1.510770e+00 -1.017911e+00) (-2.120778e-01 -4.075149e-04 -1.090217e-03))
502.84        	((-8.313005e-01 2.009768e+03 9.220114e+02) (-1.062415e-03 1.327040e+01 2.295426e+00)) ((-4.283201e+01 -1.525367e+00 -1.017220e+00) (-2.162170e-01 -4.204826e-04 -1.090651e-03))
502.85        	((-7.942929e-01 2.004410e+03 9.196089e+02) (-9.725878e-04 1.325981e+01 2.304904e+00)) ((-4.243444e+01 -1.541743e+00 -1.015660e+00) (-2.202273e-01 -4.488842e-04 -1.070764e-03))
502.86        	((-7.761166e-01 1.999083e+03 9.171909e+02) (-7.788703e-04 1.324893e+01 2.314293e+00)) ((-4.204322e+01 -1.556326e+00 -1.011785e+00) (-2.244588e-01 -4.809338e-04 -1.095396e-03))
502.87        	((-7.699690e-01 1.993784e+03 9.147399e+02) (-6.683752e-04 1.323814e+01 2.323883e+00)) ((-4.165923e+01 -1.577295e+00 -1.008299e+00) (-2.285564e-01 -5.003676e-04 -1.009280e-03))
502.88        	((-7.925193e-01 1.988515e+03 9.122343e+02) (-3.266462e-04 1.322693e+01 2.333353e+00)) ((-4.128239e+01 -1.606725e+00 -1.005171e+00) (-2.329307e-01 -5.543558e-04 -8.740320e-04))
502.89        	((-8.266840e-01 1.983268e+03 9.096999e+02) (-9.689132e-05 1.321581e+01 2.342998e+00)) ((-4.090614e+01 -1.634209e+00 -1.003070e+00) (-2.371462e-01 -6.484720e-04 -6.798320e-04))
502.9         	((-8.639067e-01 1.978041e+03 9.071621e+02) (2.108328e-04 1.320486e+01 2.352571e+00)) ((-4.052915e+01 -1.650383e+00 -1.000572e+00) (-2.414404e-01 -6.940054e-04 -7.116749e-04))
502.91        	((-8.954412e-01 1.972840e+03 9.045979e+02) (2.787907e-04 1.319401e+01 2.362604e+00)) ((-4.015599e+01 -1.668412e+00 -9.959726e-01) (-2.455052e-01 -6.485296e-04 -6.877019e-04))
502.92        	((-9.290257e-01 1.967661e+03 9.019951e+02) (4.912750e-04 1.318292e+01 2.372414e+00)) ((-3.979346e+01 -1.690838e+00 -9.856761e-01) (-2.497397e-01 -6.442185e-04 -7.292500e-04))
502.93        	((-9.618377e-01 1.962510e+03 8.993435e+02) (4.947086e-04 1.317178e+01 2.382531e+00)) ((-3.944188e+01 -1.714338e+00 -9.716804e-01) (-2.538329e-01 -6.275718e-04 -7.011813e-04))
502.94        	((-1.003536e+00 1.957392e+03 8.966180e+02) (6.367479e-04 1.315994e+01 2.392636e+00)) ((-3.910574e+01 -1.730756e+00 -9.550233e-01) (-2.582297e-01 -6.649350e-04 -7.575968e-04))
502.95        	((-1.025642e+00 1.952350e+03 8.939126e+02) (5.651833e-04 1.314897e+01 2.402786e+00)) ((-3.873885e+01 -1.750544e+00 -9.419323e-01) (-2.622003e-01 -6.427334e-04 -6.503778e-04))
502.96        	((-1.043323e+00 1.947365e+03 8.912064e+02) (6.023141e-04 1.313788e+01 2.412660e+00)) ((-3.835540e+01 -1.769110e+00 -9.312756e-01) (-2.662900e-01 -6.272325e-04 -5.728305e-04))
502.97        	((-1.054055e+00 1.942406e+03 8.884916e+02) (4.624454e-04 1.312652e+01 2.422538e+00)) ((-3.797659e+01 -1.765971e+00 -9.211703e-01) (-2.704265e-01 -5.948275e-04 -5.180183e-04))
502.98        	((-1.097944e+00 1.937470e+03 8.857064e+02) (6.109650e-04 1.311536e+01 2.432057e+00)) ((-3.761463e+01 -1.758062e+00 -9.030952e-01) (-2.745211e-01 -6.236898e-04 -5.521658e-04))
502.99        	((-1.126440e+00 1.932555e+03 8.829395e+02) (6.034743e-04 1.310403e+01 2.441764e+00)) ((-3.725295e+01 -1.732537e+00 -8.895774e-01) (-2.785562e-01 -6.661557e-04 -7.725314e-04))
503           	((-1.147217e+00 1.927675e+03 8.801077e+02) (6.240221e-04 1.309305e+01 2.451271e+00)) ((-3.689470e+01 -1.745296e+00 -8.775300e-01) (-2.824769e-01 -5.236262e-04 -5.752528e-04))
503.01        	((-1.116162e+00 1.922813e+03 8.773393e+02) (5.144150e-04 1.308266e+01 2.460617e+00)) ((-3.652521e+01 -1.744698e+00 -8.774669e-01) (-2.862107e-01 -5.346106e-04 -6.122451e-04))
503.02        	((-1.135762e+00 1.917975e+03 8.744590e+02) (6.809557e-04 1.307137e+01 2.470396e+00)) ((-3.617682e+01 -1.759440e+00 -8.673572e-01) (-2.901052e-01 -4.641820e-04 -4.367767e-04))
503.03        	((-1.129578e+00 1.913156e+03 8.716475e+02) (5.439077e-04 1.306077e+01 2.479756e+00)) ((-3.581900e+01 -1.733370e+00 -8.634815e-01) (-2.938220e-01 -5.056088e-04 -5.256386e-04))
503.04        	((-1.159385e+00 1.908372e+03 8.686786e+02) (4.690503e-04 1.304846e+01 2.489923e+00)) ((-3.548858e+01 -1.743790e+00 -8.508461e-01) (-2.978365e-01 -2.431036e-04 -1.044301e-04))
503.05        	((-1.153426e+00 1.903628e+03 8.658443e+02) (4.910794e-04 1.303792e+01 2.499075e+00)) ((-3.512259e+01 -1.696730e+00 -8.484651e-01) (-3.014123e-01 -5.029682e-04 -5.547024e-04))
503.06        	((-1.173649e+00 1.898934e+03 8.629210e+02) (7.283395e-04 1.302628e+01 2.508770e+00)) ((-3.475953e+01 -1.701448e+00 -8.348492e-01) (-3.051438e-01 -4.334454e-04 -3.520898e-04))
503.07        	((-1.132873e+00 1.894246e+03 8.601491e+02) (5.276974e-04 1.301593e+01 2.517475e+00)) ((-3.437533e+01 -1.681751e+00 -8.368733e-01) (-3.086882e-01 -5.075104e-04 -4.535401e-04))
503.08        	((-1.156693e+00 1.889556e+03 8.572356e+02) (6.463855e-04 1.300425e+01 2.526960e+00)) ((-3.403018e+01 -1.692693e+00 -8.202523e-01) (-3.124691e-01 -4.012857e-04 -2.300281e-04))
503.09        	((-1.158043e+00 1.884850e+03 8.544629e+02) (4.440650e-04 1.299375e+01 2.535789e+00)) ((-3.367279e+01 -1.637396e+00 -8.085725e-01) (-3.159609e-01 -4.475152e-04 -4.372739e-04))
503.1         	((-1.235547e+00 1.880158e+03 8.515691e+02) (6.935584e-04 1.298204e+01 2.545270e+00)) ((-3.333575e+01 -1.606990e+00 -7.815836e-01) (-3.195707e-01 -3.103702e-04 -2.789279e-04))
503.11        	((-1.233430e+00 1.875472e+03 8.488566e+02) (6.305648e-04 1.297148e+01 2.553986e+00)) ((-3.296820e+01 -1.534770e+00 -7.734840e-01) (-3.229230e-01 -4.407585e-04 -5.907377e-04))
503.12        	((-1.260151e+00 1.870802e+03 8.460383e+02) (1.025683e-03 1.295976e+01 2.563652e+00)) ((-3.261741e+01 -1.524625e+00 -7.559047e-01) (-3.262736e-01 -4.134347e-04 -4.622419e-04))
503.13        	((-1.210667e+00 1.866129e+03 8.434061e+02) (9.729088e-04 1.294926e+01 2.572368e+00)) ((-3.224687e+01 -1.474287e+00 -7.508562e-01) (-3.294144e-01 -6.112270e-04 -7.729624e-04))
503.14        	((-1.242905e+00 1.861456e+03 8.406340e+02) (1.320565e-03 1.293734e+01 2.581784e+00)) ((-3.191285e+01 -1.467524e+00 -7.252667e-01) (-3.327305e-01 -5.527508e-04 -6.032886e-04))
503.15        	((-1.244108e+00 1.856767e+03 8.380293e+02) (1.181416e-03 1.292664e+01 2.590373e+00)) ((-3.156642e+01 -1.402640e+00 -7.102098e-01) (-3.358229e-01 -6.684562e-04 -8.964332e-04))
503.16        	((-1.326822e+00 1.852083e+03 8.352856e+02) (1.325827e-03 1.291445e+01 2.599820e+00)) ((-3.125027e+01 -1.380349e+00 -6.808069e-01) (-3.391431e-01 -4.985711e-04 -6.186354e-04))
503.17        	((-1.335828e+00 1.847400e+03 8.327304e+02) (1.000269e-03 1.290340e+01 2.608335e+00)) ((-3.090823e+01 -1.309439e+00 -6.730956e-01) (-3.423462e-01 -5.973386e-04 -8.260883e-04))
503.18        	((-1.395162e+00 1.842737e+03 8.300377e+02) (1.177614e-03 1.289080e+01 2.617636e+00)) ((-3.058888e+01 -1.298675e+00 -6.568906e-01) (-3.457871e-01 -5.194465e-04 -5.625918e-04))
503.19        	((-1.377363e+00 1.838082e+03 8.275220e+02) (9.575807e-04 1.287963e+01 2.626207e+00)) ((-3.024567e+01 -1.246638e+00 -6.605787e-01) (-3.489053e-01 -6.897229e-04 -9.301457e-04))
503.2         	((-1.430051e+00 1.833445e+03 8.248430e+02) (1.048885e-03 1.286681e+01 2.635728e+00)) ((-2.994055e+01 -1.247043e+00 -6.481387e-01) (-3.522214e-01 -5.378361e-04 -7.870619e-04))
503.21        	((-1.405358e+00 1.828818e+03 8.223197e+02) (4.744355e-04 1.285497e+01 2.644276e+00)) ((-2.962774e+01 -1.186750e+00 -6.502069e-01) (-3.554223e-01 -5.921148e-04 -1.192296e-03))
503.22        	((-1.416811e+00 1.824233e+03 8.196023e+02) (4.304029e-05 1.284046e+01 2.653370e+00)) ((-2.935265e+01 -1.163756e+00 -6.351575e-01) (-3.592456e-01 -3.505974e-04 -1.300876e-03))
503.23        	((-1.404332e+00 1.819639e+03 8.171920e+02) (-1.247674e-04 1.282978e+01 2.661344e+00)) ((-2.903899e+01 -1.128408e+00 -6.349936e-01) (-3.621920e-01 -6.203689e-04 -1.144759e-03))
503.24        	((-1.424007e+00 1.815092e+03 8.145088e+02) (-3.247040e-04 1.281599e+01 2.670916e+00)) ((-2.877139e+01 -1.113294e+00 -6.289483e-01) (-3.654945e-01 -6.121183e-04 -1.284701e-03))
503.25        	((-1.446232e+00 1.810527e+03 8.121286e+02) (-4.964797e-04 1.280572e+01 2.679023e+00)) ((-2.847287e+01 -1.083340e+00 -6.320830e-01) (-3.679809e-01 -5.650427e-04 -1.283141e-03))
503.26        	((-1.451350e+00 1.805989e+03 8.094119e+02) (-1.049718e-03 1.279140e+01 2.688752e+00)) ((-2.824004e+01 -1.052003e+00 -6.340377e-01) (-3.712178e-01 -4.105338e-04 -1.363141e-03))
503.27        	((-1.453818e+00 1.801447e+03 8.071149e+02) (-1.195913e-03 1.278049e+01 2.695941e+00)) ((-2.795206e+01 -1.034767e+00 -6.354545e-01) (-3.739616e-01 -2.606130e-04 -1.184238e-03))
503.28        	((-1.443690e+00 1.796940e+03 8.044894e+02) (-1.424030e-03 1.276585e+01 2.704866e+00)) ((-2.772584e+01 -1.009372e+00 -6.455655e-01) (-3.772978e-01 -1.992467e-04 -1.051562e-03))
503.29        	((-1.419730e+00 1.792470e+03 8.022276e+02) (-1.730318e-03 1.275386e+01 2.711729e+00)) ((-2.743982e+01 -9.738999e-01 -6.583838e-01) (-3.802088e-01 -1.600456e-04 -1.167074e-03))
503.3         	((-1.418193e+00 1.788079e+03 7.996780e+02) (-1.897515e-03 1.273929e+01 2.720379e+00)) ((-2.719483e+01 -9.534328e-01 -6.539615e-01) (-3.833288e-01 -1.282398e-04 -1.185896e-03))
503.31        	((-1.438601e+00 1.783688e+03 7.975324e+02) (-1.953319e-03 1.272862e+01 2.727331e+00)) ((-2.689692e+01 -9.444618e-01 -6.432332e-01) (-3.856023e-01 -5.860357e-05 -1.128735e-03))
503.32        	((-1.454321e+00 1.779291e+03 7.950303e+02) (-2.232352e-03 1.271419e+01 2.736057e+00)) ((-2.668035e+01 -9.288215e-01 -6.390197e-01) (-3.885175e-01 7.955157e-05 -1.085346e-03))
503.33        	((-1.456376e+00 1.774883e+03 7.929045e+02) (-2.465894e-03 1.270262e+01 2.742536e+00)) ((-2.641683e+01 -9.059457e-01 -6.422778e-01) (-3.910938e-01 2.184693e-04 -1.152806e-03))
503.34        	((-1.449191e+00 1.770526e+03 7.904677e+02) (-2.748735e-03 1.268725e+01 2.750758e+00)) ((-2.620376e+01 -8.826809e-01 -6.424247e-01) (-3.943664e-01 2.979516e-04 -1.225027e-03))
503.35        	((-1.459247e+00 1.766191e+03 7.884867e+02) (-2.678588e-03 1.267600e+01 2.756855e+00)) ((-2.591765e+01 -8.724616e-01 -6.363947e-01) (-3.968912e-01 3.318904e-04 -1.114350e-03))
503.36        	((-1.475803e+00 1.761871e+03 7.861585e+02) (-2.669791e-03 1.266104e+01 2.764706e+00)) ((-2.570263e+01 -8.522411e-01 -6.343882e-01) (-4.000123e-01 3.517475e-04 -1.089508e-03))
503.37        	((-1.498153e+00 1.757554e+03 7.841969e+02) (-2.686545e-03 1.264912e+01 2.770612e+00)) ((-2.543768e+01 -8.243157e-01 -6.325076e-01) (-4.026213e-01 3.796171e-04 -1.220734e-03))
503.38        	((-1.517871e+00 1.753279e+03 7.819122e+02) (-2.878607e-03 1.263353e+01 2.778251e+00)) ((-2.522814e+01 -7.999444e-01 -6.246884e-01) (-4.058421e-01 4.322275e-04 -1.355028e-03))
503.39        	((-1.543785e+00 1.749027e+03 7.800660e+02) (-2.808833e-03 1.262220e+01 2.783926e+00)) ((-2.495088e+01 -7.913294e-01 -6.130627e-01) (-4.082115e-01 4.244832e-04 -1.296164e-03))
503.4         	((-1.560140e+00 1.744786e+03 7.778575e+02) (-2.840612e-03 1.260695e+01 2.791351e+00)) ((-2.474398e+01 -7.741440e-01 -6.083325e-01) (-4.112588e-01 4.323320e-04 -1.338680e-03))
503.41        	((-1.581473e+00 1.740555e+03 7.760388e+02) (-2.910080e-03 1.259508e+01 2.796835e+00)) ((-2.447727e+01 -7.556639e-01 -6.034243e-01) (-4.137094e-01 4.914253e-04 -1.392087e-03))
503.42        	((-1.598344e+00 1.736366e+03 7.738695e+02) (-3.136436e-03 1.258089e+01 2.804762e+00)) ((-2.426794e+01 -7.308365e-01 -5.966678e-01) (-4.172875e-01 5.508712e-04 -1.562166e-03))
503.43        	((-1.637592e+00 1.732208e+03 7.721667e+02) (-3.077309e-03 1.257137e+01 2.810541e+00)) ((-2.398349e+01 -7.208802e-01 -5.818342e-01) (-4.199962e-01 5.612061e-04 -1.432103e-03))
503.44        	((-1.671968e+00 1.728051e+03 7.700913e+02) (-3.028588e-03 1.255803e+01 2.818159e+00)) ((-2.377359e+01 -7.020366e-01 -5.784626e-01) (-4.233818e-01 5.811420e-04 -1.505854e-03))
503.45        	((-1.699830e+00 1.723897e+03 7.683954e+02) (-3.121215e-03 1.254790e+01 2.823808e+00)) ((-2.350630e+01 -6.821145e-01 -5.734973e-01) (-4.262615e-01 5.187872e-04 -1.516038e-03))
503.46        	((-1.739381e+00 1.719789e+03 7.663386e+02) (-3.122468e-03 1.253409e+01 2.831488e+00)) ((-2.329615e+01 -6.614125e-01 -5.661339e-01) (-4.297654e-01 5.595585e-04 -1.831379e-03))
503.47        	((-1.790211e+00 1.715706e+03 7.647525e+02) (-3.238202e-03 1.252480e+01 2.836909e+00)) ((-2.300817e+01 -6.514609e-01 -5.426181e-01) (-4.324205e-01 4.734154e-04 -1.553146e-03))
503.48        	((-1.853813e+00 1.711632e+03 7.627761e+02) (-2.952796e-03 1.251168e+01 2.844335e+00)) ((-2.279299e+01 -6.339057e-01 -5.337547e-01) (-4.357031e-01 4.918678e-04 -1.782808e-03))
503.49        	((-1.891408e+00 1.707567e+03 7.612102e+02) (-3.333983e-03 1.250168e+01 2.849489e+00)) ((-2.251070e+01 -6.166697e-01 -5.203867e-01) (-4.384652e-01 4.393053e-04 -1.594631e-03))
503.5         	((-1.945630e+00 1.703551e+03 7.592567e+02) (-3.074843e-03 1.248776e+01 2.856869e+00)) ((-2.228897e+01 -6.029616e-01 -5.113961e-01) (-4.417879e-01 4.861988e-04 -2.029823e-03))
503.51        	((-1.995236e+00 1.699564e+03 7.577852e+02) (-3.309535e-03 1.247854e+01 2.861831e+00)) ((-2.198910e+01 -6.018793e-01 -4.896310e-01) (-4.441675e-01 4.708965e-04 -1.736028e-03))
503.52        	((-2.075854e+00 1.695554e+03 7.558858e+02) (-2.790145e-03 1.246487e+01 2.868605e+00)) ((-2.177919e+01 -5.932318e-01 -4.761263e-01) (-4.473052e-01 3.788620e-04 -1.913170e-03))
503.53        	((-2.135281e+00 1.691588e+03 7.544009e+02) (-3.213244e-03 1.245475e+01 2.873222e+00)) ((-2.149676e+01 -5.740102e-01 -4.618636e-01) (-4.497921e-01 3.188772e-04 -1.823686e-03))
503.54        	((-2.239659e+00 1.687657e+03 7.525056e+02) (-2.652788e-03 1.244027e+01 2.879993e+00)) ((-2.127546e+01 -5.552214e-01 -4.411955e-01) (-4.529441e-01 2.792007e-04 -2.240161e-03))
503.55        	((-2.329770e+00 1.683785e+03 7.511001e+02) (-2.851199e-03 1.242977e+01 2.884204e+00)) ((-2.096096e+01 -5.424002e-01 -4.125956e-01) (-4.545926e-01 4.198528e-04 -2.296958e-03))
503.56        	((-2.434389e+00 1.679836e+03 7.492321e+02) (-2.293933e-03 1.241492e+01 2.890237e+00)) ((-2.074691e+01 -5.289028e-01 -3.832966e-01) (-4.577465e-01 1.489329e-04 -2.193892e-03))
503.57        	((-2.506557e+00 1.675972e+03 7.477663e+02) (-2.627090e-03 1.240303e+01 2.893977e+00)) ((-2.045489e+01 -5.091106e-01 -3.639961e-01) (-4.596975e-01 1.568109e-04 -2.372140e-03))
503.58        	((-2.627221e+00 1.672105e+03 7.458360e+02) (-2.067417e-03 1.238739e+01 2.900341e+00)) ((-2.024013e+01 -4.916883e-01 -3.362456e-01) (-4.627281e-01 7.724484e-05 -2.665803e-03))
503.59        	((-2.748094e+00 1.668357e+03 7.444281e+02) (-2.112776e-03 1.237699e+01 2.904368e+00)) ((-1.990975e+01 -4.692925e-01 -3.013431e-01) (-4.638525e-01 2.722169e-04 -3.076723e-03))
503.6         	((-2.886767e+00 1.664493e+03 7.425394e+02) (-1.378364e-03 1.236191e+01 2.910233e+00)) ((-1.968723e+01 -4.381054e-01 -2.612460e-01) (-4.664168e-01 -8.153531e-05 -3.178659e-03))
503.61        	((-3.001969e+00 1.660776e+03 7.410808e+02) (-1.192630e-03 1.235147e+01 2.914605e+00)) ((-1.937290e+01 -4.052119e-01 -2.322888e-01) (-4.679893e-01 -1.497415e-06 -3.767261e-03))
503.62        	((-3.134097e+00 1.656948e+03 7.390971e+02) (-4.966077e-04 1.233553e+01 2.920981e+00)) ((-1.916967e+01 -3.788531e-01 -1.913781e-01) (-4.705365e-01 -1.859994e-04 -4.113122e-03))
503.63        	((-3.265419e+00 1.653321e+03 7.376629e+02) (-2.040830e-04 1.232526e+01 2.925284e+00)) ((-1.884203e+01 -3.547354e-01 -1.461088e-01) (-4.719371e-01 -6.378664e-05 -4.519101e-03))
503.64        	((-3.414436e+00 1.649435e+03 7.356332e+02) (5.201635e-04 1.230941e+01 2.931345e+00)) ((-1.866507e+01 -3.171511e-01 -9.822269e-02) (-4.744139e-01 -2.884210e-04 -4.780931e-03))
503.65        	((-3.558884e+00 1.645855e+03 7.341350e+02) (8.307696e-04 1.229724e+01 2.935314e+00)) ((-1.834503e+01 -2.676577e-01 -5.174176e-02) (-4.763294e-01 -3.769701e-04 -5.217527e-03))
503.66        	((-3.705486e+00 1.641989e+03 7.320406e+02) (1.252807e-03 1.228103e+01 2.941351e+00)) ((-1.816564e+01 -2.218055e-01 -4.484188e-03) (-4.788774e-01 -3.107095e-04 -5.657176e-03))
503.67        	((-3.851962e+00 1.638569e+03 7.306295e+02) (1.633639e-03 1.227181e+01 2.945714e+00)) ((-1.778326e+01 -1.969087e-01 4.325858e-02) (-4.802108e-01 -1.286076e-04 -5.957298e-03))
503.68        	((-3.980474e+00 1.634822e+03 7.286977e+02) (1.635068e-03 1.225625e+01 2.951345e+00)) ((-1.761447e+01 -1.595380e-01 8.851187e-02) (-4.829072e-01 -2.197505e-04 -6.111298e-03))
503.69        	((-4.130955e+00 1.631533e+03 7.272235e+02) (1.969118e-03 1.224613e+01 2.955635e+00)) ((-1.722833e+01 -1.180113e-01 1.349742e-01) (-4.843787e-01 -2.887802e-04 -6.287897e-03))
503.7         	((-4.302854e+00 1.627410e+03 7.249395e+02) (1.986595e-03 1.222963e+01 2.961369e+00)) ((-1.714468e+01 -5.761048e-02 1.833495e-01) (-4.868670e-01 -1.296252e-04 -6.829933e-03))
503.71        	((-4.515267e+00 1.623742e+03 7.230755e+02) (2.417825e-03 1.221857e+01 2.965571e+00)) ((-1.674796e+01 8.019181e-03 2.483953e-01) (-4.878618e-01 -1.034476e-04 -7.058032e-03))
503.72        	((-4.718586e+00 1.619101e+03 7.205494e+02) (2.540286e-03 1.220263e+01 2.970732e+00)) ((-1.671763e+01 8.222870e-02 3.106705e-01) (-4.899628e-01 -1.283907e-04 -7.472812e-03))
503.73        	((-4.927210e+00 1.618591e+03 7.210848e+02) (2.907635e-03 1.218883e+01 2.973636e+00)) ((-1.569772e+01 1.547205e-01 3.779073e-01) (-4.907381e-01 -4.892636e-04 -7.452281e-03))
503.74        	((-5.134896e+00 1.614343e+03 7.187946e+02) (3.526085e-03 1.216949e+01 2.978665e+00)) ((-1.568395e+01 2.358852e-01 4.346219e-01) (-4.920190e-01 -3.201635e-04 -8.296977e-03))
503.75        	((-5.371582e+00 1.617720e+03 7.217052e+02) (4.376574e-03 1.214996e+01 2.980306e+00)) ((-1.410455e+01 3.183093e-01 4.989436e-01) (-4.913684e-01 -3.349768e-04 -8.874093e-03))
503.76        	((-5.580338e+00 1.610840e+03 7.175385e+02) (4.619402e-03 1.212486e+01 2.982935e+00)) ((-1.466737e+01 4.144397e-01 5.653414e-01) (-4.917794e-01 -5.931986e-04 -9.165363e-03))
503.77        	((-5.811934e+00 1.609319e+03 7.163134e+02) (5.532205e-03 1.210692e+01 2.984329e+00)) ((-1.477017e+01 5.134404e-01 6.306850e-01) (-4.909392e-01 -8.441367e-04 -9.670767e-03))
503.78        	((-6.052080e+00 1.600605e+03 7.111262e+02) (5.909602e-03 1.209423e+01 2.988920e+00)) ((-1.549518e+01 6.219265e-01 6.921741e-01) (-4.915983e-01 -9.543953e-04 -1.009811e-02))
503.79        	((-6.295263e+00 1.597778e+03 7.097217e+02) (6.367101e-03 1.210724e+01 2.996749e+00)) ((-1.498004e+01 7.389388e-01 7.608387e-01) (-4.918618e-01 -1.295830e-03 -1.040422e-02))
503.8         	((-6.540535e+00 1.591195e+03 7.065219e+02) (6.819527e-03 1.212922e+01 3.010329e+00)) ((-1.480010e+01 8.660076e-01 8.234190e-01) (-4.921160e-01 -1.407692e-03 -1.104513e-02))
503.81        	((-6.803135e+00 1.586541e+03 7.043150e+02) (7.464032e-03 1.216748e+01 3.025759e+00)) ((-1.435932e+01 1.002006e+00 8.957190e-01) (-4.906218e-01 -1.700559e-03 -1.137448e-02))
503.82        	((-7.049329e+00 1.581698e+03 7.020629e+02) (7.861311e-03 1.219487e+01 3.039747e+00)) ((-1.427227e+01 1.137112e+00 9.573781e-01) (-4.881450e-01 -1.847049e-03 -1.172779e-02))
503.83        	((-7.291092e+00 1.578941e+03 7.007821e+02) (8.346197e-03 1.221207e+01 3.047829e+00)) ((-1.397592e+01 1.282244e+00 1.021079e+00) (-4.833536e-01 -2.109114e-03 -1.212401e-02))
503.84        	((-7.530642e+00 1.575045e+03 6.990925e+02) (8.651173e-03 1.219818e+01 3.049243e+00)) ((-1.394425e+01 1.425955e+00 1.085091e+00) (-4.757445e-01 -2.254815e-03 -1.257790e-02))
503.85        	((-7.798210e+00 1.570998e+03 6.976678e+02) (9.307833e-03 1.217012e+01 3.043080e+00)) ((-1.376867e+01 1.576228e+00 1.160634e+00) (-4.652680e-01 -2.603475e-03 -1.284276e-02))
503.86        	((-8.079011e+00 1.567031e+03 6.958713e+02) (9.927190e-03 1.210275e+01 3.027542e+00)) ((-1.356422e+01 1.735081e+00 1.230675e+00) (-4.521253e-01 -2.647819e-03 -1.334449e-02))
503.87        	((-8.324676e+00 1.563180e+03 6.944192e+02) (1.018059e-02 1.201403e+01 3.001766e+00)) ((-1.321110e+01 1.907390e+00 1.304505e+00) (-4.362318e-01 -3.112533e-03 -1.340259e-02))
503.88        	((-8.561279e+00 1.559222e+03 6.925701e+02) (1.090145e-02 1.187605e+01 2.964747e+00)) ((-1.297180e+01 2.072362e+00 1.375351e+00) (-4.176966e-01 -3.058446e-03 -1.413991e-02))
503.89        	((-8.792071e+00 1.555558e+03 6.913368e+02) (1.170932e-02 1.172442e+01 2.920112e+00)) ((-1.265153e+01 2.237324e+00 1.447383e+00) (-3.978120e-01 -3.255474e-03 -1.465294e-02))
503.9         	((-9.017804e+00 1.552023e+03 6.899087e+02) (1.205322e-02 1.152910e+01 2.865274e+00)) ((-1.243643e+01 2.394910e+00 1.522074e+00) (-3.763716e-01 -3.382010e-03 -1.482586e-02))
503.91        	((-9.219435e+00 1.548608e+03 6.888972e+02) (1.259720e-02 1.133137e+01 2.806098e+00)) ((-1.214694e+01 2.566012e+00 1.590213e+00) (-3.539192e-01 -3.698145e-03 -1.525113e-02))
503.92        	((-9.424599e+00 1.545152e+03 6.873972e+02) (1.293487e-02 1.111162e+01 2.743478e+00)) ((-1.192377e+01 2.724259e+00 1.665922e+00) (-3.311975e-01 -3.724091e-03 -1.547908e-02))
503.93        	((-9.599497e+00 1.541757e+03 6.861687e+02) (1.327389e-02 1.088415e+01 2.674952e+00)) ((-1.159281e+01 2.899751e+00 1.741065e+00) (-3.067212e-01 -3.979786e-03 -1.583303e-02))
503.94        	((-9.781094e+00 1.538459e+03 6.846137e+02) (1.363751e-02 1.064151e+01 2.603754e+00)) ((-1.130660e+01 3.056114e+00 1.820251e+00) (-2.828736e-01 -4.013902e-03 -1.599040e-02))
503.95        	((-9.901440e+00 1.535254e+03 6.834929e+02) (1.364042e-02 1.039670e+01 2.527783e+00)) ((-1.095305e+01 3.235050e+00 1.890513e+00) (-2.580364e-01 -4.403066e-03 -1.617269e-02))
503.96        	((-1.002629e+01 1.532146e+03 6.821164e+02) (1.402566e-02 1.014438e+01 2.452369e+00)) ((-1.067503e+01 3.385651e+00 1.968586e+00) (-2.331200e-01 -4.315780e-03 -1.651200e-02))
503.97        	((-1.009045e+01 1.529030e+03 6.810467e+02) (1.408303e-02 9.893571e+00 2.373847e+00)) ((-1.035655e+01 3.564810e+00 2.035491e+00) (-2.072918e-01 -4.533524e-03 -1.698170e-02))
503.98        	((-1.016769e+01 1.526006e+03 6.796445e+02) (1.426081e-02 9.637267e+00 2.294965e+00)) ((-1.008319e+01 3.716321e+00 2.118713e+00) (-1.825569e-01 -4.440967e-03 -1.729600e-02))
503.99        	((-1.012011e+01 1.523080e+03 6.784453e+02) (1.335092e-02 9.383709e+00 2.213803e+00)) ((-9.735084e+00 3.928347e+00 2.207097e+00) (-1.582924e-01 -4.301765e-03 -1.868897e-02))
504           	((-1.020634e+01 1.520329e+03 6.772866e+02) (1.383706e-02 9.137449e+00 2.137166e+00)) ((-9.365145e+00 4.008289e+00 2.319096e+00) (-1.324534e-01 -4.844488e-03 -1.704551e-02))
504.01        	((-1.012874e+01 1.517619e+03 6.762317e+02) (1.299172e-02 8.893242e+00 2.059621e+00)) ((-8.996403e+00 4.203295e+00 2.366544e+00) (-1.088706e-01 -5.069051e-03 -1.802080e-02))
504.02        	((-1.019261e+01 1.515056e+03 6.752615e+02) (1.346247e-02 8.644741e+00 1.981172e+00)) ((-8.630146e+00 4.269025e+00 2.433946e+00) (-8.588897e-02 -5.306683e-03 -1.685201e-02))
504.03        	((-1.005019e+01 1.512470e+03 6.743404e+02) (1.240037e-02 8.413134e+00 1.906543e+00)) ((-8.288710e+00 4.477446e+00 2.442604e+00) (-6.612519e-02 -5.572354e-03 -1.733763e-02))
504.04        	((-1.005910e+01 1.510045e+03 6.735219e+02) (1.306630e-02 8.182808e+00 1.834932e+00)) ((-7.925198e+00 4.541261e+00 2.499325e+00) (-4.686297e-02 -5.686980e-03 -1.642313e-02))
504.05        	((-9.888060e+00 1.507600e+03 6.727246e+02) (1.246049e-02 7.971720e+00 1.768548e+00)) ((-7.575646e+00 4.731387e+00 2.505667e+00) (-3.102225e-02 -5.910799e-03 -1.697618e-02))
504.06        	((-9.868829e+00 1.505280e+03 6.719492e+02) (1.291595e-02 7.762396e+00 1.704669e+00)) ((-7.209051e+00 4.778776e+00 2.559524e+00) (-1.749709e-02 -6.065502e-03 -1.617195e-02))
504.07        	((-9.666351e+00 1.502938e+03 6.712406e+02) (1.215581e-02 7.573406e+00 1.646459e+00)) ((-6.842320e+00 4.942219e+00 2.564631e+00) (-7.271114e-03 -6.291170e-03 -1.650408e-02))
504.08        	((-9.576150e+00 1.500723e+03 6.705021e+02) (1.247374e-02 7.396386e+00 1.594661e+00)) ((-6.459035e+00 4.984152e+00 2.607032e+00) (6.663759e-04 -6.540559e-03 -1.583927e-02))
504.09        	((-9.318588e+00 1.498439e+03 6.698255e+02) (1.174368e-02 7.231679e+00 1.546611e+00)) ((-6.087515e+00 5.131144e+00 2.599903e+00) (5.572607e-03 -6.887057e-03 -1.614746e-02))
504.1         	((-9.157695e+00 1.496209e+03 6.690308e+02) (1.175106e-02 7.077014e+00 1.503404e+00)) ((-5.737035e+00 5.170162e+00 2.622938e+00) (7.429240e-03 -7.050509e-03 -1.575403e-02))
504.11        	((-8.847318e+00 1.493945e+03 6.683511e+02) (1.073681e-02 6.934332e+00 1.463438e+00)) ((-5.390904e+00 5.302648e+00 2.610334e+00) (6.534180e-03 -7.309002e-03 -1.606847e-02))
504.12        	((-8.649088e+00 1.491781e+03 6.675353e+02) (1.052729e-02 6.802190e+00 1.428871e+00)) ((-5.056339e+00 5.337825e+00 2.640091e+00) (3.568550e-03 -7.460719e-03 -1.557976e-02))
504.13        	((-8.331078e+00 1.489588e+03 6.668404e+02) (9.549037e-03 6.681618e+00 1.396987e+00)) ((-4.717908e+00 5.455817e+00 2.635588e+00) (-1.429650e-03 -7.673160e-03 -1.560646e-02))
504.14        	((-8.099215e+00 1.487403e+03 6.658967e+02) (9.229117e-03 6.568418e+00 1.368957e+00)) ((-4.419922e+00 5.477292e+00 2.643042e+00) (-8.626199e-03 -7.652489e-03 -1.515306e-02))
504.15        	((-7.728029e+00 1.485175e+03 6.650871e+02) (8.228967e-03 6.465690e+00 1.342907e+00)) ((-4.108527e+00 5.562797e+00 2.599410e+00) (-1.715986e-02 -7.707061e-03 -1.511588e-02))
504.16        	((-7.422502e+00 1.482980e+03 6.640434e+02) (7.841518e-03 6.369814e+00 1.320923e+00)) ((-3.813319e+00 5.557653e+00 2.580957e+00) (-2.678524e-02 -7.745266e-03 -1.472969e-02))
504.17        	((-6.980821e+00 1.480757e+03 6.632250e+02) (7.037790e-03 6.283509e+00 1.300521e+00)) ((-3.478297e+00 5.605608e+00 2.526907e+00) (-3.676588e-02 -8.007316e-03 -1.480450e-02))
504.18        	((-6.636267e+00 1.478520e+03 6.621639e+02) (6.933510e-03 6.202035e+00 1.282693e+00)) ((-3.178814e+00 5.560485e+00 2.498782e+00) (-4.733177e-02 -8.130124e-03 -1.439838e-02))
504.19        	((-6.211498e+00 1.476261e+03 6.612876e+02) (6.276467e-03 6.135118e+00 1.267018e+00)) ((-2.869356e+00 5.593143e+00 2.437595e+00) (-5.662387e-02 -8.437967e-03 -1.442402e-02))
504.2         	((-5.890245e+00 1.473972e+03 6.601161e+02) (6.216489e-03 6.065096e+00 1.252635e+00)) ((-2.612012e+00 5.549811e+00 2.398886e+00) (-6.716436e-02 -8.664775e-03 -1.397718e-02))
504.21        	((-5.461529e+00 1.471691e+03 6.591582e+02) (5.704961e-03 6.007818e+00 1.240090e+00)) ((-2.319757e+00 5.566661e+00 2.320096e+00) (-7.604736e-02 -9.073020e-03 -1.399416e-02))
504.22        	((-5.091668e+00 1.469394e+03 6.579827e+02) (5.700362e-03 5.948192e+00 1.228494e+00)) ((-2.045955e+00 5.498533e+00 2.259462e+00) (-8.581706e-02 -9.339212e-03 -1.375265e-02))
504.23        	((-4.636399e+00 1.467092e+03 6.570184e+02) (5.425010e-03 5.899733e+00 1.218470e+00)) ((-1.736366e+00 5.471989e+00 2.169707e+00) (-9.408168e-02 -9.717722e-03 -1.370002e-02))
504.24        	((-4.293928e+00 1.464731e+03 6.558273e+02) (5.831998e-03 5.849480e+00 1.209699e+00)) ((-1.457286e+00 5.356752e+00 2.097659e+00) (-1.031293e-01 -9.895060e-03 -1.329674e-02))
504.25        	((-3.918379e+00 1.462365e+03 6.548058e+02) (5.623708e-03 5.808586e+00 1.202105e+00)) ((-1.154465e+00 5.295872e+00 2.003122e+00) (-1.109009e-01 -1.033609e-02 -1.324460e-02))
504.26        	((-3.668136e+00 1.459977e+03 6.535721e+02) (5.802254e-03 5.769575e+00 1.195912e+00)) ((-8.738659e-01 5.177712e+00 1.923349e+00) (-1.186220e-01 -1.062155e-02 -1.303899e-02))
504.27        	((-3.479257e+00 1.457708e+03 6.523079e+02) (5.881811e-03 5.728468e+00 1.188211e+00)) ((-5.590126e-01 5.059720e+00 1.787395e+00) (-1.276620e-01 -1.199212e-02 -1.022432e-02))
504.28        	((-3.355205e+00 1.455394e+03 6.510020e+02) (5.674105e-03 5.701462e+00 1.185527e+00)) ((-2.460787e-01 4.924457e+00 1.653918e+00) (-1.324961e-01 -1.128175e-02 -1.253371e-02))
504.29        	((-3.135873e+00 1.452920e+03 6.499502e+02) (5.495470e-03 5.672959e+00 1.182320e+00)) ((5.432718e-02 4.864716e+00 1.547172e+00) (-1.380986e-01 -1.139622e-02 -1.285590e-02))
504.3         	((-2.980944e+00 1.450365e+03 6.487701e+02) (5.504786e-03 5.644894e+00 1.179694e+00)) ((3.287119e-01 4.750807e+00 1.460846e+00) (-1.435861e-01 -1.145655e-02 -1.276170e-02))
504.31        	((-2.817166e+00 1.447790e+03 6.476997e+02) (4.830522e-03 5.619784e+00 1.176541e+00)) ((6.103088e-01 4.666963e+00 1.369170e+00) (-1.484300e-01 -1.192979e-02 -1.276574e-02))
504.32        	((-2.770177e+00 1.445164e+03 6.464367e+02) (4.477430e-03 5.594930e+00 1.174158e+00)) ((8.648542e-01 4.525596e+00 1.292419e+00) (-1.528472e-01 -1.215580e-02 -1.267391e-02))
504.33        	((-2.733437e+00 1.442538e+03 6.452985e+02) (3.805403e-03 5.572250e+00 1.171439e+00)) ((1.131346e+00 4.433656e+00 1.208823e+00) (-1.564913e-01 -1.261472e-02 -1.270080e-02))
504.34        	((-2.774617e+00 1.439873e+03 6.440603e+02) (3.401594e-03 5.549111e+00 1.169294e+00)) ((1.388492e+00 4.323850e+00 1.126982e+00) (-1.595994e-01 -1.280378e-02 -1.272577e-02))
504.35        	((-2.802577e+00 1.437226e+03 6.429325e+02) (2.850970e-03 5.526769e+00 1.166690e+00)) ((1.658392e+00 4.249820e+00 1.034284e+00) (-1.620356e-01 -1.323404e-02 -1.265808e-02))
504.36        	((-2.870558e+00 1.434454e+03 6.416715e+02) (2.470520e-03 5.503506e+00 1.164504e+00)) ((1.900579e+00 4.161230e+00 9.415379e-01) (-1.638209e-01 -1.337102e-02 -1.274922e-02))
504.37        	((-2.915177e+00 1.431809e+03 6.405750e+02) (1.945371e-03 5.480070e+00 1.161550e+00)) ((2.180309e+00 4.077924e+00 8.458129e-01) (-1.651125e-01 -1.379982e-02 -1.257588e-02))
504.38        	((-2.975940e+00 1.429068e+03 6.394207e+02) (1.474712e-03 5.455818e+00 1.159054e+00)) ((2.451835e+00 3.991217e+00 7.486922e-01) (-1.656099e-01 -1.389358e-02 -1.276702e-02))
504.39        	((-3.039964e+00 1.426417e+03 6.383809e+02) (1.073439e-03 5.430688e+00 1.155623e+00)) ((2.737540e+00 3.906877e+00 6.610260e-01) (-1.658167e-01 -1.429957e-02 -1.259170e-02))
504.4         	((-3.115506e+00 1.423640e+03 6.372605e+02) (6.645436e-04 5.404642e+00 1.152331e+00)) ((2.995293e+00 3.834429e+00 5.708511e-01) (-1.653872e-01 -1.435852e-02 -1.284532e-02))
504.41        	((-3.211517e+00 1.420880e+03 6.361262e+02) (4.383577e-04 5.377233e+00 1.147990e+00)) ((3.231657e+00 3.760014e+00 4.935345e-01) (-1.648970e-01 -1.475566e-02 -1.259822e-02))
504.42        	((-3.289517e+00 1.418135e+03 6.350201e+02) (4.014286e-05 5.349128e+00 1.143806e+00)) ((3.488419e+00 3.702188e+00 3.999612e-01) (-1.638161e-01 -1.479941e-02 -1.284796e-02))
504.43        	((-3.371213e+00 1.415460e+03 6.339456e+02) (-9.675789e-05 5.319705e+00 1.138636e+00)) ((3.756558e+00 3.634309e+00 3.126944e-01) (-1.628024e-01 -1.518139e-02 -1.258875e-02))
504.44        	((-3.403764e+00 1.412784e+03 6.329174e+02) (-5.264519e-04 5.289993e+00 1.133716e+00)) ((4.045734e+00 3.591018e+00 2.042423e-01) (-1.612495e-01 -1.517341e-02 -1.294119e-02))
504.45        	((-3.439633e+00 1.410117e+03 6.318751e+02) (-6.094233e-04 5.258991e+00 1.128036e+00)) ((4.313737e+00 3.529465e+00 1.154754e-01) (-1.598746e-01 -1.548287e-02 -1.277569e-02))
504.46        	((-3.422332e+00 1.407422e+03 6.308565e+02) (-1.065944e-03 5.227858e+00 1.122679e+00)) ((4.579889e+00 3.493139e+00 1.733131e-02) (-1.580941e-01 -1.543348e-02 -1.320046e-02))
504.47        	((-3.430408e+00 1.404741e+03 6.298189e+02) (-1.087722e-03 5.195398e+00 1.116673e+00)) ((4.822716e+00 3.435762e+00 -5.354802e-02) (-1.566609e-01 -1.572957e-02 -1.301542e-02))
504.48        	((-3.402946e+00 1.402038e+03 6.288021e+02) (-1.532960e-03 5.162913e+00 1.111085e+00)) ((5.074205e+00 3.413494e+00 -1.370715e-01) (-1.549217e-01 -1.570071e-02 -1.339555e-02))
504.49        	((-3.413771e+00 1.399367e+03 6.277734e+02) (-1.435810e-03 5.129378e+00 1.104925e+00)) ((5.318839e+00 3.370967e+00 -1.971497e-01) (-1.535687e-01 -1.602278e-02 -1.321706e-02))
504.5         	((-3.374336e+00 1.396686e+03 6.267513e+02) (-1.824348e-03 5.095954e+00 1.099258e+00)) ((5.574568e+00 3.365228e+00 -2.768293e-01) (-1.519777e-01 -1.603641e-02 -1.361687e-02))
504.51        	((-3.369434e+00 1.394049e+03 6.257191e+02) (-1.617023e-03 5.061642e+00 1.093133e+00)) ((5.824915e+00 3.334067e+00 -3.324156e-01) (-1.507730e-01 -1.637493e-02 -1.347056e-02))
504.52        	((-3.309585e+00 1.391413e+03 6.246848e+02) (-2.001741e-03 5.027353e+00 1.087570e+00)) ((6.083441e+00 3.340682e+00 -4.044030e-01) (-1.493943e-01 -1.643634e-02 -1.387744e-02))
504.53        	((-3.289427e+00 1.388827e+03 6.236374e+02) (-1.612220e-03 4.992267e+00 1.081575e+00)) ((6.333387e+00 3.320861e+00 -4.483645e-01) (-1.484491e-01 -1.677720e-02 -1.381857e-02))
504.54        	((-3.217191e+00 1.386240e+03 6.225851e+02) (-1.755038e-03 4.957278e+00 1.076182e+00)) ((6.591568e+00 3.338202e+00 -5.062243e-01) (-1.473511e-01 -1.688402e-02 -1.426129e-02))
504.55        	((-3.181195e+00 1.383690e+03 6.215180e+02) (-1.282833e-03 4.921623e+00 1.070330e+00)) ((6.843166e+00 3.326590e+00 -5.399795e-01) (-1.466281e-01 -1.725001e-02 -1.426392e-02))
504.56        	((-3.097364e+00 1.381100e+03 6.204553e+02) (-1.503608e-03 4.886522e+00 1.064909e+00)) ((7.094500e+00 3.349303e+00 -5.908927e-01) (-1.456311e-01 -1.734814e-02 -1.458294e-02))
504.57        	((-3.075444e+00 1.378542e+03 6.193504e+02) (-1.108928e-03 4.850683e+00 1.059010e+00)) ((7.327166e+00 3.355651e+00 -6.157928e-01) (-1.451011e-01 -1.764944e-02 -1.452668e-02))
504.58        	((-3.026488e+00 1.375985e+03 6.182163e+02) (-1.480094e-03 4.815014e+00 1.053515e+00)) ((7.563903e+00 3.413261e+00 -6.492930e-01) (-1.444575e-01 -1.771193e-02 -1.480917e-02))
504.59        	((-3.031919e+00 1.373496e+03 6.170507e+02) (-1.167001e-03 4.778700e+00 1.047606e+00)) ((7.799702e+00 3.450870e+00 -6.560318e-01) (-1.442202e-01 -1.795759e-02 -1.480033e-02))
504.6         	((-2.976369e+00 1.371000e+03 6.158971e+02) (-1.521793e-03 4.742885e+00 1.042179e+00)) ((8.048258e+00 3.519454e+00 -6.781993e-01) (-1.437042e-01 -1.805915e-02 -1.505837e-02))
504.61        	((-2.960389e+00 1.368547e+03 6.147170e+02) (-1.157173e-03 4.706461e+00 1.036344e+00)) ((8.286024e+00 3.557915e+00 -6.796922e-01) (-1.435766e-01 -1.830676e-02 -1.507946e-02))
504.62        	((-2.897515e+00 1.366081e+03 6.135163e+02) (-1.612025e-03 4.670321e+00 1.030874e+00)) ((8.523511e+00 3.639508e+00 -6.919242e-01) (-1.432874e-01 -1.840345e-02 -1.531902e-02))
504.63        	((-2.892509e+00 1.363671e+03 6.122691e+02) (-1.337904e-03 4.633701e+00 1.024952e+00)) ((8.747424e+00 3.702614e+00 -6.780090e-01) (-1.433579e-01 -1.861569e-02 -1.536145e-02))
504.64        	((-2.834532e+00 1.361257e+03 6.110240e+02) (-1.901001e-03 4.597361e+00 1.019518e+00)) ((8.980298e+00 3.805272e+00 -6.735256e-01) (-1.431602e-01 -1.873735e-02 -1.556797e-02))
504.65        	((-2.819440e+00 1.358895e+03 6.097493e+02) (-1.794072e-03 4.560424e+00 1.013716e+00)) ((9.206248e+00 3.882754e+00 -6.438349e-01) (-1.432566e-01 -1.897118e-02 -1.563255e-02))
504.66        	((-2.719943e+00 1.356529e+03 6.084598e+02) (-2.751184e-03 4.522914e+00 1.007962e+00)) ((9.433126e+00 4.003272e+00 -6.200120e-01) (-1.430446e-01 -1.913225e-02 -1.590203e-02))
504.67        	((-2.723328e+00 1.354206e+03 6.072259e+02) (-2.262179e-03 4.486997e+00 1.002101e+00)) ((9.632355e+00 4.089858e+00 -5.758082e-01) (-1.434340e-01 -1.928726e-02 -1.592729e-02))
504.68        	((-2.689666e+00 1.351832e+03 6.059948e+02) (-2.828491e-03 4.450392e+00 9.964672e-01)) ((9.829413e+00 4.213496e+00 -5.454834e-01) (-1.434896e-01 -1.942353e-02 -1.612499e-02))
504.69        	((-2.710233e+00 1.349467e+03 6.046993e+02) (-2.513860e-03 4.413576e+00 9.905327e-01)) ((1.001484e+01 4.307982e+00 -4.969538e-01) (-1.438511e-01 -1.961747e-02 -1.613813e-02))
504.7         	((-2.678916e+00 1.347049e+03 6.033883e+02) (-2.969143e-03 4.377101e+00 9.847273e-01)) ((1.020544e+01 4.442974e+00 -4.594681e-01) (-1.440154e-01 -1.972254e-02 -1.628355e-02))
504.71        	((-2.701278e+00 1.344660e+03 6.020401e+02) (-2.723442e-03 4.340270e+00 9.786230e-01)) ((1.038349e+01 4.556976e+00 -3.996431e-01) (-1.444351e-01 -1.990574e-02 -1.632111e-02))
504.72        	((-2.675321e+00 1.342233e+03 6.007336e+02) (-3.110220e-03 4.303670e+00 9.726276e-01)) ((1.055885e+01 4.711773e+00 -3.486602e-01) (-1.447005e-01 -2.000288e-02 -1.643981e-02))
504.73        	((-2.692285e+00 1.339850e+03 5.994192e+02) (-2.968757e-03 4.266571e+00 9.664892e-01)) ((1.072063e+01 4.838461e+00 -2.745843e-01) (-1.451713e-01 -2.018381e-02 -1.647649e-02))
504.74        	((-2.658762e+00 1.337443e+03 5.981520e+02) (-3.360618e-03 4.229768e+00 9.603612e-01)) ((1.088243e+01 4.998707e+00 -2.095353e-01) (-1.455318e-01 -2.026558e-02 -1.656974e-02))
504.75        	((-2.661787e+00 1.335077e+03 5.968347e+02) (-3.437863e-03 4.192362e+00 9.540612e-01)) ((1.103498e+01 5.130634e+00 -1.220907e-01) (-1.461172e-01 -2.043426e-02 -1.656691e-02))
504.76        	((-2.608574e+00 1.332689e+03 5.955350e+02) (-3.891966e-03 4.155142e+00 9.476821e-01)) ((1.119490e+01 5.296482e+00 -4.533048e-02) (-1.466651e-01 -2.047590e-02 -1.666495e-02))
504.77        	((-2.576676e+00 1.330359e+03 5.941669e+02) (-4.012368e-03 4.117280e+00 9.411668e-01)) ((1.135021e+01 5.436808e+00 5.382310e-02) (-1.474331e-01 -2.065271e-02 -1.673481e-02))
504.78        	((-2.483538e+00 1.328036e+03 5.928164e+02) (-4.404523e-03 4.079644e+00 9.345688e-01)) ((1.151227e+01 5.616343e+00 1.451274e-01) (-1.481441e-01 -2.072546e-02 -1.696153e-02))
504.79        	((-2.409445e+00 1.325777e+03 5.914078e+02) (-4.557735e-03 4.041842e+00 9.280420e-01)) ((1.166191e+01 5.773246e+00 2.593210e-01) (-1.488500e-01 -2.089279e-02 -1.701601e-02))
504.8         	((-2.270672e+00 1.323523e+03 5.900096e+02) (-5.147852e-03 4.004371e+00 9.215099e-01)) ((1.181369e+01 5.970097e+00 3.636229e-01) (-1.493877e-01 -2.092926e-02 -1.715899e-02))
504.81        	((-2.165014e+00 1.321373e+03 5.885327e+02) (-5.335440e-03 3.966510e+00 9.149749e-01)) ((1.196442e+01 6.150870e+00 4.966845e-01) (-1.501565e-01 -2.104948e-02 -1.718952e-02))
504.82        	((-2.017153e+00 1.319291e+03 5.870354e+02) (-5.767551e-03 3.927738e+00 9.082036e-01)) ((1.213979e+01 6.380057e+00 6.301793e-01) (-1.512649e-01 -2.111312e-02 -1.764671e-02))
504.83        	((-1.847972e+00 1.317278e+03 5.855127e+02) (-6.125554e-03 3.890489e+00 9.019333e-01)) ((1.231970e+01 6.556567e+00 7.727536e-01) (-1.517517e-01 -2.119430e-02 -1.745348e-02))
504.84        	((-1.615542e+00 1.315224e+03 5.840158e+02) (-6.760374e-03 3.853287e+00 8.955690e-01)) ((1.250063e+01 6.758584e+00 8.925105e-01) (-1.520444e-01 -2.126404e-02 -1.748052e-02))
504.85        	((-1.463883e+00 1.313258e+03 5.824160e+02) (-6.723705e-03 3.815592e+00 8.890502e-01)) ((1.266689e+01 6.957795e+00 1.042919e+00) (-1.527057e-01 -2.142881e-02 -1.740241e-02))
504.86        	((-1.307548e+00 1.311307e+03 5.807802e+02) (-7.037383e-03 3.777699e+00 8.822858e-01)) ((1.283864e+01 7.209866e+00 1.186233e+00) (-1.533039e-01 -2.149256e-02 -1.749422e-02))
504.87        	((-1.214744e+00 1.309465e+03 5.791193e+02) (-6.667925e-03 3.740067e+00 8.755632e-01)) ((1.302133e+01 7.447372e+00 1.354429e+00) (-1.539829e-01 -2.170516e-02 -1.740924e-02))
504.88        	((-1.107078e+00 1.307590e+03 5.775683e+02) (-6.707980e-03 3.702878e+00 8.686203e-01)) ((1.322893e+01 7.729413e+00 1.509842e+00) (-1.543573e-01 -2.180077e-02 -1.768509e-02))
504.89        	((-1.048146e+00 1.305755e+03 5.760116e+02) (-6.241346e-03 3.665939e+00 8.617816e-01)) ((1.343029e+01 7.977998e+00 1.688716e+00) (-1.548254e-01 -2.204361e-02 -1.771320e-02))
504.9         	((-9.784633e-01 1.303854e+03 5.744916e+02) (-6.101972e-03 3.628861e+00 8.547183e-01)) ((1.362331e+01 8.248528e+00 1.854098e+00) (-1.551835e-01 -2.219028e-02 -1.804635e-02))
504.91        	((-9.980789e-01 1.301959e+03 5.729192e+02) (-5.592551e-03 3.592104e+00 8.478375e-01)) ((1.379173e+01 8.498620e+00 2.046678e+00) (-1.556000e-01 -2.246371e-02 -1.809058e-02))
504.92        	((-1.044834e+00 1.299991e+03 5.713894e+02) (-5.497366e-03 3.555294e+00 8.407585e-01)) ((1.395750e+01 8.796331e+00 2.225451e+00) (-1.558663e-01 -2.257845e-02 -1.841864e-02))
504.93        	((-1.173488e+00 1.298046e+03 5.698547e+02) (-5.022165e-03 3.518853e+00 8.339042e-01)) ((1.411722e+01 9.082810e+00 2.425436e+00) (-1.561872e-01 -2.280886e-02 -1.845771e-02))
504.94        	((-1.302640e+00 1.296036e+03 5.684026e+02) (-4.954268e-03 3.482242e+00 8.268616e-01)) ((1.428232e+01 9.407082e+00 2.609221e+00) (-1.564027e-01 -2.287092e-02 -1.880237e-02))
504.95        	((-1.490646e+00 1.294045e+03 5.669537e+02) (-4.569058e-03 3.445964e+00 8.200477e-01)) ((1.443470e+01 9.705561e+00 2.814551e+00) (-1.567031e-01 -2.304070e-02 -1.883301e-02))
504.96        	((-1.662114e+00 1.291973e+03 5.655707e+02) (-4.641799e-03 3.409593e+00 8.130098e-01)) ((1.458369e+01 1.003154e+01 3.004791e+00) (-1.568947e-01 -2.303680e-02 -1.914477e-02))
504.97        	((-1.880489e+00 1.289904e+03 5.641859e+02) (-4.433640e-03 3.373588e+00 8.061699e-01)) ((1.471853e+01 1.033152e+01 3.214666e+00) (-1.571736e-01 -2.313017e-02 -1.915895e-02))
504.98        	((-2.085386e+00 1.287740e+03 5.628613e+02) (-4.655731e-03 3.337453e+00 7.990904e-01)) ((1.484596e+01 1.066357e+01 3.408871e+00) (-1.573336e-01 -2.305850e-02 -1.944438e-02))
504.99        	((-2.344798e+00 1.285580e+03 5.615234e+02) (-4.591575e-03 3.301599e+00 7.921516e-01)) ((1.495405e+01 1.097249e+01 3.621450e+00) (-1.575767e-01 -2.308402e-02 -1.941667e-02))
505           	((-2.589484e+00 1.283350e+03 5.602518e+02) (-4.996291e-03 3.265681e+00 7.848412e-01)) ((1.506168e+01 1.131012e+01 3.817256e+00) (-1.576880e-01 -2.293597e-02 -1.961285e-02))
