# Forces      
# CofR        : (0.000000e+00 0.000000e+00 0.000000e+00)
# Time        forces(pressure viscous)	moments(pressure viscous)
500           	((-2.111797e+00 7.075218e+03 -4.313131e+03) (4.070232e-05 3.981763e+00 -1.355320e-01)) ((1.393857e+03 6.608678e-01 5.533320e-01) (1.873502e-01 -7.540407e-06 -1.353571e-04))
500.01        	((3.365679e+00 5.727847e+03 -3.438886e+03) (-4.120455e-04 2.968296e+00 2.582147e-01)) ((1.158258e+03 -1.648773e-01 7.425853e-01) (-3.068773e-02 1.150937e-04 4.500420e-04))
500.02        	((1.566670e+00 1.158096e+03 -1.687674e+02) (2.528985e-04 1.989775e+00 6.670154e-01)) ((3.548415e+02 -6.398474e-01 2.359797e-01) (-2.067598e-01 -5.160104e-05 4.021382e-04))
500.03        	((9.671768e-01 -9.717124e+02 8.303494e+02) (1.831315e-03 1.816604e+00 8.949620e-01)) ((-6.434160e+01 -3.129066e-01 -5.232020e-01) (-1.834458e-01 -3.175567e-04 3.918133e-04))
500.04        	((5.601572e-01 -1.117632e+03 5.667063e+02) (6.175613e-03 2.984247e+00 6.289328e-01)) ((-1.302105e+02 2.862781e-01 -5.668081e-01) (4.412960e-02 -1.503176e-03 2.265548e-03))
500.05        	((3.205915e+00 -1.674435e+02 -1.226681e+02) (1.120288e-02 4.371857e+00 2.442476e-01)) ((4.301350e+01 8.635991e-01 -2.780565e-01) (2.623001e-01 -4.143064e-03 3.651181e-03))
500.06        	((1.120988e+00 7.186480e+02 -4.278307e+02) (1.372254e-02 4.865254e+00 1.434200e-01)) ((2.349037e+02 5.740747e-01 -1.308304e-02) (2.965105e-01 -3.105751e-03 8.221794e-04))
500.07        	((-1.804543e+00 9.637817e+02 -1.874696e+02) (1.154472e-02 4.590800e+00 3.537092e-01)) ((3.146564e+02 2.022788e-02 7.924515e-02) (1.612297e-01 -2.693589e-03 -2.666709e-04))
500.08        	((-4.026981e+00 6.866167e+02 1.609080e+02) (3.481401e-03 4.070300e+00 6.922018e-01)) ((2.731283e+02 -3.684691e-01 9.310093e-02) (4.286568e-03 -3.851486e-03 1.585990e-03))
500.09        	((-1.429996e+00 2.963908e+02 2.791329e+02) (-2.232030e-03 3.897580e+00 9.120911e-01)) ((1.759473e+02 -4.200894e-01 2.277190e-01) (-3.274206e-02 -1.744793e-03 4.004224e-03))
500.1         	((1.993733e+00 -1.279839e+01 2.345378e+02) (-4.772200e-03 4.183344e+00 9.010998e-01)) ((8.697197e+01 4.564041e-02 3.349465e-01) (3.259457e-02 9.686888e-04 3.989305e-03))
500.11        	((3.614072e+00 -3.643622e+01 9.124435e+01) (3.680756e-03 4.634996e+00 8.157017e-01)) ((6.306366e+01 2.864482e-01 5.307213e-01) (1.046014e-01 1.200231e-04 7.349050e-04))
500.12        	((1.242904e+00 1.749093e+02 -4.451819e+01) (1.088809e-02 5.024835e+00 7.848512e-01)) ((1.012767e+02 3.068840e-01 6.691663e-01) (1.460256e-01 -1.029705e-03 8.873994e-05))
500.13        	((-1.887002e+00 3.724239e+02 -6.877716e+01) (7.776191e-03 5.194082e+00 8.440823e-01)) ((1.462465e+02 1.720966e-01 6.307192e-01) (1.254162e-01 -5.141022e-04 6.229255e-05))
500.14        	((-2.394640e+00 3.941277e+02 1.273644e+01) (5.027210e-03 5.264734e+00 9.454898e-01)) ((1.540557e+02 -1.626717e-02 5.995294e-01) (9.632886e-02 -3.215437e-04 1.321342e-03))
500.15        	((-5.686051e-01 2.853398e+02 9.559324e+01) (4.709476e-03 5.311573e+00 1.033396e+00)) ((1.294007e+02 -1.713846e-02 4.909883e-01) (7.841373e-02 -2.648658e-04 1.877901e-03))
500.16        	((1.518508e+00 1.881457e+02 1.030302e+02) (3.348375e-03 5.363124e+00 1.080661e+00)) ((1.016916e+02 1.381184e-01 3.491880e-01) (7.101102e-02 -1.380176e-04 1.788568e-03))
500.17        	((2.105652e+00 1.761570e+02 4.718930e+01) (1.466224e-03 5.422343e+00 1.100648e+00)) ((8.984212e+01 3.214177e-01 2.979702e-01) (6.729402e-02 6.209253e-06 1.825150e-03))
500.18        	((1.297721e+00 2.310184e+02 -1.551324e+01) (9.150437e-04 5.504991e+00 1.115790e+00)) ((9.474800e+01 3.691825e-01 3.626540e-01) (6.526448e-02 -3.709609e-06 1.499494e-03))
500.19        	((2.461684e-01 2.783862e+02 -4.141915e+01) (-3.716434e-04 5.584831e+00 1.141241e+00)) ((1.030600e+02 2.990830e-01 4.423463e-01) (6.326987e-02 3.947711e-04 7.822651e-04))
500.2         	((-9.628590e-02 2.764762e+02 -2.932260e+01) (-8.409049e-04 5.635748e+00 1.177277e+00)) ((1.051256e+02 2.621471e-01 4.142809e-01) (6.194452e-02 6.965418e-05 1.025973e-03))
500.21        	((3.587110e-01 2.458522e+02 -9.503051e+00) (-4.319370e-04 5.650082e+00 1.215160e+00)) ((1.017117e+02 2.999198e-01 2.867432e-01) (6.213426e-02 -4.187302e-04 1.467932e-03))
500.22        	((1.051961e+00 2.252982e+02 -6.058621e+00) (-8.841377e-04 5.623288e+00 1.249363e+00)) ((9.837212e+01 3.822266e-01 1.454272e-01) (6.413540e-02 -9.346210e-05 1.013437e-03))
500.23        	((1.353811e+00 2.342725e+02 -2.405351e+01) (-1.314077e-03 5.584800e+00 1.270739e+00)) ((9.847796e+01 4.442471e-01 7.517135e-02) (6.725053e-02 -2.229991e-04 1.062897e-03))
500.24        	((1.119117e+00 2.696724e+02 -6.617591e+01) (-1.681246e-03 5.565315e+00 1.282060e+00)) ((1.044674e+02 4.515874e-01 9.001930e-02) (7.137215e-02 -3.638893e-04 1.099735e-03))
500.25        	((8.064973e-01 3.602756e+02 -2.199761e+02) (-1.992648e-03 5.562966e+00 1.268327e+00)) ((1.355906e+02 4.059603e-01 1.270581e-01) (7.741197e-02 -4.946874e-04 1.071023e-03))
500.26        	((9.021855e-01 3.672197e+02 -2.397012e+02) (-2.245816e-03 5.576072e+00 1.228935e+00)) ((1.415630e+02 3.849488e-01 1.429834e-01) (8.379525e-02 -6.278553e-04 1.003541e-03))
500.27        	((1.117035e+00 3.093775e+02 -1.550897e+02) (-2.417112e-03 5.578204e+00 1.198458e+00)) ((1.283406e+02 4.065159e-01 1.123848e-01) (9.207268e-02 -6.056679e-04 8.950495e-04))
500.28        	((1.131084e+00 2.576782e+02 -7.962916e+01) (-2.399096e-03 5.555773e+00 1.196864e+00)) ((1.175848e+02 4.493750e-01 5.264968e-02) (1.015198e-01 -7.479226e-04 1.046734e-03))
500.29        	((1.060530e+00 2.627380e+02 -9.547705e+01) (-2.750781e-03 5.516021e+00 1.212469e+00)) ((1.229485e+02 4.719810e-01 2.528562e-02) (1.089401e-01 -6.498712e-04 9.965737e-04))
500.3         	((1.060965e+00 2.990194e+02 -1.593945e+02) (-2.853463e-03 5.477980e+00 1.212964e+00)) ((1.351421e+02 4.677473e-01 3.570770e-02) (1.165833e-01 -7.451534e-04 1.103176e-03))
500.31        	((1.135997e+00 3.195998e+02 -1.958701e+02) (-3.114656e-03 5.451585e+00 1.186320e+00)) ((1.410283e+02 4.563099e-01 4.841593e-02) (1.267859e-01 -7.436796e-04 1.103834e-03))
500.32        	((1.199749e+00 3.112566e+02 -1.880974e+02) (-3.207397e-03 5.431549e+00 1.153966e+00)) ((1.386018e+02 4.387740e-01 5.870919e-02) (1.351249e-01 -7.584186e-04 1.136701e-03))
500.33        	((1.188638e+00 2.946790e+02 -1.723960e+02) (-3.199986e-03 5.408767e+00 1.121108e+00)) ((1.362383e+02 4.275013e-01 4.693457e-02) (1.446192e-01 -7.211368e-04 1.130839e-03))
500.34        	((1.132089e+00 2.883165e+02 -1.743160e+02) (-3.029345e-03 5.379141e+00 1.099930e+00)) ((1.377368e+02 4.240425e-01 2.246281e-02) (1.517095e-01 -6.934765e-04 1.127127e-03))
500.35        	((1.107749e+00 2.942813e+02 -1.932925e+02) (-2.853504e-03 5.345058e+00 1.077594e+00)) ((1.418588e+02 4.233971e-01 -3.740782e-03) (1.585604e-01 -6.721119e-04 1.110065e-03))
500.36        	((1.156505e+00 3.025400e+02 -2.116284e+02) (-2.593716e-03 5.310169e+00 1.048702e+00)) ((1.447786e+02 4.217026e-01 -2.865399e-02) (1.648655e-01 -6.950684e-04 1.115575e-03))
500.37        	((1.252932e+00 3.041193e+02 -2.156492e+02) (-2.417064e-03 5.276313e+00 1.014403e+00)) ((1.443536e+02 4.144911e-01 -4.880560e-02) (1.700628e-01 -6.549328e-04 1.051950e-03))
500.38        	((1.323830e+00 2.983876e+02 -2.060420e+02) (-2.156434e-03 5.243717e+00 9.820470e-01)) ((1.415196e+02 4.059645e-01 -7.310549e-02) (1.736915e-01 -6.266064e-04 1.014388e-03))
500.39        	((1.332809e+00 2.899344e+02 -1.925311e+02) (-1.880670e-03 5.206750e+00 9.568651e-01)) ((1.383898e+02 3.969839e-01 -1.057626e-01) (1.759356e-01 -5.738964e-04 1.004470e-03))
500.4         	((1.317211e+00 2.860017e+02 -1.870757e+02) (-1.550569e-03 5.171736e+00 9.363800e-01)) ((1.372053e+02 3.946979e-01 -1.415684e-01) (1.770462e-01 -5.749069e-04 9.669943e-04))
500.41        	((1.346280e+00 2.859415e+02 -1.886948e+02) (-1.334565e-03 5.135254e+00 9.165337e-01)) ((1.372230e+02 3.938591e-01 -1.757177e-01) (1.773185e-01 -5.006991e-04 8.919986e-04))
500.42        	((1.424030e+00 2.859134e+02 -1.904783e+02) (-1.004021e-03 5.098421e+00 8.963199e-01)) ((1.368723e+02 3.955092e-01 -2.089663e-01) (1.771189e-01 -4.945028e-04 8.810514e-04))
500.43        	((1.521917e+00 2.830702e+02 -1.875676e+02) (-7.770386e-04 5.056741e+00 8.741002e-01)) ((1.354334e+02 3.936829e-01 -2.377804e-01) (1.765809e-01 -4.220998e-04 7.865450e-04))
500.44        	((1.588269e+00 2.796130e+02 -1.824832e+02) (-7.184003e-04 5.015763e+00 8.523582e-01)) ((1.338616e+02 3.927997e-01 -2.629768e-01) (1.756441e-01 -3.405331e-04 7.477017e-04))
500.45        	((1.632736e+00 2.783988e+02 -1.800877e+02) (-9.172963e-04 4.975518e+00 8.291478e-01)) ((1.333295e+02 3.911900e-01 -2.812463e-01) (1.742840e-01 -1.770266e-04 6.795440e-04))
500.46        	((1.661011e+00 2.789467e+02 -1.809244e+02) (-4.689489e-04 4.936226e+00 8.071985e-01)) ((1.336585e+02 3.936209e-01 -3.059474e-01) (1.726575e-01 -2.498109e-04 6.540403e-04))
500.47        	((1.706637e+00 2.791193e+02 -1.826622e+02) (-3.715550e-04 4.897158e+00 7.844339e-01)) ((1.340364e+02 3.929087e-01 -3.274503e-01) (1.713946e-01 -1.253290e-04 5.171015e-04))
500.48        	((1.764824e+00 2.772932e+02 -1.824828e+02) (-2.913728e-04 4.857759e+00 7.633747e-01)) ((1.337764e+02 3.909170e-01 -3.418374e-01) (1.702601e-01 -7.073097e-05 5.115156e-04))
500.49        	((1.822539e+00 2.746263e+02 -1.808660e+02) (-3.743001e-05 4.819166e+00 7.417145e-01)) ((1.331873e+02 3.880413e-01 -3.479090e-01) (1.696281e-01 -6.496471e-05 4.941023e-04))
500.5         	((1.844297e+00 2.729722e+02 -1.797713e+02) (-1.538820e-04 4.781209e+00 7.205161e-01)) ((1.328745e+02 3.850621e-01 -3.529862e-01) (1.687217e-01 3.570998e-05 3.292237e-04))
500.51        	((1.830563e+00 2.733612e+02 -1.810636e+02) (1.082549e-04 4.744886e+00 6.967957e-01)) ((1.332658e+02 3.782651e-01 -3.531921e-01) (1.680982e-01 5.293454e-05 2.970715e-04))
500.52        	((1.799568e+00 2.743176e+02 -1.835725e+02) (-3.210774e-05 4.709619e+00 6.735489e-01)) ((1.339706e+02 3.687016e-01 -3.462670e-01) (1.673293e-01 1.702430e-04 2.188219e-04))
500.53        	((1.762497e+00 2.743173e+02 -1.856446e+02) (3.586468e-04 4.676809e+00 6.508014e-01)) ((1.345318e+02 3.568218e-01 -3.387737e-01) (1.672962e-01 1.393099e-04 1.575120e-04))
500.54        	((1.722525e+00 2.731352e+02 -1.866411e+02) (2.484521e-04 4.644222e+00 6.287222e-01)) ((1.348184e+02 3.383986e-01 -3.223642e-01) (1.669448e-01 2.944115e-04 3.408283e-05))
500.55        	((1.667040e+00 2.712249e+02 -1.863762e+02) (8.760206e-04 4.612744e+00 6.100607e-01)) ((1.348191e+02 3.170959e-01 -2.939609e-01) (1.682595e-01 2.609250e-04 -3.566750e-04))
500.56        	((1.623816e+00 2.704773e+02 -1.869952e+02) (5.017482e-04 4.583888e+00 5.889420e-01)) ((1.350134e+02 2.965548e-01 -2.673990e-01) (1.670103e-01 4.088417e-04 6.396063e-05))
500.57        	((1.581637e+00 2.708000e+02 -1.886770e+02) (7.012941e-04 4.555566e+00 5.693798e-01)) ((1.354229e+02 2.829409e-01 -2.516565e-01) (1.681766e-01 2.619775e-04 4.319290e-04))
500.58        	((1.533568e+00 2.713168e+02 -1.906730e+02) (4.825804e-04 4.531183e+00 5.494693e-01)) ((1.359321e+02 2.646666e-01 -2.329446e-01) (1.667934e-01 3.526519e-04 1.704165e-04))
500.59        	((1.474085e+00 2.713037e+02 -1.922899e+02) (6.433935e-04 4.506723e+00 5.313595e-01)) ((1.363585e+02 2.419926e-01 -2.097051e-01) (1.677147e-01 2.436942e-04 2.491151e-04))
500.6         	((1.418902e+00 2.707606e+02 -1.932909e+02) (3.681715e-04 4.483496e+00 5.125244e-01)) ((1.366952e+02 2.215298e-01 -1.884179e-01) (1.665900e-01 3.004869e-04 2.599595e-04))
500.61        	((1.370188e+00 2.701275e+02 -1.940136e+02) (1.597319e-04 4.461320e+00 4.966297e-01)) ((1.369669e+02 2.030956e-01 -1.669602e-01) (1.678109e-01 2.643051e-04 3.631998e-04))
500.62        	((1.319475e+00 2.697901e+02 -1.947350e+02) (1.368985e-04 4.440449e+00 4.796514e-01)) ((1.372743e+02 1.850341e-01 -1.447610e-01) (1.663304e-01 2.163895e-04 3.622942e-04))
500.63        	((1.270568e+00 2.697743e+02 -1.956892e+02) (-6.302128e-05 4.420197e+00 4.647459e-01)) ((1.376029e+02 1.612266e-01 -1.252548e-01) (1.671992e-01 2.221436e-04 3.420043e-04))
500.64        	((1.221471e+00 2.699157e+02 -1.967647e+02) (-3.928456e-04 4.401048e+00 4.485345e-01)) ((1.379772e+02 1.354585e-01 -1.061746e-01) (1.657489e-01 3.126916e-04 2.307227e-04))
500.65        	((1.178828e+00 2.700099e+02 -1.978766e+02) (-3.796132e-04 4.384039e+00 4.355727e-01)) ((1.383332e+02 1.109005e-01 -8.413460e-02) (1.666619e-01 3.043274e-04 2.111605e-04))
500.66        	((1.137721e+00 2.700183e+02 -1.988663e+02) (-2.564567e-04 4.368231e+00 4.219913e-01)) ((1.386916e+02 8.733204e-02 -6.061803e-02) (1.652809e-01 2.999341e-04 1.857814e-04))
500.67        	((1.100079e+00 2.700219e+02 -1.998644e+02) (-4.728451e-04 4.351578e+00 4.093224e-01)) ((1.390453e+02 6.924021e-02 -3.200714e-02) (1.658197e-01 3.949600e-04 1.335033e-04))
500.68        	((1.066777e+00 2.701660e+02 -2.008470e+02) (-3.517074e-04 4.337795e+00 3.969826e-01)) ((1.394546e+02 5.537992e-02 -5.294369e-03) (1.645239e-01 3.773165e-04 1.724430e-04))
500.69        	((1.048200e+00 2.704091e+02 -2.018501e+02) (-6.961989e-04 4.322909e+00 3.857548e-01)) ((1.398342e+02 3.956714e-02 2.140831e-02) (1.649720e-01 4.927257e-04 1.368744e-04))
500.7         	((1.030400e+00 2.707242e+02 -2.028809e+02) (-4.850475e-04 4.310560e+00 3.745470e-01)) ((1.402646e+02 2.037655e-02 4.432007e-02) (1.635956e-01 4.529853e-04 1.143152e-04))
500.71        	((1.017384e+00 2.710111e+02 -2.039761e+02) (-9.923009e-04 4.297359e+00 3.642392e-01)) ((1.406712e+02 -1.205118e-03 7.001253e-02) (1.640692e-01 6.103618e-04 -1.031122e-06))
500.72        	((9.927807e-01 2.713053e+02 -2.050624e+02) (-7.203291e-04 4.286398e+00 3.538791e-01)) ((1.410917e+02 -1.723639e-02 8.743961e-02) (1.627305e-01 5.343462e-04 2.502185e-05))
500.73        	((9.749139e-01 2.715936e+02 -2.061730e+02) (-1.311415e-03 4.274157e+00 3.440602e-01)) ((1.414636e+02 -3.130926e-02 1.087973e-01) (1.631496e-01 7.154305e-04 -7.938571e-05))
500.74        	((9.491612e-01 2.719637e+02 -2.072737e+02) (-9.188744e-04 4.264430e+00 3.344544e-01)) ((1.418598e+02 -4.170791e-02 1.247551e-01) (1.618550e-01 6.049051e-04 -5.596123e-05))
500.75        	((9.322760e-01 2.723615e+02 -2.084141e+02) (-1.349175e-03 4.253055e+00 3.251630e-01)) ((1.422267e+02 -5.375523e-02 1.460637e-01) (1.622155e-01 7.478810e-04 -1.701691e-04))
500.76        	((9.109443e-01 2.728016e+02 -2.095066e+02) (-9.559078e-04 4.244181e+00 3.159932e-01)) ((1.426128e+02 -6.165584e-02 1.578016e-01) (1.609517e-01 6.290811e-04 -7.499869e-05))
500.77        	((8.984394e-01 2.732188e+02 -2.106469e+02) (-1.329889e-03 4.233662e+00 3.070926e-01)) ((1.429857e+02 -6.953803e-02 1.702251e-01) (1.613358e-01 7.377020e-04 -7.398371e-05))
500.78        	((8.717378e-01 2.736432e+02 -2.117285e+02) (-9.148100e-04 4.225421e+00 2.981653e-01)) ((1.433726e+02 -7.640754e-02 1.783901e-01) (1.600001e-01 6.183581e-04 -6.331232e-05))
500.79        	((8.483838e-01 2.738743e+02 -2.124032e+02) (-1.112712e-03 4.215455e+00 2.906918e-01)) ((1.435772e+02 -8.560811e-02 1.920592e-01) (1.602920e-01 6.950509e-04 -2.262969e-04))
500.8         	((8.242542e-01 2.743353e+02 -2.134168e+02) (-8.370864e-04 4.207835e+00 2.819859e-01)) ((1.439268e+02 -8.602820e-02 1.911504e-01) (1.589008e-01 5.919076e-04 -2.587991e-05))
500.81        	((8.163427e-01 2.749134e+02 -2.147120e+02) (-1.243587e-03 4.198387e+00 2.734986e-01)) ((1.443343e+02 -8.412485e-02 1.899922e-01) (1.593776e-01 6.463465e-04 1.781850e-04))
500.82        	((7.918461e-01 2.753540e+02 -2.155927e+02) (-8.633032e-04 4.191462e+00 2.659159e-01)) ((1.446433e+02 -8.859353e-02 1.973301e-01) (1.579008e-01 5.695686e-04 -1.079628e-05))
500.83        	((7.755511e-01 2.758450e+02 -2.166465e+02) (-1.047687e-03 4.182881e+00 2.573296e-01)) ((1.449866e+02 -9.839845e-02 2.132686e-01) (1.579754e-01 6.865247e-04 -1.657977e-04))
500.84        	((7.770089e-01 2.762533e+02 -2.173774e+02) (-8.957541e-04 4.176113e+00 2.501035e-01)) ((1.452622e+02 -1.004917e-01 2.148850e-01) (1.567743e-01 5.972813e-04 2.668124e-05))
500.85        	((7.842751e-01 2.767878e+02 -2.183991e+02) (-1.191601e-03 4.168185e+00 2.415325e-01)) ((1.456143e+02 -1.036085e-01 2.197123e-01) (1.565854e-01 6.136099e-04 6.684903e-05))
500.86        	((7.620234e-01 2.772703e+02 -2.191864e+02) (-8.904845e-04 4.161229e+00 2.346322e-01)) ((1.459098e+02 -1.157315e-01 2.368299e-01) (1.558591e-01 5.778656e-04 -1.490514e-04))
500.87        	((7.781919e-01 2.778495e+02 -2.202131e+02) (-1.231533e-03 4.154008e+00 2.259804e-01)) ((1.462764e+02 -1.176803e-01 2.392804e-01) (1.553221e-01 7.020154e-04 3.946146e-05))
500.88        	((7.708455e-01 2.783415e+02 -2.209610e+02) (-1.032712e-03 4.147637e+00 2.191893e-01)) ((1.465700e+02 -1.264040e-01 2.505558e-01) (1.544344e-01 5.874482e-04 -6.706654e-05))
500.89        	((7.874206e-01 2.787790e+02 -2.215839e+02) (-1.336425e-03 4.139959e+00 2.119847e-01)) ((1.467956e+02 -1.308441e-01 2.557686e-01) (1.544564e-01 7.099186e-04 7.877803e-05))
500.9         	((7.817745e-01 2.792873e+02 -2.222340e+02) (-1.131755e-03 4.134601e+00 2.048506e-01)) ((1.470691e+02 -1.407976e-01 2.671034e-01) (1.529550e-01 6.504978e-04 -9.750876e-05))
500.91        	((7.745830e-01 2.799732e+02 -2.233739e+02) (-1.179351e-03 4.127562e+00 1.967759e-01)) ((1.474800e+02 -1.539433e-01 2.828563e-01) (1.530159e-01 7.136512e-04 -2.888445e-04))
500.92        	((7.906925e-01 2.805963e+02 -2.242777e+02) (-1.181339e-03 4.122385e+00 1.899026e-01)) ((1.478433e+02 -1.563017e-01 2.807599e-01) (1.517594e-01 6.791443e-04 -5.783376e-05))
500.93        	((7.995825e-01 2.811026e+02 -2.249541e+02) (-1.291924e-03 4.116341e+00 1.827144e-01)) ((1.481121e+02 -1.623245e-01 2.860594e-01) (1.511221e-01 6.450017e-04 -7.728570e-05))
500.94        	((7.903896e-01 2.816043e+02 -2.255867e+02) (-1.090213e-03 4.109761e+00 1.770227e-01)) ((1.483605e+02 -1.725806e-01 2.962378e-01) (1.515251e-01 6.518862e-04 -3.448578e-04))
500.95        	((7.903527e-01 2.821518e+02 -2.262467e+02) (-1.217661e-03 4.105399e+00 1.692845e-01)) ((1.486348e+02 -1.804611e-01 3.029639e-01) (1.496413e-01 6.683173e-04 -1.375703e-04))
500.96        	((7.876680e-01 2.827688e+02 -2.270558e+02) (-1.137152e-03 4.100587e+00 1.635115e-01)) ((1.489620e+02 -1.866457e-01 3.053723e-01) (1.491202e-01 6.624271e-04 -1.469166e-04))
500.97        	((7.995873e-01 2.833894e+02 -2.279347e+02) (-1.189682e-03 4.094738e+00 1.566298e-01)) ((1.492890e+02 -1.866892e-01 2.989676e-01) (1.488925e-01 6.438308e-04 6.079024e-05))
500.98        	((7.878953e-01 2.840143e+02 -2.287781e+02) (-1.025753e-03 4.091041e+00 1.503957e-01)) ((1.496402e+02 -1.939270e-01 3.028046e-01) (1.475796e-01 6.391289e-04 -1.308688e-04))
500.99        	((7.731880e-01 2.845873e+02 -2.295745e+02) (-8.744867e-04 4.086048e+00 1.439447e-01)) ((1.499529e+02 -2.027617e-01 3.098625e-01) (1.472950e-01 6.249168e-04 -1.882530e-04))
501           	((8.075560e-01 2.851682e+02 -2.303395e+02) (-1.294829e-03 4.080707e+00 1.388651e-01)) ((1.502685e+02 -1.932776e-01 2.892504e-01) (1.478851e-01 6.645172e-04 6.115699e-04))
501.01        	((8.126340e-01 2.857370e+02 -2.310727e+02) (-9.243409e-04 4.077976e+00 1.318272e-01)) ((1.505654e+02 -1.910130e-01 2.810780e-01) (1.459705e-01 5.179791e-04 1.041549e-04))
501.02        	((8.006429e-01 2.863283e+02 -2.318382e+02) (-9.114644e-04 4.074217e+00 1.265401e-01)) ((1.508854e+02 -1.993726e-01 2.880500e-01) (1.456009e-01 6.054926e-04 -1.435488e-04))
501.03        	((7.963922e-01 2.869043e+02 -2.325760e+02) (-8.200529e-04 4.071047e+00 1.198725e-01)) ((1.512051e+02 -2.036383e-01 2.886314e-01) (1.443266e-01 5.578841e-04 2.711225e-05))
501.04        	((8.102835e-01 2.874905e+02 -2.333417e+02) (-9.997354e-04 4.067805e+00 1.151112e-01)) ((1.515360e+02 -2.036615e-01 2.831815e-01) (1.441536e-01 6.389717e-04 1.419749e-04))
501.05        	((7.754242e-01 2.880501e+02 -2.340862e+02) (-5.289452e-04 4.063414e+00 1.093389e-01)) ((1.518432e+02 -2.209116e-01 3.044842e-01) (1.442952e-01 5.121856e-04 -4.463458e-04))
501.06        	((7.801487e-01 2.886229e+02 -2.348007e+02) (-8.172845e-04 4.062123e+00 1.037573e-01)) ((1.521680e+02 -2.283220e-01 3.100356e-01) (1.425096e-01 6.935739e-04 -1.217879e-04))
501.07        	((7.991780e-01 2.891642e+02 -2.355238e+02) (-9.234960e-04 4.056375e+00 9.919500e-02)) ((1.524551e+02 -2.255794e-01 3.010726e-01) (1.443143e-01 5.871503e-04 5.390234e-04))
501.08        	((8.301814e-01 2.897373e+02 -2.361952e+02) (-8.857315e-04 4.056758e+00 9.319798e-02)) ((1.527726e+02 -2.209569e-01 2.881754e-01) (1.413585e-01 6.822632e-04 3.459703e-05))
501.09        	((8.333366e-01 2.902788e+02 -2.368558e+02) (-6.781191e-04 4.054441e+00 8.765790e-02)) ((1.530773e+02 -2.233282e-01 2.878405e-01) (1.405687e-01 5.525923e-04 5.573214e-05))
501.1         	((8.225471e-01 2.908263e+02 -2.375337e+02) (-7.665240e-04 4.051630e+00 8.368013e-02)) ((1.533847e+02 -2.357064e-01 3.041343e-01) (1.409100e-01 6.475488e-04 -2.839326e-04))
501.11        	((8.162254e-01 2.913630e+02 -2.381595e+02) (-5.952492e-04 4.050534e+00 7.777035e-02)) ((1.536922e+02 -2.425759e-01 3.123908e-01) (1.392044e-01 5.701195e-04 -3.827149e-05))
501.12        	((8.225611e-01 2.919006e+02 -2.387965e+02) (-7.886220e-04 4.049233e+00 7.363775e-02)) ((1.540067e+02 -2.524955e-01 3.216956e-01) (1.385765e-01 7.180457e-04 -1.904398e-04))
501.13        	((8.180507e-01 2.924135e+02 -2.394474e+02) (-3.407278e-04 4.045463e+00 6.955356e-02)) ((1.542854e+02 -2.614818e-01 3.282159e-01) (1.396671e-01 5.858706e-04 -4.123397e-04))
501.14        	((8.260353e-01 2.929553e+02 -2.400509e+02) (-7.237149e-04 4.046046e+00 6.451967e-02)) ((1.545955e+02 -2.741521e-01 3.391195e-01) (1.374079e-01 7.598177e-04 -2.833518e-04))
501.15        	((8.203802e-01 2.934638e+02 -2.406498e+02) (-3.411910e-04 4.044197e+00 6.028892e-02)) ((1.548824e+02 -2.815111e-01 3.440401e-01) (1.372988e-01 5.721289e-04 -2.242353e-04))
501.16        	((8.660328e-01 2.939821e+02 -2.412377e+02) (-9.150431e-04 4.042941e+00 5.642490e-02)) ((1.551824e+02 -2.784394e-01 3.316890e-01) (1.369639e-01 8.048923e-04 9.147907e-05))
501.17        	((8.658423e-01 2.944827e+02 -2.417993e+02) (-4.044769e-04 4.042742e+00 5.171058e-02)) ((1.554760e+02 -2.805488e-01 3.302100e-01) (1.355462e-01 5.311338e-04 -1.897920e-05))
501.18        	((8.547564e-01 2.949811e+02 -2.423828e+02) (-6.167634e-04 4.041482e+00 4.855032e-02)) ((1.557689e+02 -2.996239e-01 3.523136e-01) (1.356650e-01 7.776241e-04 -5.794671e-04))
501.19        	((8.819093e-01 2.954651e+02 -2.429450e+02) (-5.076979e-04 4.040389e+00 4.444800e-02)) ((1.560486e+02 -2.935420e-01 3.376659e-01) (1.351727e-01 6.253692e-04 2.208715e-04))
501.2         	((8.937512e-01 2.959552e+02 -2.434828e+02) (-7.883011e-04 4.040937e+00 4.060887e-02)) ((1.563444e+02 -3.041838e-01 3.470435e-01) (1.337708e-01 7.860144e-04 -2.811656e-04))
501.21        	((8.821884e-01 2.964395e+02 -2.440494e+02) (-3.275957e-04 4.039774e+00 3.708103e-02)) ((1.566209e+02 -3.127805e-01 3.558192e-01) (1.336595e-01 5.557419e-04 -2.347910e-04))
501.22        	((9.264918e-01 2.969044e+02 -2.445807e+02) (-9.425833e-04 4.038888e+00 3.407800e-02)) ((1.568991e+02 -3.106456e-01 3.474944e-01) (1.336313e-01 8.591251e-04 8.936255e-05))
501.23        	((9.253935e-01 2.973669e+02 -2.450918e+02) (-3.860382e-04 4.039346e+00 2.996709e-02)) ((1.571735e+02 -3.124599e-01 3.486431e-01) (1.321848e-01 5.403646e-04 -4.194315e-05))
501.24        	((9.159261e-01 2.978279e+02 -2.456228e+02) (-4.655801e-04 4.037824e+00 2.763133e-02)) ((1.574451e+02 -3.303324e-01 3.723603e-01) (1.329784e-01 8.468317e-04 -8.844357e-04))
501.25        	((9.306359e-01 2.982718e+02 -2.461198e+02) (-4.133401e-04 4.038340e+00 2.364970e-02)) ((1.577039e+02 -3.276941e-01 3.671297e-01) (1.315890e-01 6.104592e-04 7.791939e-05))
501.26        	((9.304541e-01 2.987106e+02 -2.465954e+02) (-6.581378e-04 4.038902e+00 2.081288e-02)) ((1.579773e+02 -3.413583e-01 3.854108e-01) (1.308048e-01 8.002314e-04 -4.633341e-04))
501.27        	((9.403057e-01 2.991263e+02 -2.470462e+02) (-3.355412e-04 4.039125e+00 1.731911e-02)) ((1.582421e+02 -3.404163e-01 3.834307e-01) (1.298739e-01 6.415766e-04 -1.302968e-04))
501.28        	((9.639279e-01 2.995429e+02 -2.475128e+02) (-7.335210e-04 4.039352e+00 1.482762e-02)) ((1.585063e+02 -3.457122e-01 3.899406e-01) (1.294789e-01 8.765452e-04 -3.456541e-04))
501.29        	((9.709940e-01 2.999410e+02 -2.480060e+02) (-3.697746e-04 4.035385e+00 1.331442e-02)) ((1.587339e+02 -3.450746e-01 3.902775e-01) (1.322725e-01 6.514596e-04 -3.900359e-05))
501.3         	((9.913580e-01 3.003593e+02 -2.485302e+02) (-7.720375e-04 4.038811e+00 9.251097e-03)) ((1.589978e+02 -3.491506e-01 3.969215e-01) (1.288298e-01 8.879456e-04 -3.323012e-04))
501.31        	((9.858573e-01 3.007134e+02 -2.490143e+02) (-3.487829e-04 4.038181e+00 6.516017e-03)) ((1.592409e+02 -3.520004e-01 4.036543e-01) (1.287368e-01 6.438064e-04 -2.501180e-04))
501.32        	((1.009051e+00 3.010547e+02 -2.493844e+02) (-8.331606e-04 4.039277e+00 3.726581e-03)) ((1.594902e+02 -3.556738e-01 4.096858e-01) (1.274861e-01 9.062921e-04 -3.398353e-04))
501.33        	((1.037247e+00 3.013770e+02 -2.497220e+02) (-6.238382e-04 4.038742e+00 1.394557e-03)) ((1.597063e+02 -3.466105e-01 3.984339e-01) (1.275676e-01 6.823256e-04 1.259999e-04))
501.34        	((1.048577e+00 3.017238e+02 -2.500540e+02) (-9.386818e-04 4.039450e+00 -1.189610e-03)) ((1.599325e+02 -3.548501e-01 4.123193e-01) (1.266099e-01 8.802571e-04 -3.040840e-04))
501.35        	((1.045123e+00 3.020652e+02 -2.504172e+02) (-5.609699e-04 4.039183e+00 -3.751396e-03)) ((1.601418e+02 -3.591196e-01 4.215025e-01) (1.262965e-01 6.814897e-04 -1.430311e-04))
501.36        	((1.042975e+00 3.024179e+02 -2.508120e+02) (-6.588620e-04 4.037091e+00 -4.985321e-03)) ((1.603477e+02 -3.753271e-01 4.462501e-01) (1.277996e-01 9.695582e-04 -1.087331e-03))
501.37        	((1.047014e+00 3.027575e+02 -2.511591e+02) (-5.791828e-04 4.038691e+00 -8.393088e-03)) ((1.605468e+02 -3.797607e-01 4.545059e-01) (1.257692e-01 7.590501e-04 -1.856246e-04))
501.38        	((1.071856e+00 3.030880e+02 -2.514658e+02) (-9.684353e-04 4.039256e+00 -1.038489e-02)) ((1.607609e+02 -3.864841e-01 4.643018e-01) (1.251532e-01 1.000882e-03 -4.101468e-04))
501.39        	((1.093854e+00 3.033920e+02 -2.517449e+02) (-6.631947e-04 4.038964e+00 -1.263792e-02)) ((1.609585e+02 -3.834294e-01 4.612631e-01) (1.249518e-01 7.833449e-04 -8.905984e-05))
501.4         	((1.111038e+00 3.036976e+02 -2.520043e+02) (-1.008506e-03 4.039728e+00 -1.463375e-02)) ((1.611642e+02 -3.936390e-01 4.774660e-01) (1.241691e-01 1.027094e-03 -4.595183e-04))
501.41        	((1.117755e+00 3.039818e+02 -2.522684e+02) (-6.632319e-04 4.039543e+00 -1.665048e-02)) ((1.613469e+02 -3.981629e-01 4.867412e-01) (1.240086e-01 8.470692e-04 -2.657144e-04))
501.42        	((1.163750e+00 3.042745e+02 -2.525360e+02) (-1.275850e-03 4.039330e+00 -1.812472e-02)) ((1.615324e+02 -3.995766e-01 4.892825e-01) (1.240934e-01 1.086082e-03 -1.311385e-04))
501.43        	((1.155259e+00 3.045565e+02 -2.527743e+02) (-6.579605e-04 4.039591e+00 -2.022915e-02)) ((1.617072e+02 -4.120427e-01 5.101420e-01) (1.235551e-01 7.879350e-04 -4.455243e-04))
501.44        	((1.186295e+00 3.048435e+02 -2.529798e+02) (-1.169697e-03 4.040714e+00 -2.222109e-02)) ((1.618973e+02 -4.232710e-01 5.263520e-01) (1.224482e-01 1.122388e-03 -5.045975e-04))
501.45        	((1.210590e+00 3.051022e+02 -2.531775e+02) (-8.759588e-04 4.040714e+00 -2.414475e-02)) ((1.620670e+02 -4.265396e-01 5.323446e-01) (1.221134e-01 8.920518e-04 -2.364393e-04))
501.46        	((1.255755e+00 3.053575e+02 -2.533856e+02) (-1.390297e-03 4.040276e+00 -2.511029e-02)) ((1.622294e+02 -4.327299e-01 5.414184e-01) (1.225352e-01 1.150899e-03 -2.574274e-04))
501.47        	((1.253739e+00 3.055989e+02 -2.535597e+02) (-8.649267e-04 4.040444e+00 -2.732447e-02)) ((1.623815e+02 -4.467526e-01 5.641428e-01) (1.218584e-01 9.088177e-04 -4.853659e-04))
501.48        	((1.289375e+00 3.058480e+02 -2.537031e+02) (-1.339099e-03 4.041621e+00 -2.883322e-02)) ((1.625468e+02 -4.585550e-01 5.812736e-01) (1.209055e-01 1.206307e-03 -5.356735e-04))
501.49        	((1.329670e+00 3.060760e+02 -2.538430e+02) (-1.069834e-03 4.041449e+00 -3.027099e-02)) ((1.626921e+02 -4.583730e-01 5.819725e-01) (1.208674e-01 9.818025e-04 -1.645757e-04))
501.5         	((1.363719e+00 3.063055e+02 -2.539753e+02) (-1.442348e-03 4.042097e+00 -3.162360e-02)) ((1.628425e+02 -4.710579e-01 6.011668e-01) (1.202765e-01 1.174889e-03 -4.967808e-04))
501.51        	((1.380579e+00 3.065162e+02 -2.541216e+02) (-1.157596e-03 4.040383e+00 -3.223318e-02)) ((1.629655e+02 -4.796476e-01 6.158335e-01) (1.216427e-01 9.808081e-04 -2.887910e-04))
501.52        	((1.412299e+00 3.067345e+02 -2.542047e+02) (-1.534063e-03 4.042660e+00 -3.438044e-02)) ((1.631111e+02 -4.942488e-01 6.376118e-01) (1.195062e-01 1.252964e-03 -5.624775e-04))
501.53        	((1.437405e+00 3.069184e+02 -2.542748e+02) (-1.207915e-03 4.042905e+00 -3.572479e-02)) ((1.632385e+02 -5.024306e-01 6.507976e-01) (1.191588e-01 1.057446e-03 -3.598113e-04))
501.54        	((1.480086e+00 3.070989e+02 -2.542822e+02) (-1.617060e-03 4.042654e+00 -3.591858e-02)) ((1.633291e+02 -5.172256e-01 6.721287e-01) (1.195480e-01 1.313988e-03 -5.777656e-04))
501.55        	((1.506804e+00 3.072618e+02 -2.542421e+02) (-1.274950e-03 4.043354e+00 -3.763934e-02)) ((1.634098e+02 -5.285113e-01 6.895916e-01) (1.184934e-01 1.114595e-03 -4.106445e-04))
501.56        	((1.536255e+00 3.074405e+02 -2.543454e+02) (-1.597264e-03 4.043620e+00 -3.808126e-02)) ((1.635340e+02 -5.471488e-01 7.169923e-01) (1.186123e-01 1.359259e-03 -7.615337e-04))
501.57        	((1.595067e+00 3.076178e+02 -2.544280e+02) (-1.616791e-03 4.042623e+00 -3.893436e-02)) ((1.636393e+02 -5.463745e-01 7.167953e-01) (1.191080e-01 1.174005e-03 9.940577e-05))
501.58        	((1.632210e+00 3.077998e+02 -2.544633e+02) (-1.747859e-03 4.044336e+00 -3.992516e-02)) ((1.637480e+02 -5.663030e-01 7.467541e-01) (1.177991e-01 1.371425e-03 -6.948361e-04))
501.59        	((1.662571e+00 3.079423e+02 -2.545357e+02) (-1.440186e-03 4.044518e+00 -4.119494e-02)) ((1.638628e+02 -5.804175e-01 7.694681e-01) (1.174386e-01 1.256772e-03 -5.080872e-04))
501.6         	((1.716146e+00 3.080856e+02 -2.545630e+02) (-1.899300e-03 4.044222e+00 -4.141231e-02)) ((1.639590e+02 -5.993314e-01 7.976845e-01) (1.177454e-01 1.496615e-03 -6.192191e-04))
501.61        	((1.747372e+00 3.082120e+02 -2.545655e+02) (-1.565817e-03 4.045235e+00 -4.305821e-02)) ((1.640649e+02 -6.145134e-01 8.219298e-01) (1.165556e-01 1.304905e-03 -5.335352e-04))
501.62        	((1.784837e+00 3.083448e+02 -2.545831e+02) (-1.945545e-03 4.045815e+00 -4.341425e-02)) ((1.641794e+02 -6.381073e-01 8.570605e-01) (1.162996e-01 1.568309e-03 -8.312547e-04))
501.63        	((1.787866e+00 3.084577e+02 -2.546039e+02) (-1.203429e-03 4.043772e+00 -4.348840e-02)) ((1.642610e+02 -6.655242e-01 8.991729e-01) (1.178593e-01 1.438242e-03 -1.476821e-03))
501.64        	((1.823578e+00 3.085789e+02 -2.545843e+02) (-1.946100e-03 4.046015e+00 -4.488308e-02)) ((1.643447e+02 -6.925050e-01 9.387700e-01) (1.158773e-01 1.734685e-03 -1.037965e-03))
501.65        	((1.851929e+00 3.086664e+02 -2.545408e+02) (-1.657096e-03 4.046116e+00 -4.580736e-02)) ((1.644125e+02 -7.090440e-01 9.644558e-01) (1.155427e-01 1.562484e-03 -8.461078e-04))
501.66        	((1.898422e+00 3.087583e+02 -2.544758e+02) (-2.076631e-03 4.046853e+00 -4.632810e-02)) ((1.644928e+02 -7.274193e-01 9.916517e-01) (1.149815e-01 1.834280e-03 -1.039061e-03))
501.67        	((1.910422e+00 3.088401e+02 -2.544132e+02) (-1.699211e-03 4.046689e+00 -4.686547e-02)) ((1.645597e+02 -7.469417e-01 1.023157e+00) (1.149950e-01 1.627742e-03 -1.004333e-03))
501.68        	((1.941641e+00 3.089294e+02 -2.543386e+02) (-2.132591e-03 4.047399e+00 -4.750264e-02)) ((1.646399e+02 -7.684714e-01 1.056423e+00) (1.142866e-01 1.931605e-03 -1.185563e-03))
501.69        	((1.951928e+00 3.089912e+02 -2.542631e+02) (-1.814185e-03 4.047403e+00 -4.816158e-02)) ((1.646981e+02 -7.866662e-01 1.086641e+00) (1.140569e-01 1.739818e-03 -1.041815e-03))
501.7         	((1.947807e+00 3.090532e+02 -2.542040e+02) (-1.816277e-03 4.045959e+00 -4.770819e-02)) ((1.647507e+02 -8.214113e-01 1.139777e+00) (1.152735e-01 2.032341e-03 -2.008199e-03))
501.71        	((1.958094e+00 3.091113e+02 -2.541099e+02) (-1.785662e-03 4.047526e+00 -4.916526e-02)) ((1.647988e+02 -8.418233e-01 1.172391e+00) (1.135353e-01 1.897206e-03 -1.240098e-03))
501.72        	((1.978552e+00 3.091605e+02 -2.540169e+02) (-2.097687e-03 4.047660e+00 -4.912916e-02)) ((1.648494e+02 -8.663445e-01 1.209779e+00) (1.134780e-01 2.134282e-03 -1.570382e-03))
501.73        	((2.011135e+00 3.091959e+02 -2.538942e+02) (-1.871279e-03 4.047992e+00 -4.998981e-02)) ((1.648946e+02 -8.745847e-01 1.224461e+00) (1.127946e-01 1.992253e-03 -1.229301e-03))
501.74        	((2.051360e+00 3.092459e+02 -2.537669e+02) (-2.250867e-03 4.048404e+00 -4.997120e-02)) ((1.649481e+02 -8.905084e-01 1.250281e+00) (1.125261e-01 2.212236e-03 -1.432691e-03))
501.75        	((2.066041e+00 3.092839e+02 -2.536481e+02) (-1.964158e-03 4.048251e+00 -5.035369e-02)) ((1.649829e+02 -9.033319e-01 1.274569e+00) (1.124208e-01 2.029024e-03 -1.279404e-03))
501.76        	((2.068082e+00 3.093295e+02 -2.535551e+02) (-2.104851e-03 4.047136e+00 -4.985995e-02)) ((1.650152e+02 -9.305640e-01 1.318795e+00) (1.133198e-01 2.303356e-03 -2.028092e-03))
501.77        	((2.087817e+00 3.093645e+02 -2.534310e+02) (-2.053611e-03 4.048428e+00 -5.083670e-02)) ((1.650438e+02 -9.394280e-01 1.336211e+00) (1.119265e-01 2.163032e-03 -1.346454e-03))
501.78        	((2.122221e+00 3.093897e+02 -2.533077e+02) (-2.441370e-03 4.048847e+00 -5.059070e-02)) ((1.650778e+02 -9.517863e-01 1.356853e+00) (1.117250e-01 2.364813e-03 -1.527948e-03))
501.79        	((2.127594e+00 3.093879e+02 -2.531750e+02) (-1.965674e-03 4.047867e+00 -5.054782e-02)) ((1.650916e+02 -9.632932e-01 1.377912e+00) (1.122924e-01 2.211228e-03 -1.676978e-03))
501.8         	((2.171808e+00 3.093976e+02 -2.530122e+02) (-2.491864e-03 4.049079e+00 -5.084341e-02)) ((1.651232e+02 -9.704274e-01 1.390295e+00) (1.111989e-01 2.469482e-03 -1.529810e-03))
501.81        	((2.202908e+00 3.093928e+02 -2.528549e+02) (-2.211219e-03 4.049106e+00 -5.099824e-02)) ((1.651412e+02 -9.694811e-01 1.392746e+00) (1.109863e-01 2.248959e-03 -1.261912e-03))
501.82        	((2.238854e+00 3.093987e+02 -2.527178e+02) (-2.551056e-03 4.049347e+00 -5.072218e-02)) ((1.651635e+02 -9.758921e-01 1.404682e+00) (1.108024e-01 2.460230e-03 -1.451090e-03))
501.83        	((2.256210e+00 3.093942e+02 -2.525875e+02) (-2.212724e-03 4.049144e+00 -5.087111e-02)) ((1.651704e+02 -9.771754e-01 1.410527e+00) (1.106876e-01 2.266556e-03 -1.247643e-03))
501.84        	((2.276808e+00 3.093971e+02 -2.524648e+02) (-2.525858e-03 4.049203e+00 -5.045299e-02)) ((1.651816e+02 -9.875597e-01 1.427903e+00) (1.106642e-01 2.474193e-03 -1.491089e-03))
501.85        	((2.270480e+00 3.093864e+02 -2.523372e+02) (-2.016362e-03 4.047823e+00 -5.018081e-02)) ((1.651758e+02 -9.976933e-01 1.445781e+00) (1.114943e-01 2.322969e-03 -1.727814e-03))
501.86        	((2.301264e+00 3.093862e+02 -2.521859e+02) (-2.539929e-03 4.049336e+00 -5.028657e-02)) ((1.651885e+02 -1.004085e+00 1.455344e+00) (1.102340e-01 2.567683e-03 -1.467331e-03))
501.87        	((2.321791e+00 3.093656e+02 -2.520336e+02) (-2.267224e-03 4.049331e+00 -5.018728e-02)) ((1.651909e+02 -1.000715e+00 1.452354e+00) (1.101089e-01 2.341482e-03 -1.204916e-03))
501.88        	((2.335727e+00 3.093506e+02 -2.519082e+02) (-2.521516e-03 4.049204e+00 -4.943346e-02)) ((1.651958e+02 -1.008660e+00 1.464966e+00) (1.103783e-01 2.533887e-03 -1.548210e-03))
501.89        	((2.351384e+00 3.093248e+02 -2.517723e+02) (-2.258490e-03 4.049471e+00 -4.970366e-02)) ((1.651942e+02 -1.003794e+00 1.459743e+00) (1.098479e-01 2.388571e-03 -1.197904e-03))
501.9         	((2.369044e+00 3.093060e+02 -2.516449e+02) (-2.570929e-03 4.049704e+00 -4.903333e-02)) ((1.651973e+02 -1.007782e+00 1.466240e+00) (1.098307e-01 2.567281e-03 -1.398356e-03))
501.91        	((2.357080e+00 3.092745e+02 -2.515232e+02) (-2.103892e-03 4.048851e+00 -4.868135e-02)) ((1.651824e+02 -1.011797e+00 1.474191e+00) (1.103563e-01 2.392986e-03 -1.466519e-03))
501.92        	((2.381679e+00 3.092570e+02 -2.513795e+02) (-2.580680e-03 4.049942e+00 -4.855143e-02)) ((1.651866e+02 -1.011838e+00 1.473614e+00) (1.094755e-01 2.617391e-03 -1.335818e-03))
501.93        	((2.393651e+00 3.092223e+02 -2.512374e+02) (-2.292406e-03 4.049963e+00 -4.835814e-02)) ((1.651799e+02 -1.003165e+00 1.462016e+00) (1.093681e-01 2.376927e-03 -1.054511e-03))
501.94        	((2.409637e+00 3.091921e+02 -2.511100e+02) (-2.626673e-03 4.050207e+00 -4.776334e-02)) ((1.651796e+02 -1.001609e+00 1.459700e+00) (1.092812e-01 2.565619e-03 -1.226717e-03))
501.95        	((2.404514e+00 3.091478e+02 -2.509899e+02) (-2.289766e-03 4.050017e+00 -4.759403e-02)) ((1.651653e+02 -9.956450e-01 1.452471e+00) (1.092874e-01 2.352718e-03 -1.022031e-03))
501.96        	((2.393295e+00 3.091130e+02 -2.508781e+02) (-2.477779e-03 4.049491e+00 -4.664736e-02)) ((1.651534e+02 -1.002433e+00 1.462223e+00) (1.098921e-01 2.531292e-03 -1.479252e-03))
501.97        	((2.394299e+00 3.090756e+02 -2.507400e+02) (-2.236024e-03 4.050144e+00 -4.693805e-02)) ((1.651408e+02 -9.935512e-01 1.449261e+00) (1.090993e-01 2.381808e-03 -9.947495e-04))
501.98        	((2.405006e+00 3.090459e+02 -2.506094e+02) (-2.541200e-03 4.050508e+00 -4.622097e-02)) ((1.651370e+02 -9.903997e-01 1.443282e+00) (1.090284e-01 2.551025e-03 -1.147548e-03))
501.99        	((2.384919e+00 3.089999e+02 -2.504900e+02) (-2.096924e-03 4.049886e+00 -4.572573e-02)) ((1.651155e+02 -9.865426e-01 1.438273e+00) (1.095049e-01 2.316971e-03 -1.118619e-03))
502           	((2.392014e+00 3.089639e+02 -2.503645e+02) (-2.476304e-03 4.050694e+00 -4.545253e-02)) ((1.651103e+02 -9.815796e-01 1.429569e+00) (1.088906e-01 2.557836e-03 -1.110800e-03))
502.01        	((2.380626e+00 3.089127e+02 -2.502406e+02) (-2.134755e-03 4.050652e+00 -4.512170e-02)) ((1.650918e+02 -9.710631e-01 1.414579e+00) (1.089230e-01 2.315967e-03 -8.755433e-04))
502.02        	((2.350668e+00 3.088692e+02 -2.501330e+02) (-1.981712e-03 4.048644e+00 -4.344561e-02)) ((1.650711e+02 -9.776931e-01 1.423521e+00) (1.108924e-01 2.523510e-03 -1.943204e-03))
502.03        	((2.323149e+00 3.088262e+02 -2.500114e+02) (-1.997536e-03 4.050613e+00 -4.414617e-02)) ((1.650459e+02 -9.732885e-01 1.417337e+00) (1.090610e-01 2.335100e-03 -9.557335e-04))
502.04        	((2.320013e+00 3.087870e+02 -2.498944e+02) (-2.343747e-03 4.051209e+00 -4.355724e-02)) ((1.650380e+02 -9.666866e-01 1.405635e+00) (1.087755e-01 2.518467e-03 -1.022050e-03))
502.05        	((2.296501e+00 3.087344e+02 -2.497785e+02) (-1.911523e-03 4.050868e+00 -4.308683e-02)) ((1.650164e+02 -9.559388e-01 1.389326e+00) (1.090716e-01 2.286053e-03 -9.082611e-04))
502.06        	((2.304033e+00 3.086890e+02 -2.496422e+02) (-2.294241e-03 4.051603e+00 -4.261676e-02)) ((1.650105e+02 -9.427426e-01 1.368007e+00) (1.086189e-01 2.477054e-03 -9.093287e-04))
502.07        	((2.293104e+00 3.086307e+02 -2.495206e+02) (-1.964551e-03 4.051631e+00 -4.226333e-02)) ((1.649922e+02 -9.233999e-01 1.340437e+00) (1.086194e-01 2.207016e-03 -6.246446e-04))
502.08        	((2.284071e+00 3.085812e+02 -2.494130e+02) (-2.273842e-03 4.051913e+00 -4.152928e-02)) ((1.649796e+02 -9.121742e-01 1.323756e+00) (1.086201e-01 2.365846e-03 -7.825461e-04))
502.09        	((2.254872e+00 3.085240e+02 -2.493129e+02) (-1.911306e-03 4.051759e+00 -4.124739e-02)) ((1.649549e+02 -8.961143e-01 1.301367e+00) (1.086996e-01 2.118517e-03 -5.522398e-04))
502.1         	((2.222353e+00 3.084797e+02 -2.492168e+02) (-2.113561e-03 4.051455e+00 -4.025485e-02)) ((1.649346e+02 -8.913894e-01 1.293315e+00) (1.092299e-01 2.263482e-03 -9.212751e-04))
502.11        	((2.198927e+00 3.084335e+02 -2.491015e+02) (-1.797386e-03 4.051925e+00 -4.036987e-02)) ((1.649147e+02 -8.718657e-01 1.263643e+00) (1.086875e-01 2.075899e-03 -4.866052e-04))
502.12        	((2.182217e+00 3.083960e+02 -2.489910e+02) (-2.048394e-03 4.052234e+00 -3.949805e-02)) ((1.649041e+02 -8.585456e-01 1.241493e+00) (1.087819e-01 2.210093e-03 -6.564597e-04))
502.13        	((2.129665e+00 3.083428e+02 -2.488891e+02) (-1.352871e-03 4.050690e+00 -3.868957e-02)) ((1.648740e+02 -8.465120e-01 1.223058e+00) (1.100446e-01 1.994146e-03 -9.733018e-04))
502.14        	((2.112057e+00 3.083054e+02 -2.487822e+02) (-1.859910e-03 4.052454e+00 -3.862228e-02)) ((1.648642e+02 -8.322822e-01 1.199493e+00) (1.087522e-01 2.168143e-03 -5.883632e-04))
502.15        	((2.081184e+00 3.082487e+02 -2.486859e+02) (-1.447310e-03 4.052417e+00 -3.820447e-02)) ((1.648433e+02 -8.110945e-01 1.167855e+00) (1.088654e-01 1.864490e-03 -3.164183e-04))
502.16        	((2.055077e+00 3.081998e+02 -2.485949e+02) (-1.657129e-03 4.052538e+00 -3.749403e-02)) ((1.648280e+02 -7.988198e-01 1.147837e+00) (1.089830e-01 2.042626e-03 -5.467190e-04))
502.17        	((2.032266e+00 3.081427e+02 -2.484831e+02) (-1.291605e-03 4.052776e+00 -3.742189e-02)) ((1.648058e+02 -7.752522e-01 1.112105e+00) (1.087338e-01 1.789055e-03 -1.704737e-04))
502.18        	((2.013209e+00 3.080978e+02 -2.483877e+02) (-1.531838e-03 4.053101e+00 -3.656000e-02)) ((1.647909e+02 -7.614351e-01 1.089522e+00) (1.088545e-01 1.903940e-03 -3.317797e-04))
502.19        	((1.963478e+00 3.080408e+02 -2.483010e+02) (-9.262233e-04 4.052122e+00 -3.596578e-02)) ((1.647572e+02 -7.499897e-01 1.071861e+00) (1.096948e-01 1.652311e-03 -4.279322e-04))
502.2         	((1.956004e+00 3.080026e+02 -2.481991e+02) (-1.349877e-03 4.053421e+00 -3.576172e-02)) ((1.647468e+02 -7.345448e-01 1.045618e+00) (1.088321e-01 1.824993e-03 -2.265426e-04))
502.21        	((1.937627e+00 3.079466e+02 -2.480997e+02) (-9.548775e-04 4.053523e+00 -3.546282e-02)) ((1.647256e+02 -7.114863e-01 1.010035e+00) (1.088536e-01 1.514121e-03 9.288318e-05))
502.22        	((1.922834e+00 3.078971e+02 -2.480139e+02) (-1.200783e-03 4.053837e+00 -3.472585e-02)) ((1.647106e+02 -6.975456e-01 9.867606e-01) (1.089367e-01 1.654139e-03 -8.212254e-05))
502.23        	((1.874935e+00 3.078353e+02 -2.479379e+02) (-6.228513e-04 4.052915e+00 -3.409529e-02)) ((1.646758e+02 -6.862040e-01 9.689476e-01) (1.097969e-01 1.361041e-03 -1.460439e-04))
502.24        	((1.866651e+00 3.077941e+02 -2.478420e+02) (-9.921428e-04 4.054142e+00 -3.390284e-02)) ((1.646626e+02 -6.720565e-01 9.442526e-01) (1.089973e-01 1.574909e-03 -2.089714e-05))
502.25        	((1.846829e+00 3.077404e+02 -2.477476e+02) (-5.734062e-04 4.054236e+00 -3.361028e-02)) ((1.646390e+02 -6.520031e-01 9.124967e-01) (1.090563e-01 1.280389e-03 2.619623e-04))
502.26        	((1.825286e+00 3.076949e+02 -2.476695e+02) (-7.854407e-04 4.054381e+00 -3.276041e-02)) ((1.646206e+02 -6.438712e-01 8.970528e-01) (1.093643e-01 1.426393e-03 -1.563855e-05))
502.27        	((1.797374e+00 3.076401e+02 -2.475877e+02) (-3.648042e-04 4.054492e+00 -3.275291e-02)) ((1.645949e+02 -6.277832e-01 8.712037e-01) (1.092605e-01 1.205915e-03 2.595520e-04))
502.28        	((1.765772e+00 3.075951e+02 -2.475163e+02) (-4.524972e-04 4.054174e+00 -3.174315e-02)) ((1.645730e+02 -6.241612e-01 8.620432e-01) (1.099677e-01 1.381311e-03 -2.232322e-04))
502.29        	((1.748245e+00 3.075464e+02 -2.474208e+02) (-1.757337e-04 4.055042e+00 -3.196903e-02)) ((1.645512e+02 -6.049057e-01 8.307595e-01) (1.092754e-01 1.134333e-03 3.338215e-04))
502.3         	((1.740826e+00 3.075039e+02 -2.473372e+02) (-4.599803e-04 4.055594e+00 -3.123780e-02)) ((1.645391e+02 -5.915157e-01 8.073277e-01) (1.092974e-01 1.268038e-03 1.908736e-04))
502.31        	((1.712762e+00 3.074476e+02 -2.472629e+02) (-3.011690e-05 4.055550e+00 -3.102468e-02)) ((1.645133e+02 -5.752414e-01 7.819339e-01) (1.094500e-01 9.992638e-04 4.050801e-04))
502.32        	((1.672132e+00 3.074003e+02 -2.472088e+02) (-1.086323e-04 4.054904e+00 -2.991223e-02)) ((1.644882e+02 -5.750310e-01 7.789307e-01) (1.104561e-01 1.161253e-03 -1.923145e-04))
502.33        	((1.649313e+00 3.073536e+02 -2.471250e+02) (1.672520e-04 4.055949e+00 -3.034243e-02)) ((1.644645e+02 -5.591634e-01 7.533465e-01) (1.095709e-01 9.634120e-04 3.956094e-04))
502.34        	((1.636026e+00 3.073152e+02 -2.470508e+02) (-1.053565e-04 4.056493e+00 -2.964544e-02)) ((1.644515e+02 -5.499834e-01 7.362973e-01) (1.096246e-01 1.118948e-03 2.173303e-04))
502.35        	((1.589477e+00 3.072623e+02 -2.469888e+02) (5.268248e-04 4.055473e+00 -2.900100e-02)) ((1.644188e+02 -5.438746e-01 7.255876e-01) (1.106848e-01 8.544076e-04 3.548893e-05))
502.36        	((1.581437e+00 3.072275e+02 -2.469124e+02) (9.402118e-05 4.057010e+00 -2.897995e-02)) ((1.644076e+02 -5.347448e-01 7.085564e-01) (1.097597e-01 1.089286e-03 1.949285e-04))
502.37        	((1.559228e+00 3.071757e+02 -2.468435e+02) (5.080748e-04 4.057159e+00 -2.879929e-02)) ((1.643850e+02 -5.201178e-01 6.855725e-01) (1.098424e-01 8.102371e-04 4.511251e-04))
502.38        	((1.526810e+00 3.071318e+02 -2.467944e+02) (3.764867e-04 4.056833e+00 -2.780775e-02)) ((1.643639e+02 -5.203529e-01 6.835089e-01) (1.106444e-01 9.828412e-04 -6.794993e-05))
502.39        	((1.511221e+00 3.070851e+02 -2.467190e+02) (6.787638e-04 4.057665e+00 -2.820225e-02)) ((1.643431e+02 -5.049960e-01 6.594207e-01) (1.099645e-01 7.836430e-04 4.318954e-04))
502.4         	((1.505253e+00 3.070472e+02 -2.466544e+02) (3.774202e-04 4.058319e+00 -2.756859e-02)) ((1.643320e+02 -4.966940e-01 6.446859e-01) (1.100040e-01 9.473449e-04 2.522387e-04))
502.41        	((1.479253e+00 3.069974e+02 -2.465969e+02) (8.078406e-04 4.058271e+00 -2.740107e-02)) ((1.643070e+02 -4.866297e-01 6.292243e-01) (1.102335e-01 6.872830e-04 4.252761e-04))
502.42        	((1.448412e+00 3.069584e+02 -2.465546e+02) (6.800280e-04 4.057904e+00 -2.658687e-02)) ((1.642856e+02 -4.903182e-01 6.324774e-01) (1.110178e-01 9.141796e-04 -1.437496e-04))
502.43        	((1.436410e+00 3.069172e+02 -2.464850e+02) (9.473107e-04 4.058956e+00 -2.694369e-02)) ((1.642656e+02 -4.779944e-01 6.127475e-01) (1.102701e-01 6.951004e-04 4.088577e-04))
502.44        	((1.438805e+00 3.068839e+02 -2.464243e+02) (6.279481e-04 4.059605e+00 -2.630872e-02)) ((1.642571e+02 -4.706807e-01 5.993007e-01) (1.103118e-01 8.583643e-04 2.298346e-04))
502.45        	((1.422671e+00 3.068362e+02 -2.463714e+02) (1.036165e-03 4.059680e+00 -2.619401e-02)) ((1.642348e+02 -4.604290e-01 5.836629e-01) (1.105020e-01 6.059561e-04 4.141763e-04))
502.46        	((1.388679e+00 3.067972e+02 -2.463442e+02) (1.219541e-03 4.057537e+00 -2.460512e-02)) ((1.642109e+02 -4.687751e-01 5.942018e-01) (1.128750e-01 8.293045e-04 -8.351487e-04))
502.47        	((1.355043e+00 3.067613e+02 -2.463000e+02) (1.250855e-03 4.059931e+00 -2.556275e-02)) ((1.641803e+02 -4.691281e-01 5.942977e-01) (1.109657e-01 6.319288e-04 1.987571e-04))
502.48        	((1.366754e+00 3.067315e+02 -2.462421e+02) (8.543780e-04 4.060925e+00 -2.524913e-02)) ((1.641746e+02 -4.621464e-01 5.812211e-01) (1.106180e-01 8.414615e-04 1.390607e-04))
502.49        	((1.370338e+00 3.066876e+02 -2.461843e+02) (1.230968e-03 4.061145e+00 -2.512104e-02)) ((1.641592e+02 -4.482517e-01 5.597225e-01) (1.107527e-01 5.738337e-04 3.650049e-04))
502.5         	((1.361639e+00 3.066512e+02 -2.461520e+02) (1.008619e-03 4.061113e+00 -2.429186e-02)) ((1.641446e+02 -4.495232e-01 5.600492e-01) (1.113579e-01 7.609369e-04 -8.040279e-05))
502.51        	((1.365813e+00 3.066088e+02 -2.460992e+02) (1.277961e-03 4.061748e+00 -2.468919e-02)) ((1.641275e+02 -4.366952e-01 5.408421e-01) (1.109153e-01 5.676642e-04 3.168673e-04))
502.52        	((1.377600e+00 3.065764e+02 -2.460591e+02) (9.086109e-04 4.062343e+00 -2.414819e-02)) ((1.641194e+02 -4.312056e-01 5.316276e-01) (1.109703e-01 7.437573e-04 1.233559e-04))
502.53        	((1.371758e+00 3.065330e+02 -2.460238e+02) (1.281480e-03 4.062399e+00 -2.412226e-02)) ((1.640977e+02 -4.231315e-01 5.203061e-01) (1.111620e-01 4.907215e-04 3.133009e-04))
502.54        	((1.351765e+00 3.065022e+02 -2.460106e+02) (1.318915e-03 4.060609e+00 -2.274630e-02)) ((1.640766e+02 -4.324567e-01 5.329936e-01) (1.132304e-01 7.222773e-04 -8.056078e-04))
502.55        	((1.336111e+00 3.064765e+02 -2.459787e+02) (1.355196e-03 4.062755e+00 -2.365925e-02)) ((1.640526e+02 -4.324145e-01 5.332125e-01) (1.115426e-01 5.411779e-04 1.177190e-04))
502.56        	((1.353718e+00 3.064563e+02 -2.459423e+02) (9.786703e-04 4.063660e+00 -2.336145e-02)) ((1.640486e+02 -4.275746e-01 5.246554e-01) (1.113251e-01 7.467072e-04 9.379118e-06))
502.57        	((1.354500e+00 3.064236e+02 -2.459130e+02) (1.422933e-03 4.063459e+00 -2.308367e-02)) ((1.640333e+02 -4.206659e-01 5.141282e-01) (1.118189e-01 4.899313e-04 7.343537e-05))
502.58        	((1.383105e+00 3.064005e+02 -2.458720e+02) (9.632139e-04 4.064410e+00 -2.297626e-02)) ((1.640332e+02 -4.124097e-01 5.002702e-01) (1.114431e-01 7.351598e-04 -6.491592e-06))
502.59        	((1.393001e+00 3.063584e+02 -2.458379e+02) (1.290252e-03 4.064600e+00 -2.296529e-02)) ((1.640173e+02 -4.013113e-01 4.844426e-01) (1.115643e-01 4.683550e-04 2.304828e-04))
502.6         	((1.396312e+00 3.063240e+02 -2.458211e+02) (9.465110e-04 4.064838e+00 -2.238111e-02)) ((1.640046e+02 -4.019239e-01 4.854836e-01) (1.118899e-01 6.640821e-04 -9.677220e-05))
502.61        	((1.398867e+00 3.062852e+02 -2.457965e+02) (1.270578e-03 4.065062e+00 -2.264763e-02)) ((1.639857e+02 -3.944869e-01 4.757799e-01) (1.118135e-01 4.757145e-04 1.421974e-04))
502.62        	((1.398467e+00 3.062642e+02 -2.457864e+02) (1.079072e-03 4.064801e+00 -2.183218e-02)) ((1.639733e+02 -3.985570e-01 4.816671e-01) (1.126405e-01 6.955591e-04 -4.236314e-04))
502.63        	((1.415732e+00 3.062417e+02 -2.457483e+02) (1.242437e-03 4.065810e+00 -2.236124e-02)) ((1.639618e+02 -3.881191e-01 4.664485e-01) (1.118897e-01 4.943805e-04 1.217318e-04))
502.64        	((1.440546e+00 3.062218e+02 -2.457206e+02) (8.768104e-04 4.066459e+00 -2.189884e-02)) ((1.639589e+02 -3.819580e-01 4.569806e-01) (1.119323e-01 6.600520e-04 -5.134144e-05))
502.65        	((1.444655e+00 3.061870e+02 -2.457054e+02) (1.241395e-03 4.066433e+00 -2.187806e-02)) ((1.639427e+02 -3.744551e-01 4.472826e-01) (1.122046e-01 4.174886e-04 9.951580e-05))
502.66        	((1.448621e+00 3.061608e+02 -2.457016e+02) (9.428326e-04 4.066527e+00 -2.143313e-02)) ((1.639335e+02 -3.761642e-01 4.501430e-01) (1.125368e-01 6.677116e-04 -2.858695e-04))
502.67        	((1.463083e+00 3.061285e+02 -2.456758e+02) (1.213401e-03 4.067117e+00 -2.177755e-02)) ((1.639221e+02 -3.656344e-01 4.355456e-01) (1.121952e-01 4.622807e-04 8.963561e-05))
502.68        	((1.483732e+00 3.061080e+02 -2.456567e+02) (8.489105e-04 4.067703e+00 -2.129206e-02)) ((1.639191e+02 -3.611719e-01 4.291652e-01) (1.122903e-01 6.457584e-04 -1.204442e-04))
502.69        	((1.475028e+00 3.060774e+02 -2.456521e+02) (1.302335e-03 4.067132e+00 -2.099324e-02)) ((1.638995e+02 -3.596176e-01 4.285757e-01) (1.130471e-01 4.039741e-04 -1.798446e-04))
502.7         	((1.498334e+00 3.060626e+02 -2.456319e+02) (8.363420e-04 4.068237e+00 -2.110204e-02)) ((1.638981e+02 -3.544203e-01 4.212326e-01) (1.124194e-01 6.650448e-04 -1.600131e-04))
502.71        	((1.508628e+00 3.060336e+02 -2.456167e+02) (1.137271e-03 4.068412e+00 -2.113248e-02)) ((1.638866e+02 -3.451690e-01 4.092303e-01) (1.125318e-01 4.304371e-04 5.585386e-05))
502.72        	((1.509718e+00 3.060128e+02 -2.456205e+02) (8.918915e-04 4.068316e+00 -2.046090e-02)) ((1.638784e+02 -3.476730e-01 4.137889e-01) (1.131391e-01 6.064132e-04 -3.697279e-04))
502.73        	((1.522037e+00 3.059865e+02 -2.456036e+02) (1.103988e-03 4.068949e+00 -2.097562e-02)) ((1.638689e+02 -3.379666e-01 4.008516e-01) (1.126613e-01 4.605343e-04 6.244991e-06))
502.74        	((1.538032e+00 3.059688e+02 -2.455962e+02) (7.687473e-04 4.069395e+00 -2.056232e-02)) ((1.638668e+02 -3.346804e-01 3.966337e-01) (1.127563e-01 6.293847e-04 -1.878110e-04))
502.75        	((1.519252e+00 3.059415e+02 -2.456065e+02) (1.413558e-03 4.067800e+00 -1.992919e-02)) ((1.638468e+02 -3.372728e-01 4.022368e-01) (1.143721e-01 4.231190e-04 -6.450787e-04))
502.76        	((1.529954e+00 3.059333e+02 -2.455969e+02) (8.089125e-04 4.069761e+00 -2.041150e-02)) ((1.638428e+02 -3.379361e-01 4.037218e-01) (1.129997e-01 6.622545e-04 -2.825835e-04))
502.77        	((1.524098e+00 3.059071e+02 -2.455978e+02) (1.238455e-03 4.069380e+00 -2.026472e-02)) ((1.638284e+02 -3.352799e-01 4.013389e-01) (1.135564e-01 4.238474e-04 -2.542376e-04))
502.78        	((1.553135e+00 3.058961e+02 -2.455824e+02) (7.314692e-04 4.070466e+00 -2.032263e-02)) ((1.638341e+02 -3.282923e-01 3.908424e-01) (1.129533e-01 6.676230e-04 -2.259794e-04))
502.79        	((1.567972e+00 3.058699e+02 -2.455718e+02) (1.016427e-03 4.070602e+00 -2.040795e-02)) ((1.638276e+02 -3.168472e-01 3.755901e-01) (1.130348e-01 4.199929e-04 1.625813e-05))
502.8         	((1.578064e+00 3.058550e+02 -2.455726e+02) (6.508621e-04 4.070964e+00 -2.006299e-02)) ((1.638252e+02 -3.146372e-01 3.746337e-01) (1.131587e-01 6.154418e-04 -2.174199e-04))
502.81        	((1.550135e+00 3.058339e+02 -2.455961e+02) (1.337852e-03 4.068790e+00 -1.939626e-02)) ((1.638050e+02 -3.202435e-01 3.858375e-01) (1.151424e-01 4.035967e-04 -8.308510e-04))
502.82        	((1.537025e+00 3.058408e+02 -2.456127e+02) (6.858099e-04 4.071048e+00 -1.996291e-02)) ((1.637935e+02 -3.299164e-01 4.023831e-01) (1.135171e-01 6.544279e-04 -3.696568e-04))
502.83        	((1.541409e+00 3.058242e+02 -2.456101e+02) (9.977472e-04 4.071318e+00 -2.022652e-02)) ((1.637863e+02 -3.240985e-01 3.944469e-01) (1.134146e-01 4.395501e-04 -8.684409e-05))
502.84        	((1.562988e+00 3.058159e+02 -2.456028e+02) (6.309502e-04 4.071752e+00 -1.989755e-02)) ((1.637929e+02 -3.199640e-01 3.870702e-01) (1.134731e-01 6.626928e-04 -3.233503e-04))
502.85        	((1.578929e+00 3.057967e+02 -2.455874e+02) (9.220930e-04 4.071890e+00 -2.015294e-02)) ((1.637901e+02 -3.099307e-01 3.723107e-01) (1.134558e-01 4.472534e-04 -7.365776e-05))
502.86        	((1.579170e+00 3.057855e+02 -2.455946e+02) (6.837897e-04 4.071770e+00 -1.946581e-02)) ((1.637870e+02 -3.130079e-01 3.773521e-01) (1.140762e-01 6.291487e-04 -5.065074e-04))
502.87        	((1.590883e+00 3.057708e+02 -2.455841e+02) (8.447994e-04 4.072307e+00 -2.007780e-02)) ((1.637810e+02 -3.041312e-01 3.661570e-01) (1.135688e-01 4.497740e-04 -8.084501e-05))
502.88        	((1.608282e+00 3.057602e+02 -2.455866e+02) (4.503390e-04 4.072763e+00 -1.978682e-02)) ((1.637836e+02 -2.988946e-01 3.599896e-01) (1.135790e-01 6.096349e-04 -2.274711e-04))
502.89        	((1.611774e+00 3.057396e+02 -2.455940e+02) (7.192392e-04 4.072711e+00 -1.994018e-02)) ((1.637759e+02 -2.919524e-01 3.519277e-01) (1.137399e-01 4.007860e-04 -5.692698e-05))
502.9         	((1.598338e+00 3.057301e+02 -2.456214e+02) (6.655152e-04 4.071266e+00 -1.899871e-02)) ((1.637679e+02 -2.996210e-01 3.643494e-01) (1.152843e-01 5.775266e-04 -8.879682e-04))
502.91        	((1.585976e+00 3.057253e+02 -2.456307e+02) (7.374308e-04 4.072688e+00 -1.990132e-02)) ((1.637524e+02 -3.014637e-01 3.692003e-01) (1.140585e-01 4.339004e-04 -1.912866e-04))
502.92        	((1.596417e+00 3.057197e+02 -2.456331e+02) (4.044636e-04 4.073135e+00 -1.971859e-02)) ((1.637543e+02 -3.006602e-01 3.680576e-01) (1.139723e-01 6.437913e-04 -3.529833e-04))
502.93        	((1.611267e+00 3.057041e+02 -2.456236e+02) (6.835946e-04 4.073297e+00 -1.998727e-02)) ((1.637539e+02 -2.909015e-01 3.536572e-01) (1.139191e-01 4.479055e-04 -1.063013e-04))
502.94        	((1.618091e+00 3.056976e+02 -2.456301e+02) (4.326280e-04 4.073246e+00 -1.951250e-02)) ((1.637564e+02 -2.912230e-01 3.538635e-01) (1.142996e-01 6.361454e-04 -4.481828e-04))
502.95        	((1.631868e+00 3.056863e+02 -2.456225e+02) (6.369098e-04 4.073631e+00 -2.000163e-02)) ((1.637550e+02 -2.814451e-01 3.403575e-01) (1.139696e-01 4.477331e-04 -8.991704e-05))
502.96        	((1.647874e+00 3.056798e+02 -2.456289e+02) (2.550407e-04 4.073981e+00 -1.970925e-02)) ((1.637600e+02 -2.766945e-01 3.343851e-01) (1.139854e-01 6.099127e-04 -2.451372e-04))
502.97        	((1.645762e+00 3.056607e+02 -2.456407e+02) (5.467895e-04 4.073843e+00 -1.985647e-02)) ((1.637522e+02 -2.715072e-01 3.287172e-01) (1.141799e-01 3.968634e-04 -8.806410e-05))
502.98        	((1.628077e+00 3.056524e+02 -2.456727e+02) (5.118322e-04 4.072225e+00 -1.906116e-02)) ((1.637449e+02 -2.801315e-01 3.426233e-01) (1.156812e-01 6.230898e-04 -9.564265e-04))
502.99        	((1.611408e+00 3.056489e+02 -2.456864e+02) (5.704017e-04 4.073719e+00 -1.993542e-02)) ((1.637300e+02 -2.827232e-01 3.486944e-01) (1.144274e-01 4.510701e-04 -2.187739e-04))
503           	((1.621004e+00 3.056461e+02 -2.456927e+02) (2.243936e-04 4.074146e+00 -1.975674e-02)) ((1.637339e+02 -2.812955e-01 3.467818e-01) (1.143162e-01 6.506251e-04 -3.597143e-04))
503.01        	((1.632204e+00 3.056339e+02 -2.456878e+02) (5.253460e-04 4.074218e+00 -2.002024e-02)) ((1.637345e+02 -2.720791e-01 3.332706e-01) (1.143154e-01 4.534494e-04 -1.371089e-04))
503.02        	((1.639268e+00 3.056310e+02 -2.456954e+02) (2.326187e-04 4.074257e+00 -1.970989e-02)) ((1.637395e+02 -2.713963e-01 3.319844e-01) (1.145022e-01 6.513911e-04 -4.071466e-04))
503.03        	((1.647521e+00 3.056204e+02 -2.456934e+02) (4.845261e-04 4.074455e+00 -2.011744e-02)) ((1.637386e+02 -2.626115e-01 3.200052e-01) (1.143295e-01 4.566247e-04 -1.133518e-04))
503.04        	((1.653139e+00 3.056155e+02 -2.457075e+02) (1.323585e-04 4.074639e+00 -1.978456e-02)) ((1.637420e+02 -2.611676e-01 3.189353e-01) (1.144386e-01 6.179190e-04 -3.096182e-04))
503.05        	((1.628986e+00 3.055996e+02 -2.457349e+02) (6.772978e-04 4.073389e+00 -1.956398e-02)) ((1.637285e+02 -2.644205e-01 3.254520e-01) (1.155374e-01 4.273075e-04 -5.696293e-04))
503.06        	((1.634866e+00 3.056062e+02 -2.457440e+02) (1.163291e-04 4.074659e+00 -1.998186e-02)) ((1.637303e+02 -2.644361e-01 3.265774e-01) (1.145108e-01 6.550811e-04 -3.453703e-04))
503.07        	((1.635522e+00 3.055938e+02 -2.457522e+02) (4.071854e-04 4.074668e+00 -2.015560e-02)) ((1.637264e+02 -2.581022e-01 3.184040e-01) (1.145831e-01 4.221232e-04 -1.212145e-04))
503.08        	((1.627262e+00 3.055905e+02 -2.457744e+02) (2.294843e-04 4.073910e+00 -1.967269e-02)) ((1.637267e+02 -2.626990e-01 3.252767e-01) (1.153291e-01 6.456085e-04 -6.635586e-04))
503.09        	((1.632403e+00 3.055859e+02 -2.457721e+02) (3.907198e-04 4.074718e+00 -2.038822e-02)) ((1.637251e+02 -2.553593e-01 3.152512e-01) (1.145755e-01 4.635234e-04 -1.371526e-04))
503.1         	((1.645917e+00 3.055841e+02 -2.457791e+02) (7.929882e-06 4.075030e+00 -2.015773e-02)) ((1.637334e+02 -2.505922e-01 3.086001e-01) (1.145312e-01 6.320856e-04 -2.742915e-04))
503.11        	((1.643989e+00 3.055696e+02 -2.457896e+02) (3.304899e-04 4.074872e+00 -2.038650e-02)) ((1.637303e+02 -2.444406e-01 3.006170e-01) (1.146778e-01 4.189541e-04 -1.011885e-04))
503.12        	((1.622098e+00 3.055651e+02 -2.458249e+02) (2.864590e-04 4.073140e+00 -1.950928e-02)) ((1.637259e+02 -2.536022e-01 3.147451e-01) (1.162501e-01 6.134104e-04 -9.689180e-04))
503.13        	((1.598688e+00 3.055651e+02 -2.458451e+02) (3.800320e-04 4.074507e+00 -2.047777e-02)) ((1.637121e+02 -2.576644e-01 3.225904e-01) (1.149939e-01 4.603793e-04 -2.567116e-04))
503.14        	((1.602299e+00 3.055650e+02 -2.458582e+02) (2.420900e-05 4.074872e+00 -2.042037e-02)) ((1.637171e+02 -2.572556e-01 3.218918e-01) (1.147931e-01 6.729059e-04 -3.767835e-04))
503.15        	((1.603232e+00 3.055544e+02 -2.458621e+02) (3.741081e-04 4.074755e+00 -2.066243e-02)) ((1.637170e+02 -2.509555e-01 3.123729e-01) (1.149003e-01 4.748906e-04 -2.051751e-04))
503.16        	((1.616167e+00 3.055565e+02 -2.458661e+02) (3.726426e-06 4.075003e+00 -2.060421e-02)) ((1.637276e+02 -2.470364e-01 3.059051e-01) (1.147538e-01 6.772180e-04 -3.398077e-04))
503.17        	((1.599310e+00 3.055464e+02 -2.458846e+02) (4.492852e-04 4.074333e+00 -2.044560e-02)) ((1.637208e+02 -2.473980e-01 3.070138e-01) (1.154131e-01 4.396601e-04 -3.680444e-04))
503.18        	((1.609338e+00 3.055525e+02 -2.458918e+02) (-1.914581e-05 4.074946e+00 -2.074319e-02)) ((1.637285e+02 -2.447319e-01 3.034401e-01) (1.148165e-01 6.742792e-04 -3.424322e-04))
503.19        	((1.608328e+00 3.055417e+02 -2.459035e+02) (2.733817e-04 4.074870e+00 -2.098755e-02)) ((1.637266e+02 -2.379131e-01 2.945247e-01) (1.148581e-01 4.391728e-04 -1.073254e-04))
503.2         	((1.605238e+00 3.055388e+02 -2.459272e+02) (-6.225302e-05 4.074784e+00 -2.076792e-02)) ((1.637301e+02 -2.389674e-01 2.965538e-01) (1.149952e-01 6.202448e-04 -3.417406e-04))
503.21        	((1.586184e+00 3.055274e+02 -2.459510e+02) (3.423794e-04 4.074158e+00 -2.102438e-02)) ((1.637221e+02 -2.396662e-01 2.981930e-01) (1.153606e-01 4.453821e-04 -3.108008e-04))
503.22        	((1.594544e+00 3.055324e+02 -2.459602e+02) (-7.840634e-05 4.074726e+00 -2.114753e-02)) ((1.637298e+02 -2.376832e-01 2.948934e-01) (1.148858e-01 6.673439e-04 -3.243182e-04))
503.23        	((1.595523e+00 3.055264e+02 -2.459660e+02) (2.400519e-04 4.074629e+00 -2.134738e-02)) ((1.637292e+02 -2.312938e-01 2.856648e-01) (1.149551e-01 4.326660e-04 -1.047080e-04))
503.24        	((1.589294e+00 3.055289e+02 -2.459875e+02) (-6.002951e-05 4.074395e+00 -2.103986e-02)) ((1.637326e+02 -2.347395e-01 2.905378e-01) (1.152250e-01 6.137522e-04 -3.994228e-04))
503.25        	((1.580159e+00 3.055215e+02 -2.460009e+02) (2.593844e-04 4.074313e+00 -2.154963e-02)) ((1.637291e+02 -2.319386e-01 2.867217e-01) (1.150904e-01 4.551732e-04 -1.730518e-04))
503.26        	((1.565306e+00 3.055233e+02 -2.460297e+02) (7.328367e-05 4.073580e+00 -2.108375e-02)) ((1.637300e+02 -2.388423e-01 2.965361e-01) (1.157600e-01 6.710162e-04 -6.780677e-04))
503.27        	((1.563225e+00 3.055224e+02 -2.460346e+02) (2.451027e-04 4.074243e+00 -2.180101e-02)) ((1.637288e+02 -2.342902e-01 2.897810e-01) (1.150361e-01 4.845326e-04 -1.681574e-04))
503.28        	((1.569940e+00 3.055258e+02 -2.460470e+02) (-1.179483e-04 4.074421e+00 -2.161186e-02)) ((1.637375e+02 -2.322962e-01 2.863598e-01) (1.149932e-01 6.457739e-04 -3.044136e-04))
503.29        	((1.558874e+00 3.055164e+02 -2.460641e+02) (2.286142e-04 4.074078e+00 -2.181244e-02)) ((1.637342e+02 -2.300449e-01 2.832657e-01) (1.152189e-01 4.299277e-04 -1.707858e-04))
503.3         	((1.546231e+00 3.055167e+02 -2.460922e+02) (-4.252393e-05 4.073746e+00 -2.170008e-02)) ((1.637365e+02 -2.355636e-01 2.910768e-01) (1.154142e-01 6.599444e-04 -4.882130e-04))
503.31        	((1.542844e+00 3.055118e+02 -2.461021e+02) (2.293671e-04 4.073950e+00 -2.222952e-02)) ((1.637360e+02 -2.306207e-01 2.838830e-01) (1.150990e-01 4.770660e-04 -1.572027e-04))
503.32        	((1.543902e+00 3.055157e+02 -2.461193e+02) (-1.103333e-04 4.074003e+00 -2.199310e-02)) ((1.637430e+02 -2.311708e-01 2.842702e-01) (1.151413e-01 6.457901e-04 -3.419558e-04))
503.33        	((1.509825e+00 3.055093e+02 -2.461513e+02) (6.216043e-04 4.071774e+00 -2.149071e-02)) ((1.637316e+02 -2.386541e-01 2.955411e-01) (1.169388e-01 4.618049e-04 -9.244443e-04))
503.34        	((1.477837e+00 3.055294e+02 -2.461840e+02) (2.149964e-05 4.073266e+00 -2.206622e-02)) ((1.637231e+02 -2.547499e-01 3.200270e-01) (1.156092e-01 6.889170e-04 -5.755134e-04))
503.35        	((1.477455e+00 3.055249e+02 -2.461909e+02) (2.321971e-04 4.073630e+00 -2.265744e-02)) ((1.637243e+02 -2.490908e-01 3.113226e-01) (1.151362e-01 4.944647e-04 -1.692089e-04))
503.36        	((1.494268e+00 3.055242e+02 -2.461986e+02) (-1.167701e-04 4.073780e+00 -2.247769e-02)) ((1.637392e+02 -2.425277e-01 3.003883e-01) (1.150861e-01 6.594955e-04 -3.115790e-04))
503.37        	((1.492081e+00 3.055133e+02 -2.462109e+02) (2.197936e-04 4.073480e+00 -2.274989e-02)) ((1.637412e+02 -2.361498e-01 2.909886e-01) (1.152249e-01 4.558498e-04 -1.569620e-04))
503.38        	((1.463993e+00 3.055132e+02 -2.462521e+02) (1.912802e-04 4.071693e+00 -2.211017e-02)) ((1.637393e+02 -2.477576e-01 3.082600e-01) (1.166202e-01 7.003295e-04 -1.011113e-03))
503.39        	((1.427769e+00 3.055178e+02 -2.462829e+02) (3.036128e-04 4.072774e+00 -2.296508e-02)) ((1.637251e+02 -2.569579e-01 3.233720e-01) (1.155504e-01 5.150493e-04 -3.538987e-04))
503.4         	((1.429616e+00 3.055215e+02 -2.463001e+02) (-9.107876e-05 4.073191e+00 -2.299028e-02)) ((1.637331e+02 -2.569221e-01 3.228637e-01) (1.152137e-01 7.033246e-04 -3.957517e-04))
503.41        	((1.426776e+00 3.055143e+02 -2.463120e+02) (2.777312e-04 4.072908e+00 -2.311111e-02)) ((1.637347e+02 -2.517422e-01 3.146176e-01) (1.154424e-01 4.801014e-04 -2.586307e-04))
503.42        	((1.439099e+00 3.055207e+02 -2.463209e+02) (-9.372956e-05 4.073044e+00 -2.321495e-02)) ((1.637475e+02 -2.480247e-01 3.081551e-01) (1.152083e-01 6.986832e-04 -3.807875e-04))
503.43        	((1.424801e+00 3.055148e+02 -2.463418e+02) (2.894791e-04 4.072568e+00 -2.327824e-02)) ((1.637442e+02 -2.472771e-01 3.074356e-01) (1.155806e-01 4.667700e-04 -2.975830e-04))
503.44        	((1.428295e+00 3.055211e+02 -2.463595e+02) (-1.058516e-04 4.072796e+00 -2.345679e-02)) ((1.637531e+02 -2.466857e-01 3.066226e-01) (1.152447e-01 6.985195e-04 -3.892310e-04))
503.45        	((1.414433e+00 3.055137e+02 -2.463833e+02) (2.417724e-04 4.072449e+00 -2.360966e-02)) ((1.637498e+02 -2.452604e-01 3.052113e-01) (1.154805e-01 4.628928e-04 -2.432193e-04))
503.46        	((1.409879e+00 3.055173e+02 -2.464080e+02) (-9.865957e-05 4.072412e+00 -2.363455e-02)) ((1.637558e+02 -2.477432e-01 3.086389e-01) (1.154008e-01 6.897593e-04 -4.402541e-04))
503.47        	((1.398745e+00 3.055125e+02 -2.464266e+02) (2.435419e-04 4.072152e+00 -2.396950e-02)) ((1.637537e+02 -2.460786e-01 3.060748e-01) (1.154675e-01 4.950388e-04 -2.657320e-04))
503.48        	((1.399657e+00 3.055200e+02 -2.464446e+02) (-1.095621e-04 4.072240e+00 -2.392588e-02)) ((1.637619e+02 -2.474172e-01 3.071615e-01) (1.153545e-01 6.998651e-04 -4.252379e-04))
503.49        	((1.382930e+00 3.055172e+02 -2.464660e+02) (3.164069e-04 4.071673e+00 -2.407099e-02)) ((1.637582e+02 -2.484368e-01 3.084367e-01) (1.157331e-01 4.851525e-04 -3.637678e-04))
503.5         	((1.392116e+00 3.055280e+02 -2.464761e+02) (-1.283582e-04 4.072119e+00 -2.424657e-02)) ((1.637693e+02 -2.472402e-01 3.057521e-01) (1.152608e-01 7.036994e-04 -3.834548e-04))
503.51        	((1.390336e+00 3.055236e+02 -2.464889e+02) (2.055591e-04 4.071933e+00 -2.451071e-02)) ((1.637709e+02 -2.416601e-01 2.975741e-01) (1.153114e-01 4.489223e-04 -1.426674e-04))
503.52        	((1.384317e+00 3.055270e+02 -2.465174e+02) (-1.491841e-04 4.071766e+00 -2.427175e-02)) ((1.637776e+02 -2.451061e-01 3.024703e-01) (1.154756e-01 6.480799e-04 -4.140167e-04))
503.53        	((1.364596e+00 3.055195e+02 -2.465446e+02) (2.415132e-04 4.071237e+00 -2.465004e-02)) ((1.637729e+02 -2.464356e-01 3.046313e-01) (1.156629e-01 4.719795e-04 -3.154164e-04))
503.54        	((1.367633e+00 3.055267e+02 -2.465625e+02) (-1.649416e-04 4.071565e+00 -2.474257e-02)) ((1.637823e+02 -2.468317e-01 3.045100e-01) (1.153215e-01 7.012696e-04 -4.007483e-04))
503.55        	((1.356580e+00 3.055235e+02 -2.465803e+02) (2.001516e-04 4.071206e+00 -2.485856e-02)) ((1.637804e+02 -2.455589e-01 3.024187e-01) (1.155770e-01 4.591649e-04 -2.586099e-04))
503.56        	((1.352611e+00 3.055321e+02 -2.466012e+02) (-1.360545e-04 4.071171e+00 -2.488186e-02)) ((1.637874e+02 -2.492478e-01 3.069818e-01) (1.154959e-01 6.909809e-04 -4.608491e-04))
503.57        	((1.341096e+00 3.055302e+02 -2.466187e+02) (2.036904e-04 4.070939e+00 -2.524242e-02)) ((1.637861e+02 -2.485439e-01 3.056250e-01) (1.155213e-01 4.980080e-04 -2.719605e-04))
503.58        	((1.337854e+00 3.055376e+02 -2.466408e+02) (-1.304245e-04 4.070944e+00 -2.516631e-02)) ((1.637937e+02 -2.517278e-01 3.095406e-01) (1.154749e-01 7.006675e-04 -4.588277e-04))
503.59        	((1.326336e+00 3.055347e+02 -2.466599e+02) (2.103205e-04 4.070684e+00 -2.548972e-02)) ((1.637925e+02 -2.509193e-01 3.081597e-01) (1.155380e-01 4.991461e-04 -2.773668e-04))
503.6         	((1.324618e+00 3.055422e+02 -2.466815e+02) (-1.394758e-04 4.070726e+00 -2.544121e-02)) ((1.638007e+02 -2.536072e-01 3.114271e-01) (1.154494e-01 7.026018e-04 -4.472058e-04))
503.61        	((1.308471e+00 3.055391e+02 -2.467047e+02) (2.395026e-04 4.070279e+00 -2.566088e-02)) ((1.637979e+02 -2.547182e-01 3.129572e-01) (1.156879e-01 4.968663e-04 -3.376506e-04))
503.62        	((1.314303e+00 3.055489e+02 -2.467201e+02) (-1.684163e-04 4.070556e+00 -2.577438e-02)) ((1.638084e+02 -2.547236e-01 3.122742e-01) (1.153532e-01 7.078722e-04 -4.093841e-04))
503.63        	((1.305270e+00 3.055455e+02 -2.467387e+02) (1.670800e-04 4.070267e+00 -2.595042e-02)) ((1.638075e+02 -2.528109e-01 3.095807e-01) (1.155219e-01 4.669997e-04 -2.321439e-04))
503.64        	((1.288521e+00 3.055511e+02 -2.467733e+02) (-4.703892e-05 4.069566e+00 -2.565140e-02)) ((1.638100e+02 -2.613494e-01 3.218897e-01) (1.160359e-01 6.843460e-04 -6.776907e-04))
503.65        	((1.286677e+00 3.055533e+02 -2.467832e+02) (1.575895e-04 4.069994e+00 -2.639930e-02)) ((1.638113e+02 -2.572793e-01 3.158204e-01) (1.154160e-01 5.046179e-04 -2.237367e-04))
503.66        	((1.293565e+00 3.055604e+02 -2.468009e+02) (-2.171378e-04 4.070089e+00 -2.625447e-02)) ((1.638221e+02 -2.562417e-01 3.138723e-01) (1.153529e-01 6.708301e-04 -3.646604e-04))
503.67        	((1.285244e+00 3.055556e+02 -2.468207e+02) (1.072215e-04 4.069744e+00 -2.653798e-02)) ((1.638217e+02 -2.539339e-01 3.106990e-01) (1.154830e-01 4.619626e-04 -2.049544e-04))
503.68        	((1.257463e+00 3.055596e+02 -2.468645e+02) (1.485187e-04 4.067489e+00 -2.569727e-02)) ((1.638201e+02 -2.668108e-01 3.295926e-01) (1.172658e-01 6.839486e-04 -1.206258e-03))
503.69        	((1.211658e+00 3.055696e+02 -2.469045e+02) (2.378946e-04 4.068750e+00 -2.668025e-02)) ((1.638024e+02 -2.814045e-01 3.525812e-01) (1.159794e-01 5.155636e-04 -4.777314e-04))
503.7         	((1.222246e+00 3.055804e+02 -2.469147e+02) (-2.064893e-04 4.069432e+00 -2.690070e-02)) ((1.638147e+02 -2.798328e-01 3.491011e-01) (1.153440e-01 7.153566e-04 -4.059741e-04))
503.71        	((1.240159e+00 3.055762e+02 -2.469134e+02) (8.174344e-05 4.069372e+00 -2.715991e-02)) ((1.638259e+02 -2.677537e-01 3.299606e-01) (1.153227e-01 4.911007e-04 -1.636859e-04))
503.72        	((1.260829e+00 3.055814e+02 -2.469215e+02) (-2.543117e-04 4.069346e+00 -2.710492e-02)) ((1.638429e+02 -2.610044e-01 3.192483e-01) (1.152728e-01 6.642428e-04 -3.207288e-04))
503.73        	((1.266219e+00 3.055767e+02 -2.469348e+02) (2.238402e-05 4.069102e+00 -2.747163e-02)) ((1.638482e+02 -2.529114e-01 3.080796e-01) (1.152871e-01 4.687373e-04 -1.239251e-04))
503.74        	((1.278055e+00 3.055809e+02 -2.469554e+02) (-3.347378e-04 4.069100e+00 -2.747316e-02)) ((1.638600e+02 -2.488789e-01 3.029329e-01) (1.151843e-01 6.449277e-04 -2.600016e-04))
503.75        	((1.286878e+00 3.055766e+02 -2.469682e+02) (-7.693034e-05 4.068919e+00 -2.787402e-02)) ((1.638647e+02 -2.393902e-01 2.899116e-01) (1.151359e-01 4.476022e-04 -3.357478e-05))
503.76        	((1.306907e+00 3.055834e+02 -2.469801e+02) (-4.394036e-04 4.068934e+00 -2.789032e-02)) ((1.638781e+02 -2.326130e-01 2.802371e-01) (1.150150e-01 6.203996e-04 -1.573021e-04))
503.77        	((1.320693e+00 3.055821e+02 -2.469878e+02) (-1.886282e-04 4.068726e+00 -2.828470e-02)) ((1.638838e+02 -2.219262e-01 2.648347e-01) (1.149828e-01 4.275064e-04 5.690199e-05))
503.78        	((1.340532e+00 3.055890e+02 -2.470017e+02) (-5.371888e-04 4.068693e+00 -2.829677e-02)) ((1.638967e+02 -2.153739e-01 2.550805e-01) (1.148929e-01 5.969283e-04 -7.774454e-05))
503.79        	((1.351898e+00 3.055850e+02 -2.470148e+02) (-2.804139e-04 4.068453e+00 -2.867473e-02)) ((1.639017e+02 -2.054157e-01 2.405272e-01) (1.148890e-01 4.087313e-04 1.191750e-04))
503.8         	((1.369227e+00 3.055884e+02 -2.470327e+02) (-6.129507e-04 4.068394e+00 -2.867305e-02)) ((1.639143e+02 -1.996923e-01 2.316906e-01) (1.148181e-01 5.785559e-04 -2.570022e-05))
503.81        	((1.378272e+00 3.055825e+02 -2.470468e+02) (-3.372665e-04 4.068142e+00 -2.903733e-02)) ((1.639193e+02 -1.907433e-01 2.182331e-01) (1.148306e-01 3.896584e-04 1.647003e-04))
503.82        	((1.393421e+00 3.055866e+02 -2.470637e+02) (-6.647224e-04 4.068081e+00 -2.901189e-02)) ((1.639321e+02 -1.866719e-01 2.112925e-01) (1.147695e-01 5.673207e-04 6.216049e-06))
503.83        	((1.399601e+00 3.055824e+02 -2.470761e+02) (-3.647866e-04 4.067822e+00 -2.936825e-02)) ((1.639368e+02 -1.795217e-01 2.000213e-01) (1.147915e-01 3.731553e-04 1.973162e-04))
503.84        	((1.411831e+00 3.055887e+02 -2.470922e+02) (-6.957267e-04 4.067770e+00 -2.931914e-02)) ((1.639492e+02 -1.774672e-01 1.956366e-01) (1.147378e-01 5.612883e-04 2.465617e-05))
503.85        	((1.414890e+00 3.055859e+02 -2.471046e+02) (-3.800804e-04 4.067503e+00 -2.966988e-02)) ((1.639530e+02 -1.719928e-01 1.866000e-01) (1.147646e-01 3.638441e-04 2.159564e-04))
503.86        	((1.424309e+00 3.055931e+02 -2.471213e+02) (-7.128782e-04 4.067457e+00 -2.960729e-02)) ((1.639647e+02 -1.714143e-01 1.842653e-01) (1.147171e-01 5.583162e-04 3.451086e-05))
503.87        	((1.424863e+00 3.055904e+02 -2.471338e+02) (-3.893767e-04 4.067185e+00 -2.995458e-02)) ((1.639675e+02 -1.671178e-01 1.770108e-01) (1.147474e-01 3.599533e-04 2.246414e-04))
503.88        	((1.431885e+00 3.055980e+02 -2.471512e+02) (-7.212785e-04 4.067140e+00 -2.988638e-02)) ((1.639787e+02 -1.676086e-01 1.762856e-01) (1.147046e-01 5.570587e-04 3.879821e-05))
503.89        	((1.430303e+00 3.055963e+02 -2.471651e+02) (-3.935418e-04 4.066862e+00 -3.023173e-02)) ((1.639810e+02 -1.642391e-01 1.704789e-01) (1.147378e-01 3.586033e-04 2.276597e-04))
503.9         	((1.435472e+00 3.056046e+02 -2.471833e+02) (-7.238364e-04 4.066816e+00 -3.016105e-02)) ((1.639916e+02 -1.655266e-01 1.710574e-01) (1.146981e-01 5.568776e-04 3.951723e-05))
503.91        	((1.432312e+00 3.056032e+02 -2.471979e+02) (-3.936718e-04 4.066536e+00 -3.050538e-02)) ((1.639933e+02 -1.628192e-01 1.663851e-01) (1.147332e-01 3.585570e-04 2.273747e-04))
503.92        	((1.436117e+00 3.056117e+02 -2.472167e+02) (-7.229858e-04 4.066489e+00 -3.043327e-02)) ((1.640032e+02 -1.646491e-01 1.679362e-01) (1.146951e-01 5.575902e-04 3.781120e-05))
503.93        	((1.431777e+00 3.056104e+02 -2.472320e+02) (-3.915780e-04 4.066207e+00 -3.077700e-02)) ((1.640044e+02 -1.623893e-01 1.640978e-01) (1.147310e-01 3.594391e-04 2.251310e-04))
503.94        	((1.434538e+00 3.056190e+02 -2.472516e+02) (-7.204696e-04 4.066159e+00 -3.070418e-02)) ((1.640139e+02 -1.645806e-01 1.663533e-01) (1.146936e-01 5.589526e-04 3.483998e-05))
503.95        	((1.429301e+00 3.056178e+02 -2.472678e+02) (-3.887039e-04 4.065876e+00 -3.104773e-02)) ((1.640146e+02 -1.626142e-01 1.631067e-01) (1.147295e-01 3.609795e-04 2.219455e-04))
503.96        	((1.431286e+00 3.056264e+02 -2.472882e+02) (-7.174593e-04 4.065829e+00 -3.097485e-02)) ((1.640237e+02 -1.650353e-01 1.658428e-01) (1.146922e-01 5.606995e-04 3.142738e-05))
503.97        	((1.425400e+00 3.056252e+02 -2.473050e+02) (-3.858433e-04 4.065545e+00 -3.131850e-02)) ((1.640242e+02 -1.632535e-01 1.629896e-01) (1.147279e-01 3.628728e-04 2.184977e-04))
503.98        	((1.426842e+00 3.056339e+02 -2.473259e+02) (-7.145394e-04 4.065497e+00 -3.124587e-02)) ((1.640330e+02 -1.658197e-01 1.660432e-01) (1.146904e-01 5.625964e-04 2.803999e-05))
503.99        	((1.420511e+00 3.056328e+02 -2.473431e+02) (-3.833015e-04 4.065213e+00 -3.158961e-02)) ((1.640332e+02 -1.641586e-01 1.634592e-01) (1.147257e-01 3.648625e-04 2.151883e-04))
504           	((1.421588e+00 3.056415e+02 -2.473644e+02) (-7.119777e-04 4.065166e+00 -3.151722e-02)) ((1.640419e+02 -1.668205e-01 1.667356e-01) (1.146880e-01 5.644461e-04 2.496737e-05))
504.01        	((1.414962e+00 3.056403e+02 -2.473820e+02) (-3.812385e-04 4.064882e+00 -3.186094e-02)) ((1.640420e+02 -1.652361e-01 1.643410e-01) (1.147229e-01 3.667467e-04 2.122618e-04))
504.02        	((1.415797e+00 3.056490e+02 -2.474035e+02) (-7.099642e-04 4.064836e+00 -3.178872e-02)) ((1.640505e+02 -1.679544e-01 1.677683e-01) (1.146850e-01 5.661235e-04 2.234311e-05))
504.03        	((1.408979e+00 3.056478e+02 -2.474214e+02) (-3.798298e-04 4.064552e+00 -3.213216e-02)) ((1.640505e+02 -1.664109e-01 1.654959e-01) (1.147196e-01 3.684503e-04 2.097822e-04))
504.04        	((1.409663e+00 3.056565e+02 -2.474431e+02) (-7.085607e-04 4.064506e+00 -3.205976e-02)) ((1.640589e+02 -1.691553e-01 1.690143e-01) (1.146817e-01 5.675831e-04 2.017189e-05))
504.05        	((1.402732e+00 3.056553e+02 -2.474611e+02) (-3.790110e-04 4.064223e+00 -3.240287e-02)) ((1.640588e+02 -1.676301e-01 1.668141e-01) (1.147160e-01 3.699368e-04 2.077263e-04))
504.06        	((1.403332e+00 3.056639e+02 -2.474829e+02) (-7.077673e-04 4.064178e+00 -3.233044e-02)) ((1.640672e+02 -1.703838e-01 1.703853e-01) (1.146780e-01 5.688406e-04 1.840025e-05))
504.07        	((1.396346e+00 3.056628e+02 -2.475010e+02) (-3.787793e-04 4.063895e+00 -3.267324e-02)) ((1.640671e+02 -1.688634e-01 1.682287e-01) (1.147120e-01 3.712381e-04 2.060375e-04))
504.08        	((1.396914e+00 3.056714e+02 -2.475229e+02) (-7.074630e-04 4.063851e+00 -3.260077e-02)) ((1.640755e+02 -1.716163e-01 1.718302e-01) (1.146739e-01 5.699102e-04 1.697368e-05))
504.09        	((1.389919e+00 3.056702e+02 -2.475410e+02) (-3.789866e-04 4.063569e+00 -3.294320e-02)) ((1.640753e+02 -1.700933e-01 1.696973e-01) (1.147078e-01 3.723583e-04 2.046414e-04))
504.1         	((1.390495e+00 3.056788e+02 -2.475629e+02) (-7.075930e-04 4.063525e+00 -3.287057e-02)) ((1.640837e+02 -1.728398e-01 1.733116e-01) (1.146696e-01 5.708104e-04 1.579135e-05))
504.11        	((1.383525e+00 3.056776e+02 -2.475810e+02) (-3.795734e-04 4.063244e+00 -3.321252e-02)) ((1.640835e+02 -1.713086e-01 1.711866e-01) (1.147033e-01 3.733274e-04 2.034703e-04))
504.12        	((1.384142e+00 3.056862e+02 -2.476029e+02) (-7.079981e-04 4.063201e+00 -3.313964e-02)) ((1.640918e+02 -1.740426e-01 1.747990e-01) (1.146652e-01 5.715691e-04 1.481294e-05))
504.13        	((1.377232e+00 3.056850e+02 -2.476210e+02) (-3.803987e-04 4.062921e+00 -3.348098e-02)) ((1.640917e+02 -1.724981e-01 1.726702e-01) (1.146987e-01 3.741677e-04 2.024653e-04))
504.14        	((1.377920e+00 3.056935e+02 -2.476428e+02) (-7.086861e-04 4.062879e+00 -3.340779e-02)) ((1.641000e+02 -1.752157e-01 1.762729e-01) (1.146606e-01 5.722238e-04 1.398277e-05))
504.15        	((1.371092e+00 3.056923e+02 -2.476609e+02) (-3.815483e-04 4.062600e+00 -3.374851e-02)) ((1.640999e+02 -1.736555e-01 1.741350e-01) (1.146940e-01 3.749340e-04 2.015993e-04))
504.16        	((1.371870e+00 3.057008e+02 -2.476827e+02) (-7.096889e-04 4.062559e+00 -3.367496e-02)) ((1.641082e+02 -1.763554e-01 1.777231e-01) (1.146560e-01 5.728255e-04 1.327515e-05))
504.17        	((1.365141e+00 3.056996e+02 -2.477007e+02) (-3.829840e-04 4.062281e+00 -3.401499e-02)) ((1.641081e+02 -1.747779e-01 1.755703e-01) (1.146893e-01 3.756525e-04 2.008330e-04))
504.18        	((1.366022e+00 3.057081e+02 -2.477225e+02) (-7.108379e-04 4.062242e+00 -3.394094e-02)) ((1.641164e+02 -1.774589e-01 1.791389e-01) (1.146513e-01 5.733842e-04 1.265818e-05))
504.19        	((1.359401e+00 3.057068e+02 -2.477405e+02) (-3.842207e-04 4.061965e+00 -3.428008e-02)) ((1.641163e+02 -1.758640e-01 1.769685e-01) (1.146845e-01 3.763494e-04 2.001587e-04))
504.2         	((1.360388e+00 3.057153e+02 -2.477622e+02) (-7.114447e-04 4.061929e+00 -3.420537e-02)) ((1.641246e+02 -1.785261e-01 1.805147e-01) (1.146466e-01 5.739513e-04 1.213345e-05))
504.21        	((1.353870e+00 3.057140e+02 -2.477801e+02) (-3.846089e-04 4.061655e+00 -3.454350e-02)) ((1.641245e+02 -1.769139e-01 1.783218e-01) (1.146796e-01 3.770889e-04 1.995756e-04))
504.22        	((1.354952e+00 3.057224e+02 -2.478017e+02) (-7.107624e-04 4.061622e+00 -3.446799e-02)) ((1.641328e+02 -1.795584e-01 1.818404e-01) (1.146416e-01 5.745989e-04 1.170843e-05))
504.23        	((1.348525e+00 3.057211e+02 -2.478196e+02) (-3.830750e-04 4.061353e+00 -3.480488e-02)) ((1.641327e+02 -1.779323e-01 1.796229e-01) (1.146743e-01 3.779508e-04 1.991108e-04))
504.24        	((1.349691e+00 3.057295e+02 -2.478411e+02) (-7.072905e-04 4.061326e+00 -3.472827e-02)) ((1.641410e+02 -1.805642e-01 1.831160e-01) (1.146360e-01 5.754185e-04 1.142390e-05))
504.25        	((1.343341e+00 3.057281e+02 -2.478589e+02) (-3.776924e-04 4.061063e+00 -3.506359e-02)) ((1.641409e+02 -1.789295e-01 1.808788e-01) (1.146683e-01 3.790510e-04 1.988000e-04))
504.26        	((1.344569e+00 3.057364e+02 -2.478803e+02) (-6.989169e-04 4.061045e+00 -3.498561e-02)) ((1.641492e+02 -1.815539e-01 1.843536e-01) (1.146296e-01 5.765662e-04 1.128700e-05))
504.27        	((1.338261e+00 3.057350e+02 -2.478979e+02) (-3.665831e-04 4.060791e+00 -3.531928e-02)) ((1.641491e+02 -1.799167e-01 1.821068e-01) (1.146612e-01 3.805876e-04 1.985772e-04))
504.28        	((1.339504e+00 3.057433e+02 -2.479192e+02) (-6.844453e-04 4.060781e+00 -3.524010e-02)) ((1.641573e+02 -1.825420e-01 1.855764e-01) (1.146221e-01 5.782233e-04 1.112835e-05))
504.29        	((1.333187e+00 3.057419e+02 -2.479367e+02) (-3.497718e-04 4.060533e+00 -3.557254e-02)) ((1.641572e+02 -1.809133e-01 1.833383e-01) (1.146533e-01 3.826596e-04 1.981563e-04))
504.3         	((1.334395e+00 3.057501e+02 -2.479578e+02) (-6.656993e-04 4.060526e+00 -3.549286e-02)) ((1.641655e+02 -1.835531e-01 1.868226e-01) (1.146141e-01 5.803133e-04 1.065110e-05))
504.31        	((1.328002e+00 3.057487e+02 -2.479753e+02) (-3.325244e-04 4.060275e+00 -3.582561e-02)) ((1.641654e+02 -1.819494e-01 1.846027e-01) (1.146454e-01 3.848981e-04 1.974792e-04))
504.32        	((1.329118e+00 3.057570e+02 -2.479963e+02) (-6.528077e-04 4.060257e+00 -3.574833e-02)) ((1.641737e+02 -1.846154e-01 1.881021e-01) (1.146069e-01 5.821695e-04 1.007896e-05))
504.33        	((1.322719e+00 3.057557e+02 -2.480137e+02) (-3.243610e-04 4.059993e+00 -3.608323e-02)) ((1.641736e+02 -1.830243e-01 1.858968e-01) (1.146389e-01 3.867504e-04 1.965024e-04))
504.34        	((1.323907e+00 3.057640e+02 -2.480347e+02) (-6.465843e-04 4.059966e+00 -3.600748e-02)) ((1.641818e+02 -1.856841e-01 1.894051e-01) (1.146012e-01 5.838359e-04 8.808070e-06))
504.35        	((1.317589e+00 3.057625e+02 -2.480520e+02) (-3.200905e-04 4.059696e+00 -3.634334e-02)) ((1.641817e+02 -1.840866e-01 1.872150e-01) (1.146335e-01 3.885314e-04 1.949103e-04))
504.36        	((1.318837e+00 3.057708e+02 -2.480729e+02) (-6.434995e-04 4.059665e+00 -3.626862e-02)) ((1.641899e+02 -1.867387e-01 1.907279e-01) (1.145959e-01 5.854508e-04 7.275082e-06))
504.37        	((1.312581e+00 3.057693e+02 -2.480901e+02) (-3.185017e-04 4.059393e+00 -3.660502e-02)) ((1.641897e+02 -1.851312e-01 1.885300e-01) (1.146283e-01 3.901810e-04 1.934109e-04))
504.38        	((1.313909e+00 3.057776e+02 -2.481110e+02) (-6.426907e-04 4.059362e+00 -3.653090e-02)) ((1.641979e+02 -1.877697e-01 1.920217e-01) (1.145909e-01 5.868924e-04 6.006595e-06))
504.39        	((1.307757e+00 3.057762e+02 -2.481282e+02) (-3.186964e-04 4.059090e+00 -3.686745e-02)) ((1.641977e+02 -1.861472e-01 1.898015e-01) (1.146232e-01 3.916531e-04 1.922021e-04))
504.4         	((1.309206e+00 3.057844e+02 -2.481489e+02) (-6.430524e-04 4.059058e+00 -3.679367e-02)) ((1.642059e+02 -1.887709e-01 1.932717e-01) (1.145860e-01 5.881515e-04 4.999985e-06))
504.41        	((1.303196e+00 3.057831e+02 -2.481660e+02) (-3.195382e-04 4.058785e+00 -3.713030e-02)) ((1.642057e+02 -1.871350e-01 1.910366e-01) (1.146183e-01 3.929975e-04 1.911558e-04))
504.42        	((1.304798e+00 3.057913e+02 -2.481867e+02) (-6.436645e-04 4.058754e+00 -3.705699e-02)) ((1.642138e+02 -1.897380e-01 1.944853e-01) (1.145811e-01 5.893490e-04 4.060446e-06))
504.43        	((1.298942e+00 3.057899e+02 -2.482037e+02) (-3.204124e-04 4.058481e+00 -3.739392e-02)) ((1.642135e+02 -1.880755e-01 1.922262e-01) (1.146132e-01 3.943570e-04 1.901005e-04))
504.44        	((1.300685e+00 3.057981e+02 -2.482242e+02) (-6.442050e-04 4.058450e+00 -3.732134e-02)) ((1.642216e+02 -1.906429e-01 1.956399e-01) (1.145761e-01 5.906135e-04 3.078848e-06))
504.45        	((1.294960e+00 3.057967e+02 -2.482411e+02) (-3.211968e-04 4.058177e+00 -3.765881e-02)) ((1.642213e+02 -1.889443e-01 1.933457e-01) (1.146080e-01 3.958219e-04 1.889912e-04))
504.46        	((1.296824e+00 3.058050e+02 -2.482615e+02) (-6.446883e-04 4.058146e+00 -3.758716e-02)) ((1.642293e+02 -1.914768e-01 1.967223e-01) (1.145708e-01 5.920104e-04 2.044788e-06))
504.47        	((1.291221e+00 3.058036e+02 -2.482783e+02) (-3.219838e-04 4.057872e+00 -3.792535e-02)) ((1.642290e+02 -1.897487e-01 1.943974e-01) (1.146025e-01 3.974404e-04 1.878376e-04))
504.48        	((1.293206e+00 3.058118e+02 -2.482985e+02) (-6.452434e-04 4.057841e+00 -3.785479e-02)) ((1.642370e+02 -1.922516e-01 1.977405e-01) (1.145651e-01 5.935737e-04 9.706738e-07))
504.49        	((1.287724e+00 3.058104e+02 -2.483151e+02) (-3.228235e-04 4.057567e+00 -3.819388e-02)) ((1.642366e+02 -1.904946e-01 1.953835e-01) (1.145964e-01 3.992270e-04 1.866306e-04))
504.5         	((1.289832e+00 3.058186e+02 -2.483351e+02) (-6.458707e-04 4.057536e+00 -3.812435e-02)) ((1.642445e+02 -1.929647e-01 1.986892e-01) (1.145590e-01 5.952975e-04 -1.463097e-07))
504.51        	((1.284478e+00 3.058173e+02 -2.483516e+02) (-3.238932e-04 4.057263e+00 -3.846370e-02)) ((1.642440e+02 -1.911749e-01 1.962976e-01) (1.145902e-01 4.011535e-04 1.854243e-04))
504.52        	((1.286708e+00 3.058255e+02 -2.483714e+02) (-6.466378e-04 4.057233e+00 -3.839429e-02)) ((1.642519e+02 -1.936105e-01 1.995637e-01) (1.145528e-01 5.970980e-04 -1.251314e-06))
504.53        	((1.281473e+00 3.058241e+02 -2.483876e+02) (-3.248985e-04 4.056960e+00 -3.873324e-02)) ((1.642514e+02 -1.917883e-01 1.971351e-01) (1.145840e-01 4.030920e-04 1.842103e-04))
504.54        	((1.283816e+00 3.058323e+02 -2.484072e+02) (-6.473177e-04 4.056931e+00 -3.866369e-02)) ((1.642592e+02 -1.941903e-01 2.003592e-01) (1.145467e-01 5.988718e-04 -2.360879e-06))
504.55        	((1.278696e+00 3.058310e+02 -2.484233e+02) (-3.258748e-04 4.056660e+00 -3.900218e-02)) ((1.642586e+02 -1.923356e-01 1.978913e-01) (1.145778e-01 4.049917e-04 1.829931e-04))
504.56        	((1.281150e+00 3.058392e+02 -2.484426e+02) (-6.479754e-04 4.056631e+00 -3.893246e-02)) ((1.642664e+02 -1.947031e-01 2.010715e-01) (1.145406e-01 6.005941e-04 -3.478039e-06))
504.57        	((1.276140e+00 3.058378e+02 -2.484584e+02) (-3.268360e-04 4.056360e+00 -3.927048e-02)) ((1.642658e+02 -1.928140e-01 1.985633e-01) (1.145716e-01 4.068344e-04 1.817629e-04))
504.58        	((1.278696e+00 3.058460e+02 -2.484775e+02) (-6.486522e-04 4.056333e+00 -3.920062e-02)) ((1.642734e+02 -1.951449e-01 2.016998e-01) (1.145344e-01 6.022605e-04 -4.614471e-06))
504.59        	((1.273783e+00 3.058447e+02 -2.484931e+02) (-3.278897e-04 4.056062e+00 -3.953821e-02)) ((1.642728e+02 -1.932193e-01 1.991527e-01) (1.145653e-01 4.086306e-04 1.805118e-04))
504.6         	((1.276425e+00 3.058528e+02 -2.485119e+02) (-6.495174e-04 4.056035e+00 -3.946827e-02)) ((1.642804e+02 -1.955124e-01 2.022481e-01) (1.145282e-01 6.038909e-04 -5.776133e-06))
504.61        	((1.271591e+00 3.058514e+02 -2.485272e+02) (-3.292394e-04 4.055765e+00 -3.980547e-02)) ((1.642797e+02 -1.935492e-01 1.996650e-01) (1.145590e-01 4.103978e-04 1.792388e-04))
504.62        	((1.274300e+00 3.058596e+02 -2.485458e+02) (-6.508120e-04 4.055739e+00 -3.973544e-02)) ((1.642872e+02 -1.958042e-01 2.027233e-01) (1.145220e-01 6.054957e-04 -6.944940e-06))
504.63        	((1.269524e+00 3.058582e+02 -2.485608e+02) (-3.311883e-04 4.055469e+00 -4.007218e-02)) ((1.642865e+02 -1.938032e-01 2.001084e-01) (1.145526e-01 4.121285e-04 1.780058e-04))
504.64        	((1.272281e+00 3.058663e+02 -2.485791e+02) (-6.529055e-04 4.055444e+00 -4.000201e-02)) ((1.642939e+02 -1.960207e-01 2.031338e-01) (1.145156e-01 6.070602e-04 -8.039507e-06))
504.65        	((1.267543e+00 3.058649e+02 -2.485939e+02) (-3.341104e-04 4.055174e+00 -4.033841e-02)) ((1.642931e+02 -1.939834e-01 2.004914e-01) (1.145461e-01 4.138359e-04 1.768300e-04))
504.66        	((1.270327e+00 3.058730e+02 -2.486120e+02) (-6.561087e-04 4.055149e+00 -4.026822e-02)) ((1.643005e+02 -1.961648e-01 2.034889e-01) (1.145091e-01 6.086213e-04 -9.110709e-06))
504.67        	((1.265609e+00 3.058716e+02 -2.486266e+02) (-3.382677e-04 4.054879e+00 -4.060432e-02)) ((1.642996e+02 -1.940912e-01 2.008223e-01) (1.145394e-01 4.155488e-04 1.756639e-04))
504.68        	((1.268403e+00 3.058797e+02 -2.486445e+02) (-6.606551e-04 4.054855e+00 -4.053412e-02)) ((1.643069e+02 -1.962373e-01 2.037915e-01) (1.145024e-01 6.102002e-04 -1.018190e-05))
504.69        	((1.263683e+00 3.058782e+02 -2.486588e+02) (-3.438390e-04 4.054585e+00 -4.086993e-02)) ((1.643060e+02 -1.941303e-01 2.010977e-01) (1.145325e-01 4.172952e-04 1.744792e-04))
504.7         	((1.266463e+00 3.058862e+02 -2.486765e+02) (-6.666071e-04 4.054561e+00 -4.079975e-02)) ((1.643133e+02 -1.962438e-01 2.040353e-01) (1.144956e-01 6.118033e-04 -1.127291e-05))
504.71        	((1.261726e+00 3.058847e+02 -2.486907e+02) (-3.507504e-04 4.054291e+00 -4.113524e-02)) ((1.643123e+02 -1.941062e-01 2.013143e-01) (1.145257e-01 4.190336e-04 1.733033e-04))
504.72        	((1.264490e+00 3.058927e+02 -2.487081e+02) (-6.738146e-04 4.054267e+00 -4.106496e-02)) ((1.643195e+02 -1.961903e-01 2.042249e-01) (1.144888e-01 6.133839e-04 -1.234081e-05))
504.73        	((1.259736e+00 3.058912e+02 -2.487221e+02) (-3.588511e-04 4.053997e+00 -4.140006e-02)) ((1.643185e+02 -1.940262e-01 2.014828e-01) (1.145187e-01 4.207615e-04 1.721409e-04))
504.74        	((1.262468e+00 3.058991e+02 -2.487395e+02) (-6.821573e-04 4.053973e+00 -4.132968e-02)) ((1.643257e+02 -1.960852e-01 2.043700e-01) (1.144819e-01 6.149717e-04 -1.340509e-05))
504.75        	((1.257667e+00 3.058975e+02 -2.487533e+02) (-3.680447e-04 4.053703e+00 -4.166440e-02)) ((1.643246e+02 -1.938993e-01 2.016079e-01) (1.145116e-01 4.225160e-04 1.709703e-04))
504.76        	((1.260337e+00 3.059054e+02 -2.487705e+02) (-6.915205e-04 4.053680e+00 -4.159393e-02)) ((1.643318e+02 -1.959380e-01 2.044720e-01) (1.144748e-01 6.166011e-04 -1.449037e-05))
504.77        	((1.255465e+00 3.059037e+02 -2.487843e+02) (-3.781416e-04 4.053409e+00 -4.192825e-02)) ((1.643307e+02 -1.937356e-01 2.016918e-01) (1.145043e-01 4.243223e-04 1.697710e-04))
504.78        	((1.258057e+00 3.059115e+02 -2.488014e+02) (-7.016410e-04 4.053386e+00 -4.185760e-02)) ((1.643378e+02 -1.957594e-01 2.045376e-01) (1.144675e-01 6.182871e-04 -1.561169e-05))
504.79        	((1.253103e+00 3.059098e+02 -2.488151e+02) (-3.888888e-04 4.053116e+00 -4.219142e-02)) ((1.643367e+02 -1.935463e-01 2.017480e-01) (1.144969e-01 4.261902e-04 1.685323e-04))
504.8         	((1.255597e+00 3.059176e+02 -2.488321e+02) (-7.123243e-04 4.053093e+00 -4.212061e-02)) ((1.643438e+02 -1.955606e-01 2.045847e-01) (1.144601e-01 6.200327e-04 -1.676536e-05))
504.81        	((1.250529e+00 3.059158e+02 -2.488457e+02) (-4.001452e-04 4.052822e+00 -4.245402e-02)) ((1.643426e+02 -1.933408e-01 2.017918e-01) (1.144893e-01 4.281273e-04 1.672628e-04))
504.82        	((1.252888e+00 3.059235e+02 -2.488627e+02) (-7.234738e-04 4.052799e+00 -4.238302e-02)) ((1.643497e+02 -1.953490e-01 2.046228e-01) (1.144525e-01 6.218671e-04 -1.795828e-05))
504.83        	((1.247673e+00 3.059216e+02 -2.488763e+02) (-4.117733e-04 4.052528e+00 -4.271591e-02)) ((1.643485e+02 -1.931281e-01 2.018317e-01) (1.144815e-01 4.301533e-04 1.659595e-04))
504.84        	((1.249864e+00 3.059293e+02 -2.488933e+02) (-7.348749e-04 4.052505e+00 -4.264463e-02)) ((1.643555e+02 -1.951378e-01 2.046641e-01) (1.144449e-01 6.237821e-04 -1.916612e-05))
504.85        	((1.244471e+00 3.059274e+02 -2.489068e+02) (-4.235796e-04 4.052235e+00 -4.297679e-02)) ((1.643544e+02 -1.929232e-01 2.018827e-01) (1.144738e-01 4.322480e-04 1.646537e-04))
504.86        	((1.246470e+00 3.059350e+02 -2.489238e+02) (-7.463429e-04 4.052213e+00 -4.290479e-02)) ((1.643614e+02 -1.949407e-01 2.047253e-01) (1.144373e-01 6.257460e-04 -2.035609e-05))
504.87        	((1.240867e+00 3.059330e+02 -2.489374e+02) (-4.353942e-04 4.051943e+00 -4.323608e-02)) ((1.643602e+02 -1.927374e-01 2.019597e-01) (1.144662e-01 4.343729e-04 1.633341e-04))
504.88        	((1.242639e+00 3.059405e+02 -2.489545e+02) (-7.578338e-04 4.051921e+00 -4.316361e-02)) ((1.643672e+02 -1.947677e-01 2.048175e-01) (1.144298e-01 6.277322e-04 -2.159592e-05))
504.89        	((1.236797e+00 3.059385e+02 -2.489681e+02) (-5.097386e-04 4.051714e+00 -4.343942e-02)) ((1.643660e+02 -1.925831e-01 2.020759e-01) (1.144215e-01 4.772412e-04 1.204973e-04))
504.9         	((1.238249e+00 3.059459e+02 -2.489850e+02) (-7.787197e-04 4.051680e+00 -4.340682e-02)) ((1.643730e+02 -1.946043e-01 2.049113e-01) (1.144050e-01 6.364565e-04 -3.003186e-05))
504.91        	((1.232144e+00 3.059439e+02 -2.489988e+02) (-4.667026e-04 4.051412e+00 -4.374089e-02)) ((1.643719e+02 -1.924509e-01 2.022109e-01) (1.144398e-01 4.440952e-04 1.551346e-04))
504.92        	((1.233405e+00 3.059514e+02 -2.490159e+02) (-7.789491e-04 4.051387e+00 -4.367503e-02)) ((1.643788e+02 -1.945404e-01 2.051406e-01) (1.144064e-01 6.316011e-04 -2.419422e-05))
504.93        	((1.227033e+00 3.059493e+02 -2.490296e+02) (-4.695338e-04 4.051113e+00 -4.400500e-02)) ((1.643776e+02 -1.924222e-01 2.024965e-01) (1.144357e-01 4.412299e-04 1.591345e-04))
504.94        	((1.227965e+00 3.059566e+02 -2.490467e+02) (-7.881143e-04 4.051092e+00 -4.393294e-02)) ((1.643846e+02 -1.945249e-01 2.054476e-01) (1.144008e-01 6.330458e-04 -2.449636e-05))
504.95        	((1.221246e+00 3.059545e+02 -2.490606e+02) (-4.788172e-04 4.050819e+00 -4.426185e-02)) ((1.643834e+02 -1.924178e-01 2.028165e-01) (1.144296e-01 4.428321e-04 1.585721e-04))
504.96        	((1.221878e+00 3.059618e+02 -2.490778e+02) (-7.651850e-04 4.050886e+00 -4.420399e-02)) ((1.643903e+02 -1.945545e-01 2.058044e-01) (1.144163e-01 6.142232e-04 -4.179372e-06))
504.97        	((1.214967e+00 3.059596e+02 -2.490916e+02) (-4.730716e-04 4.050590e+00 -4.452074e-02)) ((1.643891e+02 -1.925415e-01 2.032831e-01) (1.144271e-01 4.353267e-04 1.677056e-04))
504.98        	((1.215212e+00 3.059667e+02 -2.491086e+02) (-8.041596e-04 4.050567e+00 -4.443947e-02)) ((1.643959e+02 -1.946723e-01 2.062577e-01) (1.143872e-01 6.359904e-04 -2.509929e-05))
504.99        	((1.207906e+00 3.059646e+02 -2.491227e+02) (-4.986342e-04 4.050292e+00 -4.476543e-02)) ((1.643947e+02 -1.926572e-01 2.037402e-01) (1.144151e-01 4.484074e-04 1.555566e-04))
505           	((1.207888e+00 3.059718e+02 -2.491401e+02) (-8.163503e-04 4.050271e+00 -4.469169e-02)) ((1.644017e+02 -1.948527e-01 2.067977e-01) (1.143800e-01 6.407698e-04 -2.896354e-05))
