# Forces      
# CofR        : (0.000000e+00 0.000000e+00 0.000000e+00)
# Time        forces(pressure viscous)	moments(pressure viscous)
500           	((-3.153811e+00 1.559153e+04 3.770051e+03) (-9.848485e-05 4.241990e+00 1.124127e-01)) ((3.168711e+03 -2.567490e-02 1.081408e+00) (3.680227e-01 2.082838e-05 -7.780908e-05))
500.01        	((-5.284458e+00 1.240764e+04 3.152350e+03) (-2.481157e-03 2.429454e+00 -2.789254e-02)) ((2.246174e+03 1.851135e-01 1.311283e+00) (-1.568286e-01 5.871702e-04 1.122239e-03))
500.02        	((-5.935847e+00 2.713074e+03 6.583371e+02) (-5.935829e-03 9.894158e-01 -2.514426e-01)) ((-3.037131e+01 1.510074e+00 1.278314e+00) (-5.528204e-01 1.170668e-03 -1.075918e-03))
500.03        	((-4.487616e-01 -4.637391e+03 -1.133051e+03) (-3.029841e-03 7.263377e-01 -4.677817e-01)) ((-1.731187e+03 1.811398e+00 -6.504496e-01) (-5.835756e-01 9.924689e-04 -4.618905e-04))
500.04        	((1.023442e+01 -4.947039e+03 -1.255220e+03) (-4.867508e-04 1.883526e+00 -5.097275e-01)) ((-1.574773e+03 6.600386e-02 -2.016397e+00) (-2.446784e-01 -1.892871e-03 -1.441820e-03))
500.05        	((1.542599e+01 -1.067159e+03 -3.398437e+02) (-8.937391e-04 3.945430e+00 -3.868012e-01)) ((-3.449165e+02 -8.955420e-01 -1.770902e+00) (3.728400e-01 -1.736214e-04 -8.623694e-04))
500.06        	((5.937480e+00 2.700963e+03 5.432972e+02) (-1.429587e-02 5.465836e+00 -1.958860e-01)) ((7.379202e+02 7.097720e-01 -1.667323e-01) (7.741916e-01 5.925680e-03 -5.084841e-03))
500.07        	((-1.294966e+01 4.220779e+03 8.769161e+02) (2.454426e-03 5.582748e+00 6.309914e-03)) ((1.049627e+03 6.267930e+00 -7.443710e-01) (6.862583e-01 -2.099776e-04 -3.524399e-03))
500.08        	((-2.173416e+01 3.381793e+03 7.195179e+02) (2.458946e-02 3.920339e+00 2.442110e-02)) ((6.035542e+02 7.798844e+00 -1.354782e+00) (-5.461065e-03 -5.963569e-03 -7.036552e-03))
500.09        	((-1.382119e+01 1.776560e+03 3.993449e+02) (9.482839e-02 2.314098e+00 2.879808e-02)) ((3.154485e+00 5.120552e+00 -1.806515e+00) (-7.217097e-01 -3.893725e-02 -9.224683e-03))
500.1         	((-1.558277e+00 6.196254e+02 1.700431e+02) (1.377831e-01 2.270587e+00 3.222150e-02)) ((-3.269512e+02 2.443693e+00 -1.874409e+00) (-8.292864e-01 -5.878829e-02 -5.247726e-03))
500.11        	((9.087251e+00 3.972859e+02 9.894332e+01) (1.047497e-01 3.513288e+00 -1.572269e-02)) ((-2.707796e+02 -8.158478e-01 -1.054241e+00) (-3.534191e-01 -4.402785e-02 -1.647012e-03))
500.12        	((9.259438e+00 8.283620e+02 1.401242e+02) (4.255919e-02 4.985316e+00 -9.281692e-03)) ((-9.119776e+00 -1.616530e+00 -4.729847e-01) (2.303141e-01 -9.697356e-03 8.445589e-03))
500.13        	((3.631374e+00 1.356878e+03 2.195085e+02) (3.767639e-02 5.747668e+00 6.080167e-02)) ((2.016720e+02 -1.408210e+00 -3.295343e-01) (4.772735e-01 2.661700e-03 9.782314e-03))
500.14        	((-9.278412e-01 1.666646e+03 2.810182e+02) (3.808549e-02 5.811445e+00 1.822759e-01)) ((2.510242e+02 -1.208094e+00 -1.474004e-01) (4.094522e-01 1.032831e-02 1.068791e-02))
500.15        	((-1.279524e+00 1.699721e+03 3.022388e+02) (3.180397e-02 5.445381e+00 2.400365e-01)) ((1.755121e+02 -9.474626e-01 -3.392225e-01) (1.858726e-01 8.588417e-03 2.845391e-03))
500.16        	((-9.240236e-01 1.544496e+03 2.775338e+02) (3.206493e-02 5.137383e+00 2.376301e-01)) ((6.676089e+01 3.138685e-02 -4.119839e-01) (1.707062e-04 3.813546e-03 -3.227867e-03))
500.17        	((1.516371e+00 1.343244e+03 2.217565e+02) (5.709627e-02 5.154638e+00 1.952924e-01)) ((1.310599e+00 6.290602e-02 -6.011148e-01) (-2.581097e-02 -8.877072e-03 -1.931255e-03))
500.18        	((3.245377e+00 1.201499e+03 1.645195e+02) (7.248459e-02 5.444991e+00 1.492087e-01)) ((-7.242689e-01 -6.363899e-01 -9.590612e-01) (8.530234e-02 -1.393096e-02 2.512839e-03))
500.19        	((3.121314e+00 1.157180e+03 1.309288e+02) (7.436157e-02 5.770838e+00 1.269285e-01)) ((3.453193e+01 -1.472684e+00 -1.207530e+00) (2.241924e-01 -1.290194e-02 6.504420e-03))
500.2         	((1.805462e+00 1.193443e+03 1.264035e+02) (7.483856e-02 5.983038e+00 1.140536e-01)) ((6.999272e+01 -1.711993e+00 -1.144446e+00) (3.154771e-01 -1.192081e-02 9.264830e-03))
500.21        	((6.107250e-01 1.265773e+03 1.406209e+02) (7.798360e-02 6.069927e+00 9.803700e-02)) ((8.502379e+01 -1.374825e+00 -8.072022e-01) (3.484361e-01 -1.275863e-02 1.181230e-02))
500.22        	((5.555286e-01 1.322772e+03 1.544711e+02) (8.068086e-02 6.094162e+00 6.860821e-02)) ((7.832910e+01 -8.302994e-01 -4.607850e-01) (3.479320e-01 -1.455806e-02 1.427612e-02))
500.23        	((1.204017e+00 1.332154e+03 1.540054e+02) (8.474825e-02 6.113571e+00 3.452017e-02)) ((6.113063e+01 -5.036043e-01 -2.724283e-01) (3.441523e-01 -1.682868e-02 1.665256e-02))
500.24        	((1.797721e+00 1.294160e+03 1.380479e+02) (8.675707e-02 6.151518e+00 -1.231346e-04)) ((4.596103e+01 -5.345837e-01 -3.048222e-01) (3.529463e-01 -1.858057e-02 1.893068e-02))
500.25        	((1.706184e+00 1.235776e+03 1.155042e+02) (8.610843e-02 6.195711e+00 -2.724613e-02)) ((3.969294e+01 -6.820841e-01 -4.432176e-01) (3.724413e-01 -1.987063e-02 2.092970e-02))
500.26        	((1.010045e+00 1.189601e+03 9.664440e+01) (8.456789e-02 6.230697e+00 -5.050655e-02)) ((4.167641e+01 -6.967611e-01 -5.418277e-01) (3.964439e-01 -2.059840e-02 2.121009e-02))
500.27        	((2.506448e-01 1.173945e+03 8.676950e+01) (8.125674e-02 6.240764e+00 -6.972268e-02)) ((4.698181e+01 -5.255544e-01 -5.253924e-01) (4.142245e-01 -2.068534e-02 2.209402e-02))
500.28        	((-2.841136e-01 1.184980e+03 8.465519e+01) (7.751870e-02 6.225725e+00 -8.949087e-02)) ((5.049442e+01 -2.335496e-01 -4.144910e-01) (4.228626e-01 -2.050999e-02 2.251897e-02))
500.29        	((-6.556333e-01 1.204807e+03 8.506824e+01) (7.287319e-02 6.195604e+00 -1.068958e-01)) ((5.007531e+01 8.322616e-02 -2.785906e-01) (4.228147e-01 -1.995419e-02 2.262682e-02))
500.3         	((-9.452878e-01 1.215236e+03 8.320053e+01) (6.808763e-02 6.158266e+00 -1.230932e-01)) ((4.630899e+01 2.818321e-01 -1.724378e-01) (4.183316e-01 -1.927310e-02 2.234434e-02))
500.31        	((-1.238858e+00 1.208942e+03 7.774959e+01) (6.169107e-02 6.121234e+00 -1.350904e-01)) ((4.148504e+01 3.225414e-01 -1.253251e-01) (4.113284e-01 -1.797468e-02 2.213501e-02))
500.32        	((-1.651892e+00 1.194646e+03 7.005824e+01) (5.595538e-02 6.078183e+00 -1.497981e-01)) ((3.819278e+01 3.333359e-01 -1.147867e-01) (4.030417e-01 -1.676040e-02 2.149569e-02))
500.33        	((-2.105555e+00 1.183718e+03 6.297347e+01) (4.907270e-02 6.023136e+00 -1.622331e-01)) ((3.699914e+01 3.963790e-01 -1.166378e-01) (3.908961e-01 -1.534414e-02 2.049668e-02))
500.34        	((-2.502041e+00 1.182992e+03 5.837098e+01) (4.278334e-02 5.961421e+00 -1.771835e-01)) ((3.692984e+01 5.087036e-01 -1.171529e-01) (3.761696e-01 -1.376200e-02 1.961658e-02))
500.35        	((-2.865450e+00 1.193169e+03 5.663174e+01) (3.643623e-02 5.895557e+00 -1.945117e-01)) ((3.681424e+01 6.735170e-01 -9.795509e-02) (3.588415e-01 -1.235021e-02 1.853733e-02))
500.36        	((-3.175027e+00 1.208077e+03 5.623417e+01) (3.107973e-02 5.829922e+00 -2.125743e-01)) ((3.572350e+01 8.150525e-01 -6.338178e-02) (3.394900e-01 -1.086085e-02 1.747663e-02))
500.37        	((-3.446446e+00 1.222866e+03 5.598234e+01) (2.542041e-02 5.768644e+00 -2.308110e-01)) ((3.404216e+01 9.243921e-01 -2.528416e-02) (3.184123e-01 -9.708102e-03 1.593235e-02))
500.38        	((-3.696139e+00 1.236212e+03 5.557640e+01) (2.078351e-02 5.717136e+00 -2.479422e-01)) ((3.269561e+01 9.934569e-01 -1.983341e-03) (2.985761e-01 -8.198129e-03 1.507795e-02))
500.39        	((-3.853636e+00 1.250001e+03 5.528828e+01) (1.627702e-02 5.673406e+00 -2.650854e-01)) ((3.237280e+01 1.032189e+00 1.243833e-02) (2.785550e-01 -7.093163e-03 1.381280e-02))
500.4         	((-3.974692e+00 1.266884e+03 5.543675e+01) (1.317029e-02 5.634499e+00 -2.826823e-01)) ((3.301239e+01 1.075274e+00 1.501906e-02) (2.584420e-01 -5.996998e-03 1.248372e-02))
500.41        	((-4.042312e+00 1.287813e+03 5.611652e+01) (9.985028e-03 5.600467e+00 -3.007114e-01)) ((3.390238e+01 1.128257e+00 8.094821e-03) (2.382825e-01 -5.047253e-03 1.140734e-02))
500.42        	((-4.090258e+00 1.310663e+03 5.693027e+01) (7.978910e-03 5.570470e+00 -3.184717e-01)) ((3.415522e+01 1.175946e+00 -3.524671e-03) (2.185190e-01 -4.227734e-03 1.041440e-02))
500.43        	((-4.092858e+00 1.334389e+03 5.818084e+01) (5.640163e-03 5.547363e+00 -3.371329e-01)) ((3.362637e+01 1.219876e+00 -9.879269e-03) (1.996040e-01 -3.533499e-03 9.317835e-03))
500.44        	((-4.100297e+00 1.354924e+03 5.876031e+01) (4.273579e-03 5.528828e+00 -3.536799e-01)) ((3.222400e+01 1.249627e+00 -7.987679e-03) (1.811379e-01 -2.872259e-03 8.508338e-03))
500.45        	((-4.065970e+00 1.371934e+03 5.874274e+01) (2.716249e-03 5.518165e+00 -3.678072e-01)) ((3.066366e+01 1.269235e+00 -3.755902e-03) (1.641474e-01 -2.419327e-03 7.731426e-03))
500.46        	((-4.042176e+00 1.387470e+03 5.865993e+01) (2.044794e-03 5.513475e+00 -3.796452e-01)) ((2.961303e+01 1.284793e+00 1.983671e-03) (1.484127e-01 -1.988828e-03 7.060074e-03))
500.47        	((-4.006404e+00 1.403837e+03 5.899465e+01) (7.798737e-04 5.515228e+00 -3.906268e-01)) ((2.915632e+01 1.304224e+00 6.782984e-03) (1.337288e-01 -1.572800e-03 6.443701e-03))
500.48        	((-3.956942e+00 1.421880e+03 5.974774e+01) (3.293605e-04 5.520651e+00 -4.000449e-01)) ((2.888484e+01 1.308494e+00 1.265802e-02) (1.199418e-01 -1.155827e-03 5.847697e-03))
500.49        	((-3.875930e+00 1.440935e+03 6.069059e+01) (-4.670102e-04 5.531280e+00 -4.082618e-01)) ((2.833634e+01 1.306592e+00 2.198521e-02) (1.074284e-01 -8.797097e-04 5.343989e-03))
500.5         	((-3.808709e+00 1.459690e+03 6.156303e+01) (-6.059201e-04 5.545024e+00 -4.152322e-01)) ((2.734361e+01 1.305564e+00 3.869736e-02) (9.601317e-02 -5.694856e-04 4.886157e-03))
500.51        	((-3.735453e+00 1.477392e+03 6.233686e+01) (-1.190915e-03 5.563559e+00 -4.205851e-01)) ((2.606787e+01 1.313142e+00 5.742870e-02) (8.610442e-02 -3.595796e-04 4.461957e-03))
500.52        	((-3.665246e+00 1.494062e+03 6.308154e+01) (-1.180296e-03 5.585588e+00 -4.238696e-01)) ((2.478969e+01 1.325507e+00 7.983626e-02) (7.778303e-02 -7.624194e-05 4.038117e-03))
500.53        	((-3.568135e+00 1.510343e+03 6.391480e+01) (-1.507511e-03 5.612283e+00 -4.255362e-01)) ((2.370072e+01 1.339135e+00 1.034596e-01) (7.102466e-02 1.039724e-04 3.616807e-03))
500.54        	((-3.458574e+00 1.526736e+03 6.481803e+01) (-1.305596e-03 5.641648e+00 -4.258974e-01)) ((2.280453e+01 1.344476e+00 1.309557e-01) (6.545002e-02 3.615232e-04 3.217988e-03))
500.55        	((-3.319299e+00 1.543421e+03 6.575246e+01) (-1.330364e-03 5.675141e+00 -4.254621e-01)) ((2.197200e+01 1.341362e+00 1.578838e-01) (6.119313e-02 4.548418e-04 2.787932e-03))
500.56        	((-3.175789e+00 1.560183e+03 6.663940e+01) (-8.988265e-04 5.710888e+00 -4.240666e-01)) ((2.106230e+01 1.333993e+00 1.837766e-01) (5.801985e-02 5.884094e-04 2.375382e-03))
500.57        	((-3.022084e+00 1.576819e+03 6.750940e+01) (-7.944807e-04 5.749950e+00 -4.220234e-01)) ((2.002517e+01 1.328183e+00 2.081832e-01) (5.603406e-02 6.375846e-04 2.017363e-03))
500.58        	((-2.873676e+00 1.593186e+03 6.837044e+01) (-2.974665e-04 5.790778e+00 -4.196487e-01)) ((1.890027e+01 1.325709e+00 2.320200e-01) (5.499468e-02 7.439348e-04 1.713638e-03))
500.59        	((-2.719706e+00 1.609249e+03 6.924594e+01) (-7.757797e-05 5.834116e+00 -4.176365e-01)) ((1.774990e+01 1.325805e+00 2.544837e-01) (5.474009e-02 7.084151e-04 1.425390e-03))
500.6         	((-2.574722e+00 1.625042e+03 7.012019e+01) (4.644486e-04 5.878679e+00 -4.164215e-01)) ((1.663240e+01 1.325172e+00 2.741792e-01) (5.503541e-02 7.452649e-04 1.161676e-03))
500.61        	((-2.422878e+00 1.640671e+03 7.099989e+01) (5.335924e-04 5.925565e+00 -4.160565e-01)) ((1.557079e+01 1.327064e+00 2.890574e-01) (5.597988e-02 7.648098e-04 9.559342e-04))
500.62        	((-2.281633e+00 1.656170e+03 7.185405e+01) (1.156773e-03 5.973589e+00 -4.163822e-01)) ((1.455948e+01 1.326725e+00 3.016992e-01) (5.745983e-02 7.840600e-04 7.029583e-04))
500.63        	((-2.133266e+00 1.671567e+03 7.270134e+01) (1.441243e-03 6.023061e+00 -4.176572e-01)) ((1.357206e+01 1.325926e+00 3.134541e-01) (5.919198e-02 6.607695e-04 4.765886e-04))
500.64        	((-2.007235e+00 1.686814e+03 7.353188e+01) (2.145909e-03 6.072688e+00 -4.193488e-01)) ((1.260007e+01 1.326923e+00 3.265929e-01) (6.113822e-02 6.451620e-04 3.105092e-04))
500.65        	((-1.889730e+00 1.701930e+03 7.438845e+01) (2.344525e-03 6.123406e+00 -4.215762e-01)) ((1.164988e+01 1.334241e+00 3.405419e-01) (6.330298e-02 5.478205e-04 1.192732e-04))
500.66        	((-1.802514e+00 1.716861e+03 7.525651e+01) (3.213278e-03 6.173886e+00 -4.238947e-01)) ((1.073520e+01 1.345800e+00 3.533773e-01) (6.571196e-02 4.801056e-04 -1.092281e-04))
500.67        	((-1.716738e+00 1.731580e+03 7.614703e+01) (3.398949e-03 6.224902e+00 -4.266420e-01)) ((9.853668e+00 1.360556e+00 3.666859e-01) (6.812872e-02 3.213392e-04 -2.536370e-04))
500.68        	((-1.659179e+00 1.746069e+03 7.703001e+01) (4.193226e-03 6.275181e+00 -4.292582e-01)) ((9.023786e+00 1.376115e+00 3.785165e-01) (7.070178e-02 3.361543e-04 -3.925479e-04))
500.69        	((-1.594173e+00 1.760347e+03 7.793044e+01) (4.135236e-03 6.326051e+00 -4.324227e-01)) ((8.240250e+00 1.394133e+00 3.898701e-01) (7.323002e-02 2.440637e-04 -4.933067e-04))
500.7         	((-1.561701e+00 1.774404e+03 7.881310e+01) (4.903238e-03 6.375568e+00 -4.351519e-01)) ((7.517958e+00 1.413629e+00 4.020327e-01) (7.579428e-02 2.519811e-04 -5.960608e-04))
500.71        	((-1.527023e+00 1.788263e+03 7.971487e+01) (4.714822e-03 6.425219e+00 -4.382396e-01)) ((6.849219e+00 1.439915e+00 4.148921e-01) (7.814589e-02 1.752255e-04 -6.281645e-04))
500.72        	((-1.526200e+00 1.801909e+03 8.059658e+01) (5.298896e-03 6.473461e+00 -4.410972e-01)) ((6.241894e+00 1.466162e+00 4.283762e-01) (8.048608e-02 2.911658e-04 -6.614929e-04))
500.73        	((-1.512398e+00 1.815350e+03 8.149659e+01) (4.889461e-03 6.521856e+00 -4.444825e-01)) ((5.681725e+00 1.493744e+00 4.406384e-01) (8.258759e-02 3.221140e-04 -6.379364e-04))
500.74        	((-1.527380e+00 1.828541e+03 8.236837e+01) (5.277588e-03 6.568514e+00 -4.473913e-01)) ((5.172892e+00 1.518110e+00 4.534827e-01) (8.464077e-02 5.083729e-04 -6.050451e-04))
500.75        	((-1.534823e+00 1.841490e+03 8.325252e+01) (4.740904e-03 6.615096e+00 -4.506817e-01)) ((4.704521e+00 1.546352e+00 4.667280e-01) (8.644018e-02 6.020934e-04 -5.370349e-04))
500.76        	((-1.573326e+00 1.854179e+03 8.410975e+01) (4.988247e-03 6.660117e+00 -4.538094e-01)) ((4.285855e+00 1.574115e+00 4.821635e-01) (8.820080e-02 8.489765e-04 -4.757005e-04))
500.77        	((-1.597603e+00 1.866624e+03 8.498273e+01) (4.333877e-03 6.705111e+00 -4.574109e-01)) ((3.911088e+00 1.603724e+00 4.981338e-01) (8.972910e-02 1.012168e-03 -3.690728e-04))
500.78        	((-1.643755e+00 1.878790e+03 8.583282e+01) (4.418712e-03 6.748494e+00 -4.606827e-01)) ((3.591075e+00 1.629201e+00 5.156801e-01) (9.121783e-02 1.325692e-03 -2.634227e-04))
500.79        	((-1.674577e+00 1.890692e+03 8.670287e+01) (3.697761e-03 6.791756e+00 -4.642735e-01)) ((3.317709e+00 1.655592e+00 5.338423e-01) (9.248816e-02 1.530200e-03 -1.399531e-04))
500.8         	((-1.730603e+00 1.902326e+03 8.756258e+01) (3.785658e-03 6.833547e+00 -4.676542e-01)) ((3.097572e+00 1.681574e+00 5.545156e-01) (9.373669e-02 1.828692e-03 -5.350475e-05))
500.81        	((-1.774585e+00 1.913711e+03 8.844992e+01) (3.034366e-03 6.875068e+00 -4.711124e-01)) ((2.923259e+00 1.712042e+00 5.776166e-01) (9.480516e-02 2.064452e-03 8.134655e-05))
500.82        	((-1.836602e+00 1.924827e+03 8.932863e+01) (2.968664e-03 6.914990e+00 -4.743387e-01)) ((2.795546e+00 1.741559e+00 6.029479e-01) (9.580126e-02 2.428288e-03 2.108531e-04))
500.83        	((-1.882953e+00 1.935681e+03 9.021502e+01) (2.217517e-03 6.954958e+00 -4.778371e-01)) ((2.701873e+00 1.774365e+00 6.295261e-01) (9.670180e-02 2.653171e-03 3.479283e-04))
500.84        	((-1.947030e+00 1.946223e+03 9.106722e+01) (2.279290e-03 6.993648e+00 -4.810813e-01)) ((2.643558e+00 1.807845e+00 6.574835e-01) (9.766754e-02 2.939296e-03 4.398800e-04))
500.85        	((-1.990673e+00 1.956470e+03 9.191448e+01) (1.617618e-03 7.032120e+00 -4.842209e-01)) ((2.609795e+00 1.843288e+00 6.844651e-01) (9.853229e-02 3.125739e-03 5.663410e-04))
500.86        	((-2.040743e+00 1.966394e+03 9.273158e+01) (1.628505e-03 7.068999e+00 -4.869357e-01)) ((2.605374e+00 1.877326e+00 7.100783e-01) (9.938311e-02 3.414911e-03 6.790187e-04))
500.87        	((-2.067185e+00 1.976033e+03 9.354024e+01) (9.774476e-04 7.105799e+00 -4.898155e-01)) ((2.625542e+00 1.911755e+00 7.326052e-01) (1.000952e-01 3.569381e-03 7.838271e-04))
500.88        	((-2.099034e+00 1.985381e+03 9.431438e+01) (1.063495e-03 7.141132e+00 -4.924641e-01)) ((2.675094e+00 1.945259e+00 7.545662e-01) (1.007774e-01 3.775966e-03 8.602352e-04))
500.89        	((-2.108735e+00 1.994454e+03 9.505822e+01) (5.437354e-04 7.176296e+00 -4.948354e-01)) ((2.746238e+00 1.978350e+00 7.727722e-01) (1.013990e-01 3.870264e-03 9.252738e-04))
500.9         	((-2.117796e+00 2.003212e+03 9.574619e+01) (6.314682e-04 7.209809e+00 -4.966871e-01)) ((2.843460e+00 2.009281e+00 7.894013e-01) (1.020092e-01 4.054529e-03 1.028314e-03))
500.91        	((-2.105864e+00 2.011680e+03 9.639594e+01) (2.009364e-04 7.243291e+00 -4.986202e-01)) ((2.957228e+00 2.037446e+00 8.037465e-01) (1.025160e-01 4.098898e-03 1.143566e-03))
500.92        	((-2.095801e+00 2.019830e+03 9.699004e+01) (4.345551e-04 7.275354e+00 -5.002499e-01)) ((3.091130e+00 2.063470e+00 8.163914e-01) (1.030298e-01 4.190423e-03 1.285389e-03))
500.93        	((-2.065865e+00 2.027703e+03 9.754416e+01) (4.170764e-05 7.307395e+00 -5.019173e-01)) ((3.239083e+00 2.086268e+00 8.270603e-01) (1.034416e-01 4.211491e-03 1.400035e-03))
500.94        	((-2.039132e+00 2.035278e+03 9.804312e+01) (1.057934e-04 7.337678e+00 -5.028607e-01)) ((3.408249e+00 2.106645e+00 8.336266e-01) (1.038121e-01 4.377523e-03 1.491709e-03))
500.95        	((-1.998840e+00 2.042573e+03 9.850664e+01) (-3.846151e-04 7.367634e+00 -5.037617e-01)) ((3.587189e+00 2.122129e+00 8.382612e-01) (1.039990e-01 4.447521e-03 1.581512e-03))
500.96        	((-1.961709e+00 2.049569e+03 9.891185e+01) (-3.183701e-04 7.396259e+00 -5.044041e-01)) ((3.780971e+00 2.134987e+00 8.393135e-01) (1.041668e-01 4.589209e-03 1.642640e-03))
500.97        	((-1.907275e+00 2.056293e+03 9.927262e+01) (-7.007890e-04 7.424794e+00 -5.050688e-01)) ((3.983004e+00 2.140418e+00 8.417771e-01) (1.042451e-01 4.614584e-03 1.744629e-03))
500.98        	((-1.848368e+00 2.062728e+03 9.956730e+01) (-6.007070e-04 7.452022e+00 -5.054427e-01)) ((4.199738e+00 2.143598e+00 8.403503e-01) (1.043051e-01 4.713801e-03 1.833499e-03))
500.99        	((-1.780334e+00 2.068905e+03 9.981855e+01) (-7.714534e-04 7.479234e+00 -5.058533e-01)) ((4.424676e+00 2.140642e+00 8.409220e-01) (1.042955e-01 4.653794e-03 1.919298e-03))
501           	((-1.708701e+00 2.074793e+03 1.000027e+02) (-6.040524e-04 7.504883e+00 -5.056028e-01)) ((4.657468e+00 2.138974e+00 8.336628e-01) (1.042490e-01 4.709493e-03 1.963133e-03))
501.01        	((-1.632250e+00 2.080416e+03 1.001497e+02) (-7.841087e-04 7.530276e+00 -5.054164e-01)) ((4.890478e+00 2.128626e+00 8.293398e-01) (1.040412e-01 4.666562e-03 2.042802e-03))
501.02        	((-1.551664e+00 2.085762e+03 1.002328e+02) (-6.251538e-04 7.554330e+00 -5.050161e-01)) ((5.127822e+00 2.121663e+00 8.169942e-01) (1.037243e-01 4.689471e-03 2.024620e-03))
501.03        	((-1.474650e+00 2.090868e+03 1.002871e+02) (-7.149009e-04 7.578223e+00 -5.046684e-01)) ((5.369588e+00 2.104270e+00 8.124160e-01) (1.032995e-01 4.622783e-03 2.071737e-03))
501.04        	((-1.389095e+00 2.095713e+03 1.002762e+02) (-5.888078e-04 7.600852e+00 -5.039958e-01)) ((5.618109e+00 2.092211e+00 7.991750e-01) (1.028082e-01 4.630037e-03 2.041103e-03))
501.05        	((-1.308900e+00 2.100333e+03 1.002345e+02) (-6.474716e-04 7.623314e+00 -5.033344e-01)) ((5.867867e+00 2.068276e+00 7.950538e-01) (1.022337e-01 4.545654e-03 2.102219e-03))
501.06        	((-1.217315e+00 2.104691e+03 1.001245e+02) (-5.594859e-04 7.644468e+00 -5.023704e-01)) ((6.118640e+00 2.052494e+00 7.791124e-01) (1.015406e-01 4.538308e-03 2.057852e-03))
501.07        	((-1.139329e+00 2.108829e+03 9.999612e+01) (-5.616482e-04 7.665345e+00 -5.014863e-01)) ((6.375288e+00 2.025008e+00 7.705720e-01) (1.007106e-01 4.463837e-03 2.096023e-03))
501.08        	((-1.043042e+00 2.112725e+03 9.981657e+01) (-5.015030e-04 7.684892e+00 -5.003889e-01)) ((6.635713e+00 2.010140e+00 7.453630e-01) (9.970763e-02 4.465568e-03 1.988985e-03))
501.09        	((-9.610723e-01 2.116420e+03 9.963176e+01) (-4.892590e-04 7.704331e+00 -4.993781e-01)) ((6.898904e+00 1.979163e+00 7.357371e-01) (9.863032e-02 4.412996e-03 2.034479e-03))
501.1         	((-8.528503e-01 2.119759e+03 9.930672e+01) (-6.058801e-04 7.722799e+00 -4.982596e-01)) ((7.126032e+00 1.960898e+00 7.125183e-01) (9.753864e-02 4.464542e-03 1.929088e-03))
501.11        	((-7.772785e-01 2.122925e+03 9.898758e+01) (-6.477291e-04 7.741532e+00 -4.971496e-01)) ((7.362542e+00 1.923364e+00 7.160219e-01) (9.655615e-02 4.467290e-03 1.971731e-03))
501.12        	((-6.859524e-01 2.125969e+03 9.868247e+01) (-7.955283e-04 7.759389e+00 -4.957955e-01)) ((7.620269e+00 1.904400e+00 7.026524e-01) (9.555791e-02 4.545821e-03 1.768240e-03))
501.13        	((-6.449222e-01 2.128892e+03 9.844781e+01) (-5.222330e-04 7.777218e+00 -4.944525e-01)) ((7.897314e+00 1.861904e+00 7.132448e-01) (9.453312e-02 4.453000e-03 1.829167e-03))
501.14        	((-5.677502e-01 2.131627e+03 9.822403e+01) (-4.818523e-04 7.793951e+00 -4.928254e-01)) ((8.178666e+00 1.838844e+00 6.955900e-01) (9.337430e-02 4.421674e-03 1.662611e-03))
501.15        	((-5.266826e-01 2.134139e+03 9.801087e+01) (-1.283326e-04 7.810647e+00 -4.912153e-01)) ((8.444000e+00 1.786274e+00 7.033746e-01) (9.220182e-02 4.303672e-03 1.772955e-03))
501.16        	((-4.453487e-01 2.136418e+03 9.776472e+01) (-1.525591e-04 7.826443e+00 -4.894041e-01)) ((8.699248e+00 1.757687e+00 6.812219e-01) (9.096223e-02 4.271031e-03 1.571658e-03))
501.17        	((-4.174092e-01 2.138534e+03 9.753135e+01) (1.820559e-04 7.842313e+00 -4.876464e-01)) ((8.967473e+00 1.701042e+00 6.891915e-01) (8.975070e-02 4.164990e-03 1.649484e-03))
501.18        	((-3.555660e-01 2.140484e+03 9.728258e+01) (7.944347e-05 7.857303e+00 -4.856035e-01)) ((9.244189e+00 1.671061e+00 6.677284e-01) (8.848362e-02 4.138746e-03 1.432409e-03))
501.19        	((-3.453559e-01 2.142268e+03 9.705741e+01) (4.546244e-04 7.872224e+00 -4.834367e-01)) ((9.524047e+00 1.610390e+00 6.776820e-01) (8.722867e-02 4.006540e-03 1.499224e-03))
501.2         	((-2.867149e-01 2.143481e+03 9.681561e+01) (3.900447e-04 7.885526e+00 -4.810771e-01)) ((9.794298e+00 1.575520e+00 6.577254e-01) (8.586316e-02 3.943667e-03 1.295248e-03))
501.21        	((-2.769138e-01 2.144448e+03 9.659413e+01) (7.992057e-04 7.897926e+00 -4.786240e-01)) ((1.005459e+01 1.510901e+00 6.666560e-01) (8.471630e-02 3.804936e-03 1.375210e-03))
501.22        	((-2.196513e-01 2.145392e+03 9.644461e+01) (6.674146e-04 7.909740e+00 -4.758330e-01)) ((1.031854e+01 1.471673e+00 6.434598e-01) (8.349648e-02 3.757034e-03 1.187816e-03))
501.23        	((-2.160968e-01 2.146491e+03 9.638614e+01) (1.072666e-03 7.921763e+00 -4.728911e-01)) ((1.060479e+01 1.402440e+00 6.506556e-01) (8.238818e-02 3.646481e-03 1.258270e-03))
501.24        	((-1.643328e-01 2.147640e+03 9.634438e+01) (8.969335e-04 7.932889e+00 -4.697515e-01)) ((1.089636e+01 1.363509e+00 6.277139e-01) (8.118382e-02 3.610626e-03 1.072494e-03))
501.25        	((-1.646734e-01 2.148644e+03 9.626115e+01) (1.354880e-03 7.944121e+00 -4.666071e-01)) ((1.117603e+01 1.296523e+00 6.357261e-01) (8.005030e-02 3.491834e-03 1.129448e-03))
501.26        	((-1.073028e-01 2.149332e+03 9.611348e+01) (1.114347e-03 7.954429e+00 -4.635033e-01)) ((1.143442e+01 1.260894e+00 6.124438e-01) (7.875653e-02 3.462893e-03 9.844685e-04))
501.27        	((-1.032452e-01 2.149755e+03 9.595452e+01) (1.591272e-03 7.964937e+00 -4.602786e-01)) ((1.168476e+01 1.197160e+00 6.183510e-01) (7.758243e-02 3.346297e-03 1.039946e-03))
501.28        	((-4.180384e-02 2.150017e+03 9.583182e+01) (1.329059e-03 7.974465e+00 -4.570482e-01)) ((1.193776e+01 1.167403e+00 5.921890e-01) (7.621537e-02 3.298176e-03 9.181743e-04))
501.29        	((-3.417175e-02 2.150250e+03 9.577465e+01) (1.871165e-03 7.984380e+00 -4.536219e-01)) ((1.220846e+01 1.107887e+00 5.949969e-01) (7.502031e-02 3.168856e-03 9.435524e-04))
501.3         	((3.981716e-02 2.150431e+03 9.577055e+01) (1.564053e-03 7.993288e+00 -4.502681e-01)) ((1.248733e+01 1.081984e+00 5.664241e-01) (7.358602e-02 3.115140e-03 8.545094e-04))
501.31        	((5.300958e-02 2.150534e+03 9.577989e+01) (2.176729e-03 8.002762e+00 -4.466608e-01)) ((1.276584e+01 1.027086e+00 5.675804e-01) (7.237930e-02 2.979718e-03 8.429131e-04))
501.32        	((1.268400e-01 2.150568e+03 9.571355e+01) (1.857257e-03 8.011267e+00 -4.432435e-01)) ((1.303325e+01 1.010049e+00 5.376582e-01) (7.085016e-02 2.913001e-03 7.561850e-04))
501.33        	((1.409267e-01 2.150377e+03 9.573293e+01) (2.516622e-03 8.020178e+00 -4.395258e-01)) ((1.330391e+01 9.633855e-01 5.382032e-01) (6.957124e-02 2.758943e-03 7.634664e-04))
501.34        	((2.197946e-01 2.150027e+03 9.571094e+01) (2.187352e-03 8.028049e+00 -4.359881e-01)) ((1.357089e+01 9.535312e-01 5.084763e-01) (6.798070e-02 2.706679e-03 6.956051e-04))
501.35        	((2.398000e-01 2.149584e+03 9.569637e+01) (2.806833e-03 8.036497e+00 -4.321443e-01)) ((1.384730e+01 9.130829e-01 5.104182e-01) (6.663414e-02 2.589156e-03 7.286388e-04))
501.36        	((3.267756e-01 2.149028e+03 9.573246e+01) (2.485133e-03 8.043843e+00 -4.284563e-01)) ((1.413102e+01 9.064324e-01 4.814072e-01) (6.498385e-02 2.546644e-03 6.554335e-04))
501.37        	((3.523769e-01 2.148394e+03 9.579850e+01) (3.122472e-03 8.051907e+00 -4.244323e-01)) ((1.442269e+01 8.692858e-01 4.838170e-01) (6.361010e-02 2.413928e-03 6.896078e-04))
501.38        	((4.412152e-01 2.147662e+03 9.588464e+01) (2.782379e-03 8.058939e+00 -4.206022e-01)) ((1.471000e+01 8.664935e-01 4.549707e-01) (6.193190e-02 2.379803e-03 6.226811e-04))
501.39        	((4.678608e-01 2.146876e+03 9.596185e+01) (3.357523e-03 8.066701e+00 -4.164692e-01)) ((1.499744e+01 8.333436e-01 4.580584e-01) (6.051867e-02 2.293268e-03 6.862118e-04))
501.4         	((5.572494e-01 2.146005e+03 9.604303e+01) (3.024560e-03 8.073346e+00 -4.125844e-01)) ((1.528203e+01 8.345266e-01 4.302366e-01) (5.875502e-02 2.282093e-03 6.101651e-04))
501.41        	((5.847084e-01 2.145074e+03 9.611312e+01) (3.670451e-03 8.080764e+00 -4.082845e-01)) ((1.557164e+01 8.054912e-01 4.347900e-01) (5.729285e-02 2.149543e-03 6.622723e-04))
501.42        	((6.742537e-01 2.144044e+03 9.619632e+01) (3.363181e-03 8.087065e+00 -4.041714e-01)) ((1.586256e+01 8.100026e-01 4.077520e-01) (5.550560e-02 2.103297e-03 5.737208e-04))
501.43        	((7.046230e-01 2.142953e+03 9.627258e+01) (3.883945e-03 8.094223e+00 -3.997049e-01)) ((1.616035e+01 7.835189e-01 4.133211e-01) (5.403321e-02 2.025465e-03 6.702412e-04))
501.44        	((7.950553e-01 2.141775e+03 9.636566e+01) (3.538521e-03 8.100164e+00 -3.956025e-01)) ((1.645651e+01 7.905799e-01 3.873212e-01) (5.215341e-02 2.037341e-03 5.714114e-04))
501.45        	((8.236706e-01 2.140549e+03 9.644480e+01) (4.112040e-03 8.107027e+00 -3.910396e-01)) ((1.675427e+01 7.685663e-01 3.943166e-01) (5.062026e-02 1.929999e-03 6.607509e-04))
501.46        	((9.073465e-01 2.139242e+03 9.653392e+01) (3.859555e-03 8.112634e+00 -3.867188e-01)) ((1.704612e+01 7.811174e-01 3.687870e-01) (4.870170e-02 1.875067e-03 5.263773e-04))
501.47        	((9.337397e-01 2.137892e+03 9.659873e+01) (4.321488e-03 8.119293e+00 -3.819103e-01)) ((1.733946e+01 7.645835e-01 3.767546e-01) (4.717839e-02 1.781684e-03 6.587426e-04))
501.48        	((1.019072e+00 2.136458e+03 9.668324e+01) (4.022455e-03 8.124620e+00 -3.775621e-01)) ((1.763070e+01 7.788091e-01 3.523905e-01) (4.519225e-02 1.775594e-03 5.178292e-04))
501.49        	((1.049572e+00 2.134979e+03 9.675246e+01) (4.560344e-03 8.131098e+00 -3.727423e-01)) ((1.792594e+01 7.630370e-01 3.628525e-01) (4.359621e-02 1.633642e-03 6.612890e-04))
501.5         	((1.126475e+00 2.133413e+03 9.684814e+01) (4.515902e-03 8.136067e+00 -3.683085e-01)) ((1.821616e+01 7.811583e-01 3.408747e-01) (4.149774e-02 1.503729e-03 4.523575e-04))
501.51        	((1.142454e+00 2.131807e+03 9.691950e+01) (5.052972e-03 8.142404e+00 -3.631345e-01)) ((1.850648e+01 7.750244e-01 3.543408e-01) (3.994981e-02 1.306524e-03 6.432073e-04))
501.52        	((1.202861e+00 2.130120e+03 9.702100e+01) (4.874291e-03 8.147191e+00 -3.585358e-01)) ((1.879124e+01 8.038698e-01 3.345644e-01) (3.787347e-02 1.271470e-03 4.455736e-04))
501.53        	((1.213604e+00 2.128410e+03 9.710095e+01) (5.255887e-03 8.153362e+00 -3.533952e-01)) ((1.908214e+01 8.042302e-01 3.506348e-01) (3.629647e-02 1.182613e-03 6.519805e-04))
501.54        	((1.277632e+00 2.126630e+03 9.721023e+01) (5.132474e-03 8.157862e+00 -3.488079e-01)) ((1.937152e+01 8.336494e-01 3.325369e-01) (3.414709e-02 1.131739e-03 4.259757e-04))
501.55        	((1.293967e+00 2.124821e+03 9.728934e+01) (5.589959e-03 8.163801e+00 -3.434322e-01)) ((1.966298e+01 8.331958e-01 3.496823e-01) (3.256775e-02 9.637055e-04 6.095264e-04))
501.56        	((1.360030e+00 2.122937e+03 9.739127e+01) (5.386431e-03 8.168120e+00 -3.385598e-01)) ((1.994779e+01 8.651859e-01 3.329152e-01) (3.045266e-02 9.229046e-04 4.062196e-04))
501.57        	((1.377015e+00 2.121032e+03 9.746119e+01) (5.669142e-03 8.173931e+00 -3.330868e-01)) ((2.023513e+01 8.700024e-01 3.525446e-01) (2.887173e-02 8.667177e-04 6.421005e-04))
501.58        	((1.441045e+00 2.119061e+03 9.755508e+01) (5.453508e-03 8.177986e+00 -3.282335e-01)) ((2.051901e+01 9.077858e-01 3.388603e-01) (2.667392e-02 8.886002e-04 4.315346e-04))
501.59        	((1.450943e+00 2.117080e+03 9.761433e+01) (5.862978e-03 8.183561e+00 -3.226083e-01)) ((2.080742e+01 9.197056e-01 3.614168e-01) (2.504986e-02 7.667322e-04 6.251129e-04))
501.6         	((1.509017e+00 2.115036e+03 9.768957e+01) (5.675190e-03 8.187436e+00 -3.174274e-01)) ((2.109122e+01 9.641079e-01 3.497563e-01) (2.288341e-02 7.360389e-04 4.152148e-04))
501.61        	((1.524202e+00 2.112987e+03 9.772457e+01) (5.891107e-03 8.192918e+00 -3.116327e-01)) ((2.137923e+01 9.784531e-01 3.739175e-01) (2.128315e-02 7.070430e-04 6.665428e-04))
501.62        	((1.591716e+00 2.110876e+03 9.777802e+01) (5.592713e-03 8.196572e+00 -3.065218e-01)) ((2.166271e+01 1.022538e+00 3.641362e-01) (1.904145e-02 7.968190e-04 4.739435e-04))
501.63        	((1.608914e+00 2.108758e+03 9.779407e+01) (5.858918e-03 8.201820e+00 -3.007402e-01)) ((2.194754e+01 1.039319e+00 3.904171e-01) (1.735795e-02 7.686577e-04 6.900405e-04))
501.64        	((1.667540e+00 2.106575e+03 9.782642e+01) (5.673917e-03 8.205229e+00 -2.954049e-01)) ((2.222453e+01 1.090063e+00 3.822442e-01) (1.509357e-02 7.764964e-04 4.600483e-04))
501.65        	((1.676919e+00 2.104389e+03 9.781732e+01) (5.867596e-03 8.210343e+00 -2.893580e-01)) ((2.250326e+01 1.113505e+00 4.097612e-01) (1.343328e-02 7.376120e-04 6.903529e-04))
501.66        	((1.736486e+00 2.102149e+03 9.782361e+01) (5.529626e-03 8.213538e+00 -2.839612e-01)) ((2.277845e+01 1.166250e+00 4.032974e-01) (1.112747e-02 8.537541e-04 4.871932e-04))
501.67        	((1.752667e+00 2.099918e+03 9.779379e+01) (5.688501e-03 8.218426e+00 -2.779976e-01)) ((2.306037e+01 1.188903e+00 4.330195e-01) (9.370426e-03 8.765071e-04 7.025400e-04))
501.68        	((1.811993e+00 2.097635e+03 9.778159e+01) (5.516593e-03 8.221343e+00 -2.725628e-01)) ((2.333965e+01 1.243457e+00 4.284524e-01) (6.996901e-03 9.288788e-04 4.463720e-04))
501.69        	((1.824214e+00 2.095364e+03 9.772805e+01) (5.710392e-03 8.226079e+00 -2.663558e-01)) ((2.362278e+01 1.271121e+00 4.592739e-01) (5.260737e-03 8.618000e-04 6.488329e-04))
501.7         	((1.881453e+00 2.093043e+03 9.768430e+01) (5.426763e-03 8.228701e+00 -2.607479e-01)) ((2.390252e+01 1.328584e+00 4.557374e-01) (2.867759e-03 9.772143e-04 4.261124e-04))
501.71        	((1.887579e+00 2.090737e+03 9.759787e+01) (5.463757e-03 8.233125e+00 -2.546328e-01)) ((2.418648e+01 1.359931e+00 4.878018e-01) (1.024007e-03 1.028367e-03 6.496122e-04))
501.72        	((1.930429e+00 2.088381e+03 9.751495e+01) (5.265262e-03 8.235384e+00 -2.490698e-01)) ((2.446636e+01 1.423042e+00 4.862389e-01) (-1.473338e-03 1.155953e-03 3.983045e-04))
501.73        	((1.929872e+00 2.086050e+03 9.737828e+01) (5.384018e-03 8.239527e+00 -2.427872e-01)) ((2.475228e+01 1.458321e+00 5.207159e-01) (-3.372994e-03 1.116503e-03 5.641032e-04))
501.74        	((1.975449e+00 2.083701e+03 9.722611e+01) (5.094659e-03 8.241196e+00 -2.369828e-01)) ((2.504635e+01 1.521676e+00 5.235806e-01) (-6.008360e-03 1.280407e-03 2.481712e-04))
501.75        	((1.994936e+00 2.081443e+03 9.700199e+01) (4.934857e-03 8.244392e+00 -2.307024e-01)) ((2.537296e+01 1.555479e+00 5.665365e-01) (-8.292985e-03 1.384440e-03 3.311991e-04))
501.76        	((2.069474e+00 2.079244e+03 9.674297e+01) (4.656228e-03 8.244346e+00 -2.249897e-01)) ((2.573944e+01 1.616816e+00 5.817354e-01) (-1.164764e-02 1.615555e-03 -1.343373e-04))
501.77        	((2.103276e+00 2.077075e+03 9.645508e+01) (4.791301e-03 8.247437e+00 -2.186638e-01)) ((2.610953e+01 1.641853e+00 6.203771e-01) (-1.401512e-02 1.525604e-03 1.168866e-04))
501.78        	((2.139851e+00 2.074862e+03 9.609860e+01) (4.913992e-03 8.247751e+00 -2.126473e-01)) ((2.646975e+01 1.708435e+00 6.106805e-01) (-1.716324e-02 1.505795e-03 6.161868e-05))
501.79        	((2.108649e+00 2.072657e+03 9.566296e+01) (4.906193e-03 8.250833e+00 -2.061092e-01)) ((2.681827e+01 1.766493e+00 6.361660e-01) (-1.950686e-02 1.422762e-03 4.008255e-04))
501.8         	((2.108377e+00 2.070377e+03 9.519048e+01) (4.749199e-03 8.252113e+00 -1.999950e-01)) ((2.714528e+01 1.852820e+00 6.395742e-01) (-2.220891e-02 1.602644e-03 2.011086e-04))
501.81        	((2.103709e+00 2.068137e+03 9.465513e+01) (4.592135e-03 8.255667e+00 -1.934535e-01)) ((2.747299e+01 1.891134e+00 6.822745e-01) (-2.438611e-02 1.586754e-03 4.085209e-04))
501.82        	((2.150828e+00 2.065872e+03 9.410418e+01) (4.572776e-03 8.256878e+00 -1.871244e-01)) ((2.780521e+01 1.939475e+00 6.909241e-01) (-2.707732e-02 1.716823e-03 1.678218e-04))
501.83        	((2.152314e+00 2.063654e+03 9.353435e+01) (4.351907e-03 8.260448e+00 -1.804240e-01)) ((2.814360e+01 1.961262e+00 7.286878e-01) (-2.923956e-02 1.688361e-03 3.751137e-04))
501.84        	((2.150945e+00 2.061373e+03 9.297149e+01) (4.198077e-03 8.261634e+00 -1.740518e-01)) ((2.847455e+01 2.022183e+00 7.308008e-01) (-3.192346e-02 1.908131e-03 1.779739e-04))
501.85        	((2.101103e+00 2.059092e+03 9.241861e+01) (3.800362e-03 8.265156e+00 -1.675285e-01)) ((2.879538e+01 2.062307e+00 7.648167e-01) (-3.414959e-02 1.954235e-03 4.135487e-04))
501.86        	((2.085922e+00 2.056719e+03 9.189180e+01) (3.649037e-03 8.266315e+00 -1.611632e-01)) ((2.909873e+01 2.123932e+00 7.655171e-01) (-3.680822e-02 2.180821e-03 2.377326e-04))
501.87        	((2.058144e+00 2.054335e+03 9.139844e+01) (3.240037e-03 8.269845e+00 -1.545806e-01)) ((2.938899e+01 2.148420e+00 7.983512e-01) (-3.899621e-02 2.199791e-03 5.021623e-04))
501.88        	((2.076473e+00 2.051857e+03 9.094242e+01) (3.075349e-03 8.271126e+00 -1.481008e-01)) ((2.966294e+01 2.190419e+00 7.976019e-01) (-4.155903e-02 2.428330e-03 3.516659e-04))
501.89        	((2.074370e+00 2.049369e+03 9.053738e+01) (2.606300e-03 8.274731e+00 -1.414988e-01)) ((2.992606e+01 2.200073e+00 8.291173e-01) (-4.370161e-02 2.468291e-03 6.282149e-04))
501.9         	((2.106535e+00 2.046789e+03 9.017685e+01) (2.416188e-03 8.276112e+00 -1.349374e-01)) ((3.017563e+01 2.233556e+00 8.265309e-01) (-4.618900e-02 2.719344e-03 4.688456e-04))
501.91        	((2.113663e+00 2.044201e+03 8.987833e+01) (1.945956e-03 8.279701e+00 -1.283138e-01)) ((3.041604e+01 2.237022e+00 8.561819e-01) (-4.831053e-02 2.762482e-03 7.320088e-04))
501.92        	((2.157389e+00 2.041527e+03 8.962579e+01) (1.767836e-03 8.281113e+00 -1.216801e-01)) ((3.064460e+01 2.263811e+00 8.515229e-01) (-5.074498e-02 3.014765e-03 5.645834e-04))
501.93        	((2.177834e+00 2.038841e+03 8.943682e+01) (1.324887e-03 8.284629e+00 -1.150560e-01)) ((3.086129e+01 2.259519e+00 8.796043e-01) (-5.287160e-02 3.049190e-03 8.289747e-04))
501.94        	((2.235806e+00 2.036070e+03 8.928493e+01) (1.188848e-03 8.286066e+00 -1.083702e-01)) ((3.106372e+01 2.278535e+00 8.733943e-01) (-5.527501e-02 3.289398e-03 6.619566e-04))
501.95        	((2.272522e+00 2.033297e+03 8.919360e+01) (7.936715e-04 8.289516e+00 -1.017809e-01)) ((3.125617e+01 2.265046e+00 8.998166e-01) (-5.742177e-02 3.295769e-03 9.215346e-04))
501.96        	((2.348478e+00 2.030461e+03 8.913139e+01) (7.101969e-04 8.291004e+00 -9.508617e-02)) ((3.144113e+01 2.274687e+00 8.917786e-01) (-5.979136e-02 3.510729e-03 7.436509e-04))
501.97        	((2.403305e+00 2.027641e+03 8.912919e+01) (3.475402e-04 8.294414e+00 -8.855421e-02)) ((3.162215e+01 2.252468e+00 9.167968e-01) (-6.194712e-02 3.505400e-03 9.976980e-04))
501.98        	((2.494373e+00 2.024774e+03 8.914702e+01) (3.135242e-04 8.295984e+00 -8.188151e-02)) ((3.179976e+01 2.254503e+00 9.073108e-01) (-6.427303e-02 3.711811e-03 8.031669e-04))
501.99        	((2.560470e+00 2.021930e+03 8.922181e+01) (-1.338443e-05 8.299412e+00 -7.545687e-02)) ((3.197512e+01 2.225504e+00 9.306929e-01) (-6.643261e-02 3.689726e-03 1.045327e-03))
502           	((2.662150e+00 2.019044e+03 8.930759e+01) (-1.414021e-05 8.301136e+00 -6.885005e-02)) ((3.214743e+01 2.220893e+00 9.189174e-01) (-6.871710e-02 3.881478e-03 8.439058e-04))
502.01        	((2.738878e+00 2.016185e+03 8.944937e+01) (-3.315746e-04 8.304644e+00 -6.255854e-02)) ((3.231705e+01 2.185606e+00 9.394385e-01) (-7.088174e-02 3.842171e-03 1.089843e-03))
502.02        	((2.848997e+00 2.013298e+03 8.959445e+01) (-3.599186e-04 8.306573e+00 -5.602447e-02)) ((3.248758e+01 2.175567e+00 9.245718e-01) (-7.311862e-02 4.032832e-03 8.982557e-04))
502.03        	((2.933291e+00 2.010447e+03 8.979342e+01) (-7.219103e-04 8.310204e+00 -4.986236e-02)) ((3.265910e+01 2.134969e+00 9.418637e-01) (-7.527623e-02 3.994386e-03 1.154903e-03))
502.04        	((3.050568e+00 2.007573e+03 8.998726e+01) (-7.453857e-04 8.312334e+00 -4.341723e-02)) ((3.283222e+01 2.119319e+00 9.234279e-01) (-7.747930e-02 4.171922e-03 9.490549e-04))
502.05        	((3.140731e+00 2.004731e+03 9.023136e+01) (-1.088836e-03 8.316068e+00 -3.738201e-02)) ((3.300445e+01 2.073496e+00 9.373899e-01) (-7.963991e-02 4.105896e-03 1.196423e-03))
502.06        	((3.260591e+00 2.001867e+03 9.046293e+01) (-1.076870e-03 8.318358e+00 -3.101642e-02)) ((3.317797e+01 2.053958e+00 9.157922e-01) (-8.181619e-02 4.251838e-03 9.760163e-04))
502.07        	((3.350170e+00 1.999038e+03 9.074355e+01) (-1.386823e-03 8.322164e+00 -2.509509e-02)) ((3.335206e+01 2.005735e+00 9.269336e-01) (-8.399087e-02 4.154324e-03 1.213397e-03))
502.08        	((3.465956e+00 1.996194e+03 9.100864e+01) (-1.315871e-03 8.324591e+00 -1.880907e-02)) ((3.352994e+01 1.984057e+00 9.029956e-01) (-8.616107e-02 4.269821e-03 9.789954e-04))
502.09        	((3.548890e+00 1.993383e+03 9.132502e+01) (-1.567138e-03 8.328485e+00 -1.299060e-02)) ((3.370901e+01 1.933643e+00 9.117431e-01) (-8.835581e-02 4.140714e-03 1.207287e-03))
502.1         	((3.656459e+00 1.990556e+03 9.162185e+01) (-1.442975e-03 8.331043e+00 -6.758355e-03)) ((3.389053e+01 1.910634e+00 8.848857e-01) (-9.052344e-02 4.228828e-03 9.501394e-04))
502.11        	((3.729753e+00 1.987761e+03 9.196626e+01) (-1.671127e-03 8.335024e+00 -1.009905e-03)) ((3.407419e+01 1.859446e+00 8.913328e-01) (-9.272684e-02 4.090600e-03 1.162692e-03))
502.12        	((3.827108e+00 1.984951e+03 9.228306e+01) (-1.573334e-03 8.334394e+00 4.770307e-03)) ((3.426226e+01 1.836210e+00 8.627540e-01) (-9.411522e-02 4.210288e-03 8.940712e-04))
502.13        	((3.891559e+00 1.982170e+03 9.264167e+01) (-1.855825e-03 8.335166e+00 1.009227e-02)) ((3.445146e+01 1.785584e+00 8.677879e-01) (-9.552719e-02 4.119266e-03 1.150064e-03))
502.14        	((3.983132e+00 1.979372e+03 9.296612e+01) (-1.799789e-03 8.334560e+00 1.594793e-02)) ((3.464302e+01 1.763528e+00 8.372615e-01) (-9.687637e-02 4.239089e-03 9.227878e-04))
502.15        	((4.040947e+00 1.976608e+03 9.333344e+01) (-2.074696e-03 8.335266e+00 2.134062e-02)) ((3.483664e+01 1.714509e+00 8.401140e-01) (-9.829579e-02 4.119152e-03 1.191994e-03))
502.16        	((4.123735e+00 1.973836e+03 9.366878e+01) (-2.016087e-03 8.334595e+00 2.722212e-02)) ((3.503523e+01 1.696444e+00 8.060123e-01) (-9.967349e-02 4.226089e-03 9.496909e-04))
502.17        	((4.172907e+00 1.971101e+03 9.405088e+01) (-2.293532e-03 8.335220e+00 3.259305e-02)) ((3.523779e+01 1.653241e+00 8.062583e-01) (-1.011390e-01 4.110897e-03 1.219178e-03))
502.18        	((4.246827e+00 1.968354e+03 9.439551e+01) (-2.246180e-03 8.334551e+00 3.845531e-02)) ((3.544487e+01 1.641326e+00 7.724952e-01) (-1.025380e-01 4.224470e-03 9.757970e-04))
502.19        	((4.282857e+00 1.965644e+03 9.478062e+01) (-2.530912e-03 8.335240e+00 4.380658e-02)) ((3.565431e+01 1.604242e+00 7.748369e-01) (-1.039833e-01 4.111562e-03 1.231424e-03))
502.2         	((4.342043e+00 1.962921e+03 9.512242e+01) (-2.515707e-03 8.334624e+00 4.967820e-02)) ((3.586609e+01 1.598653e+00 7.429121e-01) (-1.053544e-01 4.229286e-03 9.657275e-04))
502.21        	((4.363678e+00 1.960230e+03 9.550173e+01) (-2.817196e-03 8.335302e+00 5.507283e-02)) ((3.607904e+01 1.565910e+00 7.483574e-01) (-1.067886e-01 4.118199e-03 1.218159e-03))
502.22        	((4.408175e+00 1.957525e+03 9.583904e+01) (-2.801137e-03 8.334665e+00 6.099825e-02)) ((3.629336e+01 1.562227e+00 7.208573e-01) (-1.081593e-01 4.235232e-03 9.415997e-04))
502.23        	((4.412201e+00 1.954846e+03 9.621661e+01) (-3.077245e-03 8.335294e+00 6.642867e-02)) ((3.650720e+01 1.530144e+00 7.297597e-01) (-1.096087e-01 4.121424e-03 1.197890e-03))
502.24        	((4.437445e+00 1.952147e+03 9.655424e+01) (-3.058708e-03 8.334640e+00 7.237786e-02)) ((3.672136e+01 1.528173e+00 7.021280e-01) (-1.109954e-01 4.241931e-03 9.245290e-04))
502.25        	((4.421534e+00 1.949478e+03 9.693347e+01) (-3.321634e-03 8.335222e+00 7.781880e-02)) ((3.693470e+01 1.498122e+00 7.088400e-01) (-1.124711e-01 4.136509e-03 1.177670e-03))
502.26        	((4.428886e+00 1.946795e+03 9.727714e+01) (-3.280869e-03 8.334542e+00 8.375437e-02)) ((3.715022e+01 1.497133e+00 6.795283e-01) (-1.138838e-01 4.258444e-03 8.896110e-04))
502.27        	((4.397209e+00 1.944144e+03 9.766410e+01) (-3.517272e-03 8.335119e+00 8.917951e-02)) ((3.736693e+01 1.466291e+00 6.867442e-01) (-1.153729e-01 4.155397e-03 1.144058e-03))
502.28        	((4.391442e+00 1.941483e+03 9.801236e+01) (-3.448588e-03 8.334474e+00 9.508753e-02)) ((3.758710e+01 1.464571e+00 6.588341e-01) (-1.167950e-01 4.261434e-03 8.916648e-04))
502.29        	((4.341592e+00 1.938856e+03 9.839625e+01) (-3.600975e-03 8.335006e+00 1.005057e-01)) ((3.780882e+01 1.434299e+00 6.673131e-01) (-1.183375e-01 4.120321e-03 1.214334e-03))
502.3         	((4.314112e+00 1.936215e+03 9.873481e+01) (-3.507273e-03 8.334365e+00 1.064491e-01)) ((3.803080e+01 1.434463e+00 6.392589e-01) (-1.198019e-01 4.217133e-03 9.841937e-04))
502.31        	((4.244819e+00 1.933598e+03 9.910566e+01) (-3.670285e-03 8.335011e+00 1.119190e-01)) ((3.825071e+01 1.403858e+00 6.468810e-01) (-1.213378e-01 4.094333e-03 1.290670e-03))
502.32        	((4.203293e+00 1.930964e+03 9.943215e+01) (-3.594531e-03 8.334490e+00 1.178997e-01)) ((3.846884e+01 1.401957e+00 6.166932e-01) (-1.228007e-01 4.204997e-03 1.024769e-03))
502.33        	((4.119638e+00 1.928356e+03 9.979047e+01) (-3.745348e-03 8.335238e+00 1.234108e-01)) ((3.868624e+01 1.368225e+00 6.220428e-01) (-1.243366e-01 4.085780e-03 1.312076e-03))
502.34        	((4.060525e+00 1.925734e+03 1.001013e+02) (-3.670200e-03 8.334813e+00 1.294339e-01)) ((3.890215e+01 1.362840e+00 5.889604e-01) (-1.258046e-01 4.198058e-03 1.038056e-03))
502.35        	((3.953327e+00 1.923140e+03 1.004428e+02) (-3.811900e-03 8.335636e+00 1.349778e-01)) ((3.911611e+01 1.322885e+00 5.909843e-01) (-1.273485e-01 4.081013e-03 1.328213e-03))
502.36        	((3.864764e+00 1.920531e+03 1.007374e+02) (-3.753020e-03 8.335247e+00 1.410106e-01)) ((3.932684e+01 1.305711e+00 5.522742e-01) (-1.288038e-01 4.194202e-03 1.062562e-03))
502.37        	((3.710585e+00 1.917952e+03 1.010618e+02) (-3.898553e-03 8.335994e+00 1.465682e-01)) ((3.953406e+01 1.241528e+00 5.430764e-01) (-1.302552e-01 4.073868e-03 1.382390e-03))
502.38        	((3.522260e+00 1.915371e+03 1.013350e+02) (-4.293047e-03 8.334504e+00 1.530512e-01)) ((3.973471e+01 1.164150e+00 4.758224e-01) (-1.310212e-01 3.979964e-03 1.237256e-03))
502.39        	((3.271827e+00 1.912842e+03 1.016352e+02) (-4.073284e-03 8.335251e+00 1.578922e-01)) ((3.991816e+01 1.040547e+00 4.335967e-01) (-1.322172e-01 3.968360e-03 1.660487e-03))
502.4         	((3.075058e+00 1.910322e+03 1.018914e+02) (-3.629740e-03 8.335376e+00 1.636539e-01)) ((4.008502e+01 9.578195e-01 3.540525e-01) (-1.338117e-01 4.318685e-03 1.395225e-03))
502.41        	((2.885325e+00 1.907839e+03 1.021707e+02) (-3.080927e-03 8.335772e+00 1.695196e-01)) ((4.025086e+01 8.727742e-01 3.272883e-01) (-1.349487e-01 4.578118e-03 1.609664e-03))
502.42        	((2.732060e+00 1.905354e+03 1.023931e+02) (-3.106623e-03 8.335490e+00 1.748273e-01)) ((4.041098e+01 8.192130e-01 2.734392e-01) (-1.360592e-01 4.773390e-03 1.173301e-03))
502.43        	((2.499995e+00 1.902907e+03 1.026408e+02) (-3.529278e-03 8.337339e+00 1.799812e-01)) ((4.056786e+01 7.077618e-01 2.553770e-01) (-1.379048e-01 4.523274e-03 1.443230e-03))
502.44        	((2.287019e+00 1.900440e+03 1.028384e+02) (-3.781794e-03 8.338004e+00 1.858382e-01)) ((4.073050e+01 6.180432e-01 1.963060e-01) (-1.396821e-01 4.506220e-03 1.125891e-03))
502.45        	((2.053324e+00 1.897992e+03 1.030589e+02) (-4.062066e-03 8.339990e+00 1.912225e-01)) ((4.090072e+01 5.122227e-01 1.761240e-01) (-1.415794e-01 4.348330e-03 1.374877e-03))
502.46        	((1.894989e+00 1.895518e+03 1.032295e+02) (-4.256738e-03 8.340898e+00 1.971294e-01)) ((4.107924e+01 4.627211e-01 1.257316e-01) (-1.434555e-01 4.444881e-03 1.034238e-03))
502.47        	((1.735522e+00 1.893063e+03 1.034208e+02) (-4.556925e-03 8.342938e+00 2.026401e-01)) ((4.126537e+01 4.041583e-01 1.230013e-01) (-1.453895e-01 4.339257e-03 1.242048e-03))
502.48        	((1.632101e+00 1.890584e+03 1.035648e+02) (-4.818860e-03 8.344080e+00 2.086457e-01)) ((4.145556e+01 3.847658e-01 9.058094e-02) (-1.473348e-01 4.432056e-03 9.010886e-04))
502.49        	((1.494016e+00 1.888117e+03 1.037358e+02) (-5.090447e-03 8.346432e+00 2.143088e-01)) ((4.165333e+01 3.362691e-01 1.003859e-01) (-1.493404e-01 4.309633e-03 1.163558e-03))
502.5         	((1.401600e+00 1.885623e+03 1.038651e+02) (-5.286408e-03 8.347786e+00 2.204627e-01)) ((4.185818e+01 3.243267e-01 7.519537e-02) (-1.512752e-01 4.430484e-03 8.786486e-04))
502.51        	((1.283343e+00 1.883144e+03 1.040241e+02) (-5.483669e-03 8.350270e+00 2.262565e-01)) ((4.207242e+01 2.902443e-01 8.936810e-02) (-1.532406e-01 4.370563e-03 1.169909e-03))
502.52        	((1.227221e+00 1.880643e+03 1.041461e+02) (-5.626832e-03 8.351704e+00 2.325356e-01)) ((4.229325e+01 3.005682e-01 6.828211e-02) (-1.551261e-01 4.567218e-03 9.015315e-04))
502.53        	((1.149384e+00 1.878156e+03 1.042996e+02) (-5.706481e-03 8.354279e+00 2.384611e-01)) ((4.251945e+01 2.894729e-01 8.822126e-02) (-1.570127e-01 4.575703e-03 1.190576e-03))
502.54        	((1.127587e+00 1.875651e+03 1.044190e+02) (-5.701442e-03 8.355899e+00 2.448579e-01)) ((4.274457e+01 3.184988e-01 7.549180e-02) (-1.588573e-01 4.816140e-03 9.089739e-04))
502.55        	((1.076489e+00 1.873164e+03 1.045742e+02) (-5.703286e-03 8.358697e+00 2.508547e-01)) ((4.296900e+01 3.207208e-01 1.060663e-01) (-1.607874e-01 4.831370e-03 1.199146e-03))
502.56        	((1.073593e+00 1.870656e+03 1.046988e+02) (-5.672113e-03 8.360512e+00 2.572942e-01)) ((4.319524e+01 3.575258e-01 1.031926e-01) (-1.626731e-01 5.071905e-03 9.268315e-04))
502.57        	((1.033884e+00 1.868162e+03 1.048593e+02) (-5.682216e-03 8.363470e+00 2.633029e-01)) ((4.342351e+01 3.634435e-01 1.393088e-01) (-1.646123e-01 5.077193e-03 1.218661e-03))
502.58        	((1.035411e+00 1.865653e+03 1.049944e+02) (-5.667652e-03 8.369961e+00 2.702266e-01)) ((4.365292e+01 4.002899e-01 1.367083e-01) (-1.676329e-01 5.303248e-03 9.501208e-04))
502.59        	((9.975380e-01 1.863169e+03 1.051680e+02) (-5.695863e-03 8.377712e+00 2.766804e-01)) ((4.388271e+01 4.047274e-01 1.694353e-01) (-1.707079e-01 5.298871e-03 1.230334e-03))
502.6         	((1.004982e+00 1.860682e+03 1.053200e+02) (-5.722860e-03 8.384709e+00 2.834916e-01)) ((4.411348e+01 4.410963e-01 1.639663e-01) (-1.737351e-01 5.509817e-03 9.428736e-04))
502.61        	((9.745840e-01 1.858211e+03 1.055059e+02) (-5.747290e-03 8.392941e+00 2.898611e-01)) ((4.434304e+01 4.447527e-01 1.966608e-01) (-1.768177e-01 5.495315e-03 1.213724e-03))
502.62        	((9.908989e-01 1.855733e+03 1.056722e+02) (-5.792136e-03 8.400450e+00 2.965754e-01)) ((4.457302e+01 4.786542e-01 1.934840e-01) (-1.798455e-01 5.681301e-03 9.188816e-04))
502.63        	((9.717488e-01 1.853268e+03 1.058705e+02) (-5.821364e-03 8.409143e+00 3.028450e-01)) ((4.480198e+01 4.788936e-01 2.293749e-01) (-1.829070e-01 5.636700e-03 1.197600e-03))
502.64        	((9.986216e-01 1.850802e+03 1.060544e+02) (-5.894827e-03 8.417104e+00 3.094632e-01)) ((4.503104e+01 5.115573e-01 2.286398e-01) (-1.858882e-01 5.792512e-03 9.005343e-04))
502.65        	((9.827767e-01 1.848348e+03 1.062626e+02) (-5.906155e-03 8.426191e+00 3.156595e-01)) ((4.525993e+01 5.142734e-01 2.658196e-01) (-1.888761e-01 5.721156e-03 1.175850e-03))
502.66        	((1.007307e+00 1.845903e+03 1.064633e+02) (-5.984421e-03 8.434455e+00 3.221903e-01)) ((4.548867e+01 5.523566e-01 2.647359e-01) (-1.917616e-01 5.854967e-03 8.771761e-04))
502.67        	((9.894078e-01 1.843461e+03 1.066767e+02) (-5.986313e-03 8.443698e+00 3.283059e-01)) ((4.571341e+01 5.602597e-01 3.013879e-01) (-1.946495e-01 5.774962e-03 1.161382e-03))
502.68        	((1.019329e+00 1.841014e+03 1.068898e+02) (-6.131716e-03 8.452128e+00 3.347739e-01)) ((4.593319e+01 6.011592e-01 2.996867e-01) (-1.974014e-01 5.922313e-03 8.832395e-04))
502.69        	((1.010535e+00 1.838561e+03 1.070944e+02) (-6.161477e-03 8.463614e+00 3.410321e-01)) ((4.614728e+01 6.083316e-01 3.358321e-01) (-2.005744e-01 5.861830e-03 1.203819e-03))
502.7         	((1.045068e+00 1.836120e+03 1.073202e+02) (-6.305683e-03 8.471984e+00 3.474134e-01)) ((4.635781e+01 6.462780e-01 3.323966e-01) (-2.032085e-01 5.997199e-03 9.246229e-04))
502.71        	((1.032533e+00 1.833731e+03 1.075339e+02) (-6.279439e-03 8.483261e+00 3.535692e-01)) ((4.657573e+01 6.500086e-01 3.660732e-01) (-2.062632e-01 5.913642e-03 1.241078e-03))
502.72        	((1.060559e+00 1.831359e+03 1.077894e+02) (-6.396181e-03 8.493488e+00 3.600147e-01)) ((4.679111e+01 6.853366e-01 3.597038e-01) (-2.091907e-01 6.036474e-03 9.675049e-04))
502.73        	((1.040076e+00 1.829058e+03 1.080344e+02) (-6.330870e-03 8.504407e+00 3.660768e-01)) ((4.701294e+01 6.859888e-01 3.902710e-01) (-2.120804e-01 5.946545e-03 1.283576e-03))
502.74        	((1.063796e+00 1.826790e+03 1.083317e+02) (-6.447456e-03 8.514251e+00 3.724298e-01)) ((4.723533e+01 7.162510e-01 3.799958e-01) (-2.148519e-01 6.065734e-03 1.002426e-03))
502.75        	((1.042387e+00 1.824410e+03 1.085784e+02) (-6.344279e-03 8.524606e+00 3.784027e-01)) ((4.742438e+01 7.080443e-01 4.064587e-01) (-2.175811e-01 5.972854e-03 1.318316e-03))
502.76        	((1.062114e+00 1.822276e+03 1.089117e+02) (-6.455843e-03 8.534222e+00 3.846367e-01)) ((4.765833e+01 7.301420e-01 3.921834e-01) (-2.202281e-01 6.082873e-03 1.031419e-03))
502.77        	((1.028410e+00 1.819795e+03 1.091076e+02) (-6.320445e-03 8.542851e+00 3.903419e-01)) ((4.782374e+01 7.164382e-01 4.154278e-01) (-2.225057e-01 5.976612e-03 1.342435e-03))
502.78        	((1.033851e+00 1.817568e+03 1.093989e+02) (-6.453925e-03 8.549273e+00 3.961144e-01)) ((4.802028e+01 7.340958e-01 3.977316e-01) (-2.243659e-01 6.074069e-03 1.042062e-03))
502.79        	((9.887403e-01 1.815097e+03 1.095913e+02) (-6.290662e-03 8.554776e+00 4.013276e-01)) ((4.818263e+01 7.142367e-01 4.175998e-01) (-2.257813e-01 5.960944e-03 1.346477e-03))
502.8         	((9.844431e-01 1.812961e+03 1.099346e+02) (-6.422579e-03 8.557629e+00 4.065285e-01)) ((4.839013e+01 7.258133e-01 3.961702e-01) (-2.265944e-01 6.043894e-03 1.022250e-03))
502.81        	((9.324405e-01 1.810565e+03 1.102199e+02) (-6.232750e-03 8.559227e+00 4.111859e-01)) ((4.855587e+01 6.999012e-01 4.128757e-01) (-2.268514e-01 5.923800e-03 1.311389e-03))
502.82        	((9.217460e-01 1.808184e+03 1.105188e+02) (-6.390259e-03 8.558222e+00 4.158679e-01)) ((4.870449e+01 7.061813e-01 3.888224e-01) (-2.265568e-01 6.000577e-03 9.608508e-04))
502.83        	((8.623569e-01 1.805721e+03 1.107746e+02) (-6.178724e-03 8.556336e+00 4.201124e-01)) ((4.884413e+01 6.756616e-01 4.037202e-01) (-2.259704e-01 5.867038e-03 1.220096e-03))
502.84        	((8.471278e-01 1.803402e+03 1.110738e+02) (-6.356328e-03 8.552902e+00 4.245544e-01)) ((4.899688e+01 6.788843e-01 3.775720e-01) (-2.252344e-01 5.928559e-03 8.347262e-04))
502.85        	((7.829380e-01 1.801098e+03 1.113933e+02) (-6.142174e-03 8.550105e+00 4.288258e-01)) ((4.916483e+01 6.451542e-01 3.906059e-01) (-2.246524e-01 5.787976e-03 1.063937e-03))
502.86        	((7.612253e-01 1.798805e+03 1.117304e+02) (-6.360140e-03 8.547633e+00 4.335691e-01)) ((4.931855e+01 6.454949e-01 3.627428e-01) (-2.244148e-01 5.846310e-03 6.467283e-04))
502.87        	((6.909991e-01 1.796391e+03 1.120273e+02) (-6.150094e-03 8.547900e+00 4.384514e-01)) ((4.945262e+01 6.096538e-01 3.737244e-01) (-2.248439e-01 5.710124e-03 8.542902e-04))
502.88        	((6.739523e-01 1.793982e+03 1.123138e+02) (-6.373312e-03 8.550642e+00 4.440347e-01)) ((4.957215e+01 6.084277e-01 3.438857e-01) (-2.261465e-01 5.761881e-03 4.318411e-04))
502.89        	((6.113025e-01 1.791559e+03 1.125787e+02) (-6.122569e-03 8.555341e+00 4.496035e-01)) ((4.970318e+01 5.709216e-01 3.536693e-01) (-2.279393e-01 5.620337e-03 6.429573e-04))
502.9         	((5.941941e-01 1.789200e+03 1.128563e+02) (-6.348627e-03 8.566557e+00 4.563645e-01)) ((4.984224e+01 5.693903e-01 3.240987e-01) (-2.313230e-01 5.677673e-03 1.885521e-04))
502.91        	((5.326195e-01 1.786864e+03 1.131336e+02) (-6.072044e-03 8.579974e+00 4.631205e-01)) ((4.999940e+01 5.337399e-01 3.324113e-01) (-2.350462e-01 5.543740e-03 3.024891e-04))
502.92        	((5.099337e-01 1.784540e+03 1.134059e+02) (-6.305420e-03 8.602959e+00 4.713407e-01)) ((5.014792e+01 5.329558e-01 3.028767e-01) (-2.407275e-01 5.617633e-03 -3.492898e-04))
502.93        	((4.439260e-01 1.782255e+03 1.136719e+02) (-6.035874e-03 8.627550e+00 4.794447e-01)) ((5.030482e+01 4.991143e-01 3.113159e-01) (-2.464576e-01 5.494592e-03 -4.025590e-04))
502.94        	((4.377668e-01 1.779895e+03 1.138890e+02) (-6.238643e-03 8.663954e+00 4.891425e-01)) ((5.043963e+01 4.995220e-01 2.813977e-01) (-2.542961e-01 5.549715e-03 -1.025084e-03))
502.95        	((3.892928e-01 1.777626e+03 1.141076e+02) (-5.887729e-03 8.700299e+00 4.985259e-01)) ((5.059413e+01 4.656679e-01 2.879819e-01) (-2.618084e-01 5.383222e-03 -8.808512e-04))
502.96        	((3.878459e-01 1.775361e+03 1.143234e+02) (-5.947804e-03 8.748963e+00 5.094136e-01)) ((5.074601e+01 4.656936e-01 2.595018e-01) (-2.714340e-01 5.334300e-03 -9.832783e-04))
502.97        	((3.446675e-01 1.773444e+03 1.145947e+02) (-5.475596e-03 8.794982e+00 5.194633e-01)) ((5.095245e+01 4.328285e-01 2.646527e-01) (-2.803798e-01 5.070621e-03 -3.403195e-04))
502.98        	((3.504437e-01 1.771184e+03 1.147880e+02) (-5.472173e-03 8.852135e+00 5.310149e-01)) ((5.109266e+01 4.355899e-01 2.350573e-01) (-2.913862e-01 4.919957e-03 1.157757e-04))
502.99        	((3.292648e-01 1.769176e+03 1.150410e+02) (-5.000133e-03 8.903961e+00 5.414476e-01)) ((5.126943e+01 4.080061e-01 2.362845e-01) (-3.014217e-01 4.586474e-03 1.170665e-03))
503           	((3.507558e-01 1.767203e+03 1.153995e+02) (-4.945583e-03 8.965704e+00 5.530566e-01)) ((5.139737e+01 4.103305e-01 2.065959e-01) (-3.135962e-01 4.335303e-03 1.989419e-03))
503.01        	((3.388565e-01 1.765431e+03 1.157064e+02) (-4.391062e-03 9.018511e+00 5.632274e-01)) ((5.157959e+01 3.862639e-01 2.090989e-01) (-3.246021e-01 3.885712e-03 3.352621e-03))
503.02        	((3.608845e-01 1.763035e+03 1.158304e+02) (-4.110979e-03 9.077417e+00 5.741157e-01)) ((5.169653e+01 3.869000e-01 1.842191e-01) (-3.377709e-01 3.541419e-03 4.579161e-03))
503.03        	((3.542553e-01 1.760961e+03 1.160638e+02) (-3.425843e-03 9.126981e+00 5.834037e-01)) ((5.189131e+01 3.640283e-01 1.803986e-01) (-3.495882e-01 3.082196e-03 6.184602e-03))
503.04        	((3.849538e-01 1.758796e+03 1.163904e+02) (-2.930226e-03 9.180841e+00 5.932702e-01)) ((5.202051e+01 3.626737e-01 1.518212e-01) (-3.635729e-01 2.782694e-03 7.583732e-03))
503.05        	((3.993886e-01 1.757209e+03 1.168112e+02) (-2.136421e-03 9.223458e+00 6.015620e-01)) ((5.225970e+01 3.412430e-01 1.426321e-01) (-3.757819e-01 2.396581e-03 9.194370e-03))
503.06        	((4.550024e-01 1.754848e+03 1.170051e+02) (-1.396367e-03 9.266493e+00 6.102666e-01)) ((5.237613e+01 3.459018e-01 1.143559e-01) (-3.899888e-01 2.171438e-03 1.055884e-02))
503.07        	((4.836594e-01 1.753070e+03 1.173614e+02) (-4.541143e-04 9.298969e+00 6.173688e-01)) ((5.260098e+01 3.347769e-01 1.027824e-01) (-4.023183e-01 1.826898e-03 1.209541e-02))
503.08        	((5.263773e-01 1.750913e+03 1.177288e+02) (4.792890e-04 9.330387e+00 6.247653e-01)) ((5.269807e+01 3.432722e-01 7.759360e-02) (-4.165323e-01 1.501341e-03 1.360191e-02))
503.09        	((5.441234e-01 1.749420e+03 1.181783e+02) (1.445455e-03 9.350378e+00 6.306103e-01)) ((5.293399e+01 3.411312e-01 6.652359e-02) (-4.284297e-01 1.015610e-03 1.531968e-02))
503.1         	((5.823192e-01 1.746866e+03 1.183573e+02) (2.422803e-03 9.364733e+00 6.361302e-01)) ((5.301166e+01 3.468707e-01 4.800260e-02) (-4.409317e-01 4.969503e-04 1.729498e-02))
503.11        	((6.000844e-01 1.745092e+03 1.187177e+02) (3.148230e-03 9.369089e+00 6.399661e-01)) ((5.322567e+01 3.390550e-01 3.721821e-02) (-4.505489e-01 -3.643071e-05 1.933811e-02))
503.12        	((6.201627e-01 1.742427e+03 1.189371e+02) (3.500808e-03 9.364778e+00 6.426115e-01)) ((5.329926e+01 3.337718e-01 1.112437e-02) (-4.590414e-01 -3.819721e-04 2.145398e-02))
503.13        	((6.390156e-01 1.740817e+03 1.193799e+02) (3.524683e-03 9.352192e+00 6.436776e-01)) ((5.351659e+01 3.208839e-01 -1.452501e-04) (-4.645850e-01 -6.950083e-04 2.335362e-02))
503.14        	((6.263959e-01 1.738454e+03 1.196690e+02) (3.861054e-03 9.328777e+00 6.429780e-01)) ((5.361542e+01 3.092847e-01 -2.403220e-02) (-4.675109e-01 -9.290360e-04 2.531899e-02))
503.15        	((6.031216e-01 1.736996e+03 1.200845e+02) (4.450505e-03 9.298901e+00 6.413007e-01)) ((5.384487e+01 2.912431e-01 -4.001858e-02) (-4.680931e-01 -1.260226e-03 2.712219e-02))
503.16        	((5.553856e-01 1.734614e+03 1.202977e+02) (6.420449e-03 9.253426e+00 6.378868e-01)) ((5.393406e+01 2.694390e-01 -5.868854e-02) (-4.651353e-01 -1.846895e-03 2.933611e-02))
503.17        	((5.099288e-01 1.733094e+03 1.206317e+02) (8.416708e-03 9.201871e+00 6.341148e-01)) ((5.416439e+01 2.454070e-01 -7.214750e-02) (-4.605919e-01 -2.505206e-03 3.131515e-02))
503.18        	((4.470359e-01 1.730637e+03 1.207885e+02) (1.164381e-02 9.123614e+00 6.283628e-01)) ((5.423909e+01 2.221026e-01 -8.804768e-02) (-4.509269e-01 -3.384527e-03 3.353388e-02))
503.19        	((3.913471e-01 1.729227e+03 1.211005e+02) (1.437614e-02 9.039882e+00 6.222355e-01)) ((5.447848e+01 2.004213e-01 -9.971263e-02) (-4.397464e-01 -4.198856e-03 3.540361e-02))
503.2         	((3.213988e-01 1.727317e+03 1.213134e+02) (1.775964e-02 8.918500e+00 6.130101e-01)) ((5.460732e+01 1.809040e-01 -1.103037e-01) (-4.216369e-01 -5.085580e-03 3.734036e-02))
503.21        	((2.559076e-01 1.726168e+03 1.216059e+02) (2.032126e-02 8.794703e+00 6.034160e-01)) ((5.484980e+01 1.636247e-01 -1.177618e-01) (-4.023864e-01 -5.811268e-03 3.881988e-02))
503.22        	((1.779681e-01 1.724538e+03 1.218904e+02) (2.300634e-02 8.626808e+00 5.897911e-01)) ((5.493909e+01 1.489566e-01 -1.235843e-01) (-3.751995e-01 -6.448097e-03 4.013329e-02))
503.23        	((1.114035e-01 1.723443e+03 1.221245e+02) (2.493386e-02 8.461555e+00 5.757383e-01)) ((5.513832e+01 1.345447e-01 -1.297425e-01) (-3.478290e-01 -6.911861e-03 4.100836e-02))
503.24        	((3.781212e-02 1.721475e+03 1.221698e+02) (2.674597e-02 8.248586e+00 5.570132e-01)) ((5.521103e+01 1.219762e-01 -1.361457e-01) (-3.122524e-01 -7.283021e-03 4.164341e-02))
503.25        	((-2.507716e-02 1.720199e+03 1.223298e+02) (2.800487e-02 8.046200e+00 5.382349e-01)) ((5.543246e+01 1.138930e-01 -1.418328e-01) (-2.780073e-01 -7.597416e-03 4.195899e-02))
503.26        	((-8.984099e-02 1.718509e+03 1.225612e+02) (2.912666e-02 7.796852e+00 5.147301e-01)) ((5.552621e+01 1.098830e-01 -1.457476e-01) (-2.363067e-01 -7.830955e-03 4.198904e-02))
503.27        	((-1.425378e-01 1.717520e+03 1.228104e+02) (2.993621e-02 7.564453e+00 4.920560e-01)) ((5.575400e+01 1.100645e-01 -1.489250e-01) (-1.978096e-01 -7.983845e-03 4.177124e-02))
503.28        	((-1.963244e-01 1.715925e+03 1.230153e+02) (3.053090e-02 7.287519e+00 4.650303e-01)) ((5.582808e+01 1.115299e-01 -1.518227e-01) (-1.534430e-01 -8.051525e-03 4.122254e-02))
503.29        	((-2.376077e-01 1.714791e+03 1.231891e+02) (3.092576e-02 7.034614e+00 4.398236e-01)) ((5.601466e+01 1.155833e-01 -1.546394e-01) (-1.142339e-01 -8.121497e-03 4.048597e-02))
503.3         	((-2.764246e-01 1.712946e+03 1.233541e+02) (3.096564e-02 6.741537e+00 4.111618e-01)) ((5.605545e+01 1.199273e-01 -1.569063e-01) (-7.133752e-02 -8.121014e-03 3.940596e-02))
503.31        	((-2.999506e-01 1.711594e+03 1.235423e+02) (3.100429e-02 6.478176e+00 3.855781e-01)) ((5.623553e+01 1.268632e-01 -1.574269e-01) (-3.488526e-02 -8.084097e-03 3.830532e-02))
503.32        	((-3.239814e-01 1.709705e+03 1.237750e+02) (3.057442e-02 6.179483e+00 3.580681e-01)) ((5.629734e+01 1.328827e-01 -1.564620e-01) (3.083130e-03 -8.009297e-03 3.683921e-02))
503.33        	((-3.382410e-01 1.708374e+03 1.240210e+02) (3.011648e-02 5.915316e+00 3.348734e-01)) ((5.649106e+01 1.406206e-01 -1.550838e-01) (3.367820e-02 -7.940614e-03 3.536138e-02))
503.34        	((-3.579042e-01 1.706541e+03 1.242953e+02) (2.910172e-02 5.621893e+00 3.111536e-01)) ((5.656012e+01 1.474673e-01 -1.538508e-01) (6.337099e-02 -7.743214e-03 3.352152e-02))
503.35        	((-3.686469e-01 1.705013e+03 1.245198e+02) (2.812655e-02 5.366068e+00 2.918680e-01)) ((5.670007e+01 1.552843e-01 -1.541242e-01) (8.558235e-02 -7.473544e-03 3.180686e-02))
503.36        	((-3.833277e-01 1.702849e+03 1.246660e+02) (2.654662e-02 5.086400e+00 2.727737e-01)) ((5.673644e+01 1.630838e-01 -1.552378e-01) (1.050165e-01 -7.093081e-03 2.975125e-02))
503.37        	((-3.894026e-01 1.701159e+03 1.249007e+02) (2.500265e-02 4.846088e+00 2.577303e-01)) ((5.687304e+01 1.700513e-01 -1.570830e-01) (1.176931e-01 -6.743705e-03 2.791082e-02))
503.38        	((-4.003768e-01 1.699386e+03 1.252749e+02) (2.296945e-02 4.587951e+00 2.432915e-01)) ((5.697043e+01 1.756555e-01 -1.584911e-01) (1.263301e-01 -6.313405e-03 2.578835e-02))
503.39        	((-4.033764e-01 1.698049e+03 1.255967e+02) (2.101117e-02 4.368548e+00 2.321589e-01)) ((5.715345e+01 1.804210e-01 -1.600417e-01) (1.295731e-01 -5.939824e-03 2.394531e-02))
503.4         	((-4.099193e-01 1.696153e+03 1.257987e+02) (1.861719e-02 4.135266e+00 2.214917e-01)) ((5.724183e+01 1.851625e-01 -1.617469e-01) (1.282705e-01 -5.494297e-03 2.196222e-02))
503.41        	((-4.053587e-01 1.694385e+03 1.260579e+02) (1.651349e-02 3.931627e+00 2.112134e-01)) ((5.737136e+01 1.884194e-01 -1.632522e-01) (1.250643e-01 -5.113513e-03 2.039928e-02))
503.42        	((-4.105846e-01 1.694504e+03 1.266466e+02) (1.417504e-02 3.710710e+00 1.986170e-01)) ((5.803413e+01 1.919557e-01 -1.635463e-01) (1.190288e-01 -4.683394e-03 1.881714e-02))
503.43        	((-4.155455e-01 1.693490e+03 1.270198e+02) (1.207652e-02 3.529473e+00 1.884840e-01)) ((5.833793e+01 1.935084e-01 -1.633433e-01) (1.087700e-01 -4.281020e-03 1.742205e-02))
503.44        	((-4.244535e-01 1.690218e+03 1.269872e+02) (9.876596e-03 3.345511e+00 1.796951e-01)) ((5.791673e+01 1.951554e-01 -1.664115e-01) (9.232313e-02 -3.801984e-03 1.573130e-02))
503.45        	((-4.249733e-01 1.687858e+03 1.270755e+02) (7.891965e-03 3.199001e+00 1.732700e-01)) ((5.779090e+01 1.920160e-01 -1.664191e-01) (7.529416e-02 -3.429425e-03 1.431808e-02))
503.46        	((-4.218187e-01 1.686185e+03 1.273870e+02) (5.860344e-03 3.054778e+00 1.681920e-01)) ((5.789528e+01 1.901399e-01 -1.682313e-01) (5.502587e-02 -3.002968e-03 1.279576e-02))
503.47        	((-4.069637e-01 1.685102e+03 1.277404e+02) (4.320239e-03 2.929263e+00 1.619408e-01)) ((5.822292e+01 1.834343e-01 -1.669438e-01) (3.855034e-02 -2.684443e-03 1.157682e-02))
503.48        	((-4.052336e-01 1.685566e+03 1.282428e+02) (2.870869e-03 2.796320e+00 1.537501e-01)) ((5.905989e+01 1.815542e-01 -1.694153e-01) (2.173370e-02 -2.292676e-03 1.024814e-02))
503.49        	((-4.106591e-01 1.684490e+03 1.284540e+02) (1.707778e-03 2.694400e+00 1.475018e-01)) ((5.939348e+01 1.756931e-01 -1.689865e-01) (5.022459e-03 -1.976612e-03 9.170224e-03))
503.5         	((-4.118288e-01 1.680948e+03 1.282757e+02) (5.479573e-04 2.597143e+00 1.427388e-01)) ((5.887059e+01 1.725112e-01 -1.740133e-01) (-1.471449e-02 -1.559955e-03 7.988370e-03))
503.51        	((-3.961011e-01 1.678024e+03 1.282752e+02) (-1.239412e-04 2.515515e+00 1.378033e-01)) ((5.853517e+01 1.605197e-01 -1.722122e-01) (-3.079534e-02 -1.277304e-03 7.036756e-03))
503.52        	((-3.732275e-01 1.678108e+03 1.287328e+02) (-7.233307e-04 2.431454e+00 1.321307e-01)) ((5.931937e+01 1.553419e-01 -1.765276e-01) (-4.657407e-02 -9.395874e-04 5.977194e-03))
503.53        	((-3.582851e-01 1.677854e+03 1.291253e+02) (-9.550891e-04 2.371916e+00 1.284837e-01)) ((5.994706e+01 1.432235e-01 -1.741431e-01) (-6.109495e-02 -7.299789e-04 5.142740e-03))
503.54        	((-3.458958e-01 1.675298e+03 1.290954e+02) (-1.208831e-03 2.319436e+00 1.268622e-01)) ((5.971387e+01 1.388887e-01 -1.811615e-01) (-7.668105e-02 -4.322932e-04 4.229249e-03))
503.55        	((-3.362770e-01 1.672832e+03 1.291021e+02) (-1.118143e-03 2.273919e+00 1.245849e-01)) ((5.946197e+01 1.234133e-01 -1.776418e-01) (-8.854399e-02 -2.881674e-04 3.600782e-03))
503.56        	((-3.161480e-01 1.672719e+03 1.294025e+02) (-1.180476e-03 2.224093e+00 1.216432e-01)) ((6.014629e+01 1.179513e-01 -1.842713e-01) (-9.961297e-02 -6.644178e-05 2.918986e-03))
503.57        	((-2.973611e-01 1.672053e+03 1.296407e+02) (-9.842789e-04 2.191317e+00 1.202816e-01)) ((6.063052e+01 9.976025e-02 -1.805449e-01) (-1.099152e-01 4.415456e-05 2.461941e-03))
503.58        	((-2.663387e-01 1.669208e+03 1.295298e+02) (-9.799864e-04 2.163520e+00 1.207705e-01)) ((6.030129e+01 9.222751e-02 -1.894869e-01) (-1.205829e-01 2.570713e-04 1.928767e-03))
503.59        	((-2.457614e-01 1.666750e+03 1.295504e+02) (-6.589078e-04 2.136944e+00 1.204430e-01)) ((6.005650e+01 7.010695e-02 -1.843623e-01) (-1.282336e-01 3.358999e-04 1.640343e-03))
503.6         	((-2.175590e-01 1.666825e+03 1.298798e+02) (-5.327396e-04 2.108038e+00 1.196588e-01)) ((6.081172e+01 6.423317e-02 -1.936738e-01) (-1.344507e-01 4.692351e-04 1.247205e-03))
503.61        	((-2.073815e-01 1.666423e+03 1.301704e+02) (-1.808789e-04 2.088126e+00 1.200159e-01)) ((6.135425e+01 4.118992e-02 -1.866222e-01) (-1.408101e-01 5.168725e-04 1.044090e-03))
503.62        	((-1.784531e-01 1.663663e+03 1.300534e+02) (-1.731127e-04 2.070735e+00 1.217731e-01)) ((6.100193e+01 3.358363e-02 -1.974869e-01) (-1.470445e-01 6.991140e-04 7.285360e-04))
503.63        	((-1.685206e-01 1.661114e+03 1.300372e+02) (1.608079e-04 2.051767e+00 1.224346e-01)) ((6.069324e+01 3.086909e-03 -1.879534e-01) (-1.508707e-01 7.728640e-04 6.269545e-04))
503.64        	((-1.325756e-01 1.661266e+03 1.303242e+02) (1.221885e-04 2.028154e+00 1.223518e-01)) ((6.142233e+01 -3.954251e-03 -1.995769e-01) (-1.535708e-01 9.312708e-04 3.831700e-04))
503.65        	((-1.227771e-01 1.660892e+03 1.305985e+02) (4.605114e-04 2.011998e+00 1.232915e-01)) ((6.195934e+01 -3.491741e-02 -1.854316e-01) (-1.565719e-01 1.004819e-03 4.401716e-04))
503.66        	((-8.377517e-02 1.658055e+03 1.304652e+02) (3.126852e-04 1.996488e+00 1.253240e-01)) ((6.157746e+01 -3.801924e-02 -1.952915e-01) (-1.591487e-01 1.177454e-03 2.632943e-04))
503.67        	((-8.541352e-02 1.655429e+03 1.304914e+02) (6.801581e-04 1.978730e+00 1.260686e-01)) ((6.123990e+01 -6.977000e-02 -1.776017e-01) (-1.598863e-01 1.231546e-03 3.626327e-04))
503.68        	((-5.124738e-02 1.655624e+03 1.308175e+02) (4.171525e-04 1.955919e+00 1.260315e-01)) ((6.196052e+01 -6.620751e-02 -1.928834e-01) (-1.598012e-01 1.378766e-03 1.362404e-04))
503.69        	((-5.713848e-02 1.655454e+03 1.311666e+02) (7.924357e-04 1.940744e+00 1.269207e-01)) ((6.251921e+01 -9.683275e-02 -1.756157e-01) (-1.602319e-01 1.388548e-03 2.605662e-04))
503.7         	((-7.586324e-03 1.652679e+03 1.310344e+02) (4.650551e-04 1.925147e+00 1.287978e-01)) ((6.211680e+01 -9.201061e-02 -1.914334e-01) (-1.603831e-01 1.488027e-03 2.178818e-05))
503.71        	((-1.116232e-02 1.649946e+03 1.310402e+02) (9.545020e-04 1.906987e+00 1.291545e-01)) ((6.172891e+01 -1.234309e-01 -1.677577e-01) (-1.591890e-01 1.429771e-03 2.412175e-04))
503.72        	((3.469890e-02 1.650129e+03 1.313556e+02) (5.986784e-04 1.883086e+00 1.287202e-01)) ((6.242496e+01 -1.098028e-01 -1.816956e-01) (-1.576022e-01 1.501677e-03 2.134522e-05))
503.73        	((2.247531e-02 1.650044e+03 1.317383e+02) (1.082327e-03 1.866988e+00 1.292634e-01)) ((6.297726e+01 -1.357325e-01 -1.561158e-01) (-1.568478e-01 1.420055e-03 2.536633e-04))
503.74        	((7.265706e-02 1.647299e+03 1.316463e+02) (6.729736e-04 1.849757e+00 1.306348e-01)) ((6.254835e+01 -1.217755e-01 -1.738888e-01) (-1.560946e-01 1.498499e-03 -8.000475e-05))
503.75        	((6.238027e-02 1.644543e+03 1.316746e+02) (1.216769e-03 1.830228e+00 1.305116e-01)) ((6.212596e+01 -1.499723e-01 -1.490875e-01) (-1.542783e-01 1.381964e-03 2.024925e-04))
503.76        	((1.135856e-01 1.644783e+03 1.320321e+02) (7.501578e-04 1.804428e+00 1.294811e-01)) ((6.281482e+01 -1.321306e-01 -1.657270e-01) (-1.522899e-01 1.447966e-03 -1.286099e-04))
503.77        	((9.481112e-02 1.645213e+03 1.324920e+02) (1.404437e-03 1.778665e+00 1.276173e-01)) ((6.354663e+01 -1.563244e-01 -1.360643e-01) (-1.501935e-01 1.325755e-03 2.221492e-04))
503.78        	((1.505558e-01 1.643924e+03 1.326272e+02) (7.731421e-04 1.753367e+00 1.258866e-01)) ((6.358383e+01 -1.330097e-01 -1.528356e-01) (-1.486505e-01 1.427338e-03 -1.910682e-04))
503.79        	((1.323468e-01 1.641842e+03 1.327209e+02) (1.418941e-03 1.731471e+00 1.238754e-01)) ((6.333405e+01 -1.549328e-01 -1.226997e-01) (-1.477503e-01 1.302101e-03 1.990408e-04))
503.8         	((1.877101e-01 1.639514e+03 1.327125e+02) (7.363501e-04 1.711535e+00 1.226288e-01)) ((6.309799e+01 -1.273824e-01 -1.418701e-01) (-1.478970e-01 1.437717e-03 -2.976596e-04))
503.81        	((1.707557e-01 1.637899e+03 1.329277e+02) (1.375993e-03 1.697273e+00 1.215522e-01)) ((6.309916e+01 -1.480600e-01 -1.095515e-01) (-1.481235e-01 1.290912e-03 2.028804e-04))
503.82        	((2.371722e-01 1.636693e+03 1.331435e+02) (5.002314e-04 1.686239e+00 1.215109e-01)) ((6.326561e+01 -1.133231e-01 -1.326625e-01) (-1.486719e-01 1.408262e-03 -3.496063e-04))
503.83        	((2.080583e-01 1.635886e+03 1.334918e+02) (1.249663e-03 1.681013e+00 1.216797e-01)) ((6.349827e+01 -1.396010e-01 -9.461306e-02) (-1.489037e-01 1.284268e-03 2.637126e-04))
503.84        	((2.835877e-01 1.634804e+03 1.337039e+02) (1.088815e-04 1.678635e+00 1.229836e-01)) ((6.361995e+01 -9.894091e-02 -1.239870e-01) (-1.496988e-01 1.441597e-03 -5.195221e-04))
503.85        	((2.650933e-01 1.633684e+03 1.339678e+02) (8.477067e-04 1.681530e+00 1.241463e-01)) ((6.367135e+01 -1.229631e-01 -8.314611e-02) (-1.501573e-01 1.302924e-03 2.798365e-04))
503.86        	((3.217639e-01 1.632264e+03 1.341514e+02) (7.217427e-05 1.686824e+00 1.261410e-01)) ((6.365455e+01 -9.251648e-02 -1.095164e-01) (-1.505661e-01 1.385954e-03 -3.187169e-05))
503.87        	((2.672991e-01 1.631010e+03 1.344371e+02) (4.778344e-04 1.693615e+00 1.279177e-01)) ((6.367849e+01 -1.338652e-01 -6.375117e-02) (-1.510952e-01 1.337149e-03 4.491055e-04))
503.88        	((3.219154e-01 1.629697e+03 1.345958e+02) (-3.859385e-04 1.702654e+00 1.303339e-01)) ((6.371773e+01 -1.021180e-01 -8.809616e-02) (-1.510232e-01 1.506655e-03 5.229480e-05))
503.89        	((2.818860e-01 1.628621e+03 1.348533e+02) (9.070175e-06 1.712024e+00 1.323167e-01)) ((6.380099e+01 -1.350478e-01 -4.241144e-02) (-1.509763e-01 1.459780e-03 5.376965e-04))
503.9         	((3.343149e-01 1.627447e+03 1.350066e+02) (-6.962567e-04 1.722873e+00 1.347791e-01)) ((6.386146e+01 -1.065017e-01 -6.588984e-02) (-1.501116e-01 1.656001e-03 2.233957e-04))
503.91        	((3.088718e-01 1.626426e+03 1.352219e+02) (-3.851634e-04 1.732300e+00 1.367667e-01)) ((6.392048e+01 -1.327158e-01 -3.031805e-02) (-1.494355e-01 1.597406e-03 6.650100e-04))
503.92        	((3.554062e-01 1.625312e+03 1.353547e+02) (-1.007127e-03 1.742601e+00 1.390394e-01)) ((6.396040e+01 -1.107179e-01 -4.551381e-02) (-1.477960e-01 1.803774e-03 3.965558e-04))
503.93        	((3.387900e-01 1.624324e+03 1.355264e+02) (-7.105645e-04 1.750303e+00 1.407215e-01)) ((6.400179e+01 -1.332622e-01 -9.882809e-03) (-1.465115e-01 1.739181e-03 7.844251e-04))
503.94        	((3.843930e-01 1.623259e+03 1.356322e+02) (-1.245299e-03 1.758637e+00 1.426471e-01)) ((6.404353e+01 -1.136385e-01 -2.008905e-02) (-1.441970e-01 1.939954e-03 5.426795e-04))
503.95        	((3.788123e-01 1.622300e+03 1.357678e+02) (-9.012412e-04 1.763884e+00 1.440085e-01)) ((6.408696e+01 -1.304209e-01 1.235861e-02) (-1.423951e-01 1.851381e-03 8.998669e-04))
503.96        	((4.264636e-01 1.621366e+03 1.358786e+02) (-1.327757e-03 1.769873e+00 1.455805e-01)) ((6.413525e+01 -1.115834e-01 2.684501e-03) (-1.395927e-01 2.035791e-03 6.925662e-04))
503.97        	((4.246553e-01 1.620411e+03 1.359808e+02) (-9.483987e-04 1.772567e+00 1.466707e-01)) ((6.416093e+01 -1.248828e-01 3.098909e-02) (-1.374153e-01 1.937903e-03 1.018509e-03))
503.98        	((4.632776e-01 1.619451e+03 1.360543e+02) (-1.325365e-03 1.775980e+00 1.479357e-01)) ((6.419586e+01 -1.078650e-01 2.093373e-02) (-1.343010e-01 2.122842e-03 8.460619e-04))
503.99        	((4.567348e-01 1.618502e+03 1.361299e+02) (-9.576321e-04 1.775782e+00 1.486742e-01)) ((6.421244e+01 -1.186373e-01 4.621345e-02) (-1.328786e-01 2.020965e-03 1.151132e-03))
504           	((4.833004e-01 1.617568e+03 1.361904e+02) (-1.319994e-03 1.776967e+00 1.496755e-01)) ((6.423777e+01 -1.040343e-01 3.816584e-02) (-1.296197e-01 2.205377e-03 1.003856e-03))
504.01        	((4.611723e-01 1.616693e+03 1.362649e+02) (-9.456261e-04 1.775350e+00 1.502404e-01)) ((6.425423e+01 -1.153061e-01 6.270215e-02) (-1.281352e-01 2.104166e-03 1.273012e-03))
504.02        	((4.676542e-01 1.615833e+03 1.363278e+02) (-1.276796e-03 1.774422e+00 1.509587e-01)) ((6.428047e+01 -1.031793e-01 5.332562e-02) (-1.248615e-01 2.272168e-03 1.147169e-03))
504.03        	((4.296359e-01 1.614993e+03 1.363836e+02) (-9.333081e-04 1.771484e+00 1.513705e-01)) ((6.428810e+01 -1.109566e-01 7.273890e-02) (-1.233964e-01 2.178550e-03 1.342329e-03))
504.04        	((4.233022e-01 1.614165e+03 1.364275e+02) (-1.287377e-03 1.768567e+00 1.518473e-01)) ((6.430391e+01 -9.489233e-02 6.278264e-02) (-1.202664e-01 2.330621e-03 1.201577e-03))
504.05        	((3.610461e-01 1.613368e+03 1.364976e+02) (-9.374354e-04 1.764586e+00 1.520895e-01)) ((6.430480e+01 -1.054231e-01 8.813770e-02) (-1.188602e-01 2.247988e-03 1.386195e-03))
504.06        	((3.245289e-01 1.612587e+03 1.365758e+02) (-1.255935e-03 1.760065e+00 1.523324e-01)) ((6.431411e+01 -9.515807e-02 7.871868e-02) (-1.159813e-01 2.384009e-03 1.295000e-03))
504.07        	((2.633171e-01 1.611812e+03 1.366168e+02) (-1.043662e-03 1.754998e+00 1.525068e-01)) ((6.429943e+01 -9.018956e-02 8.773177e-02) (-1.147901e-01 2.324291e-03 1.337701e-03))
504.08        	((2.642555e-01 1.611081e+03 1.365843e+02) (-1.750659e-03 1.748249e+00 1.528270e-01)) ((6.430312e+01 -5.161896e-02 7.757687e-02) (-1.125681e-01 2.484631e-03 9.341145e-04))
504.09        	((2.290328e-01 1.610425e+03 1.365940e+02) (-1.218380e-03 1.743705e+00 1.527251e-01)) ((6.431150e+01 -3.681350e-02 1.081877e-01) (-1.112279e-01 2.408306e-03 1.324708e-03))
504.1         	((1.779459e-01 1.609719e+03 1.366519e+02) (-1.448933e-03 1.737002e+00 1.528205e-01)) ((6.430812e+01 -2.306528e-02 9.744529e-02) (-1.091377e-01 2.494118e-03 1.378761e-03))
504.11        	((6.850504e-02 1.609058e+03 1.368184e+02) (-1.263370e-03 1.731424e+00 1.527497e-01)) ((6.429958e+01 -3.462929e-02 1.054642e-01) (-1.082397e-01 2.503758e-03 1.460024e-03))
504.12        	((1.373529e-02 1.608391e+03 1.368364e+02) (-1.670564e-03 1.723550e+00 1.529397e-01)) ((6.428639e+01 -9.746682e-03 8.886527e-02) (-1.067843e-01 2.618838e-03 1.319794e-03))
504.13        	((-1.324918e-01 1.607839e+03 1.370433e+02) (-1.354440e-03 1.717890e+00 1.527080e-01)) ((6.430302e+01 -3.678895e-02 1.267113e-01) (-1.061063e-01 2.668357e-03 1.517480e-03))
504.14        	((-2.258743e-01 1.607189e+03 1.371142e+02) (-1.586856e-03 1.710053e+00 1.527152e-01)) ((6.428571e+01 -2.810874e-02 1.015577e-01) (-1.049733e-01 2.812864e-03 1.500218e-03))
504.15        	((-3.436829e-01 1.606581e+03 1.372457e+02) (-1.535577e-03 1.703886e+00 1.525916e-01)) ((6.426433e+01 -3.009026e-02 9.391104e-02) (-1.046569e-01 2.866368e-03 1.521130e-03))
504.16        	((-4.418421e-01 1.606003e+03 1.373002e+02) (-1.818767e-03 1.695826e+00 1.526457e-01)) ((6.425564e+01 -2.734006e-02 9.085427e-02) (-1.039071e-01 3.007127e-03 1.564646e-03))
504.17        	((-6.142979e-01 1.605552e+03 1.375117e+02) (-1.695163e-03 1.689650e+00 1.525105e-01)) ((6.426957e+01 -6.354910e-02 1.263267e-01) (-1.037888e-01 3.031256e-03 1.699977e-03))
504.18        	((-7.394456e-01 1.605039e+03 1.376287e+02) (-1.948163e-03 1.684336e+00 1.526233e-01)) ((6.426747e+01 -7.948902e-02 1.236655e-01) (-1.033107e-01 3.166527e-03 1.726987e-03))
504.19        	((-8.537149e-01 1.604559e+03 1.377633e+02) (-2.026050e-03 1.677804e+00 1.525000e-01)) ((6.424654e+01 -8.460748e-02 1.202306e-01) (-1.034211e-01 3.183735e-03 1.650993e-03))
504.2         	((-9.603988e-01 1.604078e+03 1.378411e+02) (-2.228173e-03 1.672227e+00 1.525967e-01)) ((6.423388e+01 -1.023797e-01 1.295493e-01) (-1.031264e-01 3.308926e-03 1.740219e-03))
504.21        	((-1.097871e+00 1.603691e+03 1.379788e+02) (-2.095411e-03 1.665421e+00 1.524491e-01)) ((6.422933e+01 -1.371602e-01 1.527870e-01) (-1.034214e-01 3.297720e-03 1.839382e-03))
504.22        	((-1.165032e+00 1.603276e+03 1.380462e+02) (-2.442230e-03 1.659967e+00 1.524591e-01)) ((6.422218e+01 -1.427142e-01 1.428899e-01) (-1.031954e-01 3.434446e-03 1.748068e-03))
504.23        	((-1.274372e+00 1.602923e+03 1.382223e+02) (-2.428036e-03 1.653363e+00 1.521550e-01)) ((6.421368e+01 -1.722669e-01 1.715900e-01) (-1.035211e-01 3.427997e-03 1.793214e-03))
504.24        	((-1.375118e+00 1.602593e+03 1.383335e+02) (-2.559396e-03 1.647669e+00 1.521187e-01)) ((6.419739e+01 -1.922795e-01 1.777031e-01) (-1.034376e-01 3.547171e-03 1.867585e-03))
504.25        	((-1.439825e+00 1.602289e+03 1.384108e+02) (-2.561581e-03 1.640539e+00 1.518420e-01)) ((6.417267e+01 -2.043392e-01 1.769625e-01) (-1.039107e-01 3.528064e-03 1.859217e-03))
504.26        	((-1.506743e+00 1.602039e+03 1.385324e+02) (-2.803282e-03 1.631437e+00 1.514665e-01)) ((6.417560e+01 -2.217732e-01 1.799149e-01) (-1.038944e-01 3.655314e-03 1.883890e-03))
504.27        	((-1.547565e+00 1.601764e+03 1.386767e+02) (-2.891602e-03 1.624112e+00 1.510005e-01)) ((6.416441e+01 -2.406969e-01 1.982708e-01) (-1.042807e-01 3.638452e-03 1.844900e-03))
504.28        	((-1.585163e+00 1.601500e+03 1.387312e+02) (-3.080524e-03 1.613448e+00 1.505628e-01)) ((6.415413e+01 -2.561801e-01 2.148688e-01) (-1.043268e-01 3.732817e-03 1.802301e-03))
504.29        	((-1.687976e+00 1.601318e+03 1.388965e+02) (-2.856560e-03 1.603469e+00 1.499050e-01)) ((6.416351e+01 -3.075182e-01 2.540272e-01) (-1.052765e-01 3.746987e-03 1.137024e-03))
504.3         	((-1.742824e+00 1.601147e+03 1.390137e+02) (-3.226399e-03 1.593650e+00 1.490780e-01)) ((6.416965e+01 -3.217632e-01 2.401401e-01) (-1.044031e-01 3.875258e-03 1.787232e-03))
504.31        	((-1.821097e+00 1.600983e+03 1.390386e+02) (-2.906146e-03 1.583881e+00 1.483825e-01)) ((6.413790e+01 -3.466959e-01 2.531712e-01) (-1.048521e-01 3.835716e-03 2.243859e-03))
504.32        	((-1.871880e+00 1.600888e+03 1.391189e+02) (-3.322762e-03 1.571519e+00 1.471566e-01)) ((6.414043e+01 -3.626152e-01 2.584183e-01) (-1.041142e-01 4.010135e-03 2.015317e-03))
504.33        	((-1.919246e+00 1.600772e+03 1.392146e+02) (-3.323660e-03 1.561412e+00 1.462749e-01)) ((6.411974e+01 -3.885192e-01 2.929899e-01) (-1.042508e-01 4.042991e-03 2.177680e-03))
504.34        	((-1.886100e+00 1.600720e+03 1.394027e+02) (-3.677347e-03 1.547179e+00 1.448695e-01)) ((6.414158e+01 -3.734871e-01 2.894102e-01) (-1.035324e-01 4.135136e-03 2.071213e-03))
504.35        	((-1.910367e+00 1.600656e+03 1.395758e+02) (-3.759849e-03 1.536362e+00 1.437520e-01)) ((6.414046e+01 -3.922200e-01 3.217787e-01) (-1.036064e-01 4.136515e-03 2.249628e-03))
504.36        	((-1.873214e+00 1.600602e+03 1.396586e+02) (-4.040979e-03 1.520467e+00 1.424020e-01)) ((6.414453e+01 -3.740309e-01 3.222901e-01) (-1.030992e-01 4.206172e-03 2.227619e-03))
504.37        	((-1.942901e+00 1.600620e+03 1.398100e+02) (-3.932293e-03 1.508855e+00 1.412558e-01)) ((6.415407e+01 -4.117304e-01 3.656150e-01) (-1.033124e-01 4.228025e-03 2.552099e-03))
504.38        	((-1.929913e+00 1.600626e+03 1.399105e+02) (-4.271938e-03 1.492728e+00 1.398204e-01)) ((6.416250e+01 -3.927551e-01 3.397460e-01) (-1.029356e-01 4.365926e-03 2.413079e-03))
504.39        	((-1.971798e+00 1.600623e+03 1.400364e+02) (-4.383804e-03 1.481068e+00 1.386663e-01)) ((6.414755e+01 -4.013982e-01 3.540324e-01) (-1.032838e-01 4.426973e-03 2.576003e-03))
504.4         	((-1.973121e+00 1.600638e+03 1.401531e+02) (-4.636673e-03 1.470560e+00 1.380120e-01)) ((6.414517e+01 -3.870861e-01 3.524153e-01) (-1.031703e-01 4.551940e-03 2.563821e-03))
504.41        	((-2.016983e+00 1.600700e+03 1.403387e+02) (-4.829730e-03 1.459199e+00 1.369554e-01)) ((6.414663e+01 -3.958918e-01 3.780831e-01) (-1.035822e-01 4.609458e-03 2.681378e-03))
504.42        	((-2.041403e+00 1.600772e+03 1.404232e+02) (-5.053550e-03 1.448575e+00 1.364787e-01)) ((6.415631e+01 -3.942757e-01 3.929187e-01) (-1.037064e-01 4.722818e-03 2.741024e-03))
504.43        	((-2.127431e+00 1.600898e+03 1.405522e+02) (-5.130999e-03 1.437162e+00 1.356296e-01)) ((6.416975e+01 -4.179771e-01 4.193496e-01) (-1.043760e-01 4.765995e-03 2.962099e-03))
504.44        	((-2.157454e+00 1.601034e+03 1.406180e+02) (-5.560369e-03 1.427226e+00 1.352583e-01)) ((6.418992e+01 -4.032982e-01 4.098371e-01) (-1.045622e-01 4.898771e-03 2.831380e-03))
504.45        	((-2.239827e+00 1.601154e+03 1.407356e+02) (-5.734344e-03 1.416334e+00 1.345124e-01)) ((6.418982e+01 -4.223562e-01 4.468509e-01) (-1.053667e-01 4.940395e-03 3.015144e-03))
504.46        	((-2.247289e+00 1.601300e+03 1.407875e+02) (-6.130404e-03 1.406811e+00 1.342833e-01)) ((6.420053e+01 -3.945347e-01 4.459590e-01) (-1.057210e-01 5.050717e-03 2.901721e-03))
504.47        	((-2.326245e+00 1.601481e+03 1.409716e+02) (-6.330240e-03 1.396690e+00 1.335136e-01)) ((6.421377e+01 -4.116647e-01 4.928239e-01) (-1.065813e-01 5.077987e-03 3.042094e-03))
504.48        	((-2.363409e+00 1.601626e+03 1.410065e+02) (-6.535371e-03 1.387407e+00 1.333052e-01)) ((6.421240e+01 -3.995638e-01 4.966152e-01) (-1.071227e-01 5.169935e-03 3.038552e-03))
504.49        	((-2.456478e+00 1.601806e+03 1.410761e+02) (-6.590837e-03 1.377220e+00 1.326525e-01)) ((6.421140e+01 -4.145149e-01 5.133878e-01) (-1.082167e-01 5.182498e-03 3.229174e-03))
504.5         	((-2.499325e+00 1.602035e+03 1.411088e+02) (-6.979318e-03 1.368686e+00 1.323617e-01)) ((6.423139e+01 -3.955233e-01 4.977915e-01) (-1.086906e-01 5.311485e-03 3.031695e-03))
504.51        	((-2.608759e+00 1.602245e+03 1.411795e+02) (-7.030942e-03 1.358674e+00 1.316527e-01)) ((6.423187e+01 -4.214592e-01 5.359221e-01) (-1.098455e-01 5.331425e-03 3.259794e-03))
504.52        	((-2.623551e+00 1.602467e+03 1.412097e+02) (-7.419689e-03 1.350354e+00 1.313196e-01)) ((6.424127e+01 -3.929676e-01 5.213687e-01) (-1.103041e-01 5.454183e-03 2.998441e-03))
504.53        	((-2.719218e+00 1.602671e+03 1.412857e+02) (-7.494736e-03 1.340527e+00 1.305313e-01)) ((6.423398e+01 -4.189620e-01 5.607191e-01) (-1.113904e-01 5.469599e-03 3.181313e-03))
504.54        	((-2.716687e+00 1.602880e+03 1.413405e+02) (-7.763917e-03 1.332126e+00 1.300748e-01)) ((6.423438e+01 -3.852222e-01 5.349418e-01) (-1.118147e-01 5.547201e-03 2.945606e-03))
504.55        	((-2.769254e+00 1.603084e+03 1.414406e+02) (-7.920384e-03 1.322372e+00 1.291214e-01)) ((6.422199e+01 -3.904728e-01 5.522450e-01) (-1.127738e-01 5.541047e-03 2.992358e-03))
504.56        	((-2.761059e+00 1.603314e+03 1.414478e+02) (-8.057080e-03 1.313411e+00 1.286896e-01)) ((6.421899e+01 -3.635958e-01 5.403199e-01) (-1.132067e-01 5.586363e-03 2.844597e-03))
504.57        	((-2.838800e+00 1.603624e+03 1.415467e+02) (-7.992478e-03 1.303231e+00 1.277054e-01)) ((6.423385e+01 -3.908022e-01 5.685738e-01) (-1.141009e-01 5.535484e-03 2.980900e-03))
504.58        	((-2.835315e+00 1.603940e+03 1.415886e+02) (-8.157243e-03 1.294248e+00 1.270835e-01)) ((6.425211e+01 -3.669185e-01 5.339589e-01) (-1.143392e-01 5.576285e-03 2.732993e-03))
504.59        	((-2.879375e+00 1.604233e+03 1.416629e+02) (-8.177115e-03 1.283812e+00 1.260189e-01)) ((6.424744e+01 -3.754328e-01 5.438867e-01) (-1.151028e-01 5.518497e-03 2.764434e-03))
504.6         	((-2.861518e+00 1.604564e+03 1.417188e+02) (-8.245965e-03 1.274337e+00 1.254053e-01)) ((6.426052e+01 -3.522063e-01 5.276632e-01) (-1.152735e-01 5.526039e-03 2.597639e-03))
504.61        	((-2.890399e+00 1.604924e+03 1.418767e+02) (-8.255557e-03 1.263792e+00 1.242203e-01)) ((6.427487e+01 -3.642168e-01 5.493511e-01) (-1.158467e-01 5.433459e-03 2.585433e-03))
504.62        	((-2.873869e+00 1.605271e+03 1.418918e+02) (-8.214812e-03 1.253767e+00 1.235872e-01)) ((6.428249e+01 -3.548061e-01 5.403777e-01) (-1.159767e-01 5.416328e-03 2.515857e-03))
504.63        	((-2.931445e+00 1.605671e+03 1.419616e+02) (-7.957356e-03 1.242427e+00 1.225460e-01)) ((6.429933e+01 -3.844457e-01 5.539624e-01) (-1.165999e-01 5.291670e-03 2.704620e-03))
504.64        	((-2.930945e+00 1.606086e+03 1.419483e+02) (-8.095831e-03 1.232823e+00 1.218387e-01)) ((6.432164e+01 -3.763455e-01 5.229399e-01) (-1.164442e-01 5.303281e-03 2.410283e-03))
504.65        	((-2.984810e+00 1.606477e+03 1.420098e+02) (-7.906643e-03 1.221592e+00 1.207967e-01)) ((6.432551e+01 -4.048942e-01 5.450805e-01) (-1.169287e-01 5.192750e-03 2.525091e-03))
504.66        	((-2.932026e+00 1.606911e+03 1.420942e+02) (-8.046167e-03 1.211972e+00 1.200281e-01)) ((6.435058e+01 -3.742873e-01 5.130579e-01) (-1.167275e-01 5.169200e-03 2.260957e-03))
504.67        	((-2.949421e+00 1.607324e+03 1.422115e+02) (-7.959935e-03 1.200994e+00 1.189760e-01)) ((6.435677e+01 -3.946151e-01 5.410790e-01) (-1.171070e-01 5.051603e-03 2.329337e-03))
504.68        	((-2.893897e+00 1.607754e+03 1.422717e+02) (-7.839333e-03 1.191305e+00 1.183527e-01)) ((6.437210e+01 -3.779059e-01 5.277956e-01) (-1.168947e-01 4.946017e-03 2.194163e-03))
504.69        	((-2.898650e+00 1.608210e+03 1.423897e+02) (-7.762700e-03 1.180492e+00 1.173107e-01)) ((6.438900e+01 -3.947529e-01 5.467289e-01) (-1.173273e-01 4.817948e-03 2.227381e-03))
504.7         	((-2.841573e+00 1.608688e+03 1.424412e+02) (-7.684512e-03 1.170795e+00 1.167494e-01)) ((6.441802e+01 -3.746923e-01 5.269164e-01) (-1.173033e-01 4.746077e-03 2.126751e-03))
504.71        	((-2.829563e+00 1.609188e+03 1.426072e+02) (-7.518075e-03 1.160457e+00 1.157437e-01)) ((6.444853e+01 -3.762115e-01 5.392501e-01) (-1.177545e-01 4.560527e-03 2.051553e-03))
504.72        	((-2.790518e+00 1.609657e+03 1.426223e+02) (-7.249708e-03 1.150866e+00 1.152617e-01)) ((6.446487e+01 -3.652520e-01 5.321717e-01) (-1.179038e-01 4.451075e-03 2.027008e-03))
504.73        	((-2.814730e+00 1.610174e+03 1.426884e+02) (-6.823053e-03 1.140147e+00 1.144013e-01)) ((6.448819e+01 -3.852497e-01 5.417558e-01) (-1.186824e-01 4.227011e-03 2.269771e-03))
504.74        	((-2.806170e+00 1.610716e+03 1.426354e+02) (-6.873982e-03 1.131713e+00 1.139447e-01)) ((6.451924e+01 -3.819428e-01 5.207090e-01) (-1.186708e-01 4.193210e-03 1.989874e-03))
504.75        	((-2.812495e+00 1.611227e+03 1.427611e+02) (-6.668661e-03 1.122288e+00 1.131610e-01)) ((6.453902e+01 -3.939968e-01 5.450344e-01) (-1.192421e-01 4.036910e-03 1.972593e-03))
504.76        	((-2.736947e+00 1.611732e+03 1.428460e+02) (-6.525523e-03 1.114081e+00 1.127027e-01)) ((6.456114e+01 -3.646801e-01 5.271612e-01) (-1.194025e-01 3.929243e-03 1.841590e-03))
504.77        	((-2.749148e+00 1.612252e+03 1.429106e+02) (-6.179460e-03 1.104587e+00 1.120215e-01)) ((6.457536e+01 -3.845002e-01 5.417744e-01) (-1.202464e-01 3.747148e-03 2.057370e-03))
504.78        	((-2.680829e+00 1.612843e+03 1.429582e+02) (-6.238867e-03 1.097272e+00 1.115972e-01)) ((6.462213e+01 -3.517671e-01 5.028247e-01) (-1.203624e-01 3.662963e-03 1.794616e-03))
504.79        	((-2.716826e+00 1.613374e+03 1.430238e+02) (-5.928037e-03 1.088529e+00 1.109247e-01)) ((6.463649e+01 -3.840907e-01 5.452965e-01) (-1.212005e-01 3.467941e-03 2.001825e-03))
504.8         	((-2.642025e+00 1.613919e+03 1.431138e+02) (-5.956418e-03 1.081698e+00 1.104766e-01)) ((6.466582e+01 -3.514984e-01 5.221911e-01) (-1.214171e-01 3.373346e-03 1.809586e-03))
504.81        	((-2.614659e+00 1.614430e+03 1.432287e+02) (-5.891125e-03 1.072152e+00 1.097438e-01)) ((6.467274e+01 -3.536323e-01 5.402325e-01) (-1.227849e-01 3.193332e-03 2.721291e-03))
504.82        	((-2.508425e+00 1.615014e+03 1.433365e+02) (-5.721959e-03 1.067161e+00 1.096392e-01)) ((6.471419e+01 -3.033837e-01 5.101465e-01) (-1.225893e-01 3.104967e-03 1.755944e-03))
504.83        	((-2.491278e+00 1.615618e+03 1.435364e+02) (-5.604293e-03 1.060299e+00 1.089718e-01)) ((6.475623e+01 -3.033086e-01 5.306747e-01) (-1.232803e-01 2.912207e-03 1.633466e-03))
504.84        	((-2.431812e+00 1.616175e+03 1.436015e+02) (-5.462254e-03 1.054154e+00 1.086785e-01)) ((6.478276e+01 -2.797933e-01 5.126174e-01) (-1.237188e-01 2.783707e-03 1.563991e-03))
504.85        	((-2.433270e+00 1.616755e+03 1.436791e+02) (-5.210238e-03 1.047084e+00 1.083359e-01)) ((6.480663e+01 -2.824694e-01 5.065476e-01) (-1.246736e-01 2.650074e-03 1.678699e-03))
504.86        	((-2.380508e+00 1.617395e+03 1.437464e+02) (-5.160666e-03 1.038878e+00 1.080962e-01)) ((6.486032e+01 -2.482815e-01 4.684406e-01) (-1.253101e-01 2.581005e-03 1.429136e-03))
504.87        	((-2.417522e+00 1.617990e+03 1.438432e+02) (-4.875298e-03 1.032670e+00 1.077711e-01)) ((6.488784e+01 -2.661934e-01 4.963662e-01) (-1.262209e-01 2.434155e-03 1.517682e-03))
504.88        	((-2.352561e+00 1.618606e+03 1.439403e+02) (-4.849196e-03 1.025479e+00 1.074348e-01)) ((6.493072e+01 -2.261875e-01 4.644043e-01) (-1.268811e-01 2.344811e-03 1.266433e-03))
504.89        	((-2.365514e+00 1.619173e+03 1.440494e+02) (-4.740914e-03 1.020029e+00 1.070949e-01)) ((6.494519e+01 -2.336756e-01 4.843785e-01) (-1.277589e-01 2.227824e-03 1.293548e-03))
504.9         	((-2.299109e+00 1.619769e+03 1.441266e+02) (-4.532946e-03 1.013578e+00 1.069709e-01)) ((6.497690e+01 -1.969967e-01 4.576228e-01) (-1.284363e-01 2.120300e-03 1.119065e-03))
504.91        	((-2.301367e+00 1.620377e+03 1.442806e+02) (-4.357903e-03 1.008997e+00 1.065962e-01)) ((6.500692e+01 -1.988174e-01 4.685829e-01) (-1.292083e-01 1.941385e-03 1.039576e-03))
504.92        	((-2.258263e+00 1.620977e+03 1.443330e+02) (-4.132602e-03 1.003282e+00 1.064207e-01)) ((6.503770e+01 -1.779853e-01 4.472744e-01) (-1.299746e-01 1.804678e-03 9.746150e-04))
504.93        	((-2.281597e+00 1.621603e+03 1.444220e+02) (-3.906530e-03 9.990148e-01 1.062323e-01)) ((6.506882e+01 -1.863044e-01 4.476223e-01) (-1.308559e-01 1.650616e-03 1.005511e-03))
504.94        	((-2.235544e+00 1.622266e+03 1.444655e+02) (-3.713418e-03 9.945818e-01 1.063244e-01)) ((6.511923e+01 -1.561029e-01 4.107160e-01) (-1.315757e-01 1.543514e-03 8.241310e-04))
504.95        	((-2.262416e+00 1.622899e+03 1.445888e+02) (-3.479824e-03 9.912324e-01 1.061408e-01)) ((6.515243e+01 -1.699698e-01 4.319281e-01) (-1.324345e-01 1.344987e-03 7.996724e-04))
504.96        	((-2.206851e+00 1.623520e+03 1.446666e+02) (-3.260972e-03 9.878627e-01 1.062201e-01)) ((6.518648e+01 -1.439103e-01 4.043978e-01) (-1.333356e-01 1.189540e-03 6.875600e-04))
504.97        	((-2.192308e+00 1.624129e+03 1.448015e+02) (-3.121978e-03 9.853251e-01 1.060688e-01)) ((6.520949e+01 -1.401821e-01 4.028475e-01) (-1.342792e-01 9.904220e-04 6.301004e-04))
504.98        	((-2.136123e+00 1.624752e+03 1.448088e+02) (-2.801620e-03 9.831796e-01 1.065518e-01)) ((6.523930e+01 -1.186327e-01 3.854637e-01) (-1.353147e-01 8.357886e-04 5.498590e-04))
504.99        	((-2.168635e+00 1.625425e+03 1.449069e+02) (-2.374791e-03 9.814054e-01 1.066705e-01)) ((6.528433e+01 -1.427066e-01 4.004233e-01) (-1.363468e-01 5.927791e-04 6.000100e-04))
505           	((-2.127217e+00 1.626086e+03 1.449424e+02) (-2.234559e-03 9.811343e-01 1.070924e-01)) ((6.533009e+01 -1.225787e-01 3.537823e-01) (-1.373871e-01 4.340991e-04 3.913137e-04))
