# Forces      
# CofR        : (0.000000e+00 0.000000e+00 0.000000e+00)
# Time        forces(pressure viscous)	moments(pressure viscous)
500           	((3.902713e+00 1.363606e+04 7.599982e+03) (2.236982e-04 4.192658e+00 1.879789e-01)) ((-3.076258e+03 -2.517812e-01 4.050990e-01) (-3.380588e-01 2.393024e-05 -1.619093e-04))
500.01        	((1.801449e+00 1.023123e+04 6.019366e+03) (-3.123319e-03 2.429445e+00 -5.891911e-02)) ((-2.254557e+03 -9.210551e-01 -3.695116e-02) (2.851761e-01 -1.095245e-03 -2.378837e-05))
500.02        	((6.210452e-01 1.223237e+03 1.150737e+03) (-6.495588e-03 1.073280e+00 -3.454064e-01)) ((-3.160245e+02 -3.204616e-01 -2.637031e-01) (5.921685e-01 -2.361578e-03 -8.365015e-04))
500.03        	((1.719171e+00 -4.498161e+03 -1.732139e+03) (-5.763029e-03 1.329491e+00 -4.412500e-01)) ((8.489693e+02 6.198907e-01 3.611842e-01) (3.018494e-01 -2.256837e-03 -1.966488e-03))
500.04        	((4.457319e+00 -3.480935e+03 -1.158874e+03) (-5.112940e-03 3.149788e+00 -1.799280e-01)) ((5.161976e+02 8.660128e-01 6.874761e-01) (-3.656381e-01 -2.138675e-03 -3.807314e-03))
500.05        	((1.536249e+00 4.251992e+02 9.183185e+02) (-1.024269e-03 6.254864e+00 4.463419e-01)) ((-3.456552e+02 -3.213084e-01 -1.160420e+00) (-1.294687e+00 -1.402490e-03 -4.430109e-03))
500.06        	((-3.488864e+00 3.608770e+03 2.397632e+03) (8.938756e-03 6.946748e+00 7.413336e-01)) ((-1.065587e+03 -9.416970e-01 -3.294552e+00) (-1.406735e+00 2.390117e-03 -8.134438e-05))
500.07        	((-2.793075e-01 3.952643e+03 2.519303e+03) (-1.013620e-03 5.536911e+00 7.056874e-01)) ((-1.131328e+03 1.670930e+00 9.093299e-01) (-7.990959e-01 -1.827799e-04 3.053085e-03))
500.08        	((-1.737696e+00 2.206882e+03 1.803931e+03) (6.626563e-02 2.503185e+00 5.809597e-01)) ((-7.005602e+02 2.200336e-01 2.008666e+00) (3.603314e-01 2.741644e-02 4.184394e-02))
500.09        	((4.631940e+00 3.692110e+02 1.087569e+03) (1.192219e-02 1.251188e+00 6.723652e-01)) ((-2.577955e+02 6.539569e-01 4.127339e+00) (6.903877e-01 3.656485e-03 1.593770e-02))
500.1         	((9.656731e+00 -2.775960e+02 8.236715e+02) (-6.918504e-02 3.050907e+00 9.747626e-01)) ((-1.179436e+02 1.572388e+00 3.078496e+00) (-1.388970e-01 -2.570790e-02 -3.565518e-02))
500.11        	((1.164259e+01 2.709036e+02 9.656785e+02) (-1.098471e-01 5.409058e+00 1.317889e+00)) ((-2.715553e+02 3.065694e+00 2.014898e+00) (-1.063051e+00 -3.629968e-02 -6.430504e-02))
500.12        	((7.047379e+00 1.138452e+03 1.248365e+03) (-1.118992e-01 6.781718e+00 1.538387e+00)) ((-4.801131e+02 2.542662e+00 1.090371e+00) (-1.538397e+00 -3.006020e-02 -6.303099e-02))
500.13        	((-2.217896e+00 1.638545e+03 1.432573e+03) (-7.496319e-02 6.435987e+00 1.699545e+00)) ((-5.796801e+02 -5.398183e-01 -9.371846e-01) (-1.348259e+00 -1.518430e-02 -3.768871e-02))
500.14        	((-6.759625e+00 1.540932e+03 1.415331e+03) (-4.158772e-02 5.400782e+00 1.820885e+00)) ((-5.232276e+02 -2.478291e+00 -1.925043e+00) (-8.978688e-01 -4.171140e-03 -1.876491e-02))
500.15        	((-4.138703e+00 1.129069e+03 1.258273e+03) (-1.746860e-02 4.822447e+00 1.990822e+00)) ((-4.041253e+02 -2.178243e+00 -1.827456e+00) (-6.637359e-01 1.670303e-03 -1.440716e-02))
500.16        	((1.962081e+00 8.124608e+02 1.085873e+03) (7.809767e-04 4.992017e+00 2.188274e+00)) ((-3.296715e+02 -4.410094e-01 -9.067463e-01) (-7.546366e-01 7.069562e-03 -9.650909e-03))
500.17        	((6.388006e+00 7.816009e+02 9.969292e+02) (8.097191e-03 5.508380e+00 2.328064e+00)) ((-3.347604e+02 1.051344e+00 5.917102e-02) (-9.784882e-01 9.550498e-03 -5.666344e-03))
500.18        	((6.853564e+00 9.591576e+02 1.009593e+03) (8.131873e-03 5.889071e+00 2.382574e+00)) ((-3.843342e+02 1.380032e+00 6.318910e-01) (-1.129840e+00 8.250302e-03 -5.222554e-03))
500.19        	((4.265056e+00 1.147702e+03 1.069302e+03) (-6.747957e-04 6.013081e+00 2.394945e+00)) ((-4.211380e+02 6.577587e-01 5.104782e-01) (-1.134794e+00 4.961805e-03 -6.668319e-03))
500.2         	((1.119218e+00 1.212773e+03 1.107204e+03) (-9.400025e-03 5.976379e+00 2.406661e+00)) ((-4.168723e+02 -2.665374e-01 -6.108205e-02) (-1.056956e+00 2.567545e-03 -1.139465e-02))
500.21        	((-3.929834e-01 1.153234e+03 1.091171e+03) (-1.238029e-02 5.939135e+00 2.428952e+00)) ((-3.840789e+02 -6.352437e-01 -5.387621e-01) (-9.838448e-01 2.182810e-04 -1.330207e-02))
500.22        	((8.993653e-02 1.054887e+03 1.037909e+03) (-1.017781e-02 5.973952e+00 2.444975e+00)) ((-3.529654e+02 -4.677735e-01 -7.018454e-01) (-9.544845e-01 7.883571e-04 -1.465189e-02))
500.23        	((1.443499e+00 9.994923e+02 9.870538e+02) (-8.765044e-03 6.053349e+00 2.441944e+00)) ((-3.425621e+02 -1.228118e-01 -5.438762e-01) (-9.568571e-01 1.842429e-03 -1.484890e-02))
500.24        	((2.289082e+00 1.009798e+03 9.658826e+02) (-6.047713e-03 6.126363e+00 2.416058e+00)) ((-3.503622e+02 1.014978e-01 -2.953463e-01) (-9.597811e-01 2.117256e-03 -1.462289e-02))
500.25        	((2.103670e+00 1.055519e+03 9.737459e+02) (-6.636766e-03 6.152989e+00 2.376870e+00)) ((-3.613959e+02 7.216576e-02 -1.834000e-01) (-9.388246e-01 1.844497e-03 -1.472094e-02))
500.26        	((1.129405e+00 1.093197e+03 9.912242e+02) (-7.483374e-03 6.141171e+00 2.339275e+00)) ((-3.635838e+02 -9.409827e-02 -2.418220e-01) (-8.951592e-01 1.712686e-03 -1.453994e-02))
500.27        	((-5.127719e-03 1.099945e+03 9.999949e+02) (-6.850573e-03 6.106399e+00 2.306889e+00)) ((-3.557106e+02 -2.728859e-01 -4.114420e-01) (-8.433378e-01 1.822669e-03 -1.481439e-02))
500.28        	((-7.423806e-01 1.081431e+03 9.942313e+02) (-6.796898e-03 6.074759e+00 2.281043e+00)) ((-3.444628e+02 -3.677374e-01 -5.639578e-01) (-7.949020e-01 1.891382e-03 -1.458844e-02))
500.29        	((-9.645958e-01 1.058147e+03 9.807001e+02) (-5.352024e-03 6.049818e+00 2.257223e+00)) ((-3.370014e+02 -3.673954e-01 -6.316951e-01) (-7.542331e-01 2.262007e-03 -1.414344e-02))
500.3         	((-8.171090e-01 1.046943e+03 9.698023e+02) (-4.156216e-03 6.029488e+00 2.231476e+00)) ((-3.356755e+02 -3.054250e-01 -5.980131e-01) (-7.201865e-01 2.651654e-03 -1.288297e-02))
500.31        	((-5.895834e-01 1.051043e+03 9.664301e+02) (-4.011386e-03 6.006621e+00 2.205212e+00)) ((-3.378138e+02 -2.325370e-01 -5.082445e-01) (-6.882946e-01 2.674840e-03 -1.243177e-02))
500.32        	((-5.174796e-01 1.062692e+03 9.686258e+02) (-5.657907e-03 5.969616e+00 2.173551e+00)) ((-3.392331e+02 -1.756910e-01 -4.134975e-01) (-6.487819e-01 9.453306e-04 -1.173562e-02))
500.33        	((-7.065434e-01 1.072130e+03 9.711058e+02) (-3.452177e-03 5.928401e+00 2.154404e+00)) ((-3.376993e+02 -1.520022e-01 -3.791701e-01) (-6.110657e-01 2.614859e-03 -1.049048e-02))
500.34        	((-1.135253e+00 1.074358e+03 9.701872e+02) (-3.838145e-03 5.887912e+00 2.145197e+00)) ((-3.338683e+02 -1.883472e-01 -4.329895e-01) (-5.767502e-01 2.573339e-03 -9.986249e-03))
500.35        	((-1.592565e+00 1.070828e+03 9.656129e+02) (-3.171034e-03 5.849299e+00 2.138890e+00)) ((-3.298792e+02 -2.426761e-01 -5.113739e-01) (-5.440320e-01 2.660339e-03 -9.171116e-03))
500.36        	((-1.893187e+00 1.066608e+03 9.596810e+02) (-2.895170e-03 5.814768e+00 2.135882e+00)) ((-3.274705e+02 -2.827251e-01 -5.681984e-01) (-5.157005e-01 2.783851e-03 -8.416381e-03))
500.37        	((-2.030646e+00 1.065747e+03 9.549019e+02) (-1.481568e-03 5.783609e+00 2.133056e+00)) ((-3.267905e+02 -2.892109e-01 -5.590515e-01) (-4.908979e-01 2.905159e-03 -7.425627e-03))
500.38        	((-2.078161e+00 1.068901e+03 9.517639e+02) (-2.067981e-03 5.752734e+00 2.131382e+00)) ((-3.266924e+02 -2.787706e-01 -5.324565e-01) (-4.675095e-01 2.567372e-03 -6.972755e-03))
500.39        	((-2.117894e+00 1.073891e+03 9.493636e+02) (-1.022509e-03 5.720842e+00 2.128419e+00)) ((-3.259541e+02 -2.509997e-01 -4.878718e-01) (-4.436505e-01 2.578570e-03 -6.039332e-03))
500.4         	((-2.208830e+00 1.078298e+03 9.463237e+02) (-1.642461e-03 5.689969e+00 2.126720e+00)) ((-3.241623e+02 -2.361239e-01 -4.795449e-01) (-4.201208e-01 2.136757e-03 -5.658909e-03))
500.41        	((-2.380982e+00 1.080676e+03 9.419254e+02) (-1.443636e-03 5.659925e+00 2.125681e+00)) ((-3.215715e+02 -2.448065e-01 -4.987744e-01) (-3.968395e-01 1.811717e-03 -5.144811e-03))
500.42        	((-2.545546e+00 1.081677e+03 9.365767e+02) (-1.880253e-03 5.631960e+00 2.126601e+00)) ((-3.189141e+02 -2.641567e-01 -5.349972e-01) (-3.749648e-01 1.269118e-03 -4.841703e-03))
500.43        	((-2.647927e+00 1.082771e+03 9.311099e+02) (-1.810131e-03 5.606791e+00 2.128939e+00)) ((-3.166789e+02 -2.705426e-01 -5.610961e-01) (-3.551333e-01 9.837451e-04 -4.223143e-03))
500.44        	((-2.684606e+00 1.084967e+03 9.260322e+02) (-2.069611e-03 5.582080e+00 2.132976e+00)) ((-3.149756e+02 -2.520454e-01 -5.878962e-01) (-3.363512e-01 8.710427e-04 -3.053558e-03))
500.45        	((-2.832941e+00 1.088334e+03 9.214642e+02) (-1.670229e-03 5.561512e+00 2.137032e+00)) ((-3.135846e+02 -2.521706e-01 -6.264999e-01) (-3.196140e-01 5.642242e-04 -3.562157e-03))
500.46        	((-2.918007e+00 1.092219e+03 9.170993e+02) (-2.124133e-03 5.540470e+00 2.137577e+00)) ((-3.121464e+02 -2.447889e-01 -6.349299e-01) (-3.009024e-01 1.981684e-04 -3.277308e-03))
500.47        	((-3.025143e+00 1.096017e+03 9.125550e+02) (-1.010004e-03 5.523420e+00 2.143438e+00)) ((-3.104953e+02 -2.760684e-01 -6.314847e-01) (-2.858644e-01 1.182161e-03 -2.772213e-03))
500.48        	((-3.236302e+00 1.099162e+03 9.076863e+02) (-8.968398e-04 5.510245e+00 2.157270e+00)) ((-3.085211e+02 -3.514383e-01 -6.705051e-01) (-2.760598e-01 9.120190e-04 -2.294485e-03))
500.49        	((-3.371474e+00 1.101692e+03 9.027259e+02) (-1.244012e-03 5.498792e+00 2.168600e+00)) ((-3.063470e+02 -3.888774e-01 -7.050371e-01) (-2.654520e-01 7.623964e-04 -2.018895e-03))
500.5         	((-3.483711e+00 1.103996e+03 8.978248e+02) (-1.372923e-03 5.490401e+00 2.179113e+00)) ((-3.041571e+02 -4.208136e-01 -7.425381e-01) (-2.558089e-01 7.168932e-04 -1.716275e-03))
500.51        	((-3.586891e+00 1.106344e+03 8.931307e+02) (-1.794135e-03 5.484597e+00 2.188708e+00)) ((-3.020359e+02 -4.636496e-01 -7.818256e-01) (-2.475508e-01 6.619924e-04 -1.553289e-03))
500.52        	((-3.670957e+00 1.108755e+03 8.887133e+02) (-2.090699e-03 5.481993e+00 2.198125e+00)) ((-2.999985e+02 -5.168424e-01 -8.103721e-01) (-2.407429e-01 6.329082e-04 -1.472867e-03))
500.53        	((-3.750157e+00 1.111002e+03 8.845354e+02) (-2.321164e-03 5.481959e+00 2.206938e+00)) ((-2.980054e+02 -5.702720e-01 -8.277495e-01) (-2.350206e-01 5.759488e-04 -1.348039e-03))
500.54        	((-3.844600e+00 1.112909e+03 8.804907e+02) (-2.639780e-03 5.484116e+00 2.215028e+00)) ((-2.959977e+02 -6.284020e-01 -8.508355e-01) (-2.299634e-01 5.632776e-04 -1.246425e-03))
500.55        	((-3.965804e+00 1.114423e+03 8.765091e+02) (-2.984282e-03 5.488283e+00 2.222087e+00)) ((-2.939379e+02 -6.927893e-01 -8.845469e-01) (-2.254138e-01 5.065856e-04 -1.217123e-03))
500.56        	((-4.071309e+00 1.115621e+03 8.726292e+02) (-3.486468e-03 5.494370e+00 2.228252e+00)) ((-2.918447e+02 -7.570638e-01 -9.162915e-01) (-2.215023e-01 3.998048e-04 -1.238151e-03))
500.57        	((-4.159919e+00 1.116627e+03 8.689913e+02) (-3.890081e-03 5.501935e+00 2.233328e+00)) ((-2.897941e+02 -8.149532e-01 -9.461759e-01) (-2.181355e-01 2.993581e-04 -1.364850e-03))
500.58        	((-4.257417e+00 1.117510e+03 8.656781e+02) (-4.026158e-03 5.510713e+00 2.237950e+00)) ((-2.878465e+02 -8.722481e-01 -9.846387e-01) (-2.156303e-01 3.145100e-04 -1.471502e-03))
500.59        	((-4.375924e+00 1.118259e+03 8.626389e+02) (-3.891522e-03 5.519678e+00 2.241744e+00)) ((-2.859944e+02 -9.369922e-01 -1.033813e+00) (-2.135481e-01 3.845128e-04 -1.503155e-03))
500.6         	((-4.502433e+00 1.118805e+03 8.597331e+02) (-3.862303e-03 5.528709e+00 2.244571e+00)) ((-2.841805e+02 -1.006553e+00 -1.086308e+00) (-2.115156e-01 3.720016e-04 -1.553086e-03))
500.61        	((-4.626438e+00 1.119108e+03 8.569034e+02) (-3.921795e-03 5.537627e+00 2.246639e+00)) ((-2.823788e+02 -1.079431e+00 -1.136379e+00) (-2.093266e-01 3.162480e-04 -1.595815e-03))
500.62        	((-4.735288e+00 1.119188e+03 8.542433e+02) (-4.007288e-03 5.546987e+00 2.247888e+00)) ((-2.806176e+02 -1.151326e+00 -1.180267e+00) (-2.072454e-01 2.347697e-04 -1.683128e-03))
500.63        	((-4.826752e+00 1.119118e+03 8.518871e+02) (-4.059632e-03 5.556640e+00 2.248615e+00)) ((-2.789563e+02 -1.217664e+00 -1.218623e+00) (-2.052336e-01 1.530988e-04 -1.764877e-03))
500.64        	((-4.898546e+00 1.118950e+03 8.498949e+02) (-4.233954e-03 5.566239e+00 2.248897e+00)) ((-2.774224e+02 -1.274338e+00 -1.251146e+00) (-2.032674e-01 6.392787e-05 -1.835105e-03))
500.65        	((-4.959587e+00 1.118722e+03 8.482755e+02) (-4.499567e-03 5.575860e+00 2.248889e+00)) ((-2.760348e+02 -1.320688e+00 -1.278711e+00) (-2.013786e-01 -3.282409e-05 -1.888864e-03))
500.66        	((-5.004244e+00 1.118387e+03 8.469434e+02) (-4.938560e-03 5.585296e+00 2.248599e+00)) ((-2.747467e+02 -1.360423e+00 -1.299335e+00) (-1.995298e-01 -1.657945e-04 -1.945679e-03))
500.67        	((-5.036492e+00 1.117931e+03 8.458325e+02) (-5.254719e-03 5.594660e+00 2.248373e+00)) ((-2.735326e+02 -1.396847e+00 -1.315491e+00) (-1.976486e-01 -2.601264e-04 -2.011600e-03))
500.68        	((-5.051557e+00 1.117396e+03 8.449670e+02) (-5.623851e-03 5.603274e+00 2.248006e+00)) ((-2.724210e+02 -1.434459e+00 -1.332844e+00) (-1.958757e-01 -2.918733e-04 -2.033947e-03))
500.69        	((-5.060393e+00 1.116826e+03 8.443371e+02) (-5.614123e-03 5.611821e+00 2.248223e+00)) ((-2.714140e+02 -1.465456e+00 -1.344472e+00) (-1.936894e-01 -3.006406e-04 -2.140598e-03))
500.7         	((-5.061886e+00 1.116275e+03 8.439614e+02) (-5.561298e-03 5.619331e+00 2.248287e+00)) ((-2.705440e+02 -1.494313e+00 -1.354641e+00) (-1.918256e-01 -3.206259e-04 -2.282333e-03))
500.71        	((-5.027897e+00 1.115742e+03 8.438332e+02) (-5.852254e-03 5.626962e+00 2.249011e+00)) ((-2.697915e+02 -1.525268e+00 -1.365574e+00) (-1.898213e-01 -3.240005e-04 -2.199011e-03))
500.72        	((-4.998901e+00 1.115186e+03 8.438925e+02) (-5.745169e-03 5.634099e+00 2.249784e+00)) ((-2.691376e+02 -1.548694e+00 -1.372774e+00) (-1.880766e-01 -3.309148e-04 -2.244305e-03))
500.73        	((-4.964354e+00 1.114574e+03 8.440865e+02) (-5.702525e-03 5.640638e+00 2.250772e+00)) ((-2.685503e+02 -1.572108e+00 -1.382525e+00) (-1.862778e-01 -2.655267e-04 -2.257517e-03))
500.74        	((-4.932004e+00 1.113922e+03 8.443846e+02) (-5.610318e-03 5.646664e+00 2.252002e+00)) ((-2.680283e+02 -1.599776e+00 -1.401374e+00) (-1.843970e-01 -2.120336e-04 -2.285094e-03))
500.75        	((-4.910165e+00 1.113272e+03 8.447810e+02) (-5.353113e-03 5.652501e+00 2.253323e+00)) ((-2.675741e+02 -1.629573e+00 -1.426621e+00) (-1.825364e-01 -1.922217e-04 -2.383228e-03))
500.76        	((-4.889811e+00 1.112667e+03 8.452684e+02) (-5.167214e-03 5.658320e+00 2.254883e+00)) ((-2.671928e+02 -1.660623e+00 -1.454170e+00) (-1.807714e-01 -1.828970e-04 -2.491547e-03))
500.77        	((-4.862409e+00 1.112123e+03 8.458294e+02) (-5.043666e-03 5.664028e+00 2.256608e+00)) ((-2.668776e+02 -1.691792e+00 -1.481735e+00) (-1.791786e-01 -1.986473e-04 -2.583945e-03))
500.78        	((-4.840460e+00 1.111643e+03 8.464440e+02) (-4.778300e-03 5.669664e+00 2.258424e+00)) ((-2.666175e+02 -1.718976e+00 -1.507641e+00) (-1.777365e-01 -2.458182e-04 -2.731578e-03))
500.79        	((-4.784877e+00 1.111233e+03 8.471026e+02) (-4.778879e-03 5.674778e+00 2.260301e+00)) ((-2.664080e+02 -1.754816e+00 -1.542104e+00) (-1.765352e-01 -2.055511e-04 -2.668401e-03))
500.8         	((-4.777031e+00 1.110868e+03 8.477821e+02) (-4.135044e-03 5.679783e+00 2.262211e+00)) ((-2.662369e+02 -1.776825e+00 -1.568587e+00) (-1.754063e-01 -3.548845e-04 -2.990065e-03))
500.81        	((-4.689675e+00 1.110519e+03 8.484671e+02) (-5.610881e-03 5.683163e+00 2.264109e+00)) ((-2.660889e+02 -1.821239e+00 -1.610460e+00) (-1.747927e-01 3.224914e-05 -2.235513e-03))
500.82        	((-4.662612e+00 1.110190e+03 8.491524e+02) (-3.293216e-03 5.686828e+00 2.266204e+00)) ((-2.659527e+02 -1.845937e+00 -1.641452e+00) (-1.741042e-01 -6.642487e-04 -3.711833e-03))
500.83        	((-4.638697e+00 1.109910e+03 8.498413e+02) (-4.298173e-03 5.692547e+00 2.268520e+00)) ((-2.658324e+02 -1.867316e+00 -1.665313e+00) (-1.728174e-01 -3.475883e-04 -3.104826e-03))
500.84        	((-4.592154e+00 1.109680e+03 8.505368e+02) (-4.380666e-03 5.696938e+00 2.271128e+00)) ((-2.657398e+02 -1.891216e+00 -1.691012e+00) (-1.719030e-01 -3.315871e-04 -3.123907e-03))
500.85        	((-4.524760e+00 1.109504e+03 8.512354e+02) (-4.743791e-03 5.699724e+00 2.274071e+00)) ((-2.656709e+02 -1.916761e+00 -1.718655e+00) (-1.713218e-01 -3.081038e-04 -3.083161e-03))
500.86        	((-4.452797e+00 1.109384e+03 8.519194e+02) (-4.620216e-03 5.703813e+00 2.277089e+00)) ((-2.656114e+02 -1.942366e+00 -1.745264e+00) (-1.703539e-01 -4.625966e-04 -3.247995e-03))
500.87        	((-4.376454e+00 1.109275e+03 8.525764e+02) (-4.949581e-03 5.706301e+00 2.280284e+00)) ((-2.655575e+02 -1.966123e+00 -1.771575e+00) (-1.698249e-01 -4.674319e-04 -3.244692e-03))
500.88        	((-4.303822e+00 1.109198e+03 8.532104e+02) (-5.007901e-03 5.709518e+00 2.283402e+00)) ((-2.654964e+02 -1.987822e+00 -1.794790e+00) (-1.691144e-01 -6.021793e-04 -3.366187e-03))
500.89        	((-4.218074e+00 1.109144e+03 8.538376e+02) (-6.350423e-03 5.710146e+00 2.286811e+00)) ((-2.654313e+02 -2.009290e+00 -1.819567e+00) (-1.690410e-01 -3.464299e-04 -2.877275e-03))
500.9         	((-4.120899e+00 1.109158e+03 8.544573e+02) (-5.955166e-03 5.714414e+00 2.289831e+00)) ((-2.653610e+02 -2.034737e+00 -1.846785e+00) (-1.680205e-01 -6.831375e-04 -3.362028e-03))
500.91        	((-4.033044e+00 1.109212e+03 8.550666e+02) (-6.459477e-03 5.716631e+00 2.292956e+00)) ((-2.652978e+02 -2.056042e+00 -1.872178e+00) (-1.675520e-01 -7.181381e-04 -3.359568e-03))
500.92        	((-3.955039e+00 1.109316e+03 8.556429e+02) (-6.533970e-03 5.719498e+00 2.295914e+00)) ((-2.652407e+02 -2.076873e+00 -1.894349e+00) (-1.669144e-01 -8.880147e-04 -3.532779e-03))
500.93        	((-3.871073e+00 1.109435e+03 8.561840e+02) (-6.557783e-03 5.719724e+00 2.299012e+00)) ((-2.651778e+02 -2.099433e+00 -1.918420e+00) (-1.669678e-01 -1.113994e-03 -3.842376e-03))
500.94        	((-3.805828e+00 1.109599e+03 8.566823e+02) (-7.205379e-03 5.723836e+00 2.301442e+00)) ((-2.651012e+02 -2.119019e+00 -1.937867e+00) (-1.660374e-01 -1.157686e-03 -3.719325e-03))
500.95        	((-3.713296e+00 1.109780e+03 8.571389e+02) (-7.947640e-03 5.725923e+00 2.303994e+00)) ((-2.650224e+02 -2.145353e+00 -1.964832e+00) (-1.656083e-01 -1.165943e-03 -3.621767e-03))
500.96        	((-3.623190e+00 1.110000e+03 8.575634e+02) (-8.323709e-03 5.727752e+00 2.306538e+00)) ((-2.649400e+02 -2.172171e+00 -1.992282e+00) (-1.651978e-01 -1.324403e-03 -3.694390e-03))
500.97        	((-3.537613e+00 1.110270e+03 8.579603e+02) (-8.829376e-03 5.730001e+00 2.308866e+00)) ((-2.648541e+02 -2.197015e+00 -2.019588e+00) (-1.646912e-01 -1.435676e-03 -3.738577e-03))
500.98        	((-3.466584e+00 1.110560e+03 8.583301e+02) (-9.557411e-03 5.730099e+00 2.311440e+00)) ((-2.647675e+02 -2.218564e+00 -2.044167e+00) (-1.646968e-01 -1.459013e-03 -3.649284e-03))
500.99        	((-3.393849e+00 1.110884e+03 8.586613e+02) (-9.654342e-03 5.733525e+00 2.313144e+00)) ((-2.646749e+02 -2.242488e+00 -2.070252e+00) (-1.639646e-01 -1.675073e-03 -3.877173e-03))
501           	((-3.337751e+00 1.111203e+03 8.589516e+02) (-9.930537e-03 5.735238e+00 2.315120e+00)) ((-2.645833e+02 -2.264536e+00 -2.092755e+00) (-1.636218e-01 -1.825215e-03 -3.982717e-03))
501.01        	((-3.293168e+00 1.111526e+03 8.592030e+02) (-9.656993e-03 5.735912e+00 2.317217e+00)) ((-2.644904e+02 -2.285524e+00 -2.113120e+00) (-1.635214e-01 -2.142901e-03 -4.373490e-03))
501.02        	((-3.247535e+00 1.111876e+03 8.594152e+02) (-1.031881e-02 5.738799e+00 2.318781e+00)) ((-2.643949e+02 -2.307156e+00 -2.131581e+00) (-1.629330e-01 -2.154702e-03 -4.250288e-03))
501.03        	((-3.198564e+00 1.112228e+03 8.595974e+02) (-1.072590e-02 5.740574e+00 2.320479e+00)) ((-2.643007e+02 -2.329182e+00 -2.150781e+00) (-1.626236e-01 -2.247740e-03 -4.281489e-03))
501.04        	((-3.156177e+00 1.112581e+03 8.597546e+02) (-1.065182e-02 5.740402e+00 2.322455e+00)) ((-2.642048e+02 -2.348799e+00 -2.168714e+00) (-1.627599e-01 -2.493342e-03 -4.554985e-03))
501.05        	((-3.123320e+00 1.112951e+03 8.598893e+02) (-1.121844e-02 5.743773e+00 2.323509e+00)) ((-2.641002e+02 -2.364771e+00 -2.182781e+00) (-1.621351e-01 -2.542884e-03 -4.466499e-03))
501.06        	((-3.090403e+00 1.113303e+03 8.600009e+02) (-1.150437e-02 5.745515e+00 2.324831e+00)) ((-2.639976e+02 -2.380023e+00 -2.195691e+00) (-1.618791e-01 -2.682806e-03 -4.545641e-03))
501.07        	((-3.064601e+00 1.113650e+03 8.600907e+02) (-1.121819e-02 5.746468e+00 2.326283e+00)) ((-2.638965e+02 -2.392588e+00 -2.205128e+00) (-1.617808e-01 -3.004501e-03 -4.920082e-03))
501.08        	((-3.023927e+00 1.114006e+03 8.601603e+02) (-1.327996e-02 5.747679e+00 2.327585e+00)) ((-2.637935e+02 -2.407928e+00 -2.213600e+00) (-1.616306e-01 -2.538435e-03 -4.112096e-03))
501.09        	((-2.984059e+00 1.114362e+03 8.602098e+02) (-1.263296e-02 5.750203e+00 2.328415e+00)) ((-2.636878e+02 -2.423188e+00 -2.225034e+00) (-1.612235e-01 -2.987543e-03 -4.643055e-03))
501.1         	((-2.951696e+00 1.114700e+03 8.602428e+02) (-1.276241e-02 5.751774e+00 2.329412e+00)) ((-2.635824e+02 -2.433451e+00 -2.232471e+00) (-1.610185e-01 -3.159367e-03 -4.777613e-03))
501.11        	((-2.924225e+00 1.115027e+03 8.602632e+02) (-1.125669e-02 5.751457e+00 2.330809e+00)) ((-2.634772e+02 -2.439015e+00 -2.236694e+00) (-1.611894e-01 -3.853322e-03 -5.742684e-03))
501.12        	((-2.898374e+00 1.115371e+03 8.602862e+02) (-1.358962e-02 5.753748e+00 2.331450e+00)) ((-2.633679e+02 -2.439660e+00 -2.234715e+00) (-1.607686e-01 -3.249224e-03 -4.808715e-03))
501.13        	((-2.833792e+00 1.115703e+03 8.603037e+02) (-1.369776e-02 5.756029e+00 2.331892e+00)) ((-2.632648e+02 -2.450082e+00 -2.241746e+00) (-1.603778e-01 -3.404928e-03 -5.004448e-03))
501.14        	((-2.750488e+00 1.116025e+03 8.603091e+02) (-1.377342e-02 5.757766e+00 2.332653e+00)) ((-2.631667e+02 -2.460500e+00 -2.246264e+00) (-1.601555e-01 -3.378490e-03 -4.954982e-03))
501.15        	((-2.663564e+00 1.116326e+03 8.603125e+02) (-1.393970e-02 5.759427e+00 2.333254e+00)) ((-2.630626e+02 -2.467512e+00 -2.250646e+00) (-1.598898e-01 -3.389890e-03 -5.008722e-03))
501.16        	((-2.582408e+00 1.116622e+03 8.603029e+02) (-1.376862e-02 5.761106e+00 2.333914e+00)) ((-2.629565e+02 -2.466759e+00 -2.251334e+00) (-1.596786e-01 -3.370964e-03 -5.039077e-03))
501.17        	((-2.504957e+00 1.116911e+03 8.602841e+02) (-1.365774e-02 5.762600e+00 2.334483e+00)) ((-2.628502e+02 -2.460449e+00 -2.250436e+00) (-1.594994e-01 -3.377506e-03 -5.110673e-03))
501.18        	((-2.420025e+00 1.117203e+03 8.602516e+02) (-1.332577e-02 5.763960e+00 2.335220e+00)) ((-2.627469e+02 -2.452315e+00 -2.247539e+00) (-1.593851e-01 -3.360043e-03 -5.134604e-03))
501.19        	((-2.321318e+00 1.117492e+03 8.602199e+02) (-1.307893e-02 5.765170e+00 2.335941e+00)) ((-2.626432e+02 -2.446717e+00 -2.246024e+00) (-1.592344e-01 -3.347186e-03 -5.170643e-03))
501.2         	((-2.214927e+00 1.117786e+03 8.601857e+02) (-1.273939e-02 5.766413e+00 2.336793e+00)) ((-2.625405e+02 -2.441422e+00 -2.242556e+00) (-1.591062e-01 -3.308522e-03 -5.156485e-03))
501.21        	((-2.108173e+00 1.118071e+03 8.601522e+02) (-1.255516e-02 5.767655e+00 2.337552e+00)) ((-2.624379e+02 -2.435428e+00 -2.240070e+00) (-1.589593e-01 -3.296010e-03 -5.178970e-03))
501.22        	((-2.007155e+00 1.118359e+03 8.601081e+02) (-1.232291e-02 5.768967e+00 2.338290e+00)) ((-2.623388e+02 -2.427134e+00 -2.235630e+00) (-1.588612e-01 -3.287872e-03 -5.185528e-03))
501.23        	((-1.912052e+00 1.118641e+03 8.600567e+02) (-1.225566e-02 5.770264e+00 2.338847e+00)) ((-2.622392e+02 -2.417996e+00 -2.232109e+00) (-1.587652e-01 -3.327053e-03 -5.237297e-03))
501.24        	((-1.819798e+00 1.118922e+03 8.599929e+02) (-1.208314e-02 5.771561e+00 2.339394e+00)) ((-2.621386e+02 -2.407247e+00 -2.226513e+00) (-1.587136e-01 -3.358277e-03 -5.267291e-03))
501.25        	((-1.726206e+00 1.119197e+03 8.599233e+02) (-1.200973e-02 5.772808e+00 2.339816e+00)) ((-2.620337e+02 -2.394757e+00 -2.220740e+00) (-1.586642e-01 -3.437943e-03 -5.341028e-03))
501.26        	((-1.636553e+00 1.119481e+03 8.598490e+02) (-1.181488e-02 5.774038e+00 2.340332e+00)) ((-2.619339e+02 -2.379670e+00 -2.212237e+00) (-1.586530e-01 -3.517864e-03 -5.403605e-03))
501.27        	((-1.550965e+00 1.119760e+03 8.597864e+02) (-1.177024e-02 5.775170e+00 2.340770e+00)) ((-2.618384e+02 -2.362457e+00 -2.204262e+00) (-1.586337e-01 -3.648892e-03 -5.504833e-03))
501.28        	((-1.458137e+00 1.120037e+03 8.597459e+02) (-1.158482e-02 5.776257e+00 2.341166e+00)) ((-2.617416e+02 -2.343506e+00 -2.194996e+00) (-1.586186e-01 -3.725133e-03 -5.556945e-03))
501.29        	((-1.354941e+00 1.120319e+03 8.596905e+02) (-1.179599e-02 5.777293e+00 2.341566e+00)) ((-2.616454e+02 -2.322369e+00 -2.187316e+00) (-1.586093e-01 -3.909987e-03 -5.645180e-03))
501.3         	((-1.246781e+00 1.120613e+03 8.596229e+02) (-1.151907e-02 5.778252e+00 2.342029e+00)) ((-2.615536e+02 -2.298796e+00 -2.176933e+00) (-1.586166e-01 -3.928411e-03 -5.655367e-03))
501.31        	((-1.130679e+00 1.120893e+03 8.595686e+02) (-1.169341e-02 5.779243e+00 2.342387e+00)) ((-2.614600e+02 -2.273345e+00 -2.169242e+00) (-1.586731e-01 -4.111416e-03 -5.696735e-03))
501.32        	((-1.005649e+00 1.121190e+03 8.595272e+02) (-1.160930e-02 5.780021e+00 2.342650e+00)) ((-2.613665e+02 -2.245577e+00 -2.160604e+00) (-1.587001e-01 -4.190899e-03 -5.731007e-03))
501.33        	((-8.644158e-01 1.121503e+03 8.594978e+02) (-1.179271e-02 5.780705e+00 2.342804e+00)) ((-2.612714e+02 -2.216079e+00 -2.153623e+00) (-1.587578e-01 -4.369483e-03 -5.766024e-03))
501.34        	((-7.055775e-01 1.121843e+03 8.594757e+02) (-1.165022e-02 5.781181e+00 2.342950e+00)) ((-2.611790e+02 -2.186871e+00 -2.146956e+00) (-1.588629e-01 -4.455284e-03 -5.697893e-03))
501.35        	((-5.340809e-01 1.122203e+03 8.594653e+02) (-1.193552e-02 5.781696e+00 2.343073e+00)) ((-2.610842e+02 -2.154812e+00 -2.142822e+00) (-1.589886e-01 -4.662031e-03 -5.647988e-03))
501.36        	((-3.599437e-01 1.122586e+03 8.594704e+02) (-1.191072e-02 5.782002e+00 2.343173e+00)) ((-2.609906e+02 -2.120133e+00 -2.138897e+00) (-1.590872e-01 -4.729852e-03 -5.594583e-03))
501.37        	((-1.789568e-01 1.122982e+03 8.595100e+02) (-1.220701e-02 5.782291e+00 2.343178e+00)) ((-2.608943e+02 -2.083793e+00 -2.136457e+00) (-1.592589e-01 -4.931385e-03 -5.561292e-03))
501.38        	((1.226522e-02 1.123396e+03 8.595647e+02) (-1.216120e-02 5.782403e+00 2.343171e+00)) ((-2.607998e+02 -2.048409e+00 -2.133342e+00) (-1.594818e-01 -4.998180e-03 -5.488762e-03))
501.39        	((1.963697e-01 1.123820e+03 8.596219e+02) (-1.262247e-02 5.782439e+00 2.343096e+00)) ((-2.607025e+02 -2.008477e+00 -2.127879e+00) (-1.598091e-01 -5.156820e-03 -5.425906e-03))
501.4         	((3.590652e-01 1.124255e+03 8.596733e+02) (-1.263817e-02 5.781918e+00 2.342824e+00)) ((-2.605996e+02 -1.962674e+00 -2.113212e+00) (-1.602499e-01 -5.234911e-03 -5.283965e-03))
501.41        	((4.776027e-01 1.124680e+03 8.597188e+02) (-1.330079e-02 5.782745e+00 2.343256e+00)) ((-2.604972e+02 -1.906969e+00 -2.084663e+00) (-1.602709e-01 -5.161685e-03 -5.391705e-03))
501.42        	((5.779074e-01 1.125099e+03 8.597579e+02) (-1.346481e-02 5.782869e+00 2.343403e+00)) ((-2.604009e+02 -1.847275e+00 -2.044542e+00) (-1.605072e-01 -5.062590e-03 -5.418229e-03))
501.43        	((6.650468e-01 1.125492e+03 8.598010e+02) (-1.374124e-02 5.783138e+00 2.343792e+00)) ((-2.603035e+02 -1.786054e+00 -1.997634e+00) (-1.606880e-01 -5.070366e-03 -5.484649e-03))
501.44        	((7.586570e-01 1.125901e+03 8.598506e+02) (-1.368254e-02 5.783103e+00 2.343990e+00)) ((-2.602072e+02 -1.724921e+00 -1.945504e+00) (-1.609073e-01 -4.991153e-03 -5.640738e-03))
501.45        	((8.738051e-01 1.126308e+03 8.598955e+02) (-1.366725e-02 5.783179e+00 2.344204e+00)) ((-2.601136e+02 -1.664166e+00 -1.894850e+00) (-1.611314e-01 -5.060415e-03 -5.812304e-03))
501.46        	((1.005930e+00 1.126703e+03 8.599290e+02) (-1.334339e-02 5.783777e+00 2.344775e+00)) ((-2.600305e+02 -1.603107e+00 -1.847005e+00) (-1.611290e-01 -5.203213e-03 -5.851411e-03))
501.47        	((1.121918e+00 1.127055e+03 8.599474e+02) (-1.328456e-02 5.784727e+00 2.345457e+00)) ((-2.599534e+02 -1.530917e+00 -1.797169e+00) (-1.610319e-01 -5.443853e-03 -5.954725e-03))
501.48        	((1.201903e+00 1.127416e+03 8.599415e+02) (-1.330924e-02 5.785567e+00 2.346119e+00)) ((-2.598860e+02 -1.447093e+00 -1.740263e+00) (-1.609339e-01 -5.614275e-03 -6.055116e-03))
501.49        	((1.265246e+00 1.127711e+03 8.599393e+02) (-1.350247e-02 5.786384e+00 2.346676e+00)) ((-2.598317e+02 -1.354030e+00 -1.682235e+00) (-1.608849e-01 -5.809015e-03 -6.144578e-03))
501.5         	((1.336183e+00 1.127999e+03 8.599441e+02) (-1.358837e-02 5.787172e+00 2.347244e+00)) ((-2.597824e+02 -1.253986e+00 -1.618766e+00) (-1.608729e-01 -6.018906e-03 -6.251950e-03))
501.51        	((1.417738e+00 1.128309e+03 8.599401e+02) (-1.374577e-02 5.788135e+00 2.347713e+00)) ((-2.597290e+02 -1.159446e+00 -1.554027e+00) (-1.609486e-01 -6.220134e-03 -6.381778e-03))
501.52        	((1.527034e+00 1.128594e+03 8.599747e+02) (-1.392309e-02 5.789413e+00 2.348221e+00)) ((-2.596753e+02 -1.068113e+00 -1.488630e+00) (-1.608749e-01 -6.429425e-03 -6.467396e-03))
501.53        	((1.651539e+00 1.128895e+03 8.599760e+02) (-1.393340e-02 5.790541e+00 2.348659e+00)) ((-2.596217e+02 -9.791106e-01 -1.420072e+00) (-1.608640e-01 -6.591740e-03 -6.553992e-03))
501.54        	((1.781064e+00 1.129176e+03 8.599805e+02) (-1.412747e-02 5.791692e+00 2.349047e+00)) ((-2.595757e+02 -8.929814e-01 -1.352396e+00) (-1.608602e-01 -6.747685e-03 -6.601759e-03))
501.55        	((1.903520e+00 1.129420e+03 8.600122e+02) (-1.428639e-02 5.792794e+00 2.349412e+00)) ((-2.595448e+02 -7.929923e-01 -1.272224e+00) (-1.608323e-01 -6.898160e-03 -6.640339e-03))
501.56        	((2.029201e+00 1.129676e+03 8.600305e+02) (-1.439758e-02 5.793908e+00 2.349736e+00)) ((-2.595174e+02 -6.925950e-01 -1.190375e+00) (-1.608037e-01 -6.968402e-03 -6.658354e-03))
501.57        	((2.151520e+00 1.129929e+03 8.600360e+02) (-1.456740e-02 5.794999e+00 2.350058e+00)) ((-2.594919e+02 -5.982646e-01 -1.111963e+00) (-1.608174e-01 -7.028481e-03 -6.675040e-03))
501.58        	((2.264079e+00 1.130179e+03 8.600405e+02) (-1.472131e-02 5.796057e+00 2.350334e+00)) ((-2.594722e+02 -5.107099e-01 -1.038107e+00) (-1.608061e-01 -7.043515e-03 -6.650033e-03))
501.59        	((2.367556e+00 1.130421e+03 8.600490e+02) (-1.482794e-02 5.797191e+00 2.350609e+00)) ((-2.594570e+02 -4.230772e-01 -9.635489e-01) (-1.608006e-01 -7.075621e-03 -6.635606e-03))
501.6         	((2.451334e+00 1.130634e+03 8.600888e+02) (-1.484994e-02 5.798252e+00 2.350786e+00)) ((-2.594543e+02 -3.157415e-01 -8.701565e-01) (-1.607967e-01 -7.118171e-03 -6.631091e-03))
501.61        	((2.537571e+00 1.130865e+03 8.601141e+02) (-1.480487e-02 5.799362e+00 2.351079e+00)) ((-2.594505e+02 -2.126774e-01 -7.795087e-01) (-1.608006e-01 -7.149897e-03 -6.642013e-03))
501.62        	((2.615369e+00 1.131095e+03 8.601230e+02) (-1.478212e-02 5.800473e+00 2.351398e+00)) ((-2.594477e+02 -1.172769e-01 -6.948631e-01) (-1.608016e-01 -7.193283e-03 -6.656025e-03))
501.63        	((2.676220e+00 1.131312e+03 8.601227e+02) (-1.475564e-02 5.801584e+00 2.351676e+00)) ((-2.594495e+02 -2.623623e-02 -6.153301e-01) (-1.608248e-01 -7.233475e-03 -6.680903e-03))
501.64        	((2.720029e+00 1.131509e+03 8.601202e+02) (-1.475399e-02 5.802700e+00 2.351930e+00)) ((-2.594580e+02 6.299673e-02 -5.398696e-01) (-1.608306e-01 -7.256614e-03 -6.688330e-03))
501.65        	((2.751313e+00 1.131682e+03 8.601175e+02) (-1.478418e-02 5.803827e+00 2.352164e+00)) ((-2.594736e+02 1.527670e-01 -4.662065e-01) (-1.608460e-01 -7.274598e-03 -6.691682e-03))
501.66        	((2.773486e+00 1.131833e+03 8.601130e+02) (-1.482357e-02 5.804996e+00 2.352380e+00)) ((-2.594953e+02 2.421743e-01 -3.940729e-01) (-1.608777e-01 -7.271609e-03 -6.677310e-03))
501.67        	((2.788569e+00 1.131970e+03 8.601077e+02) (-1.482094e-02 5.806119e+00 2.352636e+00)) ((-2.595208e+02 3.311377e-01 -3.226396e-01) (-1.608986e-01 -7.253550e-03 -6.654738e-03))
501.68        	((2.797477e+00 1.132093e+03 8.601010e+02) (-1.478657e-02 5.807171e+00 2.352925e+00)) ((-2.595468e+02 4.173586e-01 -2.536763e-01) (-1.608829e-01 -7.236982e-03 -6.633493e-03))
501.69        	((2.804560e+00 1.132197e+03 8.600863e+02) (-1.474340e-02 5.808180e+00 2.353231e+00)) ((-2.595721e+02 5.012433e-01 -1.888177e-01) (-1.608496e-01 -7.237941e-03 -6.625272e-03))
501.7         	((2.807317e+00 1.132296e+03 8.600737e+02) (-1.469604e-02 5.809201e+00 2.353539e+00)) ((-2.595992e+02 5.819774e-01 -1.280532e-01) (-1.608185e-01 -7.245497e-03 -6.622140e-03))
501.71        	((2.807299e+00 1.132394e+03 8.600645e+02) (-1.464646e-02 5.810254e+00 2.353854e+00)) ((-2.596291e+02 6.589289e-01 -7.191074e-02) (-1.608009e-01 -7.253282e-03 -6.619123e-03))
501.72        	((2.807316e+00 1.132489e+03 8.600572e+02) (-1.459299e-02 5.811309e+00 2.354185e+00)) ((-2.596609e+02 7.322116e-01 -2.012762e-02) (-1.607788e-01 -7.259393e-03 -6.611586e-03))
501.73        	((2.811226e+00 1.132573e+03 8.600469e+02) (-1.454215e-02 5.812320e+00 2.354517e+00)) ((-2.596918e+02 8.032074e-01 2.825940e-02) (-1.607221e-01 -7.273740e-03 -6.600081e-03))
501.74        	((2.834856e+00 1.132620e+03 8.600559e+02) (-1.447968e-02 5.813303e+00 2.354821e+00)) ((-2.597106e+02 8.687806e-01 7.276252e-02) (-1.606300e-01 -7.303181e-03 -6.581075e-03))
501.75        	((2.846146e+00 1.132675e+03 8.600613e+02) (-1.440384e-02 5.814292e+00 2.355115e+00)) ((-2.597360e+02 9.331137e-01 1.165780e-01) (-1.605404e-01 -7.332177e-03 -6.569019e-03))
501.76        	((2.848581e+00 1.132759e+03 8.600674e+02) (-1.433117e-02 5.815297e+00 2.355382e+00)) ((-2.597801e+02 9.974024e-01 1.549272e-01) (-1.604516e-01 -7.365073e-03 -6.555973e-03))
501.77        	((2.868000e+00 1.132824e+03 8.600801e+02) (-1.437356e-02 5.816349e+00 2.355708e+00)) ((-2.598118e+02 1.055739e+00 1.903196e-01) (-1.603854e-01 -7.426405e-03 -6.570290e-03))
501.78        	((2.892611e+00 1.132898e+03 8.601082e+02) (-1.440080e-02 5.817399e+00 2.356062e+00)) ((-2.598501e+02 1.107165e+00 2.189657e-01) (-1.603185e-01 -7.482644e-03 -6.588770e-03))
501.79        	((2.906427e+00 1.132990e+03 8.601139e+02) (-1.443715e-02 5.818362e+00 2.356401e+00)) ((-2.598935e+02 1.158457e+00 2.452306e-01) (-1.602089e-01 -7.550489e-03 -6.601623e-03))
501.8         	((2.926008e+00 1.133069e+03 8.601262e+02) (-1.448797e-02 5.819353e+00 2.356695e+00)) ((-2.599292e+02 1.207198e+00 2.716664e-01) (-1.600998e-01 -7.638635e-03 -6.621067e-03))
501.81        	((2.943652e+00 1.133156e+03 8.601617e+02) (-1.452523e-02 5.820347e+00 2.357001e+00)) ((-2.599679e+02 1.250411e+00 2.963944e-01) (-1.599966e-01 -7.727947e-03 -6.642078e-03))
501.82        	((2.966127e+00 1.133218e+03 8.601776e+02) (-1.456506e-02 5.821326e+00 2.357307e+00)) ((-2.599946e+02 1.293027e+00 3.195086e-01) (-1.598873e-01 -7.823170e-03 -6.663418e-03))
501.83        	((2.978913e+00 1.133307e+03 8.601820e+02) (-1.459983e-02 5.822178e+00 2.357608e+00)) ((-2.600385e+02 1.338249e+00 3.403414e-01) (-1.597072e-01 -7.921527e-03 -6.668191e-03))
501.84        	((2.997705e+00 1.133393e+03 8.601857e+02) (-1.469464e-02 5.823083e+00 2.357873e+00)) ((-2.600778e+02 1.382768e+00 3.623764e-01) (-1.595271e-01 -8.039054e-03 -6.702941e-03))
501.85        	((3.019274e+00 1.133483e+03 8.601951e+02) (-1.488298e-02 5.824044e+00 2.358297e+00)) ((-2.601186e+02 1.424557e+00 3.835259e-01) (-1.594334e-01 -8.206962e-03 -6.796645e-03))
501.86        	((3.044932e+00 1.133589e+03 8.602056e+02) (-1.512785e-02 5.824690e+00 2.358487e+00)) ((-2.601677e+02 1.464175e+00 4.019493e-01) (-1.590643e-01 -8.440180e-03 -6.862084e-03))
501.87        	((3.073066e+00 1.133716e+03 8.602175e+02) (-1.528801e-02 5.825013e+00 2.358294e+00)) ((-2.602287e+02 1.503019e+00 4.175768e-01) (-1.583700e-01 -8.707846e-03 -6.859451e-03))
501.88        	((3.094330e+00 1.133861e+03 8.602378e+02) (-1.527256e-02 5.825429e+00 2.358163e+00)) ((-2.603034e+02 1.538561e+00 4.276001e-01) (-1.577633e-01 -8.875336e-03 -6.823938e-03))
501.89        	((3.088139e+00 1.133991e+03 8.602957e+02) (-1.529367e-02 5.826770e+00 2.359184e+00)) ((-2.603808e+02 1.563256e+00 4.290046e-01) (-1.581323e-01 -8.872018e-03 -6.922201e-03))
501.9         	((3.072514e+00 1.134108e+03 8.603639e+02) (-1.544814e-02 5.827878e+00 2.359935e+00)) ((-2.604540e+02 1.582921e+00 4.274325e-01) (-1.582361e-01 -8.957586e-03 -7.008242e-03))
501.91        	((3.067876e+00 1.134224e+03 8.604108e+02) (-1.554280e-02 5.828707e+00 2.360367e+00)) ((-2.605187e+02 1.605383e+00 4.303867e-01) (-1.580477e-01 -9.064808e-03 -7.031129e-03))
501.92        	((3.079615e+00 1.134336e+03 8.604206e+02) (-1.561063e-02 5.829510e+00 2.360697e+00)) ((-2.605726e+02 1.632545e+00 4.381228e-01) (-1.577978e-01 -9.163422e-03 -7.032917e-03))
501.93        	((3.101802e+00 1.134443e+03 8.604062e+02) (-1.564800e-02 5.830357e+00 2.361019e+00)) ((-2.606200e+02 1.662562e+00 4.482170e-01) (-1.575696e-01 -9.249551e-03 -7.028703e-03))
501.94        	((3.129623e+00 1.134546e+03 8.603782e+02) (-1.572384e-02 5.831233e+00 2.361383e+00)) ((-2.606642e+02 1.693511e+00 4.579984e-01) (-1.573681e-01 -9.342239e-03 -7.033381e-03))
501.95        	((3.156109e+00 1.134659e+03 8.603616e+02) (-1.581613e-02 5.832127e+00 2.361769e+00)) ((-2.607161e+02 1.722981e+00 4.658382e-01) (-1.571842e-01 -9.442704e-03 -7.043463e-03))
501.96        	((3.180162e+00 1.134783e+03 8.603604e+02) (-1.595473e-02 5.833081e+00 2.362225e+00)) ((-2.607757e+02 1.750499e+00 4.717939e-01) (-1.570608e-01 -9.552240e-03 -7.072709e-03))
501.97        	((3.203507e+00 1.134904e+03 8.603619e+02) (-1.608145e-02 5.834039e+00 2.362708e+00)) ((-2.608348e+02 1.776987e+00 4.763239e-01) (-1.569501e-01 -9.648689e-03 -7.093198e-03))
501.98        	((3.228770e+00 1.135018e+03 8.603579e+02) (-1.622620e-02 5.834987e+00 2.363199e+00)) ((-2.608899e+02 1.803161e+00 4.803721e-01) (-1.568356e-01 -9.747564e-03 -7.112492e-03))
501.99        	((3.256181e+00 1.135133e+03 8.603524e+02) (-1.636761e-02 5.835922e+00 2.363660e+00)) ((-2.609442e+02 1.828776e+00 4.845227e-01) (-1.567031e-01 -9.849064e-03 -7.122961e-03))
502           	((3.287902e+00 1.135246e+03 8.603399e+02) (-1.653009e-02 5.836868e+00 2.364085e+00)) ((-2.609952e+02 1.854406e+00 4.893296e-01) (-1.565630e-01 -9.964112e-03 -7.137283e-03))
502.01        	((3.322240e+00 1.135360e+03 8.603254e+02) (-1.666312e-02 5.837841e+00 2.364403e+00)) ((-2.610453e+02 1.879112e+00 4.942328e-01) (-1.564021e-01 -1.007432e-02 -7.143300e-03))
502.02        	((3.356007e+00 1.135470e+03 8.603127e+02) (-1.682097e-02 5.838922e+00 2.365014e+00)) ((-2.610935e+02 1.901826e+00 4.982861e-01) (-1.564168e-01 -1.015120e-02 -7.171131e-03))
502.03        	((3.394316e+00 1.135571e+03 8.602927e+02) (-1.695027e-02 5.839957e+00 2.365514e+00)) ((-2.611356e+02 1.924417e+00 5.032890e-01) (-1.563642e-01 -1.022331e-02 -7.180105e-03))
502.04        	((3.436743e+00 1.135665e+03 8.602675e+02) (-1.708212e-02 5.840946e+00 2.365984e+00)) ((-2.611734e+02 1.946650e+00 5.088493e-01) (-1.562742e-01 -1.029629e-02 -7.180724e-03))
502.05        	((3.482250e+00 1.135760e+03 8.602424e+02) (-1.719941e-02 5.841925e+00 2.366419e+00)) ((-2.612109e+02 1.968441e+00 5.143984e-01) (-1.561652e-01 -1.036322e-02 -7.173545e-03))
502.06        	((3.529462e+00 1.135851e+03 8.602180e+02) (-1.728247e-02 5.843033e+00 2.366955e+00)) ((-2.612460e+02 1.989226e+00 5.198742e-01) (-1.561735e-01 -1.039195e-02 -7.171846e-03))
502.07        	((3.580844e+00 1.135938e+03 8.601901e+02) (-1.736752e-02 5.844117e+00 2.367428e+00)) ((-2.612768e+02 2.009635e+00 5.263465e-01) (-1.561435e-01 -1.042828e-02 -7.165695e-03))
502.08        	((3.636350e+00 1.136018e+03 8.601570e+02) (-1.743273e-02 5.845231e+00 2.367922e+00)) ((-2.613014e+02 2.029686e+00 5.341953e-01) (-1.561449e-01 -1.044628e-02 -7.157028e-03))
502.09        	((3.697318e+00 1.136092e+03 8.601164e+02) (-1.749185e-02 5.846331e+00 2.368377e+00)) ((-2.613192e+02 2.050043e+00 5.440699e-01) (-1.561281e-01 -1.046564e-02 -7.145864e-03))
502.1         	((3.762645e+00 1.136163e+03 8.600722e+02) (-1.752949e-02 5.847464e+00 2.368837e+00)) ((-2.613326e+02 2.070831e+00 5.556459e-01) (-1.561368e-01 -1.047156e-02 -7.133450e-03))
502.11        	((3.832934e+00 1.136226e+03 8.600202e+02) (-1.756157e-02 5.848597e+00 2.369270e+00)) ((-2.613392e+02 2.091718e+00 5.688631e-01) (-1.561423e-01 -1.047920e-02 -7.119905e-03))
502.12        	((3.907220e+00 1.136282e+03 8.599635e+02) (-1.757861e-02 5.849752e+00 2.369698e+00)) ((-2.613409e+02 2.112566e+00 5.833162e-01) (-1.561629e-01 -1.047888e-02 -7.104959e-03))
502.13        	((3.985297e+00 1.136337e+03 8.599063e+02) (-1.758859e-02 5.850914e+00 2.370112e+00)) ((-2.613406e+02 2.133812e+00 5.990291e-01) (-1.561842e-01 -1.047680e-02 -7.089219e-03))
502.14        	((4.066443e+00 1.136390e+03 8.598510e+02) (-1.758618e-02 5.852094e+00 2.370522e+00)) ((-2.613391e+02 2.155184e+00 6.158595e-01) (-1.562144e-01 -1.046810e-02 -7.072780e-03))
502.15        	((4.150203e+00 1.136431e+03 8.597888e+02) (-1.757425e-02 5.853286e+00 2.370921e+00)) ((-2.613325e+02 2.175964e+00 6.333825e-01) (-1.562476e-01 -1.045588e-02 -7.056053e-03))
502.16        	((4.236317e+00 1.136469e+03 8.597288e+02) (-1.755189e-02 5.854480e+00 2.371308e+00)) ((-2.613247e+02 2.196900e+00 6.520177e-01) (-1.562852e-01 -1.043888e-02 -7.038390e-03))
502.17        	((4.323656e+00 1.136504e+03 8.596700e+02) (-1.752106e-02 5.855682e+00 2.371683e+00)) ((-2.613150e+02 2.217464e+00 6.714011e-01) (-1.563243e-01 -1.041853e-02 -7.019575e-03))
502.18        	((4.410942e+00 1.136533e+03 8.596119e+02) (-1.748228e-02 5.856890e+00 2.372052e+00)) ((-2.613034e+02 2.237197e+00 6.911366e-01) (-1.563669e-01 -1.039463e-02 -7.000037e-03))
502.19        	((4.499108e+00 1.136562e+03 8.595574e+02) (-1.743403e-02 5.858105e+00 2.372414e+00)) ((-2.612907e+02 2.256995e+00 7.118616e-01) (-1.564117e-01 -1.036686e-02 -6.979014e-03))
502.2         	((4.585645e+00 1.136586e+03 8.595039e+02) (-1.737498e-02 5.859331e+00 2.372768e+00)) ((-2.612762e+02 2.275675e+00 7.326260e-01) (-1.564599e-01 -1.033424e-02 -6.955705e-03))
502.21        	((4.671275e+00 1.136606e+03 8.594528e+02) (-1.730922e-02 5.860561e+00 2.373111e+00)) ((-2.612603e+02 2.293729e+00 7.537515e-01) (-1.565093e-01 -1.030021e-02 -6.932167e-03))
502.22        	((4.755721e+00 1.136622e+03 8.594040e+02) (-1.724418e-02 5.861789e+00 2.373445e+00)) ((-2.612429e+02 2.311212e+00 7.752025e-01) (-1.565571e-01 -1.026876e-02 -6.910539e-03))
502.23        	((4.838259e+00 1.136633e+03 8.593575e+02) (-1.717982e-02 5.863013e+00 2.373772e+00)) ((-2.612240e+02 2.327998e+00 7.967262e-01) (-1.566029e-01 -1.023982e-02 -6.891131e-03))
502.24        	((4.918075e+00 1.136639e+03 8.593133e+02) (-1.711503e-02 5.864237e+00 2.374096e+00)) ((-2.612038e+02 2.343863e+00 8.180161e-01) (-1.566465e-01 -1.021230e-02 -6.873819e-03))
502.25        	((4.994609e+00 1.136642e+03 8.592720e+02) (-1.704914e-02 5.865458e+00 2.374412e+00)) ((-2.611827e+02 2.358709e+00 8.389340e-01) (-1.566877e-01 -1.018564e-02 -6.857354e-03))
502.26        	((5.068820e+00 1.136640e+03 8.592332e+02) (-1.698164e-02 5.866677e+00 2.374719e+00)) ((-2.611605e+02 2.372961e+00 8.597108e-01) (-1.567253e-01 -1.015951e-02 -6.840879e-03))
502.27        	((5.138833e+00 1.136635e+03 8.591983e+02) (-1.691031e-02 5.867890e+00 2.375019e+00)) ((-2.611386e+02 2.385818e+00 8.797789e-01) (-1.567595e-01 -1.013230e-02 -6.823093e-03))
502.28        	((5.203145e+00 1.136626e+03 8.591680e+02) (-1.683862e-02 5.869101e+00 2.375313e+00)) ((-2.611173e+02 2.396930e+00 8.988607e-01) (-1.567911e-01 -1.010528e-02 -6.805006e-03))
502.29        	((5.265797e+00 1.136612e+03 8.591389e+02) (-1.676711e-02 5.870310e+00 2.375601e+00)) ((-2.610942e+02 2.408020e+00 9.178491e-01) (-1.568206e-01 -1.007890e-02 -6.787192e-03))
502.3         	((5.319856e+00 1.136595e+03 8.591170e+02) (-1.669298e-02 5.871517e+00 2.375887e+00)) ((-2.610733e+02 2.416759e+00 9.353085e-01) (-1.568488e-01 -1.005116e-02 -6.768239e-03))
502.31        	((5.373657e+00 1.136575e+03 8.590965e+02) (-1.661911e-02 5.872723e+00 2.376167e+00)) ((-2.610511e+02 2.425835e+00 9.527694e-01) (-1.568762e-01 -1.002503e-02 -6.749304e-03))
502.32        	((5.423446e+00 1.136553e+03 8.590806e+02) (-1.654250e-02 5.873935e+00 2.376441e+00)) ((-2.610298e+02 2.434233e+00 9.692857e-01) (-1.569067e-01 -9.999913e-03 -6.733043e-03))
502.33        	((5.467155e+00 1.136530e+03 8.590712e+02) (-1.646905e-02 5.875151e+00 2.376711e+00)) ((-2.610104e+02 2.441674e+00 9.846166e-01) (-1.569393e-01 -9.978178e-03 -6.719105e-03))
502.34        	((5.505983e+00 1.136505e+03 8.590674e+02) (-1.639466e-02 5.876374e+00 2.376975e+00)) ((-2.609927e+02 2.448578e+00 9.988569e-01) (-1.569765e-01 -9.957433e-03 -6.706824e-03))
502.35        	((5.543351e+00 1.136479e+03 8.590657e+02) (-1.631825e-02 5.877605e+00 2.377231e+00)) ((-2.609751e+02 2.455541e+00 1.012562e+00) (-1.570171e-01 -9.937386e-03 -6.695729e-03))
502.36        	((5.577549e+00 1.136451e+03 8.590681e+02) (-1.624106e-02 5.878844e+00 2.377480e+00)) ((-2.609589e+02 2.462295e+00 1.025358e+00) (-1.570605e-01 -9.917352e-03 -6.684573e-03))
502.37        	((5.607521e+00 1.136424e+03 8.590763e+02) (-1.616286e-02 5.880086e+00 2.377723e+00)) ((-2.609450e+02 2.468784e+00 1.037137e+00) (-1.571054e-01 -9.897637e-03 -6.673643e-03))
502.38        	((5.636983e+00 1.136393e+03 8.590843e+02) (-1.608646e-02 5.881334e+00 2.377963e+00)) ((-2.609307e+02 2.475329e+00 1.048349e+00) (-1.571529e-01 -9.877886e-03 -6.662934e-03))
502.39        	((5.661473e+00 1.136365e+03 8.590996e+02) (-1.600928e-02 5.882584e+00 2.378203e+00)) ((-2.609195e+02 2.481521e+00 1.058805e+00) (-1.572004e-01 -9.856972e-03 -6.651755e-03))
502.4         	((5.685264e+00 1.136334e+03 8.591152e+02) (-1.593296e-02 5.883833e+00 2.378441e+00)) ((-2.609082e+02 2.487646e+00 1.068864e+00) (-1.572485e-01 -9.835379e-03 -6.640449e-03))
502.41        	((5.707545e+00 1.136303e+03 8.591330e+02) (-1.585900e-02 5.885079e+00 2.378680e+00)) ((-2.608978e+02 2.493770e+00 1.078449e+00) (-1.572930e-01 -9.813451e-03 -6.627699e-03))
502.42        	((5.728458e+00 1.136272e+03 8.591528e+02) (-1.578814e-02 5.886316e+00 2.378919e+00)) ((-2.608886e+02 2.499902e+00 1.087549e+00) (-1.573349e-01 -9.791404e-03 -6.613875e-03))
502.43        	((5.747646e+00 1.136242e+03 8.591759e+02) (-1.572170e-02 5.887548e+00 2.379163e+00)) ((-2.608814e+02 2.506104e+00 1.096142e+00) (-1.573735e-01 -9.769354e-03 -6.598533e-03))
502.44        	((5.766492e+00 1.136213e+03 8.591998e+02) (-1.566742e-02 5.888780e+00 2.379416e+00)) ((-2.608750e+02 2.512310e+00 1.104233e+00) (-1.574133e-01 -9.747999e-03 -6.585512e-03))
502.45        	((5.785063e+00 1.136183e+03 8.592245e+02) (-1.561731e-02 5.890009e+00 2.379676e+00)) ((-2.608697e+02 2.518505e+00 1.111848e+00) (-1.574510e-01 -9.725849e-03 -6.571652e-03))
502.46        	((5.803138e+00 1.136154e+03 8.592504e+02) (-1.557177e-02 5.891231e+00 2.379938e+00)) ((-2.608656e+02 2.524727e+00 1.118985e+00) (-1.574862e-01 -9.705006e-03 -6.556531e-03))
502.47        	((5.820593e+00 1.136127e+03 8.592779e+02) (-1.553331e-02 5.892448e+00 2.380203e+00)) ((-2.608629e+02 2.531022e+00 1.125623e+00) (-1.575200e-01 -9.685858e-03 -6.540847e-03))
502.48        	((5.837325e+00 1.136101e+03 8.593073e+02) (-1.550455e-02 5.893662e+00 2.380472e+00)) ((-2.608617e+02 2.537413e+00 1.131764e+00) (-1.575543e-01 -9.669318e-03 -6.525931e-03))
502.49        	((5.853458e+00 1.136077e+03 8.593380e+02) (-1.548739e-02 5.894877e+00 2.380750e+00)) ((-2.608620e+02 2.543839e+00 1.137457e+00) (-1.575888e-01 -9.655941e-03 -6.513577e-03))
502.5         	((5.869246e+00 1.136054e+03 8.593698e+02) (-1.548157e-02 5.896094e+00 2.381035e+00)) ((-2.608635e+02 2.550288e+00 1.142753e+00) (-1.576249e-01 -9.645074e-03 -6.504025e-03))
502.51        	((5.883849e+00 1.136037e+03 8.594035e+02) (-1.548464e-02 5.897311e+00 2.381326e+00)) ((-2.608666e+02 2.556789e+00 1.147624e+00) (-1.576626e-01 -9.636015e-03 -6.496927e-03))
502.52        	((5.900144e+00 1.136017e+03 8.594367e+02) (-1.549740e-02 5.898525e+00 2.381621e+00)) ((-2.608706e+02 2.563426e+00 1.152439e+00) (-1.576999e-01 -9.630656e-03 -6.492447e-03))
502.53        	((5.916569e+00 1.135997e+03 8.594697e+02) (-1.551142e-02 5.899738e+00 2.381921e+00)) ((-2.608750e+02 2.570190e+00 1.157179e+00) (-1.577370e-01 -9.625923e-03 -6.488336e-03))
502.54        	((5.932943e+00 1.135978e+03 8.595026e+02) (-1.552631e-02 5.900950e+00 2.382225e+00)) ((-2.608798e+02 2.577148e+00 1.161926e+00) (-1.577735e-01 -9.621693e-03 -6.484083e-03))
502.55        	((5.949282e+00 1.135959e+03 8.595352e+02) (-1.554056e-02 5.902159e+00 2.382531e+00)) ((-2.608847e+02 2.584282e+00 1.166714e+00) (-1.578081e-01 -9.617462e-03 -6.478391e-03))
502.56        	((5.965771e+00 1.135941e+03 8.595677e+02) (-1.555739e-02 5.903363e+00 2.382839e+00)) ((-2.608900e+02 2.591527e+00 1.171545e+00) (-1.578413e-01 -9.614480e-03 -6.471838e-03))
502.57        	((5.982676e+00 1.135924e+03 8.596001e+02) (-1.557499e-02 5.904556e+00 2.383152e+00)) ((-2.608955e+02 2.598791e+00 1.176441e+00) (-1.578744e-01 -9.611850e-03 -6.464999e-03))
502.58        	((5.999947e+00 1.135908e+03 8.596325e+02) (-1.559558e-02 5.905745e+00 2.383469e+00)) ((-2.609015e+02 2.605953e+00 1.181320e+00) (-1.579073e-01 -9.610249e-03 -6.458978e-03))
502.59        	((6.016961e+00 1.135895e+03 8.596650e+02) (-1.561378e-02 5.906931e+00 2.383792e+00)) ((-2.609075e+02 2.612981e+00 1.186205e+00) (-1.579407e-01 -9.607544e-03 -6.452923e-03))
502.6         	((6.035003e+00 1.135881e+03 8.596970e+02) (-1.563814e-02 5.908109e+00 2.384119e+00)) ((-2.609138e+02 2.619983e+00 1.191316e+00) (-1.579734e-01 -9.606409e-03 -6.447489e-03))
502.61        	((6.054562e+00 1.135865e+03 8.597280e+02) (-1.565460e-02 5.909283e+00 2.384449e+00)) ((-2.609203e+02 2.626955e+00 1.196824e+00) (-1.580068e-01 -9.602044e-03 -6.441073e-03))
502.62        	((6.074559e+00 1.135849e+03 8.597583e+02) (-1.568480e-02 5.910452e+00 2.384787e+00)) ((-2.609264e+02 2.633860e+00 1.202509e+00) (-1.580404e-01 -9.601908e-03 -6.436642e-03))
502.63        	((6.094023e+00 1.135835e+03 8.597880e+02) (-1.569714e-02 5.911625e+00 2.385128e+00)) ((-2.609318e+02 2.640568e+00 1.208285e+00) (-1.580739e-01 -9.596154e-03 -6.431272e-03))
502.64        	((6.114457e+00 1.135822e+03 8.598170e+02) (-1.574707e-02 5.912794e+00 2.385477e+00)) ((-2.609373e+02 2.647167e+00 1.214021e+00) (-1.581063e-01 -9.603262e-03 -6.431210e-03))
502.65        	((6.135387e+00 1.135807e+03 8.598455e+02) (-1.573461e-02 5.913966e+00 2.385821e+00)) ((-2.609427e+02 2.653553e+00 1.220010e+00) (-1.581386e-01 -9.589312e-03 -6.424270e-03))
502.66        	((6.157403e+00 1.135794e+03 8.598734e+02) (-1.582216e-02 5.915124e+00 2.386182e+00)) ((-2.609489e+02 2.659950e+00 1.225682e+00) (-1.581665e-01 -9.609557e-03 -6.429311e-03))
502.67        	((6.178729e+00 1.135779e+03 8.599012e+02) (-1.570936e-02 5.916296e+00 2.386522e+00)) ((-2.609543e+02 2.666042e+00 1.231962e+00) (-1.581958e-01 -9.562240e-03 -6.410132e-03))
502.68        	((6.200637e+00 1.135769e+03 8.599284e+02) (-1.589750e-02 5.917430e+00 2.386901e+00)) ((-2.609610e+02 2.672248e+00 1.237051e+00) (-1.582150e-01 -9.618395e-03 -6.426001e-03))
502.69        	((6.218164e+00 1.135753e+03 8.599559e+02) (-1.523116e-02 5.918593e+00 2.387149e+00)) ((-2.609646e+02 2.677293e+00 1.243400e+00) (-1.582256e-01 -9.393641e-03 -6.319795e-03))
502.7         	((6.243060e+00 1.135738e+03 8.599852e+02) (-1.583228e-02 5.919680e+00 2.387570e+00)) ((-2.609724e+02 2.683985e+00 1.249345e+00) (-1.582308e-01 -9.597787e-03 -6.388002e-03))
502.71        	((6.265579e+00 1.135722e+03 8.600130e+02) (-1.567941e-02 5.920881e+00 2.387950e+00)) ((-2.609788e+02 2.689709e+00 1.255756e+00) (-1.582730e-01 -9.527928e-03 -6.380703e-03))
502.72        	((6.286084e+00 1.135716e+03 8.600393e+02) (-1.593313e-02 5.922001e+00 2.388370e+00)) ((-2.609863e+02 2.695172e+00 1.259913e+00) (-1.582918e-01 -9.603161e-03 -6.409518e-03))
502.73        	((6.303574e+00 1.135705e+03 8.600643e+02) (-1.558045e-02 5.923176e+00 2.388712e+00)) ((-2.609912e+02 2.699456e+00 1.265175e+00) (-1.583227e-01 -9.474137e-03 -6.366142e-03))
502.74        	((6.327240e+00 1.135698e+03 8.600911e+02) (-1.594926e-02 5.924260e+00 2.389134e+00)) ((-2.609999e+02 2.704852e+00 1.270004e+00) (-1.583299e-01 -9.596744e-03 -6.405585e-03))
502.75        	((6.348500e+00 1.135685e+03 8.601169e+02) (-1.563024e-02 5.925439e+00 2.389497e+00)) ((-2.610056e+02 2.709553e+00 1.276421e+00) (-1.583664e-01 -9.478751e-03 -6.373677e-03))
502.76        	((6.371054e+00 1.135677e+03 8.601426e+02) (-1.597530e-02 5.926526e+00 2.389927e+00)) ((-2.610138e+02 2.714840e+00 1.280903e+00) (-1.583783e-01 -9.593963e-03 -6.413627e-03))
502.77        	((6.387754e+00 1.135666e+03 8.601663e+02) (-1.565344e-02 5.927702e+00 2.390293e+00)) ((-2.610183e+02 2.718818e+00 1.286018e+00) (-1.584166e-01 -9.476814e-03 -6.381384e-03))
502.78        	((6.409848e+00 1.135659e+03 8.601917e+02) (-1.599716e-02 5.928791e+00 2.390725e+00)) ((-2.610262e+02 2.723854e+00 1.290430e+00) (-1.584311e-01 -9.594448e-03 -6.422935e-03))
502.79        	((6.426356e+00 1.135648e+03 8.602151e+02) (-1.567564e-02 5.929977e+00 2.391094e+00)) ((-2.610307e+02 2.727583e+00 1.295558e+00) (-1.584737e-01 -9.480947e-03 -6.394599e-03))
502.8         	((6.447963e+00 1.135641e+03 8.602399e+02) (-1.602921e-02 5.931075e+00 2.391530e+00)) ((-2.610386e+02 2.732221e+00 1.299698e+00) (-1.584931e-01 -9.604778e-03 -6.440058e-03))
502.81        	((6.465856e+00 1.135627e+03 8.602634e+02) (-1.569818e-02 5.932268e+00 2.391898e+00)) ((-2.610433e+02 2.735900e+00 1.305113e+00) (-1.585388e-01 -9.491226e-03 -6.412252e-03))
502.82        	((6.481783e+00 1.135624e+03 8.602838e+02) (-1.606859e-02 5.933373e+00 2.392340e+00)) ((-2.610500e+02 2.739557e+00 1.307443e+00) (-1.585607e-01 -9.621722e-03 -6.462442e-03))
502.83        	((6.498477e+00 1.135611e+03 8.603073e+02) (-1.571914e-02 5.934564e+00 2.392709e+00)) ((-2.610550e+02 2.742703e+00 1.312447e+00) (-1.586039e-01 -9.502123e-03 -6.431471e-03))
502.84        	((6.516411e+00 1.135605e+03 8.603304e+02) (-1.610046e-02 5.935661e+00 2.393162e+00)) ((-2.610628e+02 2.746278e+00 1.315262e+00) (-1.586223e-01 -9.635457e-03 -6.483066e-03))
502.85        	((6.527904e+00 1.135596e+03 8.603500e+02) (-1.573826e-02 5.936849e+00 2.393536e+00)) ((-2.610671e+02 2.748479e+00 1.318665e+00) (-1.586653e-01 -9.511058e-03 -6.449865e-03))
502.86        	((6.546246e+00 1.135591e+03 8.603724e+02) (-1.610948e-02 5.937928e+00 2.394001e+00)) ((-2.610747e+02 2.752005e+00 1.321635e+00) (-1.586757e-01 -9.635672e-03 -6.496437e-03))
502.87        	((6.559069e+00 1.135581e+03 8.603922e+02) (-1.572950e-02 5.939095e+00 2.394389e+00)) ((-2.610788e+02 2.754518e+00 1.325611e+00) (-1.587088e-01 -9.499081e-03 -6.458599e-03))
502.88        	((6.577417e+00 1.135574e+03 8.604127e+02) (-1.609906e-02 5.940163e+00 2.394858e+00)) ((-2.610856e+02 2.757870e+00 1.328265e+00) (-1.587145e-01 -9.624202e-03 -6.504829e-03))
502.89        	((6.587199e+00 1.135566e+03 8.604287e+02) (-1.572578e-02 5.941329e+00 2.395256e+00)) ((-2.610889e+02 2.759838e+00 1.331196e+00) (-1.587473e-01 -9.491204e-03 -6.470306e-03))
502.9         	((6.604449e+00 1.135560e+03 8.604480e+02) (-1.609570e-02 5.942398e+00 2.395737e+00)) ((-2.610950e+02 2.763001e+00 1.333811e+00) (-1.587542e-01 -9.617103e-03 -6.518309e-03))
502.91        	((6.613341e+00 1.135552e+03 8.604634e+02) (-1.571620e-02 5.943561e+00 2.396140e+00)) ((-2.610979e+02 2.764779e+00 1.336766e+00) (-1.587869e-01 -9.482900e-03 -6.482584e-03))
502.92        	((6.629703e+00 1.135546e+03 8.604820e+02) (-1.609256e-02 5.944625e+00 2.396623e+00)) ((-2.611037e+02 2.767614e+00 1.339237e+00) (-1.587926e-01 -9.612560e-03 -6.531084e-03))
502.93        	((6.637741e+00 1.135538e+03 8.604968e+02) (-1.572187e-02 5.945790e+00 2.397034e+00)) ((-2.611065e+02 2.769143e+00 1.341963e+00) (-1.588269e-01 -9.481460e-03 -6.498854e-03))
502.94        	((6.650587e+00 1.135535e+03 8.605130e+02) (-1.609165e-02 5.946853e+00 2.397523e+00)) ((-2.611119e+02 2.771743e+00 1.343873e+00) (-1.588330e-01 -9.608777e-03 -6.546825e-03))
502.95        	((6.663606e+00 1.135521e+03 8.605298e+02) (-1.570624e-02 5.948014e+00 2.397936e+00)) ((-2.611141e+02 2.773356e+00 1.347674e+00) (-1.588650e-01 -9.473983e-03 -6.512398e-03))
502.96        	((6.673462e+00 1.135519e+03 8.605433e+02) (-1.608280e-02 5.949076e+00 2.398430e+00)) ((-2.611192e+02 2.775496e+00 1.348483e+00) (-1.588707e-01 -9.603684e-03 -6.562406e-03))
502.97        	((6.684822e+00 1.135506e+03 8.605584e+02) (-1.568116e-02 5.950228e+00 2.398843e+00)) ((-2.611208e+02 2.776789e+00 1.351845e+00) (-1.588990e-01 -9.463716e-03 -6.523350e-03))
502.98        	((6.692417e+00 1.135505e+03 8.605687e+02) (-1.607117e-02 5.951287e+00 2.399342e+00)) ((-2.611253e+02 2.778688e+00 1.351986e+00) (-1.589040e-01 -9.598264e-03 -6.575213e-03))
502.99        	((6.697713e+00 1.135498e+03 8.605809e+02) (-1.567901e-02 5.952443e+00 2.399762e+00)) ((-2.611276e+02 2.779839e+00 1.354269e+00) (-1.589342e-01 -9.460427e-03 -6.538714e-03))
503           	((6.712039e+00 1.135496e+03 8.605972e+02) (-1.606718e-02 5.953500e+00 2.400264e+00)) ((-2.611326e+02 2.781382e+00 1.356001e+00) (-1.589382e-01 -9.594764e-03 -6.590061e-03))
503.01        	((6.717240e+00 1.135489e+03 8.606089e+02) (-1.568853e-02 5.954659e+00 2.400689e+00)) ((-2.611346e+02 2.782569e+00 1.358489e+00) (-1.589693e-01 -9.462292e-03 -6.557679e-03))
503.02        	((6.726321e+00 1.135488e+03 8.606205e+02) (-1.606787e-02 5.955715e+00 2.401192e+00)) ((-2.611386e+02 2.784598e+00 1.359827e+00) (-1.589710e-01 -9.594836e-03 -6.608279e-03))
503.03        	((6.738501e+00 1.135471e+03 8.606324e+02) (-1.564010e-02 5.956873e+00 2.401605e+00)) ((-2.611375e+02 2.785114e+00 1.363774e+00) (-1.589982e-01 -9.449484e-03 -6.568849e-03))
503.04        	((6.744918e+00 1.135471e+03 8.606418e+02) (-1.605007e-02 5.957927e+00 2.402117e+00)) ((-2.611413e+02 2.786899e+00 1.363996e+00) (-1.589988e-01 -9.592005e-03 -6.623259e-03))
503.05        	((6.748323e+00 1.135464e+03 8.606523e+02) (-1.565372e-02 5.959076e+00 2.402543e+00)) ((-2.611428e+02 2.787721e+00 1.365937e+00) (-1.590241e-01 -9.454149e-03 -6.585424e-03))
503.06        	((6.758941e+00 1.135460e+03 8.606648e+02) (-1.604769e-02 5.960131e+00 2.403051e+00)) ((-2.611463e+02 2.787523e+00 1.365750e+00) (-1.590248e-01 -9.591986e-03 -6.639188e-03))
503.07        	((6.762446e+00 1.135454e+03 8.606740e+02) (-1.565350e-02 5.961280e+00 2.403474e+00)) ((-2.611478e+02 2.788800e+00 1.367771e+00) (-1.590501e-01 -9.456886e-03 -6.602889e-03))
503.08        	((6.769271e+00 1.135454e+03 8.606827e+02) (-1.604906e-02 5.962336e+00 2.403980e+00)) ((-2.611514e+02 2.790995e+00 1.368605e+00) (-1.590519e-01 -9.595466e-03 -6.657307e-03))
503.09        	((6.773773e+00 1.135448e+03 8.606920e+02) (-1.564966e-02 5.963486e+00 2.404401e+00)) ((-2.611527e+02 2.791977e+00 1.370900e+00) (-1.590784e-01 -9.457456e-03 -6.619893e-03))
503.1         	((6.782070e+00 1.135447e+03 8.607015e+02) (-1.604678e-02 5.964537e+00 2.404907e+00)) ((-2.611558e+02 2.793735e+00 1.372131e+00) (-1.590798e-01 -9.596045e-03 -6.674088e-03))
503.11        	((6.787401e+00 1.135440e+03 8.607116e+02) (-1.564715e-02 5.965678e+00 2.405326e+00)) ((-2.611557e+02 2.794020e+00 1.375135e+00) (-1.591035e-01 -9.459271e-03 -6.636445e-03))
503.12        	((6.796724e+00 1.135438e+03 8.607212e+02) (-1.604924e-02 5.966724e+00 2.405832e+00)) ((-2.611566e+02 2.794845e+00 1.377253e+00) (-1.591034e-01 -9.600687e-03 -6.691702e-03))
503.13        	((6.807822e+00 1.135423e+03 8.607299e+02) (-1.565118e-02 5.967864e+00 2.406255e+00)) ((-2.611528e+02 2.794158e+00 1.380409e+00) (-1.591286e-01 -9.464240e-03 -6.655001e-03))
503.14        	((6.810188e+00 1.135419e+03 8.607358e+02) (-1.604838e-02 5.968913e+00 2.406761e+00)) ((-2.611532e+02 2.793701e+00 1.378526e+00) (-1.591314e-01 -9.604779e-03 -6.711140e-03))
503.15        	((6.812984e+00 1.135416e+03 8.607432e+02) (-1.565343e-02 5.970053e+00 2.407178e+00)) ((-2.611557e+02 2.794841e+00 1.379439e+00) (-1.591573e-01 -9.469946e-03 -6.675393e-03))
503.16        	((6.818914e+00 1.135417e+03 8.607515e+02) (-1.605624e-02 5.971099e+00 2.407678e+00)) ((-2.611606e+02 2.797305e+00 1.379196e+00) (-1.591587e-01 -9.610627e-03 -6.731066e-03))
503.17        	((6.823952e+00 1.135412e+03 8.607610e+02) (-1.566550e-02 5.972237e+00 2.408093e+00)) ((-2.611636e+02 2.799204e+00 1.381010e+00) (-1.591839e-01 -9.475679e-03 -6.694465e-03))
503.18        	((6.831991e+00 1.135412e+03 8.607698e+02) (-1.607240e-02 5.973283e+00 2.408596e+00)) ((-2.611680e+02 2.801791e+00 1.381718e+00) (-1.591855e-01 -9.616548e-03 -6.750151e-03))
503.19        	((6.837233e+00 1.135408e+03 8.607781e+02) (-1.568344e-02 5.974423e+00 2.409010e+00)) ((-2.611691e+02 2.802846e+00 1.384230e+00) (-1.592098e-01 -9.482154e-03 -6.713840e-03))
503.2         	((6.844948e+00 1.135409e+03 8.607856e+02) (-1.608964e-02 5.975466e+00 2.409507e+00)) ((-2.611713e+02 2.804334e+00 1.385241e+00) (-1.592085e-01 -9.623605e-03 -6.768831e-03))
503.21        	((6.850536e+00 1.135405e+03 8.607935e+02) (-1.570445e-02 5.976599e+00 2.409919e+00)) ((-2.611696e+02 2.804015e+00 1.388194e+00) (-1.592290e-01 -9.491398e-03 -6.732338e-03))
503.22        	((6.859770e+00 1.135407e+03 8.608005e+02) (-1.611212e-02 5.977639e+00 2.410420e+00)) ((-2.611690e+02 2.803820e+00 1.389450e+00) (-1.592263e-01 -9.633549e-03 -6.787732e-03))
503.23        	((6.866329e+00 1.135401e+03 8.608074e+02) (-1.572161e-02 5.978774e+00 2.410835e+00)) ((-2.611643e+02 2.801442e+00 1.392017e+00) (-1.592474e-01 -9.499931e-03 -6.751563e-03))
503.24        	((6.881796e+00 1.135392e+03 8.608121e+02) (-1.612522e-02 5.979815e+00 2.411334e+00)) ((-2.611606e+02 2.802000e+00 1.391359e+00) (-1.592452e-01 -9.641527e-03 -6.807192e-03))
503.25        	((6.884370e+00 1.135388e+03 8.608175e+02) (-1.573309e-02 5.980947e+00 2.411742e+00)) ((-2.611617e+02 2.802257e+00 1.391909e+00) (-1.592649e-01 -9.508178e-03 -6.770532e-03))
503.26        	((6.890440e+00 1.135388e+03 8.608240e+02) (-1.614054e-02 5.981985e+00 2.412238e+00)) ((-2.611654e+02 2.803819e+00 1.391132e+00) (-1.592629e-01 -9.649739e-03 -6.825479e-03))
503.27        	((6.894820e+00 1.135382e+03 8.608314e+02) (-1.574930e-02 5.983119e+00 2.412647e+00)) ((-2.611670e+02 2.804566e+00 1.392143e+00) (-1.592849e-01 -9.514093e-03 -6.787474e-03))
503.28        	((6.902722e+00 1.135383e+03 8.608386e+02) (-1.616283e-02 5.984160e+00 2.413141e+00)) ((-2.611704e+02 2.806395e+00 1.391967e+00) (-1.592840e-01 -9.656833e-03 -6.842975e-03))
503.29        	((6.907866e+00 1.135379e+03 8.608462e+02) (-1.577509e-02 5.985292e+00 2.413544e+00)) ((-2.611704e+02 2.806971e+00 1.393773e+00) (-1.593037e-01 -9.523494e-03 -6.805650e-03))
503.3         	((6.920569e+00 1.135397e+03 8.608562e+02) (-1.619463e-02 5.986326e+00 2.414033e+00)) ((-2.611710e+02 2.805817e+00 1.392816e+00) (-1.592985e-01 -9.670397e-03 -6.862087e-03))
503.31        	((6.924416e+00 1.135391e+03 8.608615e+02) (-1.580678e-02 5.987456e+00 2.414436e+00)) ((-2.611708e+02 2.806341e+00 1.394231e+00) (-1.593168e-01 -9.538366e-03 -6.825677e-03))
503.32        	((6.931739e+00 1.135390e+03 8.608669e+02) (-1.622351e-02 5.988496e+00 2.414926e+00)) ((-2.611720e+02 2.807608e+00 1.394236e+00) (-1.593133e-01 -9.683571e-03 -6.882584e-03))
503.33        	((6.937067e+00 1.135381e+03 8.608725e+02) (-1.583031e-02 5.989626e+00 2.415324e+00)) ((-2.611700e+02 2.807367e+00 1.395827e+00) (-1.593317e-01 -9.548852e-03 -6.845026e-03))
503.34        	((6.947045e+00 1.135377e+03 8.608776e+02) (-1.625217e-02 5.990657e+00 2.415809e+00)) ((-2.611695e+02 2.807858e+00 1.396025e+00) (-1.593236e-01 -9.696560e-03 -6.901196e-03))
503.35        	((6.953093e+00 1.135367e+03 8.608828e+02) (-1.586983e-02 5.991781e+00 2.416210e+00)) ((-2.611668e+02 2.807294e+00 1.397319e+00) (-1.593402e-01 -9.565070e-03 -6.865057e-03))
503.36        	((6.963485e+00 1.135365e+03 8.608872e+02) (-1.628461e-02 5.992812e+00 2.416698e+00)) ((-2.611659e+02 2.807665e+00 1.396900e+00) (-1.593331e-01 -9.710177e-03 -6.920093e-03))
503.37        	((6.971087e+00 1.135357e+03 8.608914e+02) (-1.589955e-02 5.993946e+00 2.417098e+00)) ((-2.611619e+02 2.806999e+00 1.398045e+00) (-1.593538e-01 -9.577990e-03 -6.886175e-03))
503.38        	((6.981162e+00 1.135368e+03 8.608963e+02) (-1.631019e-02 5.994979e+00 2.417576e+00)) ((-2.611611e+02 2.806839e+00 1.396000e+00) (-1.593454e-01 -9.722782e-03 -6.940790e-03))
503.39        	((6.985443e+00 1.135362e+03 8.609012e+02) (-1.591466e-02 5.996102e+00 2.417964e+00)) ((-2.611628e+02 2.807298e+00 1.396036e+00) (-1.593595e-01 -9.588999e-03 -6.901765e-03))
503.4         	((6.993006e+00 1.135362e+03 8.609067e+02) (-1.633948e-02 5.997135e+00 2.418448e+00)) ((-2.611664e+02 2.808894e+00 1.394784e+00) (-1.593520e-01 -9.737848e-03 -6.958177e-03))
503.41        	((6.999316e+00 1.135356e+03 8.609137e+02) (-1.594533e-02 5.998270e+00 2.418846e+00)) ((-2.611671e+02 2.809658e+00 1.395694e+00) (-1.593729e-01 -9.602049e-03 -6.920861e-03))
503.42        	((7.008454e+00 1.135367e+03 8.609252e+02) (-1.636350e-02 5.999304e+00 2.419325e+00)) ((-2.611716e+02 2.811870e+00 1.395777e+00) (-1.593661e-01 -9.748907e-03 -6.975182e-03))
503.43        	((7.013304e+00 1.135362e+03 8.609297e+02) (-1.597945e-02 6.000435e+00 2.419714e+00)) ((-2.611706e+02 2.811688e+00 1.396505e+00) (-1.593829e-01 -9.618220e-03 -6.939273e-03))
503.44        	((7.022399e+00 1.135364e+03 8.609343e+02) (-1.640123e-02 6.001462e+00 2.420193e+00)) ((-2.611692e+02 2.811541e+00 1.396068e+00) (-1.593743e-01 -9.766208e-03 -6.993888e-03))
503.45        	((7.027324e+00 1.135359e+03 8.609390e+02) (-1.599830e-02 6.002591e+00 2.420586e+00)) ((-2.611654e+02 2.810033e+00 1.397043e+00) (-1.593923e-01 -9.629004e-03 -6.954228e-03))
503.46        	((7.036559e+00 1.135360e+03 8.609428e+02) (-1.642463e-02 6.003624e+00 2.421065e+00)) ((-2.611627e+02 2.809049e+00 1.396455e+00) (-1.593866e-01 -9.779018e-03 -7.011010e-03))
503.47        	((7.041046e+00 1.135354e+03 8.609468e+02) (-1.601847e-02 6.004747e+00 2.421445e+00)) ((-2.611602e+02 2.808110e+00 1.396963e+00) (-1.594007e-01 -9.642778e-03 -6.970554e-03))
503.48        	((7.049920e+00 1.135354e+03 8.609506e+02) (-1.645404e-02 6.005766e+00 2.421918e+00)) ((-2.611604e+02 2.808654e+00 1.395785e+00) (-1.593892e-01 -9.796937e-03 -7.026864e-03))
503.49        	((7.055744e+00 1.135347e+03 8.609549e+02) (-1.605353e-02 6.006887e+00 2.422305e+00)) ((-2.611589e+02 2.808348e+00 1.396061e+00) (-1.594069e-01 -9.660377e-03 -6.987362e-03))
503.5         	((7.066420e+00 1.135347e+03 8.609596e+02) (-1.647800e-02 6.007918e+00 2.422784e+00)) ((-2.611592e+02 2.809123e+00 1.394846e+00) (-1.594034e-01 -9.807985e-03 -7.043509e-03))
503.51        	((7.077867e+00 1.135349e+03 8.609648e+02) (-1.606595e-02 6.009042e+00 2.423160e+00)) ((-2.611554e+02 2.808249e+00 1.395653e+00) (-1.594213e-01 -9.668017e-03 -7.002129e-03))
503.52        	((7.084378e+00 1.135348e+03 8.609685e+02) (-1.649230e-02 6.010057e+00 2.423624e+00)) ((-2.611576e+02 2.809356e+00 1.394413e+00) (-1.594093e-01 -9.818393e-03 -7.055683e-03))
503.53        	((7.089593e+00 1.135340e+03 8.609737e+02) (-1.608959e-02 6.011171e+00 2.424004e+00)) ((-2.611569e+02 2.809385e+00 1.394298e+00) (-1.594247e-01 -9.680753e-03 -7.014223e-03))
503.54        	((7.097433e+00 1.135340e+03 8.609797e+02) (-1.651622e-02 6.012197e+00 2.424480e+00)) ((-2.611575e+02 2.809696e+00 1.392506e+00) (-1.594212e-01 -9.827869e-03 -7.069297e-03))
503.55        	((7.101741e+00 1.135340e+03 8.609883e+02) (-1.610704e-02 6.013323e+00 2.424860e+00)) ((-2.611577e+02 2.809464e+00 1.393248e+00) (-1.594407e-01 -9.686843e-03 -7.027917e-03))
503.56        	((7.106638e+00 1.135341e+03 8.609919e+02) (-1.653605e-02 6.014338e+00 2.425322e+00)) ((-2.611592e+02 2.809404e+00 1.391457e+00) (-1.594297e-01 -9.836975e-03 -7.081435e-03))
503.57        	((7.109935e+00 1.135338e+03 8.609966e+02) (-1.613636e-02 6.015446e+00 2.425694e+00)) ((-2.611576e+02 2.807789e+00 1.390690e+00) (-1.594417e-01 -9.700436e-03 -7.038505e-03))
503.58        	((7.117174e+00 1.135341e+03 8.610021e+02) (-1.656878e-02 6.016465e+00 2.426169e+00)) ((-2.611578e+02 2.807083e+00 1.388420e+00) (-1.594352e-01 -9.849433e-03 -7.093083e-03))
503.59        	((7.122462e+00 1.135339e+03 8.610080e+02) (-1.615489e-02 6.017593e+00 2.426552e+00)) ((-2.611555e+02 2.805171e+00 1.387801e+00) (-1.594564e-01 -9.705750e-03 -7.051180e-03))
503.6         	((7.132887e+00 1.135343e+03 8.610148e+02) (-1.657642e-02 6.018615e+00 2.427012e+00)) ((-2.611538e+02 2.803889e+00 1.385928e+00) (-1.594480e-01 -9.853173e-03 -7.104457e-03))
503.61        	((7.138581e+00 1.135339e+03 8.610199e+02) (-1.616971e-02 6.019722e+00 2.427375e+00)) ((-2.611513e+02 2.802329e+00 1.385997e+00) (-1.594571e-01 -9.715649e-03 -7.060158e-03))
503.62        	((7.148743e+00 1.135340e+03 8.610251e+02) (-1.660766e-02 6.020732e+00 2.427845e+00)) ((-2.611499e+02 2.801684e+00 1.384682e+00) (-1.594452e-01 -9.867720e-03 -7.113756e-03))
503.63        	((7.154655e+00 1.135334e+03 8.610291e+02) (-1.619376e-02 6.021857e+00 2.428228e+00)) ((-2.611470e+02 2.800028e+00 1.384704e+00) (-1.594673e-01 -9.722850e-03 -7.071031e-03))
503.64        	((7.164754e+00 1.135334e+03 8.610325e+02) (-1.661640e-02 6.022885e+00 2.428692e+00)) ((-2.611459e+02 2.799224e+00 1.382894e+00) (-1.594627e-01 -9.867851e-03 -7.124162e-03))
503.65        	((7.170210e+00 1.135328e+03 8.610360e+02) (-1.620159e-02 6.023994e+00 2.429049e+00)) ((-2.611433e+02 2.797651e+00 1.382475e+00) (-1.594744e-01 -9.726245e-03 -7.078614e-03))
503.66        	((7.180889e+00 1.135332e+03 8.610417e+02) (-1.664474e-02 6.024996e+00 2.429508e+00)) ((-2.611425e+02 2.796844e+00 1.380611e+00) (-1.594590e-01 -9.879996e-03 -7.131070e-03))
503.67        	((7.187291e+00 1.135329e+03 8.610464e+02) (-1.623295e-02 6.026113e+00 2.429889e+00)) ((-2.611421e+02 2.796014e+00 1.379721e+00) (-1.594788e-01 -9.735455e-03 -7.087484e-03))
503.68        	((7.192589e+00 1.135328e+03 8.610486e+02) (-1.665583e-02 6.027142e+00 2.430362e+00)) ((-2.611439e+02 2.795818e+00 1.377587e+00) (-1.594797e-01 -9.877707e-03 -7.141241e-03))
503.69        	((7.197734e+00 1.135321e+03 8.610521e+02) (-1.622973e-02 6.028258e+00 2.430719e+00)) ((-2.611426e+02 2.794121e+00 1.376063e+00) (-1.594966e-01 -9.729952e-03 -7.094814e-03))
503.7         	((7.207756e+00 1.135319e+03 8.610584e+02) (-1.666903e-02 6.029252e+00 2.431166e+00)) ((-2.611413e+02 2.792781e+00 1.372724e+00) (-1.594799e-01 -9.882330e-03 -7.145184e-03))
503.71        	((7.213276e+00 1.135313e+03 8.610664e+02) (-1.626224e-02 6.030356e+00 2.431540e+00)) ((-2.611359e+02 2.789962e+00 1.371737e+00) (-1.594936e-01 -9.740632e-03 -7.099829e-03))
503.72        	((7.220771e+00 1.135317e+03 8.610730e+02) (-1.669570e-02 6.031383e+00 2.432019e+00)) ((-2.611337e+02 2.788007e+00 1.369298e+00) (-1.594950e-01 -9.886101e-03 -7.154695e-03))
503.73        	((7.223811e+00 1.135313e+03 8.610768e+02) (-1.626293e-02 6.032513e+00 2.432383e+00)) ((-2.611318e+02 2.785731e+00 1.368438e+00) (-1.595175e-01 -9.735096e-03 -7.109001e-03))
503.74        	((7.231911e+00 1.135317e+03 8.610808e+02) (-1.670149e-02 6.033513e+00 2.432824e+00)) ((-2.611326e+02 2.784377e+00 1.365911e+00) (-1.595007e-01 -9.887965e-03 -7.159642e-03))
503.75        	((7.241394e+00 1.135318e+03 8.610876e+02) (-1.629635e-02 6.034605e+00 2.433184e+00)) ((-2.611298e+02 2.781661e+00 1.366289e+00) (-1.595072e-01 -9.748457e-03 -7.112528e-03))
503.76        	((7.252290e+00 1.135326e+03 8.610937e+02) (-1.673797e-02 6.035622e+00 2.433666e+00)) ((-2.611334e+02 2.780107e+00 1.362518e+00) (-1.595038e-01 -9.896450e-03 -7.166823e-03))
503.77        	((7.257015e+00 1.135320e+03 8.610958e+02) (-1.629514e-02 6.036762e+00 2.434045e+00)) ((-2.611329e+02 2.778310e+00 1.361187e+00) (-1.595331e-01 -9.739073e-03 -7.121927e-03))
503.78        	((7.266725e+00 1.135319e+03 8.611002e+02) (-1.671763e-02 6.037774e+00 2.434487e+00)) ((-2.611325e+02 2.777045e+00 1.357927e+00) (-1.595218e-01 -9.885534e-03 -7.172142e-03))
503.79        	((7.274232e+00 1.135310e+03 8.611072e+02) (-1.630444e-02 6.038858e+00 2.434830e+00)) ((-2.611266e+02 2.774498e+00 1.356619e+00) (-1.595226e-01 -9.745653e-03 -7.122901e-03))
503.8         	((7.282931e+00 1.135307e+03 8.611139e+02) (-1.676256e-02 6.039854e+00 2.435304e+00)) ((-2.611220e+02 2.772721e+00 1.353873e+00) (-1.595085e-01 -9.901675e-03 -7.176674e-03))
503.81        	((7.286094e+00 1.135299e+03 8.611183e+02) (-1.633192e-02 6.040991e+00 2.435697e+00)) ((-2.611171e+02 2.769237e+00 1.352551e+00) (-1.595400e-01 -9.746719e-03 -7.133502e-03))
503.82        	((7.293460e+00 1.135301e+03 8.611205e+02) (-1.674821e-02 6.042023e+00 2.436152e+00)) ((-2.611182e+02 2.767563e+00 1.349219e+00) (-1.595380e-01 -9.887848e-03 -7.185743e-03))
503.83        	((7.298604e+00 1.135296e+03 8.611238e+02) (-1.632499e-02 6.043111e+00 2.436483e+00)) ((-2.611173e+02 2.764947e+00 1.347572e+00) (-1.595398e-01 -9.745033e-03 -7.135696e-03))
503.84        	((7.309743e+00 1.135300e+03 8.611303e+02) (-1.679052e-02 6.044086e+00 2.436937e+00)) ((-2.611180e+02 2.762787e+00 1.344192e+00) (-1.595161e-01 -9.905895e-03 -7.187227e-03))
503.85        	((7.318051e+00 1.135298e+03 8.611389e+02) (-1.636983e-02 6.045208e+00 2.437334e+00)) ((-2.611155e+02 2.759066e+00 1.342444e+00) (-1.595434e-01 -9.753909e-03 -7.143323e-03))
503.86        	((7.329312e+00 1.135304e+03 8.611467e+02) (-1.678255e-02 6.046257e+00 2.437812e+00)) ((-2.611152e+02 2.756284e+00 1.338948e+00) (-1.595537e-01 -9.889625e-03 -7.197753e-03))
503.87        	((7.336691e+00 1.135303e+03 8.611553e+02) (-1.633680e-02 6.047366e+00 2.438143e+00)) ((-2.611117e+02 2.752442e+00 1.337385e+00) (-1.595636e-01 -9.738045e-03 -7.147396e-03))
503.88        	((7.347601e+00 1.135308e+03 8.611643e+02) (-1.679974e-02 6.048330e+00 2.438575e+00)) ((-2.611111e+02 2.749837e+00 1.333774e+00) (-1.595306e-01 -9.901574e-03 -7.196540e-03))
503.89        	((7.357248e+00 1.135300e+03 8.611665e+02) (-1.639753e-02 6.049423e+00 2.438960e+00)) ((-2.611083e+02 2.747194e+00 1.332026e+00) (-1.595425e-01 -9.758627e-03 -7.150500e-03))
503.9         	((7.364930e+00 1.135299e+03 8.611688e+02) (-1.682254e-02 6.050472e+00 2.439465e+00)) ((-2.611099e+02 2.745269e+00 1.328230e+00) (-1.595591e-01 -9.893043e-03 -7.206498e-03))
503.91        	((7.371777e+00 1.135293e+03 8.611720e+02) (-1.635780e-02 6.051609e+00 2.439815e+00)) ((-2.611085e+02 2.741101e+00 1.324900e+00) (-1.595855e-01 -9.728060e-03 -7.156758e-03))
503.92        	((7.384387e+00 1.135294e+03 8.611789e+02) (-1.680470e-02 6.052579e+00 2.440228e+00)) ((-2.611071e+02 2.736783e+00 1.319526e+00) (-1.595544e-01 -9.885801e-03 -7.203855e-03))
503.93        	((7.393817e+00 1.135289e+03 8.611885e+02) (-1.641334e-02 6.053638e+00 2.440584e+00)) ((-2.611020e+02 2.731521e+00 1.316517e+00) (-1.595486e-01 -9.751515e-03 -7.154382e-03))
503.94        	((7.405174e+00 1.135291e+03 8.611961e+02) (-1.686957e-02 6.054661e+00 2.441098e+00)) ((-2.611002e+02 2.727691e+00 1.312191e+00) (-1.595555e-01 -9.897595e-03 -7.211563e-03))
503.95        	((7.412230e+00 1.135288e+03 8.612012e+02) (-1.639931e-02 6.055830e+00 2.441488e+00)) ((-2.610973e+02 2.722614e+00 1.309095e+00) (-1.596015e-01 -9.723957e-03 -7.165640e-03))
503.96        	((7.423019e+00 1.135290e+03 8.612058e+02) (-1.682154e-02 6.056830e+00 2.441899e+00)) ((-2.610973e+02 2.718630e+00 1.304252e+00) (-1.595824e-01 -9.870375e-03 -7.212504e-03))
503.97        	((7.433537e+00 1.135285e+03 8.612119e+02) (-1.642774e-02 6.057870e+00 2.442217e+00)) ((-2.610947e+02 2.713421e+00 1.300696e+00) (-1.595637e-01 -9.738525e-03 -7.158720e-03))
503.98        	((7.452421e+00 1.135289e+03 8.612240e+02) (-1.691504e-02 6.058841e+00 2.442711e+00)) ((-2.610911e+02 2.707077e+00 1.295005e+00) (-1.595490e-01 -9.898903e-03 -7.213034e-03))
503.99        	((7.473932e+00 1.135290e+03 8.612380e+02) (-1.645408e-02 6.060018e+00 2.443141e+00)) ((-2.610874e+02 2.699282e+00 1.290524e+00) (-1.596075e-01 -9.723143e-03 -7.170662e-03))
504           	((7.486170e+00 1.135290e+03 8.612414e+02) (-1.684227e-02 6.061065e+00 2.443581e+00)) ((-2.610873e+02 2.694294e+00 1.284758e+00) (-1.596143e-01 -9.852365e-03 -7.219923e-03))
504.01        	((7.497082e+00 1.135283e+03 8.612460e+02) (-1.641833e-02 6.062114e+00 2.443866e+00)) ((-2.610839e+02 2.687758e+00 1.280257e+00) (-1.595979e-01 -9.713460e-03 -7.162994e-03))
504.02        	((7.512712e+00 1.135282e+03 8.612532e+02) (-1.692485e-02 6.063036e+00 2.444311e+00)) ((-2.610810e+02 2.681735e+00 1.273973e+00) (-1.595569e-01 -9.887455e-03 -7.211519e-03))
504.03        	((7.523492e+00 1.135278e+03 8.612616e+02) (-1.651680e-02 6.064163e+00 2.444753e+00)) ((-2.610746e+02 2.673881e+00 1.269182e+00) (-1.596017e-01 -9.727270e-03 -7.169079e-03))
504.04        	((7.540413e+00 1.135286e+03 8.612687e+02) (-1.690115e-02 6.065259e+00 2.445256e+00)) ((-2.610729e+02 2.665036e+00 1.260279e+00) (-1.596444e-01 -9.839484e-03 -7.224079e-03))
504.05        	((7.560907e+00 1.135284e+03 8.612783e+02) (-1.643522e-02 6.066352e+00 2.445538e+00)) ((-2.610691e+02 2.655610e+00 1.253882e+00) (-1.596492e-01 -9.680412e-03 -7.166269e-03))
504.06        	((7.580006e+00 1.135283e+03 8.612839e+02) (-1.693229e-02 6.067249e+00 2.445928e+00)) ((-2.610702e+02 2.649023e+00 1.245576e+00) (-1.595921e-01 -9.857211e-03 -7.209113e-03))
504.07        	((7.606362e+00 1.135282e+03 8.612999e+02) (-1.656968e-02 6.068288e+00 2.446331e+00)) ((-2.610668e+02 2.640384e+00 1.240105e+00) (-1.596009e-01 -9.719676e-03 -7.161080e-03))
504.08        	((7.627805e+00 1.135284e+03 8.613061e+02) (-1.698415e-02 6.069381e+00 2.446905e+00)) ((-2.610668e+02 2.630877e+00 1.230098e+00) (-1.596622e-01 -9.829325e-03 -7.220646e-03))
504.09        	((7.647783e+00 1.135280e+03 8.613123e+02) (-1.647220e-02 6.070540e+00 2.447238e+00)) ((-2.610632e+02 2.618336e+00 1.220555e+00) (-1.597117e-01 -9.637561e-03 -7.164577e-03))
504.1         	((7.675166e+00 1.135283e+03 8.613225e+02) (-1.693519e-02 6.071441e+00 2.447590e+00)) ((-2.610588e+02 2.605303e+00 1.209057e+00) (-1.596596e-01 -9.799763e-03 -7.201030e-03))
504.11        	((7.701889e+00 1.135279e+03 8.613381e+02) (-1.661439e-02 6.072407e+00 2.447933e+00)) ((-2.610491e+02 2.590882e+00 1.199857e+00) (-1.596341e-01 -9.681940e-03 -7.146768e-03))
504.12        	((7.731363e+00 1.135286e+03 8.613546e+02) (-1.711767e-02 6.073390e+00 2.448517e+00)) ((-2.610420e+02 2.576782e+00 1.188516e+00) (-1.596626e-01 -9.821166e-03 -7.203672e-03))
504.13        	((7.769558e+00 1.135291e+03 8.613714e+02) (-1.658035e-02 6.074616e+00 2.448958e+00)) ((-2.610354e+02 2.558638e+00 1.175273e+00) (-1.597704e-01 -9.596702e-03 -7.155233e-03))
504.14        	((7.797801e+00 1.135289e+03 8.613757e+02) (-1.699851e-02 6.075572e+00 2.449314e+00)) ((-2.610357e+02 2.545205e+00 1.161291e+00) (-1.597551e-01 -9.728422e-03 -7.189573e-03))
504.15        	((7.832876e+00 1.135281e+03 8.613849e+02) (-1.665052e-02 6.076487e+00 2.449564e+00)) ((-2.610312e+02 2.527755e+00 1.146943e+00) (-1.597148e-01 -9.600941e-03 -7.119871e-03))
504.16        	((7.877183e+00 1.135280e+03 8.613985e+02) (-1.723738e-02 6.077319e+00 2.450051e+00)) ((-2.610271e+02 2.508882e+00 1.129613e+00) (-1.596963e-01 -9.770892e-03 -7.165653e-03))
504.17        	((7.923439e+00 1.135281e+03 8.614157e+02) (-1.682032e-02 6.078493e+00 2.450575e+00)) ((-2.610171e+02 2.483357e+00 1.110842e+00) (-1.598321e-01 -9.559227e-03 -7.125837e-03))
504.18        	((7.975830e+00 1.135292e+03 8.614344e+02) (-1.717335e-02 6.079547e+00 2.450992e+00)) ((-2.610065e+02 2.455754e+00 1.089063e+00) (-1.599094e-01 -9.634107e-03 -7.165950e-03))
504.19        	((8.026805e+00 1.135296e+03 8.614573e+02) (-1.677018e-02 6.080526e+00 2.451184e+00)) ((-2.609916e+02 2.428064e+00 1.070081e+00) (-1.598603e-01 -9.493977e-03 -7.086951e-03))
504.2         	((8.084392e+00 1.135305e+03 8.614823e+02) (-1.732357e-02 6.081302e+00 2.451579e+00)) ((-2.609798e+02 2.402732e+00 1.050050e+00) (-1.598319e-01 -9.676724e-03 -7.136741e-03))
504.21        	((8.142330e+00 1.135308e+03 8.615073e+02) (-1.700730e-02 6.082231e+00 2.451982e+00)) ((-2.609672e+02 2.373832e+00 1.028848e+00) (-1.599275e-01 -9.540184e-03 -7.116783e-03))
504.22        	((8.208233e+00 1.135320e+03 8.615284e+02) (-1.738258e-02 6.083222e+00 2.452493e+00)) ((-2.609581e+02 2.341020e+00 1.001589e+00) (-1.601251e-01 -9.626101e-03 -7.211044e-03))
504.23        	((8.278027e+00 1.135329e+03 8.615524e+02) (-1.682160e-02 6.084185e+00 2.452636e+00)) ((-2.609433e+02 2.302710e+00 9.731872e-01) (-1.603096e-01 -9.420273e-03 -7.191687e-03))
504.24        	((8.360315e+00 1.135344e+03 8.615815e+02) (-1.731555e-02 6.084782e+00 2.452786e+00)) ((-2.609283e+02 2.262868e+00 9.413958e-01) (-1.604262e-01 -9.590543e-03 -7.281300e-03))
504.25        	((8.455989e+00 1.135362e+03 8.616220e+02) (-1.696790e-02 6.085428e+00 2.452935e+00)) ((-2.609092e+02 2.218375e+00 9.090231e-01) (-1.606581e-01 -9.445130e-03 -7.296484e-03))
504.26        	((8.544013e+00 1.135381e+03 8.616540e+02) (-1.750879e-02 6.086199e+00 2.453421e+00)) ((-2.608870e+02 2.171304e+00 8.740240e-01) (-1.608542e-01 -9.561551e-03 -7.387195e-03))
504.27        	((8.617083e+00 1.135401e+03 8.616867e+02) (-1.706769e-02 6.087506e+00 2.453938e+00)) ((-2.608558e+02 2.125403e+00 8.458384e-01) (-1.608999e-01 -9.318713e-03 -7.291624e-03))
504.28        	((8.692837e+00 1.135427e+03 8.617183e+02) (-1.753707e-02 6.088540e+00 2.454303e+00)) ((-2.608276e+02 2.082202e+00 8.172293e-01) (-1.608041e-01 -9.442807e-03 -7.278526e-03))
504.29        	((8.772081e+00 1.135439e+03 8.617505e+02) (-1.720160e-02 6.089494e+00 2.454571e+00)) ((-2.608015e+02 2.039587e+00 7.896532e-01) (-1.607307e-01 -9.314232e-03 -7.192005e-03))
504.3         	((8.855827e+00 1.135455e+03 8.617810e+02) (-1.780366e-02 6.090347e+00 2.455093e+00)) ((-2.607838e+02 1.999310e+00 7.593105e-01) (-1.606921e-01 -9.510687e-03 -7.244476e-03))
504.31        	((8.938372e+00 1.135473e+03 8.618094e+02) (-1.728233e-02 6.091576e+00 2.455651e+00)) ((-2.607702e+02 1.959158e+00 7.300333e-01) (-1.608126e-01 -9.302425e-03 -7.213146e-03))
504.32        	((9.009306e+00 1.135482e+03 8.618246e+02) (-1.759908e-02 6.092680e+00 2.456100e+00)) ((-2.607597e+02 1.919801e+00 6.975418e-01) (-1.608461e-01 -9.425633e-03 -7.274348e-03))
504.33        	((9.074497e+00 1.135482e+03 8.618437e+02) (-1.711995e-02 6.093652e+00 2.456299e+00)) ((-2.607443e+02 1.882912e+00 6.703910e-01) (-1.607792e-01 -9.318752e-03 -7.221984e-03))
504.34        	((9.140987e+00 1.135488e+03 8.618666e+02) (-1.761242e-02 6.094504e+00 2.456725e+00)) ((-2.607314e+02 1.851551e+00 6.455697e-01) (-1.606956e-01 -9.541606e-03 -7.286005e-03))
504.35        	((9.200017e+00 1.135489e+03 8.618903e+02) (-1.721756e-02 6.095551e+00 2.457183e+00)) ((-2.607180e+02 1.821829e+00 6.245831e-01) (-1.606833e-01 -9.437477e-03 -7.259413e-03))
504.36        	((9.256680e+00 1.135499e+03 8.619070e+02) (-1.757772e-02 6.096758e+00 2.457839e+00)) ((-2.607100e+02 1.793191e+00 6.015207e-01) (-1.607477e-01 -9.559335e-03 -7.337189e-03))
504.37        	((9.303566e+00 1.135503e+03 8.619201e+02) (-1.693077e-02 6.098027e+00 2.458152e+00)) ((-2.607005e+02 1.767264e+00 5.830891e-01) (-1.607054e-01 -9.376901e-03 -7.266142e-03))
504.38        	((9.349180e+00 1.135507e+03 8.619325e+02) (-1.741427e-02 6.098926e+00 2.458469e+00)) ((-2.606958e+02 1.747600e+00 5.664250e-01) (-1.605733e-01 -9.601569e-03 -7.308819e-03))
504.39        	((9.383048e+00 1.135504e+03 8.619464e+02) (-1.707330e-02 6.100013e+00 2.458874e+00)) ((-2.606895e+02 1.732971e+00 5.562289e-01) (-1.604701e-01 -9.522122e-03 -7.260371e-03))
504.4         	((9.416108e+00 1.135510e+03 8.619600e+02) (-1.753278e-02 6.101016e+00 2.459449e+00)) ((-2.606855e+02 1.719714e+00 5.453592e-01) (-1.604795e-01 -9.691602e-03 -7.332616e-03))
504.41        	((9.438541e+00 1.135516e+03 8.619729e+02) (-1.697093e-02 6.102402e+00 2.459960e+00)) ((-2.606775e+02 1.706562e+00 5.384202e-01) (-1.605130e-01 -9.513507e-03 -7.297991e-03))
504.42        	((9.465745e+00 1.135525e+03 8.619838e+02) (-1.728657e-02 6.103340e+00 2.460253e+00)) ((-2.606724e+02 1.694031e+00 5.289330e-01) (-1.605431e-01 -9.653786e-03 -7.359197e-03))
504.43        	((9.482901e+00 1.135525e+03 8.619995e+02) (-1.682636e-02 6.104452e+00 2.460558e+00)) ((-2.606634e+02 1.687934e+00 5.277117e-01) (-1.603427e-01 -9.572928e-03 -7.278079e-03))
504.44        	((9.514725e+00 1.135535e+03 8.620182e+02) (-1.738431e-02 6.105087e+00 2.460910e+00)) ((-2.606632e+02 1.678703e+00 5.190832e-01) (-1.604959e-01 -9.748450e-03 -7.378813e-03))
504.45        	((9.515043e+00 1.135531e+03 8.620221e+02) (-1.682672e-02 6.106680e+00 2.461635e+00)) ((-2.606611e+02 1.677910e+00 5.200460e-01) (-1.602945e-01 -9.602449e-03 -7.288747e-03))
504.46        	((9.536224e+00 1.135530e+03 8.620256e+02) (-1.716568e-02 6.107312e+00 2.461820e+00)) ((-2.606610e+02 1.665873e+00 5.084689e-01) (-1.607560e-01 -9.657433e-03 -7.434800e-03))
504.47        	((9.534238e+00 1.135524e+03 8.620310e+02) (-1.665490e-02 6.108812e+00 2.462274e+00)) ((-2.606555e+02 1.666037e+00 5.116485e-01) (-1.602815e-01 -9.600297e-03 -7.290181e-03))
504.48        	((9.562181e+00 1.135519e+03 8.620406e+02) (-1.716174e-02 6.109123e+00 2.462407e+00)) ((-2.606529e+02 1.655251e+00 5.013232e-01) (-1.606486e-01 -9.759165e-03 -7.449689e-03))
504.49        	((9.561238e+00 1.135512e+03 8.620500e+02) (-1.680150e-02 6.110618e+00 2.463112e+00)) ((-2.606485e+02 1.657793e+00 5.057851e-01) (-1.602651e-01 -9.706390e-03 -7.338280e-03))
504.5         	((9.586337e+00 1.135513e+03 8.620558e+02) (-1.717240e-02 6.111196e+00 2.463434e+00)) ((-2.606492e+02 1.645220e+00 4.931056e-01) (-1.608491e-01 -9.734510e-03 -7.512859e-03))
504.51        	((9.585992e+00 1.135508e+03 8.620640e+02) (-1.654590e-02 6.112984e+00 2.464029e+00)) ((-2.606426e+02 1.645895e+00 4.966004e-01) (-1.603616e-01 -9.596163e-03 -7.327154e-03))
504.52        	((9.603518e+00 1.135506e+03 8.620683e+02) (-1.709253e-02 6.113503e+00 2.464211e+00)) ((-2.606444e+02 1.639034e+00 4.888354e-01) (-1.605187e-01 -9.754836e-03 -7.407690e-03))
504.53        	((9.611779e+00 1.135509e+03 8.620786e+02) (-1.667478e-02 6.114647e+00 2.464650e+00)) ((-2.606459e+02 1.637414e+00 4.880460e-01) (-1.603526e-01 -9.696692e-03 -7.362777e-03))
504.54        	((9.630518e+00 1.135508e+03 8.620831e+02) (-1.724804e-02 6.115274e+00 2.465008e+00)) ((-2.606479e+02 1.630025e+00 4.795183e-01) (-1.607006e-01 -9.769926e-03 -7.458084e-03))
504.55        	((9.624253e+00 1.135508e+03 8.620868e+02) (-1.668187e-02 6.117165e+00 2.465778e+00)) ((-2.606445e+02 1.631907e+00 4.838226e-01) (-1.602791e-01 -9.616387e-03 -7.289416e-03))
504.56        	((9.634080e+00 1.135509e+03 8.620915e+02) (-1.714197e-02 6.117917e+00 2.466109e+00)) ((-2.606440e+02 1.627662e+00 4.794235e-01) (-1.603842e-01 -9.722203e-03 -7.334024e-03))
504.57        	((9.658103e+00 1.135502e+03 8.621020e+02) (-1.657648e-02 6.118109e+00 2.465911e+00)) ((-2.606390e+02 1.614786e+00 4.696349e-01) (-1.609756e-01 -9.606785e-03 -7.499967e-03))
504.58        	((9.651716e+00 1.135506e+03 8.621115e+02) (-1.712512e-02 6.119708e+00 2.466810e+00)) ((-2.606366e+02 1.623201e+00 4.770996e-01) (-1.603071e-01 -9.897536e-03 -7.423180e-03))
504.59        	((9.661058e+00 1.135501e+03 8.621153e+02) (-1.675177e-02 6.120700e+00 2.467280e+00)) ((-2.606362e+02 1.616490e+00 4.718700e-01) (-1.605990e-01 -9.631459e-03 -7.384204e-03))
504.6         	((9.658305e+00 1.135505e+03 8.621147e+02) (-1.697704e-02 6.122084e+00 2.467856e+00)) ((-2.606392e+02 1.618432e+00 4.720078e-01) (-1.604121e-01 -9.803143e-03 -7.422296e-03))
504.61        	((9.674511e+00 1.135497e+03 8.621168e+02) (-1.665443e-02 6.122719e+00 2.467822e+00)) ((-2.606397e+02 1.608652e+00 4.633752e-01) (-1.606720e-01 -9.569108e-03 -7.358559e-03))
504.62        	((9.670856e+00 1.135498e+03 8.621221e+02) (-1.713676e-02 6.124121e+00 2.468504e+00)) ((-2.606393e+02 1.616048e+00 4.691932e-01) (-1.601498e-01 -9.839078e-03 -7.317227e-03))
504.63        	((9.670216e+00 1.135491e+03 8.621301e+02) (-1.689553e-02 6.125063e+00 2.469023e+00)) ((-2.606371e+02 1.618814e+00 4.733050e-01) (-1.601703e-01 -9.650455e-03 -7.219549e-03))
504.64        	((9.685221e+00 1.135496e+03 8.621356e+02) (-1.701330e-02 6.125509e+00 2.469235e+00)) ((-2.606368e+02 1.611161e+00 4.657067e-01) (-1.608828e-01 -9.818440e-03 -7.575423e-03))
504.65        	((9.668445e+00 1.135488e+03 8.621319e+02) (-1.637358e-02 6.127129e+00 2.469765e+00)) ((-2.606338e+02 1.617523e+00 4.731616e-01) (-1.605130e-01 -9.698117e-03 -7.443794e-03))
504.66        	((9.676076e+00 1.135486e+03 8.621332e+02) (-1.711127e-02 6.127846e+00 2.470012e+00)) ((-2.606360e+02 1.615516e+00 4.695717e-01) (-1.605242e-01 -9.764607e-03 -7.382123e-03))
504.67        	((9.668306e+00 1.135480e+03 8.621354e+02) (-1.666981e-02 6.129171e+00 2.470548e+00)) ((-2.606359e+02 1.622696e+00 4.767725e-01) (-1.602037e-01 -9.760610e-03 -7.330870e-03))
504.68        	((9.670146e+00 1.135479e+03 8.621365e+02) (-1.732244e-02 6.130262e+00 2.471253e+00)) ((-2.606432e+02 1.627776e+00 4.780782e-01) (-1.601111e-01 -9.841849e-03 -7.281900e-03))
504.69        	((9.676804e+00 1.135476e+03 8.621374e+02) (-1.674693e-02 6.131190e+00 2.471461e+00)) ((-2.606441e+02 1.621903e+00 4.737298e-01) (-1.605340e-01 -9.613729e-03 -7.335458e-03))
504.7         	((9.664563e+00 1.135481e+03 8.621374e+02) (-1.694763e-02 6.132334e+00 2.471893e+00)) ((-2.606451e+02 1.629922e+00 4.801108e-01) (-1.603523e-01 -9.862894e-03 -7.427920e-03))
504.71        	((9.652052e+00 1.135477e+03 8.621403e+02) (-1.667084e-02 6.133297e+00 2.472224e+00)) ((-2.606426e+02 1.637533e+00 4.887309e-01) (-1.602285e-01 -9.713373e-03 -7.301641e-03))
504.72        	((9.650734e+00 1.135477e+03 8.621444e+02) (-1.727428e-02 6.134029e+00 2.472629e+00)) ((-2.606436e+02 1.642474e+00 4.917469e-01) (-1.603111e-01 -9.876034e-03 -7.365014e-03))
504.73        	((9.638294e+00 1.135465e+03 8.621408e+02) (-1.658811e-02 6.135252e+00 2.473154e+00)) ((-2.606441e+02 1.650062e+00 4.992288e-01) (-1.604430e-01 -9.770112e-03 -7.435818e-03))
504.74        	((9.622531e+00 1.135469e+03 8.621395e+02) (-1.697344e-02 6.136572e+00 2.473753e+00)) ((-2.606462e+02 1.659156e+00 5.065386e-01) (-1.602792e-01 -9.869318e-03 -7.406822e-03))
504.75        	((9.595655e+00 1.135463e+03 8.621364e+02) (-1.665623e-02 6.137699e+00 2.474096e+00)) ((-2.606477e+02 1.674096e+00 5.207215e-01) (-1.600459e-01 -9.705069e-03 -7.237171e-03))
504.76        	((9.564782e+00 1.135459e+03 8.621330e+02) (-1.718508e-02 6.138614e+00 2.474623e+00)) ((-2.606542e+02 1.697496e+00 5.385060e-01) (-1.598569e-01 -9.923605e-03 -7.261295e-03))
504.77        	((9.520369e+00 1.135451e+03 8.621296e+02) (-1.680297e-02 6.139689e+00 2.475192e+00)) ((-2.606585e+02 1.725535e+00 5.639846e-01) (-1.597518e-01 -9.838974e-03 -7.221220e-03))
504.78        	((9.462963e+00 1.135454e+03 8.621221e+02) (-1.716799e-02 6.140836e+00 2.475967e+00)) ((-2.606647e+02 1.758906e+00 5.918647e-01) (-1.597552e-01 -9.998713e-03 -7.311611e-03))
504.79        	((9.393563e+00 1.135447e+03 8.621101e+02) (-1.658531e-02 6.142027e+00 2.476413e+00)) ((-2.606687e+02 1.795747e+00 6.254452e-01) (-1.597072e-01 -9.848278e-03 -7.266846e-03))
504.8         	((9.325038e+00 1.135447e+03 8.621013e+02) (-1.701968e-02 6.142886e+00 2.476852e+00)) ((-2.606751e+02 1.839204e+00 6.620176e-01) (-1.595234e-01 -1.008292e-02 -7.314478e-03))
504.81        	((9.244740e+00 1.135439e+03 8.620944e+02) (-1.659857e-02 6.143826e+00 2.477307e+00)) ((-2.606799e+02 1.889412e+00 7.070717e-01) (-1.594264e-01 -1.003190e-02 -7.301994e-03))
504.82        	((9.150042e+00 1.135439e+03 8.620864e+02) (-1.702837e-02 6.144746e+00 2.477982e+00)) ((-2.606876e+02 1.948588e+00 7.580928e-01) (-1.593830e-01 -1.027577e-02 -7.422932e-03))
504.83        	((9.035500e+00 1.135435e+03 8.620742e+02) (-1.637640e-02 6.145963e+00 2.478548e+00)) ((-2.606926e+02 2.012685e+00 8.166353e-01) (-1.594661e-01 -1.014749e-02 -7.461152e-03))
504.84        	((8.912515e+00 1.135431e+03 8.620573e+02) (-1.661873e-02 6.146936e+00 2.478988e+00)) ((-2.607010e+02 2.081735e+00 8.759987e-01) (-1.593961e-01 -1.037635e-02 -7.573757e-03))
504.85        	((8.790212e+00 1.135420e+03 8.620459e+02) (-1.614288e-02 6.147849e+00 2.479313e+00)) ((-2.607089e+02 2.154959e+00 9.410314e-01) (-1.592854e-01 -1.033939e-02 -7.567249e-03))
504.86        	((8.673632e+00 1.135413e+03 8.620350e+02) (-1.663504e-02 6.148687e+00 2.479897e+00)) ((-2.607230e+02 2.228856e+00 1.002588e+00) (-1.591737e-01 -1.060162e-02 -7.662344e-03))
504.87        	((8.553017e+00 1.135398e+03 8.620223e+02) (-1.613747e-02 6.149879e+00 2.480538e+00)) ((-2.607367e+02 2.298599e+00 1.062324e+00) (-1.591933e-01 -1.045620e-02 -7.644971e-03))
504.88        	((8.438564e+00 1.135391e+03 8.620072e+02) (-1.646542e-02 6.151029e+00 2.481119e+00)) ((-2.607529e+02 2.364922e+00 1.116215e+00) (-1.591485e-01 -1.059911e-02 -7.699574e-03))
504.89        	((8.326932e+00 1.135374e+03 8.619958e+02) (-1.603117e-02 6.152088e+00 2.481429e+00)) ((-2.607646e+02 2.427600e+00 1.169643e+00) (-1.590141e-01 -1.047419e-02 -7.614667e-03))
504.9         	((8.226132e+00 1.135362e+03 8.619886e+02) (-1.659522e-02 6.152966e+00 2.481906e+00)) ((-2.607780e+02 2.488512e+00 1.218909e+00) (-1.588434e-01 -1.067551e-02 -7.625969e-03))
504.91        	((8.126891e+00 1.135345e+03 8.619843e+02) (-1.632147e-02 6.154001e+00 2.482416e+00)) ((-2.607881e+02 2.544847e+00 1.267071e+00) (-1.587857e-01 -1.053493e-02 -7.547540e-03))
504.92        	((8.035119e+00 1.135338e+03 8.619767e+02) (-1.676862e-02 6.155138e+00 2.483089e+00)) ((-2.608002e+02 2.596026e+00 1.308454e+00) (-1.588377e-01 -1.061729e-02 -7.584320e-03))
504.93        	((7.947077e+00 1.135323e+03 8.619686e+02) (-1.618320e-02 6.156282e+00 2.483379e+00)) ((-2.608082e+02 2.641869e+00 1.348031e+00) (-1.588530e-01 -1.038481e-02 -7.491798e-03))
504.94        	((7.872008e+00 1.135314e+03 8.619646e+02) (-1.676309e-02 6.157086e+00 2.483696e+00)) ((-2.608166e+02 2.685802e+00 1.383797e+00) (-1.587526e-01 -1.058006e-02 -7.517676e-03))
504.95        	((7.800908e+00 1.135298e+03 8.619646e+02) (-1.640930e-02 6.158012e+00 2.484027e+00)) ((-2.608218e+02 2.726111e+00 1.418936e+00) (-1.587251e-01 -1.045985e-02 -7.466655e-03))
504.96        	((7.735521e+00 1.135292e+03 8.619639e+02) (-1.695111e-02 6.158934e+00 2.484589e+00)) ((-2.608292e+02 2.763673e+00 1.449549e+00) (-1.587725e-01 -1.061872e-02 -7.542420e-03))
504.97        	((7.667824e+00 1.135283e+03 8.619603e+02) (-1.635515e-02 6.160104e+00 2.484989e+00)) ((-2.608333e+02 2.796752e+00 1.479193e+00) (-1.589116e-01 -1.038360e-02 -7.504850e-03))
504.98        	((7.595683e+00 1.135281e+03 8.619570e+02) (-1.679870e-02 6.160994e+00 2.485309e+00)) ((-2.608375e+02 2.829354e+00 1.506199e+00) (-1.589231e-01 -1.053637e-02 -7.564507e-03))
504.99        	((7.542647e+00 1.135273e+03 8.619586e+02) (-1.645960e-02 6.161868e+00 2.485535e+00)) ((-2.608371e+02 2.859077e+00 1.534073e+00) (-1.589032e-01 -1.042516e-02 -7.521163e-03))
505           	((7.492402e+00 1.135271e+03 8.619612e+02) (-1.702368e-02 6.162661e+00 2.485997e+00)) ((-2.608392e+02 2.891266e+00 1.561684e+00) (-1.588819e-01 -1.060949e-02 -7.581292e-03))
