# Forces      
# CofR        : (0.000000e+00 0.000000e+00 0.000000e+00)
# Time        forces(pressure viscous)	moments(pressure viscous)
500           	((-2.956553e+00 1.463605e+04 6.911305e+03) (-1.273714e-04 4.170981e+00 1.821774e-01)) ((3.210867e+03 -1.767434e-01 7.177384e-01) (3.397231e-01 2.539294e-05 -3.520403e-05))
500.01        	((-4.430800e-01 1.138230e+04 5.537962e+03) (-4.228106e-03 2.432147e+00 -1.703646e-02)) ((2.121541e+03 -1.706300e-01 6.010002e-01) (-2.015692e-01 7.511309e-04 2.094425e-03))
500.02        	((6.053067e+00 1.854274e+03 8.246187e+02) (-5.626996e-03 1.137516e+00 -3.178159e-01)) ((-3.277975e+02 -5.034318e-01 -1.056898e+00) (-5.819007e-01 4.102576e-05 -2.400924e-04))
500.03        	((1.209554e+01 -5.012038e+03 -2.334190e+03) (-7.621093e-03 9.858751e-01 -5.314643e-01)) ((-2.010351e+03 -3.120817e+00 -5.003033e+00) (-6.139888e-01 2.512757e-03 5.837573e-04))
500.04        	((1.169698e+01 -4.838773e+03 -2.276446e+03) (-2.194240e-02 2.269178e+00 -5.872167e-01)) ((-1.671161e+03 -2.847534e+00 -5.225861e+00) (-2.152289e-01 1.117986e-02 6.117914e-03))
500.05        	((1.163964e+01 -4.349988e+02 -2.292877e+02) (-2.223828e-02 4.530064e+00 -2.657817e-01)) ((-1.691632e+02 -3.213244e+00 -4.378034e+00) (4.913034e-01 1.239244e-02 7.263106e-03))
500.06        	((1.472701e+01 3.270684e+03 1.476605e+03) (-2.933868e-02 5.651171e+00 -2.751636e-02)) ((9.412718e+02 -5.434964e+00 -5.152980e+00) (7.317606e-01 1.657763e-02 1.118487e-02))
500.07        	((6.534220e+00 4.070374e+03 1.849228e+03) (-4.473665e-02 5.101852e+00 1.449716e-01)) ((9.623718e+02 -4.004374e+00 -3.148512e+00) (4.040487e-01 2.172554e-02 1.523605e-02))
500.08        	((-1.152554e-01 2.718405e+03 1.207178e+03) (-5.470816e-02 3.510362e+00 3.918209e-02)) ((2.907936e+02 -2.021633e+00 -8.030444e-01) (-3.563235e-01 2.863651e-02 2.098583e-02))
500.09        	((-3.565359e+00 1.153175e+03 4.617162e+02) (-1.002068e-01 2.577600e+00 2.910925e-02)) ((-3.035639e+02 4.743958e-02 1.656700e+00) (-7.946626e-01 5.883418e-02 5.292363e-02))
500.1         	((-4.917426e+00 3.456821e+02 1.362587e+02) (2.624954e-02 3.208949e+00 8.484670e-02)) ((-4.738734e+02 3.089365e+00 3.026789e+00) (-5.796565e-01 2.461377e-03 3.194360e-03))
500.11        	((-8.367815e-01 5.278358e+02 2.568348e+02) (4.822258e-02 4.743517e+00 2.435052e-01)) ((-2.278150e+02 2.293158e+00 5.723445e-01) (-1.465618e-02 -8.797808e-03 -1.171467e-02))
500.12        	((1.746776e+00 1.103038e+03 5.097238e+02) (1.018945e-01 6.229917e+00 3.467795e-01)) ((8.707147e+01 4.670222e-01 -1.380166e+00) (5.135025e-01 -3.755368e-02 -3.398689e-02))
500.13        	((3.358693e+00 1.546490e+03 6.517126e+02) (8.817232e-02 6.347884e+00 5.081712e-01)) ((2.320925e+02 -2.055662e+00 -2.869321e+00) (4.836398e-01 -3.457247e-02 -2.356883e-02))
500.14        	((2.504600e-01 1.640574e+03 6.395642e+02) (4.874673e-02 5.817945e+00 6.654372e-01)) ((1.667499e+02 -2.188792e+00 -1.966146e+00) (1.916936e-01 -1.840406e-02 -6.372414e-03))
500.15        	((-2.923891e+00 1.475373e+03 5.418010e+02) (2.005300e-02 5.466096e+00 7.010212e-01)) ((4.058833e+00 -1.376908e+00 -6.358413e-01) (-3.563178e-02 -4.178878e-03 1.703535e-03))
500.16        	((-3.319511e+00 1.260696e+03 4.394596e+02) (-3.183708e-03 5.485238e+00 6.737812e-01)) ((-1.098688e+02 -8.336399e-01 -8.319647e-02) (-9.525273e-02 8.103732e-03 1.030727e-02))
500.17        	((-2.752580e+00 1.124806e+03 3.662576e+02) (-1.413644e-02 5.803812e+00 6.242655e-01)) ((-1.182560e+02 -3.220894e-01 4.748546e-02) (-8.129559e-03 1.469926e-02 1.368312e-02))
500.18        	((-2.602455e+00 1.089543e+03 3.189757e+02) (4.426830e-04 6.177180e+00 6.021512e-01)) ((-5.573354e+01 2.594218e-01 1.078958e-01) (1.301597e-01 8.196166e-03 7.556386e-03))
500.19        	((-3.613010e+00 1.118851e+03 2.927403e+02) (1.949402e-02 6.426111e+00 5.947895e-01)) ((7.944886e+00 8.840757e-01 3.008434e-01) (2.287026e-01 -1.553539e-03 6.310921e-04))
500.2         	((-5.097145e+00 1.167964e+03 2.854633e+02) (2.330479e-02 6.501478e+00 5.870799e-01)) ((2.788958e+01 1.280009e+00 6.399103e-01) (2.562106e-01 -4.542228e-03 2.212211e-04))
500.21        	((-5.889361e+00 1.207203e+03 2.907439e+02) (1.860341e-02 6.517944e+00 5.553467e-01)) ((5.377355e+00 1.269649e+00 9.246407e-01) (2.499817e-01 -3.146912e-03 2.831322e-03))
500.22        	((-5.694235e+00 1.218744e+03 2.929548e+02) (1.186870e-02 6.557752e+00 5.045519e-01)) ((-2.998593e+01 9.691824e-01 1.013737e+00) (2.478034e-01 -1.851414e-04 5.614081e-03))
500.23        	((-5.004877e+00 1.198797e+03 2.800083e+02) (8.506733e-03 6.641808e+00 4.462682e-01)) ((-5.100343e+01 6.758559e-01 9.057119e-01) (2.640013e-01 1.397513e-03 7.261631e-03))
500.24        	((-4.518355e+00 1.157871e+03 2.519591e+02) (6.674872e-03 6.736408e+00 3.880150e-01)) ((-5.098163e+01 7.092002e-01 7.376324e-01) (2.897193e-01 1.903601e-03 7.468456e-03))
500.25        	((-4.563259e+00 1.119273e+03 2.222914e+02) (5.360006e-03 6.806651e+00 3.262020e-01)) ((-3.976035e+01 9.844178e-01 6.981614e-01) (3.114747e-01 1.927545e-03 7.315005e-03))
500.26        	((-4.765295e+00 1.101329e+03 2.024403e+02) (3.990675e-03 6.835409e+00 2.588836e-01)) ((-3.167210e+01 1.164656e+00 7.815251e-01) (3.224866e-01 1.942102e-03 8.270455e-03))
500.27        	((-4.726804e+00 1.113306e+03 2.011801e+02) (2.454868e-03 6.840846e+00 1.887187e-01)) ((-3.165379e+01 1.101732e+00 8.539949e-01) (3.250263e-01 1.942396e-03 9.384350e-03))
500.28        	((-4.331670e+00 1.143434e+03 2.127809e+02) (1.231450e-03 6.842677e+00 1.196710e-01)) ((-3.809331e+01 8.751517e-01 8.309293e-01) (3.242257e-01 2.419419e-03 9.156679e-03))
500.29        	((-3.879595e+00 1.172715e+03 2.264220e+02) (-7.345195e-05 6.852531e+00 5.623409e-02)) ((-4.575145e+01 6.622773e-01 7.429941e-01) (3.243704e-01 3.092766e-03 9.208464e-03))
500.3         	((-3.487748e+00 1.189767e+03 2.351748e+02) (-2.111581e-03 6.874550e+00 -1.594517e-03)) ((-5.058278e+01 6.262694e-01 6.179634e-01) (3.257420e-01 3.493094e-03 8.645766e-03))
500.31        	((-3.289886e+00 1.197548e+03 2.394512e+02) (-3.555196e-03 6.895409e+00 -5.542105e-02)) ((-5.186789e+01 7.104114e-01 5.293177e-01) (3.246625e-01 3.865548e-03 8.308874e-03))
500.32        	((-3.182871e+00 1.208136e+03 2.443120e+02) (-4.264081e-03 6.906607e+00 -1.089902e-01)) ((-5.123296e+01 8.161834e-01 4.780255e-01) (3.193735e-01 3.898767e-03 7.812926e-03))
500.33        	((-3.036057e+00 1.229933e+03 2.536216e+02) (-4.668258e-03 6.908276e+00 -1.620616e-01)) ((-5.110475e+01 8.520287e-01 4.415955e-01) (3.107181e-01 3.874168e-03 7.416576e-03))
500.34        	((-2.804961e+00 1.262569e+03 2.676219e+02) (-5.020274e-03 6.906414e+00 -2.118359e-01)) ((-5.266023e+01 8.166213e-01 3.910990e-01) (3.012187e-01 3.740197e-03 7.082204e-03))
500.35        	((-2.488699e+00 1.300362e+03 2.844550e+02) (-5.227287e-03 6.911102e+00 -2.555169e-01)) ((-5.540639e+01 7.470884e-01 3.141388e-01) (2.920004e-01 3.725627e-03 6.903192e-03))
500.36        	((-2.162860e+00 1.338470e+03 3.022888e+02) (-5.141129e-03 6.924076e+00 -2.913325e-01)) ((-5.743635e+01 7.111246e-01 2.258571e-01) (2.857008e-01 3.247803e-03 6.450185e-03))
500.37        	((-1.916151e+00 1.374232e+03 3.194942e+02) (-4.435464e-03 6.949708e+00 -3.213025e-01)) ((-5.844033e+01 7.190900e-01 1.488006e-01) (2.755182e-01 2.857409e-03 5.898835e-03))
500.38        	((-1.854322e+00 1.411265e+03 3.371870e+02) (-3.484743e-03 6.980336e+00 -3.462982e-01)) ((-5.786088e+01 7.147075e-01 7.815625e-02) (2.663551e-01 2.584123e-03 5.603392e-03))
500.39        	((-1.826246e+00 1.454255e+03 3.580412e+02) (-3.352483e-03 7.013752e+00 -3.691160e-01)) ((-5.684986e+01 7.633197e-01 3.646459e-02) (2.541720e-01 1.947197e-03 4.629560e-03))
500.4         	((-1.829562e+00 1.501532e+03 3.806522e+02) (-3.059160e-03 7.051930e+00 -3.888373e-01)) ((-5.666524e+01 7.313215e-01 -1.871406e-02) (2.442572e-01 2.383899e-03 4.665001e-03))
500.41        	((-1.830865e+00 1.544513e+03 3.998304e+02) (-2.946830e-03 7.099148e+00 -4.057877e-01)) ((-5.934568e+01 6.373761e-01 -9.372517e-02) (2.317050e-01 2.055981e-03 4.149745e-03))
500.42        	((-1.589233e+00 1.580421e+03 4.145628e+02) (-3.423997e-03 7.148845e+00 -4.179745e-01)) ((-6.365817e+01 6.826015e-01 -8.195964e-02) (2.225457e-01 1.226412e-03 3.247929e-03))
500.43        	((-1.466624e+00 1.611707e+03 4.274003e+02) (-2.363455e-03 7.207583e+00 -4.273240e-01)) ((-6.777797e+01 6.690117e-01 -1.026666e-01) (2.128592e-01 1.378908e-03 3.186833e-03))
500.44        	((-1.321388e+00 1.642656e+03 4.409334e+02) (-2.599244e-03 7.271943e+00 -4.330420e-01)) ((-6.992491e+01 7.310125e-01 -8.785040e-02) (2.054521e-01 9.455518e-04 2.464437e-03))
500.45        	((-1.285545e+00 1.676840e+03 4.566705e+02) (-1.706772e-03 7.346183e+00 -4.370409e-01)) ((-7.043524e+01 7.473312e-01 -7.741889e-02) (1.972412e-01 1.006226e-03 2.453357e-03))
500.46        	((-1.307330e+00 1.714609e+03 4.736791e+02) (-1.055753e-03 7.422084e+00 -4.383930e-01)) ((-7.029751e+01 7.504662e-01 -9.106347e-02) (1.911845e-01 9.026651e-04 2.183522e-03))
500.47        	((-1.348242e+00 1.754370e+03 4.907428e+02) (-8.866162e-04 7.506631e+00 -4.394894e-01)) ((-7.117862e+01 7.402634e-01 -1.052099e-01) (1.841698e-01 7.843398e-04 2.015142e-03))
500.48        	((-1.313073e+00 1.793102e+03 5.063855e+02) (-8.476616e-04 7.591916e+00 -4.388229e-01)) ((-7.320511e+01 7.789714e-01 -1.008697e-01) (1.797931e-01 5.420782e-04 1.627578e-03))
500.49        	((-1.311727e+00 1.829426e+03 5.206991e+02) (-4.720945e-04 7.683624e+00 -4.377258e-01)) ((-7.610657e+01 8.099113e-01 -8.353766e-02) (1.756218e-01 6.183418e-04 1.629338e-03))
500.5         	((-1.338251e+00 1.863252e+03 5.340292e+02) (-2.174547e-04 7.776861e+00 -4.351344e-01)) ((-7.866609e+01 8.487068e-01 -7.765706e-02) (1.738980e-01 5.601134e-04 1.454899e-03))
500.51        	((-1.382838e+00 1.896214e+03 5.473686e+02) (-1.856117e-04 7.876112e+00 -4.323168e-01)) ((-8.055866e+01 8.908453e-01 -5.783191e-02) (1.720249e-01 5.787302e-04 1.409703e-03))
500.52        	((-1.441249e+00 1.929434e+03 5.608318e+02) (3.607537e-04 7.976440e+00 -4.285967e-01)) ((-8.156722e+01 9.292748e-01 -4.628404e-02) (1.720319e-01 3.715541e-04 1.146274e-03))
500.53        	((-1.500516e+00 1.963642e+03 5.745401e+02) (6.540105e-04 8.080301e+00 -4.251392e-01)) ((-8.246606e+01 9.674667e-01 -2.949129e-02) (1.716574e-01 2.854755e-04 9.769998e-04))
500.54        	((-1.570384e+00 1.998264e+03 5.880445e+02) (8.066468e-04 8.184132e+00 -4.217549e-01)) ((-8.354059e+01 9.963412e-01 -2.365684e-02) (1.725438e-01 2.894881e-04 9.459090e-04))
500.55        	((-1.642349e+00 2.032546e+03 6.011910e+02) (1.087808e-03 8.290072e+00 -4.190802e-01)) ((-8.521420e+01 1.031239e+00 -1.776928e-02) (1.733210e-01 1.903575e-04 8.184469e-04))
500.56        	((-1.743984e+00 2.065732e+03 6.137927e+02) (1.386328e-03 8.395384e+00 -4.162793e-01)) ((-8.712680e+01 1.066869e+00 -1.577528e-02) (1.752624e-01 1.095018e-04 7.289865e-04))
500.57        	((-1.840398e+00 2.097880e+03 6.261323e+02) (1.603517e-03 8.501924e+00 -4.137352e-01)) ((-8.907615e+01 1.106049e+00 -1.009069e-02) (1.774793e-01 4.955236e-06 6.201651e-04))
500.58        	((-1.942203e+00 2.129228e+03 6.383194e+02) (1.791324e-03 8.607689e+00 -4.109476e-01)) ((-9.069468e+01 1.135546e+00 -6.801058e-03) (1.806227e-01 -6.321108e-05 5.774478e-04))
500.59        	((-2.012569e+00 2.160222e+03 6.505738e+02) (1.840265e-03 8.714047e+00 -4.086773e-01)) ((-9.207055e+01 1.154346e+00 -5.282797e-03) (1.839334e-01 -1.039476e-04 5.912425e-04))
500.6         	((-2.095963e+00 2.190943e+03 6.628162e+02) (2.083213e-03 8.819157e+00 -4.067102e-01)) ((-9.326176e+01 1.173694e+00 -5.823639e-03) (1.875787e-01 -2.199429e-04 5.423373e-04))
500.61        	((-2.171231e+00 2.221323e+03 6.750159e+02) (2.280919e-03 8.923013e+00 -4.052610e-01)) ((-9.449752e+01 1.193404e+00 -6.151363e-03) (1.909546e-01 -3.652067e-04 5.022877e-04))
500.62        	((-2.266356e+00 2.251207e+03 6.870744e+02) (2.465486e-03 9.024850e+00 -4.038755e-01)) ((-9.575441e+01 1.219436e+00 -1.727138e-02) (1.943544e-01 -3.951949e-04 4.647816e-04))
500.63        	((-2.330717e+00 2.280486e+03 6.989631e+02) (2.436882e-03 9.125926e+00 -4.020847e-01)) ((-9.704292e+01 1.237201e+00 -2.948883e-02) (1.979123e-01 -4.264062e-04 5.889812e-04))
500.64        	((-2.397434e+00 2.309145e+03 7.107120e+02) (2.575283e-03 9.224918e+00 -4.001573e-01)) ((-9.822100e+01 1.255113e+00 -4.589263e-02) (2.014849e-01 -5.049350e-04 7.017172e-04))
500.65        	((-2.450050e+00 2.337183e+03 7.223538e+02) (2.543605e-03 9.322674e+00 -3.982958e-01)) ((-9.928839e+01 1.266879e+00 -6.210572e-02) (2.051709e-01 -5.143113e-04 8.080884e-04))
500.66        	((-2.545610e+00 2.364674e+03 7.338532e+02) (2.532051e-03 9.418982e+00 -3.961647e-01)) ((-1.002205e+02 1.285123e+00 -7.069344e-02) (2.090750e-01 -5.050747e-04 7.285049e-04))
500.67        	((-2.620492e+00 2.391555e+03 7.451953e+02) (2.408751e-03 9.513673e+00 -3.941141e-01)) ((-1.010858e+02 1.285893e+00 -7.485782e-02) (2.129575e-01 -4.202128e-04 6.150306e-04))
500.68        	((-2.677185e+00 2.417841e+03 7.563737e+02) (2.340590e-03 9.606372e+00 -3.918698e-01)) ((-1.018630e+02 1.278436e+00 -7.392299e-02) (2.168071e-01 -3.707993e-04 5.015924e-04))
500.69        	((-2.673150e+00 2.443515e+03 7.673646e+02) (2.193013e-03 9.698179e+00 -3.897285e-01)) ((-1.025721e+02 1.254207e+00 -7.566734e-02) (2.209463e-01 -3.108788e-04 5.291990e-04))
500.7         	((-2.663523e+00 2.468559e+03 7.781529e+02) (2.129036e-03 9.788152e+00 -3.874083e-01)) ((-1.032019e+02 1.234268e+00 -7.726507e-02) (2.250719e-01 -3.004987e-04 5.564234e-04))
500.71        	((-2.671251e+00 2.492921e+03 7.887096e+02) (1.961151e-03 9.876146e+00 -3.851328e-01)) ((-1.037729e+02 1.222912e+00 -8.107144e-02) (2.290502e-01 -2.020220e-04 6.205906e-04))
500.72        	((-2.702719e+00 2.516623e+03 7.990338e+02) (1.936678e-03 9.962009e+00 -3.827966e-01)) ((-1.042940e+02 1.220550e+00 -8.442465e-02) (2.328344e-01 -1.899146e-04 5.985468e-04))
500.73        	((-2.728799e+00 2.539674e+03 8.091443e+02) (1.823615e-03 1.004620e+01 -3.808475e-01)) ((-1.047502e+02 1.215906e+00 -9.051371e-02) (2.364629e-01 -1.231295e-04 6.160131e-04))
500.74        	((-2.752222e+00 2.562040e+03 8.190256e+02) (1.796856e-03 1.012809e+01 -3.789494e-01)) ((-1.051338e+02 1.208339e+00 -9.447540e-02) (2.397742e-01 -1.215237e-04 6.170612e-04))
500.75        	((-2.768648e+00 2.583700e+03 8.286688e+02) (1.654257e-03 1.020828e+01 -3.773266e-01)) ((-1.054585e+02 1.200108e+00 -1.001291e-01) (2.429635e-01 -6.311898e-05 6.496231e-04))
500.76        	((-2.795310e+00 2.604650e+03 8.380385e+02) (1.642693e-03 1.028631e+01 -3.755399e-01)) ((-1.057180e+02 1.193137e+00 -1.011803e-01) (2.459512e-01 -6.875790e-05 6.506164e-04))
500.77        	((-2.819684e+00 2.624930e+03 8.471387e+02) (1.494619e-03 1.036249e+01 -3.739884e-01)) ((-1.058994e+02 1.190443e+00 -1.072006e-01) (2.487405e-01 -1.580260e-05 6.476397e-04))
500.78        	((-2.856654e+00 2.644592e+03 8.559591e+02) (1.501997e-03 1.043635e+01 -3.722088e-01)) ((-1.059974e+02 1.184911e+00 -1.071344e-01) (2.512543e-01 -3.685554e-06 6.567878e-04))
500.79        	((-2.880101e+00 2.663682e+03 8.645758e+02) (1.345797e-03 1.050873e+01 -3.707891e-01)) ((-1.060060e+02 1.184788e+00 -1.178291e-01) (2.536409e-01 3.480869e-05 6.020572e-04))
500.8         	((-2.924242e+00 2.682145e+03 8.729355e+02) (1.398084e-03 1.057882e+01 -3.690860e-01)) ((-1.059562e+02 1.178272e+00 -1.163616e-01) (2.557497e-01 6.447561e-05 6.233526e-04))
500.81        	((-2.963459e+00 2.700007e+03 8.810729e+02) (1.231405e-03 1.064747e+01 -3.679262e-01)) ((-1.058600e+02 1.184635e+00 -1.267987e-01) (2.576656e-01 8.992025e-05 5.136283e-04))
500.82        	((-3.031673e+00 2.717183e+03 8.888805e+02) (1.310008e-03 1.071354e+01 -3.663708e-01)) ((-1.057377e+02 1.183670e+00 -1.179775e-01) (2.592051e-01 1.289518e-04 5.247730e-04))
500.83        	((-3.076283e+00 2.733711e+03 8.964369e+02) (1.122153e-03 1.077837e+01 -3.654277e-01)) ((-1.055518e+02 1.200382e+00 -1.233813e-01) (2.605927e-01 1.316479e-04 3.388346e-04))
500.84        	((-3.160517e+00 2.749565e+03 9.036747e+02) (1.294007e-03 1.084054e+01 -3.639655e-01)) ((-1.053163e+02 1.208988e+00 -1.009031e-01) (2.616068e-01 1.618310e-04 3.323845e-04))
500.85        	((-3.257774e+00 2.764837e+03 9.106945e+02) (1.157289e-03 1.090130e+01 -3.631481e-01)) ((-1.050045e+02 1.244577e+00 -9.178082e-02) (2.624036e-01 1.712076e-04 1.037702e-04))
500.86        	((-3.507536e+00 2.779542e+03 9.174137e+02) (7.556374e-04 1.095746e+01 -3.613136e-01)) ((-1.046402e+02 1.312425e+00 -4.040019e-02) (2.623160e-01 3.250142e-04 -9.118516e-05))
500.87        	((-3.592979e+00 2.793718e+03 9.240130e+02) (2.020354e-03 1.101592e+01 -3.613832e-01)) ((-1.042003e+02 1.340739e+00 -4.293642e-02) (2.628049e-01 -3.148720e-05 -5.771533e-04))
500.88        	((-3.706741e+00 2.807328e+03 9.303623e+02) (2.705164e-03 1.107045e+01 -3.604494e-01)) ((-1.037196e+02 1.355372e+00 -2.711346e-02) (2.625295e-01 -1.243862e-04 -7.642881e-04))
500.89        	((-3.844968e+00 2.820397e+03 9.365260e+02) (2.893304e-03 1.112372e+01 -3.600465e-01)) ((-1.031876e+02 1.403273e+00 -2.210675e-02) (2.620447e-01 -1.905607e-04 -1.054191e-03))
500.9         	((-4.015091e+00 2.832893e+03 9.424387e+02) (3.581105e-03 1.117482e+01 -3.589483e-01)) ((-1.026173e+02 1.439001e+00 6.889020e-03) (2.613395e-01 -3.336443e-04 -1.185415e-03))
500.91        	((-4.096883e+00 2.844884e+03 9.481812e+02) (3.999150e-03 1.122413e+01 -3.583225e-01)) ((-1.019847e+02 1.467248e+00 8.666239e-04) (2.603173e-01 -4.976085e-04 -1.390900e-03))
500.92        	((-4.180425e+00 2.856340e+03 9.537376e+02) (4.139382e-03 1.127052e+01 -3.577209e-01)) ((-1.013048e+02 1.467580e+00 1.105735e-02) (2.586097e-01 -5.240493e-04 -1.219151e-03))
500.93        	((-4.281215e+00 2.867281e+03 9.591916e+02) (3.491356e-03 1.131859e+01 -3.575925e-01)) ((-1.005686e+02 1.501738e+00 5.316893e-03) (2.576460e-01 -3.510229e-04 -1.406953e-03))
500.94        	((-4.474743e+00 2.877690e+03 9.644326e+02) (3.419752e-03 1.136314e+01 -3.571419e-01)) ((-9.980582e+01 1.539065e+00 3.563051e-02) (2.558349e-01 -1.874982e-04 -1.247094e-03))
500.95        	((-4.717690e+00 2.887637e+03 9.695555e+02) (2.857935e-03 1.140699e+01 -3.575160e-01)) ((-9.899514e+01 1.617164e+00 5.658497e-02) (2.538916e-01 9.783007e-07 -1.359102e-03))
500.96        	((-4.977570e+00 2.897109e+03 9.745344e+02) (3.070867e-03 1.144954e+01 -3.572099e-01)) ((-9.814639e+01 1.670005e+00 1.003369e-01) (2.519085e-01 1.540895e-04 -1.259313e-03))
500.97        	((-5.225520e+00 2.906121e+03 9.794264e+02) (3.055343e-03 1.149134e+01 -3.575479e-01)) ((-9.726165e+01 1.755179e+00 1.215323e-01) (2.498317e-01 2.542988e-04 -1.436965e-03))
500.98        	((-5.537858e+00 2.914596e+03 9.841474e+02) (3.623062e-03 1.153076e+01 -3.573165e-01)) ((-9.637379e+01 1.840122e+00 1.808782e-01) (2.473355e-01 3.410523e-04 -1.368679e-03))
500.99        	((-5.730827e+00 2.922555e+03 9.887244e+02) (3.757190e-03 1.156939e+01 -3.578698e-01)) ((-9.548727e+01 1.925400e+00 1.982833e-01) (2.447009e-01 3.524704e-04 -1.633353e-03))
501           	((-5.893334e+00 2.929984e+03 9.931001e+02) (4.613693e-03 1.160599e+01 -3.578972e-01)) ((-9.460249e+01 1.970246e+00 2.351339e-01) (2.417227e-01 3.146026e-04 -1.610090e-03))
501.01        	((-6.038025e+00 2.936930e+03 9.973514e+02) (4.799370e-03 1.164252e+01 -3.589173e-01)) ((-9.370017e+01 2.056128e+00 2.460653e-01) (2.387373e-01 2.978764e-04 -1.803035e-03))
501.02        	((-6.292679e+00 2.943431e+03 1.001470e+03) (5.183808e-03 1.167770e+01 -3.592644e-01)) ((-9.277390e+01 2.145430e+00 3.102164e-01) (2.356290e-01 3.783980e-04 -1.618194e-03))
501.03        	((-6.498719e+00 2.949480e+03 1.005172e+03) (4.771902e-03 1.171258e+01 -3.606146e-01)) ((-9.188532e+01 2.253132e+00 3.421888e-01) (2.326309e-01 5.360140e-04 -1.615109e-03))
501.04        	((-6.750436e+00 2.955032e+03 1.008659e+03) (4.966547e-03 1.174598e+01 -3.609924e-01)) ((-9.103170e+01 2.329008e+00 4.116018e-01) (2.294915e-01 6.966598e-04 -1.226538e-03))
501.05        	((-6.930877e+00 2.959247e+03 1.011737e+03) (4.182702e-03 1.177802e+01 -3.618941e-01)) ((-9.027129e+01 2.437050e+00 4.391887e-01) (2.263059e-01 9.348537e-04 -1.145573e-03))
501.06        	((-7.102649e+00 2.963044e+03 1.014834e+03) (4.131668e-03 1.180911e+01 -3.619018e-01)) ((-8.946568e+01 2.504503e+00 4.998662e-01) (2.230612e-01 1.108769e-03 -7.303806e-04))
501.07        	((-7.139252e+00 2.967046e+03 1.018155e+03) (3.316206e-03 1.184012e+01 -3.624460e-01)) ((-8.858952e+01 2.567878e+00 5.078947e-01) (2.198514e-01 1.334754e-03 -6.174959e-04))
501.08        	((-7.219358e+00 2.971269e+03 1.021652e+03) (3.259840e-03 1.187003e+01 -3.620251e-01)) ((-8.763095e+01 2.596289e+00 5.560669e-01) (2.165648e-01 1.465190e-03 -1.764986e-04))
501.09        	((-7.210460e+00 2.975232e+03 1.025020e+03) (2.066460e-03 1.190016e+01 -3.622915e-01)) ((-8.669976e+01 2.646391e+00 5.516558e-01) (2.134134e-01 1.736877e-03 -1.370796e-04))
501.1         	((-7.217661e+00 2.978548e+03 1.028076e+03) (1.620261e-03 1.192903e+01 -3.613619e-01)) ((-8.581860e+01 2.649644e+00 5.876321e-01) (2.101962e-01 1.944302e-03 3.179221e-04))
501.11        	((-7.113989e+00 2.980919e+03 1.030895e+03) (1.985144e-04 1.195773e+01 -3.607721e-01)) ((-8.499914e+01 2.650513e+00 5.741238e-01) (2.069657e-01 2.287791e-03 5.111066e-04))
501.12        	((-7.020779e+00 2.982811e+03 1.033651e+03) (-2.248915e-04 1.198482e+01 -3.587748e-01)) ((-8.411996e+01 2.598535e+00 5.934210e-01) (2.036664e-01 2.408497e-03 9.885963e-04))
501.13        	((-6.809792e+00 2.984598e+03 1.036314e+03) (-1.696153e-03 1.201202e+01 -3.576302e-01)) ((-8.320070e+01 2.554456e+00 5.485048e-01) (2.005633e-01 2.721687e-03 1.096472e-03))
501.14        	((-6.635589e+00 2.986322e+03 1.038843e+03) (-1.920746e-03 1.203749e+01 -3.548800e-01)) ((-8.221990e+01 2.464775e+00 5.446159e-01) (1.972976e-01 2.749232e-03 1.455642e-03))
501.15        	((-6.390895e+00 2.987697e+03 1.041106e+03) (-2.993018e-03 1.206318e+01 -3.530132e-01)) ((-8.126511e+01 2.385313e+00 4.963776e-01) (1.942356e-01 2.960862e-03 1.527835e-03))
501.16        	((-6.204907e+00 2.988653e+03 1.043175e+03) (-2.816727e-03 1.208717e+01 -3.492542e-01)) ((-8.030677e+01 2.267746e+00 4.919197e-01) (1.910333e-01 2.824005e-03 1.786357e-03))
501.17        	((-5.927135e+00 2.989185e+03 1.045072e+03) (-3.753047e-03 1.211165e+01 -3.465323e-01)) ((-7.938416e+01 2.165052e+00 4.309436e-01) (1.881453e-01 2.981430e-03 1.742524e-03))
501.18        	((-5.687873e+00 2.989465e+03 1.046901e+03) (-3.402290e-03 1.213392e+01 -3.418656e-01)) ((-7.842314e+01 2.018268e+00 4.097264e-01) (1.849703e-01 2.796180e-03 1.914103e-03))
501.19        	((-5.359460e+00 2.989503e+03 1.048607e+03) (-4.091117e-03 1.215649e+01 -3.384894e-01)) ((-7.746812e+01 1.882121e+00 3.350617e-01) (1.820427e-01 2.912130e-03 1.862263e-03))
501.2         	((-5.088682e+00 2.989349e+03 1.050217e+03) (-3.504721e-03 1.217692e+01 -3.332138e-01)) ((-7.646411e+01 1.712383e+00 3.013070e-01) (1.788102e-01 2.635614e-03 1.972786e-03))
501.21        	((-4.752526e+00 2.988908e+03 1.051657e+03) (-4.135942e-03 1.219814e+01 -3.293752e-01)) ((-7.547997e+01 1.568981e+00 2.161965e-01) (1.759341e-01 2.749692e-03 1.860007e-03))
501.22        	((-4.496576e+00 2.988202e+03 1.052976e+03) (-3.451808e-03 1.221716e+01 -3.235097e-01)) ((-7.447036e+01 1.399854e+00 1.780167e-01) (1.727331e-01 2.460913e-03 1.907789e-03))
501.23        	((-4.190163e+00 2.987201e+03 1.054153e+03) (-3.932560e-03 1.223706e+01 -3.192645e-01)) ((-7.349046e+01 1.259053e+00 9.474722e-02) (1.698694e-01 2.558560e-03 1.777469e-03))
501.24        	((-3.967320e+00 2.986016e+03 1.055264e+03) (-3.113242e-03 1.225474e+01 -3.130456e-01)) ((-7.248401e+01 1.097751e+00 5.710079e-02) (1.666519e-01 2.206410e-03 1.759498e-03))
501.25        	((-3.697048e+00 2.984588e+03 1.056259e+03) (-3.491249e-03 1.227337e+01 -3.084996e-01)) ((-7.150716e+01 9.689327e-01 -2.478615e-02) (1.637757e-01 2.278649e-03 1.619873e-03))
501.26        	((-3.509327e+00 2.982963e+03 1.057172e+03) (-2.615744e-03 1.228982e+01 -3.019946e-01)) ((-7.051025e+01 8.240022e-01 -6.199453e-02) (1.605532e-01 1.892372e-03 1.584973e-03))
501.27        	((-3.280393e+00 2.981064e+03 1.057943e+03) (-2.988347e-03 1.230723e+01 -2.971802e-01)) ((-6.955410e+01 7.128635e-01 -1.401801e-01) (1.576428e-01 1.978221e-03 1.471918e-03))
501.28        	((-3.136083e+00 2.978966e+03 1.058629e+03) (-2.134574e-03 1.232263e+01 -2.904556e-01)) ((-6.858379e+01 5.909387e-01 -1.735422e-01) (1.544457e-01 1.571755e-03 1.406285e-03))
501.29        	((-2.958025e+00 2.976629e+03 1.059194e+03) (-2.594618e-03 1.233899e+01 -2.853866e-01)) ((-6.765253e+01 5.039864e-01 -2.434038e-01) (1.515143e-01 1.699816e-03 1.311020e-03))
501.3         	((-2.862186e+00 2.974127e+03 1.059693e+03) (-1.874943e-03 1.235238e+01 -2.783873e-01)) ((-6.670538e+01 4.084409e-01 -2.690645e-01) (1.485626e-01 1.327410e-03 1.243925e-03))
501.31        	((-2.730523e+00 2.971404e+03 1.060085e+03) (-2.457877e-03 1.236658e+01 -2.730577e-01)) ((-6.579522e+01 3.443542e-01 -3.290654e-01) (1.458041e-01 1.527922e-03 1.208451e-03))
501.32        	((-2.669668e+00 2.968514e+03 1.060412e+03) (-1.823188e-03 1.237888e+01 -2.658798e-01)) ((-6.487304e+01 2.711647e-01 -3.494182e-01) (1.428280e-01 1.186728e-03 1.150090e-03))
501.33        	((-2.573925e+00 2.965408e+03 1.060634e+03) (-2.405235e-03 1.239197e+01 -2.603119e-01)) ((-6.399042e+01 2.263360e-01 -4.022634e-01) (1.400428e-01 1.417464e-03 1.139414e-03))
501.34        	((-2.546103e+00 2.962149e+03 1.060801e+03) (-1.783820e-03 1.240310e+01 -2.529003e-01)) ((-6.309322e+01 1.736726e-01 -4.170801e-01) (1.370350e-01 1.087892e-03 1.067386e-03))
501.35        	((-2.486986e+00 2.958697e+03 1.060879e+03) (-2.333703e-03 1.241499e+01 -2.470998e-01)) ((-6.223018e+01 1.476868e-01 -4.606484e-01) (1.342111e-01 1.335278e-03 1.072989e-03))
501.36        	((-2.490336e+00 2.955113e+03 1.060913e+03) (-1.735977e-03 1.242497e+01 -2.394721e-01)) ((-6.135158e+01 1.142095e-01 -4.677563e-01) (1.311627e-01 1.020761e-03 9.947530e-04))
501.37        	((-2.461889e+00 2.951349e+03 1.060863e+03) (-2.266032e-03 1.243576e+01 -2.334217e-01)) ((-6.050676e+01 1.031463e-01 -5.021525e-01) (1.283035e-01 1.292796e-03 1.019839e-03))
501.38        	((-2.487775e+00 2.947460e+03 1.060774e+03) (-1.664221e-03 1.244471e+01 -2.255426e-01)) ((-5.964511e+01 8.275691e-02 -5.029855e-01) (1.252193e-01 9.865001e-04 9.249557e-04))
501.39        	((-2.481014e+00 2.943400e+03 1.060610e+03) (-2.186249e-03 1.245444e+01 -2.192127e-01)) ((-5.881445e+01 8.109417e-02 -5.290793e-01) (1.223097e-01 1.283834e-03 9.618717e-04))
501.4         	((-2.526058e+00 2.939231e+03 1.060414e+03) (-1.584941e-03 1.246243e+01 -2.110813e-01)) ((-5.796504e+01 7.134941e-02 -5.231879e-01) (1.192100e-01 9.775580e-04 8.500366e-04))
501.41        	((-2.541552e+00 2.934908e+03 1.060147e+03) (-2.086367e-03 1.247119e+01 -2.044410e-01)) ((-5.714501e+01 7.843565e-02 -5.405127e-01) (1.162534e-01 1.288257e-03 8.959030e-04))
501.42        	((-2.607133e+00 2.930486e+03 1.059851e+03) (-1.460269e-03 1.247832e+01 -1.960381e-01)) ((-5.630676e+01 7.897520e-02 -5.280147e-01) (1.131274e-01 9.701671e-04 7.587647e-04))
501.43        	((-2.644730e+00 2.925918e+03 1.059486e+03) (-1.941569e-03 1.248619e+01 -1.890827e-01)) ((-5.549879e+01 9.410579e-02 -5.373229e-01) (1.101109e-01 1.296701e-03 8.104948e-04))
501.44        	((-2.725425e+00 2.921256e+03 1.059090e+03) (-1.313853e-03 1.249256e+01 -1.804112e-01)) ((-5.467482e+01 1.020924e-01 -5.198528e-01) (1.069619e-01 9.795467e-04 6.598693e-04))
501.45        	((-2.773975e+00 2.916454e+03 1.058624e+03) (-1.786041e-03 1.249965e+01 -1.731622e-01)) ((-5.388187e+01 1.205930e-01 -5.234757e-01) (1.038891e-01 1.320033e-03 7.311846e-04))
501.46        	((-2.856087e+00 2.911565e+03 1.058129e+03) (-1.181441e-03 1.250534e+01 -1.642388e-01)) ((-5.307430e+01 1.309296e-01 -5.039739e-01) (1.007087e-01 1.005852e-03 5.859411e-04))
501.47        	((-2.906049e+00 2.906544e+03 1.057565e+03) (-1.667826e-03 1.251177e+01 -1.567298e-01)) ((-5.229917e+01 1.496033e-01 -5.044476e-01) (9.758725e-02 1.364680e-03 6.849869e-04))
501.48        	((-2.989293e+00 2.901442e+03 1.056965e+03) (-1.121275e-03 1.251687e+01 -1.475912e-01)) ((-5.151358e+01 1.623848e-01 -4.833087e-01) (9.436824e-02 1.066300e-03 5.453297e-04))
501.49        	((-3.044075e+00 2.896217e+03 1.056294e+03) (-1.659010e-03 1.252273e+01 -1.398476e-01)) ((-5.075954e+01 1.826099e-01 -4.796187e-01) (9.121320e-02 1.450804e-03 6.751886e-04))
501.5         	((-3.125864e+00 2.890920e+03 1.055583e+03) (-1.187921e-03 1.252733e+01 -1.304932e-01)) ((-4.999638e+01 1.967620e-01 -4.567661e-01) (8.798161e-02 1.165541e-03 5.517391e-04))
501.51        	((-3.177721e+00 2.885505e+03 1.054798e+03) (-1.769966e-03 1.253266e+01 -1.225115e-01)) ((-4.926674e+01 2.144504e-01 -4.501495e-01) (8.480903e-02 1.567807e-03 7.227478e-04))
501.52        	((-3.252701e+00 2.880027e+03 1.053974e+03) (-1.354261e-03 1.253677e+01 -1.129223e-01)) ((-4.852511e+01 2.252420e-01 -4.265842e-01) (8.157759e-02 1.287980e-03 6.212592e-04))
501.53        	((-3.303111e+00 2.874439e+03 1.053070e+03) (-1.937057e-03 1.254157e+01 -1.046504e-01)) ((-4.781722e+01 2.344227e-01 -4.161702e-01) (7.839641e-02 1.705811e-03 8.409390e-04))
501.54        	((-3.391206e+00 2.868790e+03 1.052102e+03) (-1.535687e-03 1.254485e+01 -9.457860e-02)) ((-4.710408e+01 2.290283e-01 -3.849793e-01) (7.510545e-02 1.529236e-03 9.347778e-04))
501.55        	((-3.456985e+00 2.863054e+03 1.051061e+03) (-2.004119e-03 1.254919e+01 -8.619824e-02)) ((-4.641911e+01 2.213547e-01 -3.752651e-01) (7.191157e-02 1.855770e-03 1.133713e-03))
501.56        	((-3.522881e+00 2.857292e+03 1.050015e+03) (-1.567988e-03 1.255285e+01 -7.636774e-02)) ((-4.571112e+01 2.179228e-01 -3.668056e-01) (6.880936e-02 1.444231e-03 7.945518e-04))
501.57        	((-3.574764e+00 2.851420e+03 1.048876e+03) (-2.060477e-03 1.255651e+01 -6.746268e-02)) ((-4.504273e+01 2.019465e-01 -3.586413e-01) (6.563201e-02 1.934431e-03 1.073784e-03))
501.58        	((-3.603676e+00 2.845521e+03 1.047756e+03) (-1.739775e-03 1.255993e+01 -5.759466e-02)) ((-4.434946e+01 1.954643e-01 -3.515384e-01) (6.256058e-02 1.458559e-03 6.383354e-04))
501.59        	((-3.691489e+00 2.839472e+03 1.046434e+03) (-1.913387e-03 1.256021e+01 -4.668004e-02)) ((-4.372670e+01 1.410353e-01 -3.047844e-01) (5.886916e-02 2.719010e-03 2.244997e-03))
501.6         	((-3.781841e+00 2.833447e+03 1.045116e+03) (-1.828743e-03 1.256522e+01 -3.783710e-02)) ((-4.306422e+01 9.779929e-02 -2.775248e-01) (5.616751e-02 1.698008e-03 8.738013e-04))
501.61        	((-3.790795e+00 2.827381e+03 1.043855e+03) (-2.298889e-03 1.256895e+01 -2.917047e-02)) ((-4.240195e+01 8.112409e-02 -2.925553e-01) (5.314809e-02 1.866267e-03 7.083397e-04))
501.62        	((-3.852670e+00 2.821236e+03 1.042487e+03) (-1.696180e-03 1.256977e+01 -1.776279e-02)) ((-4.175467e+01 3.770846e-02 -2.660001e-01) (4.979765e-02 1.816106e-03 1.007413e-03))
501.63        	((-3.837274e+00 2.815068e+03 1.041174e+03) (-2.146488e-03 1.257374e+01 -9.337674e-03)) ((-4.110118e+01 1.654862e-02 -2.809970e-01) (4.688656e-02 1.779654e-03 5.402209e-04))
501.64        	((-3.885113e+00 2.808810e+03 1.039734e+03) (-1.555012e-03 1.257421e+01 2.199089e-03)) ((-4.047007e+01 -3.733717e-02 -2.442837e-01) (4.353617e-02 1.705952e-03 8.074588e-04))
501.65        	((-3.867180e+00 2.802542e+03 1.038351e+03) (-1.953212e-03 1.257793e+01 1.088270e-02)) ((-3.983277e+01 -7.012728e-02 -2.471182e-01) (4.067188e-02 1.694789e-03 3.286628e-04))
501.66        	((-3.896477e+00 2.796219e+03 1.036885e+03) (-1.382022e-03 1.257867e+01 2.223523e-02)) ((-3.920467e+01 -1.190266e-01 -2.190791e-01) (3.742313e-02 1.449838e-03 3.320370e-04))
501.67        	((-3.867861e+00 2.789892e+03 1.035483e+03) (-1.786727e-03 1.258158e+01 3.136918e-02)) ((-3.856915e+01 -1.442062e-01 -2.301573e-01) (3.448281e-02 1.583108e-03 1.099836e-04))
501.68        	((-3.926833e+00 2.783491e+03 1.033932e+03) (-1.094200e-03 1.258096e+01 4.335360e-02)) ((-3.795962e+01 -2.023214e-01 -1.931122e-01) (3.104971e-02 1.528080e-03 5.708907e-04))
501.69        	((-3.941142e+00 2.777099e+03 1.032432e+03) (-1.577280e-03 1.258415e+01 5.241264e-02)) ((-3.734317e+01 -2.394808e-01 -1.965633e-01) (2.825742e-02 1.577925e-03 8.347144e-05))
501.7         	((-3.975841e+00 2.770681e+03 1.030899e+03) (-9.922651e-04 1.258464e+01 6.383380e-02)) ((-3.672605e+01 -2.767863e-01 -1.862906e-01) (2.509252e-02 1.209754e-03 -1.452918e-04))
501.71        	((-3.969807e+00 2.764242e+03 1.029396e+03) (-1.330102e-03 1.258627e+01 7.353399e-02)) ((-3.611808e+01 -3.019791e-01 -1.966100e-01) (2.200080e-02 1.441965e-03 -1.567920e-04))
501.72        	((-4.005541e+00 2.757762e+03 1.027828e+03) (-7.241581e-04 1.258596e+01 8.516954e-02)) ((-3.551912e+01 -3.380171e-01 -1.774247e-01) (1.867954e-02 1.113693e-03 -2.280648e-04))
501.73        	((-4.004457e+00 2.751265e+03 1.026290e+03) (-1.077885e-03 1.258727e+01 9.491252e-02)) ((-3.492997e+01 -3.611921e-01 -1.785097e-01) (1.554621e-02 1.319465e-03 -2.880358e-04))
501.74        	((-4.057970e+00 2.744731e+03 1.024673e+03) (-4.519713e-04 1.258643e+01 1.067040e-01)) ((-3.435348e+01 -3.961823e-01 -1.495441e-01) (1.214673e-02 1.021312e-03 -3.109716e-04))
501.75        	((-4.078458e+00 2.738202e+03 1.023089e+03) (-8.266208e-04 1.258743e+01 1.164879e-01)) ((-3.378118e+01 -4.132411e-01 -1.497406e-01) (8.971538e-03 1.220091e-03 -3.876970e-04))
501.76        	((-4.144120e+00 2.731655e+03 1.021444e+03) (-2.709525e-04 1.258643e+01 1.282550e-01)) ((-3.321370e+01 -4.350933e-01 -1.295081e-01) (5.551611e-03 9.178025e-04 -4.931688e-04))
501.77        	((-4.186503e+00 2.725102e+03 1.019811e+03) (-6.308163e-04 1.258681e+01 1.382423e-01)) ((-3.265756e+01 -4.476256e-01 -1.293730e-01) (2.264067e-03 1.184471e-03 -4.611132e-04))
501.78        	((-4.271081e+00 2.718537e+03 1.018122e+03) (-4.351141e-05 1.258537e+01 1.500614e-01)) ((-3.210391e+01 -4.674549e-01 -1.100895e-01) (-1.203284e-03 8.927699e-04 -5.555742e-04))
501.79        	((-4.357927e+00 2.711960e+03 1.016408e+03) (-2.912732e-04 1.258469e+01 1.603474e-01)) ((-3.156920e+01 -4.904166e-01 -1.019598e-01) (-4.640153e-03 1.282975e-03 -2.665716e-04))
501.8         	((-4.471853e+00 2.705409e+03 1.014678e+03) (3.001342e-04 1.258274e+01 1.720985e-01)) ((-3.101968e+01 -5.070363e-01 -9.536049e-02) (-8.176241e-03 9.866644e-04 -3.355696e-04))
501.81        	((-4.561288e+00 2.698842e+03 1.012960e+03) (-7.109351e-05 1.258208e+01 1.820206e-01)) ((-3.048634e+01 -5.160580e-01 -1.023763e-01) (-1.159285e-02 1.260971e-03 -2.532330e-04))
501.82        	((-4.658609e+00 2.692258e+03 1.011232e+03) (3.886762e-04 1.258014e+01 1.934044e-01)) ((-2.995228e+01 -5.199635e-01 -9.188187e-02) (-1.511696e-02 8.470815e-04 -5.021858e-04))
501.83        	((-4.745133e+00 2.685621e+03 1.009477e+03) (-6.336167e-06 1.257885e+01 2.034465e-01)) ((-2.945092e+01 -5.308081e-01 -7.103068e-02) (-1.862437e-02 1.192998e-03 -3.009558e-04))
501.84        	((-4.841551e+00 2.678990e+03 1.007718e+03) (3.953841e-04 1.257650e+01 2.148736e-01)) ((-2.893973e+01 -5.360350e-01 -4.068752e-02) (-2.220307e-02 8.270127e-04 -5.098807e-04))
501.85        	((-4.930551e+00 2.672343e+03 1.005941e+03) (-2.197954e-05 1.257489e+01 2.249931e-01)) ((-2.844781e+01 -5.448556e-01 -1.760794e-02) (-2.575942e-02 1.218687e-03 -2.946199e-04))
501.86        	((-5.027701e+00 2.665726e+03 1.004168e+03) (3.890582e-04 1.257234e+01 2.364636e-01)) ((-2.793730e+01 -5.442761e-01 6.432184e-04) (-2.937042e-02 8.662830e-04 -5.237434e-04))
501.87        	((-5.111574e+00 2.659094e+03 1.002384e+03) (-3.145430e-06 1.257056e+01 2.465743e-01)) ((-2.744594e+01 -5.462781e-01 1.068941e-02) (-3.294830e-02 1.240715e-03 -3.680457e-04))
501.88        	((-5.203023e+00 2.652478e+03 1.000595e+03) (4.401716e-04 1.256776e+01 2.580699e-01)) ((-2.694223e+01 -5.447996e-01 2.636480e-02) (-3.660314e-02 8.924595e-04 -5.960281e-04))
501.89        	((-5.283726e+00 2.645841e+03 9.987848e+02) (6.380789e-05 1.256571e+01 2.682519e-01)) ((-2.645977e+01 -5.529592e-01 4.208569e-02) (-4.023082e-02 1.295174e-03 -3.914605e-04))
501.9         	((-5.373783e+00 2.639227e+03 9.969717e+02) (4.882463e-04 1.256278e+01 2.797544e-01)) ((-2.596183e+01 -5.574561e-01 6.369695e-02) (-4.391675e-02 9.625584e-04 -5.876484e-04))
501.91        	((-5.458827e+00 2.632595e+03 9.951330e+02) (1.312108e-04 1.256056e+01 2.899775e-01)) ((-2.548576e+01 -5.702423e-01 8.274182e-02) (-4.759058e-02 1.366229e-03 -3.706285e-04))
501.92        	((-5.552320e+00 2.625989e+03 9.932864e+02) (5.831099e-04 1.255752e+01 3.014840e-01)) ((-2.499560e+01 -5.799440e-01 1.034272e-01) (-5.132034e-02 1.030712e-03 -5.694895e-04))
501.93        	((-5.639787e+00 2.619369e+03 9.914096e+02) (2.408892e-04 1.255521e+01 3.117269e-01)) ((-2.452684e+01 -6.004325e-01 1.199753e-01) (-5.502580e-02 1.446438e-03 -3.491424e-04))
501.94        	((-5.734259e+00 2.612780e+03 9.895215e+02) (6.765208e-04 1.255215e+01 3.232721e-01)) ((-2.404364e+01 -6.189834e-01 1.379654e-01) (-5.874364e-02 1.132891e-03 -5.375959e-04))
501.95        	((-5.824401e+00 2.606183e+03 9.876020e+02) (3.374497e-04 1.254979e+01 3.335646e-01)) ((-2.358156e+01 -6.482390e-01 1.524231e-01) (-6.244453e-02 1.559188e-03 -3.146098e-04))
501.96        	((-5.924641e+00 2.599617e+03 9.856675e+02) (7.899631e-04 1.254669e+01 3.451226e-01)) ((-2.310375e+01 -6.755180e-01 1.694362e-01) (-6.616553e-02 1.239673e-03 -4.829378e-04))
501.97        	((-6.020830e+00 2.593043e+03 9.837007e+02) (4.814547e-04 1.254427e+01 3.554105e-01)) ((-2.264387e+01 -7.143245e-01 1.825741e-01) (-6.988157e-02 1.661365e-03 -2.314989e-04))
501.98        	((-6.127504e+00 2.586502e+03 9.817122e+02) (9.676425e-04 1.254105e+01 3.669891e-01)) ((-2.216860e+01 -7.528418e-01 1.976372e-01) (-7.363432e-02 1.359662e-03 -3.243268e-04))
501.99        	((-6.239399e+00 2.579957e+03 9.796791e+02) (7.687437e-04 1.253831e+01 3.774210e-01)) ((-2.171314e+01 -8.062777e-01 2.074161e-01) (-7.742649e-02 1.809868e-03 4.586156e-05))
502           	((-6.377155e+00 2.573457e+03 9.776035e+02) (1.400652e-03 1.253461e+01 3.891803e-01)) ((-2.124243e+01 -8.668243e-01 2.164129e-01) (-8.130734e-02 1.541439e-03 1.754559e-04))
502.01        	((-6.480707e+00 2.566979e+03 9.755539e+02) (1.155420e-03 1.253225e+01 3.993880e-01)) ((-2.077354e+01 -9.217782e-01 1.999080e-01) (-8.506988e-02 1.866525e-03 3.685867e-04))
502.02        	((-6.576576e+00 2.560519e+03 9.735073e+02) (1.646902e-03 1.252919e+01 4.108913e-01)) ((-2.029032e+01 -9.710296e-01 1.883512e-01) (-8.883492e-02 1.497819e-03 2.291163e-04))
502.03        	((-6.659224e+00 2.554019e+03 9.714334e+02) (1.414947e-03 1.252682e+01 4.211574e-01)) ((-1.983314e+01 -1.032635e+00 1.856786e-01) (-9.258364e-02 1.832198e-03 4.089250e-04))
502.04        	((-6.740202e+00 2.547524e+03 9.693459e+02) (1.880978e-03 1.252390e+01 4.325794e-01)) ((-1.936676e+01 -1.093536e+00 1.983996e-01) (-9.631636e-02 1.426313e-03 2.325376e-04))
502.05        	((-6.816608e+00 2.541013e+03 9.672311e+02) (1.670128e-03 1.252152e+01 4.427573e-01)) ((-1.891953e+01 -1.164107e+00 2.122051e-01) (-1.000782e-01 1.697061e-03 4.083115e-04))
502.06        	((-6.914672e+00 2.534556e+03 9.650777e+02) (2.307316e-03 1.251823e+01 4.541864e-01)) ((-1.845457e+01 -1.236904e+00 2.247938e-01) (-1.039083e-01 1.231151e-03 3.860317e-04))
502.07        	((-6.988661e+00 2.528091e+03 9.629569e+02) (2.244510e-03 1.251577e+01 4.641865e-01)) ((-1.799953e+01 -1.297571e+00 2.250700e-01) (-1.076914e-01 1.368512e-03 5.528555e-04))
502.08        	((-7.042092e+00 2.521661e+03 9.608694e+02) (2.794843e-03 1.251294e+01 4.756160e-01)) ((-1.752256e+01 -1.340177e+00 2.221173e-01) (-1.113174e-01 9.288060e-04 3.352519e-04))
502.09        	((-7.079560e+00 2.515216e+03 9.587781e+02) (2.659017e-03 1.251053e+01 4.858936e-01)) ((-1.706479e+01 -1.388040e+00 2.183605e-01) (-1.149526e-01 1.212377e-03 4.277442e-04))
502.1         	((-7.111895e+00 2.508792e+03 9.566769e+02) (3.110965e-03 1.250756e+01 4.973226e-01)) ((-1.659914e+01 -1.433631e+00 2.284270e-01) (-1.185445e-01 8.063413e-04 2.672245e-04))
502.11        	((-7.139141e+00 2.502352e+03 9.545630e+02) (2.884591e-03 1.250502e+01 5.075571e-01)) ((-1.615457e+01 -1.484437e+00 2.414855e-01) (-1.221730e-01 1.091295e-03 3.707497e-04))
502.12        	((-7.162088e+00 2.495952e+03 9.524574e+02) (3.210517e-03 1.250209e+01 5.189708e-01)) ((-1.569118e+01 -1.522994e+00 2.565602e-01) (-1.256915e-01 7.113882e-04 1.896770e-04))
502.13        	((-7.183006e+00 2.489556e+03 9.503653e+02) (2.955422e-03 1.249974e+01 5.291700e-01)) ((-1.523641e+01 -1.563375e+00 2.582787e-01) (-1.292099e-01 1.061707e-03 2.153338e-04))
502.14        	((-7.194778e+00 2.483199e+03 9.482917e+02) (3.256079e-03 1.249709e+01 5.405098e-01)) ((-1.476045e+01 -1.592277e+00 2.567849e-01) (-1.326651e-01 7.240800e-04 2.748109e-06))
502.15        	((-7.196103e+00 2.476830e+03 9.462288e+02) (2.987379e-03 1.249480e+01 5.506842e-01)) ((-1.429964e+01 -1.623353e+00 2.476614e-01) (-1.362405e-01 1.053932e-03 2.225868e-05))
502.16        	((-7.186186e+00 2.470492e+03 9.441785e+02) (3.262680e-03 1.249209e+01 5.620033e-01)) ((-1.382407e+01 -1.646242e+00 2.413626e-01) (-1.398038e-01 7.057825e-04 -1.349712e-04))
502.17        	((-7.170361e+00 2.464141e+03 9.421388e+02) (2.989906e-03 1.248968e+01 5.721576e-01)) ((-1.336395e+01 -1.671694e+00 2.305731e-01) (-1.434768e-01 1.024771e-03 -1.066649e-04))
502.18        	((-7.146529e+00 2.457824e+03 9.401113e+02) (3.237359e-03 1.248691e+01 5.834530e-01)) ((-1.288730e+01 -1.687163e+00 2.247861e-01) (-1.470637e-01 6.844194e-04 -2.423461e-04))
502.19        	((-7.118846e+00 2.451497e+03 9.380944e+02) (2.952812e-03 1.248441e+01 5.936067e-01)) ((-1.242608e+01 -1.702151e+00 2.146828e-01) (-1.507389e-01 1.001123e-03 -2.272958e-04))
502.2         	((-7.086309e+00 2.445213e+03 9.360832e+02) (3.179670e-03 1.248165e+01 6.049058e-01)) ((-1.195134e+01 -1.708014e+00 2.080102e-01) (-1.543298e-01 6.806669e-04 -3.375087e-04))
502.21        	((-7.055565e+00 2.438925e+03 9.340849e+02) (2.909092e-03 1.247926e+01 6.150725e-01)) ((-1.149593e+01 -1.717354e+00 1.921950e-01) (-1.580746e-01 1.013821e-03 -3.292166e-04))
502.22        	((-7.014486e+00 2.432681e+03 9.320822e+02) (3.080250e-03 1.247668e+01 6.264336e-01)) ((-1.102900e+01 -1.716068e+00 1.829542e-01) (-1.617471e-01 6.872993e-04 -4.270688e-04))
502.23        	((-6.958882e+00 2.426426e+03 9.301069e+02) (2.745206e-03 1.247440e+01 6.366231e-01)) ((-1.057494e+01 -1.708696e+00 1.669297e-01) (-1.655168e-01 1.000875e-03 -4.890925e-04))
502.24        	((-6.904856e+00 2.420211e+03 9.280891e+02) (2.917702e-03 1.247167e+01 6.480752e-01)) ((-1.011395e+01 -1.702423e+00 1.619552e-01) (-1.692178e-01 6.912894e-04 -5.204250e-04))
502.25        	((-6.808065e+00 2.413992e+03 9.261588e+02) (2.453814e-03 1.246953e+01 6.581473e-01)) ((-9.658824e+00 -1.671931e+00 1.422323e-01) (-1.729573e-01 9.733062e-04 -7.333474e-04))
502.26        	((-6.732324e+00 2.407818e+03 9.241176e+02) (2.564723e-03 1.246653e+01 6.697543e-01)) ((-9.210052e+00 -1.659273e+00 1.415316e-01) (-1.766741e-01 7.143115e-04 -7.416741e-04))
502.27        	((-6.594094e+00 2.401645e+03 9.221913e+02) (1.987815e-03 1.246413e+01 6.796924e-01)) ((-8.764850e+00 -1.606003e+00 1.223757e-01) (-1.804718e-01 9.285160e-04 -1.083673e-03))
502.28        	((-6.489505e+00 2.395525e+03 9.201127e+02) (2.085235e-03 1.246102e+01 6.913198e-01)) ((-8.330416e+00 -1.580537e+00 1.298541e-01) (-1.842053e-01 7.204162e-04 -1.034310e-03))
502.29        	((-6.342618e+00 2.389419e+03 9.182129e+02) (1.699122e-03 1.245914e+01 7.009535e-01)) ((-7.888559e+00 -1.522201e+00 1.194470e-01) (-1.879835e-01 9.741974e-04 -1.219759e-03))
502.3         	((-6.264386e+00 2.383344e+03 9.161637e+02) (1.950324e-03 1.245659e+01 7.125919e-01)) ((-7.462770e+00 -1.511597e+00 1.264706e-01) (-1.917375e-01 8.147012e-04 -9.441301e-04))
502.31        	((-6.138134e+00 2.377242e+03 9.143098e+02) (1.631294e-03 1.245478e+01 7.222926e-01)) ((-7.029331e+00 -1.458979e+00 9.353688e-02) (-1.956581e-01 1.019980e-03 -1.288621e-03))
502.32        	((-6.083421e+00 2.371166e+03 9.122840e+02) (1.878461e-03 1.245227e+01 7.340359e-01)) ((-6.609596e+00 -1.456866e+00 8.418986e-02) (-1.994306e-01 8.659387e-04 -1.014241e-03))
502.33        	((-5.979075e+00 2.365081e+03 9.104715e+02) (1.623867e-03 1.245051e+01 7.436819e-01)) ((-6.178155e+00 -1.411654e+00 4.498917e-02) (-2.033032e-01 1.053028e-03 -1.410953e-03))
502.34        	((-5.951242e+00 2.359044e+03 9.084834e+02) (1.888829e-03 1.244807e+01 7.554432e-01)) ((-5.765825e+00 -1.421107e+00 3.868362e-02) (-2.070253e-01 8.906250e-04 -1.122998e-03))
502.35        	((-5.868084e+00 2.353013e+03 9.067173e+02) (1.616655e-03 1.244654e+01 7.651383e-01)) ((-5.346355e+00 -1.385079e+00 2.619326e-03) (-2.108246e-01 1.046206e-03 -1.533627e-03))
502.36        	((-5.858099e+00 2.347030e+03 9.047661e+02) (1.856435e-03 1.244423e+01 7.769095e-01)) ((-4.950514e+00 -1.406420e+00 -4.180277e-03) (-2.145276e-01 8.852279e-04 -1.240718e-03))
502.37        	((-5.777071e+00 2.341047e+03 9.030331e+02) (1.475738e-03 1.244284e+01 7.866069e-01)) ((-4.542961e+00 -1.377119e+00 -4.426930e-02) (-2.183103e-01 1.030621e-03 -1.617273e-03))
502.38        	((-5.761638e+00 2.335103e+03 9.010990e+02) (1.645820e-03 1.244048e+01 7.983938e-01)) ((-4.157501e+00 -1.400998e+00 -5.539021e-02) (-2.220239e-01 8.842956e-04 -1.322854e-03))
502.39        	((-5.668814e+00 2.329161e+03 8.993780e+02) (1.144673e-03 1.243684e+01 8.075133e-01)) ((-3.760742e+00 -1.368708e+00 -9.859187e-02) (-2.252603e-01 1.042699e-03 -1.711309e-03))
502.4         	((-5.637058e+00 2.323264e+03 8.974493e+02) (1.219343e-03 1.243203e+01 8.187104e-01)) ((-3.388889e+00 -1.389005e+00 -1.095887e-01) (-2.284760e-01 9.128155e-04 -1.435211e-03))
502.41        	((-5.514521e+00 2.317381e+03 8.957185e+02) (5.661323e-04 1.242817e+01 8.279039e-01)) ((-3.008913e+00 -1.348353e+00 -1.519191e-01) (-2.317293e-01 1.079094e-03 -1.847441e-03))
502.42        	((-5.431204e+00 2.311559e+03 8.937318e+02) (4.566943e-04 1.242279e+01 8.391633e-01)) ((-2.659474e+00 -1.350647e+00 -1.626870e-01) (-2.350847e-01 9.784510e-04 -1.740324e-03))
502.43        	((-5.236971e+00 2.305761e+03 8.919191e+02) (-5.453953e-04 1.241804e+01 8.482841e-01)) ((-2.302416e+00 -1.287441e+00 -2.035763e-01) (-2.385629e-01 1.249314e-03 -2.443250e-03))
502.44        	((-5.160159e+00 2.299996e+03 8.900237e+02) (-3.586916e-04 1.241375e+01 8.594410e-01)) ((-1.957468e+00 -1.318377e+00 -2.016550e-01) (-2.415385e-01 1.069230e-03 -1.856324e-03))
502.45        	((-4.935296e+00 2.294249e+03 8.881980e+02) (-1.431365e-03 1.240889e+01 8.691093e-01)) ((-1.621336e+00 -1.247131e+00 -2.464647e-01) (-2.448624e-01 1.081805e-03 -2.556682e-03))
502.46        	((-4.866938e+00 2.288538e+03 8.863417e+02) (-1.012045e-03 1.240442e+01 8.796317e-01)) ((-1.288688e+00 -1.284948e+00 -2.390422e-01) (-2.478867e-01 1.096276e-03 -1.967307e-03))
502.47        	((-4.624989e+00 2.282830e+03 8.844923e+02) (-2.007497e-03 1.239969e+01 8.892184e-01)) ((-9.778745e-01 -1.197141e+00 -2.896741e-01) (-2.510836e-01 1.089851e-03 -2.519010e-03))
502.48        	((-4.569467e+00 2.277150e+03 8.826820e+02) (-1.369286e-03 1.239501e+01 8.993301e-01)) ((-6.617479e-01 -1.240063e+00 -2.848384e-01) (-2.541573e-01 1.190311e-03 -1.962261e-03))
502.49        	((-4.329377e+00 2.271453e+03 8.808671e+02) (-2.147283e-03 1.239052e+01 9.086428e-01)) ((-3.748726e-01 -1.151031e+00 -3.490290e-01) (-2.572718e-01 1.196187e-03 -2.419546e-03))
502.5         	((-4.259760e+00 2.265796e+03 8.790553e+02) (-1.564928e-03 1.238538e+01 9.187446e-01)) ((-8.384680e-02 -1.188262e+00 -3.538047e-01) (-2.604605e-01 1.305369e-03 -2.000103e-03))
502.51        	((-4.005840e+00 2.260168e+03 8.772732e+02) (-2.523705e-03 1.238066e+01 9.281178e-01)) ((1.988637e-01 -1.104461e+00 -4.059185e-01) (-2.636452e-01 1.299969e-03 -2.524457e-03))
502.52        	((-3.955123e+00 2.254581e+03 8.755606e+02) (-1.816849e-03 1.237598e+01 9.381540e-01)) ((4.964214e-01 -1.166169e+00 -3.881802e-01) (-2.667513e-01 1.369663e-03 -1.932584e-03))
502.53        	((-3.719069e+00 2.248976e+03 8.738407e+02) (-2.656008e-03 1.237163e+01 9.475052e-01)) ((7.649962e-01 -1.091913e+00 -4.397915e-01) (-2.699038e-01 1.341362e-03 -2.336449e-03))
502.54        	((-3.663065e+00 2.243394e+03 8.721240e+02) (-2.075362e-03 1.236656e+01 9.576190e-01)) ((1.033286e+00 -1.141243e+00 -4.386094e-01) (-2.732068e-01 1.427587e-03 -1.906152e-03))
502.55        	((-3.412235e+00 2.237836e+03 8.704219e+02) (-3.110577e-03 1.236199e+01 9.670918e-01)) ((1.290012e+00 -1.060249e+00 -4.936154e-01) (-2.765114e-01 1.393217e-03 -2.479466e-03))
502.56        	((-3.368133e+00 2.232318e+03 8.687968e+02) (-2.361394e-03 1.235763e+01 9.771378e-01)) ((1.564127e+00 -1.130150e+00 -4.760644e-01) (-2.797460e-01 1.452099e-03 -1.894645e-03))
502.57        	((-3.132212e+00 2.226789e+03 8.671513e+02) (-3.178004e-03 1.235359e+01 9.865847e-01)) ((1.810503e+00 -1.063290e+00 -5.276429e-01) (-2.830106e-01 1.399819e-03 -2.325655e-03))
502.58        	((-3.085923e+00 2.221290e+03 8.655264e+02) (-2.506355e-03 1.234898e+01 9.967135e-01)) ((2.063184e+00 -1.126641e+00 -5.210378e-01) (-2.863874e-01 1.467538e-03 -1.850075e-03))
502.59        	((-2.841431e+00 2.215815e+03 8.638988e+02) (-3.518987e-03 1.234480e+01 1.006326e+00)) ((2.304975e+00 -1.053542e+00 -5.749822e-01) (-2.897486e-01 1.408651e-03 -2.480643e-03))
502.6         	((-2.815731e+00 2.210384e+03 8.623491e+02) (-2.711938e-03 1.234093e+01 1.016399e+00)) ((2.563530e+00 -1.133669e+00 -5.543842e-01) (-2.929931e-01 1.485536e-03 -1.848631e-03))
502.61        	((-2.597294e+00 2.204932e+03 8.607716e+02) (-3.539213e-03 1.233730e+01 1.025908e+00)) ((2.792433e+00 -1.071513e+00 -6.084769e-01) (-2.962789e-01 1.441710e-03 -2.301590e-03))
502.62        	((-2.575774e+00 2.199508e+03 8.592035e+02) (-2.844727e-03 1.233305e+01 1.036131e+00)) ((3.027288e+00 -1.141037e+00 -6.033449e-01) (-2.996445e-01 1.543044e-03 -1.822211e-03))
502.63        	((-2.350708e+00 2.194113e+03 8.576458e+02) (-3.892524e-03 1.232919e+01 1.045752e+00)) ((3.255706e+00 -1.073857e+00 -6.564706e-01) (-3.029920e-01 1.476196e-03 -2.458738e-03))
502.64        	((-2.351450e+00 2.188763e+03 8.561592e+02) (-2.930924e-03 1.232572e+01 1.055889e+00)) ((3.502679e+00 -1.165090e+00 -6.322589e-01) (-3.061647e-01 1.528785e-03 -1.840401e-03))
502.65        	((-2.148683e+00 2.183394e+03 8.546452e+02) (-3.707378e-03 1.232227e+01 1.065421e+00)) ((3.720143e+00 -1.112572e+00 -6.816702e-01) (-3.094092e-01 1.394538e-03 -2.286104e-03))
502.66        	((-2.159058e+00 2.178061e+03 8.531309e+02) (-2.676897e-03 1.231838e+01 1.075716e+00)) ((3.942429e+00 -1.194778e+00 -6.715975e-01) (-3.126916e-01 1.416680e-03 -1.829033e-03))
502.67        	((-1.950852e+00 2.172753e+03 8.516354e+02) (-3.730037e-03 1.231473e+01 1.085380e+00)) ((4.158539e+00 -1.131697e+00 -7.217357e-01) (-3.160106e-01 1.267830e-03 -2.454735e-03))
502.68        	((-1.990402e+00 2.167490e+03 8.501989e+02) (-2.453187e-03 1.231169e+01 1.095581e+00)) ((4.392208e+00 -1.230195e+00 -6.933199e-01) (-3.191093e-01 1.294144e-03 -1.808747e-03))
502.69        	((-1.795910e+00 2.162195e+03 8.487440e+02) (-3.518523e-03 1.230850e+01 1.105150e+00)) ((4.594408e+00 -1.174797e+00 -7.447559e-01) (-3.223821e-01 1.178613e-03 -2.204718e-03))
502.7         	((-1.839842e+00 2.156929e+03 8.472608e+02) (-2.220387e-03 1.230493e+01 1.115522e+00)) ((4.793834e+00 -1.261549e+00 -7.341312e-01) (-3.256775e-01 1.210189e-03 -1.703119e-03))
502.71        	((-1.638988e+00 2.151688e+03 8.458054e+02) (-3.625409e-03 1.230191e+01 1.125421e+00)) ((4.988294e+00 -1.195307e+00 -7.930395e-01) (-3.289322e-01 1.201449e-03 -2.487696e-03))
502.72        	((-1.705534e+00 2.146473e+03 8.443832e+02) (-2.162441e-03 1.229879e+01 1.135465e+00)) ((5.191722e+00 -1.297844e+00 -7.546660e-01) (-3.322060e-01 1.073190e-03 -1.546561e-03))
502.73        	((-1.506666e+00 2.141252e+03 8.429622e+02) (-3.577851e-03 1.229646e+01 1.145139e+00)) ((5.378505e+00 -1.235120e+00 -8.079078e-01) (-3.354414e-01 9.817155e-04 -2.149946e-03))
502.74        	((-1.566105e+00 2.136059e+03 8.414938e+02) (-2.045747e-03 1.229320e+01 1.155521e+00)) ((5.566324e+00 -1.321099e+00 -7.862955e-01) (-3.388096e-01 9.547282e-04 -1.451149e-03))
502.75        	((-1.367391e+00 2.130900e+03 8.400484e+02) (-3.487646e-03 1.229133e+01 1.165770e+00)) ((5.757874e+00 -1.249510e+00 -8.424706e-01) (-3.419096e-01 1.098960e-03 -2.630163e-03))
502.76        	((-1.411172e+00 2.125743e+03 8.386341e+02) (-2.232618e-03 1.228828e+01 1.175585e+00)) ((5.955355e+00 -1.343344e+00 -7.921031e-01) (-3.452784e-01 8.402210e-04 -1.377824e-03))
502.77        	((-1.220631e+00 2.120603e+03 8.371954e+02) (-3.240755e-03 1.228676e+01 1.185641e+00)) ((6.138339e+00 -1.278732e+00 -8.474296e-01) (-3.483186e-01 8.706634e-04 -2.421428e-03))
502.78        	((-1.266006e+00 2.115475e+03 8.357216e+02) (-2.085875e-03 1.228342e+01 1.195777e+00)) ((6.319808e+00 -1.359109e+00 -8.172338e-01) (-3.517266e-01 8.066512e-04 -1.419325e-03))
502.79        	((-1.044706e+00 2.110387e+03 8.342776e+02) (-3.663791e-03 1.228137e+01 1.205712e+00)) ((6.506466e+00 -1.277296e+00 -8.696854e-01) (-3.548810e-01 7.935106e-04 -2.352110e-03))
502.8         	((-1.098776e+00 2.105330e+03 8.328318e+02) (-2.183009e-03 1.227897e+01 1.215959e+00)) ((6.702756e+00 -1.368048e+00 -8.261189e-01) (-3.579857e-01 8.269121e-04 -1.459749e-03))
502.81        	((-8.926220e-01 2.100263e+03 8.313602e+02) (-3.487441e-03 1.227711e+01 1.226112e+00)) ((6.882520e+00 -1.300355e+00 -8.700596e-01) (-3.610503e-01 9.502556e-04 -2.362854e-03))
502.82        	((-9.294352e-01 2.095211e+03 8.298523e+02) (-2.206336e-03 1.227345e+01 1.236091e+00)) ((7.061567e+00 -1.381135e+00 -8.268978e-01) (-3.645365e-01 8.232029e-04 -1.307913e-03))
502.83        	((-7.156402e-01 2.090211e+03 8.283569e+02) (-3.642919e-03 1.227121e+01 1.246079e+00)) ((7.246947e+00 -1.297705e+00 -8.747087e-01) (-3.677278e-01 7.837893e-04 -2.365894e-03))
502.84        	((-8.029433e-01 2.085248e+03 8.268662e+02) (-2.156015e-03 1.226819e+01 1.256265e+00)) ((7.446908e+00 -1.380079e+00 -8.246605e-01) (-3.710516e-01 8.180314e-04 -1.527351e-03))
502.85        	((-6.298914e-01 2.080287e+03 8.253612e+02) (-3.616964e-03 1.226581e+01 1.266386e+00)) ((7.636580e+00 -1.297289e+00 -8.625564e-01) (-3.743285e-01 8.982337e-04 -2.409835e-03))
502.86        	((-7.163746e-01 2.075347e+03 8.238287e+02) (-2.023604e-03 1.226176e+01 1.276420e+00)) ((7.829318e+00 -1.373082e+00 -8.170876e-01) (-3.780256e-01 7.725854e-04 -1.489412e-03))
502.87        	((-5.035540e-01 2.070440e+03 8.223204e+02) (-3.894899e-03 1.225839e+01 1.285887e+00)) ((8.023905e+00 -1.281196e+00 -8.588716e-01) (-3.816654e-01 5.118982e-04 -2.078388e-03))
502.88        	((-6.006696e-01 2.065576e+03 8.208071e+02) (-1.842435e-03 1.225520e+01 1.296313e+00)) ((8.230810e+00 -1.364143e+00 -8.109776e-01) (-3.850912e-01 5.947160e-04 -1.611232e-03))
502.89        	((-4.300250e-01 2.060727e+03 8.192553e+02) (-3.372343e-03 1.225248e+01 1.306546e+00)) ((8.426326e+00 -1.279785e+00 -8.529527e-01) (-3.884465e-01 7.584463e-04 -2.772775e-03))
502.9         	((-5.430004e-01 2.055893e+03 8.177082e+02) (-1.571093e-03 1.224805e+01 1.316206e+00)) ((8.628541e+00 -1.357111e+00 -7.980078e-01) (-3.922750e-01 4.898559e-04 -1.615733e-03))
502.91        	((-3.821850e-01 2.051118e+03 8.161404e+02) (-3.305899e-03 1.224546e+01 1.326110e+00)) ((8.832581e+00 -1.264786e+00 -8.507238e-01) (-3.955959e-01 7.559977e-04 -3.031959e-03))
502.92        	((-4.955705e-01 2.046339e+03 8.146028e+02) (-1.737784e-03 1.224171e+01 1.335789e+00)) ((9.041053e+00 -1.341840e+00 -7.909288e-01) (-3.991969e-01 4.113804e-04 -1.549897e-03))
502.93        	((-3.465537e-01 2.041587e+03 8.130285e+02) (-3.270582e-03 1.223876e+01 1.345408e+00)) ((9.239027e+00 -1.250990e+00 -8.446324e-01) (-4.025708e-01 7.653808e-04 -3.133126e-03))
502.94        	((-4.754603e-01 2.036840e+03 8.114949e+02) (-1.565651e-03 1.223445e+01 1.354729e+00)) ((9.445164e+00 -1.323341e+00 -7.853920e-01) (-4.062892e-01 4.572639e-04 -1.581955e-03))
502.95        	((-3.326153e-01 2.032151e+03 8.099373e+02) (-3.130374e-03 1.222739e+01 1.363143e+00)) ((9.649764e+00 -1.224815e+00 -8.398559e-01) (-4.081401e-01 7.303045e-04 -3.125696e-03))
502.96        	((-4.297161e-01 2.027415e+03 8.084098e+02) (-1.990817e-03 1.221810e+01 1.370952e+00)) ((9.848420e+00 -1.288985e+00 -7.740498e-01) (-4.105816e-01 1.179852e-04 -1.100261e-03))
502.97        	((-3.027805e-01 2.022720e+03 8.068518e+02) (-3.006230e-03 1.221048e+01 1.379225e+00)) ((1.004106e+01 -1.196596e+00 -8.341076e-01) (-4.125243e-01 6.700953e-04 -3.124957e-03))
502.98        	((-4.225736e-01 2.018017e+03 8.053088e+02) (-1.769802e-03 1.220095e+01 1.387181e+00)) ((1.023422e+01 -1.264537e+00 -7.679191e-01) (-4.149587e-01 4.178942e-04 -1.350804e-03))
502.99        	((-2.808017e-01 2.013369e+03 8.037640e+02) (-3.132182e-03 1.219785e+01 1.396870e+00)) ((1.042612e+01 -1.168110e+00 -8.163650e-01) (-4.180804e-01 6.104273e-04 -2.853149e-03))
503           	((-3.865224e-01 2.008694e+03 8.022323e+02) (-1.743356e-03 1.219256e+01 1.406089e+00)) ((1.061073e+01 -1.233434e+00 -7.521958e-01) (-4.217569e-01 3.006876e-05 -1.069733e-03))
503.01        	((-2.583599e-01 2.004082e+03 8.007001e+02) (-3.091439e-03 1.218951e+01 1.415836e+00)) ((1.079770e+01 -1.143550e+00 -8.044732e-01) (-4.247464e-01 5.173838e-04 -2.820573e-03))
503.02        	((-3.731164e-01 1.999434e+03 7.991683e+02) (-1.710928e-03 1.218347e+01 1.424869e+00)) ((1.097834e+01 -1.208849e+00 -7.434137e-01) (-4.285367e-01 3.789654e-04 -1.384017e-03))
503.03        	((-2.219848e-01 1.994861e+03 7.976564e+02) (-3.337912e-03 1.218071e+01 1.434649e+00)) ((1.116926e+01 -1.115138e+00 -7.894495e-01) (-4.313686e-01 5.281182e-04 -2.633359e-03))
503.04        	((-2.712995e-01 1.990244e+03 7.961115e+02) (-2.564076e-03 1.217450e+01 1.443514e+00)) ((1.134616e+01 -1.168124e+00 -7.244721e-01) (-4.351858e-01 -2.913255e-04 -2.938072e-04))
503.05        	((-1.029333e-01 1.985693e+03 7.946043e+02) (-3.524419e-03 1.217178e+01 1.453248e+00)) ((1.153346e+01 -1.073665e+00 -7.841277e-01) (-4.380088e-01 4.280262e-04 -2.542799e-03))
503.06        	((-1.509471e-01 1.981131e+03 7.930131e+02) (-2.455358e-03 1.216619e+01 1.462741e+00)) ((1.170617e+01 -1.124548e+00 -7.257381e-01) (-4.416181e-01 1.477999e-04 -8.648239e-04))
503.07        	((3.416515e-02 1.976627e+03 7.914855e+02) (-3.771105e-03 1.216280e+01 1.471908e+00)) ((1.189184e+01 -1.028198e+00 -7.765660e-01) (-4.446651e-01 4.225304e-04 -2.433487e-03))
503.08        	((-1.229245e-02 1.972097e+03 7.898707e+02) (-2.350726e-03 1.215646e+01 1.480910e+00)) ((1.205835e+01 -1.076203e+00 -7.242668e-01) (-4.484973e-01 2.775344e-05 -9.738377e-04))
503.09        	((1.808890e-01 1.967650e+03 7.883337e+02) (-3.935175e-03 1.215351e+01 1.490346e+00)) ((1.224745e+01 -9.792375e-01 -7.717033e-01) (-4.513633e-01 3.614667e-04 -2.472239e-03))
503.1         	((1.922111e-01 1.963156e+03 7.866934e+02) (-3.216036e-03 1.214653e+01 1.499218e+00)) ((1.241086e+01 -1.009997e+00 -7.182136e-01) (-4.553508e-01 -2.867554e-04 -4.504647e-04))
503.11        	((4.110752e-01 1.958760e+03 7.851549e+02) (-4.277747e-03 1.214382e+01 1.508592e+00)) ((1.260404e+01 -9.035347e-01 -7.722855e-01) (-4.581738e-01 3.427205e-04 -2.598400e-03))
503.12        	((4.250930e-01 1.954333e+03 7.834527e+02) (-3.044545e-03 1.213680e+01 1.517489e+00)) ((1.276563e+01 -9.188802e-01 -7.174971e-01) (-4.622083e-01 1.874767e-04 -1.500211e-03))
503.13        	((7.035503e-01 1.950067e+03 7.817666e+02) (-4.683707e-03 1.213062e+01 1.526155e+00)) ((1.296486e+01 -7.718831e-01 -7.326865e-01) (-4.661065e-01 7.196486e-04 -4.449745e-03))
503.14        	((7.395666e-01 1.945738e+03 7.800997e+02) (-3.833652e-03 1.212700e+01 1.535956e+00)) ((1.314447e+01 -8.022566e-01 -6.431800e-01) (-4.690386e-01 -4.111036e-04 -1.079437e-03))
503.15        	((9.686492e-01 1.941451e+03 7.785447e+02) (-5.187647e-03 1.212335e+01 1.545270e+00)) ((1.333817e+01 -6.960251e-01 -6.782340e-01) (-4.721083e-01 2.618781e-04 -3.645036e-03))
503.16        	((9.727520e-01 1.937068e+03 7.769020e+02) (-3.962058e-03 1.211877e+01 1.554857e+00)) ((1.348620e+01 -7.384061e-01 -6.249352e-01) (-4.753469e-01 -2.752871e-04 -1.312825e-03))
503.17        	((1.242332e+00 1.932726e+03 7.752388e+02) (-5.424729e-03 1.211420e+01 1.563706e+00)) ((1.363285e+01 -5.977854e-01 -6.981535e-01) (-4.786893e-01 1.027888e-04 -3.527072e-03))
503.18        	((1.254369e+00 1.928346e+03 7.735704e+02) (-3.753981e-03 1.210830e+01 1.572389e+00)) ((1.376512e+01 -6.353488e-01 -6.631998e-01) (-4.823614e-01 -5.712843e-04 -1.229568e-03))
503.19        	((1.525734e+00 1.924060e+03 7.718774e+02) (-5.271793e-03 1.210419e+01 1.581633e+00)) ((1.391108e+01 -4.968473e-01 -7.383313e-01) (-4.855081e-01 4.446886e-05 -3.564255e-03))
503.2         	((1.527251e+00 1.919750e+03 7.701823e+02) (-3.698296e-03 1.209841e+01 1.590918e+00)) ((1.404785e+01 -5.465950e-01 -6.857918e-01) (-4.889921e-01 -4.312732e-04 -1.362734e-03))
503.21        	((1.765350e+00 1.915504e+03 7.684768e+02) (-5.030122e-03 1.209380e+01 1.599837e+00)) ((1.418880e+01 -4.225540e-01 -7.448954e-01) (-4.921750e-01 4.005943e-05 -3.319376e-03))
503.22        	((1.750819e+00 1.911216e+03 7.666976e+02) (-3.712433e-03 1.208592e+01 1.608650e+00)) ((1.430049e+01 -4.629734e-01 -6.937557e-01) (-4.961652e-01 -6.512076e-04 -9.193851e-04))
503.23        	((1.973986e+00 1.907037e+03 7.648641e+02) (-4.886506e-03 1.208125e+01 1.619221e+00)) ((1.441610e+01 -3.391862e-01 -7.543689e-01) (-4.990953e-01 -1.071891e-04 -3.030330e-03))
503.24        	((1.960930e+00 1.902898e+03 7.630220e+02) (-3.441157e-03 1.207537e+01 1.629023e+00)) ((1.456342e+01 -3.756819e-01 -7.082156e-01) (-5.020935e-01 -6.904811e-04 -1.131879e-03))
503.25        	((2.164369e+00 1.898835e+03 7.612828e+02) (-4.614814e-03 1.207192e+01 1.637972e+00)) ((1.474471e+01 -2.676560e-01 -7.649839e-01) (-5.045060e-01 -2.781023e-04 -3.027593e-03))
503.26        	((2.160306e+00 1.894671e+03 7.593731e+02) (-3.586749e-03 1.206378e+01 1.646524e+00)) ((1.485751e+01 -3.085847e-01 -7.163482e-01) (-5.082201e-01 -8.790518e-04 -9.379921e-04))
503.27        	((2.363653e+00 1.890575e+03 7.574964e+02) (-4.794171e-03 1.206067e+01 1.656224e+00)) ((1.497031e+01 -2.065374e-01 -7.616079e-01) (-5.104096e-01 -4.921283e-04 -2.953196e-03))
503.28        	((2.349752e+00 1.886428e+03 7.554288e+02) (-3.674158e-03 1.205333e+01 1.665818e+00)) ((1.503959e+01 -2.384257e-01 -7.021177e-01) (-5.136296e-01 -1.071806e-03 -1.206256e-03))
503.29        	((2.502947e+00 1.882379e+03 7.535304e+02) (-4.787012e-03 1.205018e+01 1.674439e+00)) ((1.515855e+01 -1.453229e-01 -7.306793e-01) (-5.156469e-01 -6.210067e-04 -2.955543e-03))
503.3         	((2.474222e+00 1.878259e+03 7.514325e+02) (-3.892680e-03 1.204193e+01 1.682891e+00)) ((1.523091e+01 -1.773602e-01 -6.671034e-01) (-5.189661e-01 -1.111756e-03 -8.864771e-04))
503.31        	((2.629401e+00 1.874215e+03 7.494443e+02) (-5.311730e-03 1.203847e+01 1.692890e+00)) ((1.532823e+01 -9.428100e-02 -6.997104e-01) (-5.208538e-01 -3.176261e-04 -2.230374e-03))
503.32        	((2.568641e+00 1.870073e+03 7.472011e+02) (-3.398560e-03 1.203165e+01 1.702190e+00)) ((1.536447e+01 -1.044912e-01 -6.480538e-01) (-5.234271e-01 -1.249951e-03 -1.074227e-03))
503.33        	((2.647541e+00 1.866015e+03 7.452092e+02) (-4.079880e-03 1.202950e+01 1.710496e+00)) ((1.546216e+01 6.054284e-03 -6.778667e-01) (-5.247475e-01 -8.680316e-04 -2.869389e-03))
503.34        	((2.583755e+00 1.861852e+03 7.429770e+02) (-2.791568e-03 1.202059e+01 1.718654e+00)) ((1.549410e+01 -1.026079e-02 -6.159786e-01) (-5.278382e-01 -1.352748e-03 -1.083538e-03))
503.35        	((2.701974e+00 1.857787e+03 7.409308e+02) (-3.514745e-03 1.201742e+01 1.727574e+00)) ((1.557096e+01 6.960742e-02 -6.334994e-01) (-5.292010e-01 -1.038017e-03 -2.631307e-03))
503.36        	((2.639768e+00 1.853633e+03 7.385990e+02) (-2.479352e-03 1.200767e+01 1.736396e+00)) ((1.558386e+01 5.068557e-02 -5.659760e-01) (-5.322778e-01 -1.538364e-03 -9.849740e-04))
503.37        	((2.654576e+00 1.849585e+03 7.365086e+02) (-3.234783e-03 1.200263e+01 1.744653e+00)) ((1.566012e+01 1.510613e-01 -5.805634e-01) (-5.340954e-01 -1.005572e-03 -2.556404e-03))
503.38        	((2.506590e+00 1.845463e+03 7.341906e+02) (-2.332276e-03 1.199204e+01 1.752908e+00)) ((1.569207e+01 1.511634e-01 -5.202795e-01) (-5.372785e-01 -1.290840e-03 -9.620625e-04))
503.39        	((2.517494e+00 1.841470e+03 7.321292e+02) (-3.055750e-03 1.198760e+01 1.761997e+00)) ((1.579836e+01 2.642879e-01 -5.337688e-01) (-5.387016e-01 -9.446842e-04 -2.575449e-03))
503.4         	((2.396166e+00 1.837377e+03 7.298365e+02) (-1.877479e-03 1.197793e+01 1.770982e+00)) ((1.585110e+01 2.804446e-01 -4.673720e-01) (-5.414975e-01 -1.499803e-03 -1.383743e-03))
503.41        	((2.408115e+00 1.833387e+03 7.277938e+02) (-2.326307e-03 1.197309e+01 1.779381e+00)) ((1.596517e+01 3.752582e-01 -4.729551e-01) (-5.428857e-01 -1.180955e-03 -2.889535e-03))
503.42        	((2.264876e+00 1.829275e+03 7.255368e+02) (-1.263270e-03 1.196522e+01 1.787749e+00)) ((1.601227e+01 3.827465e-01 -4.115290e-01) (-5.460432e-01 -1.574403e-03 -1.732656e-03))
503.43        	((2.224711e+00 1.825278e+03 7.234505e+02) (-1.710430e-03 1.196071e+01 1.796429e+00)) ((1.610060e+01 4.732112e-01 -4.235464e-01) (-5.471507e-01 -1.354172e-03 -2.814609e-03))
503.44        	((2.034279e+00 1.821195e+03 7.211092e+02) (-7.913862e-04 1.195210e+01 1.804849e+00)) ((1.613040e+01 4.699371e-01 -3.904121e-01) (-5.503335e-01 -2.012309e-03 -8.510794e-04))
503.45        	((1.952523e+00 1.817273e+03 7.189891e+02) (-7.175927e-04 1.194708e+01 1.813216e+00)) ((1.622892e+01 5.566576e-01 -4.320685e-01) (-5.513496e-01 -1.615884e-03 -2.201922e-03))
503.46        	((1.790141e+00 1.813207e+03 7.168541e+02) (4.638414e-04 1.194148e+01 1.821551e+00)) ((1.629122e+01 6.255103e-01 -4.104017e-01) (-5.533771e-01 -1.843522e-03 -1.984894e-03))
503.47        	((1.657854e+00 1.809230e+03 7.147490e+02) (2.493348e-04 1.193643e+01 1.830273e+00)) ((1.636887e+01 7.113805e-01 -3.933981e-01) (-5.539992e-01 -1.448521e-03 -2.568641e-03))
503.48        	((1.475286e+00 1.805025e+03 7.126503e+02) (6.227359e-04 1.193217e+01 1.838714e+00)) ((1.639045e+01 7.771388e-01 -3.246980e-01) (-5.553069e-01 -1.712757e-03 -2.034098e-03))
503.49        	((1.270697e+00 1.800968e+03 7.105137e+02) (6.528451e-04 1.192776e+01 1.847405e+00)) ((1.641949e+01 8.284549e-01 -2.763749e-01) (-5.567350e-01 -1.250564e-03 -2.326779e-03))
503.5         	((1.032655e+00 1.796703e+03 7.084712e+02) (1.184184e-03 1.192335e+01 1.854890e+00)) ((1.642127e+01 8.883840e-01 -2.238744e-01) (-5.583630e-01 -1.388604e-03 -2.047934e-03))
503.51        	((7.745179e-01 1.792729e+03 7.063915e+02) (1.112367e-03 1.191905e+01 1.863319e+00)) ((1.647761e+01 9.276881e-01 -1.959823e-01) (-5.600292e-01 -1.054527e-03 -2.085047e-03))
503.52        	((5.192420e-01 1.788419e+03 7.043615e+02) (1.387529e-03 1.191514e+01 1.870642e+00)) ((1.648909e+01 9.762643e-01 -1.669978e-01) (-5.618345e-01 -1.367291e-03 -1.768149e-03))
503.53        	((2.490760e-01 1.784445e+03 7.022728e+02) (1.011809e-03 1.191131e+01 1.878607e+00)) ((1.656460e+01 1.011218e+00 -1.478845e-01) (-5.639496e-01 -9.404815e-04 -2.060215e-03))
503.54        	((-6.703582e-02 1.780011e+03 7.002015e+02) (1.009385e-03 1.190670e+01 1.885378e+00)) ((1.656231e+01 1.068065e+00 -1.056827e-01) (-5.660168e-01 -1.038395e-03 -1.819961e-03))
503.55        	((-3.690190e-01 1.776244e+03 6.981867e+02) (1.757179e-04 1.190224e+01 1.893557e+00)) ((1.671708e+01 1.122354e+00 -7.183058e-02) (-5.680821e-01 -5.367865e-04 -2.043778e-03))
503.56        	((-6.687399e-01 1.771667e+03 6.960597e+02) (9.977725e-05 1.189677e+01 1.900672e+00)) ((1.670431e+01 1.152868e+00 -1.592531e-02) (-5.700884e-01 -6.646851e-04 -1.461277e-03))
503.57        	((-9.155212e-01 1.768624e+03 6.943642e+02) (-5.023991e-04 1.189135e+01 1.908615e+00)) ((1.702438e+01 1.185807e+00 1.181078e-02) (-5.720124e-01 -1.687542e-04 -1.979065e-03))
503.58        	((-1.196217e+00 1.763863e+03 6.920789e+02) (-1.007341e-04 1.188489e+01 1.915229e+00)) ((1.695268e+01 1.195575e+00 6.274696e-02) (-5.739327e-01 -3.563543e-04 -1.598278e-03))
503.59        	((-1.443883e+00 1.762555e+03 6.915799e+02) (-5.002798e-04 1.187769e+01 1.922586e+00)) ((1.757801e+01 1.239775e+00 8.351896e-02) (-5.751455e-01 -1.146847e-05 -2.275069e-03))
503.6         	((-1.761166e+00 1.757719e+03 6.893396e+02) (2.274649e-04 1.186945e+01 1.928584e+00)) ((1.740840e+01 1.271283e+00 1.370697e-01) (-5.763556e-01 -3.598127e-04 -1.972640e-03))
503.61        	((-2.017837e+00 1.759302e+03 6.901767e+02) (-3.848674e-04 1.185666e+01 1.934772e+00)) ((1.833705e+01 1.338200e+00 1.539748e-01) (-5.762160e-01 5.582856e-05 -2.668701e-03))
503.62        	((-2.296049e+00 1.752202e+03 6.865357e+02) (-2.540267e-04 1.184284e+01 1.939501e+00)) ((1.780547e+01 1.367161e+00 2.011485e-01) (-5.760273e-01 1.671739e-05 -2.108820e-03))
503.63        	((-2.483658e+00 1.747133e+03 6.833476e+02) (-9.267240e-04 1.183462e+01 1.946116e+00)) ((1.738427e+01 1.419704e+00 2.159447e-01) (-5.753843e-01 5.173218e-04 -2.575669e-03))
503.64        	((-2.698077e+00 1.739215e+03 6.794157e+02) (-5.087885e-04 1.183302e+01 1.952697e+00)) ((1.682716e+01 1.430645e+00 2.621065e-01) (-5.748503e-01 2.825658e-04 -2.011772e-03))
503.65        	((-2.854056e+00 1.735083e+03 6.773474e+02) (-1.220920e-03 1.184265e+01 1.962525e+00)) ((1.703918e+01 1.472125e+00 2.751986e-01) (-5.740180e-01 6.965968e-04 -2.445143e-03))
503.66        	((-3.058873e+00 1.730924e+03 6.757517e+02) (-9.229098e-04 1.186149e+01 1.974046e+00)) ((1.732400e+01 1.480029e+00 3.160783e-01) (-5.722944e-01 5.840631e-04 -1.786955e-03))
503.67        	((-3.189512e+00 1.728813e+03 6.745605e+02) (-1.859791e-03 1.188089e+01 1.986968e+00)) ((1.775324e+01 1.522851e+00 3.229697e-01) (-5.694340e-01 1.064545e-03 -2.082595e-03))
503.68        	((-3.373049e+00 1.724550e+03 6.726713e+02) (-1.739792e-03 1.188542e+01 1.995424e+00)) ((1.768375e+01 1.530955e+00 3.591006e-01) (-5.640505e-01 9.887989e-04 -1.397131e-03))
503.69        	((-3.495713e+00 1.719607e+03 6.702035e+02) (-2.665941e-03 1.187932e+01 2.001680e+00)) ((1.746927e+01 1.575161e+00 3.650603e-01) (-5.567489e-01 1.424623e-03 -1.667468e-03))
503.7         	((-3.672586e+00 1.715210e+03 6.681440e+02) (-2.424217e-03 1.184595e+01 2.000238e+00)) ((1.742263e+01 1.585276e+00 4.035036e-01) (-5.460217e-01 1.302044e-03 -1.093806e-03))
503.71        	((-3.775566e+00 1.711687e+03 6.664529e+02) (-3.161336e-03 1.178590e+01 1.992125e+00)) ((1.762374e+01 1.624038e+00 4.120187e-01) (-5.327293e-01 1.681847e-03 -1.340261e-03))
503.72        	((-3.924980e+00 1.708181e+03 6.648936e+02) (-2.662940e-03 1.168123e+01 1.972053e+00)) ((1.788098e+01 1.625828e+00 4.521314e-01) (-5.154038e-01 1.567505e-03 -8.263181e-04))
503.73        	((-4.018141e+00 1.704865e+03 6.632584e+02) (-3.087302e-03 1.155415e+01 1.946638e+00)) ((1.811247e+01 1.667767e+00 4.664614e-01) (-4.960161e-01 1.849443e-03 -1.188263e-03))
503.74        	((-4.163200e+00 1.701435e+03 6.616396e+02) (-2.304939e-03 1.138432e+01 1.909835e+00)) ((1.824247e+01 1.677182e+00 5.112158e-01) (-4.727498e-01 1.677770e-03 -8.544152e-04))
503.75        	((-4.220312e+00 1.698119e+03 6.599306e+02) (-2.670480e-03 1.120094e+01 1.869610e+00)) ((1.833266e+01 1.718388e+00 5.240774e-01) (-4.479858e-01 1.900170e-03 -1.187576e-03))
503.76        	((-4.303691e+00 1.694721e+03 6.582450e+02) (-1.848302e-03 1.099328e+01 1.822485e+00)) ((1.842896e+01 1.715183e+00 5.601254e-01) (-4.215652e-01 1.764485e-03 -8.631426e-04))
503.77        	((-4.298492e+00 1.691468e+03 6.564628e+02) (-2.384556e-03 1.076818e+01 1.770866e+00)) ((1.858558e+01 1.743566e+00 5.628483e-01) (-3.930263e-01 1.991883e-03 -1.098633e-03))
503.78        	((-4.344765e+00 1.688317e+03 6.547588e+02) (-1.644128e-03 1.052546e+01 1.713615e+00)) ((1.879606e+01 1.732252e+00 5.903503e-01) (-3.632911e-01 1.911613e-03 -8.170637e-04))
503.79        	((-4.326927e+00 1.685372e+03 6.530132e+02) (-2.220395e-03 1.027109e+01 1.652754e+00)) ((1.900846e+01 1.761068e+00 5.900383e-01) (-3.319939e-01 2.160304e-03 -1.045940e-03))
503.8         	((-4.382263e+00 1.682512e+03 6.513902e+02) (-1.475158e-03 1.000520e+01 1.587811e+00)) ((1.919789e+01 1.756002e+00 6.183208e-01) (-3.000009e-01 2.154260e-03 -9.104040e-04))
503.81        	((-4.361375e+00 1.679657e+03 6.496863e+02) (-2.055064e-03 9.734014e+00 1.521184e+00)) ((1.933282e+01 1.786542e+00 6.186913e-01) (-2.670542e-01 2.398164e-03 -1.121395e-03))
503.82        	((-4.392654e+00 1.676744e+03 6.480460e+02) (-1.259993e-03 9.456920e+00 1.452057e+00)) ((1.945916e+01 1.770876e+00 6.427847e-01) (-2.342836e-01 2.424262e-03 -1.044506e-03))
503.83        	((-4.343527e+00 1.673793e+03 6.462870e+02) (-1.759827e-03 9.179490e+00 1.382687e+00)) ((1.956789e+01 1.789585e+00 6.390253e-01) (-2.017032e-01 2.639063e-03 -1.198634e-03))
503.84        	((-4.378448e+00 1.670931e+03 6.446284e+02) (-7.230683e-04 8.901599e+00 1.312631e+00)) ((1.971232e+01 1.771731e+00 6.640471e-01) (-1.707419e-01 2.630767e-03 -1.165795e-03))
503.85        	((-4.358206e+00 1.668141e+03 6.428936e+02) (-8.998088e-04 8.627921e+00 1.243694e+00)) ((1.984791e+01 1.796454e+00 6.683884e-01) (-1.414538e-01 2.730256e-03 -1.359618e-03))
503.86        	((-4.418248e+00 1.665469e+03 6.413069e+02) (1.267988e-05 8.358339e+00 1.175865e+00)) ((2.000881e+01 1.778507e+00 6.993266e-01) (-1.144011e-01 2.714926e-03 -1.307768e-03))
503.87        	((-4.398337e+00 1.662816e+03 6.396789e+02) (-3.033866e-04 8.097940e+00 1.111182e+00)) ((2.014051e+01 1.796943e+00 7.038983e-01) (-8.967241e-02 2.734461e-03 -1.331289e-03))
503.88        	((-4.450121e+00 1.660193e+03 6.381848e+02) (8.505288e-04 7.845626e+00 1.049057e+00)) ((2.027866e+01 1.772233e+00 7.307924e-01) (-6.818917e-02 2.595333e-03 -1.373836e-03))
503.89        	((-4.408449e+00 1.657475e+03 6.365833e+02) (6.016680e-04 7.605400e+00 9.912865e-01)) ((2.036458e+01 1.783503e+00 7.283172e-01) (-4.967635e-02 2.520422e-03 -1.402869e-03))
503.9         	((-4.410687e+00 1.654776e+03 6.350740e+02) (1.648935e-03 7.375675e+00 9.370370e-01)) ((2.046473e+01 1.740684e+00 7.423079e-01) (-3.485399e-02 2.389065e-03 -1.461256e-03))
503.91        	((-4.301314e+00 1.652080e+03 6.334847e+02) (1.269136e-03 7.159634e+00 8.879093e-01)) ((2.054982e+01 1.727779e+00 7.247954e-01) (-2.350765e-02 2.320993e-03 -1.412744e-03))
503.92        	((-4.245045e+00 1.649515e+03 6.320357e+02) (2.201017e-03 6.955064e+00 8.427799e-01)) ((2.068605e+01 1.664702e+00 7.235114e-01) (-1.627484e-02 2.250013e-03 -1.459925e-03))
503.93        	((-4.093531e+00 1.646978e+03 6.305181e+02) (1.714864e-03 6.764712e+00 8.029202e-01)) ((2.080928e+01 1.638653e+00 6.932683e-01) (-1.262574e-02 2.241464e-03 -1.379156e-03))
503.94        	((-4.016865e+00 1.644220e+03 6.289465e+02) (2.411369e-03 6.586151e+00 7.673461e-01)) ((2.094038e+01 1.570640e+00 6.823648e-01) (-1.263247e-02 2.273528e-03 -1.379946e-03))
503.95        	((-3.851394e+00 1.641683e+03 6.274139e+02) (1.650023e-03 6.421332e+00 7.363134e-01)) ((2.104997e+01 1.541853e+00 6.447291e-01) (-1.579336e-02 2.330622e-03 -1.165173e-03))
503.96        	((-3.781960e+00 1.639080e+03 6.258828e+02) (2.296142e-03 6.267090e+00 7.086616e-01)) ((2.117227e+01 1.478444e+00 6.325359e-01) (-2.206145e-02 2.359464e-03 -1.121689e-03))
503.97        	((-3.642558e+00 1.636690e+03 6.243259e+02) (1.750985e-03 6.124796e+00 6.846852e-01)) ((2.126767e+01 1.457343e+00 5.989085e-01) (-3.091045e-02 2.366974e-03 -9.413895e-04))
503.98        	((-3.586098e+00 1.634089e+03 6.226336e+02) (2.599234e-03 5.991741e+00 6.636001e-01)) ((2.135853e+01 1.390857e+00 5.885489e-01) (-4.185169e-02 2.346422e-03 -9.082456e-04))
503.99        	((-3.431537e+00 1.631685e+03 6.208689e+02) (2.187740e-03 5.869274e+00 6.455854e-01)) ((2.143646e+01 1.349000e+00 5.489610e-01) (-5.432280e-02 2.310453e-03 -6.868134e-04))
504           	((-3.375584e+00 1.629113e+03 6.191057e+02) (2.980644e-03 5.755317e+00 6.296666e-01)) ((2.155093e+01 1.284270e+00 5.364555e-01) (-6.762810e-02 2.299866e-03 -7.272427e-04))
504.01        	((-3.254652e+00 1.626767e+03 6.173754e+02) (2.530614e-03 5.659987e+00 6.170142e-01)) ((2.166150e+01 1.266555e+00 5.078065e-01) (-7.988621e-02 2.307588e-03 -7.138628e-04))
504.02        	((-3.226162e+00 1.624227e+03 6.155416e+02) (3.179973e-03 5.561101e+00 6.047111e-01)) ((2.176941e+01 1.209213e+00 5.115383e-01) (-9.423922e-02 2.314047e-03 -8.334664e-04))
504.03        	((-3.135307e+00 1.621906e+03 6.136520e+02) (2.757883e-03 5.478484e+00 5.953632e-01)) ((2.185551e+01 1.197566e+00 4.976814e-01) (-1.070576e-01 2.281738e-03 -9.261090e-04))
504.04        	((-3.136531e+00 1.619402e+03 6.116270e+02) (3.366447e-03 5.393283e+00 5.865237e-01)) ((2.194262e+01 1.164218e+00 5.124757e-01) (-1.213567e-01 2.258016e-03 -1.174157e-03))
504.05        	((-3.049062e+00 1.617132e+03 6.096061e+02) (2.869584e-03 5.322392e+00 5.799803e-01)) ((2.202278e+01 1.176241e+00 5.052698e-01) (-1.337115e-01 2.256401e-03 -1.375143e-03))
504.06        	((-2.990030e+00 1.614643e+03 6.075963e+02) (3.564730e-03 5.250512e+00 5.739462e-01)) ((2.212892e+01 1.130674e+00 5.182841e-01) (-1.467983e-01 2.186819e-03 -1.565496e-03))
504.07        	((-2.833602e+00 1.612318e+03 6.056180e+02) (3.342728e-03 5.191103e+00 5.698463e-01)) ((2.221171e+01 1.119983e+00 5.061394e-01) (-1.578922e-01 2.096346e-03 -1.733258e-03))
504.08        	((-2.768815e+00 1.609728e+03 6.035668e+02) (4.102342e-03 5.135802e+00 5.667570e-01)) ((2.229113e+01 1.091913e+00 5.231477e-01) (-1.684026e-01 1.993214e-03 -1.899081e-03))
504.09        	((-2.648137e+00 1.607295e+03 6.015162e+02) (3.746350e-03 5.085618e+00 5.649376e-01)) ((2.234427e+01 1.123080e+00 5.192195e-01) (-1.782333e-01 1.957382e-03 -2.050424e-03))
504.1         	((-2.597819e+00 1.604620e+03 5.994140e+02) (4.393587e-03 5.039215e+00 5.640477e-01)) ((2.240905e+01 1.128869e+00 5.392498e-01) (-1.872492e-01 1.867636e-03 -2.210732e-03))
504.11        	((-2.457369e+00 1.602159e+03 5.973810e+02) (3.962867e-03 4.997287e+00 5.640094e-01)) ((2.247748e+01 1.174283e+00 5.340009e-01) (-1.955192e-01 1.782491e-03 -2.379848e-03))
504.12        	((-2.353467e+00 1.599473e+03 5.953241e+02) (4.246259e-03 4.957928e+00 5.648572e-01)) ((2.256044e+01 1.185656e+00 5.535183e-01) (-2.029006e-01 1.685216e-03 -2.452338e-03))
504.13        	((-2.119430e+00 1.596996e+03 5.933225e+02) (3.333622e-03 4.921335e+00 5.663923e-01)) ((2.263265e+01 1.235835e+00 5.515931e-01) (-2.093995e-01 1.611308e-03 -2.573502e-03))
504.14        	((-1.957519e+00 1.594225e+03 5.913111e+02) (3.553131e-03 4.886976e+00 5.682959e-01)) ((2.268621e+01 1.237594e+00 5.723808e-01) (-2.151479e-01 1.549701e-03 -2.480729e-03))
504.15        	((-1.741029e+00 1.591709e+03 5.894433e+02) (2.689223e-03 4.854525e+00 5.702982e-01)) ((2.274169e+01 1.275838e+00 5.672378e-01) (-2.202212e-01 1.598285e-03 -2.419916e-03))
504.16        	((-1.568648e+00 1.588887e+03 5.874755e+02) (2.670231e-03 4.822621e+00 5.723197e-01)) ((2.280787e+01 1.281487e+00 5.802903e-01) (-2.244805e-01 1.619616e-03 -2.217598e-03))
504.17        	((-1.307354e+00 1.586321e+03 5.856105e+02) (1.811580e-03 4.791877e+00 5.742835e-01)) ((2.289550e+01 1.324764e+00 5.666803e-01) (-2.280088e-01 1.682806e-03 -2.128691e-03))
504.18        	((-1.074015e+00 1.583456e+03 5.836637e+02) (1.760126e-03 4.760839e+00 5.760292e-01)) ((2.297451e+01 1.331222e+00 5.740672e-01) (-2.308139e-01 1.724857e-03 -1.881852e-03))
504.19        	((-7.608802e-01 1.580874e+03 5.818695e+02) (9.731900e-04 4.730193e+00 5.774601e-01)) ((2.305778e+01 1.367292e+00 5.599452e-01) (-2.330588e-01 1.838849e-03 -1.803405e-03))
504.2         	((-4.871353e-01 1.578227e+03 5.801373e+02) (1.006053e-03 4.698828e+00 5.784608e-01)) ((2.313395e+01 1.365831e+00 5.696734e-01) (-2.346375e-01 1.896933e-03 -1.528724e-03))
504.21        	((-1.557886e-01 1.575637e+03 5.783849e+02) (2.720314e-04 4.667257e+00 5.797134e-01)) ((2.320549e+01 1.392209e+00 5.602292e-01) (-2.354976e-01 1.972244e-03 -1.441420e-03))
504.22        	((1.105329e-01 1.572621e+03 5.764334e+02) (5.557835e-04 4.634372e+00 5.803534e-01)) ((2.325178e+01 1.383946e+00 5.748275e-01) (-2.359583e-01 2.074566e-03 -1.181905e-03))
504.23        	((3.968942e-01 1.569866e+03 5.744923e+02) (1.010303e-04 4.599735e+00 5.804108e-01)) ((2.329258e+01 1.407306e+00 5.630579e-01) (-2.360990e-01 2.206241e-03 -1.193681e-03))
504.24        	((6.818488e-01 1.567290e+03 5.728119e+02) (1.661953e-04 4.566232e+00 5.799144e-01)) ((2.335519e+01 1.410234e+00 5.797250e-01) (-2.362263e-01 2.209884e-03 -9.787623e-04))
504.25        	((1.036486e+00 1.564797e+03 5.710566e+02) (-5.167361e-04 4.531170e+00 5.794812e-01)) ((2.342319e+01 1.452210e+00 5.813441e-01) (-2.359615e-01 2.340475e-03 -9.769948e-04))
504.26        	((1.340608e+00 1.562149e+03 5.692728e+02) (-2.673921e-04 4.496271e+00 5.784596e-01)) ((2.349697e+01 1.472043e+00 6.177447e-01) (-2.354564e-01 2.416520e-03 -7.660272e-04))
504.27        	((1.681749e+00 1.559469e+03 5.673349e+02) (-9.394560e-04 4.460840e+00 5.772897e-01)) ((2.355685e+01 1.527533e+00 6.387277e-01) (-2.347135e-01 2.507024e-03 -9.424978e-04))
504.28        	((1.973504e+00 1.556771e+03 5.654385e+02) (-7.520598e-04 4.425268e+00 5.755245e-01)) ((2.361782e+01 1.545051e+00 6.901543e-01) (-2.339444e-01 2.528084e-03 -8.247703e-04))
504.29        	((2.293394e+00 1.554228e+03 5.634750e+02) (-1.245049e-03 4.389030e+00 5.738095e-01)) ((2.367978e+01 1.585318e+00 7.212139e-01) (-2.332472e-01 2.576604e-03 -1.034462e-03))
504.3         	((2.558588e+00 1.551716e+03 5.615621e+02) (-1.032460e-03 4.352647e+00 5.718742e-01)) ((2.376512e+01 1.605778e+00 7.766149e-01) (-2.324010e-01 2.541719e-03 -9.615143e-04))
504.31        	((2.869847e+00 1.549296e+03 5.595602e+02) (-1.289148e-03 4.315779e+00 5.701873e-01)) ((2.386180e+01 1.662650e+00 8.087076e-01) (-2.316122e-01 2.567884e-03 -1.282881e-03))
504.32        	((3.165616e+00 1.546876e+03 5.575668e+02) (-8.756481e-04 4.278310e+00 5.685146e-01)) ((2.399098e+01 1.692312e+00 8.581140e-01) (-2.307834e-01 2.465353e-03 -1.354175e-03))
504.33        	((3.513182e+00 1.544556e+03 5.555368e+02) (-9.855670e-04 4.240995e+00 5.668486e-01)) ((2.412522e+01 1.737364e+00 8.793846e-01) (-2.299493e-01 2.532215e-03 -1.622222e-03))
504.34        	((3.805579e+00 1.542232e+03 5.535744e+02) (-6.211427e-04 4.203396e+00 5.651280e-01)) ((2.426452e+01 1.768847e+00 9.211478e-01) (-2.290138e-01 2.509172e-03 -1.635724e-03))
504.35        	((4.093857e+00 1.539993e+03 5.515292e+02) (-7.189643e-04 4.165424e+00 5.634999e-01)) ((2.438052e+01 1.851152e+00 9.495030e-01) (-2.283857e-01 2.609808e-03 -1.959228e-03))
504.36        	((4.331328e+00 1.537716e+03 5.494915e+02) (-4.147123e-04 4.127132e+00 5.617143e-01)) ((2.449682e+01 1.920707e+00 1.001935e+00) (-2.277214e-01 2.617468e-03 -1.997289e-03))
504.37        	((4.619349e+00 1.535477e+03 5.473776e+02) (-4.283214e-04 4.088968e+00 5.600475e-01)) ((2.459859e+01 2.004843e+00 1.032390e+00) (-2.271918e-01 2.665609e-03 -2.244941e-03))
504.38        	((4.882162e+00 1.533198e+03 5.452951e+02) (9.219404e-05 4.050540e+00 5.582363e-01)) ((2.470871e+01 2.057379e+00 1.078823e+00) (-2.265997e-01 2.587329e-03 -2.243431e-03))
504.39        	((5.165937e+00 1.531004e+03 5.431517e+02) (3.272539e-04 4.012001e+00 5.565217e-01)) ((2.481362e+01 2.136019e+00 1.106516e+00) (-2.262587e-01 2.567974e-03 -2.483761e-03))
504.4         	((5.391665e+00 1.528787e+03 5.410696e+02) (1.079643e-03 3.973595e+00 5.548251e-01)) ((2.492980e+01 2.189737e+00 1.151880e+00) (-2.257082e-01 2.467617e-03 -2.494138e-03))
504.41        	((5.614148e+00 1.526619e+03 5.389500e+02) (1.435608e-03 3.935233e+00 5.532358e-01)) ((2.502912e+01 2.265439e+00 1.182632e+00) (-2.253792e-01 2.421600e-03 -2.627624e-03))
504.42        	((5.742657e+00 1.524364e+03 5.368772e+02) (2.317459e-03 3.897059e+00 5.513692e-01)) ((2.512094e+01 2.321476e+00 1.237592e+00) (-2.249260e-01 2.317783e-03 -2.611531e-03))
504.43        	((5.843280e+00 1.522129e+03 5.347542e+02) (2.442752e-03 3.859100e+00 5.494056e-01)) ((2.519233e+01 2.415305e+00 1.283969e+00) (-2.247313e-01 2.345550e-03 -2.787071e-03))
504.44        	((5.844607e+00 1.519819e+03 5.326614e+02) (3.389335e-03 3.821071e+00 5.473139e-01)) ((2.526262e+01 2.491776e+00 1.358028e+00) (-2.244183e-01 2.277390e-03 -2.751036e-03))
504.45        	((5.824997e+00 1.517557e+03 5.305134e+02) (3.403966e-03 3.783127e+00 5.450389e-01)) ((2.532270e+01 2.599363e+00 1.423412e+00) (-2.244028e-01 2.339616e-03 -2.847676e-03))
504.46        	((5.680176e+00 1.515232e+03 5.284028e+02) (4.655266e-03 3.745413e+00 5.428748e-01)) ((2.538201e+01 2.687595e+00 1.518072e+00) (-2.240695e-01 2.240436e-03 -2.870740e-03))
504.47        	((5.507958e+00 1.512972e+03 5.262228e+02) (4.820675e-03 3.707750e+00 5.404793e-01)) ((2.542749e+01 2.802907e+00 1.597609e+00) (-2.240174e-01 2.249451e-03 -3.053804e-03))
504.48        	((5.260543e+00 1.510733e+03 5.240259e+02) (5.957600e-03 3.668855e+00 5.381252e-01)) ((2.549462e+01 2.871932e+00 1.685005e+00) (-2.241770e-01 2.161341e-03 -2.824100e-03))
504.49        	((4.968392e+00 1.508590e+03 5.218291e+02) (6.311798e-03 3.630981e+00 5.357869e-01)) ((2.557968e+01 2.990430e+00 1.758011e+00) (-2.241638e-01 2.084743e-03 -3.063332e-03))
504.5         	((4.560522e+00 1.506394e+03 5.196969e+02) (7.543085e-03 3.593330e+00 5.337522e-01)) ((2.567523e+01 3.103514e+00 1.859677e+00) (-2.236984e-01 2.031727e-03 -3.299580e-03))
504.51        	((4.191855e+00 1.504266e+03 5.174697e+02) (7.723852e-03 3.555224e+00 5.313032e-01)) ((2.575236e+01 3.232128e+00 1.936381e+00) (-2.237382e-01 2.007332e-03 -3.588009e-03))
504.52        	((3.796966e+00 1.502089e+03 5.152200e+02) (8.669155e-03 3.517320e+00 5.290518e-01)) ((2.581822e+01 3.308464e+00 2.023306e+00) (-2.233772e-01 2.012095e-03 -3.708422e-03))
504.53        	((3.446751e+00 1.500007e+03 5.128675e+02) (8.525958e-03 3.479246e+00 5.263878e-01)) ((2.587438e+01 3.411005e+00 2.086420e+00) (-2.234320e-01 2.117549e-03 -3.853141e-03))
504.54        	((3.008491e+00 1.497996e+03 5.104688e+02) (9.634102e-03 3.436406e+00 5.228510e-01)) ((2.596578e+01 3.523064e+00 2.191530e+00) (-2.255373e-01 2.195478e-03 -5.196437e-03))
504.55        	((2.704527e+00 1.496174e+03 5.080504e+02) (8.874927e-03 3.402974e+00 5.206872e-01)) ((2.610335e+01 3.633925e+00 2.260301e+00) (-2.236390e-01 2.336381e-03 -4.315782e-03))
504.56        	((2.424926e+00 1.494185e+03 5.058594e+02) (9.202969e-03 3.368189e+00 5.188022e-01)) ((2.624040e+01 3.656505e+00 2.322591e+00) (-2.220596e-01 2.608262e-03 -3.878053e-03))
504.57        	((2.126911e+00 1.492242e+03 5.035830e+02) (8.352498e-03 3.331249e+00 5.156768e-01)) ((2.635133e+01 3.741452e+00 2.375698e+00) (-2.218981e-01 3.047234e-03 -3.718997e-03))
504.58        	((1.755595e+00 1.490229e+03 5.012971e+02) (8.672399e-03 3.294531e+00 5.131232e-01)) ((2.645434e+01 3.828231e+00 2.464862e+00) (-2.212545e-01 3.388874e-03 -3.639652e-03))
504.59        	((1.465619e+00 1.488277e+03 4.990079e+02) (8.450114e-03 3.258195e+00 5.101962e-01)) ((2.656220e+01 3.942992e+00 2.534831e+00) (-2.207356e-01 3.589777e-03 -3.680626e-03))
504.6         	((1.168475e+00 1.486260e+03 4.968112e+02) (9.093589e-03 3.222272e+00 5.074327e-01)) ((2.668570e+01 4.025398e+00 2.627152e+00) (-2.197547e-01 3.819681e-03 -3.660680e-03))
504.61        	((9.363059e-01 1.484297e+03 4.946533e+02) (9.066884e-03 3.186686e+00 5.044560e-01)) ((2.681775e+01 4.130887e+00 2.712098e+00) (-2.189598e-01 3.927321e-03 -3.522193e-03))
504.62        	((6.349719e-01 1.482255e+03 4.926126e+02) (9.996761e-03 3.151400e+00 5.015664e-01)) ((2.696213e+01 4.223204e+00 2.821100e+00) (-2.177765e-01 3.959837e-03 -3.410106e-03))
504.63        	((3.527626e-01 1.480213e+03 4.906291e+02) (1.022180e-02 3.115804e+00 4.981464e-01)) ((2.709532e+01 4.353409e+00 2.922741e+00) (-2.170423e-01 3.917854e-03 -3.301386e-03))
504.64        	((3.025664e-03 1.478039e+03 4.887611e+02) (1.137980e-02 3.080323e+00 4.947855e-01)) ((2.721484e+01 4.470810e+00 3.038813e+00) (-2.159753e-01 3.857343e-03 -3.331164e-03))
504.65        	((-2.957620e-01 1.475807e+03 4.869041e+02) (1.180934e-02 3.044732e+00 4.912941e-01)) ((2.729580e+01 4.614242e+00 3.141033e+00) (-2.152191e-01 3.806391e-03 -3.389192e-03))
504.66        	((-6.187225e-01 1.473414e+03 4.851168e+02) (1.301712e-02 3.009071e+00 4.879927e-01)) ((2.734714e+01 4.722718e+00 3.247725e+00) (-2.141307e-01 3.741307e-03 -3.517000e-03))
504.67        	((-8.542119e-01 1.470993e+03 4.833604e+02) (1.335338e-02 2.973089e+00 4.846210e-01)) ((2.737696e+01 4.834602e+00 3.333597e+00) (-2.133862e-01 3.687710e-03 -3.568186e-03))
504.68        	((-1.094501e+00 1.468473e+03 4.817279e+02) (1.443009e-02 2.937160e+00 4.815289e-01)) ((2.741286e+01 4.899125e+00 3.418935e+00) (-2.122286e-01 3.616947e-03 -3.662355e-03))
504.69        	((-1.237191e+00 1.466001e+03 4.801857e+02) (1.458182e-02 2.909976e+00 4.804443e-01)) ((2.746311e+01 4.962841e+00 3.481356e+00) (-2.115576e-01 3.559634e-03 -3.649901e-03))
504.7         	((-1.405666e+00 1.463453e+03 4.787633e+02) (1.533881e-02 2.873670e+00 4.775496e-01)) ((2.751648e+01 4.992801e+00 3.544512e+00) (-2.102642e-01 3.518013e-03 -3.657929e-03))
504.71        	((-1.509146e+00 1.460896e+03 4.773577e+02) (1.510572e-02 2.846198e+00 4.766749e-01)) ((2.754103e+01 5.046076e+00 3.587573e+00) (-2.095406e-01 3.517599e-03 -3.590539e-03))
504.72        	((-1.644568e+00 1.458227e+03 4.760049e+02) (1.548849e-02 2.809814e+00 4.738783e-01)) ((2.754099e+01 5.076850e+00 3.632339e+00) (-2.082582e-01 3.530141e-03 -3.558005e-03))
504.73        	((-1.678579e+00 1.455593e+03 4.746573e+02) (1.476740e-02 2.782913e+00 4.732643e-01)) ((2.752632e+01 5.125515e+00 3.651181e+00) (-2.074143e-01 3.604166e-03 -3.383686e-03))
504.74        	((-1.672347e+00 1.452911e+03 4.733768e+02) (1.462041e-02 2.747401e+00 4.711452e-01)) ((2.751907e+01 5.125415e+00 3.660883e+00) (-2.060619e-01 3.697193e-03 -3.205742e-03))
504.75        	((-1.538106e+00 1.450318e+03 4.721140e+02) (1.351595e-02 2.721180e+00 4.712414e-01)) ((2.752189e+01 5.129020e+00 3.645534e+00) (-2.051751e-01 3.818519e-03 -2.934582e-03))
504.76        	((-1.402820e+00 1.447707e+03 4.709099e+02) (1.293185e-02 2.686671e+00 4.692285e-01)) ((2.753735e+01 5.094322e+00 3.636342e+00) (-2.043576e-01 4.035454e-03 -2.665844e-03))
504.77        	((-1.166821e+00 1.445184e+03 4.697087e+02) (1.136854e-02 2.661530e+00 4.694024e-01)) ((2.755119e+01 5.070116e+00 3.611773e+00) (-2.037961e-01 4.266827e-03 -2.212516e-03))
504.78        	((-9.388846e-01 1.442624e+03 4.685460e+02) (1.031914e-02 2.628783e+00 4.680520e-01)) ((2.756274e+01 5.003906e+00 3.591176e+00) (-2.033944e-01 4.578317e-03 -1.823301e-03))
504.79        	((-6.332467e-01 1.440164e+03 4.674074e+02) (8.836402e-03 2.605043e+00 4.685465e-01)) ((2.758407e+01 4.945944e+00 3.555453e+00) (-2.031173e-01 4.776920e-03 -1.297111e-03))
504.8         	((-3.664128e-01 1.437674e+03 4.663051e+02) (7.821061e-03 2.574440e+00 4.678177e-01)) ((2.761239e+01 4.849271e+00 3.523642e+00) (-2.033102e-01 5.084431e-03 -9.599966e-04))
504.81        	((-3.315216e-02 1.435283e+03 4.652150e+02) (6.469786e-03 2.552260e+00 4.687116e-01)) ((2.765053e+01 4.760745e+00 3.476453e+00) (-2.034312e-01 5.260657e-03 -5.372479e-04))
504.82        	((2.628927e-01 1.432856e+03 4.641412e+02) (5.554014e-03 2.524357e+00 4.686634e-01)) ((2.768798e+01 4.627269e+00 3.430699e+00) (-2.041501e-01 5.600883e-03 -3.032013e-04))
504.83        	((6.269405e-01 1.430548e+03 4.630790e+02) (4.352503e-03 2.503816e+00 4.698938e-01)) ((2.773794e+01 4.502359e+00 3.367955e+00) (-2.047016e-01 5.758698e-03 1.464007e-05))
504.84        	((9.276153e-01 1.428242e+03 4.620252e+02) (3.707450e-03 2.478050e+00 4.703496e-01)) ((2.779939e+01 4.338807e+00 3.306490e+00) (-2.060814e-01 5.976189e-03 2.805160e-04))
504.85        	((1.257837e+00 1.426090e+03 4.609620e+02) (2.988115e-03 2.458775e+00 4.718362e-01)) ((2.788577e+01 4.197072e+00 3.227335e+00) (-2.071141e-01 5.866200e-03 6.433465e-04))
504.86        	((1.508617e+00 1.423911e+03 4.599028e+02) (2.672920e-03 2.435247e+00 4.727936e-01)) ((2.797572e+01 4.025278e+00 3.154051e+00) (-2.087286e-01 5.909560e-03 8.891308e-04))
504.87        	((1.813693e+00 1.421827e+03 4.588162e+02) (1.790615e-03 2.417585e+00 4.745682e-01)) ((2.806374e+01 3.874741e+00 3.074082e+00) (-2.097822e-01 5.921531e-03 1.034133e-03))
504.88        	((2.088975e+00 1.419733e+03 4.576804e+02) (1.228138e-03 2.395310e+00 4.756012e-01)) ((2.815070e+01 3.675392e+00 2.999923e+00) (-2.115968e-01 6.138562e-03 1.114277e-03))
504.89        	((2.442998e+00 1.417727e+03 4.565197e+02) (3.339230e-04 2.378859e+00 4.774328e-01)) ((2.823080e+01 3.485153e+00 2.898881e+00) (-2.125842e-01 6.148982e-03 1.263666e-03))
504.9         	((2.729273e+00 1.415655e+03 4.553168e+02) (-9.940786e-05 2.358571e+00 4.785008e-01)) ((2.828523e+01 3.267506e+00 2.793110e+00) (-2.139034e-01 6.273600e-03 1.481229e-03))
504.91        	((3.042178e+00 1.413684e+03 4.540865e+02) (-9.039158e-04 2.343238e+00 4.798843e-01)) ((2.833960e+01 3.095935e+00 2.672708e+00) (-2.147169e-01 6.224996e-03 1.624947e-03))
504.92        	((3.285667e+00 1.411675e+03 4.528344e+02) (-1.287248e-03 2.323750e+00 4.804050e-01)) ((2.839029e+01 2.901094e+00 2.561682e+00) (-2.156536e-01 6.301038e-03 1.823400e-03))
504.93        	((3.599226e+00 1.409771e+03 4.515885e+02) (-1.994540e-03 2.309025e+00 4.813238e-01)) ((2.845320e+01 2.729739e+00 2.436201e+00) (-2.162192e-01 6.229563e-03 1.943196e-03))
504.94        	((3.875919e+00 1.407798e+03 4.503476e+02) (-2.382853e-03 2.289880e+00 4.810560e-01)) ((2.850625e+01 2.520676e+00 2.317960e+00) (-2.167511e-01 6.305475e-03 2.173927e-03))
504.95        	((4.205168e+00 1.405898e+03 4.491174e+02) (-3.058839e-03 2.275359e+00 4.813217e-01)) ((2.856055e+01 2.344138e+00 2.186786e+00) (-2.170658e-01 6.262836e-03 2.284312e-03))
504.96        	((4.460525e+00 1.403903e+03 4.478997e+02) (-3.442524e-03 2.255859e+00 4.803849e-01)) ((2.860013e+01 2.148363e+00 2.072733e+00) (-2.171252e-01 6.361434e-03 2.544412e-03))
504.97        	((4.745598e+00 1.401969e+03 4.467117e+02) (-4.018870e-03 2.241200e+00 4.800674e-01)) ((2.864265e+01 1.992996e+00 1.947925e+00) (-2.171529e-01 6.322656e-03 2.635943e-03))
504.98        	((4.956728e+00 1.399922e+03 4.455539e+02) (-4.286298e-03 2.221234e+00 4.781928e-01)) ((2.866950e+01 1.818210e+00 1.841467e+00) (-2.168001e-01 6.370314e-03 2.905409e-03))
504.99        	((5.206665e+00 1.397933e+03 4.444356e+02) (-4.784883e-03 2.206400e+00 4.770137e-01)) ((2.870313e+01 1.680656e+00 1.719066e+00) (-2.166234e-01 6.325541e-03 2.950753e-03))
505           	((5.390396e+00 1.395838e+03 4.433671e+02) (-5.058215e-03 2.185792e+00 4.743135e-01)) ((2.873004e+01 1.521692e+00 1.614547e+00) (-2.158860e-01 6.378676e-03 3.203925e-03))
