# Forces      
# CofR        : (0.000000e+00 0.000000e+00 0.000000e+00)
# Time        forces(pressure viscous)	moments(pressure viscous)
500           	((4.769208e+00 1.531619e+04 4.877887e+03) (2.430973e-04 4.267200e+00 1.266355e-01)) ((-3.155567e+03 -3.528819e-01 4.145711e-01) (-3.792330e-01 3.909521e-05 -1.492847e-04))
500.01        	((2.430828e-01 1.136229e+04 3.916597e+03) (-1.327660e-03 2.450519e+00 -1.076573e-01)) ((-2.189035e+03 -8.231565e-01 3.657871e-01) (2.170881e-01 -3.935066e-04 3.447997e-04))
500.02        	((-3.042746e+00 1.491737e+03 9.720296e+02) (-1.693897e-03 6.877283e-01 -3.876288e-01)) ((-1.613105e+02 -1.324534e-01 1.539038e-01) (5.771894e-01 -9.059963e-04 5.357970e-04))
500.03        	((-1.865501e-01 -4.930239e+03 -8.368516e+02) (-3.592652e-03 5.349910e-01 -5.280432e-01)) ((1.105873e+03 9.082073e-01 -2.518774e-01) (4.621461e-01 -9.479928e-04 4.622187e-04))
500.04        	((5.906888e+00 -3.922878e+03 -6.356495e+02) (-2.585677e-03 2.806585e+00 -3.052850e-01)) ((6.875866e+02 9.873818e-01 -5.313028e-01) (-3.580794e-01 -1.732020e-03 -1.734111e-03))
500.05        	((7.128729e+00 3.955965e+02 5.149341e+02) (2.326011e-03 5.861195e+00 1.401425e-01)) ((-3.150422e+02 5.844292e-01 -6.082939e-01) (-1.159574e+00 -1.760399e-03 -3.165388e-03))
500.06        	((3.445130e+00 3.752390e+03 1.474980e+03) (-4.640553e-03 6.316271e+00 4.371950e-01)) ((-9.891383e+02 5.264800e-01 -3.190433e-01) (-1.095603e+00 -4.329627e-03 -3.484052e-03))
500.07        	((-3.544608e+00 4.215928e+03 1.704571e+03) (-4.219320e-03 4.720434e+00 3.397769e-01)) ((-9.521749e+02 6.475504e-01 5.612567e-01) (-3.906593e-01 -4.253618e-03 -1.021940e-03))
500.08        	((-4.540762e+00 2.585989e+03 1.365999e+03) (3.141680e-03 2.783839e+00 1.987080e-01)) ((-5.088466e+02 8.464866e-01 1.062843e+00) (3.281173e-01 -2.282973e-03 -1.458995e-03))
500.09        	((6.249398e-01 7.860185e+02 8.923392e+02) (-5.309095e-03 1.879158e+00 2.931426e-01)) ((-1.399124e+02 9.221727e-01 1.305285e+00) (4.717440e-01 -4.683881e-03 -6.522288e-04))
500.1         	((5.142096e+00 8.494002e+00 5.992985e+02) (1.937510e-02 2.618985e+00 4.477838e-01)) ((-6.543352e+01 6.294085e-01 1.018542e+00) (2.278105e-02 2.807346e-03 -2.129535e-03))
500.11        	((6.610934e+00 4.350570e+02 6.154247e+02) (4.714202e-02 4.480496e+00 8.374572e-01)) ((-2.317677e+02 2.181907e-01 -4.206472e-02) (-6.013554e-01 8.897484e-03 -2.702433e-03))
500.12        	((2.841328e+00 1.298119e+03 8.080021e+02) (3.275728e-02 5.534115e+00 1.044728e+00)) ((-4.196641e+02 -1.128993e-01 -2.129068e-01) (-8.439747e-01 7.939660e-03 -4.601566e-04))
500.13        	((-1.063908e+00 1.877473e+03 9.785743e+02) (1.582923e-02 5.391915e+00 1.078532e+00)) ((-4.837586e+02 -3.342141e-02 3.421432e-01) (-6.701745e-01 6.449890e-03 1.176574e-03))
500.14        	((-2.869440e+00 1.885739e+03 9.993613e+02) (1.073989e-02 4.862188e+00 1.071932e+00)) ((-4.123341e+02 2.380084e-01 6.588821e-01) (-4.006182e-01 5.669959e-03 1.078373e-03))
500.15        	((-1.890189e+00 1.528268e+03 8.867967e+02) (1.648662e-02 4.477543e+00 1.118170e+00)) ((-3.071814e+02 3.838183e-01 4.078704e-01) (-2.197204e-01 5.544789e-03 1.849254e-04))
500.16        	((2.473753e-01 1.186762e+03 7.422686e+02) (1.987432e-02 4.490567e+00 1.179787e+00)) ((-2.570271e+02 1.827119e-01 -4.183744e-02) (-2.553770e-01 3.292613e-03 -1.220293e-03))
500.17        	((1.928576e+00 1.098572e+03 6.577693e+02) (4.029195e-02 4.666210e+00 1.243099e+00)) ((-2.817695e+02 -1.164236e-02 -2.904401e-01) (-3.761096e-01 4.105073e-03 -3.849036e-03))
500.18        	((2.114679e+00 1.235178e+03 6.555002e+02) (1.972487e-02 4.996245e+00 1.285214e+00)) ((-3.357066e+02 -1.749024e-01 -2.819453e-01) (-4.831219e-01 1.339299e-03 -3.306390e-03))
500.19        	((1.135989e+00 1.423714e+03 6.948313e+02) (6.180134e-03 5.169483e+00 1.289488e+00)) ((-3.637197e+02 -2.226034e-01 -8.540908e-02) (-5.017110e-01 -4.664121e-04 -8.801956e-04))
500.2         	((-1.460457e-01 1.520461e+03 7.218218e+02) (3.132407e-03 5.217024e+00 1.277646e+00)) ((-3.498713e+02 -1.510477e-01 6.637064e-02) (-4.565682e-01 -1.156049e-03 -5.024523e-04))
500.21        	((-8.043056e-01 1.495594e+03 7.125541e+02) (1.805493e-03 5.216121e+00 1.270917e+00)) ((-3.156163e+02 -3.193610e-02 6.494269e-02) (-4.051655e-01 -1.455345e-03 -7.911663e-04))
500.22        	((-6.301757e-01 1.412818e+03 6.785329e+02) (-5.531018e-04 5.216569e+00 1.264294e+00)) ((-2.903244e+02 5.079627e-02 -5.604317e-02) (-3.776873e-01 -2.067987e-03 -1.069651e-03))
500.23        	((-7.979297e-02 1.349421e+03 6.442421e+02) (-9.855865e-04 5.229105e+00 1.251593e+00)) ((-2.866003e+02 8.490851e-02 -1.935208e-01) (-3.740310e-01 -2.965425e-03 -1.481234e-03))
500.24        	((4.375769e-01 1.340750e+03 6.264225e+02) (-1.036317e-03 5.243128e+00 1.230373e+00)) ((-2.970383e+02 1.110730e-01 -2.340118e-01) (-3.777831e-01 -2.571248e-03 -1.911277e-03))
500.25        	((5.014226e-01 1.373665e+03 6.254264e+02) (-7.757072e-04 5.264977e+00 1.215110e+00)) ((-3.067303e+02 9.185251e-02 -1.967490e-01) (-3.831056e-01 -2.266717e-03 -1.890831e-03))
500.26        	((2.504339e-01 1.413048e+03 6.323799e+02) (-1.796468e-03 5.272741e+00 1.193763e+00)) ((-3.066514e+02 1.335603e-01 -1.025763e-01) (-3.712687e-01 -2.977252e-03 -1.929613e-03))
500.27        	((-1.321827e-01 1.432439e+03 6.374445e+02) (-1.596120e-03 5.269815e+00 1.176177e+00)) ((-2.982485e+02 1.886657e-01 -3.785759e-02) (-3.486427e-01 -2.645506e-03 -1.750842e-03))
500.28        	((-3.142555e-01 1.426978e+03 6.361828e+02) (-2.476945e-03 5.262391e+00 1.163527e+00)) ((-2.882721e+02 2.876388e-01 -9.250598e-03) (-3.260540e-01 -2.972044e-03 -1.787798e-03))
500.29        	((-2.925280e-01 1.409068e+03 6.301550e+02) (-2.356617e-03 5.255618e+00 1.156536e+00)) ((-2.821424e+02 3.631938e-01 -2.751484e-02) (-3.113969e-01 -2.494789e-03 -1.603056e-03))
500.3         	((-1.551101e-01 1.394750e+03 6.236800e+02) (-2.336194e-03 5.250172e+00 1.151702e+00)) ((-2.807025e+02 4.330544e-01 -4.969408e-02) (-3.041017e-01 -2.669860e-03 -1.743582e-03))
500.31        	((-1.064524e-01 1.392528e+03 6.202083e+02) (-1.214669e-03 5.245543e+00 1.146687e+00)) ((-2.815067e+02 4.572524e-01 -6.531680e-02) (-2.999612e-01 -2.188656e-03 -1.686562e-03))
500.32        	((-1.725373e-01 1.400618e+03 6.204358e+02) (-9.130428e-04 5.238109e+00 1.141248e+00)) ((-2.817447e+02 4.836406e-01 -5.122514e-02) (-2.928779e-01 -2.380674e-03 -1.724067e-03))
500.33        	((-4.148032e-01 1.411565e+03 6.227890e+02) (2.323720e-04 5.228436e+00 1.137074e+00)) ((-2.803983e+02 4.590588e-01 -4.652831e-02) (-2.820349e-01 -1.864415e-03 -1.600766e-03))
500.34        	((-7.346175e-01 1.418088e+03 6.246254e+02) (7.704790e-04 5.214844e+00 1.133994e+00)) ((-2.778025e+02 4.437222e-01 -4.085036e-02) (-2.676540e-01 -2.110650e-03 -1.694413e-03))
500.35        	((-1.130865e+00 1.417630e+03 6.242405e+02) (1.660027e-03 5.201070e+00 1.132017e+00)) ((-2.748743e+02 3.959614e-01 -6.513259e-02) (-2.545241e-01 -1.747030e-03 -1.574646e-03))
500.36        	((-1.476658e+00 1.412756e+03 6.217260e+02) (1.467799e-03 5.186958e+00 1.129508e+00)) ((-2.722615e+02 3.784975e-01 -9.165715e-02) (-2.428017e-01 -2.058913e-03 -1.567090e-03))
500.37        	((-1.837572e+00 1.408278e+03 6.185461e+02) (2.038555e-03 5.175917e+00 1.126495e+00)) ((-2.703530e+02 3.571808e-01 -1.254048e-01) (-2.340718e-01 -2.069548e-03 -1.556314e-03))
500.38        	((-2.198343e+00 1.407205e+03 6.161778e+02) (2.033708e-03 5.166277e+00 1.121514e+00)) ((-2.691242e+02 3.764933e-01 -1.403787e-01) (-2.260266e-01 -2.247466e-03 -1.644398e-03))
500.39        	((-2.629985e+00 1.409378e+03 6.151382e+02) (2.455738e-03 5.157761e+00 1.115417e+00)) ((-2.682298e+02 3.863527e-01 -1.489424e-01) (-2.186419e-01 -2.395347e-03 -1.718282e-03))
500.4         	((-3.048311e+00 1.412509e+03 6.150009e+02) (2.601781e-03 5.150233e+00 1.106871e+00)) ((-2.672374e+02 3.883355e-01 -1.542647e-01) (-2.094943e-01 -2.343358e-03 -1.741986e-03))
500.41        	((-3.437625e+00 1.414381e+03 6.149417e+02) (2.457576e-03 5.146296e+00 1.101347e+00)) ((-2.659624e+02 4.079854e-01 -1.448964e-01) (-2.035387e-01 -2.820910e-03 -1.806290e-03))
500.42        	((-3.836768e+00 1.414439e+03 6.145276e+02) (3.567509e-03 5.143605e+00 1.096208e+00)) ((-2.645111e+02 4.619996e-01 -1.217551e-01) (-1.981462e-01 -3.095784e-03 -2.088608e-03))
500.43        	((-4.229089e+00 1.413547e+03 6.139224e+02) (3.590148e-03 5.142674e+00 1.091284e+00)) ((-2.631348e+02 5.247111e-01 -9.652512e-02) (-1.933618e-01 -2.840546e-03 -1.944090e-03))
500.44        	((-4.661151e+00 1.412942e+03 6.136008e+02) (4.159760e-03 5.143478e+00 1.087196e+00)) ((-2.620612e+02 5.988490e-01 -7.026578e-02) (-1.898133e-01 -3.138497e-03 -2.100270e-03))
500.45        	((-5.137740e+00 1.413144e+03 6.138735e+02) (4.435837e-03 5.145113e+00 1.083742e+00)) ((-2.612830e+02 6.641737e-01 -4.628762e-02) (-1.869587e-01 -3.065381e-03 -2.099590e-03))
500.46        	((-5.635730e+00 1.414003e+03 6.147891e+02) (4.688360e-03 5.147179e+00 1.080628e+00)) ((-2.606652e+02 7.282203e-01 -2.169098e-02) (-1.848289e-01 -3.099665e-03 -2.164204e-03))
500.47        	((-6.174066e+00 1.415019e+03 6.161838e+02) (5.309267e-03 5.148934e+00 1.077497e+00)) ((-2.600967e+02 7.846878e-01 3.895479e-03) (-1.829650e-01 -3.092410e-03 -2.233176e-03))
500.48        	((-6.741831e+00 1.415798e+03 6.178746e+02) (5.514217e-03 5.147532e+00 1.073995e+00)) ((-2.595530e+02 8.443048e-01 3.438607e-02) (-1.827519e-01 -3.054578e-03 -2.475174e-03))
500.49        	((-7.309352e+00 1.416293e+03 6.196803e+02) (6.071087e-03 5.151460e+00 1.071452e+00)) ((-2.590438e+02 8.841595e-01 5.663766e-02) (-1.804571e-01 -3.169425e-03 -2.486127e-03))
500.5         	((-7.991363e+00 1.416703e+03 6.216584e+02) (6.505384e-03 5.152508e+00 1.068942e+00)) ((-2.585990e+02 9.396492e-01 9.087601e-02) (-1.797748e-01 -3.340610e-03 -2.539884e-03))
500.51        	((-8.723762e+00 1.417180e+03 6.237946e+02) (6.115968e-03 5.155386e+00 1.066591e+00)) ((-2.582515e+02 9.687754e-01 1.072706e-01) (-1.788283e-01 -3.317950e-03 -2.638567e-03))
500.52        	((-9.544095e+00 1.417723e+03 6.261417e+02) (6.236066e-03 5.156123e+00 1.064625e+00)) ((-2.580018e+02 1.004132e+00 1.163685e-01) (-1.795759e-01 -3.550922e-03 -2.758369e-03))
500.53        	((-1.041255e+01 1.418332e+03 6.285710e+02) (5.753597e-03 5.159321e+00 1.063543e+00)) ((-2.577951e+02 1.040199e+00 1.187284e-01) (-1.792939e-01 -3.509023e-03 -2.827252e-03))
500.54        	((-1.129116e+01 1.418939e+03 6.310863e+02) (4.760825e-03 5.157074e+00 1.062082e+00)) ((-2.576318e+02 1.072873e+00 1.247150e-01) (-1.811376e-01 -3.195965e-03 -2.894194e-03))
500.55        	((-1.215166e+01 1.419615e+03 6.335481e+02) (5.503530e-03 5.160791e+00 1.061525e+00)) ((-2.574599e+02 1.081013e+00 1.313899e-01) (-1.806581e-01 -3.554641e-03 -3.066360e-03))
500.56        	((-1.318711e+01 1.420309e+03 6.358457e+02) (6.820478e-03 5.160131e+00 1.060992e+00)) ((-2.573008e+02 1.130893e+00 1.553967e-01) (-1.814496e-01 -3.731007e-03 -3.138716e-03))
500.57        	((-1.415439e+01 1.421060e+03 6.379913e+02) (6.836789e-03 5.159384e+00 1.060860e+00)) ((-2.571370e+02 1.151561e+00 1.497354e-01) (-1.831557e-01 -3.939115e-03 -3.300650e-03))
500.58        	((-1.523829e+01 1.421841e+03 6.399679e+02) (7.063885e-03 5.158500e+00 1.061652e+00)) ((-2.569528e+02 1.198611e+00 1.541469e-01) (-1.844724e-01 -4.103776e-03 -3.339258e-03))
500.59        	((-1.635432e+01 1.422611e+03 6.417673e+02) (7.008330e-03 5.158486e+00 1.062681e+00)) ((-2.567802e+02 1.224016e+00 1.481144e-01) (-1.850277e-01 -3.815292e-03 -3.383789e-03))
500.6         	((-1.750216e+01 1.423397e+03 6.433971e+02) (6.922578e-03 5.157337e+00 1.063083e+00)) ((-2.566590e+02 1.249111e+00 1.476963e-01) (-1.862456e-01 -3.647228e-03 -3.610657e-03))
500.61        	((-1.858267e+01 1.424156e+03 6.448450e+02) (7.982394e-03 5.157325e+00 1.063697e+00)) ((-2.565711e+02 1.246154e+00 1.301889e-01) (-1.869990e-01 -4.012363e-03 -3.506868e-03))
500.62        	((-1.959135e+01 1.424908e+03 6.461170e+02) (9.019709e-03 5.155935e+00 1.064453e+00)) ((-2.564663e+02 1.209868e+00 8.941839e-02) (-1.881118e-01 -4.503698e-03 -3.265332e-03))
500.63        	((-2.067195e+01 1.425654e+03 6.471874e+02) (9.305334e-03 5.157669e+00 1.066010e+00)) ((-2.563386e+02 1.191673e+00 5.234383e-02) (-1.880428e-01 -4.616081e-03 -3.129750e-03))
500.64        	((-2.185933e+01 1.426322e+03 6.480897e+02) (9.340168e-03 5.159543e+00 1.067696e+00)) ((-2.562311e+02 1.188327e+00 1.732978e-02) (-1.882905e-01 -4.550665e-03 -3.223355e-03))
500.65        	((-2.307923e+01 1.426947e+03 6.488351e+02) (9.908834e-03 5.162051e+00 1.068627e+00)) ((-2.561813e+02 1.166570e+00 -2.793359e-02) (-1.882719e-01 -4.404344e-03 -3.204311e-03))
500.66        	((-2.427550e+01 1.427541e+03 6.494574e+02) (1.022693e-02 5.163616e+00 1.068878e+00)) ((-2.561805e+02 1.125269e+00 -8.413903e-02) (-1.882065e-01 -4.736221e-03 -3.333567e-03))
500.67        	((-2.541773e+01 1.428119e+03 6.499738e+02) (1.051991e-02 5.165631e+00 1.069059e+00)) ((-2.561817e+02 1.084109e+00 -1.429633e-01) (-1.883078e-01 -5.249030e-03 -3.422962e-03))
500.68        	((-2.653425e+01 1.428686e+03 6.503997e+02) (1.108261e-02 5.167879e+00 1.069053e+00)) ((-2.561565e+02 1.047790e+00 -2.048866e-01) (-1.884391e-01 -5.637425e-03 -3.547142e-03))
500.69        	((-2.766193e+01 1.429249e+03 6.507443e+02) (1.195686e-02 5.170607e+00 1.069277e+00)) ((-2.561049e+02 1.020554e+00 -2.685129e-01) (-1.886139e-01 -5.823973e-03 -3.675920e-03))
500.7         	((-2.878616e+01 1.429788e+03 6.510180e+02) (1.295861e-02 5.173030e+00 1.069546e+00)) ((-2.560398e+02 9.958672e-01 -3.365575e-01) (-1.886367e-01 -5.887286e-03 -3.855857e-03))
500.71        	((-2.992020e+01 1.430310e+03 6.512360e+02) (1.374473e-02 5.175532e+00 1.069156e+00)) ((-2.559665e+02 9.973231e-01 -3.949194e-01) (-1.884770e-01 -6.183787e-03 -4.054303e-03))
500.72        	((-3.102532e+01 1.430841e+03 6.514072e+02) (1.502349e-02 5.177139e+00 1.067684e+00)) ((-2.558916e+02 1.007366e+00 -4.569424e-01) (-1.877227e-01 -6.194892e-03 -4.251608e-03))
500.73        	((-3.205306e+01 1.431398e+03 6.515842e+02) (1.539711e-02 5.179746e+00 1.067180e+00)) ((-2.558314e+02 1.058942e+00 -5.018605e-01) (-1.873981e-01 -7.034095e-03 -4.609189e-03))
500.74        	((-3.301349e+01 1.431949e+03 6.517655e+02) (1.647747e-02 5.181672e+00 1.066376e+00)) ((-2.557660e+02 1.139193e+00 -5.335312e-01) (-1.872103e-01 -7.537168e-03 -5.035874e-03))
500.75        	((-3.396514e+01 1.432455e+03 6.519366e+02) (1.767639e-02 5.184197e+00 1.065896e+00)) ((-2.556774e+02 1.277111e+00 -5.411884e-01) (-1.866558e-01 -8.132767e-03 -5.316090e-03))
500.76        	((-3.484394e+01 1.432939e+03 6.521137e+02) (1.867775e-02 5.184981e+00 1.064984e+00)) ((-2.555643e+02 1.409663e+00 -5.596095e-01) (-1.871525e-01 -8.460981e-03 -5.901457e-03))
500.77        	((-3.571374e+01 1.433413e+03 6.523037e+02) (1.965049e-02 5.187752e+00 1.064925e+00)) ((-2.554451e+02 1.605562e+00 -5.493144e-01) (-1.859647e-01 -9.188994e-03 -6.034078e-03))
500.78        	((-3.651102e+01 1.433837e+03 6.525281e+02) (2.109897e-02 5.188507e+00 1.063908e+00)) ((-2.553347e+02 1.765153e+00 -5.598415e-01) (-1.855213e-01 -9.358223e-03 -6.539935e-03))
500.79        	((-3.726714e+01 1.434260e+03 6.528144e+02) (2.209278e-02 5.190659e+00 1.063522e+00)) ((-2.552687e+02 2.026607e+00 -5.163289e-01) (-1.854783e-01 -1.023420e-02 -6.571829e-03))
500.8         	((-3.787141e+01 1.434674e+03 6.531824e+02) (2.358588e-02 5.191692e+00 1.062439e+00)) ((-2.551833e+02 2.230613e+00 -4.979881e-01) (-1.856676e-01 -1.025970e-02 -7.273377e-03))
500.81        	((-3.848573e+01 1.435096e+03 6.536291e+02) (2.537048e-02 5.193172e+00 1.061540e+00)) ((-2.550910e+02 2.513019e+00 -4.258586e-01) (-1.857410e-01 -1.045932e-02 -6.725645e-03))
500.82        	((-3.897251e+01 1.435494e+03 6.541357e+02) (2.719366e-02 5.196407e+00 1.061527e+00)) ((-2.549871e+02 2.761623e+00 -3.660125e-01) (-1.844747e-01 -1.013382e-02 -7.283104e-03))
500.83        	((-3.946427e+01 1.435834e+03 6.546805e+02) (2.885364e-02 5.198902e+00 1.061276e+00)) ((-2.548957e+02 3.056870e+00 -2.766884e-01) (-1.837514e-01 -9.841797e-03 -7.144595e-03))
500.84        	((-3.982996e+01 1.436087e+03 6.552441e+02) (3.047065e-02 5.199662e+00 1.060614e+00)) ((-2.548386e+02 3.322576e+00 -2.084600e-01) (-1.851090e-01 -9.612702e-03 -7.758459e-03))
500.85        	((-4.028380e+01 1.436254e+03 6.558231e+02) (3.226408e-02 5.201249e+00 1.060066e+00)) ((-2.548127e+02 3.658727e+00 -1.086999e-01) (-1.853210e-01 -9.408181e-03 -6.971261e-03))
500.86        	((-4.066534e+01 1.436378e+03 6.564167e+02) (3.426029e-02 5.205033e+00 1.060327e+00)) ((-2.548373e+02 3.975884e+00 -2.561342e-02) (-1.836515e-01 -8.694044e-03 -7.399063e-03))
500.87        	((-4.103154e+01 1.436484e+03 6.570100e+02) (3.584939e-02 5.207946e+00 1.059924e+00)) ((-2.549042e+02 4.340945e+00 8.682711e-02) (-1.832701e-01 -8.115709e-03 -7.181498e-03))
500.88        	((-4.130022e+01 1.436572e+03 6.575873e+02) (3.797635e-02 5.207376e+00 1.057597e+00)) ((-2.549620e+02 4.651047e+00 1.744459e-01) (-1.853606e-01 -7.000153e-03 -7.653756e-03))
500.89        	((-4.156901e+01 1.436680e+03 6.581633e+02) (3.989895e-02 5.211664e+00 1.057183e+00)) ((-2.550196e+02 5.023127e+00 2.973540e-01) (-1.841856e-01 -6.605872e-03 -6.971592e-03))
500.9         	((-4.179652e+01 1.436775e+03 6.587216e+02) (4.239110e-02 5.214469e+00 1.056343e+00)) ((-2.550963e+02 5.385552e+00 4.218318e-01) (-1.835841e-01 -5.806703e-03 -6.970459e-03))
500.91        	((-4.205021e+01 1.436825e+03 6.592606e+02) (4.494726e-02 5.214576e+00 1.054452e+00)) ((-2.552072e+02 5.791431e+00 5.789151e-01) (-1.852224e-01 -5.269512e-03 -6.681644e-03))
500.92        	((-4.227863e+01 1.436854e+03 6.597982e+02) (4.715547e-02 5.217877e+00 1.053566e+00)) ((-2.553252e+02 6.187738e+00 7.307650e-01) (-1.842270e-01 -4.239350e-03 -6.698484e-03))
500.93        	((-4.249598e+01 1.436839e+03 6.603430e+02) (4.924355e-02 5.218087e+00 1.051220e+00)) ((-2.554614e+02 6.576664e+00 8.684511e-01) (-1.860986e-01 -3.132445e-03 -6.534285e-03))
500.94        	((-4.274014e+01 1.436821e+03 6.608836e+02) (5.164815e-02 5.221811e+00 1.050123e+00)) ((-2.555837e+02 6.965178e+00 9.962145e-01) (-1.853057e-01 -2.336349e-03 -6.339816e-03))
500.95        	((-4.298911e+01 1.436801e+03 6.614301e+02) (5.425743e-02 5.221202e+00 1.047411e+00)) ((-2.556967e+02 7.346150e+00 1.115047e+00) (-1.882948e-01 -1.525894e-03 -6.538985e-03))
500.96        	((-4.323191e+01 1.436809e+03 6.619678e+02) (5.629748e-02 5.226195e+00 1.046280e+00)) ((-2.557891e+02 7.713496e+00 1.230001e+00) (-1.869652e-01 -5.592683e-04 -6.086390e-03))
500.97        	((-4.350704e+01 1.436789e+03 6.624941e+02) (5.852511e-02 5.226812e+00 1.043348e+00)) ((-2.558905e+02 8.093957e+00 1.353633e+00) (-1.892336e-01 2.101761e-04 -5.674868e-03))
500.98        	((-4.370133e+01 1.436775e+03 6.630321e+02) (6.058473e-02 5.228205e+00 1.040007e+00)) ((-2.559886e+02 8.411734e+00 1.445001e+00) (-1.899256e-01 1.314981e-03 -6.189752e-03))
500.99        	((-4.389215e+01 1.436794e+03 6.636133e+02) (6.180682e-02 5.231295e+00 1.037773e+00)) ((-2.561136e+02 8.684882e+00 1.507181e+00) (-1.912875e-01 2.238579e-03 -5.758999e-03))
501           	((-4.411254e+01 1.436872e+03 6.642348e+02) (6.276195e-02 5.236626e+00 1.035967e+00)) ((-2.562526e+02 8.929903e+00 1.542534e+00) (-1.903544e-01 3.022710e-03 -5.321457e-03))
501.01        	((-4.429882e+01 1.436942e+03 6.649435e+02) (6.354521e-02 5.237056e+00 1.032024e+00)) ((-2.563819e+02 9.136478e+00 1.547122e+00) (-1.929960e-01 3.745620e-03 -5.282901e-03))
501.02        	((-4.448347e+01 1.436989e+03 6.656424e+02) (6.397166e-02 5.242528e+00 1.029822e+00)) ((-2.564642e+02 9.299958e+00 1.527531e+00) (-1.924740e-01 4.691436e-03 -4.820965e-03))
501.03        	((-4.469327e+01 1.436890e+03 6.662714e+02) (6.470786e-02 5.243776e+00 1.026283e+00)) ((-2.564876e+02 9.416560e+00 1.483804e+00) (-1.951909e-01 5.327054e-03 -4.524502e-03))
501.04        	((-4.489091e+01 1.436728e+03 6.668902e+02) (6.505180e-02 5.249037e+00 1.024959e+00)) ((-2.564733e+02 9.477450e+00 1.408297e+00) (-1.942945e-01 6.007371e-03 -4.320156e-03))
501.05        	((-4.505549e+01 1.436602e+03 6.676213e+02) (6.553254e-02 5.249768e+00 1.021985e+00)) ((-2.564829e+02 9.469635e+00 1.285658e+00) (-1.977398e-01 6.618818e-03 -4.315642e-03))
501.06        	((-4.519741e+01 1.436587e+03 6.684705e+02) (6.626820e-02 5.257005e+00 1.021292e+00)) ((-2.565205e+02 9.404791e+00 1.124409e+00) (-1.962723e-01 6.772161e-03 -4.066425e-03))
501.07        	((-4.537613e+01 1.436606e+03 6.693783e+02) (6.692751e-02 5.260290e+00 1.019646e+00)) ((-2.565714e+02 9.324726e+00 9.530105e-01) (-1.977447e-01 6.622536e-03 -4.000307e-03))
501.08        	((-4.553043e+01 1.436569e+03 6.702189e+02) (6.699660e-02 5.264753e+00 1.018854e+00)) ((-2.565962e+02 9.188338e+00 7.524607e-01) (-1.978615e-01 6.755209e-03 -4.014563e-03))
501.09        	((-4.573468e+01 1.436428e+03 6.709550e+02) (6.712468e-02 5.265945e+00 1.017558e+00)) ((-2.565960e+02 9.036768e+00 5.437209e-01) (-1.999866e-01 6.621970e-03 -3.900882e-03))
501.1         	((-4.598099e+01 1.436272e+03 6.716263e+02) (6.689087e-02 5.269542e+00 1.017755e+00)) ((-2.566032e+02 8.842841e+00 3.036235e-01) (-1.995657e-01 6.620263e-03 -4.020646e-03))
501.11        	((-4.628011e+01 1.436174e+03 6.723027e+02) (6.634048e-02 5.268686e+00 1.016795e+00)) ((-2.566494e+02 8.610771e+00 3.898271e-02) (-2.025209e-01 6.508111e-03 -4.205340e-03))
501.12        	((-4.665630e+01 1.436215e+03 6.730052e+02) (6.590976e-02 5.272766e+00 1.017983e+00)) ((-2.567160e+02 8.347854e+00 -2.416958e-01) (-2.014533e-01 6.036507e-03 -4.276462e-03))
501.13        	((-4.713800e+01 1.436358e+03 6.737400e+02) (6.597673e-02 5.273885e+00 1.018043e+00)) ((-2.568004e+02 8.067957e+00 -5.312148e-01) (-2.029113e-01 5.366034e-03 -4.554414e-03))
501.14        	((-4.767978e+01 1.436520e+03 6.744054e+02) (6.540720e-02 5.276753e+00 1.019166e+00)) ((-2.568668e+02 7.763095e+00 -8.293558e-01) (-2.024527e-01 4.872185e-03 -4.594420e-03))
501.15        	((-4.826334e+01 1.436644e+03 6.749566e+02) (6.498283e-02 5.276517e+00 1.019091e+00)) ((-2.569352e+02 7.420253e+00 -1.142911e+00) (-2.044085e-01 4.145179e-03 -4.931528e-03))
501.16        	((-4.889888e+01 1.436748e+03 6.753802e+02) (6.434483e-02 5.279899e+00 1.020148e+00)) ((-2.570054e+02 7.050616e+00 -1.472266e+00) (-2.034221e-01 3.480855e-03 -4.857125e-03))
501.17        	((-4.956195e+01 1.436836e+03 6.757086e+02) (6.415458e-02 5.280033e+00 1.019999e+00)) ((-2.571039e+02 6.648533e+00 -1.821742e+00) (-2.048734e-01 2.518771e-03 -5.240347e-03))
501.18        	((-5.027516e+01 1.437007e+03 6.759738e+02) (6.359882e-02 5.282628e+00 1.020582e+00)) ((-2.572359e+02 6.225344e+00 -2.183110e+00) (-2.042828e-01 1.724904e-03 -5.278726e-03))
501.19        	((-5.098526e+01 1.437279e+03 6.761996e+02) (6.338293e-02 5.282390e+00 1.020220e+00)) ((-2.574088e+02 5.767148e+00 -2.559140e+00) (-2.059152e-01 5.282180e-04 -5.792466e-03))
501.2         	((-5.166879e+01 1.437518e+03 6.763068e+02) (6.357410e-02 5.284751e+00 1.019925e+00)) ((-2.575319e+02 5.340431e+00 -2.897691e+00) (-2.051998e-01 -4.540760e-04 -5.950035e-03))
501.21        	((-5.227835e+01 1.437846e+03 6.764197e+02) (6.376633e-02 5.285014e+00 1.018561e+00)) ((-2.577063e+02 4.880383e+00 -3.252512e+00) (-2.068008e-01 -1.749252e-03 -6.620071e-03))
501.22        	((-5.284493e+01 1.438103e+03 6.764399e+02) (6.432908e-02 5.288415e+00 1.017819e+00)) ((-2.578404e+02 4.462349e+00 -3.568378e+00) (-2.062834e-01 -2.930444e-03 -6.988494e-03))
501.23        	((-5.331204e+01 1.438274e+03 6.763412e+02) (6.474726e-02 5.289465e+00 1.015678e+00)) ((-2.579581e+02 4.070861e+00 -3.854066e+00) (-2.077074e-01 -4.409198e-03 -7.740172e-03))
501.24        	((-5.373633e+01 1.438444e+03 6.761343e+02) (6.502666e-02 5.293169e+00 1.014023e+00)) ((-2.580849e+02 3.710406e+00 -4.107764e+00) (-2.074104e-01 -5.637669e-03 -8.157548e-03))
501.25        	((-5.410820e+01 1.438745e+03 6.758989e+02) (6.547704e-02 5.295091e+00 1.011208e+00)) ((-2.582990e+02 3.340516e+00 -4.363196e+00) (-2.088656e-01 -7.132557e-03 -8.993946e-03))
501.26        	((-5.443044e+01 1.439059e+03 6.756226e+02) (6.612281e-02 5.299364e+00 1.008269e+00)) ((-2.584932e+02 3.024949e+00 -4.567040e+00) (-2.087053e-01 -8.314117e-03 -9.539014e-03))
501.27        	((-5.456079e+01 1.439208e+03 6.752395e+02) (6.693016e-02 5.301225e+00 1.004165e+00)) ((-2.586090e+02 2.802382e+00 -4.681003e+00) (-2.098187e-01 -9.691987e-03 -1.038382e-02))
501.28        	((-5.458429e+01 1.439358e+03 6.748480e+02) (6.823545e-02 5.304700e+00 1.001265e+00)) ((-2.586936e+02 2.643593e+00 -4.739152e+00) (-2.093997e-01 -1.053403e-02 -1.094270e-02))
501.29        	((-5.453402e+01 1.439511e+03 6.744901e+02) (6.983216e-02 5.306289e+00 9.979218e-01)) ((-2.588061e+02 2.521939e+00 -4.763752e+00) (-2.102495e-01 -1.143228e-02 -1.173218e-02))
501.3         	((-5.441700e+01 1.439588e+03 6.741491e+02) (7.108857e-02 5.310197e+00 9.951065e-01)) ((-2.588787e+02 2.478642e+00 -4.718350e+00) (-2.098042e-01 -1.197179e-02 -1.220449e-02))
501.31        	((-5.419091e+01 1.439653e+03 6.738767e+02) (7.240487e-02 5.312263e+00 9.918478e-01)) ((-2.589736e+02 2.515627e+00 -4.601923e+00) (-2.107102e-01 -1.257144e-02 -1.280673e-02))
501.32        	((-5.388174e+01 1.439614e+03 6.735248e+02) (7.374683e-02 5.315885e+00 9.894427e-01)) ((-2.590163e+02 2.655053e+00 -4.405535e+00) (-2.102939e-01 -1.271607e-02 -1.313986e-02))
501.33        	((-5.349993e+01 1.439471e+03 6.731408e+02) (7.536592e-02 5.317490e+00 9.867256e-01)) ((-2.590420e+02 2.891348e+00 -4.131978e+00) (-2.110620e-01 -1.285681e-02 -1.360752e-02))
501.34        	((-5.308756e+01 1.439292e+03 6.727956e+02) (7.701984e-02 5.320690e+00 9.850668e-01)) ((-2.590526e+02 3.217389e+00 -3.781004e+00) (-2.105433e-01 -1.250192e-02 -1.375984e-02))
501.35        	((-5.261253e+01 1.439109e+03 6.725412e+02) (7.889186e-02 5.322044e+00 9.830197e-01)) ((-2.590354e+02 3.624515e+00 -3.377641e+00) (-2.112247e-01 -1.210258e-02 -1.403350e-02))
501.36        	((-5.215727e+01 1.439049e+03 6.724476e+02) (8.101892e-02 5.324697e+00 9.822237e-01)) ((-2.590572e+02 4.124363e+00 -2.908472e+00) (-2.105142e-01 -1.116593e-02 -1.396296e-02))
501.37        	((-5.168452e+01 1.439024e+03 6.724362e+02) (8.349807e-02 5.325379e+00 9.810304e-01)) ((-2.591081e+02 4.713433e+00 -2.381203e+00) (-2.110425e-01 -1.016508e-02 -1.399122e-02))
501.38        	((-5.120404e+01 1.438909e+03 6.723777e+02) (8.614768e-02 5.327624e+00 9.807438e-01)) ((-2.591045e+02 5.350736e+00 -1.840642e+00) (-2.102943e-01 -8.687958e-03 -1.375048e-02))
501.39        	((-5.071987e+01 1.438755e+03 6.723593e+02) (8.916609e-02 5.327834e+00 9.799315e-01)) ((-2.590657e+02 6.036459e+00 -1.288599e+00) (-2.108383e-01 -7.167629e-03 -1.363898e-02))
501.4         	((-5.027347e+01 1.438657e+03 6.724758e+02) (9.206071e-02 5.329749e+00 9.797784e-01)) ((-2.590277e+02 6.768682e+00 -7.167577e-01) (-2.099066e-01 -5.299490e-03 -1.323437e-02))
501.41        	((-4.983450e+01 1.438614e+03 6.727617e+02) (9.458475e-02 5.329771e+00 9.783013e-01)) ((-2.590214e+02 7.538903e+00 -1.287671e-01) (-2.104076e-01 -3.562592e-03 -1.296758e-02))
501.42        	((-4.943327e+01 1.438645e+03 6.731603e+02) (9.689422e-02 5.331992e+00 9.770307e-01)) ((-2.590439e+02 8.325293e+00 4.603028e-01) (-2.094933e-01 -1.509751e-03 -1.242060e-02))
501.43        	((-4.911368e+01 1.438676e+03 6.735768e+02) (9.965673e-02 5.332404e+00 9.746063e-01)) ((-2.590884e+02 9.089079e+00 1.018153e+00) (-2.102922e-01 5.189524e-04 -1.203714e-02))
501.44        	((-4.892962e+01 1.438710e+03 6.739606e+02) (1.024440e-01 5.334681e+00 9.730095e-01)) ((-2.591481e+02 9.787584e+00 1.518199e+00) (-2.095206e-01 2.941320e-03 -1.137365e-02))
501.45        	((-4.886245e+01 1.438724e+03 6.743165e+02) (1.054599e-01 5.335011e+00 9.704896e-01)) ((-2.592515e+02 1.038973e+01 1.926139e+00) (-2.106147e-01 5.199301e-03 -1.090698e-02))
501.46        	((-4.887719e+01 1.438888e+03 6.746776e+02) (1.081372e-01 5.337186e+00 9.690701e-01)) ((-2.593933e+02 1.097370e+01 2.318545e+00) (-2.100998e-01 7.660524e-03 -1.012855e-02))
501.47        	((-4.895758e+01 1.438824e+03 6.749540e+02) (1.108264e-01 5.336886e+00 9.665484e-01)) ((-2.594901e+02 1.141026e+01 2.572729e+00) (-2.112917e-01 9.845683e-03 -9.593526e-03))
501.48        	((-4.908209e+01 1.438746e+03 6.752382e+02) (1.127468e-01 5.338693e+00 9.651483e-01)) ((-2.595487e+02 1.176406e+01 2.755767e+00) (-2.108715e-01 1.201507e-02 -8.813365e-03))
501.49        	((-4.916518e+01 1.438588e+03 6.755293e+02) (1.143988e-01 5.338106e+00 9.635944e-01)) ((-2.595502e+02 1.202377e+01 2.865492e+00) (-2.121078e-01 1.384027e-02 -8.264600e-03))
501.5         	((-4.927157e+01 1.438476e+03 6.758308e+02) (1.152751e-01 5.339603e+00 9.635199e-01)) ((-2.595253e+02 1.216895e+01 2.885425e+00) (-2.117929e-01 1.556284e-02 -7.510470e-03))
501.51        	((-4.946078e+01 1.438355e+03 6.760901e+02) (1.161821e-01 5.339115e+00 9.629836e-01)) ((-2.594952e+02 1.216987e+01 2.790416e+00) (-2.131433e-01 1.676970e-02 -7.136787e-03))
501.52        	((-4.979064e+01 1.438316e+03 6.762971e+02) (1.161593e-01 5.340763e+00 9.632920e-01)) ((-2.594469e+02 1.204892e+01 2.595996e+00) (-2.129215e-01 1.774656e-02 -6.562418e-03))
501.53        	((-5.020061e+01 1.438224e+03 6.764059e+02) (1.155399e-01 5.340301e+00 9.631220e-01)) ((-2.593801e+02 1.179220e+01 2.299072e+00) (-2.142959e-01 1.808850e-02 -6.383190e-03))
501.54        	((-5.071155e+01 1.438244e+03 6.764763e+02) (1.141323e-01 5.342007e+00 9.642468e-01)) ((-2.593061e+02 1.143782e+01 1.934417e+00) (-2.141158e-01 1.821719e-02 -6.006073e-03))
501.55        	((-5.127478e+01 1.438355e+03 6.765469e+02) (1.120853e-01 5.341218e+00 9.651371e-01)) ((-2.592484e+02 1.097572e+01 1.503274e+00) (-2.154673e-01 1.777031e-02 -6.012485e-03))
501.56        	((-5.193664e+01 1.438544e+03 6.766644e+02) (1.094138e-01 5.343018e+00 9.669007e-01)) ((-2.592062e+02 1.043358e+01 1.023873e+00) (-2.151765e-01 1.718003e-02 -5.780434e-03))
501.57        	((-5.266592e+01 1.438757e+03 6.768370e+02) (1.063705e-01 5.342525e+00 9.685809e-01)) ((-2.591708e+02 9.804414e+00 4.915084e-01) (-2.164495e-01 1.608760e-02 -6.006842e-03))
501.58        	((-5.349655e+01 1.439014e+03 6.770705e+02) (1.027917e-01 5.344492e+00 9.715613e-01)) ((-2.591246e+02 9.127393e+00 -7.266130e-02) (-2.158329e-01 1.490568e-02 -5.972126e-03))
501.59        	((-5.437007e+01 1.439284e+03 6.773248e+02) (9.937859e-02 5.344301e+00 9.736250e-01)) ((-2.590750e+02 8.394134e+00 -6.709500e-01) (-2.169372e-01 1.337011e-02 -6.385746e-03))
501.6         	((-5.530890e+01 1.439560e+03 6.775330e+02) (9.591962e-02 5.346468e+00 9.766353e-01)) ((-2.590101e+02 7.637104e+00 -1.275670e+00) (-2.162118e-01 1.180984e-02 -6.559511e-03))
501.61        	((-5.628592e+01 1.439858e+03 6.776817e+02) (9.268989e-02 5.346441e+00 9.785772e-01)) ((-2.589613e+02 6.840679e+00 -1.892905e+00) (-2.171346e-01 9.855198e-03 -7.201414e-03))
501.62        	((-5.730908e+01 1.440199e+03 6.778102e+02) (8.934535e-02 5.348387e+00 9.813721e-01)) ((-2.589095e+02 6.098492e+00 -2.449873e+00) (-2.162574e-01 7.929472e-03 -7.489105e-03))
501.63        	((-5.835291e+01 1.440632e+03 6.780137e+02) (8.647986e-02 5.347985e+00 9.833256e-01)) ((-2.588890e+02 5.386628e+00 -2.981140e+00) (-2.171263e-01 5.808110e-03 -8.153874e-03))
501.64        	((-5.943227e+01 1.441138e+03 6.782725e+02) (8.342007e-02 5.349689e+00 9.863409e-01)) ((-2.588845e+02 4.713539e+00 -3.494315e+00) (-2.162010e-01 3.879689e-03 -8.459236e-03))
501.65        	((-6.051673e+01 1.441613e+03 6.785460e+02) (8.098961e-02 5.349555e+00 9.883337e-01)) ((-2.588843e+02 4.066159e+00 -4.002707e+00) (-2.170114e-01 1.792846e-03 -9.185315e-03))
501.66        	((-6.160179e+01 1.441995e+03 6.787510e+02) (7.840262e-02 5.351954e+00 9.909179e-01)) ((-2.588705e+02 3.474712e+00 -4.477141e+00) (-2.160813e-01 -1.354648e-04 -9.612078e-03))
501.67        	((-6.262926e+01 1.442275e+03 6.788751e+02) (7.615491e-02 5.351905e+00 9.922610e-01)) ((-2.588514e+02 2.945813e+00 -4.906085e+00) (-2.169019e-01 -2.268257e-03 -1.037090e-02))
501.68        	((-6.361156e+01 1.442539e+03 6.789769e+02) (7.404994e-02 5.354080e+00 9.942861e-01)) ((-2.588351e+02 2.505207e+00 -5.269483e+00) (-2.158451e-01 -4.134642e-03 -1.082708e-02))
501.69        	((-6.450497e+01 1.442815e+03 6.790463e+02) (7.223711e-02 5.353795e+00 9.948721e-01)) ((-2.588433e+02 2.138764e+00 -5.576661e+00) (-2.166389e-01 -6.164276e-03 -1.157659e-02))
501.7         	((-6.531370e+01 1.443037e+03 6.790029e+02) (7.080716e-02 5.356462e+00 9.954691e-01)) ((-2.588961e+02 1.825401e+00 -5.836046e+00) (-2.156131e-01 -7.851541e-03 -1.212802e-02))
501.71        	((-6.596768e+01 1.443187e+03 6.788935e+02) (6.960010e-02 5.356611e+00 9.945150e-01)) ((-2.589707e+02 1.566565e+00 -6.040437e+00) (-2.166563e-01 -9.726331e-03 -1.290903e-02))
501.72        	((-6.645355e+01 1.443218e+03 6.786727e+02) (6.864574e-02 5.359244e+00 9.938091e-01)) ((-2.590274e+02 1.421520e+00 -6.137230e+00) (-2.157503e-01 -1.122022e-02 -1.339090e-02))
501.73        	((-6.670517e+01 1.443187e+03 6.783428e+02) (6.838110e-02 5.359153e+00 9.915683e-01)) ((-2.590854e+02 1.375260e+00 -6.138391e+00) (-2.169802e-01 -1.278507e-02 -1.410409e-02))
501.74        	((-6.674975e+01 1.443308e+03 6.779984e+02) (6.799329e-02 5.361666e+00 9.905542e-01)) ((-2.591543e+02 1.384720e+00 -6.081290e+00) (-2.160277e-01 -1.383501e-02 -1.446808e-02))
501.75        	((-6.657923e+01 1.443458e+03 6.776682e+02) (6.791613e-02 5.361476e+00 9.884857e-01)) ((-2.592721e+02 1.450549e+00 -5.960186e+00) (-2.174072e-01 -1.489656e-02 -1.495480e-02))
501.76        	((-6.619974e+01 1.443469e+03 6.772991e+02) (6.763673e-02 5.364070e+00 9.877777e-01)) ((-2.594082e+02 1.568069e+00 -5.773539e+00) (-2.164455e-01 -1.540441e-02 -1.512832e-02))
501.77        	((-6.561175e+01 1.443215e+03 6.768582e+02) (6.777154e-02 5.363401e+00 9.862057e-01)) ((-2.595378e+02 1.735897e+00 -5.521765e+00) (-2.177389e-01 -1.592731e-02 -1.545773e-02))
501.78        	((-6.482960e+01 1.442791e+03 6.763617e+02) (6.752626e-02 5.365612e+00 9.857617e-01)) ((-2.596253e+02 1.935529e+00 -5.213918e+00) (-2.167618e-01 -1.600394e-02 -1.547164e-02))
501.79        	((-6.383788e+01 1.442309e+03 6.758622e+02) (6.785991e-02 5.364655e+00 9.845087e-01)) ((-2.596883e+02 2.169310e+00 -4.857492e+00) (-2.180309e-01 -1.603044e-02 -1.558490e-02))
501.8         	((-6.267260e+01 1.441890e+03 6.753903e+02) (6.860184e-02 5.366003e+00 9.849193e-01)) ((-2.597186e+02 2.436470e+00 -4.467778e+00) (-2.169894e-01 -1.545877e-02 -1.537486e-02))
501.81        	((-6.135829e+01 1.441520e+03 6.749992e+02) (7.035974e-02 5.364113e+00 9.847666e-01)) ((-2.597429e+02 2.738229e+00 -4.053074e+00) (-2.179674e-01 -1.477451e-02 -1.532652e-02))
501.82        	((-5.988908e+01 1.441178e+03 6.747207e+02) (7.219823e-02 5.364947e+00 9.858770e-01)) ((-2.597687e+02 3.065459e+00 -3.614111e+00) (-2.168310e-01 -1.355149e-02 -1.490911e-02))
501.83        	((-5.826494e+01 1.440837e+03 6.745294e+02) (7.476864e-02 5.362848e+00 9.861048e-01)) ((-2.598193e+02 3.414358e+00 -3.158733e+00) (-2.176504e-01 -1.232679e-02 -1.468145e-02))
501.84        	((-5.653359e+01 1.440545e+03 6.743572e+02) (7.759722e-02 5.362823e+00 9.874501e-01)) ((-2.598779e+02 3.788545e+00 -2.692983e+00) (-2.164481e-01 -1.058281e-02 -1.409380e-02))
501.85        	((-5.472014e+01 1.440277e+03 6.742078e+02) (8.091628e-02 5.360552e+00 9.876165e-01)) ((-2.599410e+02 4.200866e+00 -2.219453e+00) (-2.170489e-01 -8.960934e-03 -1.379157e-02))
501.86        	((-5.286676e+01 1.440062e+03 6.741305e+02) (8.435402e-02 5.360809e+00 9.888122e-01)) ((-2.599902e+02 4.660318e+00 -1.734722e+00) (-2.158006e-01 -6.847590e-03 -1.313019e-02))
501.87        	((-5.100785e+01 1.439878e+03 6.742031e+02) (8.792004e-02 5.359085e+00 9.888006e-01)) ((-2.600289e+02 5.153322e+00 -1.252914e+00) (-2.162613e-01 -4.973175e-03 -1.278849e-02))
501.88        	((-4.921198e+01 1.439761e+03 6.744345e+02) (9.109136e-02 5.359884e+00 9.894600e-01)) ((-2.600700e+02 5.645134e+00 -7.994009e-01) (-2.149844e-01 -2.655305e-03 -1.205863e-02))
501.89        	((-4.752104e+01 1.439642e+03 6.746760e+02) (9.434261e-02 5.358811e+00 9.882474e-01)) ((-2.600920e+02 6.139021e+00 -3.707392e-01) (-2.153128e-01 -7.097237e-04 -1.174863e-02))
501.9         	((-4.602343e+01 1.439624e+03 6.748645e+02) (9.799874e-02 5.360479e+00 9.875142e-01)) ((-2.601083e+02 6.634468e+00 3.914461e-02) (-2.141368e-01 1.842104e-03 -1.105121e-02))
501.91        	((-4.476048e+01 1.439702e+03 6.750463e+02) (1.015017e-01 5.359680e+00 9.853631e-01)) ((-2.601453e+02 7.121289e+00 4.178789e-01) (-2.144535e-01 3.780903e-03 -1.079588e-02))
501.92        	((-4.385183e+01 1.439877e+03 6.752795e+02) (1.050955e-01 5.361620e+00 9.841549e-01)) ((-2.602195e+02 7.575672e+00 7.428331e-01) (-2.135456e-01 6.339701e-03 -1.003929e-02))
501.93        	((-4.327138e+01 1.439982e+03 6.755444e+02) (1.080541e-01 5.360467e+00 9.817493e-01)) ((-2.602950e+02 8.000834e+00 1.004157e+00) (-2.139601e-01 8.074767e-03 -9.757091e-03))
501.94        	((-4.304518e+01 1.440019e+03 6.758079e+02) (1.108956e-01 5.362279e+00 9.804641e-01)) ((-2.603327e+02 8.384708e+00 1.199205e+00) (-2.130979e-01 1.031946e-02 -9.070997e-03))
501.95        	((-4.306666e+01 1.439943e+03 6.760486e+02) (1.128460e-01 5.361146e+00 9.783356e-01)) ((-2.602789e+02 8.739840e+00 1.343000e+00) (-2.136317e-01 1.161927e-02 -8.876444e-03))
501.96        	((-4.337012e+01 1.439852e+03 6.762823e+02) (1.147176e-01 5.363246e+00 9.774245e-01)) ((-2.601523e+02 9.055206e+00 1.436372e+00) (-2.128468e-01 1.337460e-02 -8.310071e-03))
501.97        	((-4.394536e+01 1.439789e+03 6.765245e+02) (1.158129e-01 5.362769e+00 9.753617e-01)) ((-2.600108e+02 9.331398e+00 1.469336e+00) (-2.136469e-01 1.416701e-02 -8.231425e-03))
501.98        	((-4.484651e+01 1.439787e+03 6.767452e+02) (1.163642e-01 5.365517e+00 9.742201e-01)) ((-2.598861e+02 9.534773e+00 1.428936e+00) (-2.130198e-01 1.527792e-02 -7.786799e-03))
501.99        	((-4.601908e+01 1.439747e+03 6.769051e+02) (1.158620e-01 5.365167e+00 9.723113e-01)) ((-2.597595e+02 9.676432e+00 1.324060e+00) (-2.140642e-01 1.527376e-02 -7.829411e-03))
502           	((-4.744713e+01 1.439775e+03 6.770076e+02) (1.148511e-01 5.367573e+00 9.724830e-01)) ((-2.596088e+02 9.745929e+00 1.158492e+00) (-2.135684e-01 1.563329e-02 -7.515664e-03))
502.01        	((-4.900317e+01 1.439894e+03 6.770683e+02) (1.132627e-01 5.366750e+00 9.722306e-01)) ((-2.594458e+02 9.753808e+00 9.432154e-01) (-2.147480e-01 1.494706e-02 -7.685717e-03))
502.02        	((-5.067150e+01 1.440103e+03 6.771306e+02) (1.112367e-01 5.369340e+00 9.736752e-01)) ((-2.593026e+02 9.664982e+00 6.701060e-01) (-2.143343e-01 1.469268e-02 -7.481530e-03))
502.03        	((-5.238664e+01 1.440320e+03 6.772153e+02) (1.080962e-01 5.368410e+00 9.743895e-01)) ((-2.592035e+02 9.497330e+00 3.546431e-01) (-2.157974e-01 1.346940e-02 -7.619778e-03))
502.04        	((-5.413065e+01 1.440521e+03 6.773209e+02) (1.045490e-01 5.370494e+00 9.769527e-01)) ((-2.591288e+02 9.234978e+00 -4.011672e-03) (-2.153418e-01 1.271559e-02 -7.449178e-03))
502.05        	((-5.586266e+01 1.440685e+03 6.774640e+02) (1.006788e-01 5.369260e+00 9.784472e-01)) ((-2.590600e+02 8.911008e+00 -3.933791e-01) (-2.168084e-01 1.113994e-02 -7.685829e-03))
502.06        	((-5.757294e+01 1.440889e+03 6.776087e+02) (9.703240e-02 5.371359e+00 9.815074e-01)) ((-2.589901e+02 8.505703e+00 -8.196282e-01) (-2.162341e-01 1.008830e-02 -7.679540e-03))
502.07        	((-5.917396e+01 1.441129e+03 6.777329e+02) (9.313109e-02 5.369880e+00 9.836650e-01)) ((-2.589109e+02 8.044921e+00 -1.268372e+00) (-2.176007e-01 8.297283e-03 -7.995647e-03))
502.08        	((-6.067068e+01 1.441490e+03 6.778744e+02) (8.940929e-02 5.371749e+00 9.872554e-01)) ((-2.588517e+02 7.501279e+00 -1.752756e+00) (-2.168909e-01 7.088306e-03 -8.024559e-03))
502.09        	((-6.203269e+01 1.441893e+03 6.780763e+02) (8.588396e-02 5.369993e+00 9.897877e-01)) ((-2.588132e+02 6.909342e+00 -2.257935e+00) (-2.180666e-01 5.250564e-03 -8.397696e-03))
502.1         	((-6.324457e+01 1.442306e+03 6.782752e+02) (8.252333e-02 5.371399e+00 9.939428e-01)) ((-2.587716e+02 6.269213e+00 -2.769333e+00) (-2.171112e-01 3.957272e-03 -8.478692e-03))
502.11        	((-6.425193e+01 1.442627e+03 6.784891e+02) (7.926076e-02 5.369788e+00 9.965573e-01)) ((-2.587476e+02 5.590770e+00 -3.293245e+00) (-2.180740e-01 1.995919e-03 -8.915209e-03))
502.12        	((-6.504211e+01 1.442861e+03 6.786187e+02) (7.628909e-02 5.371130e+00 1.000323e+00)) ((-2.586979e+02 4.933515e+00 -3.771205e+00) (-2.171509e-01 6.540142e-04 -8.947201e-03))
502.13        	((-6.563155e+01 1.443061e+03 6.786914e+02) (7.355512e-02 5.369850e+00 1.002373e+00)) ((-2.586883e+02 4.240032e+00 -4.272303e+00) (-2.180570e-01 -1.374009e-03 -9.471691e-03))
502.14        	((-6.606650e+01 1.443283e+03 6.787079e+02) (7.126367e-02 5.371405e+00 1.005211e+00)) ((-2.587063e+02 3.566820e+00 -4.742296e+00) (-2.171818e-01 -2.737856e-03 -9.611364e-03))
502.15        	((-6.629667e+01 1.443500e+03 6.786999e+02) (6.930526e-02 5.370070e+00 1.006677e+00)) ((-2.587508e+02 2.940130e+00 -5.173121e+00) (-2.177691e-01 -4.671012e-03 -1.021182e-02))
502.16        	((-6.634547e+01 1.443784e+03 6.786632e+02) (6.806794e-02 5.371978e+00 1.008275e+00)) ((-2.588667e+02 2.291377e+00 -5.615357e+00) (-2.169376e-01 -5.921560e-03 -1.051470e-02))
502.17        	((-6.617960e+01 1.443963e+03 6.785238e+02) (6.682902e-02 5.371779e+00 1.007655e+00)) ((-2.589899e+02 1.685390e+00 -6.013173e+00) (-2.175482e-01 -7.893737e-03 -1.134338e-02))
502.18        	((-6.586852e+01 1.444031e+03 6.782723e+02) (6.606287e-02 5.374784e+00 1.006931e+00)) ((-2.590913e+02 1.155350e+00 -6.329325e+00) (-2.167964e-01 -9.280067e-03 -1.179334e-02))
502.19        	((-6.538146e+01 1.443987e+03 6.779090e+02) (6.582470e-02 5.375310e+00 1.004138e+00)) ((-2.591691e+02 7.311972e-01 -6.545105e+00) (-2.174728e-01 -1.120546e-02 -1.273116e-02))
502.2         	((-6.482882e+01 1.444121e+03 6.775499e+02) (6.602159e-02 5.378490e+00 1.002319e+00)) ((-2.592726e+02 3.870113e-01 -6.687787e+00) (-2.168537e-01 -1.236997e-02 -1.319338e-02))
502.21        	((-6.421401e+01 1.444211e+03 6.771662e+02) (6.609323e-02 5.379097e+00 9.989086e-01)) ((-2.594301e+02 1.653959e-01 -6.729442e+00) (-2.176961e-01 -1.398246e-02 -1.401845e-02))
502.22        	((-6.354901e+01 1.444313e+03 6.768154e+02) (6.637316e-02 5.382532e+00 9.970088e-01)) ((-2.596105e+02 4.526793e-02 -6.685097e+00) (-2.171785e-01 -1.477322e-02 -1.436547e-02))
502.23        	((-6.280931e+01 1.444216e+03 6.764480e+02) (6.656181e-02 5.383034e+00 9.942178e-01)) ((-2.597556e+02 4.395522e-02 -6.548442e+00) (-2.180074e-01 -1.594834e-02 -1.507365e-02))
502.24        	((-6.204679e+01 1.443874e+03 6.760221e+02) (6.723728e-02 5.385616e+00 9.929558e-01)) ((-2.598273e+02 1.428101e-01 -6.326969e+00) (-2.173203e-01 -1.625371e-02 -1.531865e-02))
502.25        	((-6.124530e+01 1.443343e+03 6.755831e+02) (6.763944e-02 5.385532e+00 9.904915e-01)) ((-2.598379e+02 3.507777e-01 -6.020187e+00) (-2.180939e-01 -1.697256e-02 -1.585875e-02))
502.26        	((-6.043813e+01 1.442854e+03 6.751853e+02) (6.862491e-02 5.387843e+00 9.895835e-01)) ((-2.598460e+02 6.580609e-01 -5.634872e+00) (-2.173483e-01 -1.676441e-02 -1.591497e-02))
502.27        	((-5.961456e+01 1.442411e+03 6.748380e+02) (7.001216e-02 5.386907e+00 9.880589e-01)) ((-2.598543e+02 1.078937e+00 -5.178205e+00) (-2.179678e-01 -1.685103e-02 -1.628649e-02))
502.28        	((-5.879570e+01 1.442027e+03 6.745868e+02) (7.216438e-02 5.388676e+00 9.881708e-01)) ((-2.598831e+02 1.581388e+00 -4.663928e+00) (-2.169675e-01 -1.592563e-02 -1.618627e-02))
502.29        	((-5.794028e+01 1.441603e+03 6.744366e+02) (7.445041e-02 5.387365e+00 9.873698e-01)) ((-2.599202e+02 2.169368e+00 -4.095245e+00) (-2.174610e-01 -1.536650e-02 -1.634644e-02))
502.3         	((-5.706102e+01 1.441219e+03 6.743436e+02) (7.727769e-02 5.388475e+00 9.880044e-01)) ((-2.599579e+02 2.814790e+00 -3.495669e+00) (-2.163262e-01 -1.388016e-02 -1.603227e-02))
502.31        	((-5.611421e+01 1.440883e+03 6.742948e+02) (8.026195e-02 5.386363e+00 9.875020e-01)) ((-2.599872e+02 3.527305e+00 -2.873968e+00) (-2.167858e-01 -1.277163e-02 -1.599911e-02))
502.32        	((-5.510472e+01 1.440619e+03 6.742809e+02) (8.350611e-02 5.387288e+00 9.883383e-01)) ((-2.600146e+02 4.273195e+00 -2.245421e+00) (-2.156337e-01 -1.072108e-02 -1.548597e-02))
502.33        	((-5.397931e+01 1.440342e+03 6.743552e+02) (8.672059e-02 5.385078e+00 9.880124e-01)) ((-2.600648e+02 5.053043e+00 -1.613813e+00) (-2.162601e-01 -9.061807e-03 -1.520409e-02))
502.34        	((-5.281455e+01 1.440103e+03 6.745258e+02) (8.996213e-02 5.386218e+00 9.888966e-01)) ((-2.601111e+02 5.828230e+00 -9.918217e-01) (-2.150546e-01 -6.531670e-03 -1.449061e-02))
502.35        	((-5.167825e+01 1.439814e+03 6.747019e+02) (9.262120e-02 5.383944e+00 9.880367e-01)) ((-2.600939e+02 6.566417e+00 -4.167396e-01) (-2.156705e-01 -4.597472e-03 -1.405397e-02))
502.36        	((-5.058532e+01 1.439681e+03 6.748875e+02) (9.552717e-02 5.385381e+00 9.881101e-01)) ((-2.600980e+02 7.273623e+00 1.343596e-01) (-2.144807e-01 -1.789973e-03 -1.319034e-02))
502.37        	((-4.952219e+01 1.439684e+03 6.750672e+02) (9.822803e-02 5.383298e+00 9.866640e-01)) ((-2.601388e+02 7.952044e+00 6.524334e-01) (-2.152980e-01 4.847553e-04 -1.253248e-02))
502.38        	((-4.860585e+01 1.439692e+03 6.752451e+02) (1.012248e-01 5.384627e+00 9.864074e-01)) ((-2.601867e+02 8.471019e+00 1.036227e+00) (-2.142438e-01 3.507081e-03 -1.162341e-02))
502.39        	((-4.781974e+01 1.439765e+03 6.754620e+02) (1.036478e-01 5.382475e+00 9.848807e-01)) ((-2.602632e+02 8.937248e+00 1.363164e+00) (-2.151368e-01 5.747004e-03 -1.093122e-02))
502.4         	((-4.713773e+01 1.439833e+03 6.756746e+02) (1.062825e-01 5.383540e+00 9.846241e-01)) ((-2.603450e+02 9.317572e+00 1.614486e+00) (-2.140677e-01 8.603359e-03 -9.966064e-03))
502.41        	((-4.655951e+01 1.439809e+03 6.758768e+02) (1.081423e-01 5.381196e+00 9.830114e-01)) ((-2.603882e+02 9.614910e+00 1.782793e+00) (-2.148845e-01 1.046729e-02 -9.369870e-03))
502.42        	((-4.611624e+01 1.439710e+03 6.760639e+02) (1.099173e-01 5.381934e+00 9.830308e-01)) ((-2.603461e+02 9.795385e+00 1.853134e+00) (-2.138969e-01 1.273269e-02 -8.519075e-03))
502.43        	((-4.585061e+01 1.439564e+03 6.762499e+02) (1.112888e-01 5.380030e+00 9.817372e-01)) ((-2.602329e+02 9.888409e+00 1.833220e+00) (-2.147241e-01 1.401597e-02 -8.135478e-03))
502.44        	((-4.583097e+01 1.439491e+03 6.764342e+02) (1.125199e-01 5.381701e+00 9.815203e-01)) ((-2.601138e+02 9.877151e+00 1.718887e+00) (-2.140551e-01 1.567738e-02 -7.460534e-03))
502.45        	((-4.601917e+01 1.439476e+03 6.766138e+02) (1.126061e-01 5.380536e+00 9.799454e-01)) ((-2.599912e+02 9.802376e+00 1.539118e+00) (-2.149527e-01 1.609229e-02 -7.315325e-03))
502.46        	((-4.642893e+01 1.439518e+03 6.767581e+02) (1.120603e-01 5.382299e+00 9.799744e-01)) ((-2.598657e+02 9.642100e+00 1.284801e+00) (-2.143658e-01 1.680621e-02 -6.816407e-03))
502.47        	((-4.700790e+01 1.439580e+03 6.768423e+02) (1.112685e-01 5.381693e+00 9.795371e-01)) ((-2.597257e+02 9.414575e+00 9.646392e-01) (-2.151900e-01 1.645266e-02 -6.938543e-03))
502.48        	((-4.777055e+01 1.439695e+03 6.768386e+02) (1.099548e-01 5.383616e+00 9.809566e-01)) ((-2.595709e+02 9.111737e+00 5.880647e-01) (-2.145024e-01 1.635465e-02 -6.701760e-03))
502.49        	((-4.869783e+01 1.439835e+03 6.768324e+02) (1.080120e-01 5.383314e+00 9.812104e-01)) ((-2.594180e+02 8.758177e+00 1.721251e-01) (-2.153941e-01 1.520525e-02 -7.023035e-03))
502.5         	((-4.984198e+01 1.440067e+03 6.768740e+02) (1.053908e-01 5.385540e+00 9.830568e-01)) ((-2.592958e+02 8.353719e+00 -2.717931e-01) (-2.149019e-01 1.439468e-02 -6.927103e-03))
502.51        	((-5.116116e+01 1.440342e+03 6.770166e+02) (1.022277e-01 5.384799e+00 9.841779e-01)) ((-2.592036e+02 7.928879e+00 -7.308341e-01) (-2.159116e-01 1.267293e-02 -7.359444e-03))
502.52        	((-5.267854e+01 1.440679e+03 6.772510e+02) (9.920677e-02 5.387136e+00 9.865542e-01)) ((-2.591372e+02 7.481604e+00 -1.201727e+00) (-2.155037e-01 1.146984e-02 -7.449882e-03))
502.53        	((-5.428417e+01 1.440991e+03 6.774931e+02) (9.606815e-02 5.386707e+00 9.880699e-01)) ((-2.590567e+02 7.032303e+00 -1.671487e+00) (-2.165659e-01 9.471784e-03 -8.053858e-03))
502.54        	((-5.588660e+01 1.441279e+03 6.776599e+02) (9.290517e-02 5.389275e+00 9.909379e-01)) ((-2.589462e+02 6.598958e+00 -2.103538e+00) (-2.160277e-01 8.026716e-03 -8.214538e-03))
502.55        	((-5.755116e+01 1.441635e+03 6.778531e+02) (8.967275e-02 5.388823e+00 9.929019e-01)) ((-2.588570e+02 6.139724e+00 -2.556445e+00) (-2.169761e-01 5.908366e-03 -8.881240e-03))
502.56        	((-5.923167e+01 1.442035e+03 6.780965e+02) (8.675787e-02 5.391236e+00 9.958501e-01)) ((-2.587879e+02 5.688005e+00 -2.988073e+00) (-2.161943e-01 4.448294e-03 -9.140064e-03))
502.57        	((-6.084252e+01 1.442386e+03 6.783603e+02) (8.374283e-02 5.390436e+00 9.979147e-01)) ((-2.587323e+02 5.265100e+00 -3.387645e+00) (-2.169518e-01 2.280732e-03 -9.812524e-03))
502.58        	((-6.247944e+01 1.442744e+03 6.786487e+02) (8.098851e-02 5.392845e+00 1.000944e+00)) ((-2.587281e+02 4.798139e+00 -3.813343e+00) (-2.160842e-01 7.645970e-04 -1.014680e-02))
502.59        	((-6.400040e+01 1.442974e+03 6.788603e+02) (7.822879e-02 5.392065e+00 1.002548e+00)) ((-2.586961e+02 4.386716e+00 -4.190058e+00) (-2.169124e-01 -1.409734e-03 -1.080442e-02))
502.6         	((-6.535550e+01 1.443152e+03 6.789664e+02) (7.567695e-02 5.394362e+00 1.005012e+00)) ((-2.586529e+02 4.004757e+00 -4.527489e+00) (-2.160442e-01 -2.928820e-03 -1.108937e-02))
502.61        	((-6.658641e+01 1.443372e+03 6.790549e+02) (7.311322e-02 5.393606e+00 1.005968e+00)) ((-2.586727e+02 3.600664e+00 -4.879891e+00) (-2.169748e-01 -5.080218e-03 -1.178131e-02))
502.62        	((-6.762251e+01 1.443548e+03 6.790305e+02) (7.100806e-02 5.395418e+00 1.008134e+00)) ((-2.587022e+02 3.240575e+00 -5.173782e+00) (-2.160015e-01 -6.422999e-03 -1.202317e-02))
502.63        	((-6.836914e+01 1.443678e+03 6.789237e+02) (6.936876e-02 5.394381e+00 1.008236e+00)) ((-2.587829e+02 2.885188e+00 -5.447449e+00) (-2.169163e-01 -8.245919e-03 -1.268789e-02))
502.64        	((-6.880542e+01 1.443774e+03 6.787159e+02) (6.776572e-02 5.396814e+00 1.008745e+00)) ((-2.588943e+02 2.527711e+00 -5.688712e+00) (-2.160041e-01 -9.387084e-03 -1.297344e-02))
502.65        	((-6.893275e+01 1.443752e+03 6.784299e+02) (6.637782e-02 5.396309e+00 1.007034e+00)) ((-2.589985e+02 2.216404e+00 -5.870610e+00) (-2.170826e-01 -1.109522e-02 -1.357819e-02))
502.66        	((-6.879290e+01 1.443705e+03 6.780581e+02) (6.570746e-02 5.398952e+00 1.005920e+00)) ((-2.591007e+02 1.937998e+00 -5.994003e+00) (-2.163769e-01 -1.198549e-02 -1.382946e-02))
502.67        	((-6.839591e+01 1.443699e+03 6.776436e+02) (6.515000e-02 5.398403e+00 1.003221e+00)) ((-2.592244e+02 1.715220e+00 -6.055917e+00) (-2.174838e-01 -1.336107e-02 -1.438968e-02))
502.68        	((-6.779376e+01 1.443784e+03 6.772375e+02) (6.494526e-02 5.401049e+00 1.001722e+00)) ((-2.593913e+02 1.524629e+00 -6.066908e+00) (-2.168795e-01 -1.389710e-02 -1.453564e-02))
502.69        	((-6.696061e+01 1.443885e+03 6.768851e+02) (6.467622e-02 5.400721e+00 9.994151e-01)) ((-2.595647e+02 1.389693e+00 -6.019636e+00) (-2.180510e-01 -1.493532e-02 -1.498813e-02))
502.7         	((-6.594731e+01 1.443798e+03 6.765074e+02) (6.481037e-02 5.403129e+00 9.985157e-01)) ((-2.597066e+02 1.297410e+00 -5.918318e+00) (-2.175617e-01 -1.508287e-02 -1.499138e-02))
502.71        	((-6.475927e+01 1.443382e+03 6.760514e+02) (6.506827e-02 5.402007e+00 9.967233e-01)) ((-2.597817e+02 1.274638e+00 -5.747115e+00) (-2.185518e-01 -1.572652e-02 -1.536244e-02))
502.72        	((-6.347055e+01 1.442814e+03 6.755582e+02) (6.548355e-02 5.403872e+00 9.960040e-01)) ((-2.598165e+02 1.299945e+00 -5.514995e+00) (-2.179778e-01 -1.554256e-02 -1.525639e-02))
502.73        	((-6.206672e+01 1.442270e+03 6.751077e+02) (6.625349e-02 5.402679e+00 9.944416e-01)) ((-2.598500e+02 1.402375e+00 -5.219444e+00) (-2.187801e-01 -1.578276e-02 -1.553283e-02))
502.74        	((-6.062345e+01 1.441859e+03 6.747249e+02) (6.788204e-02 5.404174e+00 9.945241e-01)) ((-2.598905e+02 1.566980e+00 -4.881221e+00) (-2.178960e-01 -1.506917e-02 -1.538183e-02))
502.75        	((-5.911195e+01 1.441505e+03 6.744591e+02) (7.001494e-02 5.402855e+00 9.937903e-01)) ((-2.599311e+02 1.810129e+00 -4.499505e+00) (-2.183301e-01 -1.473187e-02 -1.561922e-02))
502.76        	((-5.755635e+01 1.441184e+03 6.742910e+02) (7.277158e-02 5.404409e+00 9.942874e-01)) ((-2.599696e+02 2.111985e+00 -4.080843e+00) (-2.172503e-01 -1.351959e-02 -1.539141e-02))
502.77        	((-5.595788e+01 1.440850e+03 6.741740e+02) (7.575566e-02 5.402772e+00 9.937042e-01)) ((-2.600043e+02 2.492098e+00 -3.623773e+00) (-2.175222e-01 -1.276845e-02 -1.552494e-02))
502.78        	((-5.437700e+01 1.440586e+03 6.740920e+02) (7.930300e-02 5.403828e+00 9.941780e-01)) ((-2.600451e+02 2.948221e+00 -3.131501e+00) (-2.164033e-01 -1.109739e-02 -1.517463e-02))
502.79        	((-5.282096e+01 1.440324e+03 6.740699e+02) (8.272939e-02 5.402038e+00 9.935740e-01)) ((-2.600968e+02 3.497582e+00 -2.610508e+00) (-2.167402e-01 -9.849301e-03 -1.514029e-02))
502.8         	((-5.134877e+01 1.440140e+03 6.741699e+02) (8.663490e-02 5.403256e+00 9.941977e-01)) ((-2.601397e+02 4.121032e+00 -2.065821e+00) (-2.156618e-01 -7.701793e-03 -1.462814e-02))
502.81        	((-4.996792e+01 1.439979e+03 6.744030e+02) (9.015233e-02 5.401630e+00 9.935782e-01)) ((-2.601492e+02 4.813796e+00 -1.502238e+00) (-2.159524e-01 -6.092284e-03 -1.444277e-02))
502.82        	((-4.874212e+01 1.439862e+03 6.746940e+02) (9.350730e-02 5.402958e+00 9.936794e-01)) ((-2.601367e+02 5.534800e+00 -9.391285e-01) (-2.148339e-01 -3.693912e-03 -1.376053e-02))
502.83        	((-4.769347e+01 1.439771e+03 6.749544e+02) (9.667240e-02 5.401781e+00 9.919960e-01)) ((-2.601090e+02 6.275593e+00 -3.930699e-01) (-2.152722e-01 -1.805561e-03 -1.343654e-02))
502.84        	((-4.689371e+01 1.439806e+03 6.751863e+02) (1.000801e-01 5.403664e+00 9.913009e-01)) ((-2.601071e+02 6.989739e+00 1.126617e-01) (-2.142891e-01 9.041951e-04 -1.267552e-02))
502.85        	((-4.633717e+01 1.439911e+03 6.754439e+02) (1.031466e-01 5.402677e+00 9.891858e-01)) ((-2.601571e+02 7.669990e+00 5.704831e-01) (-2.148236e-01 2.945116e-03 -1.229623e-02))
502.86        	((-4.607384e+01 1.440004e+03 6.757081e+02) (1.060589e-01 5.404553e+00 9.883130e-01)) ((-2.602330e+02 8.289981e+00 9.630187e-01) (-2.138970e-01 5.591320e-03 -1.148223e-02))
502.87        	((-4.604231e+01 1.440005e+03 6.759678e+02) (1.085883e-01 5.402937e+00 9.861653e-01)) ((-2.602845e+02 8.861086e+00 1.284409e+00) (-2.144633e-01 7.398700e-03 -1.110937e-02))
502.88        	((-4.621821e+01 1.439983e+03 6.762263e+02) (1.106316e-01 5.404327e+00 9.853479e-01)) ((-2.602921e+02 9.352926e+00 1.525733e+00) (-2.135337e-01 9.620144e-03 -1.036050e-02))
502.89        	((-4.650597e+01 1.439862e+03 6.764726e+02) (1.120106e-01 5.402242e+00 9.836797e-01)) ((-2.602171e+02 9.782520e+00 1.703198e+00) (-2.142774e-01 1.093232e-02 -1.000956e-02))
502.9         	((-4.695945e+01 1.439744e+03 6.767022e+02) (1.132018e-01 5.403841e+00 9.834306e-01)) ((-2.601015e+02 1.011493e+01 1.799565e+00) (-2.135248e-01 1.276380e-02 -9.302745e-03))
502.91        	((-4.756904e+01 1.439635e+03 6.769010e+02) (1.137847e-01 5.402583e+00 9.816080e-01)) ((-2.599855e+02 1.035333e+01 1.812583e+00) (-2.145885e-01 1.366654e-02 -9.015121e-03))
502.92        	((-4.833820e+01 1.439591e+03 6.770556e+02) (1.134980e-01 5.404649e+00 9.812139e-01)) ((-2.598708e+02 1.047680e+01 1.741826e+00) (-2.138878e-01 1.481391e-02 -8.426779e-03))
502.93        	((-4.920195e+01 1.439536e+03 6.771488e+02) (1.122312e-01 5.402964e+00 9.802059e-01)) ((-2.597440e+02 1.050504e+01 1.591440e+00) (-2.150535e-01 1.490624e-02 -8.210335e-03))
502.94        	((-5.014945e+01 1.439560e+03 6.771851e+02) (1.111221e-01 5.404957e+00 9.812715e-01)) ((-2.596109e+02 1.041219e+01 1.351298e+00) (-2.144262e-01 1.543916e-02 -7.750556e-03))
502.95        	((-5.113669e+01 1.439608e+03 6.771564e+02) (1.088782e-01 5.402924e+00 9.819086e-01)) ((-2.594579e+02 1.022527e+01 1.040155e+00) (-2.156300e-01 1.487253e-02 -7.638559e-03))
502.96        	((-5.218583e+01 1.439736e+03 6.771215e+02) (1.064501e-01 5.404672e+00 9.842267e-01)) ((-2.593028e+02 9.922331e+00 6.585896e-01) (-2.150422e-01 1.470098e-02 -7.284277e-03))
502.97        	((-5.325790e+01 1.439896e+03 6.771195e+02) (1.028900e-01 5.402745e+00 9.857198e-01)) ((-2.591657e+02 9.536305e+00 2.334606e-01) (-2.162745e-01 1.350610e-02 -7.304589e-03))
502.98        	((-5.438258e+01 1.440148e+03 6.772124e+02) (9.945329e-02 5.404061e+00 9.889964e-01)) ((-2.590762e+02 9.049781e+00 -2.416479e-01) (-2.156898e-01 1.277656e-02 -7.083034e-03))
502.99        	((-5.551238e+01 1.440434e+03 6.773856e+02) (9.600658e-02 5.402408e+00 9.909125e-01)) ((-2.590262e+02 8.501384e+00 -7.452517e-01) (-2.169255e-01 1.118118e-02 -7.355656e-03))
503           	((-5.664047e+01 1.440738e+03 6.775590e+02) (9.291538e-02 5.404137e+00 9.943581e-01)) ((-2.589829e+02 7.886735e+00 -1.272992e+00) (-2.164588e-01 1.011516e-02 -7.333425e-03))
503.01        	((-5.767617e+01 1.440979e+03 6.776668e+02) (8.946755e-02 5.403127e+00 9.966053e-01)) ((-2.589088e+02 7.275498e+00 -1.771065e+00) (-2.175418e-01 8.210165e-03 -7.734477e-03))
503.02        	((-5.868924e+01 1.441299e+03 6.777791e+02) (8.647503e-02 5.404889e+00 1.000415e+00)) ((-2.588379e+02 6.631685e+00 -2.277264e+00) (-2.169601e-01 6.966183e-03 -7.777555e-03))
503.03        	((-5.967449e+01 1.441677e+03 6.779820e+02) (8.351172e-02 5.403765e+00 1.002762e+00)) ((-2.587850e+02 5.966577e+00 -2.800931e+00) (-2.177879e-01 5.001997e-03 -8.336813e-03))
503.04        	((-6.063052e+01 1.442101e+03 6.782342e+02) (8.087013e-02 5.405704e+00 1.006368e+00)) ((-2.587545e+02 5.272199e+00 -3.340902e+00) (-2.169477e-01 3.620229e-03 -8.549578e-03))
503.05        	((-6.151363e+01 1.442459e+03 6.784791e+02) (7.823256e-02 5.405173e+00 1.008298e+00)) ((-2.587290e+02 4.587079e+00 -3.873065e+00) (-2.175485e-01 1.480331e-03 -9.266091e-03))
503.06        	((-6.235635e+01 1.442752e+03 6.786560e+02) (7.602472e-02 5.407574e+00 1.010995e+00)) ((-2.587092e+02 3.920663e+00 -4.381138e+00) (-2.166779e-01 -8.776618e-05 -9.607863e-03))
503.07        	((-6.311253e+01 1.442975e+03 6.787365e+02) (7.379976e-02 5.407373e+00 1.012016e+00)) ((-2.586979e+02 3.305564e+00 -4.845112e+00) (-2.173003e-01 -2.349453e-03 -1.040846e-02))
503.08        	((-6.383214e+01 1.443239e+03 6.787801e+02) (7.198042e-02 5.409820e+00 1.013785e+00)) ((-2.587156e+02 2.740230e+00 -5.266970e+00) (-2.164993e-01 -3.924297e-03 -1.076651e-02))
503.09        	((-6.446609e+01 1.443495e+03 6.788024e+02) (7.031201e-02 5.409246e+00 1.014341e+00)) ((-2.587487e+02 2.252327e+00 -5.636919e+00) (-2.170414e-01 -6.038225e-03 -1.156630e-02))
503.1         	((-6.502692e+01 1.443752e+03 6.787690e+02) (6.934707e-02 5.411601e+00 1.015254e+00)) ((-2.588044e+02 1.826505e+00 -5.954738e+00) (-2.161591e-01 -7.436807e-03 -1.201404e-02))
503.11        	((-6.542620e+01 1.443920e+03 6.786534e+02) (6.817632e-02 5.411578e+00 1.014196e+00)) ((-2.588658e+02 1.481396e+00 -6.206899e+00) (-2.168262e-01 -9.415236e-03 -1.284981e-02))
503.12        	((-6.570112e+01 1.443928e+03 6.784127e+02) (6.760014e-02 5.414582e+00 1.013194e+00)) ((-2.589322e+02 1.224321e+00 -6.375101e+00) (-2.161363e-01 -1.068024e-02 -1.328586e-02))
503.13        	((-6.580134e+01 1.443979e+03 6.781351e+02) (6.730786e-02 5.415190e+00 1.010592e+00)) ((-2.590309e+02 1.001825e+00 -6.512010e+00) (-2.170289e-01 -1.244129e-02 -1.418185e-02))
503.14        	((-6.581595e+01 1.444134e+03 6.778306e+02) (6.731000e-02 5.418726e+00 1.008604e+00)) ((-2.591746e+02 8.381293e-01 -6.582635e+00) (-2.164393e-01 -1.345762e-02 -1.464829e-02))
503.15        	((-6.572079e+01 1.444253e+03 6.775134e+02) (6.712380e-02 5.419241e+00 1.005207e+00)) ((-2.593494e+02 7.862162e-01 -6.544841e+00) (-2.173914e-01 -1.496272e-02 -1.543050e-02))
503.16        	((-6.551429e+01 1.444230e+03 6.771660e+02) (6.708955e-02 5.422430e+00 1.003104e+00)) ((-2.595228e+02 8.425761e-01 -6.393552e+00) (-2.168514e-01 -1.563025e-02 -1.571221e-02))
503.17        	((-6.514812e+01 1.443947e+03 6.767617e+02) (6.715794e-02 5.422406e+00 1.000220e+00)) ((-2.596457e+02 1.002674e+00 -6.152302e+00) (-2.178729e-01 -1.661876e-02 -1.626615e-02))
503.18        	((-6.465353e+01 1.443489e+03 6.763001e+02) (6.771418e-02 5.424738e+00 9.990601e-01)) ((-2.597100e+02 1.215986e+00 -5.852963e+00) (-2.172512e-01 -1.665821e-02 -1.635319e-02))
503.19        	((-6.400405e+01 1.442942e+03 6.758464e+02) (6.799090e-02 5.424131e+00 9.967429e-01)) ((-2.597378e+02 1.484056e+00 -5.500756e+00) (-2.183072e-01 -1.713251e-02 -1.668808e-02))
503.2         	((-6.321940e+01 1.442461e+03 6.754301e+02) (6.879625e-02 5.426185e+00 9.960729e-01)) ((-2.597785e+02 1.789852e+00 -5.102007e+00) (-2.176403e-01 -1.665337e-02 -1.657002e-02))
503.21        	((-6.229436e+01 1.441989e+03 6.750455e+02) (6.992851e-02 5.424689e+00 9.946976e-01)) ((-2.598262e+02 2.161893e+00 -4.652844e+00) (-2.185002e-01 -1.652445e-02 -1.673310e-02))
503.22        	((-6.124544e+01 1.441552e+03 6.747353e+02) (7.175657e-02 5.426100e+00 9.950289e-01)) ((-2.598825e+02 2.574069e+00 -4.168739e+00) (-2.175211e-01 -1.538944e-02 -1.645914e-02))
503.23        	((-6.002646e+01 1.441095e+03 6.745084e+02) (7.377290e-02 5.424112e+00 9.943914e-01)) ((-2.599290e+02 3.039451e+00 -3.649898e+00) (-2.182253e-01 -1.462582e-02 -1.640546e-02))
503.24        	((-5.867381e+01 1.440701e+03 6.743369e+02) (7.639582e-02 5.424818e+00 9.953862e-01)) ((-2.599708e+02 3.522386e+00 -3.122267e+00) (-2.171166e-01 -1.290500e-02 -1.591127e-02))
503.25        	((-5.720276e+01 1.440368e+03 6.742211e+02) (7.915713e-02 5.422176e+00 9.951969e-01)) ((-2.600086e+02 4.042959e+00 -2.587895e+00) (-2.177363e-01 -1.158985e-02 -1.567202e-02))
503.26        	((-5.565684e+01 1.440123e+03 6.741629e+02) (8.231492e-02 5.422770e+00 9.963710e-01)) ((-2.600469e+02 4.579990e+00 -2.058301e+00) (-2.166377e-01 -9.395608e-03 -1.502432e-02))
503.27        	((-5.402578e+01 1.439902e+03 6.742092e+02) (8.555512e-02 5.420337e+00 9.963663e-01)) ((-2.600823e+02 5.157013e+00 -1.523297e+00) (-2.172183e-01 -7.684102e-03 -1.467161e-02))
503.28        	((-5.238218e+01 1.439733e+03 6.743740e+02) (8.890239e-02 5.421093e+00 9.974959e-01)) ((-2.601097e+02 5.733243e+00 -1.003644e+00) (-2.161336e-01 -5.191254e-03 -1.388942e-02))
503.29        	((-5.078754e+01 1.439490e+03 6.746037e+02) (9.171283e-02 5.418826e+00 9.969440e-01)) ((-2.601050e+02 6.251746e+00 -5.661063e-01) (-2.166315e-01 -3.341366e-03 -1.350361e-02))
503.3         	((-4.929231e+01 1.439401e+03 6.748100e+02) (9.492848e-02 5.419903e+00 9.970744e-01)) ((-2.601041e+02 6.798050e+00 -1.060339e-01) (-2.156486e-01 -7.236291e-04 -1.262563e-02))
503.31        	((-4.791926e+01 1.439434e+03 6.750062e+02) (9.795383e-02 5.418298e+00 9.955196e-01)) ((-2.601393e+02 7.341918e+00 3.335060e-01) (-2.162425e-01 1.302490e-03 -1.213269e-02))
503.32        	((-4.676818e+01 1.439593e+03 6.752281e+02) (1.012868e-01 5.419922e+00 9.948747e-01)) ((-2.602171e+02 7.819817e+00 7.063853e-01) (-2.153347e-01 4.092946e-03 -1.124309e-02))
503.33        	((-4.583678e+01 1.439690e+03 6.754675e+02) (1.042740e-01 5.418742e+00 9.929768e-01)) ((-2.602941e+02 8.232792e+00 9.972226e-01) (-2.158332e-01 6.156387e-03 -1.079907e-02))
503.34        	((-4.518642e+01 1.439727e+03 6.757020e+02) (1.072768e-01 5.420156e+00 9.921610e-01)) ((-2.603493e+02 8.567309e+00 1.200205e+00) (-2.148147e-01 8.692449e-03 -1.003494e-02))
503.35        	((-4.478585e+01 1.439711e+03 6.759461e+02) (1.095206e-01 5.418758e+00 9.900438e-01)) ((-2.603676e+02 8.854436e+00 1.334939e+00) (-2.152306e-01 1.018505e-02 -9.782866e-03))
503.36        	((-4.463993e+01 1.439673e+03 6.761938e+02) (1.113820e-01 5.420046e+00 9.893990e-01)) ((-2.603180e+02 9.093228e+00 1.413436e+00) (-2.142760e-01 1.203696e-02 -9.151136e-03))
503.37        	((-4.474710e+01 1.439610e+03 6.764519e+02) (1.128017e-01 5.418962e+00 9.876446e-01)) ((-2.602077e+02 9.298804e+00 1.435623e+00) (-2.148643e-01 1.296744e-02 -9.014167e-03))
503.38        	((-4.517576e+01 1.439598e+03 6.767106e+02) (1.140564e-01 5.421066e+00 9.870995e-01)) ((-2.600843e+02 9.445526e+00 1.389192e+00) (-2.142172e-01 1.436152e-02 -8.488881e-03))
503.39        	((-4.586354e+01 1.439592e+03 6.769503e+02) (1.141331e-01 5.420391e+00 9.851575e-01)) ((-2.599383e+02 9.550050e+00 1.287948e+00) (-2.150225e-01 1.461850e-02 -8.466993e-03))
503.4         	((-4.682595e+01 1.439610e+03 6.771347e+02) (1.135815e-01 5.422507e+00 9.849478e-01)) ((-2.597878e+02 9.586292e+00 1.123452e+00) (-2.144037e-01 1.520163e-02 -8.068090e-03))
503.41        	((-4.797827e+01 1.439637e+03 6.772556e+02) (1.126514e-01 5.422093e+00 9.842107e-01)) ((-2.596346e+02 9.570232e+00 9.049876e-01) (-2.152911e-01 1.480433e-02 -8.215252e-03))
503.42        	((-4.931116e+01 1.439721e+03 6.772902e+02) (1.110244e-01 5.424109e+00 9.855458e-01)) ((-2.594793e+02 9.487942e+00 6.390209e-01) (-2.146409e-01 1.471551e-02 -7.963782e-03))
503.43        	((-5.077576e+01 1.439816e+03 6.773079e+02) (1.086918e-01 5.423540e+00 9.858718e-01)) ((-2.593218e+02 9.357010e+00 3.392191e-01) (-2.156391e-01 1.361667e-02 -8.211502e-03))
503.44        	((-5.238190e+01 1.439988e+03 6.773560e+02) (1.056732e-01 5.425584e+00 9.880248e-01)) ((-2.591755e+02 9.159401e+00 3.937162e-03) (-2.150837e-01 1.293089e-02 -8.048144e-03))
503.45        	((-5.406649e+01 1.440211e+03 6.775047e+02) (1.021623e-01 5.424295e+00 9.894866e-01)) ((-2.590556e+02 8.910969e+00 -3.626876e-01) (-2.161276e-01 1.132917e-02 -8.372064e-03))
503.46        	((-5.583127e+01 1.440518e+03 6.777352e+02) (9.883755e-02 5.426184e+00 9.922545e-01)) ((-2.589841e+02 8.590658e+00 -7.629698e-01) (-2.156404e-01 1.033149e-02 -8.345647e-03))
503.47        	((-5.757264e+01 1.440793e+03 6.779546e+02) (9.538007e-02 5.424977e+00 9.940690e-01)) ((-2.589226e+02 8.222572e+00 -1.177929e+00) (-2.169128e-01 8.530805e-03 -8.750243e-03))
503.48        	((-5.925800e+01 1.441066e+03 6.781110e+02) (9.186146e-02 5.426963e+00 9.973870e-01)) ((-2.588515e+02 7.788170e+00 -1.609040e+00) (-2.164184e-01 7.321930e-03 -8.790379e-03))
503.49        	((-6.084385e+01 1.441335e+03 6.782336e+02) (8.826141e-02 5.425738e+00 9.996781e-01)) ((-2.587764e+02 7.310949e+00 -2.051526e+00) (-2.175716e-01 5.390247e-03 -9.247855e-03))
503.5         	((-6.237238e+01 1.441663e+03 6.784060e+02) (8.493828e-02 5.427596e+00 1.003191e+00)) ((-2.587245e+02 6.771583e+00 -2.515642e+00) (-2.168142e-01 4.078123e-03 -9.387290e-03))
503.51        	((-6.369740e+01 1.441954e+03 6.785871e+02) (8.151764e-02 5.426157e+00 1.005671e+00)) ((-2.586683e+02 6.251582e+00 -2.940997e+00) (-2.177657e-01 2.070484e-03 -9.830938e-03))
503.52        	((-6.489807e+01 1.442297e+03 6.787986e+02) (7.841722e-02 5.428006e+00 1.009252e+00)) ((-2.586480e+02 5.658677e+00 -3.409661e+00) (-2.169360e-01 7.516700e-04 -9.968275e-03))
503.53        	((-6.589496e+01 1.442562e+03 6.789289e+02) (7.541773e-02 5.426653e+00 1.011456e+00)) ((-2.586089e+02 5.100063e+00 -3.840766e+00) (-2.178622e-01 -1.215224e-03 -1.043646e-02))
503.54        	((-6.668496e+01 1.442803e+03 6.789892e+02) (7.274315e-02 5.428461e+00 1.014396e+00)) ((-2.585943e+02 4.518360e+00 -4.270593e+00) (-2.170529e-01 -2.512956e-03 -1.056011e-02))
503.55        	((-6.724516e+01 1.443025e+03 6.789958e+02) (7.027858e-02 5.427175e+00 1.015804e+00)) ((-2.586115e+02 3.954979e+00 -4.678216e+00) (-2.179416e-01 -4.424758e-03 -1.107324e-02))
503.56        	((-6.761461e+01 1.443287e+03 6.789860e+02) (6.846585e-02 5.428605e+00 1.018322e+00)) ((-2.586669e+02 3.373706e+00 -5.085735e+00) (-2.170544e-01 -5.593847e-03 -1.122933e-02))
503.57        	((-6.773629e+01 1.443457e+03 6.788709e+02) (6.713962e-02 5.427377e+00 1.018560e+00)) ((-2.587441e+02 2.842225e+00 -5.441076e+00) (-2.178099e-01 -7.373754e-03 -1.187371e-02))
503.58        	((-6.762676e+01 1.443548e+03 6.786398e+02) (6.607725e-02 5.429452e+00 1.019091e+00)) ((-2.588333e+02 2.347901e+00 -5.742125e+00) (-2.170763e-01 -8.502163e-03 -1.211157e-02))
503.59        	((-6.727593e+01 1.443595e+03 6.783547e+02) (6.529458e-02 5.429284e+00 1.017576e+00)) ((-2.589544e+02 1.868271e+00 -6.021957e+00) (-2.179913e-01 -1.022678e-02 -1.283224e-02))
503.6         	((-6.679074e+01 1.443736e+03 6.780385e+02) (6.519307e-02 5.432214e+00 1.016486e+00)) ((-2.590868e+02 1.413364e+00 -6.262650e+00) (-2.174390e-01 -1.122213e-02 -1.317654e-02))
503.61        	((-6.615577e+01 1.443801e+03 6.776456e+02) (6.510931e-02 5.432519e+00 1.013361e+00)) ((-2.592341e+02 1.062735e+00 -6.403261e+00) (-2.182565e-01 -1.281117e-02 -1.397065e-02))
503.62        	((-6.541869e+01 1.443948e+03 6.772764e+02) (6.531911e-02 5.435659e+00 1.011449e+00)) ((-2.594014e+02 7.959900e-01 -6.457130e+00) (-2.176355e-01 -1.362959e-02 -1.430642e-02))
503.63        	((-6.453835e+01 1.443962e+03 6.769121e+02) (6.547596e-02 5.436239e+00 1.008473e+00)) ((-2.595597e+02 6.371548e-01 -6.414403e+00) (-2.184383e-01 -1.494439e-02 -1.503177e-02))
503.64        	((-6.359887e+01 1.443771e+03 6.765031e+02) (6.609872e-02 5.439265e+00 1.006785e+00)) ((-2.596873e+02 5.704548e-01 -6.289497e+00) (-2.178866e-01 -1.539387e-02 -1.526803e-02))
503.65        	((-6.260495e+01 1.443332e+03 6.760391e+02) (6.675085e-02 5.439018e+00 1.004310e+00)) ((-2.597506e+02 6.073461e-01 -6.086060e+00) (-2.186668e-01 -1.624571e-02 -1.585380e-02))
503.66        	((-6.163925e+01 1.442830e+03 6.755921e+02) (6.759670e-02 5.441529e+00 1.002935e+00)) ((-2.597794e+02 7.313350e-01 -5.816056e+00) (-2.180846e-01 -1.623857e-02 -1.592407e-02))
503.67        	((-6.062103e+01 1.442379e+03 6.752064e+02) (6.865233e-02 5.441092e+00 1.000828e+00)) ((-2.598060e+02 9.663025e-01 -5.467454e+00) (-2.187322e-01 -1.661734e-02 -1.638503e-02))
503.68        	((-5.961545e+01 1.441995e+03 6.748679e+02) (7.047859e-02 5.442932e+00 1.000420e+00)) ((-2.598372e+02 1.299326e+00 -5.050789e+00) (-2.178716e-01 -1.603569e-02 -1.636058e-02))
503.69        	((-5.857947e+01 1.441607e+03 6.746277e+02) (7.257260e-02 5.441894e+00 9.992777e-01)) ((-2.598661e+02 1.738457e+00 -4.568981e+00) (-2.183200e-01 -1.576029e-02 -1.664898e-02))
503.7         	((-5.753139e+01 1.441246e+03 6.744826e+02) (7.523946e-02 5.443472e+00 9.995124e-01)) ((-2.598949e+02 2.251976e+00 -4.040834e+00) (-2.173213e-01 -1.451843e-02 -1.641155e-02))
503.71        	((-5.644200e+01 1.440877e+03 6.743798e+02) (7.807505e-02 5.441792e+00 9.988594e-01)) ((-2.599224e+02 2.844201e+00 -3.474340e+00) (-2.176513e-01 -1.363261e-02 -1.649189e-02))
503.72        	((-5.537015e+01 1.440578e+03 6.743181e+02) (8.132871e-02 5.442906e+00 9.993385e-01)) ((-2.599658e+02 3.496043e+00 -2.880528e+00) (-2.165852e-01 -1.182720e-02 -1.607416e-02))
503.73        	((-5.430044e+01 1.440279e+03 6.743284e+02) (8.444606e-02 5.441111e+00 9.988163e-01)) ((-2.600238e+02 4.211690e+00 -2.273915e+00) (-2.170198e-01 -1.048398e-02 -1.596821e-02))
503.74        	((-5.325787e+01 1.440069e+03 6.744459e+02) (8.801579e-02 5.442362e+00 9.995080e-01)) ((-2.600513e+02 4.977981e+00 -1.650888e+00) (-2.159781e-01 -8.263099e-03 -1.539124e-02))
503.75        	((-5.218929e+01 1.439869e+03 6.746843e+02) (9.111521e-02 5.440407e+00 9.989595e-01)) ((-2.600607e+02 5.768439e+00 -1.038394e+00) (-2.164899e-01 -6.570176e-03 -1.508781e-02))
503.76        	((-5.118840e+01 1.439638e+03 6.749238e+02) (9.406865e-02 5.441456e+00 9.991913e-01)) ((-2.600302e+02 6.488949e+00 -5.024242e-01) (-2.154916e-01 -4.068438e-03 -1.436548e-02))
503.77        	((-5.025775e+01 1.439525e+03 6.751279e+02) (9.692636e-02 5.439599e+00 9.977388e-01)) ((-2.600189e+02 7.238139e+00 4.970310e-02) (-2.162203e-01 -2.105762e-03 -1.387603e-02))
503.78        	((-4.946037e+01 1.439495e+03 6.752860e+02) (9.986685e-02 5.441106e+00 9.973702e-01)) ((-2.600291e+02 7.895787e+00 5.272779e-01) (-2.152244e-01 7.069427e-04 -1.303569e-02))
503.79        	((-4.877046e+01 1.439623e+03 6.754908e+02) (1.024927e-01 5.439471e+00 9.955050e-01)) ((-2.601148e+02 8.528650e+00 9.863850e-01) (-2.160635e-01 2.862571e-03 -1.242157e-02))
503.8         	((-4.821504e+01 1.439759e+03 6.757051e+02) (1.050084e-01 5.441137e+00 9.950639e-01)) ((-2.602267e+02 9.070385e+00 1.367289e+00) (-2.150807e-01 5.678775e-03 -1.144963e-02))
503.81        	((-4.776722e+01 1.439745e+03 6.759003e+02) (1.073021e-01 5.438856e+00 9.932210e-01)) ((-2.602998e+02 9.518441e+00 1.645270e+00) (-2.158994e-01 7.783827e-03 -1.082123e-02))
503.82        	((-4.745765e+01 1.439670e+03 6.760889e+02) (1.092070e-01 5.439916e+00 9.928511e-01)) ((-2.603095e+02 9.841634e+00 1.807742e+00) (-2.149041e-01 1.025712e-02 -9.940108e-03))
503.83        	((-4.724549e+01 1.439519e+03 6.762814e+02) (1.104205e-01 5.437348e+00 9.915339e-01)) ((-2.602277e+02 1.008493e+01 1.887331e+00) (-2.156987e-01 1.172840e-02 -9.464559e-03))
503.84        	((-4.720425e+01 1.439431e+03 6.764892e+02) (1.115419e-01 5.438605e+00 9.916872e-01)) ((-2.601098e+02 1.022696e+01 1.879737e+00) (-2.148931e-01 1.363013e-02 -8.696834e-03))
503.85        	((-4.733387e+01 1.439416e+03 6.767037e+02) (1.121933e-01 5.437002e+00 9.903771e-01)) ((-2.599876e+02 1.029907e+01 1.807310e+00) (-2.159066e-01 1.453368e-02 -8.386875e-03))
503.86        	((-4.765403e+01 1.439459e+03 6.768782e+02) (1.121688e-01 5.438633e+00 9.902077e-01)) ((-2.598759e+02 1.026038e+01 1.648143e+00) (-2.153094e-01 1.565342e-02 -7.743086e-03))
503.87        	((-4.812188e+01 1.439451e+03 6.769819e+02) (1.112706e-01 5.437109e+00 9.893730e-01)) ((-2.597565e+02 1.013272e+01 1.410477e+00) (-2.162547e-01 1.567075e-02 -7.604196e-03))
503.88        	((-4.875307e+01 1.439480e+03 6.770273e+02) (1.105459e-01 5.439010e+00 9.903647e-01)) ((-2.596284e+02 9.909888e+00 1.096109e+00) (-2.157367e-01 1.609228e-02 -7.173285e-03))
503.89        	((-4.948692e+01 1.439537e+03 6.770222e+02) (1.086984e-01 5.437611e+00 9.909224e-01)) ((-2.594792e+02 9.624803e+00 7.293530e-01) (-2.166072e-01 1.536649e-02 -7.253899e-03))
503.9         	((-5.036440e+01 1.439691e+03 6.770251e+02) (1.066180e-01 5.439686e+00 9.928226e-01)) ((-2.593269e+02 9.264980e+00 3.142070e-01) (-2.161075e-01 1.501498e-02 -7.008424e-03))
503.91        	((-5.134214e+01 1.439895e+03 6.770686e+02) (1.035086e-01 5.438787e+00 9.939911e-01)) ((-2.591887e+02 8.849224e+00 -1.332883e-01) (-2.169579e-01 1.362074e-02 -7.292129e-03))
503.92        	((-5.243211e+01 1.440132e+03 6.771642e+02) (1.005165e-01 5.440793e+00 9.966481e-01)) ((-2.590860e+02 8.392304e+00 -5.855521e-01) (-2.163695e-01 1.267284e-02 -7.208753e-03))
503.93        	((-5.366108e+01 1.440476e+03 6.773941e+02) (9.740982e-02 5.440071e+00 9.980505e-01)) ((-2.590377e+02 7.885986e+00 -1.079988e+00) (-2.172629e-01 1.088467e-02 -7.730458e-03))
503.94        	((-5.498030e+01 1.440826e+03 6.776106e+02) (9.468453e-02 5.442407e+00 1.000812e+00)) ((-2.589875e+02 7.368701e+00 -1.565081e+00) (-2.167343e-01 9.644463e-03 -7.841375e-03))
503.95        	((-5.631930e+01 1.441139e+03 6.777939e+02) (9.150265e-02 5.441892e+00 1.002552e+00)) ((-2.589052e+02 6.858873e+00 -2.035934e+00) (-2.176837e-01 7.602089e-03 -8.410591e-03))
503.96        	((-5.772396e+01 1.441517e+03 6.779782e+02) (8.867583e-02 5.444080e+00 1.005794e+00)) ((-2.588181e+02 6.335221e+00 -2.509675e+00) (-2.170808e-01 6.201861e-03 -8.604695e-03))
503.97        	((-5.915092e+01 1.441903e+03 6.782188e+02) (8.573727e-02 5.443403e+00 1.007651e+00)) ((-2.587426e+02 5.816294e+00 -2.976783e+00) (-2.178564e-01 4.094086e-03 -9.281904e-03))
503.98        	((-6.058120e+01 1.442292e+03 6.784788e+02) (8.303567e-02 5.445622e+00 1.010901e+00)) ((-2.586895e+02 5.298546e+00 -3.430142e+00) (-2.170423e-01 2.604895e-03 -9.560664e-03))
503.99        	((-6.195157e+01 1.442615e+03 6.787298e+02) (8.020940e-02 5.445155e+00 1.012594e+00)) ((-2.586481e+02 4.805741e+00 -3.860399e+00) (-2.177496e-01 4.319251e-04 -1.026132e-02))
504           	((-6.327588e+01 1.442881e+03 6.789214e+02) (7.773133e-02 5.447579e+00 1.015267e+00)) ((-2.586204e+02 4.326343e+00 -4.268170e+00) (-2.169293e-01 -1.077227e-03 -1.055888e-02))
504.01        	((-6.448375e+01 1.443076e+03 6.790173e+02) (7.518400e-02 5.447217e+00 1.016311e+00)) ((-2.586118e+02 3.883055e+00 -4.639287e+00) (-2.176801e-01 -3.257125e-03 -1.128229e-02))
504.02        	((-6.559631e+01 1.443301e+03 6.790642e+02) (7.305473e-02 5.449652e+00 1.018232e+00)) ((-2.586362e+02 3.466141e+00 -4.978426e+00) (-2.168570e-01 -4.725259e-03 -1.159745e-02))
504.03        	((-6.656610e+01 1.443519e+03 6.790821e+02) (7.102038e-02 5.448746e+00 1.018947e+00)) ((-2.586717e+02 3.096470e+00 -5.281506e+00) (-2.175369e-01 -6.811884e-03 -1.232443e-02))
504.04        	((-6.735346e+01 1.443719e+03 6.790269e+02) (6.979006e-02 5.450838e+00 1.020144e+00)) ((-2.587241e+02 2.756358e+00 -5.547073e+00) (-2.166621e-01 -8.060162e-03 -1.268207e-02))
504.05        	((-6.785486e+01 1.443749e+03 6.788258e+02) (6.833188e-02 5.450197e+00 1.019123e+00)) ((-2.587831e+02 2.486254e+00 -5.739439e+00) (-2.175714e-01 -9.925306e-03 -1.336406e-02))
504.06        	((-6.812714e+01 1.443815e+03 6.785759e+02) (6.739228e-02 5.453034e+00 1.018773e+00)) ((-2.588875e+02 2.190476e+00 -5.931187e+00) (-2.169551e-01 -1.100601e-02 -1.369558e-02))
504.07        	((-6.814821e+01 1.443773e+03 6.782107e+02) (6.671782e-02 5.452811e+00 1.016139e+00)) ((-2.590194e+02 1.946412e+00 -6.054943e+00) (-2.180933e-01 -1.262182e-02 -1.438411e-02))
504.08        	((-6.797326e+01 1.443852e+03 6.778116e+02) (6.632821e-02 5.455681e+00 1.014561e+00)) ((-2.591717e+02 1.738589e+00 -6.118143e+00) (-2.174949e-01 -1.343353e-02 -1.466197e-02))
504.09        	((-6.755807e+01 1.443840e+03 6.773813e+02) (6.584915e-02 5.455422e+00 1.011326e+00)) ((-2.593461e+02 1.616657e+00 -6.084661e+00) (-2.185623e-01 -1.472595e-02 -1.523307e-02))
504.1         	((-6.693602e+01 1.443834e+03 6.769798e+02) (6.566586e-02 5.458160e+00 1.009905e+00)) ((-2.595170e+02 1.542244e+00 -5.986527e+00) (-2.180079e-01 -1.512962e-02 -1.533404e-02))
504.11        	((-6.609980e+01 1.443638e+03 6.765655e+02) (6.564766e-02 5.457631e+00 1.007637e+00)) ((-2.596486e+02 1.531185e+00 -5.829920e+00) (-2.191192e-01 -1.591607e-02 -1.572439e-02))
504.12        	((-6.511001e+01 1.443241e+03 6.761003e+02) (6.608662e-02 5.459609e+00 1.006982e+00)) ((-2.597255e+02 1.557281e+00 -5.626155e+00) (-2.185220e-01 -1.582026e-02 -1.568984e-02))
504.13        	((-6.396615e+01 1.442703e+03 6.756270e+02) (6.631586e-02 5.458658e+00 1.005065e+00)) ((-2.597611e+02 1.643902e+00 -5.364999e+00) (-2.195319e-01 -1.623630e-02 -1.596409e-02))
504.14        	((-6.270203e+01 1.442211e+03 6.751869e+02) (6.718470e-02 5.460365e+00 1.004692e+00)) ((-2.597986e+02 1.780128e+00 -5.052614e+00) (-2.188586e-01 -1.573244e-02 -1.580117e-02))
504.15        	((-6.134067e+01 1.441751e+03 6.747955e+02) (6.855849e-02 5.458738e+00 1.003618e+00)) ((-2.598377e+02 1.993880e+00 -4.688593e+00) (-2.195667e-01 -1.561278e-02 -1.599028e-02))
504.16        	((-5.991765e+01 1.441356e+03 6.745060e+02) (7.068815e-02 5.459890e+00 1.004102e+00)) ((-2.598853e+02 2.263171e+00 -4.284447e+00) (-2.186794e-01 -1.452669e-02 -1.570744e-02))
504.17        	((-5.839543e+01 1.440969e+03 6.743213e+02) (7.309084e-02 5.458164e+00 1.003605e+00)) ((-2.599268e+02 2.600309e+00 -3.840937e+00) (-2.191641e-01 -1.384887e-02 -1.576442e-02))
504.18        	((-5.682221e+01 1.440646e+03 6.741966e+02) (7.609977e-02 5.459040e+00 1.004427e+00)) ((-2.599687e+02 2.981720e+00 -3.376414e+00) (-2.180953e-01 -1.227292e-02 -1.536722e-02))
504.19        	((-5.520669e+01 1.440362e+03 6.741200e+02) (7.925223e-02 5.457213e+00 1.004015e+00)) ((-2.600099e+02 3.425197e+00 -2.891724e+00) (-2.183855e-01 -1.114968e-02 -1.535564e-02))
504.2         	((-5.360577e+01 1.440142e+03 6.740937e+02) (8.278344e-02 5.458290e+00 1.004713e+00)) ((-2.600538e+02 3.922333e+00 -2.390747e+00) (-2.172902e-01 -9.196255e-03 -1.487957e-02))
504.21        	((-5.200691e+01 1.439920e+03 6.741817e+02) (8.639771e-02 5.456790e+00 1.004269e+00)) ((-2.601050e+02 4.480108e+00 -1.881470e+00) (-2.175917e-01 -7.727759e-03 -1.478877e-02))
504.22        	((-5.047303e+01 1.439754e+03 6.743905e+02) (9.020217e-02 5.458062e+00 1.004815e+00)) ((-2.601355e+02 5.087874e+00 -1.360083e+00) (-2.165231e-01 -5.438740e-03 -1.419967e-02))
504.23        	((-4.902189e+01 1.439605e+03 6.746585e+02) (9.335856e-02 5.456473e+00 1.003719e+00)) ((-2.601266e+02 5.749781e+00 -8.276903e-01) (-2.168216e-01 -3.762335e-03 -1.394429e-02))
504.24        	((-4.779845e+01 1.439549e+03 6.748979e+02) (9.682283e-02 5.458140e+00 1.003108e+00)) ((-2.601023e+02 6.423102e+00 -3.120528e-01) (-2.159106e-01 -1.233647e-03 -1.320226e-02))
504.25        	((-4.682968e+01 1.439584e+03 6.751184e+02) (1.001187e-01 5.457047e+00 1.001157e+00)) ((-2.600964e+02 7.091776e+00 1.701038e-01) (-2.163870e-01 7.552724e-04 -1.285351e-02))
504.26        	((-4.616711e+01 1.439740e+03 6.753767e+02) (1.034908e-01 5.458992e+00 1.000155e+00)) ((-2.601451e+02 7.705222e+00 5.918417e-01) (-2.155209e-01 3.476203e-03 -1.205356e-02))
504.27        	((-4.577121e+01 1.439843e+03 6.756496e+02) (1.062128e-01 5.457984e+00 9.980374e-01)) ((-2.602151e+02 8.271581e+00 9.480905e-01) (-2.160387e-01 5.403205e-03 -1.167041e-02))
504.28        	((-4.565871e+01 1.439882e+03 6.759074e+02) (1.089512e-01 5.459559e+00 9.970527e-01)) ((-2.602767e+02 8.775392e+00 1.232947e+00) (-2.150781e-01 7.869088e-03 -1.092412e-02))
504.29        	((-4.575992e+01 1.439829e+03 6.761574e+02) (1.108060e-01 5.458114e+00 9.949005e-01)) ((-2.602934e+02 9.238810e+00 1.459065e+00) (-2.156241e-01 9.333760e-03 -1.062944e-02))
504.3         	((-4.606066e+01 1.439733e+03 6.764078e+02) (1.124536e-01 5.459443e+00 9.943696e-01)) ((-2.602244e+02 9.647087e+00 1.624317e+00) (-2.147194e-01 1.126935e-02 -9.953129e-03))
504.31        	((-4.654259e+01 1.439619e+03 6.766733e+02) (1.135036e-01 5.458059e+00 9.927722e-01)) ((-2.600965e+02 9.999203e+00 1.719296e+00) (-2.155230e-01 1.227708e-02 -9.713958e-03))
504.32        	((-4.725745e+01 1.439567e+03 6.769187e+02) (1.144191e-01 5.460051e+00 9.923224e-01)) ((-2.599676e+02 1.025360e+01 1.728235e+00) (-2.148984e-01 1.377420e-02 -9.114423e-03))
504.33        	((-4.813646e+01 1.439528e+03 6.771134e+02) (1.140204e-01 5.458729e+00 9.906153e-01)) ((-2.598308e+02 1.042807e+01 1.668477e+00) (-2.159750e-01 1.409389e-02 -8.935249e-03))
504.34        	((-4.915247e+01 1.439511e+03 6.772313e+02) (1.130272e-01 5.460446e+00 9.908891e-01)) ((-2.596937e+02 1.049103e+01 1.527221e+00) (-2.153522e-01 1.482311e-02 -8.406065e-03))
504.35        	((-5.023632e+01 1.439509e+03 6.772866e+02) (1.117138e-01 5.459328e+00 9.904833e-01)) ((-2.595573e+02 1.046453e+01 1.315804e+00) (-2.165292e-01 1.456145e-02 -8.358549e-03))
504.36        	((-5.139786e+01 1.439567e+03 6.772716e+02) (1.097350e-01 5.461009e+00 9.922902e-01)) ((-2.594163e+02 1.032202e+01 1.028025e+00) (-2.158315e-01 1.466050e-02 -7.962744e-03))
504.37        	((-5.259874e+01 1.439641e+03 6.772378e+02) (1.069930e-01 5.459593e+00 9.930645e-01)) ((-2.592665e+02 1.009331e+01 6.854269e-01) (-2.170637e-01 1.372050e-02 -7.995655e-03))
504.38        	((-5.384738e+01 1.439806e+03 6.772351e+02) (1.036429e-01 5.461148e+00 9.958247e-01)) ((-2.591308e+02 9.759185e+00 2.884388e-01) (-2.164411e-01 1.321224e-02 -7.691877e-03))
504.39        	((-5.511884e+01 1.440029e+03 6.773365e+02) (9.988053e-02 5.459269e+00 9.977473e-01)) ((-2.590277e+02 9.351976e+00 -1.497606e-01) (-2.176029e-01 1.176889e-02 -7.848207e-03))
504.4         	((-5.642221e+01 1.440347e+03 6.775239e+02) (9.644362e-02 5.460668e+00 1.001022e+00)) ((-2.589693e+02 8.854106e+00 -6.323936e-01) (-2.170319e-01 1.089344e-02 -7.712783e-03))
504.41        	((-5.768127e+01 1.440645e+03 6.777194e+02) (9.296220e-02 5.459098e+00 1.003237e+00)) ((-2.589170e+02 8.300043e+00 -1.137256e+00) (-2.182398e-01 9.167946e-03 -8.035385e-03))
504.42        	((-5.887871e+01 1.440958e+03 6.778691e+02) (8.964158e-02 5.460705e+00 1.006863e+00)) ((-2.588525e+02 7.678564e+00 -1.661162e+00) (-2.177506e-01 8.020273e-03 -8.017941e-03))
504.43        	((-5.994816e+01 1.441244e+03 6.779795e+02) (8.639924e-02 5.459449e+00 1.009479e+00)) ((-2.587709e+02 7.063436e+00 -2.152985e+00) (-2.187249e-01 6.103909e-03 -8.457891e-03))
504.44        	((-6.095017e+01 1.441589e+03 6.781404e+02) (8.343065e-02 5.461031e+00 1.013140e+00)) ((-2.587134e+02 6.421475e+00 -2.642487e+00) (-2.180465e-01 4.839443e-03 -8.524335e-03))
504.45        	((-6.186348e+01 1.441950e+03 6.783519e+02) (8.050255e-02 5.459845e+00 1.015736e+00)) ((-2.586810e+02 5.761749e+00 -3.142679e+00) (-2.188221e-01 2.862059e-03 -9.062818e-03))
504.46        	((-6.273224e+01 1.442322e+03 6.785742e+02) (7.787328e-02 5.461549e+00 1.019144e+00)) ((-2.586682e+02 5.073468e+00 -3.662333e+00) (-2.180775e-01 1.540924e-03 -9.187273e-03))
504.47        	((-6.350232e+01 1.442611e+03 6.787521e+02) (7.535591e-02 5.460895e+00 1.020925e+00)) ((-2.586578e+02 4.395831e+00 -4.175183e+00) (-2.187526e-01 -5.132028e-04 -9.849036e-03))
504.48        	((-6.417297e+01 1.442878e+03 6.788401e+02) (7.315199e-02 5.463201e+00 1.023365e+00)) ((-2.586630e+02 3.733532e+00 -4.662572e+00) (-2.179195e-01 -1.992037e-03 -1.013916e-02))
504.49        	((-6.470605e+01 1.443125e+03 6.788809e+02) (7.114161e-02 5.462959e+00 1.024192e+00)) ((-2.586848e+02 3.120594e+00 -5.106752e+00) (-2.184690e-01 -4.140619e-03 -1.092655e-02))
504.5         	((-6.516413e+01 1.443392e+03 6.788818e+02) (6.963967e-02 5.465087e+00 1.025995e+00)) ((-2.587259e+02 2.552679e+00 -5.508150e+00) (-2.175121e-01 -5.655752e-03 -1.131852e-02))
504.51        	((-6.547667e+01 1.443610e+03 6.788121e+02) (6.863675e-02 5.464771e+00 1.025728e+00)) ((-2.587825e+02 2.058889e+00 -5.851905e+00) (-2.180604e-01 -7.688042e-03 -1.219381e-02))
504.52        	((-6.566626e+01 1.443710e+03 6.786128e+02) (6.780511e-02 5.467380e+00 1.025522e+00)) ((-2.588508e+02 1.655818e+00 -6.114713e+00) (-2.173642e-01 -9.046930e-03 -1.258482e-02))
504.53        	((-6.569549e+01 1.443781e+03 6.783885e+02) (6.721620e-02 5.467575e+00 1.023655e+00)) ((-2.589154e+02 1.325092e+00 -6.322676e+00) (-2.181192e-01 -1.091105e-02 -1.342362e-02))
504.54        	((-6.562018e+01 1.443882e+03 6.781217e+02) (6.723228e-02 5.470663e+00 1.022134e+00)) ((-2.589981e+02 1.059639e+00 -6.465999e+00) (-2.175271e-01 -1.202060e-02 -1.386133e-02))
504.55        	((-6.542522e+01 1.444044e+03 6.778237e+02) (6.716784e-02 5.471400e+00 1.019086e+00)) ((-2.591472e+02 8.541190e-01 -6.555688e+00) (-2.183990e-01 -1.366072e-02 -1.473812e-02))
504.56        	((-6.518973e+01 1.444211e+03 6.775105e+02) (6.731086e-02 5.474901e+00 1.016891e+00)) ((-2.593415e+02 7.345143e-01 -6.557991e+00) (-2.178587e-01 -1.451036e-02 -1.513672e-02))
504.57        	((-6.483071e+01 1.444173e+03 6.771609e+02) (6.722842e-02 5.475480e+00 1.013641e+00)) ((-2.595172e+02 7.413115e-01 -6.443113e+00) (-2.187807e-01 -1.584320e-02 -1.586582e-02))
504.58        	((-6.437725e+01 1.443894e+03 6.767343e+02) (6.755792e-02 5.478484e+00 1.011863e+00)) ((-2.596411e+02 8.489675e-01 -6.225294e+00) (-2.182396e-01 -1.624321e-02 -1.607589e-02))
504.59        	((-6.381762e+01 1.443369e+03 6.762502e+02) (6.800618e-02 5.478105e+00 1.009334e+00)) ((-2.596962e+02 1.050494e+00 -5.925626e+00) (-2.191139e-01 -1.698330e-02 -1.658478e-02))
504.6         	((-6.320095e+01 1.442831e+03 6.757966e+02) (6.863024e-02 5.480610e+00 1.008093e+00)) ((-2.597219e+02 1.313167e+00 -5.569466e+00) (-2.185305e-01 -1.684256e-02 -1.658307e-02))
504.61        	((-6.246888e+01 1.442363e+03 6.754139e+02) (6.947363e-02 5.479918e+00 1.006084e+00)) ((-2.597526e+02 1.652818e+00 -5.158572e+00) (-2.193742e-01 -1.708816e-02 -1.692289e-02))
504.62        	((-6.166283e+01 1.441970e+03 6.750799e+02) (7.102749e-02 5.481611e+00 1.005887e+00)) ((-2.597973e+02 2.053967e+00 -4.703406e+00) (-2.185693e-01 -1.634226e-02 -1.678774e-02))
504.63        	((-6.072682e+01 1.441535e+03 6.748127e+02) (7.278459e-02 5.480025e+00 1.004867e+00)) ((-2.598406e+02 2.526920e+00 -4.197908e+00) (-2.192889e-01 -1.594725e-02 -1.691728e-02))
504.64        	((-5.966625e+01 1.441099e+03 6.746046e+02) (7.509652e-02 5.481189e+00 1.005371e+00)) ((-2.598837e+02 3.035309e+00 -3.660217e+00) (-2.183567e-01 -1.455465e-02 -1.653705e-02))
504.65        	((-5.846093e+01 1.440661e+03 6.744269e+02) (7.756149e-02 5.478879e+00 1.004895e+00)) ((-2.599238e+02 3.587566e+00 -3.098793e+00) (-2.189449e-01 -1.353513e-02 -1.642997e-02))
504.66        	((-5.716487e+01 1.440330e+03 6.742945e+02) (8.049742e-02 5.479673e+00 1.005736e+00)) ((-2.599740e+02 4.156125e+00 -2.535675e+00) (-2.178569e-01 -1.156122e-02 -1.587632e-02))
504.67        	((-5.576526e+01 1.440046e+03 6.742280e+02) (8.338499e-02 5.477241e+00 1.005475e+00)) ((-2.600218e+02 4.766846e+00 -1.965375e+00) (-2.184553e-01 -1.005294e-02 -1.559248e-02))
504.68        	((-5.434387e+01 1.439787e+03 6.742445e+02) (8.675862e-02 5.478189e+00 1.006621e+00)) ((-2.600424e+02 5.346978e+00 -1.447690e+00) (-2.174410e-01 -7.660740e-03 -1.495548e-02))
504.69        	((-5.286164e+01 1.439617e+03 6.744167e+02) (8.976589e-02 5.475741e+00 1.006487e+00)) ((-2.600658e+02 5.980082e+00 -9.027369e-01) (-2.180136e-01 -5.888031e-03 -1.452307e-02))
504.7         	((-5.139647e+01 1.439444e+03 6.746569e+02) (9.255254e-02 5.476596e+00 1.007135e+00)) ((-2.600736e+02 6.549141e+00 -4.275017e-01) (-2.168967e-01 -3.344400e-03 -1.372631e-02))
504.71        	((-4.997449e+01 1.439373e+03 6.748690e+02) (9.540262e-02 5.474562e+00 1.005952e+00)) ((-2.600757e+02 7.166440e+00 7.673859e-02) (-2.175582e-01 -1.373898e-03 -1.317307e-02))
504.72        	((-4.873319e+01 1.439332e+03 6.750412e+02) (9.851852e-02 5.475866e+00 1.005677e+00)) ((-2.600740e+02 7.675014e+00 4.770579e-01) (-2.166020e-01 1.432194e-03 -1.231228e-02))
504.73        	((-4.766120e+01 1.439452e+03 6.752549e+02) (1.014790e-01 5.474190e+00 1.003959e+00)) ((-2.601370e+02 8.158563e+00 8.432550e-01) (-2.172919e-01 3.559003e-03 -1.176494e-02))
504.74        	((-4.680239e+01 1.439612e+03 6.754803e+02) (1.043272e-01 5.475712e+00 1.003443e+00)) ((-2.602383e+02 8.576168e+00 1.146315e+00) (-2.164478e-01 6.282766e-03 -1.082348e-02))
504.75        	((-4.612363e+01 1.439656e+03 6.756989e+02) (1.069738e-01 5.473886e+00 1.001584e+00)) ((-2.603185e+02 8.933162e+00 1.372014e+00) (-2.169941e-01 8.219517e-03 -1.037147e-02))
504.76        	((-4.567439e+01 1.439651e+03 6.759245e+02) (1.092723e-01 5.475148e+00 1.000850e+00)) ((-2.603465e+02 9.203792e+00 1.505990e+00) (-2.160630e-01 1.054208e-02 -9.580799e-03))
504.77        	((-4.540294e+01 1.439544e+03 6.761578e+02) (1.108278e-01 5.473412e+00 9.992346e-01)) ((-2.602810e+02 9.417275e+00 1.568707e+00) (-2.164826e-01 1.180168e-02 -9.339271e-03))
504.78        	((-4.540069e+01 1.439470e+03 6.764064e+02) (1.123769e-01 5.475127e+00 9.988407e-01)) ((-2.601660e+02 9.562542e+00 1.557499e+00) (-2.156715e-01 1.348674e-02 -8.730293e-03))
504.79        	((-4.565538e+01 1.439426e+03 6.766510e+02) (1.133689e-01 5.474403e+00 9.971842e-01)) ((-2.600436e+02 9.653639e+00 1.478563e+00) (-2.163600e-01 1.417293e-02 -8.664438e-03))
504.8         	((-4.618642e+01 1.439458e+03 6.768699e+02) (1.136730e-01 5.476564e+00 9.964894e-01)) ((-2.599132e+02 9.686406e+00 1.341794e+00) (-2.157830e-01 1.507936e-02 -8.200907e-03))
504.81        	((-4.694594e+01 1.439479e+03 6.770369e+02) (1.129093e-01 5.475714e+00 9.951556e-01)) ((-2.597692e+02 9.668239e+00 1.148056e+00) (-2.165659e-01 1.491255e-02 -8.247599e-03))
504.82        	((-4.794800e+01 1.439554e+03 6.771521e+02) (1.123223e-01 5.478066e+00 9.956328e-01)) ((-2.596195e+02 9.587648e+00 8.958937e-01) (-2.160783e-01 1.517593e-02 -7.945874e-03))
504.83        	((-4.910850e+01 1.439637e+03 6.771996e+02) (1.105423e-01 5.477164e+00 9.957649e-01)) ((-2.594546e+02 9.460544e+00 6.006192e-01) (-2.168831e-01 1.435915e-02 -8.132184e-03))
504.84        	((-5.045117e+01 1.439775e+03 6.772305e+02) (1.085019e-01 5.479572e+00 9.972705e-01)) ((-2.592895e+02 9.272495e+00 2.660237e-01) (-2.163757e-01 1.393824e-02 -7.959730e-03))
504.85        	((-5.190979e+01 1.439938e+03 6.772878e+02) (1.052975e-01 5.478794e+00 9.981608e-01)) ((-2.591391e+02 9.038794e+00 -9.346185e-02) (-2.172899e-01 1.251625e-02 -8.254964e-03))
504.86        	((-5.351875e+01 1.440184e+03 6.774348e+02) (1.020860e-01 5.480738e+00 1.000757e+00)) ((-2.590319e+02 8.746941e+00 -4.803294e-01) (-2.166896e-01 1.159423e-02 -8.204702e-03))
504.87        	((-5.521961e+01 1.440475e+03 6.776716e+02) (9.868296e-02 5.479795e+00 1.002168e+00)) ((-2.589707e+02 8.417347e+00 -8.851505e-01) (-2.176888e-01 9.830782e-03 -8.656924e-03))
504.88        	((-5.698086e+01 1.440797e+03 6.779165e+02) (9.557655e-02 5.481879e+00 1.005115e+00)) ((-2.589163e+02 8.038139e+00 -1.307003e+00) (-2.171641e-01 8.674762e-03 -8.731300e-03))
504.89        	((-5.870693e+01 1.441070e+03 6.781129e+02) (9.204946e-02 5.480880e+00 1.007005e+00)) ((-2.588360e+02 7.628289e+00 -1.733212e+00) (-2.183048e-01 6.695668e-03 -9.225543e-03))
504.9         	((-6.040697e+01 1.441385e+03 6.782768e+02) (8.886616e-02 5.482803e+00 1.010528e+00)) ((-2.587521e+02 7.167066e+00 -2.173797e+00) (-2.176943e-01 5.401383e-03 -9.352259e-03))
504.91        	((-6.195492e+01 1.441675e+03 6.784514e+02) (8.557417e-02 5.481457e+00 1.012666e+00)) ((-2.586676e+02 6.722984e+00 -2.575384e+00) (-2.187282e-01 3.395176e-03 -9.829695e-03))
504.92        	((-6.337828e+01 1.441999e+03 6.786487e+02) (8.241909e-02 5.483284e+00 1.016394e+00)) ((-2.586103e+02 6.249637e+00 -2.974087e+00) (-2.179095e-01 2.032939e-03 -9.952891e-03))
504.93        	((-6.472826e+01 1.442338e+03 6.788867e+02) (7.928516e-02 5.482195e+00 1.018493e+00)) ((-2.586083e+02 5.699961e+00 -3.431440e+00) (-2.188771e-01 2.905204e-05 -1.051053e-02))
504.94        	((-6.593182e+01 1.442617e+03 6.790519e+02) (7.652721e-02 5.484245e+00 1.021631e+00)) ((-2.586053e+02 5.144615e+00 -3.872049e+00) (-2.180059e-01 -1.290467e-03 -1.067610e-02))
504.95        	((-6.688347e+01 1.442798e+03 6.790760e+02) (7.367693e-02 5.483125e+00 1.023169e+00)) ((-2.585890e+02 4.637404e+00 -4.257610e+00) (-2.189178e-01 -3.317737e-03 -1.120816e-02))
504.96        	((-6.761662e+01 1.443010e+03 6.790728e+02) (7.131616e-02 5.485093e+00 1.025705e+00)) ((-2.586026e+02 4.115259e+00 -4.636254e+00) (-2.180378e-01 -4.599295e-03 -1.137867e-02))
504.97        	((-6.810368e+01 1.443192e+03 6.790246e+02) (6.922412e-02 5.483594e+00 1.026885e+00)) ((-2.586389e+02 3.622659e+00 -4.985204e+00) (-2.188134e-01 -6.438533e-03 -1.191603e-02))
504.98        	((-6.835254e+01 1.443368e+03 6.788970e+02) (6.800858e-02 5.485358e+00 1.028406e+00)) ((-2.587103e+02 3.136423e+00 -5.310666e+00) (-2.179727e-01 -7.496806e-03 -1.213408e-02))
504.99        	((-6.834102e+01 1.443578e+03 6.787424e+02) (6.666128e-02 5.484665e+00 1.027933e+00)) ((-2.588316e+02 2.626646e+00 -5.647108e+00) (-2.189064e-01 -9.236653e-03 -1.278014e-02))
505           	((-6.814858e+01 1.443621e+03 6.784653e+02) (6.590541e-02 5.486932e+00 1.027533e+00)) ((-2.589285e+02 2.197414e+00 -5.889242e+00) (-2.182836e-01 -1.027118e-02 -1.301047e-02))
