# Forces      
# CofR        : (0.000000e+00 0.000000e+00 0.000000e+00)
# Time        forces(pressure viscous)	moments(pressure viscous)
500           	((-1.627028e+00 4.358794e+03 -1.708943e+03) (5.477574e-05 3.938544e+00 -7.753814e-02)) ((5.025605e+02 4.283270e-01 3.657865e-01) (9.837486e-02 -4.019109e-06 -1.302923e-04))
500.01        	((2.546363e+00 3.154214e+03 -1.008888e+03) (-7.111587e-04 3.122197e+00 3.130931e-01)) ((3.875987e+02 -1.863595e-01 1.438735e-01) (-2.541644e-02 1.278185e-04 -9.757889e-05))
500.02        	((5.232054e+00 4.488744e+02 4.451330e+02) (-1.799421e-04 2.375993e+00 6.629815e-01)) ((1.041285e+02 -6.675467e-01 -2.088988e-01) (-1.239180e-01 2.452703e-05 -1.489571e-04))
500.03        	((3.984498e+00 -1.168539e+03 8.095829e+02) (1.659508e-03 2.295050e+00 7.521857e-01)) ((-8.676803e+01 -5.506728e-01 -6.289062e-01) (-1.257256e-01 -2.433808e-04 -3.547628e-04))
500.04        	((-3.352902e-01 -1.096322e+03 6.654364e+02) (5.502276e-03 3.081511e+00 5.277004e-01)) ((-1.752860e+02 -1.856224e-01 -2.271096e-01) (-5.571629e-02 -2.064981e-04 1.092733e-04))
500.05        	((-4.345590e+00 -1.953839e+02 2.873787e+02) (3.558447e-03 4.185393e+00 3.755388e-01)) ((-1.357948e+02 9.186994e-02 5.792691e-01) (1.939999e-02 -6.078119e-04 6.410001e-05))
500.06        	((-2.554387e-01 4.969514e+02 1.564051e+02) (3.652281e-03 4.656541e+00 4.721840e-01)) ((-5.751426e+01 -9.609605e-02 2.204358e-01) (3.496304e-04 -2.803751e-04 7.245256e-04))
500.07        	((4.575260e+00 6.825830e+02 3.038843e+02) (3.410888e-03 4.586042e+00 7.350189e-01)) ((-4.569260e+00 -1.064193e-01 -5.705641e-01) (-6.904033e-02 -1.043735e-03 8.809640e-04))
500.08        	((7.155533e+00 4.716657e+02 4.769361e+02) (7.234744e-03 4.387572e+00 1.014628e+00)) ((-2.470875e+01 -1.160551e-01 -7.644651e-01) (-1.289804e-01 -9.710366e-04 2.775862e-03))
500.09        	((4.220649e+00 1.740948e+02 5.005541e+02) (6.261049e-03 4.322694e+00 1.165384e+00)) ((-8.094322e+01 -1.577299e-01 -5.227240e-02) (-1.713345e-01 -5.335899e-04 1.413853e-03))
500.1         	((5.632782e-01 -1.555650e+01 3.929344e+02) (8.600665e-03 4.482676e+00 1.212093e+00)) ((-1.119355e+02 -2.263896e-01 5.559692e-01) (-1.951858e-01 -5.733679e-04 6.457826e-04))
500.11        	((-1.735560e+00 -4.681091e+01 2.879980e+02) (7.808302e-03 4.838306e+00 1.218014e+00)) ((-8.972454e+01 -3.170523e-01 3.038246e-01) (-2.075009e-01 -7.181021e-04 2.134913e-04))
500.12        	((-1.405160e+00 4.169823e+01 2.359331e+02) (8.875986e-03 5.160353e+00 1.270863e+00)) ((-4.149569e+01 -2.625955e-01 2.900268e-01) (-2.176015e-01 -9.169610e-04 -7.460969e-04))
500.13        	((1.864791e-01 1.546691e+02 2.669502e+02) (7.469955e-03 5.375135e+00 1.374368e+00)) ((-6.121332e+00 -1.451233e-01 5.417782e-02) (-2.247104e-01 -2.971604e-04 -3.207581e-04))
500.14        	((1.471560e+00 2.124144e+02 3.187156e+02) (6.227262e-03 5.508181e+00 1.488455e+00)) ((-3.609603e+00 1.125466e-02 -2.682283e-01) (-2.199921e-01 -1.734032e-04 1.806667e-04))
500.15        	((1.657536e+00 1.991602e+02 3.134498e+02) (6.290336e-03 5.597120e+00 1.567436e+00)) ((-1.701167e+01 1.243232e-01 -2.678092e-01) (-2.111714e-01 3.275024e-04 -4.632118e-04))
500.16        	((1.048125e+00 1.451380e+02 2.523371e+02) (6.470011e-03 5.649878e+00 1.602403e+00)) ((-2.254296e+01 8.380663e-02 -3.145088e-02) (-2.036099e-01 5.504101e-04 7.259349e-05))
500.17        	((6.264216e-01 1.014536e+02 1.751062e+02) (6.226181e-03 5.686708e+00 1.609385e+00)) ((-1.011700e+01 -2.892011e-02 2.121878e-01) (-1.966542e-01 7.704880e-04 5.645485e-04))
500.18        	((5.326702e-01 9.292829e+01 1.323178e+02) (5.589891e-03 5.725284e+00 1.614872e+00)) ((8.939089e+00 -1.050495e-01 2.256842e-01) (-1.868410e-01 8.221526e-04 6.900147e-04))
500.19        	((6.311690e-01 1.059817e+02 1.380958e+02) (4.960761e-03 5.755115e+00 1.639878e+00)) ((1.929505e+01 -6.417819e-02 1.004176e-01) (-1.715356e-01 7.775049e-04 7.375901e-04))
500.2         	((8.672422e-01 1.198582e+02 1.619801e+02) (4.945200e-03 5.768123e+00 1.683012e+00)) ((1.716617e+01 4.766641e-02 -1.599196e-02) (-1.536990e-01 6.960223e-04 1.014612e-03))
500.21        	((1.097761e+00 1.262396e+02 1.661947e+02) (5.258274e-03 5.758344e+00 1.729864e+00)) ((1.033920e+01 1.241290e-01 -3.541012e-02) (-1.380145e-01 6.924848e-04 1.318434e-03))
500.22        	((1.203066e+00 1.276732e+02 1.408017e+02) (5.656394e-03 5.722841e+00 1.765040e+00)) ((7.721133e+00 1.198882e-01 6.872135e-02) (-1.255611e-01 6.754027e-04 1.319055e-03))
500.23        	((8.845672e-01 1.389617e+02 6.386656e+01) (5.755229e-03 5.674594e+00 1.777800e+00)) ((1.947628e+01 3.269668e-02 1.574211e-01) (-1.151719e-01 5.662681e-04 1.789872e-03))
500.24        	((4.101836e-01 1.733399e+02 -8.754354e+01) (5.889717e-03 5.629202e+00 1.749611e+00)) ((5.243358e+01 -6.658228e-02 1.848798e-01) (-1.027354e-01 7.331200e-04 1.313806e-03))
500.25        	((9.459790e-01 1.697127e+02 -6.698781e+01) (5.335350e-03 5.606040e+00 1.697315e+00)) ((5.507974e+01 -1.023519e-01 1.466119e-01) (-8.916322e-02 4.171013e-04 1.816685e-03))
500.26        	((1.301016e+00 1.388225e+02 6.527497e+01) (5.881122e-03 5.582556e+00 1.678068e+00)) ((3.539061e+01 -7.215761e-02 7.591464e-02) (-7.452897e-02 4.619969e-04 1.226295e-03))
500.27        	((9.066140e-01 1.249095e+02 1.229202e+02) (5.827612e-03 5.543367e+00 1.706964e+00)) ((2.698999e+01 -1.689681e-02 -3.706950e-02) (-5.809563e-02 3.243718e-04 1.867774e-03))
500.28        	((4.466502e-01 1.333900e+02 8.661552e+01) (6.210052e-03 5.491273e+00 1.739861e+00)) ((3.191423e+01 6.360316e-03 -2.817663e-02) (-4.399398e-02 5.154146e-04 1.327298e-03))
500.29        	((3.692429e-01 1.446183e+02 3.901619e+01) (5.339065e-03 5.434601e+00 1.748496e+00)) ((3.641070e+01 -6.356907e-03 2.632778e-02) (-2.968052e-02 2.887817e-04 2.187734e-03))
500.3         	((4.325108e-01 1.448081e+02 3.232764e+01) (5.266663e-03 5.380557e+00 1.735203e+00)) ((3.387111e+01 -2.846416e-02 1.060048e-01) (-1.573120e-02 3.310036e-04 1.710645e-03))
500.31        	((4.894815e-01 1.371679e+02 5.302398e+01) (4.443515e-03 5.335576e+00 1.717867e+00)) ((2.830048e+01 -4.595036e-02 1.223151e-01) (-2.605798e-03 1.078700e-04 2.253371e-03))
500.32        	((4.050674e-01 1.285794e+02 7.121256e+01) (4.425734e-03 5.291230e+00 1.708722e+00)) ((2.423420e+01 -5.103039e-02 1.144720e-01) (9.462587e-03 2.266701e-04 1.588160e-03))
500.33        	((3.458888e-01 1.230823e+02 7.304022e+01) (3.960977e-03 5.244307e+00 1.706364e+00)) ((2.218211e+01 -4.742527e-02 7.781270e-02) (2.033121e-02 5.441587e-05 2.014812e-03))
500.34        	((3.024498e-01 1.193403e+02 6.801532e+01) (4.252677e-03 5.193414e+00 1.704985e+00)) ((1.927788e+01 -4.175142e-02 7.559430e-02) (2.957249e-02 1.218139e-04 1.512805e-03))
500.35        	((2.960849e-01 1.142820e+02 7.122203e+01) (3.834486e-03 5.138809e+00 1.702303e+00)) ((1.330290e+01 -3.698939e-02 7.842350e-02) (3.639875e-02 -1.770812e-04 2.027904e-03))
500.36        	((2.155966e-01 1.073733e+02 8.548348e+01) (4.021472e-03 5.081373e+00 1.701272e+00)) ((5.193508e+00 -3.482075e-02 9.930503e-02) (3.989931e-02 -1.910299e-04 1.664911e-03))
500.37        	((1.436809e-01 1.009519e+02 1.005985e+02) (3.575750e-03 5.022418e+00 1.704737e+00)) ((-2.040567e+00 -3.401488e-02 8.490350e-02) (4.011499e-02 -3.743925e-04 2.068741e-03))
500.38        	((8.168519e-02 9.710153e+01 1.064304e+02) (3.791033e-03 4.963034e+00 1.711313e+00)) ((-6.349151e+00 -3.173856e-02 7.046815e-02) (3.779714e-02 -4.315561e-04 1.658347e-03))
500.39        	((1.213189e-01 9.499255e+01 1.052767e+02) (3.555044e-03 4.903882e+00 1.718062e+00)) ((-8.617057e+00 -2.728002e-02 3.911438e-02) (3.350305e-02 -5.717958e-04 1.911289e-03))
500.4         	((1.476464e-01 9.258327e+01 1.051648e+02) (3.815085e-03 4.845112e+00 1.722904e+00)) ((-1.074563e+01 -2.291473e-02 3.449506e-02) (2.824182e-02 -6.277650e-04 1.581852e-03))
500.41        	((1.457607e-01 8.920046e+01 1.091978e+02) (3.483841e-03 4.786808e+00 1.727138e+00)) ((-1.334559e+01 -2.082587e-02 3.232111e-02) (2.241141e-02 -7.309511e-04 1.736815e-03))
500.42        	((9.703478e-02 8.588786e+01 1.137348e+02) (3.859001e-03 4.728758e+00 1.731716e+00)) ((-1.555039e+01 -2.074496e-02 5.385903e-02) (1.653414e-02 -8.582468e-04 1.604272e-03))
500.43        	((8.577266e-02 8.409292e+01 1.138752e+02) (3.376422e-03 4.672479e+00 1.736429e+00)) ((-1.628366e+01 -2.322344e-02 6.562661e-02) (1.121152e-02 -8.543199e-04 1.557088e-03))
500.44        	((1.656588e-02 8.412030e+01 1.085484e+02) (3.701034e-03 4.616870e+00 1.738229e+00)) ((-1.530445e+01 -1.917219e-02 7.034229e-02) (6.854044e-03 -9.936611e-04 1.428437e-03))
500.45        	((-2.579385e-02 8.526735e+01 1.002168e+02) (3.174638e-03 4.563190e+00 1.735423e+00)) ((-1.314088e+01 -1.447452e-02 6.372705e-02) (3.635622e-03 -9.638735e-04 1.252284e-03))
500.46        	((-5.523777e-02 8.681363e+01 9.091775e+01) (3.278975e-03 4.510831e+00 1.726817e+00)) ((-1.029736e+01 -5.637679e-03 6.714801e-02) (1.955071e-03 -1.117510e-03 1.120566e-03))
500.47        	((-8.240904e-02 8.796019e+01 8.322679e+01) (2.872309e-03 4.460618e+00 1.713663e+00)) ((-7.466026e+00 5.181671e-03 5.842678e-02) (1.539992e-03 -1.098006e-03 9.919309e-04))
500.48        	((-1.152520e-01 8.895994e+01 7.701207e+01) (2.895537e-03 4.411816e+00 1.694746e+00)) ((-4.509547e+00 1.842997e-02 6.199202e-02) (2.796952e-03 -1.281626e-03 9.726791e-04))
500.49        	((-9.870827e-02 9.003044e+01 7.087721e+01) (2.382999e-03 4.364124e+00 1.674206e+00)) ((-1.262386e+00 2.242002e-02 8.174796e-02) (5.525909e-03 -1.232843e-03 8.310219e-04))
500.5         	((4.159732e-02 9.126075e+01 6.345553e+01) (2.321125e-03 4.317018e+00 1.651483e+00)) ((2.156156e+00 2.486468e-02 1.254579e-01) (9.587623e-03 -1.375103e-03 8.122049e-04))
500.51        	((2.131909e-01 9.233491e+01 5.582154e+01) (2.012110e-03 4.270862e+00 1.626782e+00)) ((5.278021e+00 2.893399e-02 1.631150e-01) (1.432420e-02 -1.347907e-03 7.255953e-04))
500.52        	((2.444947e-01 9.285898e+01 4.974510e+01) (2.104630e-03 4.225676e+00 1.599715e+00)) ((7.723964e+00 4.355033e-02 1.846043e-01) (1.945349e-02 -1.482097e-03 7.787865e-04))
500.53        	((1.632038e-01 9.291755e+01 4.530113e+01) (1.895693e-03 4.181639e+00 1.571878e+00)) ((9.604706e+00 6.121678e-02 1.886155e-01) (2.452457e-02 -1.468339e-03 7.336226e-04))
500.54        	((1.078603e-01 9.287090e+01 4.135278e+01) (1.933963e-03 4.138482e+00 1.544044e+00)) ((1.124036e+01 7.714683e-02 1.987325e-01) (2.951032e-02 -1.618244e-03 8.332261e-04))
500.55        	((1.499912e-01 9.288243e+01 3.716517e+01) (1.603135e-03 4.096191e+00 1.516809e+00)) ((1.278706e+01 8.853702e-02 2.116340e-01) (3.431561e-02 -1.597498e-03 7.897302e-04))
500.56        	((2.389958e-01 9.286981e+01 3.278298e+01) (1.611851e-03 4.054674e+00 1.489795e+00)) ((1.420338e+01 1.011509e-01 2.279717e-01) (3.892645e-02 -1.713313e-03 8.606230e-04))
500.57        	((2.981965e-01 9.266108e+01 2.902653e+01) (1.375712e-03 4.014171e+00 1.463035e+00)) ((1.529812e+01 1.151981e-01 2.389453e-01) (4.320810e-02 -1.683065e-03 7.878411e-04))
500.58        	((3.145519e-01 9.222024e+01 2.621536e+01) (1.424051e-03 3.974686e+00 1.436557e+00)) ((1.604886e+01 1.320125e-01 2.486508e-01) (4.706554e-02 -1.754767e-03 8.191748e-04))
500.59        	((3.227972e-01 9.167652e+01 2.405757e+01) (1.293703e-03 3.936489e+00 1.410678e+00)) ((1.658721e+01 1.494840e-01 2.547111e-01) (5.052007e-02 -1.766101e-03 8.223503e-04))
500.6         	((3.576289e-01 9.116207e+01 2.209989e+01) (1.237716e-03 3.899196e+00 1.385554e+00)) ((1.706010e+01 1.657771e-01 2.608049e-01) (5.348661e-02 -1.797788e-03 8.338019e-04))
500.61        	((4.130229e-01 9.070658e+01 2.017862e+01) (1.221597e-03 3.861942e+00 1.360058e+00)) ((1.752408e+01 1.808515e-01 2.657422e-01) (5.621745e-02 -1.835473e-03 8.900947e-04))
500.62        	((4.605065e-01 9.022375e+01 1.836521e+01) (1.278962e-03 3.825668e+00 1.334911e+00)) ((1.797139e+01 1.966650e-01 2.653895e-01) (5.831605e-02 -1.875990e-03 9.984318e-04))
500.63        	((4.781208e-01 8.966874e+01 1.677865e+01) (1.161487e-03 3.791968e+00 1.309932e+00)) ((1.838612e+01 2.119856e-01 2.617929e-01) (6.028192e-02 -1.872445e-03 9.537151e-04))
500.64        	((4.768615e-01 8.908593e+01 1.523064e+01) (1.193250e-03 3.759116e+00 1.285087e+00)) ((1.880408e+01 2.236429e-01 2.611113e-01) (6.185968e-02 -1.896678e-03 1.000262e-03))
500.65        	((4.787057e-01 8.871229e+01 1.290632e+01) (1.182302e-03 3.728255e+00 1.260272e+00)) ((1.942401e+01 2.319952e-01 2.615962e-01) (6.320114e-02 -1.910229e-03 9.914273e-04))
500.66        	((5.236016e-01 8.929827e+01 6.714371e+00) (1.244106e-03 3.698383e+00 1.233875e+00)) ((2.095516e+01 2.369906e-01 2.654563e-01) (6.425953e-02 -1.944690e-03 1.025214e-03))
500.67        	((5.509769e-01 8.957549e+01 2.779511e+00) (1.341131e-03 3.670103e+00 1.207949e+00)) ((2.204915e+01 2.422859e-01 2.647713e-01) (6.495939e-02 -1.976603e-03 1.052113e-03))
500.68        	((4.910058e-01 8.893496e+01 3.835099e+00) (1.383100e-03 3.643265e+00 1.181108e+00)) ((2.223772e+01 2.476574e-01 2.548739e-01) (6.557427e-02 -1.999160e-03 1.059706e-03))
500.69        	((3.848385e-01 8.814277e+01 5.385682e+00) (1.378256e-03 3.617620e+00 1.154835e+00)) ((2.245503e+01 2.525401e-01 2.415512e-01) (6.608797e-02 -2.012802e-03 1.051153e-03))
500.7         	((2.819170e-01 8.782827e+01 4.134338e+00) (1.349646e-03 3.592948e+00 1.125914e+00)) ((2.344134e+01 2.601184e-01 2.244115e-01) (6.674564e-02 -2.038313e-03 1.039304e-03))
500.71        	((2.762145e-01 8.723385e+01 3.182986e+00) (1.329743e-03 3.569405e+00 1.100916e+00)) ((2.404542e+01 2.675616e-01 2.139861e-01) (6.722119e-02 -2.067470e-03 1.028601e-03))
500.72        	((3.165402e-01 8.639666e+01 3.189845e+00) (1.343100e-03 3.547160e+00 1.075730e+00)) ((2.418481e+01 2.696955e-01 2.189286e-01) (6.774806e-02 -2.102382e-03 1.028667e-03))
500.73        	((3.061775e-01 8.565812e+01 2.975841e+00) (1.430118e-03 3.525507e+00 1.047194e+00)) ((2.441139e+01 2.692492e-01 2.238252e-01) (6.852044e-02 -2.093133e-03 1.054691e-03))
500.74        	((2.316885e-01 8.493658e+01 2.478888e+00) (1.330974e-03 3.503760e+00 1.019870e+00)) ((2.466543e+01 2.705099e-01 2.219297e-01) (6.887695e-02 -2.246775e-03 9.886647e-04))
500.75        	((1.471706e-01 8.414801e+01 1.981532e+00) (1.198937e-03 3.482225e+00 9.929744e-01)) ((2.478919e+01 2.743896e-01 2.119647e-01) (6.909064e-02 -2.329290e-03 9.189539e-04))
500.76        	((9.126240e-02 8.327758e+01 1.781030e+00) (1.153977e-03 3.461170e+00 9.668873e-01)) ((2.467137e+01 2.805223e-01 1.972598e-01) (6.908109e-02 -2.355123e-03 8.203721e-04))
500.77        	((5.633708e-02 8.236610e+01 1.962892e+00) (1.192050e-03 3.440039e+00 9.411339e-01)) ((2.433194e+01 2.864210e-01 1.838146e-01) (6.881358e-02 -2.425813e-03 7.459947e-04))
500.78        	((4.956265e-02 8.130420e+01 3.282098e+00) (1.321980e-03 3.419350e+00 9.186410e-01)) ((2.360992e+01 2.970964e-01 1.674232e-01) (6.824410e-02 -2.456351e-03 7.490369e-04))
500.79        	((4.245008e-03 8.038306e+01 4.567330e+00) (1.432806e-03 3.398701e+00 8.964142e-01)) ((2.289090e+01 3.037092e-01 1.547195e-01) (6.740541e-02 -2.462513e-03 6.830677e-04))
500.8         	((-9.535815e-02 7.975424e+01 5.084037e+00) (1.462029e-03 3.378339e+00 8.742463e-01)) ((2.236406e+01 3.018434e-01 1.481534e-01) (6.653277e-02 -2.465380e-03 5.141220e-04))
500.81        	((-2.091209e-01 7.930504e+01 4.914861e+00) (1.556694e-03 3.358235e+00 8.525447e-01)) ((2.198091e+01 2.929594e-01 1.488625e-01) (6.551099e-02 -2.444951e-03 4.140535e-04))
500.82        	((-3.024973e-01 7.886311e+01 4.625054e+00) (1.565834e-03 3.338261e+00 8.316440e-01)) ((2.158331e+01 2.825890e-01 1.509774e-01) (6.429475e-02 -2.459242e-03 3.084822e-04))
500.83        	((-3.694686e-01 7.835010e+01 4.614620e+00) (1.559170e-03 3.318566e+00 8.115681e-01)) ((2.107331e+01 2.732281e-01 1.512060e-01) (6.285634e-02 -2.426510e-03 1.455541e-04))
500.84        	((-4.283242e-01 7.776551e+01 4.871231e+00) (1.556713e-03 3.298640e+00 7.921240e-01)) ((2.045540e+01 2.654603e-01 1.485356e-01) (6.135225e-02 -2.391054e-03 7.509478e-06))
500.85        	((-4.997965e-01 7.720159e+01 5.074380e+00) (1.624968e-03 3.279354e+00 7.737253e-01)) ((1.982280e+01 2.599041e-01 1.430365e-01) (5.963470e-02 -2.383759e-03 -6.700450e-05))
500.86        	((-5.861388e-01 7.673744e+01 5.000312e+00) (1.685903e-03 3.259827e+00 7.556135e-01)) ((1.923155e+01 2.526179e-01 1.330460e-01) (5.798938e-02 -2.366883e-03 -1.556044e-04))
500.87        	((-6.742789e-01 7.636236e+01 4.625052e+00) (1.735685e-03 3.240981e+00 7.379314e-01)) ((1.871911e+01 2.419172e-01 1.194376e-01) (5.633258e-02 -2.364790e-03 -1.919753e-04))
500.88        	((-7.472894e-01 7.599147e+01 4.112610e+00) (1.887423e-03 3.221825e+00 7.203175e-01)) ((1.825951e+01 2.275788e-01 1.042780e-01) (5.471419e-02 -2.379415e-03 -1.943145e-04))
500.89        	((-8.050840e-01 7.560885e+01 3.617874e+00) (2.104459e-03 3.203091e+00 7.030484e-01)) ((1.783572e+01 2.108860e-01 8.804624e-02) (5.300226e-02 -2.428010e-03 -1.268201e-04))
500.9         	((-8.529926e-01 7.521928e+01 3.206717e+00) (2.176645e-03 3.185366e+00 6.860605e-01)) ((1.742904e+01 1.907491e-01 6.915938e-02) (5.167213e-02 -2.437795e-03 -2.351464e-04))
500.91        	((-9.000517e-01 7.484031e+01 2.830029e+00) (2.218859e-03 3.167754e+00 6.693261e-01)) ((1.704908e+01 1.670811e-01 4.931867e-02) (5.011995e-02 -2.434149e-03 -2.344887e-04))
500.92        	((-9.498096e-01 7.448036e+01 2.430939e+00) (2.246969e-03 3.149943e+00 6.524620e-01)) ((1.670895e+01 1.400718e-01 2.545232e-02) (4.863495e-02 -2.429926e-03 -3.087107e-04))
500.93        	((-9.997721e-01 7.415915e+01 1.997208e+00) (2.152449e-03 3.132759e+00 6.360452e-01)) ((1.642932e+01 1.110382e-01 2.984200e-04) (4.705744e-02 -2.457589e-03 -4.213073e-04))
500.94        	((-1.038913e+00 7.385275e+01 1.561537e+00) (1.975455e-03 3.115888e+00 6.198678e-01)) ((1.621378e+01 8.018264e-02 -2.209905e-02) (4.564152e-02 -2.478244e-03 -6.769636e-04))
500.95        	((-1.069574e+00 7.354019e+01 1.167700e+00) (1.693301e-03 3.099865e+00 6.040877e-01)) ((1.606883e+01 4.699800e-02 -3.528045e-02) (4.429723e-02 -2.464404e-03 -8.930006e-04))
500.96        	((-1.091672e+00 7.322011e+01 8.146227e-01) (1.353250e-03 3.083899e+00 5.884459e-01)) ((1.599038e+01 1.431847e-02 -4.148038e-02) (4.308041e-02 -2.436725e-03 -1.203836e-03))
500.97        	((-1.104449e+00 7.293529e+01 4.666823e-01) (1.231876e-03 3.068277e+00 5.731620e-01)) ((1.598171e+01 -1.507587e-02 -4.391950e-02) (4.178755e-02 -2.452129e-03 -1.395765e-03))
500.98        	((-1.100074e+00 7.268224e+01 1.038933e-01) (1.104818e-03 3.052325e+00 5.578470e-01)) ((1.603313e+01 -3.903640e-02 -4.785462e-02) (4.056882e-02 -2.457933e-03 -1.650635e-03))
500.99        	((-1.084602e+00 7.246396e+01 -3.083219e-01) (1.118698e-03 3.036969e+00 5.429386e-01)) ((1.614749e+01 -5.664101e-02 -5.254768e-02) (3.934716e-02 -2.475918e-03 -1.745347e-03))
501           	((-1.055496e+00 7.226689e+01 -7.986189e-01) (1.130966e-03 3.021770e+00 5.283387e-01)) ((1.631484e+01 -6.887654e-02 -5.615358e-02) (3.828990e-02 -2.482600e-03 -1.823489e-03))
501.01        	((-1.022052e+00 7.211047e+01 -1.347665e+00) (1.247225e-03 3.007580e+00 5.144209e-01)) ((1.653147e+01 -7.619376e-02 -5.429200e-02) (3.737002e-02 -2.490400e-03 -1.772414e-03))
501.02        	((-9.770684e-01 7.197241e+01 -1.943660e+00) (1.230256e-03 2.993333e+00 5.007501e-01)) ((1.678682e+01 -7.822800e-02 -4.743290e-02) (3.663710e-02 -2.451397e-03 -1.851670e-03))
501.03        	((-9.297183e-01 7.185378e+01 -2.604644e+00) (1.334869e-03 2.979355e+00 4.873348e-01)) ((1.708043e+01 -7.635507e-02 -3.566479e-02) (3.593002e-02 -2.379690e-03 -1.870727e-03))
501.04        	((-8.773782e-01 7.173491e+01 -3.328453e+00) (1.360317e-03 2.965160e+00 4.739990e-01)) ((1.739966e+01 -7.098261e-02 -2.331530e-02) (3.538276e-02 -2.264530e-03 -1.980425e-03))
501.05        	((-8.158682e-01 7.165766e+01 -4.287175e+00) (1.527151e-03 2.951497e+00 4.610120e-01)) ((1.773974e+01 -6.299348e-02 -1.671454e-02) (3.494040e-02 -2.148111e-03 -1.972167e-03))
501.06        	((-7.526210e-01 7.157930e+01 -5.247848e+00) (1.659439e-03 2.937687e+00 4.480428e-01)) ((1.808431e+01 -5.423964e-02 -1.461200e-02) (3.461698e-02 -2.028902e-03 -2.024461e-03))
501.07        	((-6.993518e-01 7.148351e+01 -6.089877e+00) (1.883054e-03 2.924160e+00 4.351958e-01)) ((1.842632e+01 -4.874762e-02 -1.273312e-02) (3.435126e-02 -1.903336e-03 -1.994823e-03))
501.08        	((-6.530535e-01 7.137329e+01 -6.849437e+00) (2.015777e-03 2.910422e+00 4.223626e-01)) ((1.875209e+01 -4.694875e-02 -1.036829e-02) (3.420277e-02 -1.754188e-03 -2.048756e-03))
501.09        	((-6.122913e-01 7.129303e+01 -7.616923e+00) (2.200935e-03 2.896898e+00 4.096959e-01)) ((1.905079e+01 -4.954634e-02 -7.814879e-03) (3.406828e-02 -1.612669e-03 -2.017639e-03))
501.1         	((-5.699915e-01 7.126575e+01 -8.466320e+00) (2.299245e-03 2.883245e+00 3.971836e-01)) ((1.931766e+01 -5.434360e-02 -8.170550e-03) (3.397887e-02 -1.479048e-03 -2.028935e-03))
501.11        	((-5.279000e-01 7.129379e+01 -9.432067e+00) (2.444306e-03 2.869824e+00 3.848533e-01)) ((1.956710e+01 -6.144314e-02 -1.036881e-02) (3.390320e-02 -1.354350e-03 -1.981344e-03))
501.12        	((-4.864690e-01 7.133091e+01 -1.048422e+01) (2.563705e-03 2.856448e+00 3.726587e-01)) ((1.980469e+01 -6.935532e-02 -1.469832e-02) (3.386990e-02 -1.245961e-03 -1.954403e-03))
501.13        	((-4.498632e-01 7.136073e+01 -1.149892e+01) (2.714969e-03 2.843380e+00 3.606619e-01)) ((2.002317e+01 -7.869260e-02 -1.891800e-02) (3.385225e-02 -1.145155e-03 -1.891966e-03))
501.14        	((-4.163677e-01 7.138879e+01 -1.242166e+01) (2.769234e-03 2.830456e+00 3.488069e-01)) ((2.021125e+01 -8.917348e-02 -2.187147e-02) (3.389742e-02 -1.038137e-03 -1.875721e-03))
501.15        	((-3.858744e-01 7.144003e+01 -1.334854e+01) (2.806731e-03 2.817794e+00 3.372244e-01)) ((2.038304e+01 -1.009194e-01 -2.291841e-02) (3.395360e-02 -9.311453e-04 -1.836495e-03))
501.16        	((-3.552078e-01 7.150832e+01 -1.433433e+01) (2.788751e-03 2.805281e+00 3.258772e-01)) ((2.054612e+01 -1.128779e-01 -2.270337e-02) (3.401771e-02 -8.304012e-04 -1.810067e-03))
501.17        	((-3.247979e-01 7.156245e+01 -1.529603e+01) (2.752894e-03 2.792979e+00 3.147615e-01)) ((2.068943e+01 -1.247065e-01 -2.093703e-02) (3.408307e-02 -7.320575e-04 -1.778809e-03))
501.18        	((-2.965939e-01 7.158960e+01 -1.611660e+01) (2.700387e-03 2.780909e+00 3.039023e-01)) ((2.079867e+01 -1.357403e-01 -1.801899e-02) (3.415060e-02 -6.500024e-04 -1.726850e-03))
501.19        	((-2.751289e-01 7.157405e+01 -1.676240e+01) (2.607308e-03 2.769054e+00 2.933588e-01)) ((2.088419e+01 -1.471892e-01 -1.348401e-02) (3.421910e-02 -5.755158e-04 -1.663693e-03))
501.2         	((-2.522406e-01 7.156519e+01 -1.745380e+01) (2.480648e-03 2.757400e+00 2.830497e-01)) ((2.097033e+01 -1.573236e-01 -8.222675e-03) (3.431593e-02 -4.912863e-04 -1.612486e-03))
501.21        	((-2.271194e-01 7.160147e+01 -1.831010e+01) (2.346292e-03 2.745992e+00 2.729311e-01)) ((2.106562e+01 -1.636089e-01 -4.300103e-03) (3.441127e-02 -4.160896e-04 -1.557710e-03))
501.22        	((-2.050342e-01 7.162771e+01 -1.910528e+01) (2.188826e-03 2.734790e+00 2.630036e-01)) ((2.115497e+01 -1.680879e-01 -1.002264e-03) (3.449633e-02 -3.439265e-04 -1.506287e-03))
501.23        	((-1.842860e-01 7.157552e+01 -1.962574e+01) (1.999036e-03 2.723828e+00 2.534016e-01)) ((2.123307e+01 -1.736463e-01 3.181417e-03) (3.457973e-02 -2.729107e-04 -1.449309e-03))
501.24        	((-1.617097e-01 7.145982e+01 -1.994866e+01) (1.830065e-03 2.713101e+00 2.440937e-01)) ((2.129583e+01 -1.796322e-01 8.282191e-03) (3.466839e-02 -2.119016e-04 -1.380059e-03))
501.25        	((-1.417333e-01 7.130759e+01 -2.014590e+01) (1.714364e-03 2.702613e+00 2.351588e-01)) ((2.131992e+01 -1.839637e-01 1.344912e-02) (3.474973e-02 -1.681447e-04 -1.305935e-03))
501.26        	((-1.276992e-01 7.110219e+01 -2.019371e+01) (1.626909e-03 2.692663e+00 2.267325e-01)) ((2.131125e+01 -1.865182e-01 1.814327e-02) (3.475685e-02 -1.259030e-04 -1.260891e-03))
501.27        	((-1.073948e-01 7.073040e+01 -1.956459e+01) (1.550548e-03 2.682567e+00 2.188897e-01)) ((2.119671e+01 -1.878381e-01 2.226054e-02) (3.471111e-02 -8.596642e-05 -1.239729e-03))
501.28        	((-8.224162e-02 7.004790e+01 -1.780820e+01) (1.447674e-03 2.672739e+00 2.119122e-01)) ((2.084716e+01 -1.885177e-01 2.741834e-02) (3.466447e-02 -3.844494e-05 -1.196062e-03))
501.29        	((-7.738784e-02 6.962987e+01 -1.742411e+01) (1.357727e-03 2.662960e+00 2.058528e-01)) ((2.071734e+01 -1.881974e-01 2.952722e-02) (3.458170e-02 -1.778955e-07 -1.130885e-03))
501.3         	((-6.596228e-02 6.971265e+01 -1.909136e+01) (1.267630e-03 2.652754e+00 1.998401e-01)) ((2.094242e+01 -1.874469e-01 3.093345e-02) (3.451780e-02 3.084509e-05 -1.041214e-03))
501.31        	((-4.124584e-02 6.994177e+01 -2.095568e+01) (1.179935e-03 2.642774e+00 1.931408e-01)) ((2.122580e+01 -1.859820e-01 3.204237e-02) (3.442907e-02 5.700957e-05 -9.507313e-04))
501.32        	((-1.223635e-02 7.000452e+01 -2.172280e+01) (1.126251e-03 2.633076e+00 1.860780e-01)) ((2.137899e+01 -1.838694e-01 3.241382e-02) (3.432529e-02 8.829150e-05 -8.720697e-04))
501.33        	((1.037878e-02 6.990549e+01 -2.166944e+01) (1.103011e-03 2.623604e+00 1.792788e-01)) ((2.146166e+01 -1.813546e-01 3.202958e-02) (3.418946e-02 1.146233e-04 -7.914345e-04))
501.34        	((2.440766e-02 6.981539e+01 -2.172433e+01) (1.081278e-03 2.614286e+00 1.730083e-01)) ((2.160852e+01 -1.787766e-01 3.099092e-02) (3.401454e-02 1.295519e-04 -7.025644e-04))
501.35        	((3.521988e-02 6.982480e+01 -2.234894e+01) (1.054297e-03 2.605036e+00 1.670796e-01)) ((2.185527e+01 -1.761776e-01 2.935782e-02) (3.383142e-02 1.504975e-04 -6.172532e-04))
501.36        	((5.101873e-02 6.987518e+01 -2.322156e+01) (1.022516e-03 2.595835e+00 1.611142e-01)) ((2.212733e+01 -1.732339e-01 2.619241e-02) (3.365894e-02 1.869708e-04 -5.284085e-04))
501.37        	((6.698030e-02 6.992305e+01 -2.416743e+01) (9.988426e-04 2.586629e+00 1.548743e-01)) ((2.238932e+01 -1.712940e-01 2.378667e-02) (3.350705e-02 2.271347e-04 -4.167989e-04))
501.38        	((8.290763e-02 6.994731e+01 -2.491927e+01) (9.789749e-04 2.577668e+00 1.484103e-01)) ((2.263300e+01 -1.699014e-01 2.068811e-02) (3.345639e-02 2.489086e-04 -3.244087e-04))
501.39        	((9.612525e-02 6.999964e+01 -2.567506e+01) (9.822990e-04 2.569068e+00 1.418779e-01)) ((2.291671e+01 -1.694113e-01 1.736987e-02) (3.349209e-02 2.709583e-04 -2.666192e-04))
501.4         	((1.061211e-01 7.010838e+01 -2.661790e+01) (9.825008e-04 2.560693e+00 1.352400e-01)) ((2.326448e+01 -1.693446e-01 1.393845e-02) (3.360849e-02 3.033146e-04 -2.335140e-04))
501.41        	((1.143991e-01 7.023397e+01 -2.772205e+01) (9.634845e-04 2.552526e+00 1.284289e-01)) ((2.364245e+01 -1.692126e-01 1.039602e-02) (3.383298e-02 3.406271e-04 -2.180216e-04))
501.42        	((1.227462e-01 7.032707e+01 -2.884901e+01) (9.574616e-04 2.544586e+00 1.214041e-01)) ((2.400253e+01 -1.693486e-01 7.357967e-03) (3.416484e-02 3.734142e-04 -1.931406e-04))
501.43        	((1.318568e-01 7.038080e+01 -2.991341e+01) (9.613197e-04 2.536883e+00 1.142069e-01)) ((2.432545e+01 -1.700609e-01 5.308684e-03) (3.458620e-02 3.958152e-04 -1.537449e-04))
501.44        	((1.418302e-01 7.043463e+01 -3.093367e+01) (9.563994e-04 2.529415e+00 1.068479e-01)) ((2.462381e+01 -1.712726e-01 4.560468e-03) (3.508690e-02 4.136616e-04 -1.089617e-04))
501.45        	((1.519779e-01 7.052497e+01 -3.197527e+01) (9.339353e-04 2.522221e+00 9.934920e-02)) ((2.491769e+01 -1.725982e-01 4.653567e-03) (3.565520e-02 4.352108e-04 -7.521510e-05))
501.46        	((1.612127e-01 7.064781e+01 -3.304496e+01) (8.893374e-04 2.515370e+00 9.171045e-02)) ((2.521011e+01 -1.738445e-01 4.865083e-03) (3.628258e-02 4.632598e-04 -5.415289e-05))
501.47        	((1.696359e-01 7.076925e+01 -3.408848e+01) (8.303986e-04 2.508837e+00 8.398632e-02)) ((2.548869e+01 -1.752016e-01 4.945183e-03) (3.694579e-02 4.879115e-04 -4.242277e-05))
501.48        	((1.782946e-01 7.086280e+01 -3.504767e+01) (7.615927e-04 2.502616e+00 7.619010e-02)) ((2.573952e+01 -1.765830e-01 5.437629e-03) (3.763901e-02 4.980357e-04 -4.008608e-05))
501.49        	((1.879073e-01 7.093134e+01 -3.591293e+01) (6.996833e-04 2.496671e+00 6.838253e-02)) ((2.596032e+01 -1.778450e-01 7.129915e-03) (3.834795e-02 4.942545e-04 -3.741011e-05))
501.5         	((1.980871e-01 7.099461e+01 -3.671175e+01) (6.436000e-04 2.490947e+00 6.062250e-02)) ((2.615944e+01 -1.788965e-01 1.048986e-02) (3.903833e-02 4.921800e-04 -3.829233e-05))
501.51        	((2.067851e-01 7.106969e+01 -3.746819e+01) (6.032342e-04 2.485409e+00 5.295728e-02)) ((2.634520e+01 -1.800623e-01 1.597602e-02) (3.972877e-02 4.912403e-04 -4.866980e-05))
501.52        	((2.119059e-01 7.115621e+01 -3.818484e+01) (5.729945e-04 2.480003e+00 4.544994e-02)) ((2.652098e+01 -1.815717e-01 2.479602e-02) (4.049707e-02 4.751491e-04 -1.074214e-04))
501.53        	((2.211329e-01 7.124478e+01 -3.883798e+01) (5.237262e-04 2.475084e+00 3.783915e-02)) ((2.668992e+01 -1.814285e-01 3.203598e-02) (4.095587e-02 4.992846e-04 -9.703716e-05))
501.54        	((2.287136e-01 7.132322e+01 -3.942668e+01) (5.131891e-04 2.470189e+00 3.055334e-02)) ((2.685083e+01 -1.810377e-01 4.150528e-02) (4.157150e-02 4.871013e-04 -1.495840e-04))
501.55        	((2.399029e-01 7.139558e+01 -3.996063e+01) (4.771314e-04 2.465627e+00 2.324785e-02)) ((2.700987e+01 -1.792861e-01 4.840026e-02) (4.192201e-02 5.069404e-04 -1.143947e-04))
501.56        	((2.466585e-01 7.146659e+01 -4.046438e+01) (5.224369e-04 2.461123e+00 1.624731e-02)) ((2.716952e+01 -1.776080e-01 5.725484e-02) (4.244078e-02 4.972187e-04 -1.361474e-04))
501.57        	((2.578508e-01 7.154442e+01 -4.094340e+01) (5.303858e-04 2.457048e+00 9.226771e-03)) ((2.733730e+01 -1.737053e-01 6.180426e-02) (4.269570e-02 5.003706e-04 -4.551247e-05))
501.58        	((2.584619e-01 7.162214e+01 -4.141454e+01) (6.619490e-04 2.452803e+00 2.646060e-03)) ((2.750915e+01 -1.704809e-01 7.081149e-02) (4.329571e-02 4.704777e-04 -1.296520e-04))
501.59        	((2.683121e-01 7.170612e+01 -4.186436e+01) (6.558061e-04 2.449244e+00 -4.214612e-03)) ((2.769163e+01 -1.643776e-01 7.254196e-02) (4.335692e-02 4.818598e-04 3.907454e-05))
501.6         	((2.648080e-01 7.178417e+01 -4.231843e+01) (8.861099e-04 2.445024e+00 -1.035901e-02)) ((2.787665e+01 -1.601673e-01 8.154294e-02) (4.417179e-02 4.242857e-04 -1.562841e-04))
501.61        	((2.732227e-01 7.187090e+01 -4.276724e+01) (8.297723e-04 2.441960e+00 -1.716402e-02)) ((2.807325e+01 -1.527294e-01 8.153472e-02) (4.395894e-02 4.494881e-04 1.207986e-04))
501.62        	((2.765533e-01 7.195519e+01 -4.323414e+01) (9.516895e-04 2.438430e+00 -2.342166e-02)) ((2.827623e+01 -1.450799e-01 8.191110e-02) (4.429767e-02 4.339256e-04 1.391518e-04))
501.63        	((2.913808e-01 7.204781e+01 -4.371608e+01) (9.404610e-04 2.435328e+00 -2.967201e-02)) ((2.848854e+01 -1.343743e-01 7.239186e-02) (4.445708e-02 4.560076e-04 3.025262e-04))
501.64        	((2.869774e-01 7.213926e+01 -4.422799e+01) (1.244028e-03 2.431476e+00 -3.528296e-02)) ((2.870109e+01 -1.272043e-01 7.448500e-02) (4.542035e-02 4.156195e-04 -6.263076e-06))
501.65        	((2.893731e-01 7.223975e+01 -4.474524e+01) (1.056486e-03 2.429253e+00 -4.178459e-02)) ((2.892208e+01 -1.187606e-01 7.114912e-02) (4.502321e-02 4.302037e-04 3.343292e-04))
501.66        	((2.902588e-01 7.233498e+01 -4.528053e+01) (1.104419e-03 2.426584e+00 -4.766608e-02)) ((2.914570e+01 -1.096378e-01 6.609332e-02) (4.531848e-02 4.400855e-04 3.648632e-04))
501.67        	((2.926669e-01 7.243621e+01 -4.582799e+01) (1.064626e-03 2.424299e+00 -5.363624e-02)) ((2.937503e+01 -1.011107e-01 5.754452e-02) (4.535861e-02 4.322784e-04 4.474202e-04))
501.68        	((2.919518e-01 7.253975e+01 -4.640063e+01) (1.049358e-03 2.421519e+00 -5.920141e-02)) ((2.960012e+01 -9.306778e-02 5.034885e-02) (4.596996e-02 4.239822e-04 4.054379e-04))
501.69        	((2.873444e-01 7.265499e+01 -4.697812e+01) (1.208113e-03 2.419772e+00 -6.519330e-02)) ((2.983139e+01 -8.847772e-02 4.567665e-02) (4.570441e-02 4.839650e-04 4.759324e-04))
501.7         	((2.856594e-01 7.276421e+01 -4.758637e+01) (9.288108e-04 2.415799e+00 -6.940075e-02)) ((3.004869e+01 -8.068683e-02 3.900700e-02) (4.805394e-02 4.582803e-04 6.587654e-04))
501.71        	((2.893558e-01 7.288582e+01 -4.819235e+01) (1.025809e-03 2.415844e+00 -7.630703e-02)) ((3.026725e+01 -7.295249e-02 2.990067e-02) (4.657304e-02 4.425555e-04 4.906953e-04))
501.72        	((2.802305e-01 7.299882e+01 -4.879525e+01) (1.097766e-03 2.414660e+00 -8.217731e-02)) ((3.049329e+01 -6.914777e-02 2.929103e-02) (4.641444e-02 4.408057e-04 4.059665e-04))
501.73        	((2.864939e-01 7.311367e+01 -4.940447e+01) (7.694289e-04 2.412206e+00 -8.704876e-02)) ((3.071329e+01 -6.222304e-02 1.797631e-02) (4.761477e-02 4.881504e-04 9.632334e-04))
501.74        	((2.892580e-01 7.324714e+01 -5.000788e+01) (9.504314e-04 2.412215e+00 -9.313840e-02)) ((3.093115e+01 -5.440513e-02 7.625547e-03) (4.694399e-02 4.124150e-04 4.776219e-04))
501.75        	((2.802992e-01 7.338263e+01 -5.060405e+01) (9.514604e-04 2.411617e+00 -9.868560e-02)) ((3.114973e+01 -4.841284e-02 6.317724e-03) (4.695969e-02 3.956451e-04 3.271214e-04))
501.76        	((2.768590e-01 7.351489e+01 -5.120246e+01) (8.575279e-04 2.410767e+00 -1.038774e-01)) ((3.136310e+01 -4.114231e-02 1.717576e-03) (4.735695e-02 3.989977e-04 4.061092e-04))
501.77        	((2.629393e-01 7.365373e+01 -5.178336e+01) (8.922567e-04 2.410554e+00 -1.093861e-01)) ((3.157823e+01 -3.642031e-02 5.341498e-03) (4.728975e-02 3.480128e-04 2.919022e-04))
501.78        	((2.652694e-01 7.378744e+01 -5.236419e+01) (7.995855e-04 2.410074e+00 -1.144150e-01)) ((3.178599e+01 -2.859676e-02 9.576829e-04) (4.776451e-02 3.480047e-04 3.760281e-04))
501.79        	((2.580914e-01 7.393347e+01 -5.292060e+01) (7.960862e-04 2.410377e+00 -1.198951e-01)) ((3.199719e+01 -2.264663e-02 2.816906e-03) (4.761762e-02 2.654213e-04 2.568312e-04))
501.8         	((2.615879e-01 7.407688e+01 -5.347450e+01) (7.114799e-04 2.410218e+00 -1.246928e-01)) ((3.220226e+01 -1.493316e-02 -2.247527e-03) (4.821319e-02 2.724668e-04 3.778646e-04))
501.81        	((2.540228e-01 7.423175e+01 -5.400207e+01) (7.389151e-04 2.411173e+00 -1.301185e-01)) ((3.241252e+01 -9.906877e-03 -1.157956e-03) (4.788143e-02 1.912485e-04 2.548064e-04))
501.82        	((2.523913e-01 7.438195e+01 -5.453139e+01) (6.349774e-04 2.410941e+00 -1.344228e-01)) ((3.261556e+01 -4.211013e-03 -4.013192e-03) (4.891814e-02 2.105542e-04 4.832457e-04))
501.83        	((2.506028e-01 7.454859e+01 -5.503116e+01) (6.754021e-04 2.412804e+00 -1.399791e-01)) ((3.282583e+01 5.573495e-04 -7.167282e-03) (4.815602e-02 1.324403e-04 3.140559e-04))
501.84        	((2.365916e-01 7.470920e+01 -5.553300e+01) (7.953234e-04 2.413356e+00 -1.441876e-01)) ((3.303194e+01 1.268710e-03 -1.443835e-03) (4.899514e-02 2.656201e-05 5.687295e-05))
501.85        	((2.252277e-01 7.488485e+01 -5.600687e+01) (6.947751e-04 2.415492e+00 -1.495121e-01)) ((3.324564e+01 1.751463e-03 2.969059e-03) (4.833463e-02 6.271705e-05 2.323202e-04))
501.86        	((2.270099e-01 7.505394e+01 -5.648539e+01) (3.854378e-04 2.415542e+00 -1.530955e-01)) ((3.345058e+01 5.561681e-03 -3.533394e-03) (4.987721e-02 1.486075e-04 8.190680e-04))
501.87        	((2.359581e-01 7.523877e+01 -5.693969e+01) (6.291485e-04 2.418659e+00 -1.585658e-01)) ((3.365913e+01 1.111576e-02 -1.666094e-02) (4.868253e-02 5.794541e-05 4.321053e-04))
501.88        	((2.147442e-01 7.542115e+01 -5.738553e+01) (8.794065e-04 2.420338e+00 -1.627185e-01)) ((3.386885e+01 8.916932e-03 -7.835308e-03) (4.913178e-02 -4.087741e-05 2.332280e-05))
501.89        	((2.174774e-01 7.561390e+01 -5.782374e+01) (5.272705e-04 2.422515e+00 -1.668690e-01)) ((3.407898e+01 1.147126e-02 -1.299726e-02) (4.945261e-02 9.115247e-05 6.184909e-04))
501.9         	((2.003868e-01 7.581384e+01 -5.825541e+01) (7.525237e-04 2.425577e+00 -1.714247e-01)) ((3.428965e+01 1.095725e-02 -7.572843e-03) (4.914985e-02 -1.240673e-05 1.633787e-04))
501.91        	((2.004567e-01 7.601594e+01 -5.867649e+01) (6.857149e-04 2.428737e+00 -1.758453e-01)) ((3.450335e+01 1.335781e-02 -1.196907e-02) (4.893745e-02 3.175263e-05 3.237761e-04))
501.92        	((1.785381e-01 7.621976e+01 -5.909393e+01) (8.005441e-04 2.431607e+00 -1.797332e-01)) ((3.471478e+01 1.070559e-02 -2.346010e-03) (4.925827e-02 -4.781855e-05 1.113039e-04))
501.93        	((1.836873e-01 7.643000e+01 -5.950767e+01) (6.683916e-04 2.434821e+00 -1.836877e-01)) ((3.492329e+01 1.322368e-02 -1.029771e-02) (4.939552e-02 5.444145e-05 4.116801e-04))
501.94        	((1.631755e-01 7.664591e+01 -5.991806e+01) (8.170390e-04 2.438256e+00 -1.876245e-01)) ((3.513013e+01 1.036810e-02 -2.599522e-03) (4.946010e-02 -6.235287e-05 1.271775e-04))
501.95        	((1.668527e-01 7.686596e+01 -6.032558e+01) (7.322446e-04 2.441951e+00 -1.915167e-01)) ((3.533570e+01 1.218699e-02 -9.749308e-03) (4.946513e-02 2.917580e-05 3.554496e-04))
501.96        	((1.463181e-01 7.709145e+01 -6.072901e+01) (8.453233e-04 2.445708e+00 -1.952301e-01)) ((3.553951e+01 9.016388e-03 -1.460871e-03) (4.959348e-02 -7.874440e-05 1.147404e-04))
501.97        	((1.488570e-01 7.732379e+01 -6.112641e+01) (7.546587e-04 2.449783e+00 -1.989634e-01)) ((3.574174e+01 1.048668e-02 -7.549438e-03) (4.958829e-02 1.227313e-05 3.286046e-04))
501.98        	((1.288792e-01 7.756155e+01 -6.151803e+01) (8.578913e-04 2.453879e+00 -2.025253e-01)) ((3.594130e+01 7.318322e-03 4.459686e-04) (4.971636e-02 -9.036418e-05 1.102428e-04))
501.99        	((1.321128e-01 7.780444e+01 -6.190102e+01) (7.604624e-04 2.458250e+00 -2.060820e-01)) ((3.613833e+01 8.783469e-03 -6.339747e-03) (4.975242e-02 3.009762e-06 3.238771e-04))
502           	((1.132262e-01 7.804946e+01 -6.227644e+01) (8.584130e-04 2.462739e+00 -2.095497e-01)) ((3.633233e+01 5.623818e-03 7.390522e-04) (4.982382e-02 -9.965893e-05 1.081732e-04))
502.01        	((1.171261e-01 7.829720e+01 -6.264259e+01) (7.549585e-04 2.467403e+00 -2.129611e-01)) ((3.652324e+01 6.988998e-03 -6.435091e-03) (4.988637e-02 -6.242504e-06 3.138131e-04))
502.02        	((9.888669e-02 7.854798e+01 -6.300030e+01) (8.513828e-04 2.472249e+00 -2.163325e-01)) ((3.671123e+01 3.764351e-03 5.718216e-04) (4.992168e-02 -1.103116e-04 9.501369e-05))
502.03        	((1.030857e-01 7.880322e+01 -6.334793e+01) (7.526665e-04 2.477227e+00 -2.196248e-01)) ((3.689631e+01 5.107991e-03 -6.340017e-03) (4.997902e-02 -1.745363e-05 2.925592e-04))
502.04        	((8.520448e-02 7.906354e+01 -6.368432e+01) (8.559149e-04 2.482377e+00 -2.228786e-01)) ((3.707838e+01 1.937765e-03 9.326059e-04) (5.000859e-02 -1.233204e-04 7.030230e-05))
502.05        	((8.973074e-02 7.932856e+01 -6.400883e+01) (7.595553e-04 2.487667e+00 -2.260735e-01)) ((3.725779e+01 3.364847e-03 -5.816204e-03) (5.002995e-02 -2.987676e-05 2.661444e-04))
502.06        	((7.220530e-02 7.959768e+01 -6.432152e+01) (8.595619e-04 2.493094e+00 -2.292006e-01)) ((3.743460e+01 3.321276e-04 1.369223e-03) (5.005796e-02 -1.349941e-04 4.826607e-05))
502.07        	((7.690944e-02 7.987098e+01 -6.462161e+01) (7.588279e-04 2.498749e+00 -2.322795e-01)) ((3.760883e+01 1.977065e-03 -5.647417e-03) (5.006131e-02 -4.015006e-05 2.437401e-04))
502.08        	((6.023584e-02 8.014775e+01 -6.490931e+01) (8.154777e-04 2.504464e+00 -2.352913e-01)) ((3.778015e+01 -9.224164e-04 1.534073e-03) (5.008203e-02 -1.367019e-04 3.356209e-06))
502.09        	((6.602417e-02 8.042936e+01 -6.518530e+01) (7.366653e-04 2.510388e+00 -2.382402e-01)) ((3.794933e+01 8.023004e-04 -5.288758e-03) (5.006181e-02 -4.636341e-05 2.164358e-04))
502.1         	((4.995356e-02 8.071546e+01 -6.545041e+01) (8.017414e-04 2.516386e+00 -2.411286e-01)) ((3.811648e+01 -1.954653e-03 1.920598e-03) (5.005329e-02 -1.438850e-04 -1.380833e-05))
502.11        	((5.645400e-02 8.100708e+01 -6.570440e+01) (7.138426e-04 2.522632e+00 -2.439462e-01)) ((3.828191e+01 -1.937356e-04 -4.747363e-03) (5.003041e-02 -5.008006e-05 1.879725e-04))
502.12        	((4.041808e-02 8.130358e+01 -6.594774e+01) (8.322443e-04 2.528935e+00 -2.467066e-01)) ((3.844576e+01 -2.785051e-03 2.267261e-03) (5.000893e-02 -1.592510e-04 -1.916430e-06))
502.13        	((4.625924e-02 8.160491e+01 -6.617919e+01) (7.227305e-04 2.535380e+00 -2.493932e-01)) ((3.860781e+01 -7.142230e-04 -5.012095e-03) (4.996172e-02 -5.956618e-05 1.811113e-04))
502.14        	((3.076885e-02 8.191122e+01 -6.640041e+01) (7.996210e-04 2.541995e+00 -2.519990e-01)) ((3.876854e+01 -3.401401e-03 2.275622e-03) (4.992365e-02 -1.603274e-04 -3.658449e-05))
502.15        	((3.740056e-02 8.222194e+01 -6.661108e+01) (7.329934e-04 2.548699e+00 -2.545474e-01)) ((3.892819e+01 -1.484961e-03 -4.529404e-03) (4.986293e-02 -6.993193e-05 1.789283e-04))
502.16        	((2.122156e-02 8.253690e+01 -6.681171e+01) (8.219053e-04 2.555543e+00 -2.570023e-01)) ((3.908663e+01 -3.975633e-03 2.375717e-03) (4.980305e-02 -1.733177e-04 -2.981043e-05))
502.17        	((2.815082e-02 8.285667e+01 -6.700302e+01) (6.929472e-04 2.562561e+00 -2.593897e-01)) ((3.924453e+01 -2.127507e-03 -4.331497e-03) (4.973465e-02 -6.800194e-05 1.410935e-04))
502.18        	((1.269895e-02 8.318018e+01 -6.718390e+01) (8.164979e-04 2.569619e+00 -2.617011e-01)) ((3.940090e+01 -4.847654e-03 3.115312e-03) (4.965945e-02 -1.804120e-04 -3.774711e-05))
502.19        	((1.905129e-02 8.350848e+01 -6.735579e+01) (7.039664e-04 2.576895e+00 -2.639272e-01)) ((3.955655e+01 -2.824536e-03 -4.059489e-03) (4.957433e-02 -7.828830e-05 1.457678e-04))
502.2         	((3.494441e-03 8.384105e+01 -6.751929e+01) (7.638229e-04 2.584233e+00 -2.660876e-01)) ((3.971154e+01 -5.574102e-03 3.288133e-03) (4.949648e-02 -1.767281e-04 -7.900703e-05))
502.21        	((1.041623e-02 8.417789e+01 -6.767486e+01) (6.896020e-04 2.591717e+00 -2.681569e-01)) ((3.986624e+01 -3.707316e-03 -3.614124e-03) (4.939837e-02 -8.180020e-05 1.315953e-04))
502.22        	((-5.693625e-03 8.451838e+01 -6.782230e+01) (7.936887e-04 2.599330e+00 -2.701465e-01)) ((4.002033e+01 -6.364297e-03 3.527356e-03) (4.931055e-02 -1.893357e-04 -6.378068e-05))
502.23        	((1.400346e-03 8.486214e+01 -6.796106e+01) (6.652138e-04 2.607087e+00 -2.720609e-01)) ((4.017372e+01 -4.562032e-03 -3.209916e-03) (4.920875e-02 -8.055609e-05 1.078924e-04))
502.24        	((-1.432744e-02 8.520871e+01 -6.809134e+01) (7.868023e-04 2.614874e+00 -2.739059e-01)) ((4.032611e+01 -7.420013e-03 4.556828e-03) (4.910423e-02 -1.926098e-04 -7.410539e-05))
502.25        	((-7.845698e-03 8.555957e+01 -6.821398e+01) (6.730448e-04 2.622922e+00 -2.756568e-01)) ((4.047775e+01 -5.453556e-03 -2.368785e-03) (4.899519e-02 -8.615390e-05 1.100277e-04))
502.26        	((-2.403466e-02 8.591335e+01 -6.832877e+01) (7.397132e-04 2.630925e+00 -2.773595e-01)) ((4.062870e+01 -8.224107e-03 5.331902e-03) (4.888314e-02 -1.857393e-04 -1.147920e-04))
502.27        	((-1.663950e-02 8.627095e+01 -6.843569e+01) (6.532567e-04 2.639173e+00 -2.789659e-01)) ((4.077899e+01 -6.367290e-03 -1.216895e-03) (4.876207e-02 -8.427973e-05 9.024879e-05))
502.28        	((-3.279802e-02 8.663127e+01 -6.853424e+01) (7.811459e-04 2.647393e+00 -2.805213e-01)) ((4.092850e+01 -9.097980e-03 6.519574e-03) (4.864014e-02 -1.983249e-04 -9.453708e-05))
502.29        	((-2.537297e-02 8.697303e+01 -6.861978e+01) (6.531039e-04 2.655803e+00 -2.821205e-01)) ((4.108655e+01 -7.067195e-03 -3.365890e-04) (4.851117e-02 -8.643227e-05 7.989336e-05))
502.3         	((-4.092432e-02 8.734442e+01 -6.870652e+01) (7.288945e-04 2.664194e+00 -2.835053e-01)) ((4.123739e+01 -9.879117e-03 7.557829e-03) (4.837309e-02 -1.895263e-04 -1.417068e-04))
502.31        	((-3.235442e-02 8.770264e+01 -6.877267e+01) (6.395500e-04 2.672789e+00 -2.849050e-01)) ((4.138564e+01 -7.972608e-03 1.093448e-03) (4.823707e-02 -8.635273e-05 6.714881e-05))
502.32        	((-4.832585e-02 8.808579e+01 -6.883849e+01) (7.642575e-04 2.681320e+00 -2.861373e-01)) ((4.152647e+01 -1.068112e-02 9.053077e-03) (4.808455e-02 -2.021495e-04 -1.240168e-04))
502.33        	((-4.040557e-02 8.844994e+01 -6.888099e+01) (6.321080e-04 2.690112e+00 -2.873692e-01)) ((4.166749e+01 -8.469941e-03 2.201921e-03) (4.792664e-02 -8.877678e-05 5.669512e-05))
502.34        	((-5.589009e-02 8.881356e+01 -6.891447e+01) (7.192007e-04 2.698802e+00 -2.885140e-01)) ((4.181162e+01 -1.117430e-02 1.040955e-02) (4.776800e-02 -1.966412e-04 -1.616551e-04))
502.35        	((-4.702727e-02 8.920942e+01 -6.896472e+01) (6.118322e-04 2.707742e+00 -2.894785e-01)) ((4.195181e+01 -8.982236e-03 3.863163e-03) (4.760465e-02 -8.809367e-05 4.253754e-05))
502.36        	((-6.240117e-02 8.958191e+01 -6.898765e+01) (7.507419e-04 2.716580e+00 -2.904265e-01)) ((4.208903e+01 -1.163922e-02 1.219859e-02) (4.744368e-02 -2.095696e-04 -1.479401e-04))
502.37        	((-5.318726e-02 8.994801e+01 -6.899230e+01) (6.057085e-04 2.725664e+00 -2.912673e-01)) ((4.222471e+01 -9.203079e-03 5.187212e-03) (4.725699e-02 -9.117356e-05 3.577004e-05))
502.38        	((-6.816042e-02 9.032103e+01 -6.898976e+01) (6.993678e-04 2.734698e+00 -2.920033e-01)) ((4.236033e+01 -1.176066e-02 1.315431e-02) (4.708346e-02 -2.018726e-04 -1.856826e-04))
502.39        	((-5.770866e-02 9.070124e+01 -6.898310e+01) (5.783404e-04 2.743863e+00 -2.926460e-01)) ((4.249303e+01 -9.408143e-03 6.493939e-03) (4.690006e-02 -8.830534e-05 2.112516e-05))
502.4         	((-7.306720e-02 9.108573e+01 -6.897000e+01) (7.381908e-04 2.753034e+00 -2.931765e-01)) ((4.262384e+01 -1.196907e-02 1.484389e-02) (4.673179e-02 -2.160119e-04 -1.703288e-04))
502.41        	((-6.306146e-02 9.146952e+01 -6.894777e+01) (5.663640e-04 2.762308e+00 -2.936533e-01)) ((4.275118e+01 -9.305418e-03 7.844548e-03) (4.651259e-02 -8.970263e-05 9.588224e-06))
502.42        	((-7.788399e-02 9.185360e+01 -6.891564e+01) (6.781440e-04 2.771632e+00 -2.939888e-01)) ((4.287754e+01 -1.170113e-02 1.572846e-02) (4.633074e-02 -2.062783e-04 -2.099924e-04))
502.43        	((-6.593908e-02 9.223636e+01 -6.887350e+01) (5.228098e-04 2.780940e+00 -2.942702e-01)) ((4.300074e+01 -9.115571e-03 8.938954e-03) (4.612967e-02 -8.365834e-05 -3.381592e-06))
502.44        	((-8.100427e-02 9.262077e+01 -6.882199e+01) (7.135303e-04 2.790385e+00 -2.944087e-01)) ((4.312363e+01 -1.158470e-02 1.707689e-02) (4.595982e-02 -2.220018e-04 -1.960399e-04))
502.45        	((-6.967406e-02 9.300243e+01 -6.876003e+01) (4.971533e-04 2.799769e+00 -2.945670e-01)) ((4.324280e+01 -8.741827e-03 9.827029e-03) (4.570336e-02 -8.378098e-05 -1.632884e-05))
502.46        	((-8.438105e-02 9.338553e+01 -6.869064e+01) (6.384222e-04 2.809348e+00 -2.945438e-01)) ((4.336193e+01 -1.108452e-02 1.750346e-02) (4.551950e-02 -2.107934e-04 -2.322359e-04))
502.47        	((-7.116699e-02 9.376715e+01 -6.861291e+01) (4.402680e-04 2.818690e+00 -2.945067e-01)) ((4.347664e+01 -8.375527e-03 1.065392e-02) (4.529403e-02 -7.626308e-05 -2.480106e-05))
502.48        	((-8.643833e-02 9.415269e+01 -6.852802e+01) (6.661094e-04 2.828350e+00 -2.942780e-01)) ((4.359161e+01 -1.086006e-02 1.899389e-02) (4.513188e-02 -2.260340e-04 -2.181233e-04))
502.49        	((-7.436863e-02 9.453510e+01 -6.843254e+01) (4.188392e-04 2.837768e+00 -2.941178e-01)) ((4.370225e+01 -7.866919e-03 1.177790e-02) (4.483310e-02 -7.755365e-05 -3.813992e-05))
502.5         	((-8.917318e-02 9.491848e+01 -6.832818e+01) (5.874681e-04 2.847525e+00 -2.937321e-01)) ((4.381322e+01 -1.007089e-02 1.956929e-02) (4.466293e-02 -2.109846e-04 -2.489335e-04))
502.51        	((-7.519198e-02 9.529625e+01 -6.821302e+01) (3.828435e-04 2.856885e+00 -2.933590e-01)) ((4.391929e+01 -7.019912e-03 1.248171e-02) (4.442512e-02 -7.019631e-05 -3.178383e-05))
502.52        	((-9.182695e-02 9.571112e+01 -6.815264e+01) (6.388899e-04 2.866668e+00 -2.929430e-01)) ((4.404021e+01 -9.183127e-03 2.061352e-02) (4.428896e-02 -2.288187e-04 -2.338985e-04))
502.53        	((-7.866102e-02 9.607940e+01 -6.802120e+01) (4.058028e-04 2.876104e+00 -2.924537e-01)) ((4.414208e+01 -5.943151e-03 1.337394e-02) (4.396193e-02 -7.877189e-05 -3.942125e-05))
502.54        	((-9.344061e-02 9.646826e+01 -6.791143e+01) (5.889607e-04 2.885944e+00 -2.918623e-01)) ((4.425326e+01 -8.038233e-03 2.143001e-02) (4.381584e-02 -2.163855e-04 -2.533263e-04))
502.55        	((-7.807717e-02 9.685270e+01 -6.779855e+01) (3.875530e-04 2.895264e+00 -2.912555e-01)) ((4.436134e+01 -4.802687e-03 1.440033e-02) (4.359350e-02 -7.341131e-05 -2.220688e-05))
502.56        	((-9.446305e-02 9.722954e+01 -6.766557e+01) (6.517746e-04 2.905076e+00 -2.904629e-01)) ((4.446711e+01 -7.039475e-03 2.326339e-02) (4.346635e-02 -2.359989e-04 -2.388300e-04))
502.57        	((-8.103207e-02 9.759050e+01 -6.750351e+01) (4.123748e-04 2.914431e+00 -2.897539e-01)) ((4.456393e+01 -3.643096e-03 1.615792e-02) (4.314248e-02 -8.172015e-05 -4.041458e-05))
502.58        	((-9.682919e-02 9.794811e+01 -6.732333e+01) (5.984875e-04 2.924187e+00 -2.888027e-01)) ((4.465930e+01 -5.732064e-03 2.460457e-02) (4.300377e-02 -2.227017e-04 -2.609417e-04))
502.59        	((-8.149189e-02 9.829974e+01 -6.713242e+01) (3.998064e-04 2.933436e+00 -2.878480e-01)) ((4.474956e+01 -2.274039e-03 1.729989e-02) (4.277288e-02 -7.720069e-05 -2.241504e-05))
502.6         	((-9.848987e-02 9.865578e+01 -6.694003e+01) (6.648283e-04 2.943181e+00 -2.867153e-01)) ((4.484228e+01 -4.478858e-03 2.639900e-02) (4.264564e-02 -2.398470e-04 -2.482421e-04))
502.61        	((-8.481482e-02 9.900638e+01 -6.674179e+01) (4.279552e-04 2.952469e+00 -2.856484e-01)) ((4.493132e+01 -8.847419e-04 1.902442e-02) (4.233914e-02 -8.386507e-05 -3.817761e-05))
502.62        	((-1.013120e-01 9.935718e+01 -6.653884e+01) (6.151508e-04 2.962186e+00 -2.843445e-01)) ((4.502178e+01 -3.031629e-03 2.803465e-02) (4.221609e-02 -2.252707e-04 -2.757122e-04))
502.63        	((-8.563824e-02 9.969892e+01 -6.632509e+01) (4.067669e-04 2.971290e+00 -2.830558e-01)) ((4.510640e+01 5.363712e-04 2.079925e-02) (4.198471e-02 -7.525847e-05 -2.870547e-05))
502.64        	((-1.036923e-01 1.000400e+02 -6.610235e+01) (6.633540e-04 2.980970e+00 -2.815622e-01)) ((4.519163e+01 -1.689802e-03 3.006615e-02) (4.186989e-02 -2.368537e-04 -2.628197e-04))
502.65        	((-8.991614e-02 1.003708e+02 -6.586704e+01) (4.067954e-04 2.990022e+00 -2.801502e-01)) ((4.527162e+01 1.822716e-03 2.245244e-02) (4.157092e-02 -7.452716e-05 -5.486709e-05))
502.66        	((-1.078275e-01 1.007008e+02 -6.562669e+01) (6.095425e-04 2.999594e+00 -2.784737e-01)) ((4.535306e+01 -8.047380e-04 3.172486e-02) (4.146525e-02 -2.212338e-04 -2.963000e-04))
502.67        	((-9.336537e-02 1.010220e+02 -6.537932e+01) (4.154256e-04 3.008549e+00 -2.768431e-01)) ((4.543010e+01 2.601570e-03 2.344142e-02) (4.123801e-02 -7.197879e-05 -2.968360e-05))
502.68        	((-1.119499e-01 1.013425e+02 -6.512805e+01) (6.158122e-04 3.017976e+00 -2.750123e-01)) ((4.550825e+01 -1.860083e-04 3.276202e-02) (4.113421e-02 -2.207259e-04 -3.058066e-04))
502.69        	((-9.649463e-02 1.016537e+02 -6.486795e+01) (4.083357e-04 3.026904e+00 -2.732280e-01)) ((4.558132e+01 2.937042e-03 2.533080e-02) (4.087904e-02 -6.750748e-05 -5.034055e-05))
502.7         	((-1.145570e-01 1.019642e+02 -6.460509e+01) (6.582736e-04 3.036233e+00 -2.712189e-01)) ((4.565577e+01 1.152252e-04 3.519563e-02) (4.080199e-02 -2.268849e-04 -2.792320e-04))
502.71        	((-9.939740e-02 1.022649e+02 -6.433520e+01) (4.168228e-04 3.044929e+00 -2.692657e-01)) ((4.572510e+01 3.701781e-03 2.673466e-02) (4.057874e-02 -6.486874e-05 -3.498389e-05))
502.72        	((-1.173658e-01 1.025643e+02 -6.406239e+01) (6.133476e-04 3.054213e+00 -2.670857e-01)) ((4.579607e+01 7.205878e-04 3.676019e-02) (4.050965e-02 -2.145106e-04 -3.203519e-04))
502.73        	((-1.007682e-01 1.028531e+02 -6.378115e+01) (4.239522e-04 3.062763e+00 -2.649989e-01)) ((4.586163e+01 3.860250e-03 2.896009e-02) (4.028642e-02 -6.374224e-05 -3.518980e-05))
502.74        	((-1.195771e-01 1.031405e+02 -6.349586e+01) (6.491331e-04 3.071874e+00 -2.626582e-01)) ((4.592781e+01 6.982448e-04 3.872351e-02) (4.023693e-02 -2.191971e-04 -2.998987e-04))
502.75        	((-1.028662e-01 1.034187e+02 -6.320514e+01) (3.831081e-04 3.080358e+00 -2.604111e-01)) ((4.598941e+01 3.596211e-03 3.032661e-02) (4.005659e-02 -4.945432e-05 -5.702763e-05))
502.76        	((-1.214573e-01 1.036947e+02 -6.291168e+01) (6.581659e-04 3.089252e+00 -2.579498e-01)) ((4.605136e+01 3.414369e-06 4.038065e-02) (4.001453e-02 -2.174148e-04 -2.974676e-04))
502.77        	((-1.047159e-01 1.039595e+02 -6.261060e+01) (4.119022e-04 3.097517e+00 -2.555612e-01)) ((4.610755e+01 3.038174e-03 3.145451e-02) (3.982946e-02 -5.160089e-05 -3.841878e-05))
502.78        	((-1.236067e-01 1.042215e+02 -6.230534e+01) (6.386022e-04 3.106273e+00 -2.529590e-01)) ((4.616387e+01 -4.607189e-04 4.143867e-02) (3.981637e-02 -2.097262e-04 -3.206958e-04))
502.79        	((-1.064387e-01 1.044713e+02 -6.199049e+01) (4.385449e-04 3.114308e+00 -2.504719e-01)) ((4.621369e+01 2.764293e-03 3.215183e-02) (3.965880e-02 -5.402920e-05 -1.229242e-05))
502.8         	((-1.259009e-01 1.047195e+02 -6.167291e+01) (6.711995e-04 3.122865e+00 -2.477481e-01)) ((4.626372e+01 -7.022854e-04 4.176348e-02) (3.965876e-02 -2.149459e-04 -3.011646e-04))
502.81        	((-1.071571e-01 1.049581e+02 -6.134907e+01) (3.949575e-04 3.130776e+00 -2.451311e-01)) ((4.630809e+01 2.079499e-03 3.251239e-02) (3.952350e-02 -4.143230e-05 -3.997202e-05))
502.82        	((-1.250301e-01 1.051939e+02 -6.102078e+01) (6.753856e-04 3.139067e+00 -2.423038e-01)) ((4.635096e+01 -2.167461e-03 4.308780e-02) (3.954415e-02 -2.143371e-04 -3.097202e-04))
502.83        	((-1.061674e-01 1.054183e+02 -6.068373e+01) (4.208439e-04 3.146741e+00 -2.395910e-01)) ((4.638721e+01 3.300324e-04 3.369659e-02) (3.939227e-02 -4.531837e-05 -3.541238e-05))
502.84        	((-1.255550e-01 1.056398e+02 -6.034382e+01) (7.002768e-04 3.154795e+00 -2.366393e-01)) ((4.642266e+01 -3.971277e-03 4.374683e-02) (3.945181e-02 -2.177902e-04 -3.172451e-04))
502.85        	((-1.074633e-01 1.058511e+02 -5.999525e+01) (4.523512e-04 3.162271e+00 -2.338467e-01)) ((4.645236e+01 -1.434165e-03 3.366417e-02) (3.930061e-02 -4.978843e-05 -3.549347e-05))
502.86        	((-1.269116e-01 1.060597e+02 -5.964031e+01) (7.234891e-04 3.170081e+00 -2.308059e-01)) ((4.647970e+01 -6.076709e-03 4.347501e-02) (3.937907e-02 -2.172763e-04 -3.185622e-04))
502.87        	((-1.081111e-01 1.062571e+02 -5.927301e+01) (4.837910e-04 3.177331e+00 -2.279204e-01)) ((4.649851e+01 -4.122216e-03 3.333857e-02) (3.923703e-02 -4.930583e-05 -3.152548e-05))
502.88        	((-1.267511e-01 1.064505e+02 -5.889874e+01) (7.597217e-04 3.184872e+00 -2.247961e-01)) ((4.651404e+01 -8.970408e-03 4.296577e-02) (3.932413e-02 -2.175057e-04 -3.046978e-04))
502.89        	((-1.073246e-01 1.066332e+02 -5.851552e+01) (5.183015e-04 3.191881e+00 -2.218176e-01)) ((4.652218e+01 -6.904995e-03 3.267589e-02) (3.919852e-02 -5.274843e-05 -2.940618e-05))
502.9         	((-1.259038e-01 1.068113e+02 -5.812787e+01) (8.087164e-04 3.199182e+00 -2.186087e-01)) ((4.652777e+01 -1.159134e-02 4.234978e-02) (3.929867e-02 -2.241828e-04 -2.902464e-04))
502.91        	((-1.065268e-01 1.069786e+02 -5.773083e+01) (5.710116e-04 3.205920e+00 -2.155423e-01)) ((4.652644e+01 -9.338925e-03 3.214429e-02) (3.918632e-02 -6.257335e-05 -2.187165e-05))
502.92        	((-1.243967e-01 1.071421e+02 -5.732968e+01) (8.398839e-04 3.212938e+00 -2.122548e-01)) ((4.652303e+01 -1.395493e-02 4.208477e-02) (3.929385e-02 -2.292278e-04 -2.889236e-04))
502.93        	((-1.043912e-01 1.072951e+02 -5.691902e+01) (6.074133e-04 3.219378e+00 -2.091239e-01)) ((4.651213e+01 -1.157170e-02 3.184050e-02) (3.919624e-02 -7.111635e-05 -1.169936e-05))
502.94        	((-1.215739e-01 1.074446e+02 -5.650539e+01) (8.411929e-04 3.226079e+00 -2.057747e-01)) ((4.649888e+01 -1.610738e-02 4.147763e-02) (3.930426e-02 -2.287625e-04 -2.925878e-04))
502.95        	((-1.010031e-01 1.075817e+02 -5.608057e+01) (6.207529e-04 3.232176e+00 -2.026025e-01)) ((4.647736e+01 -1.374687e-02 3.100036e-02) (3.921153e-02 -7.471070e-05 -1.243889e-05))
502.96        	((-1.173697e-01 1.077140e+02 -5.564984e+01) (8.475538e-04 3.238535e+00 -1.992151e-01)) ((4.645266e+01 -1.832418e-02 4.066457e-02) (3.931576e-02 -2.291576e-04 -2.961846e-04))
502.97        	((-9.600944e-02 1.078376e+02 -5.521229e+01) (6.201589e-04 3.244303e+00 -1.959932e-01)) ((4.641991e+01 -1.595992e-02 3.049963e-02) (3.922507e-02 -7.580446e-05 -2.078173e-05))
502.98        	((-1.116677e-01 1.079581e+02 -5.477293e+01) (8.303295e-04 3.250335e+00 -1.925573e-01)) ((4.638459e+01 -2.038482e-02 4.042749e-02) (3.932652e-02 -2.267683e-04 -3.045730e-04))
502.99        	((-8.986005e-02 1.080673e+02 -5.432581e+01) (5.945552e-04 3.255781e+00 -1.892931e-01)) ((4.634190e+01 -1.775984e-02 3.057314e-02) (3.923867e-02 -7.306225e-05 -3.432726e-05))
503           	((-1.049496e-01 1.081733e+02 -5.387766e+01) (7.984345e-04 3.261495e+00 -1.858228e-01)) ((4.629735e+01 -2.184380e-02 4.059918e-02) (3.934037e-02 -2.198387e-04 -3.166667e-04))
503.01        	((-8.267323e-02 1.082699e+02 -5.342437e+01) (5.628071e-04 3.266626e+00 -1.825336e-01)) ((4.624593e+01 -1.888450e-02 3.058151e-02) (3.925775e-02 -6.580943e-05 -4.942444e-05))
503.02        	((-9.712456e-02 1.083625e+02 -5.296856e+01) (7.708108e-04 3.272024e+00 -1.790449e-01)) ((4.619198e+01 -2.264962e-02 4.032635e-02) (3.936137e-02 -2.094637e-04 -3.255509e-04))
503.03        	((-7.426351e-02 1.084450e+02 -5.250773e+01) (5.434433e-04 3.276841e+00 -1.757381e-01)) ((4.613117e+01 -1.945322e-02 3.018402e-02) (3.928460e-02 -5.630791e-05 -5.439818e-05))
503.04        	((-8.799505e-02 1.085242e+02 -5.204769e+01) (7.561364e-04 3.281929e+00 -1.722376e-01)) ((4.606886e+01 -2.309637e-02 4.003150e-02) (3.939360e-02 -1.987630e-04 -3.228216e-04))
503.05        	((-6.461619e-02 1.085924e+02 -5.158406e+01) (5.319746e-04 3.286429e+00 -1.689192e-01)) ((4.599990e+01 -1.985382e-02 3.035978e-02) (3.932317e-02 -4.723533e-05 -5.041405e-05))
503.06        	((-7.819085e-02 1.086573e+02 -5.112288e+01) (7.418583e-04 3.291206e+00 -1.654070e-01)) ((4.593010e+01 -2.340789e-02 4.067054e-02) (3.943823e-02 -1.875381e-04 -3.168785e-04))
503.07        	((-5.526177e-02 1.087119e+02 -5.066077e+01) (5.118117e-04 3.295399e+00 -1.620777e-01)) ((4.585502e+01 -2.011975e-02 3.142836e-02) (3.937725e-02 -3.658781e-05 -5.137854e-05))
503.08        	((-6.919698e-02 1.087637e+02 -5.020208e+01) (7.109676e-04 3.299868e+00 -1.585519e-01)) ((4.577980e+01 -2.364288e-02 4.178090e-02) (3.950035e-02 -1.741617e-04 -3.204967e-04))
503.09        	((-4.590046e-02 1.088045e+02 -4.973953e+01) (4.642553e-04 3.303792e+00 -1.552227e-01)) ((4.569876e+01 -2.035669e-02 3.231931e-02) (3.944559e-02 -2.264207e-05 -5.768794e-05))
503.1         	((-5.892555e-02 1.088412e+02 -4.927941e+01) (6.580657e-04 3.308013e+00 -1.516997e-01)) ((4.561722e+01 -2.384029e-02 4.232551e-02) (3.957193e-02 -1.577910e-04 -3.225785e-04))
503.11        	((-3.527546e-02 1.088660e+02 -4.881702e+01) (4.163085e-04 3.311640e+00 -1.483626e-01)) ((4.552983e+01 -2.051422e-02 3.280244e-02) (3.952035e-02 -7.335283e-06 -6.352959e-05))
503.12        	((-4.840751e-02 1.088871e+02 -4.835922e+01) (6.103522e-04 3.315576e+00 -1.448319e-01)) ((4.544231e+01 -2.386919e-02 4.283522e-02) (3.964836e-02 -1.410471e-04 -3.259058e-04))
503.13        	((-2.501435e-02 1.088973e+02 -4.790127e+01) (3.646883e-04 3.318909e+00 -1.414914e-01)) ((4.534941e+01 -2.040779e-02 3.364376e-02) (3.959820e-02 8.684063e-06 -6.806662e-05))
503.14        	((-3.783848e-02 1.089040e+02 -4.744645e+01) (5.587144e-04 3.322558e+00 -1.379565e-01)) ((4.525644e+01 -2.359253e-02 4.398611e-02) (3.972932e-02 -1.239663e-04 -3.258168e-04))
503.15        	((-1.397724e-02 1.089000e+02 -4.699018e+01) (3.117833e-04 3.325590e+00 -1.346187e-01)) ((4.515807e+01 -1.998921e-02 3.512383e-02) (3.968319e-02 2.395897e-05 -7.139684e-05))
503.16        	((-2.624736e-02 1.088931e+02 -4.653976e+01) (5.034745e-04 3.328959e+00 -1.310808e-01)) ((4.506056e+01 -2.291641e-02 4.553043e-02) (3.981963e-02 -1.078049e-04 -3.269883e-04))
503.17        	((-2.331654e-03 1.088751e+02 -4.608971e+01) (2.525549e-04 3.331710e+00 -1.277351e-01)) ((4.495802e+01 -1.905404e-02 3.678669e-02) (3.977957e-02 3.977129e-05 -7.453893e-05))
503.18        	((-1.460052e-02 1.088545e+02 -4.564455e+01) (4.461710e-04 3.334817e+00 -1.241836e-01)) ((4.485576e+01 -2.182919e-02 4.710629e-02) (3.992344e-02 -9.069857e-05 -3.264454e-04))
503.19        	((8.973394e-03 1.088229e+02 -4.519857e+01) (2.008784e-04 3.337274e+00 -1.208328e-01)) ((4.474791e+01 -1.802886e-02 3.837081e-02) (3.988557e-02 5.495245e-05 -7.858358e-05))
503.2         	((-3.781981e-03 1.087892e+02 -4.475741e+01) (4.080751e-04 3.340076e+00 -1.172867e-01)) ((4.464045e+01 -2.089024e-02 4.836603e-02) (4.003055e-02 -7.579922e-05 -3.272222e-04))
503.21        	((1.920175e-02 1.087447e+02 -4.431620e+01) (1.706575e-04 3.342185e+00 -1.139557e-01)) ((4.452775e+01 -1.728027e-02 3.980152e-02) (3.998930e-02 6.821020e-05 -8.224312e-05))
503.22        	((6.086442e-03 1.086996e+02 -4.388089e+01) (3.904981e-04 3.344684e+00 -1.104364e-01)) ((4.441596e+01 -2.030432e-02 5.044937e-02) (4.013046e-02 -6.147309e-05 -3.285733e-04))
503.23        	((2.785497e-02 1.086434e+02 -4.344592e+01) (1.560656e-04 3.346499e+00 -1.071361e-01)) ((4.429915e+01 -1.677782e-02 4.282640e-02) (4.008287e-02 8.193142e-05 -8.728877e-05))
503.24        	((1.345532e-02 1.085848e+02 -4.301757e+01) (3.723047e-04 3.348719e+00 -1.036299e-01)) ((4.418345e+01 -1.962219e-02 5.341635e-02) (4.022485e-02 -4.680277e-05 -3.255019e-04))
503.25        	((3.418979e-02 1.085149e+02 -4.259052e+01) (1.333785e-04 3.350243e+00 -1.003400e-01)) ((4.406268e+01 -1.588576e-02 4.519399e-02) (4.017662e-02 9.422104e-05 -8.428961e-05))
503.26        	((2.002280e-02 1.084440e+02 -4.217082e+01) (3.490643e-04 3.352211e+00 -9.683623e-02)) ((4.394322e+01 -1.844839e-02 5.484692e-02) (4.032098e-02 -3.639911e-05 -3.155418e-04))
503.27        	((4.170634e-02 1.083625e+02 -4.175345e+01) (1.051886e-04 3.353480e+00 -9.355133e-02)) ((4.381873e+01 -1.446850e-02 4.624944e-02) (4.027213e-02 9.888101e-05 -7.362886e-05))
503.28        	((2.918546e-02 1.082794e+02 -4.134460e+01) (3.207224e-04 3.355234e+00 -9.003957e-02)) ((4.369583e+01 -1.663440e-02 5.543297e-02) (4.042358e-02 -3.730372e-05 -2.885346e-04))
503.29        	((5.165863e-02 1.081854e+02 -4.093916e+01) (6.846541e-05 3.356266e+00 -8.674717e-02)) ((4.356825e+01 -1.239177e-02 4.682754e-02) (4.038108e-02 9.349062e-05 -4.376486e-05))
503.3         	((3.975247e-02 1.080909e+02 -4.054305e+01) (2.856469e-04 3.357750e+00 -8.324150e-02)) ((4.344283e+01 -1.431710e-02 5.570539e-02) (4.053482e-02 -4.319283e-05 -2.515450e-04))
503.31        	((6.244890e-02 1.079870e+02 -4.015091e+01) (5.373244e-05 3.358468e+00 -7.996450e-02)) ((4.331295e+01 -1.003826e-02 4.697314e-02) (4.048937e-02 8.334678e-05 -1.364364e-05))
503.32        	((5.166888e-02 1.078826e+02 -3.976831e+01) (2.822513e-04 3.359653e+00 -7.647101e-02)) ((4.318535e+01 -1.184314e-02 5.542040e-02) (4.064440e-02 -5.258621e-05 -2.189270e-04))
503.33        	((7.516843e-02 1.077685e+02 -3.939041e+01) (5.315627e-05 3.360024e+00 -7.323026e-02)) ((4.305306e+01 -7.528966e-03 4.662825e-02) (4.059384e-02 7.420794e-05 6.723581e-06))
503.34        	((6.530845e-02 1.076543e+02 -3.902162e+01) (2.871763e-04 3.360877e+00 -6.978011e-02)) ((4.292301e+01 -9.254517e-03 5.483823e-02) (4.075380e-02 -5.864821e-05 -1.973566e-04))
503.35        	((8.928050e-02 1.075303e+02 -3.865645e+01) (5.799909e-05 3.360915e+00 -6.661024e-02)) ((4.278819e+01 -4.969509e-03 4.616322e-02) (4.070006e-02 6.987854e-05 2.091689e-05))
503.36        	((7.897501e-02 1.074474e+02 -3.842258e+01) (2.932558e-04 3.361671e+00 -6.326650e-02)) ((4.269122e+01 -6.571753e-03 5.398911e-02) (4.090261e-02 -5.864395e-05 -1.787919e-04))
503.37        	((1.024991e-01 1.073506e+02 -3.817304e+01) (5.161694e-05 3.361547e+00 -6.022890e-02)) ((4.258598e+01 -2.567215e-03 4.546404e-02) (4.087387e-02 7.478339e-05 3.526527e-05))
503.38        	((9.257221e-02 1.072249e+02 -3.784602e+01) (2.984502e-04 3.361995e+00 -5.695271e-02)) ((4.246222e+01 -4.865809e-03 5.302933e-02) (4.108526e-02 -5.317257e-05 -1.566384e-04))
503.39        	((1.169181e-01 1.070638e+02 -3.745946e+01) (5.304852e-05 3.361535e+00 -5.395505e-02)) ((4.231527e+01 -1.907151e-03 4.443918e-02) (4.104222e-02 8.308097e-05 5.401149e-05))
503.4         	((1.076971e-01 1.069040e+02 -3.708336e+01) (2.977744e-04 3.361708e+00 -5.069158e-02)) ((4.216747e+01 -5.275728e-03 5.167258e-02) (4.125756e-02 -4.181110e-05 -1.382883e-04))
503.41        	((1.315836e-01 1.067493e+02 -3.674747e+01) (3.577589e-05 3.360943e+00 -4.773335e-02)) ((4.201942e+01 -3.381804e-03 4.314344e-02) (4.120488e-02 9.933126e-05 6.247751e-05))
503.42        	((1.218140e-01 1.066095e+02 -3.645451e+01) (2.732663e-04 3.360884e+00 -4.452602e-02)) ((4.188244e+01 -7.655024e-03 5.033790e-02) (4.143344e-02 -2.192479e-05 -1.335331e-04))
503.43        	((1.453519e-01 1.064606e+02 -3.616995e+01) (-7.014617e-06 3.359852e+00 -4.164737e-02)) ((4.174336e+01 -6.709776e-03 4.214538e-02) (4.138053e-02 1.225850e-04 6.209025e-05))
503.44        	((1.360095e-01 1.063061e+02 -3.588199e+01) (2.228613e-04 3.359548e+00 -3.850676e-02)) ((4.160753e+01 -1.176292e-02 4.940487e-02) (4.162239e-02 3.812984e-06 -1.363767e-04))
503.45        	((1.598636e-01 1.061362e+02 -3.558226e+01) (-7.494941e-05 3.358212e+00 -3.568876e-02)) ((4.146323e+01 -1.137869e-02 4.129654e-02) (4.156791e-02 1.507646e-04 5.467263e-05))
503.46        	((1.511512e-01 1.059693e+02 -3.528999e+01) (1.546279e-04 3.357664e+00 -3.259159e-02)) ((4.132082e+01 -1.666780e-02 4.833521e-02) (4.181763e-02 3.269727e-05 -1.429218e-04))
503.47        	((1.759207e-01 1.057960e+02 -3.500533e+01) (-1.385225e-04 3.356070e+00 -2.983208e-02)) ((4.117227e+01 -1.628206e-02 4.038035e-02) (4.175607e-02 1.776811e-04 4.965955e-05))
503.48        	((1.683290e-01 1.056284e+02 -3.473876e+01) (9.519437e-05 3.355253e+00 -2.681207e-02)) ((4.102923e+01 -2.131961e-02 4.791463e-02) (4.200712e-02 5.647100e-05 -1.441429e-04))
503.49        	((1.938322e-01 1.054494e+02 -3.447587e+01) (-2.095770e-04 3.353327e+00 -2.415550e-02)) ((4.088180e+01 -2.048212e-02 4.079894e-02) (4.193920e-02 1.973900e-04 5.327407e-05))
503.5         	((1.860708e-01 1.052723e+02 -3.422107e+01) (4.399657e-05 3.352096e+00 -2.126858e-02)) ((4.073979e+01 -2.495481e-02 4.941199e-02) (4.219892e-02 7.255453e-05 -1.310993e-04))
503.51        	((2.132850e-01 1.050850e+02 -3.396497e+01) (-3.107975e-04 3.349849e+00 -1.876158e-02)) ((4.059345e+01 -2.304457e-02 4.100618e-02) (4.209710e-02 1.997613e-04 6.601844e-05))
503.52        	((2.094782e-01 1.049055e+02 -3.371991e+01) (-7.925137e-05 3.348601e+00 -1.595837e-02)) ((4.045101e+01 -2.630001e-02 4.654293e-02) (4.230817e-02 8.789688e-05 -1.610252e-04))
503.53        	((2.361233e-01 1.047156e+02 -3.347582e+01) (-3.242062e-04 3.346237e+00 -1.348564e-02)) ((4.030215e+01 -2.402919e-02 3.910905e-02) (4.221332e-02 2.358006e-04 2.407853e-05))
503.54        	((2.317257e-01 1.045297e+02 -3.324364e+01) (-1.689204e-04 3.344676e+00 -1.075010e-02)) ((4.015835e+01 -2.664543e-02 4.478059e-02) (4.246119e-02 9.996405e-05 -1.414190e-04))
503.55        	((2.569829e-01 1.043340e+02 -3.301501e+01) (-3.513507e-04 3.341969e+00 -8.361094e-03)) ((4.001020e+01 -2.378586e-02 3.805806e-02) (4.239767e-02 2.556209e-04 1.738664e-05))
503.56        	((2.540004e-01 1.041410e+02 -3.279261e+01) (-3.315132e-04 3.340108e+00 -5.740896e-03)) ((3.986638e+01 -2.527972e-02 4.167437e-02) (4.265388e-02 8.918411e-05 -6.877397e-05))
503.57        	((2.776923e-01 1.039391e+02 -3.257115e+01) (-3.968010e-04 3.337205e+00 -3.429574e-03)) ((3.971617e+01 -2.200769e-02 3.557463e-02) (4.260268e-02 2.733648e-04 3.213300e-05))
503.58        	((2.757116e-01 1.037300e+02 -3.227440e+01) (-3.298808e-04 3.335225e+00 -5.413856e-04)) ((3.953474e+01 -2.307532e-02 3.919065e-02) (4.283151e-02 1.034809e-04 -5.844483e-05))
503.59        	((2.989586e-01 1.035145e+02 -3.197264e+01) (-5.126109e-04 3.332030e+00 1.914463e-03)) ((3.934333e+01 -1.911769e-02 3.158243e-02) (4.276498e-02 2.714431e-04 8.590051e-05))
503.6         	((2.912083e-01 1.033302e+02 -3.180769e+01) (-3.094435e-04 3.329773e+00 4.239139e-03)) ((3.921077e+01 -1.993894e-02 3.542012e-02) (4.302644e-02 1.247506e-04 -6.506650e-05))
503.61        	((3.137390e-01 1.031373e+02 -3.163547e+01) (-5.295507e-04 3.326339e+00 6.509556e-03)) ((3.907140e+01 -1.587096e-02 2.690633e-02) (4.294873e-02 2.634252e-04 1.214260e-04))
503.62        	((3.079816e-01 1.029357e+02 -3.143267e+01) (-2.923100e-04 3.323788e+00 8.985616e-03)) ((3.892247e+01 -1.734444e-02 3.271043e-02) (4.318592e-02 1.404593e-04 -5.379014e-05))
503.63        	((3.303279e-01 1.027172e+02 -3.120650e+01) (-6.306679e-04 3.320008e+00 1.103734e-02)) ((3.875986e+01 -1.310143e-02 2.367955e-02) (4.310785e-02 2.835887e-04 1.284396e-04))
503.64        	((3.209011e-01 1.025118e+02 -3.100011e+01) (-3.232481e-04 3.317382e+00 1.341362e-02)) ((3.860566e+01 -1.437308e-02 2.887796e-02) (4.335694e-02 1.569951e-04 -4.354788e-05))
503.65        	((3.419990e-01 1.023127e+02 -3.087410e+01) (-5.415915e-04 3.313586e+00 1.516280e-02)) ((3.848072e+01 -1.066015e-02 2.024692e-02) (4.329846e-02 2.679994e-04 1.658371e-04))
503.66        	((3.322213e-01 1.021240e+02 -3.077483e+01) (-3.099581e-04 3.310564e+00 1.710139e-02)) ((3.837130e+01 -1.230834e-02 2.572547e-02) (4.352725e-02 1.609826e-04 -1.526621e-05))
503.67        	((3.502431e-01 1.019182e+02 -3.063542e+01) (-6.729313e-04 3.306355e+00 1.867464e-02)) ((3.824337e+01 -8.401395e-03 1.704054e-02) (4.345060e-02 3.023270e-04 1.443749e-04))
503.68        	((3.371214e-01 1.017100e+02 -3.045262e+01) (-3.353400e-04 3.303422e+00 2.069811e-02)) ((3.810163e+01 -9.420371e-03 2.107326e-02) (4.372225e-02 1.735890e-04 -1.607044e-05))
503.69        	((3.583823e-01 1.014899e+02 -3.024220e+01) (-4.712886e-04 3.299407e+00 2.245993e-02)) ((3.794198e+01 -6.342367e-03 1.369376e-02) (4.365527e-02 2.623160e-04 1.968919e-04))
503.7         	((3.518075e-01 1.012814e+02 -3.005056e+01) (-2.746429e-04 3.295931e+00 2.431240e-02)) ((3.778674e+01 -8.490747e-03 2.088105e-02) (4.384076e-02 1.695159e-04 2.028903e-05))
503.71        	((3.685359e-01 1.010781e+02 -2.988842e+01) (-5.630045e-04 3.291613e+00 2.580750e-02)) ((3.763714e+01 -4.854215e-03 1.309148e-02) (4.377560e-02 2.873526e-04 1.826916e-04))
503.72        	((3.538735e-01 1.008846e+02 -2.975161e+01) (-2.878995e-04 3.288309e+00 2.764380e-02)) ((3.750015e+01 -5.713063e-03 1.713854e-02) (4.401424e-02 1.789137e-04 1.339693e-05))
503.73        	((3.705545e-01 1.006774e+02 -2.960914e+01) (-4.818191e-04 3.284001e+00 2.916960e-02)) ((3.735778e+01 -2.305072e-03 9.760932e-03) (4.393128e-02 2.764759e-04 1.955013e-04))
503.74        	((3.608940e-01 1.004693e+02 -2.946209e+01) (-2.436984e-04 3.280340e+00 3.091055e-02)) ((3.721504e+01 -3.988153e-03 1.615785e-02) (4.410707e-02 1.788229e-04 3.252730e-05))
503.75        	((3.774047e-01 1.002547e+02 -2.930788e+01) (-5.248103e-04 3.275743e+00 3.228728e-02)) ((3.706473e+01 -7.064482e-04 9.663295e-03) (4.399350e-02 2.936359e-04 1.876187e-04))
503.76        	((3.641767e-01 1.000499e+02 -2.916336e+01) (-2.218107e-04 3.272142e+00 3.402848e-02)) ((3.691978e+01 -1.840761e-03 1.462863e-02) (4.419554e-02 1.827122e-04 3.537425e-05))
503.77        	((3.798863e-01 9.984020e+01 -2.902129e+01) (-4.089072e-04 3.267541e+00 3.542206e-02)) ((3.677126e+01 1.261331e-03 8.239428e-03) (4.406426e-02 2.764524e-04 2.129320e-04))
503.78        	((3.688327e-01 9.963818e+01 -2.889355e+01) (-1.588000e-04 3.263683e+00 3.702892e-02)) ((3.662919e+01 -4.326051e-04 1.447588e-02) (4.423843e-02 1.801287e-04 5.402405e-05))
503.79        	((3.826953e-01 9.942988e+01 -2.876950e+01) (-4.565816e-04 3.258820e+00 3.821410e-02)) ((3.648561e+01 2.669837e-03 8.162824e-03) (4.408989e-02 2.967383e-04 1.976795e-04))
503.8         	((3.700795e-01 9.922645e+01 -2.861427e+01) (-1.380430e-04 3.255054e+00 3.999403e-02)) ((3.632794e+01 1.102652e-03 1.350738e-02) (4.427603e-02 1.864908e-04 5.189966e-05))
503.81        	((3.847721e-01 9.901442e+01 -2.848524e+01) (-3.211582e-04 3.250265e+00 4.117392e-02)) ((3.618159e+01 3.712236e-03 7.385716e-03) (4.412393e-02 2.747195e-04 2.274830e-04))
503.82        	((3.729795e-01 9.881369e+01 -2.839525e+01) (-8.568009e-05 3.246201e+00 4.256916e-02)) ((3.605588e+01 1.771886e-03 1.311276e-02) (4.429210e-02 1.825378e-04 7.253660e-05))
503.83        	((3.849359e-01 9.861233e+01 -2.831765e+01) (-4.121526e-04 3.241121e+00 4.352811e-02)) ((3.593265e+01 4.558991e-03 6.736302e-03) (4.411683e-02 2.999737e-04 2.070771e-04))
503.84        	((3.698376e-01 9.841820e+01 -2.824247e+01) (-8.799464e-05 3.237228e+00 4.494650e-02)) ((3.581166e+01 3.124774e-03 1.083854e-02) (4.433140e-02 1.876123e-04 6.826990e-05))
503.85        	((3.853472e-01 9.821480e+01 -2.814793e+01) (-2.299035e-04 3.232364e+00 4.602582e-02)) ((3.567866e+01 5.092239e-03 5.413186e-03) (4.415758e-02 2.617693e-04 2.500578e-04))
503.86        	((3.768145e-01 9.801576e+01 -2.805505e+01) (-3.230338e-05 3.228075e+00 4.728091e-02)) ((3.554634e+01 2.502296e-03 1.210869e-02) (4.430936e-02 1.798013e-04 9.521337e-05))
503.87        	((3.890456e-01 9.781912e+01 -2.797126e+01) (-3.424344e-04 3.222969e+00 4.810081e-02)) ((3.541592e+01 4.920427e-03 6.102532e-03) (4.413416e-02 2.871774e-04 2.261056e-04))
503.88        	((3.733948e-01 9.763483e+01 -2.791124e+01) (-5.877999e-05 3.218937e+00 4.935449e-02)) ((3.529841e+01 3.487262e-03 9.601075e-03) (4.434864e-02 1.858058e-04 8.192090e-05))
503.89        	((3.866621e-01 9.744396e+01 -2.785401e+01) (-2.307645e-04 3.214001e+00 5.022787e-02)) ((3.518032e+01 5.535338e-03 3.801289e-03) (4.417101e-02 2.619598e-04 2.482847e-04))
503.9         	((3.780375e-01 9.726086e+01 -2.778604e+01) (-3.086307e-05 3.209651e+00 5.146333e-02)) ((3.505153e+01 3.016353e-03 1.017488e-02) (4.432363e-02 1.810346e-04 9.858079e-05))
503.91        	((3.901674e-01 9.709790e+01 -2.772738e+01) (-3.518973e-04 3.204805e+00 5.207702e-02)) ((3.493460e+01 5.242156e-03 4.513199e-03) (4.413675e-02 2.875686e-04 2.214523e-04))
503.92        	((3.751547e-01 9.693218e+01 -2.770840e+01) (-6.186185e-05 3.200688e+00 5.316190e-02)) ((3.483649e+01 3.901171e-03 7.857218e-03) (4.436194e-02 1.864360e-04 8.436144e-05))
503.93        	((3.879007e-01 9.677989e+01 -2.766931e+01) (-2.282680e-04 3.196011e+00 5.396949e-02)) ((3.472570e+01 5.988800e-03 2.081124e-03) (4.415766e-02 2.584802e-04 2.488204e-04))
503.94        	((3.798683e-01 9.663215e+01 -2.762948e+01) (-2.825618e-05 3.191905e+00 5.501113e-02)) ((3.461281e+01 3.473239e-03 8.673910e-03) (4.432182e-02 1.794190e-04 1.016258e-04))
503.95        	((3.917236e-01 9.647076e+01 -2.760681e+01) (-3.201239e-04 3.187064e+00 5.545670e-02)) ((3.451280e+01 5.681959e-03 3.197063e-03) (4.413093e-02 2.767030e-04 2.301151e-04))
503.96        	((3.791047e-01 9.631683e+01 -2.759713e+01) (-4.960989e-05 3.183182e+00 5.646895e-02)) ((3.441772e+01 3.945320e-03 7.827439e-03) (4.433836e-02 1.841893e-04 8.941190e-05))
503.97        	((3.900252e-01 9.615423e+01 -2.758172e+01) (-2.268716e-04 3.178520e+00 5.704179e-02)) ((3.431820e+01 6.278129e-03 1.581870e-03) (4.414815e-02 2.565772e-04 2.459700e-04))
503.98        	((3.790603e-01 9.599129e+01 -2.757299e+01) (-2.105282e-05 3.174433e+00 5.789306e-02)) ((3.422171e+01 4.218173e-03 6.906903e-03) (4.432313e-02 1.798367e-04 9.623304e-05))
503.99        	((3.895764e-01 9.582754e+01 -2.756663e+01) (-2.867585e-04 3.169669e+00 5.826690e-02)) ((3.412752e+01 6.695937e-03 7.627050e-04) (4.413036e-02 2.712902e-04 2.290894e-04))
504           	((3.776368e-01 9.567382e+01 -2.757535e+01) (-2.329545e-05 3.165755e+00 5.907508e-02)) ((3.404228e+01 4.830272e-03 5.650235e-03) (4.433401e-02 1.834365e-04 8.413881e-05))
504.01        	((3.897687e-01 9.551920e+01 -2.758398e+01) (-2.168302e-04 3.161089e+00 5.942995e-02)) ((3.395788e+01 7.000233e-03 -1.980467e-04) (4.414076e-02 2.598337e-04 2.390494e-04))
504.02        	((3.792170e-01 9.536872e+01 -2.760071e+01) (7.442984e-06 3.157038e+00 6.010126e-02)) ((3.387774e+01 4.824380e-03 5.303507e-03) (4.432102e-02 1.806358e-04 8.869466e-05))
504.03        	((3.899784e-01 9.521448e+01 -2.761432e+01) (-2.557726e-04 3.152270e+00 6.030147e-02)) ((3.379650e+01 7.283429e-03 -9.954197e-04) (4.412754e-02 2.714275e-04 2.273764e-04))
504.04        	((3.776360e-01 9.506498e+01 -2.763590e+01) (7.614440e-06 3.148342e+00 6.092414e-02)) ((3.372049e+01 5.409991e-03 3.827336e-03) (4.432592e-02 1.837235e-04 7.873536e-05))
504.05        	((3.896115e-01 9.491236e+01 -2.765501e+01) (-2.000419e-04 3.143651e+00 6.110282e-02)) ((3.364386e+01 7.699951e-03 -2.410976e-03) (4.413721e-02 2.621967e-04 2.375737e-04))
504.06        	((3.787478e-01 9.476554e+01 -2.768302e+01) (2.681249e-05 3.139627e+00 6.159846e-02)) ((3.357256e+01 5.529721e-03 3.151063e-03) (4.431545e-02 1.817818e-04 8.141177e-05))
504.07        	((3.903173e-01 9.461794e+01 -2.771176e+01) (-2.461406e-04 3.134854e+00 6.163909e-02)) ((3.350116e+01 7.987221e-03 -3.247957e-03) (4.413139e-02 2.733520e-04 2.281225e-04))
504.08        	((3.780947e-01 9.447708e+01 -2.774879e+01) (1.684079e-05 3.130953e+00 6.208834e-02)) ((3.343559e+01 6.011156e-03 1.920206e-03) (4.432249e-02 1.843506e-04 7.196379e-05))
504.09        	((3.906682e-01 9.433282e+01 -2.778203e+01) (-2.000480e-04 3.126267e+00 6.211891e-02)) ((3.336835e+01 8.382178e-03 -4.535775e-03) (4.414728e-02 2.639813e-04 2.391229e-04))
504.1         	((3.794378e-01 9.419404e+01 -2.782127e+01) (2.768977e-05 3.122281e+00 6.244649e-02)) ((3.330545e+01 6.095322e-03 1.299986e-03) (4.431367e-02 1.821270e-04 7.331256e-05))
504.11        	((3.911882e-01 9.405335e+01 -2.785952e+01) (-2.562842e-04 3.117516e+00 6.234434e-02)) ((3.324109e+01 8.725077e-03 -5.428137e-03) (4.414417e-02 2.760399e-04 2.281572e-04))
504.12        	((3.784388e-01 9.392074e+01 -2.790648e+01) (9.875375e-06 3.113665e+00 6.262735e-02)) ((3.318232e+01 6.653921e-03 1.095475e-04) (4.431908e-02 1.851832e-04 6.130747e-05))
504.13        	((3.915528e-01 9.378482e+01 -2.795236e+01) (-2.130849e-04 3.109004e+00 6.252265e-02)) ((3.312190e+01 9.128405e-03 -6.510161e-03) (4.415801e-02 2.662559e-04 2.382772e-04))
504.14        	((3.799090e-01 9.365511e+01 -2.800555e+01) (1.348763e-05 3.105067e+00 6.268351e-02)) ((3.306663e+01 6.777106e-03 -2.499758e-04) (4.430381e-02 1.839892e-04 5.898483e-05))
504.15        	((3.921509e-01 9.352295e+01 -2.805900e+01) (-2.820779e-04 3.100331e+00 6.244395e-02)) ((3.301029e+01 9.520942e-03 -7.157924e-03) (4.414701e-02 2.811280e-04 2.205065e-04))
504.16        	((3.787269e-01 9.339863e+01 -2.811905e+01) (-1.381006e-05 3.096556e+00 6.257077e-02)) ((3.296022e+01 7.432958e-03 -1.331581e-03) (4.430340e-02 1.896058e-04 3.739848e-05))
504.17        	((3.922119e-01 9.326957e+01 -2.817671e+01) (-2.422750e-04 3.091954e+00 6.234243e-02)) ((3.290770e+01 9.984277e-03 -8.137414e-03) (4.415474e-02 2.730924e-04 2.188347e-04))
504.18        	((3.800251e-01 9.314627e+01 -2.823939e+01) (-2.320684e-05 3.088094e+00 6.235184e-02)) ((3.285999e+01 7.627394e-03 -1.527786e-03) (4.428215e-02 1.928577e-04 1.844319e-05))
504.19        	((3.926250e-01 9.302160e+01 -2.830408e+01) (-3.317205e-04 3.083414e+00 6.197857e-02)) ((3.281065e+01 1.044633e-02 -8.551089e-03) (4.413818e-02 2.922545e-04 1.812699e-04))
504.2         	((3.790173e-01 9.290457e+01 -2.837580e+01) (-5.745306e-05 3.079701e+00 6.195537e-02)) ((3.276829e+01 8.371867e-03 -2.333961e-03) (4.427899e-02 1.971371e-04 -7.356655e-06))
504.21        	((3.932746e-01 9.278338e+01 -2.844567e+01) (-2.780146e-04 3.075132e+00 6.159901e-02)) ((3.272394e+01 1.104084e-02 -9.088440e-03) (4.413554e-02 2.775728e-04 1.954905e-04))
504.22        	((3.802451e-01 9.265526e+01 -2.849587e+01) (-4.231937e-05 3.071292e+00 6.149045e-02)) ((3.268017e+01 8.880773e-03 -2.519254e-03) (4.424367e-02 1.921181e-04 7.286342e-06))
504.23        	((3.933424e-01 9.253998e+01 -2.857048e+01) (-3.234392e-04 3.066660e+00 6.100494e-02)) ((3.264037e+01 1.182693e-02 -9.445471e-03) (4.409419e-02 2.873055e-04 2.004149e-04))
504.24        	((3.782870e-01 9.242524e+01 -2.863995e+01) (-3.930945e-05 3.062997e+00 6.088139e-02)) ((3.260418e+01 9.979760e-03 -3.431695e-03) (4.422195e-02 1.916726e-04 1.614129e-05))
504.25        	((3.929752e-01 9.230484e+01 -2.870470e+01) (-2.500010e-04 3.058526e+00 6.045652e-02)) ((3.256492e+01 1.267281e-02 -9.999776e-03) (4.407754e-02 2.716606e-04 2.282892e-04))
504.26        	((3.803743e-01 9.219471e+01 -2.877960e+01) (-1.090544e-05 3.054803e+00 6.022797e-02)) ((3.253242e+01 1.038981e-02 -2.906685e-03) (4.417812e-02 1.863012e-04 3.309005e-05))
504.27        	((3.938632e-01 9.208642e+01 -2.886365e+01) (-2.964573e-04 3.050294e+00 5.967180e-02)) ((3.250008e+01 1.330460e-02 -9.705649e-03) (4.404294e-02 2.817804e-04 2.220850e-04))
504.28        	((3.782099e-01 9.198874e+01 -2.895818e+01) (-1.580407e-05 3.046757e+00 5.942230e-02)) ((3.247557e+01 1.144876e-02 -3.629742e-03) (4.416729e-02 1.863778e-04 2.611078e-05))
504.29        	((3.921809e-01 9.188591e+01 -2.905029e+01) (-2.355458e-04 3.042402e+00 5.888405e-02)) ((3.244903e+01 1.423687e-02 -1.047459e-02) (4.403614e-02 2.675087e-04 2.353976e-04))
504.3         	((3.787396e-01 9.178868e+01 -2.914486e+01) (2.291631e-06 3.038800e+00 5.854258e-02)) ((3.242779e+01 1.187411e-02 -3.461267e-03) (4.413849e-02 1.820512e-04 3.029184e-05))
504.31        	((3.921862e-01 9.168739e+01 -2.923894e+01) (-2.886495e-04 3.034406e+00 5.788403e-02)) ((3.240498e+01 1.469193e-02 -1.045414e-02) (4.400957e-02 2.786600e-04 2.227730e-04))
504.32        	((3.765109e-01 9.159517e+01 -2.934029e+01) (-8.313759e-06 3.030984e+00 5.753045e-02)) ((3.238920e+01 1.256119e-02 -4.317179e-03) (4.413322e-02 1.833955e-04 2.146148e-05))
504.33        	((3.906365e-01 9.149825e+01 -2.944150e+01) (-2.316319e-04 3.026746e+00 5.689428e-02)) ((3.237137e+01 1.513896e-02 -1.127411e-02) (4.400805e-02 2.652403e-04 2.362492e-04))
504.34        	((3.769462e-01 9.140993e+01 -2.954956e+01) (6.857140e-06 3.023268e+00 5.644944e-02)) ((3.235953e+01 1.251007e-02 -4.153622e-03) (4.411103e-02 1.793736e-04 2.679370e-05))
504.35        	((3.902234e-01 9.131931e+01 -2.965896e+01) (-2.879182e-04 3.018999e+00 5.569110e-02)) ((3.234640e+01 1.522987e-02 -1.121654e-02) (4.398862e-02 2.765597e-04 2.249991e-04))
504.36        	((3.742225e-01 9.123789e+01 -2.977411e+01) (-5.199067e-06 3.015712e+00 5.523588e-02)) ((3.234018e+01 1.295761e-02 -4.934633e-03) (4.411464e-02 1.802216e-04 1.939027e-05))
504.37        	((3.884862e-01 9.115147e+01 -2.988686e+01) (-2.291076e-04 3.011611e+00 5.450437e-02)) ((3.233144e+01 1.548511e-02 -1.191221e-02) (4.399651e-02 2.617783e-04 2.401629e-04))
504.38        	((3.747776e-01 9.107137e+01 -3.000317e+01) (1.106898e-05 3.008271e+00 5.396255e-02)) ((3.232766e+01 1.281687e-02 -4.622924e-03) (4.410156e-02 1.749468e-04 2.579820e-05))
504.39        	((3.883296e-01 9.098808e+01 -3.012018e+01) (-2.861965e-04 3.004144e+00 5.311295e-02)) ((3.232204e+01 1.553485e-02 -1.172376e-02) (4.398569e-02 2.725731e-04 2.286106e-04))
504.4         	((3.722310e-01 9.091439e+01 -3.024362e+01) (4.656532e-07 3.001008e+00 5.256846e-02)) ((3.232314e+01 1.325857e-02 -5.332305e-03) (4.411394e-02 1.749386e-04 1.823032e-05))
504.41        	((3.866606e-01 9.083630e+01 -3.036530e+01) (-2.214851e-04 2.997062e+00 5.175438e-02)) ((3.232167e+01 1.579556e-02 -1.235698e-02) (4.400156e-02 2.563769e-04 2.446802e-04))
504.42        	((3.728547e-01 9.076547e+01 -3.049089e+01) (2.067452e-05 2.993873e+00 5.112523e-02)) ((3.232532e+01 1.307056e-02 -4.933602e-03) (4.410757e-02 1.688335e-04 2.536855e-05))
504.43        	((3.864247e-01 9.069115e+01 -3.061611e+01) (-2.784463e-04 2.989903e+00 5.019316e-02)) ((3.232702e+01 1.580089e-02 -1.211657e-02) (4.399674e-02 2.673908e-04 2.327117e-04))
504.44        	((3.701620e-01 9.062690e+01 -3.074763e+01) (1.227752e-05 2.986928e+00 4.956833e-02)) ((3.233538e+01 1.344709e-02 -5.685778e-03) (4.412662e-02 1.687579e-04 1.761648e-05))
504.45        	((3.846559e-01 9.055802e+01 -3.087702e+01) (-2.078076e-04 2.983150e+00 4.868082e-02)) ((3.234089e+01 1.595683e-02 -1.282912e-02) (4.401848e-02 2.504524e-04 2.500484e-04))
504.46        	((3.707748e-01 9.049605e+01 -3.101024e+01) (3.547972e-05 2.980118e+00 4.797415e-02)) ((3.235136e+01 1.311157e-02 -5.340147e-03) (4.412419e-02 1.624797e-04 2.590733e-05))
504.47        	((3.844116e-01 9.043128e+01 -3.114419e+01) (-2.662330e-04 2.976314e+00 4.696867e-02)) ((3.236003e+01 1.577347e-02 -1.263388e-02) (4.401735e-02 2.621464e-04 2.383172e-04))
504.48        	((3.679025e-01 9.037491e+01 -3.128286e+01) (2.693658e-05 2.973508e+00 4.627242e-02)) ((3.237507e+01 1.333047e-02 -6.150940e-03) (4.414800e-02 1.626389e-04 1.869751e-05))
504.49        	((3.825433e-01 9.031427e+01 -3.141993e+01) (-1.926674e-04 2.969903e+00 4.531888e-02)) ((3.238739e+01 1.576092e-02 -1.339771e-02) (4.404421e-02 2.449180e-04 2.569855e-04))
504.5         	((3.685850e-01 9.026060e+01 -3.156088e+01) (5.091811e-05 2.967037e+00 4.454274e-02)) ((3.240461e+01 1.281039e-02 -5.866013e-03) (4.414994e-02 1.564540e-04 2.807072e-05))
504.51        	((3.823762e-01 9.020415e+01 -3.170243e+01) (-2.530338e-04 2.963407e+00 4.347229e-02)) ((3.242002e+01 1.538902e-02 -1.333107e-02) (4.404783e-02 2.572687e-04 2.453457e-04))
504.52        	((3.657226e-01 9.015713e+01 -3.184912e+01) (4.153176e-05 2.960774e+00 4.271136e-02)) ((3.244189e+01 1.282267e-02 -6.895460e-03) (4.417982e-02 1.568889e-04 2.077706e-05))
504.53        	((3.805028e-01 9.010512e+01 -3.199284e+01) (-1.788606e-04 2.957349e+00 4.169854e-02)) ((3.246080e+01 1.514557e-02 -1.431573e-02) (4.408076e-02 2.399678e-04 2.641043e-04))
504.54        	((3.664937e-01 9.005982e+01 -3.213969e+01) (6.501288e-05 2.954656e+00 4.086083e-02)) ((3.248439e+01 1.204724e-02 -6.732164e-03) (4.418776e-02 1.507640e-04 3.000916e-05))
504.55        	((3.804939e-01 9.001159e+01 -3.228696e+01) (-2.412702e-04 2.951206e+00 3.973401e-02)) ((3.250605e+01 1.455205e-02 -1.426075e-02) (4.409058e-02 2.526694e-04 2.519032e-04))
504.56        	((3.638843e-01 8.997264e+01 -3.243944e+01) (5.413069e-05 2.948749e+00 3.891707e-02)) ((3.253402e+01 1.190719e-02 -7.699233e-03) (4.422486e-02 1.513635e-04 2.208883e-05))
504.57        	((3.790080e-01 8.992864e+01 -3.258893e+01) (-1.678509e-04 2.945506e+00 3.785310e-02)) ((3.255889e+01 1.422499e-02 -1.515079e-02) (4.413103e-02 2.354329e-04 2.703301e-04))
504.58        	((3.651283e-01 8.989127e+01 -3.274109e+01) (7.645968e-05 2.942990e+00 3.696261e-02)) ((3.258826e+01 1.110110e-02 -7.470798e-03) (4.424047e-02 1.454144e-04 3.087649e-05))
504.59        	((3.794558e-01 8.985104e+01 -3.289327e+01) (-2.320510e-04 2.939723e+00 3.578693e-02)) ((3.261556e+01 1.363626e-02 -1.507956e-02) (4.414868e-02 2.485220e-04 2.574712e-04))
504.6         	((3.629204e-01 8.982014e+01 -3.305040e+01) (6.497932e-05 2.937448e+00 3.492119e-02)) ((3.264901e+01 1.098456e-02 -8.449154e-03) (4.428589e-02 1.461090e-04 2.254806e-05))
504.61        	((3.783684e-01 8.978426e+01 -3.320456e+01) (-1.577266e-04 2.934392e+00 3.381286e-02)) ((3.267923e+01 1.334124e-02 -1.595710e-02) (4.419746e-02 2.311437e-04 2.759179e-04))
504.62        	((3.645705e-01 8.975492e+01 -3.336128e+01) (8.801018e-05 2.932057e+00 3.287574e-02)) ((3.271375e+01 1.022320e-02 -8.166995e-03) (4.430979e-02 1.399383e-04 3.151273e-05))
504.63        	((3.791746e-01 8.972293e+01 -3.351810e+01) (-2.217524e-04 2.928974e+00 3.165634e-02)) ((3.274605e+01 1.281386e-02 -1.581184e-02) (4.422297e-02 2.439709e-04 2.641231e-04))
504.64        	((3.626486e-01 8.969972e+01 -3.367898e+01) (7.869677e-05 2.926880e+00 3.074669e-02)) ((3.278420e+01 1.022157e-02 -9.080738e-03) (4.436275e-02 1.397440e-04 2.626856e-05))
504.65        	((3.783382e-01 8.967131e+01 -3.383636e+01) (-1.415080e-04 2.924005e+00 2.959813e-02)) ((3.281898e+01 1.265967e-02 -1.661094e-02) (4.427846e-02 2.246967e-04 2.889743e-04))
504.66        	((3.645546e-01 8.964932e+01 -3.399574e+01) (1.094129e-04 2.921843e+00 2.861896e-02)) ((3.285784e+01 9.600486e-03 -8.689029e-03) (4.439199e-02 1.313523e-04 4.451109e-05))
504.67        	((3.792091e-01 8.962517e+01 -3.415549e+01) (-2.011768e-04 2.918948e+00 2.736231e-02)) ((3.289456e+01 1.226698e-02 -1.640347e-02) (4.430982e-02 2.365695e-04 2.828727e-04))
504.68        	((3.623655e-01 8.960955e+01 -3.431898e+01) (9.965748e-05 2.917049e+00 2.641739e-02)) ((3.293705e+01 9.717463e-03 -9.694817e-03) (4.445361e-02 1.319914e-04 3.692341e-05))
504.69        	((3.779558e-01 8.958836e+01 -3.447861e+01) (-1.245084e-04 2.914382e+00 2.523790e-02)) ((3.297606e+01 1.220387e-02 -1.737239e-02) (4.437671e-02 2.194436e-04 2.991178e-04))
504.7         	((3.639657e-01 8.957224e+01 -3.463920e+01) (1.211920e-04 2.912428e+00 2.422485e-02)) ((3.301883e+01 9.075673e-03 -9.348005e-03) (4.449657e-02 1.274032e-04 4.132297e-05))
504.71        	((3.787442e-01 8.955350e+01 -3.480013e+01) (-1.954047e-04 2.909742e+00 2.293354e-02)) ((3.305920e+01 1.174858e-02 -1.711659e-02) (4.442368e-02 2.358029e-04 2.804750e-04))
504.72        	((3.619113e-01 8.954527e+01 -3.496582e+01) (1.059118e-04 2.908055e+00 2.194364e-02)) ((3.310537e+01 9.049190e-03 -1.015618e-02) (4.457966e-02 1.311093e-04 2.879701e-05))
504.73        	((3.777255e-01 8.953381e+01 -3.512887e+01) (-1.187750e-04 2.905593e+00 2.073226e-02)) ((3.314820e+01 1.145824e-02 -1.778165e-02) (4.451165e-02 2.201145e-04 2.963306e-04))
504.74        	((3.636087e-01 8.952722e+01 -3.529293e+01) (1.285567e-04 2.903830e+00 1.969469e-02)) ((3.319520e+01 8.238992e-03 -9.676782e-03) (4.463267e-02 1.271601e-04 3.438172e-05))
504.75        	((3.782538e-01 8.951461e+01 -3.545376e+01) (-1.881620e-04 2.901320e+00 1.840181e-02)) ((3.323933e+01 1.088094e-02 -1.755419e-02) (4.455297e-02 2.353017e-04 2.781721e-04))
504.76        	((3.610713e-01 8.950924e+01 -3.561613e+01) (1.145235e-04 2.899785e+00 1.742888e-02)) ((3.328856e+01 8.171509e-03 -1.063821e-02) (4.469089e-02 1.296614e-04 2.142491e-05))
504.77        	((3.768408e-01 8.950009e+01 -3.577515e+01) (-1.119045e-04 2.897488e+00 1.621737e-02)) ((3.333388e+01 1.060749e-02 -1.838185e-02) (4.461728e-02 2.205313e-04 2.946406e-04))
504.78        	((3.626798e-01 8.949971e+01 -3.593687e+01) (1.367030e-04 2.895886e+00 1.517675e-02)) ((3.338285e+01 7.320211e-03 -1.006531e-02) (4.473179e-02 1.252748e-04 2.751258e-05))
504.79        	((3.776494e-01 8.949708e+01 -3.609869e+01) (-1.842625e-04 2.893548e+00 1.387524e-02)) ((3.342936e+01 9.948484e-03 -1.784683e-02) (4.465202e-02 2.364937e-04 2.764237e-04))
504.8         	((3.603800e-01 8.950043e+01 -3.626081e+01) (1.199591e-04 2.892197e+00 1.287956e-02)) ((3.348078e+01 7.265266e-03 -1.075124e-02) (4.479541e-02 1.293281e-04 1.550753e-05))
504.81        	((3.761946e-01 8.949672e+01 -3.641772e+01) (-1.054929e-04 2.890085e+00 1.166440e-02)) ((3.352834e+01 9.762946e-03 -1.849467e-02) (4.472227e-02 2.197503e-04 2.939350e-04))
504.82        	((3.618026e-01 8.949858e+01 -3.657468e+01) (1.429436e-04 2.888658e+00 1.061977e-02)) ((3.357913e+01 6.549643e-03 -1.017949e-02) (4.483500e-02 1.244004e-04 2.160244e-05))
504.83        	((3.767464e-01 8.949789e+01 -3.673137e+01) (-1.799874e-04 2.886507e+00 9.307467e-03)) ((3.362723e+01 9.203180e-03 -1.804191e-02) (4.476039e-02 2.372811e-04 2.752529e-04))
504.84        	((3.593753e-01 8.950723e+01 -3.689182e+01) (1.268023e-04 2.885336e+00 8.310497e-03)) ((3.368050e+01 6.471380e-03 -1.088794e-02) (4.490415e-02 1.280289e-04 9.157519e-06))
504.85        	((3.754219e-01 8.951147e+01 -3.704768e+01) (-9.955317e-05 2.883404e+00 7.100226e-03)) ((3.372969e+01 8.938375e-03 -1.863884e-02) (4.483108e-02 2.200060e-04 2.924104e-04))
504.86        	((3.609545e-01 8.952126e+01 -3.720365e+01) (1.491419e-04 2.882154e+00 6.051882e-03)) ((3.378208e+01 5.681606e-03 -1.018510e-02) (4.494486e-02 1.240559e-04 1.526719e-05))
504.87        	((3.759136e-01 8.952673e+01 -3.735773e+01) (-1.751191e-04 2.880181e+00 4.740954e-03)) ((3.383165e+01 8.354897e-03 -1.806982e-02) (4.487247e-02 2.380318e-04 2.738463e-04))
504.88        	((3.583807e-01 8.954068e+01 -3.751457e+01) (1.338281e-04 2.879186e+00 3.746947e-03)) ((3.388631e+01 5.590950e-03 -1.081692e-02) (4.501534e-02 1.275859e-04 3.384739e-06))
504.89        	((3.744900e-01 8.954907e+01 -3.766657e+01) (-9.234408e-05 2.877433e+00 2.538831e-03)) ((3.393671e+01 8.065465e-03 -1.863483e-02) (4.494456e-02 2.210541e-04 2.921550e-04))
504.9         	((3.596958e-01 8.954442e+01 -3.777590e+01) (1.590003e-04 2.876246e+00 1.500930e-03)) ((3.397812e+01 4.840100e-03 -1.041772e-02) (4.505339e-02 1.235877e-04 9.043870e-06))
504.91        	((3.748447e-01 8.953492e+01 -3.788952e+01) (-1.955785e-04 2.874290e+00 1.858547e-04)) ((3.401672e+01 7.505525e-03 -1.825257e-02) (4.496684e-02 2.468769e-04 2.655049e-04))
504.92        	((3.566039e-01 8.954807e+01 -3.803968e+01) (1.390038e-04 2.873426e+00 -7.811557e-04)) ((3.406912e+01 4.821292e-03 -1.130373e-02) (4.511497e-02 1.288237e-04 -5.463440e-06))
504.93        	((3.736916e-01 8.956519e+01 -3.820505e+01) (-7.722989e-05 2.871747e+00 -1.967413e-03)) ((3.412199e+01 7.136487e-03 -1.864080e-02) (4.502864e-02 2.227875e-04 2.936822e-04))
504.94        	((3.598380e-01 8.959053e+01 -3.837074e+01) (1.725730e-04 2.870751e+00 -3.026683e-03)) ((3.417935e+01 3.717486e-03 -9.629455e-03) (4.514128e-02 1.233450e-04 7.709927e-06))
504.95        	((3.748326e-01 8.960860e+01 -3.852230e+01) (-2.220607e-04 2.868914e+00 -4.389893e-03)) ((3.423164e+01 6.500108e-03 -1.741002e-02) (4.504925e-02 2.575593e-04 2.594405e-04))
504.96        	((3.554881e-01 8.963216e+01 -3.866747e+01) (1.382438e-04 2.868301e+00 -5.346106e-03)) ((3.428839e+01 4.047684e-03 -1.080774e-02) (4.521594e-02 1.315481e-04 -1.183173e-05))
504.97        	((3.729969e-01 8.964681e+01 -3.880224e+01) (-3.845263e-05 2.866861e+00 -6.483130e-03)) ((3.433796e+01 6.364353e-03 -1.831591e-02) (4.513569e-02 2.178961e-04 3.020487e-04))
504.98        	((3.603327e-01 8.966572e+01 -3.893986e+01) (1.830408e-04 2.865951e+00 -7.543030e-03)) ((3.438961e+01 2.747331e-03 -8.690143e-03) (4.522798e-02 1.239968e-04 9.206038e-06))
504.99        	((3.757131e-01 8.968426e+01 -3.908185e+01) (-1.364072e-04 2.864436e+00 -8.828357e-03)) ((3.443987e+01 5.508437e-03 -1.649274e-02) (4.515714e-02 2.401720e-04 2.826488e-04))
505           	((3.570080e-01 8.971457e+01 -3.923142e+01) (1.560464e-04 2.863901e+00 -9.805567e-03)) ((3.449752e+01 2.884601e-03 -9.524340e-03) (4.530718e-02 1.299445e-04 -1.004795e-05))
