# Forces      
# CofR        : (0.000000e+00 0.000000e+00 0.000000e+00)
# Time        forces(pressure viscous)	moments(pressure viscous)
500           	((2.969865e+00 5.112689e+03 -2.740193e+03) (3.279615e-05 3.993955e+00 -1.036872e-01)) ((-8.142051e+02 2.108872e-01 3.667047e-01) (-1.402117e-01 -3.297990e-05 -1.876224e-04))
500.01        	((8.123611e+00 3.629208e+03 -1.897556e+03) (-3.050659e-04 2.985272e+00 3.472804e-01)) ((-3.625375e+02 2.001947e-01 -3.995307e-01) (1.948590e-02 -2.522431e-04 4.820452e-04))
500.02        	((6.434014e+00 1.930322e+02 5.318118e+02) (3.553506e-04 2.110506e+00 6.670635e-01)) ((3.863902e+02 2.440065e-01 -1.144530e+00) (1.623752e-01 -1.781934e-04 6.385125e-04))
500.03        	((-9.040848e-01 -1.295189e+03 8.986703e+02) (1.278214e-03 2.113842e+00 6.635366e-01)) ((5.323025e+02 -5.831762e-01 2.665144e-01) (1.458776e-01 6.099731e-04 8.298072e-05))
500.04        	((3.710692e+00 -9.255243e+02 1.936979e+02) (2.276490e-03 3.213553e+00 2.188180e-01)) ((1.973385e+02 -1.302836e+00 2.220448e+00) (-8.579744e-02 3.945288e-04 -6.593385e-04))
500.05        	((8.940999e+00 2.336748e+01 -4.605378e+02) (5.334058e-03 4.394993e+00 -1.191304e-01)) ((-1.739282e+02 -1.083510e+00 2.456792e+00) (-2.480456e-01 2.537010e-05 -2.312987e-04))
500.06        	((5.642829e+00 5.198039e+02 -3.718659e+02) (6.314221e-03 4.764137e+00 -5.171783e-02)) ((-2.162022e+02 -3.130534e-01 3.452807e-01) (-2.320568e-01 -1.555545e-04 4.531593e-04))
500.07        	((1.117797e+00 6.441174e+02 -5.480390e+01) (7.374447e-03 4.555843e+00 2.652515e-01)) ((-3.721317e+01 4.244003e-01 -8.533880e-01) (-1.418282e-01 8.831689e-05 6.456004e-04))
500.08        	((1.275549e+00 5.260153e+02 8.119137e+01) (8.059770e-03 4.258351e+00 5.421413e-01)) ((1.282888e+02 9.024883e-01 -1.269245e+00) (-4.133478e-02 1.020821e-03 3.013575e-04))
500.09        	((3.183591e+00 4.798240e+02 -2.705963e+02) (6.438473e-03 4.222368e+00 5.485562e-01)) ((8.609523e+01 3.275800e-01 -5.771710e-01) (-3.244537e-03 1.319307e-03 2.396576e-03))
500.1         	((9.493140e+00 2.208432e+02 -3.895922e+02) (8.434931e-03 4.507883e+00 2.838286e-01)) ((-9.294986e-01 2.120214e-01 4.731971e-01) (-4.865801e-02 2.046503e-03 3.333700e-03))
500.11        	((9.069846e+00 -1.492076e+01 -3.027249e+02) (1.135707e-02 4.829330e+00 2.068191e-02)) ((-5.488353e+01 -4.197991e-02 7.139503e-01) (-1.102769e-01 2.727080e-03 3.508108e-03))
500.12        	((3.833550e+00 -7.641681e+01 -1.244829e+02) (1.530489e-02 4.960051e+00 -4.979066e-02)) ((-3.797545e+01 4.135584e-01 1.596253e-01) (-1.609639e-01 3.687192e-03 2.860977e-03))
500.13        	((2.589483e+00 7.287033e+01 -9.544243e+01) (1.440110e-02 4.877508e+00 3.875331e-03)) ((3.015944e+00 9.064286e-01 -1.438166e+00) (-2.042385e-01 4.995035e-03 1.165316e-03))
500.14        	((4.238069e+00 2.328124e+02 -1.747499e+02) (1.218999e-02 4.738340e+00 9.851453e-03)) ((2.524728e+01 1.515581e+00 -2.968858e+00) (-2.171205e-01 6.725700e-03 -2.810100e-03))
500.15        	((7.420524e+00 2.446582e+02 -2.396017e+02) (1.123963e-02 4.615626e+00 -1.401559e-01)) ((1.825248e+01 1.450992e+00 -2.804188e+00) (-1.940418e-01 7.810729e-03 -6.925028e-03))
500.16        	((1.178145e+01 1.361568e+02 -2.536791e+02) (1.397087e-02 4.488556e+00 -3.725803e-01)) ((-7.187562e-01 1.020665e+00 -1.643339e+00) (-1.622856e-01 7.951689e-03 -9.005506e-03))
500.17        	((1.303349e+01 3.647964e+01 -2.469701e+02) (1.978817e-02 4.299050e+00 -5.571969e-01)) ((-1.368917e+01 6.337295e-01 -4.525251e-01) (-1.397204e-01 7.295117e-03 -8.987646e-03))
500.18        	((1.218523e+01 1.573830e+01 -2.372238e+02) (2.549918e-02 4.038539e+00 -6.594581e-01)) ((-1.288245e+01 3.650835e-01 1.656793e-01) (-1.334201e-01 6.573514e-03 -7.616282e-03))
500.19        	((1.286102e+01 4.931492e+01 -2.181141e+02) (3.064862e-02 3.766461e+00 -7.248380e-01)) ((-4.804680e+00 8.151110e-02 4.103046e-01) (-1.363581e-01 5.899131e-03 -6.394413e-03))
500.2         	((1.494527e+01 7.550576e+01 -1.820713e+02) (3.566316e-02 3.522803e+00 -8.011121e-01)) ((6.294804e-02 -2.081615e-01 5.837200e-01) (-1.405505e-01 5.360547e-03 -5.643570e-03))
500.21        	((1.601380e+01 6.934836e+01 -1.501456e+02) (4.089946e-02 3.302339e+00 -8.892047e-01)) ((-3.565518e+00 -4.729189e-01 7.948788e-01) (-1.411385e-01 5.046904e-03 -5.101031e-03))
500.22        	((1.472617e+01 4.943146e+01 -1.474823e+02) (4.627797e-02 3.082034e+00 -9.709260e-01)) ((-1.331064e+01 -6.439112e-01 9.494602e-01) (-1.371202e-01 4.784044e-03 -4.286357e-03))
500.23        	((1.204355e+01 3.944662e+01 -1.721349e+02) (5.017503e-02 2.855738e+00 -1.039968e+00)) ((-2.214135e+01 -6.744718e-01 9.415425e-01) (-1.275835e-01 4.443403e-03 -3.430111e-03))
500.24        	((9.604425e+00 4.160677e+01 -1.974222e+02) (5.174005e-02 2.636761e+00 -1.106398e+00)) ((-2.464254e+01 -5.794078e-01 7.777651e-01) (-1.163931e-01 4.391931e-03 -2.854982e-03))
500.25        	((7.945042e+00 4.281828e+01 -1.988759e+02) (5.162146e-02 2.443667e+00 -1.182633e+00)) ((-2.169711e+01 -4.132697e-01 5.220927e-01) (-1.079646e-01 4.637061e-03 -2.628007e-03))
500.26        	((6.182738e+00 3.364841e+01 -1.748123e+02) (5.076899e-02 2.282466e+00 -1.270999e+00)) ((-1.901059e+01 -2.325074e-01 2.216662e-01) (-1.030150e-01 4.994013e-03 -2.677889e-03))
500.27        	((3.343370e+00 1.742804e+01 -1.442894e+02) (4.919997e-02 2.144487e+00 -1.365443e+00)) ((-2.145085e+01 -8.145742e-02 -7.168931e-02) (-1.001322e-01 5.223869e-03 -2.863585e-03))
500.28        	((-3.922438e-01 4.117566e+00 -1.276651e+02) (4.589289e-02 2.018814e+00 -1.460089e+00)) ((-2.861667e+01 3.925035e-02 -3.297868e-01) (-9.643198e-02 5.451692e-03 -3.362414e-03))
500.29        	((-4.138809e+00 -1.275233e+00 -1.293926e+02) (4.066808e-02 1.902243e+00 -1.553952e+00)) ((-3.571504e+01 1.523260e-01 -5.495957e-01) (-9.120551e-02 5.510215e-03 -3.993386e-03))
500.3         	((-7.472440e+00 -2.145733e+00 -1.382305e+02) (3.305310e-02 1.794746e+00 -1.649806e+00)) ((-3.832938e+01 2.675290e-01 -7.248962e-01) (-8.721296e-02 5.542382e-03 -4.753849e-03))
500.31        	((-1.041667e+01 -4.961327e+00 -1.402787e+02) (2.342658e-02 1.698093e+00 -1.750121e+00)) ((-3.616733e+01 3.839314e-01 -8.472805e-01) (-8.765836e-02 5.485851e-03 -5.602976e-03))
500.32        	((-1.316137e+01 -1.239884e+01 -1.305061e+02) (1.254606e-02 1.612655e+00 -1.854235e+00)) ((-3.243262e+01 4.904430e-01 -8.946795e-01) (-9.412721e-02 5.310576e-03 -6.404446e-03))
500.33        	((-1.588580e+01 -2.191408e+01 -1.146516e+02) (-2.126012e-04 1.535380e+00 -1.956399e+00)) ((-3.050877e+01 5.811447e-01 -9.021548e-01) (-1.069951e-01 4.964570e-03 -7.209225e-03))
500.34        	((-1.869086e+01 -2.891128e+01 -1.019818e+02) (-1.637406e-02 1.460846e+00 -2.051512e+00)) ((-3.124010e+01 6.538356e-01 -9.146794e-01) (-1.239351e-01 4.538533e-03 -7.998028e-03))
500.35        	((-2.132175e+01 -3.110015e+01 -9.725406e+01) (-3.479099e-02 1.385812e+00 -2.134819e+00)) ((-3.281578e+01 7.010334e-01 -9.449852e-01) (-1.441704e-01 3.942512e-03 -8.704039e-03))
500.36        	((-2.359137e+01 -2.990207e+01 -9.854821e+01) (-5.554027e-02 1.309871e+00 -2.210475e+00)) ((-3.311402e+01 7.279293e-01 -9.949267e-01) (-1.639589e-01 3.052972e-03 -9.164402e-03))
500.37        	((-2.542404e+01 -2.868054e+01 -1.005266e+02) (-7.767093e-02 1.234882e+00 -2.278715e+00)) ((-3.142932e+01 7.268538e-01 -1.054480e+00) (-1.841645e-01 1.696072e-03 -9.270033e-03))
500.38        	((-2.682808e+01 -2.901232e+01 -9.951759e+01) (-1.012184e-01 1.161093e+00 -2.340319e+00)) ((-2.860239e+01 6.835537e-01 -1.095080e+00) (-2.044156e-01 -2.325998e-05 -9.013832e-03))
500.39        	((-2.780428e+01 -2.993265e+01 -9.613973e+01) (-1.259974e-01 1.086648e+00 -2.394244e+00)) ((-2.589882e+01 5.804519e-01 -1.114773e+00) (-2.239279e-01 -2.020829e-03 -8.311487e-03))
500.4         	((-2.844861e+01 -2.873491e+01 -9.433294e+01) (-1.512233e-01 1.010908e+00 -2.439143e+00)) ((-2.401590e+01 4.239712e-01 -1.127804e+00) (-2.416953e-01 -4.380546e-03 -7.271689e-03))
500.41        	((-2.884939e+01 -2.382335e+01 -9.766044e+01) (-1.767646e-01 9.341792e-01 -2.475828e+00)) ((-2.297287e+01 2.209600e-01 -1.160369e+00) (-2.559308e-01 -7.191663e-03 -6.032480e-03))
500.42        	((-2.900375e+01 -1.570067e+01 -1.066507e+02) (-2.013631e-01 8.639703e-01 -2.509214e+00)) ((-2.245306e+01 -3.513162e-02 -1.202163e+00) (-2.654335e-01 -1.052546e-02 -4.851793e-03))
500.43        	((-2.900654e+01 -6.336627e+00 -1.190118e+02) (-2.252748e-01 7.982655e-01 -2.543302e+00)) ((-2.228422e+01 -3.623099e-01 -1.206320e+00) (-2.695074e-01 -1.420845e-02 -3.540595e-03))
500.44        	((-2.881666e+01 2.706762e+00 -1.319583e+02) (-2.480373e-01 7.382506e-01 -2.580984e+00)) ((-2.251412e+01 -7.257828e-01 -1.165522e+00) (-2.696865e-01 -1.841337e-02 -2.523861e-03))
500.45        	((-2.832053e+01 1.105189e+01 -1.440829e+02) (-2.691486e-01 6.826517e-01 -2.622876e+00)) ((-2.336155e+01 -1.095790e+00 -1.101109e+00) (-2.669373e-01 -2.326490e-02 -1.680018e-03))
500.46        	((-2.747228e+01 1.934685e+01 -1.560926e+02) (-2.887216e-01 6.305363e-01 -2.668656e+00)) ((-2.518350e+01 -1.462092e+00 -1.048009e+00) (-2.623294e-01 -2.855444e-02 -1.225673e-03))
500.47        	((-2.632466e+01 2.773185e+01 -1.682985e+02) (-3.048178e-01 5.823709e-01 -2.718502e+00)) ((-2.792001e+01 -1.834932e+00 -1.026860e+00) (-2.566358e-01 -3.451036e-02 -1.516251e-03))
500.48        	((-2.497326e+01 3.572134e+01 -1.800192e+02) (-3.180136e-01 5.398649e-01 -2.773798e+00)) ((-3.113101e+01 -2.219597e+00 -1.039638e+00) (-2.507448e-01 -4.095331e-02 -2.566552e-03))
500.49        	((-2.355163e+01 4.248488e+01 -1.897053e+02) (-3.268422e-01 5.037968e-01 -2.837227e+00)) ((-3.416080e+01 -2.631473e+00 -1.085570e+00) (-2.455058e-01 -4.837877e-02 -4.230729e-03))
500.5         	((-2.207677e+01 4.783601e+01 -1.965732e+02) (-3.321464e-01 4.742731e-01 -2.907405e+00)) ((-3.659780e+01 -3.077244e+00 -1.124364e+00) (-2.412599e-01 -5.637194e-02 -6.476074e-03))
500.51        	((-2.055526e+01 5.215388e+01 -2.009100e+02) (-3.341773e-01 4.509409e-01 -2.982571e+00)) ((-3.824959e+01 -3.523081e+00 -1.141095e+00) (-2.378844e-01 -6.479944e-02 -9.286557e-03))
500.52        	((-1.906032e+01 5.598265e+01 -2.036802e+02) (-3.331757e-01 4.342030e-01 -3.061491e+00)) ((-3.911989e+01 -3.930684e+00 -1.145540e+00) (-2.346618e-01 -7.362842e-02 -1.260843e-02))
500.53        	((-1.768949e+01 5.956224e+01 -2.056828e+02) (-3.293608e-01 4.247003e-01 -3.145303e+00)) ((-3.925945e+01 -4.274663e+00 -1.172576e+00) (-2.315865e-01 -8.271307e-02 -1.636225e-02))
500.54        	((-1.643724e+01 6.298821e+01 -2.073521e+02) (-3.228011e-01 4.236715e-01 -3.234625e+00)) ((-3.876092e+01 -4.539670e+00 -1.265173e+00) (-2.284407e-01 -9.193709e-02 -2.033312e-02))
500.55        	((-1.529506e+01 6.619126e+01 -2.089190e+02) (-3.140503e-01 4.309148e-01 -3.329714e+00)) ((-3.773584e+01 -4.708847e+00 -1.455492e+00) (-2.247508e-01 -1.012852e-01 -2.435678e-02))
500.56        	((-1.433382e+01 6.897099e+01 -2.100909e+02) (-3.040193e-01 4.451988e-01 -3.429751e+00)) ((-3.632284e+01 -4.766320e+00 -1.755883e+00) (-2.205228e-01 -1.100001e-01 -2.933257e-02))
500.57        	((-1.369553e+01 7.209808e+01 -2.121758e+02) (-2.926598e-01 4.665498e-01 -3.536344e+00)) ((-3.483004e+01 -4.754620e+00 -2.117461e+00) (-2.153708e-01 -1.182516e-01 -3.502338e-02))
500.58        	((-1.348230e+01 7.617361e+01 -2.161849e+02) (-2.802730e-01 4.959432e-01 -3.650705e+00)) ((-3.355409e+01 -4.718729e+00 -2.503925e+00) (-2.095335e-01 -1.259048e-01 -4.157360e-02))
500.59        	((-1.370361e+01 8.142659e+01 -2.228029e+02) (-2.680228e-01 5.340921e-01 -3.774093e+00)) ((-3.274306e+01 -4.686559e+00 -2.912321e+00) (-2.031035e-01 -1.328687e-01 -4.913912e-02))
500.6         	((-1.442900e+01 8.731426e+01 -2.309996e+02) (-2.556280e-01 5.817852e-01 -3.907344e+00)) ((-3.237005e+01 -4.652474e+00 -3.316972e+00) (-1.961563e-01 -1.391926e-01 -5.773382e-02))
500.61        	((-1.571624e+01 9.344590e+01 -2.398151e+02) (-2.438425e-01 6.393247e-01 -4.050804e+00)) ((-3.235061e+01 -4.604370e+00 -3.695529e+00) (-1.888929e-01 -1.447522e-01 -6.730051e-02))
500.62        	((-1.756805e+01 9.989777e+01 -2.490787e+02) (-2.334184e-01 7.068140e-01 -4.204158e+00)) ((-3.265531e+01 -4.539299e+00 -4.023357e+00) (-1.817529e-01 -1.494938e-01 -7.774527e-02))
500.63        	((-1.989744e+01 1.068902e+02 -2.589807e+02) (-2.252174e-01 7.843175e-01 -4.367134e+00)) ((-3.332324e+01 -4.463560e+00 -4.291473e+00) (-1.750862e-01 -1.533135e-01 -8.889494e-02))
500.64        	((-2.271283e+01 1.145585e+02 -2.697448e+02) (-2.200616e-01 8.721656e-01 -4.539422e+00)) ((-3.440361e+01 -4.377408e+00 -4.494956e+00) (-1.690145e-01 -1.561577e-01 -1.006002e-01))
500.65        	((-2.601230e+01 1.227420e+02 -2.811018e+02) (-2.184805e-01 9.709312e-01 -4.720484e+00)) ((-3.587807e+01 -4.270260e+00 -4.638858e+00) (-1.636680e-01 -1.579230e-01 -1.125974e-01))
500.66        	((-2.983093e+01 1.312213e+02 -2.927561e+02) (-2.211945e-01 1.080426e+00 -4.908924e+00)) ((-3.768842e+01 -4.125203e+00 -4.717768e+00) (-1.594102e-01 -1.585560e-01 -1.243695e-01))
500.67        	((-3.418866e+01 1.397541e+02 -3.043024e+02) (-2.287255e-01 1.199925e+00 -5.103238e+00)) ((-3.974303e+01 -3.923554e+00 -4.755694e+00) (-1.564572e-01 -1.581748e-01 -1.356167e-01))
500.68        	((-3.898303e+01 1.481999e+02 -3.155690e+02) (-2.416678e-01 1.328490e+00 -5.302008e+00)) ((-4.196941e+01 -3.657776e+00 -4.780747e+00) (-1.547608e-01 -1.567664e-01 -1.461606e-01))
500.69        	((-4.408001e+01 1.564408e+02 -3.263706e+02) (-2.604431e-01 1.464760e+00 -5.503201e+00)) ((-4.428522e+01 -3.310010e+00 -4.827241e+00) (-1.542324e-01 -1.541988e-01 -1.558077e-01))
500.7         	((-4.944316e+01 1.644656e+02 -3.368031e+02) (-2.854086e-01 1.607452e+00 -5.704679e+00)) ((-4.668230e+01 -2.872183e+00 -4.914503e+00) (-1.548506e-01 -1.504598e-01 -1.643776e-01))
500.71        	((-5.513828e+01 1.721645e+02 -3.468156e+02) (-3.169972e-01 1.754926e+00 -5.904750e+00)) ((-4.913390e+01 -2.348634e+00 -5.052416e+00) (-1.565692e-01 -1.456030e-01 -1.716623e-01))
500.72        	((-6.116338e+01 1.794008e+02 -3.562865e+02) (-3.554342e-01 1.905360e+00 -6.101571e+00)) ((-5.157951e+01 -1.752587e+00 -5.248358e+00) (-1.593163e-01 -1.397082e-01 -1.775215e-01))
500.73        	((-6.747614e+01 1.860330e+02 -3.650535e+02) (-4.011160e-01 2.056805e+00 -6.293072e+00)) ((-5.396534e+01 -1.100620e+00 -5.499024e+00) (-1.630700e-01 -1.328596e-01 -1.817324e-01))
500.74        	((-7.401236e+01 1.920172e+02 -3.731023e+02) (-4.539179e-01 2.207176e+00 -6.478178e+00)) ((-5.628808e+01 -4.132141e-01 -5.790102e+00) (-1.680266e-01 -1.249326e-01 -1.843937e-01))
500.75        	((-8.067403e+01 1.973164e+02 -3.803883e+02) (-5.137296e-01 2.353966e+00 -6.654721e+00)) ((-5.854967e+01 2.975021e-01 -6.107843e+00) (-1.738941e-01 -1.159712e-01 -1.852989e-01))
500.76        	((-8.740672e+01 2.019144e+02 -3.869227e+02) (-5.796640e-01 2.495968e+00 -6.821802e+00)) ((-6.075202e+01 1.035018e+00 -6.443017e+00) (-1.808643e-01 -1.059438e-01 -1.848408e-01))
500.77        	((-9.411179e+01 2.058619e+02 -3.928042e+02) (-6.513595e-01 2.630996e+00 -6.977289e+00)) ((-6.292608e+01 1.791121e+00 -6.786184e+00) (-1.888295e-01 -9.487803e-02 -1.826539e-01))
500.78        	((-1.006093e+02 2.092376e+02 -3.981815e+02) (-7.280992e-01 2.757261e+00 -7.119472e+00)) ((-6.507339e+01 2.553985e+00 -7.134949e+00) (-1.977625e-01 -8.285273e-02 -1.784432e-01))
500.79        	((-1.066662e+02 2.120234e+02 -4.030258e+02) (-8.087068e-01 2.873346e+00 -7.247480e+00)) ((-6.719732e+01 3.329510e+00 -7.484680e+00) (-2.077060e-01 -6.977153e-02 -1.721128e-01))
500.8         	((-1.120925e+02 2.141566e+02 -4.072076e+02) (-8.916170e-01 2.977822e+00 -7.360145e+00)) ((-6.927208e+01 4.103260e+00 -7.817658e+00) (-2.185401e-01 -5.558462e-02 -1.636084e-01))
500.81        	((-1.166408e+02 2.156740e+02 -4.107021e+02) (-9.749976e-01 3.069695e+00 -7.456313e+00)) ((-7.127905e+01 4.869038e+00 -8.127462e+00) (-2.301365e-01 -4.032057e-02 -1.528957e-01))
500.82        	((-1.201231e+02 2.167619e+02 -4.137037e+02) (-1.056798e+00 3.148476e+00 -7.534908e+00)) ((-7.326431e+01 5.614940e+00 -8.392885e+00) (-2.423857e-01 -2.398235e-02 -1.399577e-01))
500.83        	((-1.223786e+02 2.174699e+02 -4.161129e+02) (-1.134686e+00 3.213962e+00 -7.594860e+00)) ((-7.516947e+01 6.318462e+00 -8.597107e+00) (-2.550919e-01 -6.688443e-03 -1.249260e-01))
500.84        	((-1.232991e+02 2.178834e+02 -4.179499e+02) (-1.206519e+00 3.266213e+00 -7.635101e+00)) ((-7.695347e+01 6.959712e+00 -8.729512e+00) (-2.679725e-01 1.142480e-02 -1.077812e-01))
500.85        	((-1.227737e+02 2.181432e+02 -4.193214e+02) (-1.269923e+00 3.305709e+00 -7.655056e+00)) ((-7.862613e+01 7.523895e+00 -8.768111e+00) (-2.808609e-01 3.019006e-02 -8.890270e-02))
500.86        	((-1.207582e+02 2.183458e+02 -4.202403e+02) (-1.323074e+00 3.333785e+00 -7.655656e+00)) ((-8.015721e+01 7.992785e+00 -8.689737e+00) (-2.936823e-01 4.897571e-02 -6.898033e-02))
500.87        	((-1.172560e+02 2.184492e+02 -4.204701e+02) (-1.363943e+00 3.350317e+00 -7.635382e+00)) ((-8.147905e+01 8.353844e+00 -8.487793e+00) (-3.061165e-01 6.755164e-02 -4.786203e-02))
500.88        	((-1.123078e+02 2.186326e+02 -4.203029e+02) (-1.391483e+00 3.356128e+00 -7.594662e+00)) ((-8.264059e+01 8.598461e+00 -8.149005e+00) (-3.179223e-01 8.545387e-02 -2.623857e-02))
500.89        	((-1.059667e+02 2.188782e+02 -4.196610e+02) (-1.404664e+00 3.351940e+00 -7.534084e+00)) ((-8.361948e+01 8.723633e+00 -7.666396e+00) (-3.287933e-01 1.021215e-01 -4.517249e-03))
500.9         	((-9.839260e+01 2.191172e+02 -4.183978e+02) (-1.403253e+00 3.338559e+00 -7.454850e+00)) ((-8.436957e+01 8.724869e+00 -7.041383e+00) (-3.384073e-01 1.169077e-01 1.663944e-02))
500.91        	((-8.976269e+01 2.193167e+02 -4.165257e+02) (-1.387336e+00 3.316721e+00 -7.358295e+00)) ((-8.488929e+01 8.611149e+00 -6.282125e+00) (-3.465504e-01 1.291853e-01 3.656215e-02))
500.92        	((-8.029285e+01 2.193869e+02 -4.139775e+02) (-1.357778e+00 3.286940e+00 -7.246178e+00)) ((-8.516470e+01 8.400371e+00 -5.404824e+00) (-3.529338e-01 1.385745e-01 5.459591e-02))
500.93        	((-7.026451e+01 2.191903e+02 -4.106352e+02) (-1.316070e+00 3.249910e+00 -7.120763e+00)) ((-8.517349e+01 8.112991e+00 -4.440064e+00) (-3.572793e-01 1.447433e-01 7.023782e-02))
500.94        	((-5.998807e+01 2.186192e+02 -4.064639e+02) (-1.264137e+00 3.206136e+00 -6.984760e+00)) ((-8.491979e+01 7.772173e+00 -3.420106e+00) (-3.593372e-01 1.475607e-01 8.303152e-02))
500.95        	((-4.980628e+01 2.175901e+02 -4.014974e+02) (-1.204386e+00 3.156534e+00 -6.841456e+00)) ((-8.442713e+01 7.399969e+00 -2.376563e+00) (-3.590436e-01 1.470959e-01 9.269824e-02))
500.96        	((-4.003353e+01 2.159943e+02 -3.956767e+02) (-1.139229e+00 3.101844e+00 -6.694338e+00)) ((-8.369998e+01 7.017602e+00 -1.349494e+00) (-3.563360e-01 1.436440e-01 9.914127e-02))
500.97        	((-3.096034e+01 2.137843e+02 -3.890437e+02) (-1.071025e+00 3.043420e+00 -6.547238e+00)) ((-8.276635e+01 6.645183e+00 -3.728266e-01) (-3.516507e-01 1.375588e-01 1.023864e-01))
500.98        	((-2.280790e+01 2.109214e+02 -3.816709e+02) (-1.002833e+00 2.982454e+00 -6.403284e+00)) ((-8.165053e+01 6.294847e+00 5.281496e-01) (-3.450601e-01 1.297700e-01 1.026841e-01))
500.99        	((-1.575832e+01 2.074016e+02 -3.736265e+02) (-9.367664e-01 2.920265e+00 -6.267157e+00)) ((-8.037776e+01 5.977691e+00 1.329835e+00) (-3.366065e-01 1.204674e-01 1.005204e-01))
501           	((-9.669640e+00 2.029208e+02 -3.641867e+02) (-8.728584e-01 2.858222e+00 -6.139903e+00)) ((-7.880028e+01 5.708465e+00 2.029280e+00) (-3.266987e-01 1.109313e-01 9.640945e-02))
501.01        	((-5.101203e+00 1.982177e+02 -3.550567e+02) (-8.162090e-01 2.797199e+00 -6.023478e+00)) ((-7.731422e+01 5.454799e+00 2.622578e+00) (-3.159685e-01 1.016052e-01 9.117853e-02))
501.02        	((-1.945250e+00 1.932249e+02 -3.459295e+02) (-7.659927e-01 2.738743e+00 -5.919815e+00)) ((-7.585843e+01 5.216367e+00 3.118241e+00) (-3.048732e-01 9.319380e-02 8.532168e-02))
501.03        	((1.143894e-01 1.875904e+02 -3.357134e+02) (-7.218673e-01 2.683486e+00 -5.829427e+00)) ((-7.420031e+01 5.005095e+00 3.536894e+00) (-2.940071e-01 8.602532e-02 7.927736e-02))
501.04        	((1.104877e+00 1.817718e+02 -3.255536e+02) (-6.861801e-01 2.631606e+00 -5.751356e+00)) ((-7.257557e+01 4.797895e+00 3.899235e+00) (-2.837317e-01 8.021624e-02 7.360551e-02))
501.05        	((1.122645e+00 1.756004e+02 -3.147741e+02) (-6.574649e-01 2.583156e+00 -5.684920e+00)) ((-7.084291e+01 4.602943e+00 4.218016e+00) (-2.745104e-01 7.586195e-02 6.846030e-02))
501.06        	((3.109525e-01 1.694382e+02 -3.043516e+02) (-6.366329e-01 2.537842e+00 -5.628558e+00)) ((-6.919530e+01 4.407889e+00 4.509770e+00) (-2.665743e-01 7.283235e-02 6.415465e-02))
501.07        	((-1.214149e+00 1.632838e+02 -2.940483e+02) (-6.228185e-01 2.495417e+00 -5.581015e+00)) ((-6.758602e+01 4.218480e+00 4.780436e+00) (-2.602519e-01 7.092264e-02 6.067489e-02))
501.08        	((-3.366899e+00 1.571400e+02 -2.836852e+02) (-6.154682e-01 2.455329e+00 -5.540391e+00)) ((-6.598441e+01 4.037461e+00 5.035941e+00) (-2.556359e-01 6.989800e-02 5.802896e-02))
501.09        	((-6.047737e+00 1.510457e+02 -2.732905e+02) (-6.144610e-01 2.417017e+00 -5.504977e+00)) ((-6.439787e+01 3.866335e+00 5.282222e+00) (-2.528388e-01 6.950817e-02 5.619396e-02))
501.1         	((-9.151445e+00 1.450558e+02 -2.630212e+02) (-6.190391e-01 2.379893e+00 -5.472847e+00)) ((-6.285747e+01 3.707026e+00 5.518699e+00) (-2.518301e-01 6.944803e-02 5.511082e-02))
501.11        	((-1.255364e+01 1.392386e+02 -2.530676e+02) (-6.287962e-01 2.343496e+00 -5.442644e+00)) ((-6.139840e+01 3.565279e+00 5.743625e+00) (-2.525511e-01 6.946607e-02 5.463546e-02))
501.12        	((-1.614050e+01 1.336337e+02 -2.434945e+02) (-6.435198e-01 2.307525e+00 -5.413588e+00)) ((-6.002888e+01 3.444662e+00 5.955582e+00) (-2.551531e-01 6.952889e-02 5.489643e-02))
501.13        	((-1.982029e+01 1.282425e+02 -2.342586e+02) (-6.622008e-01 2.271514e+00 -5.384372e+00)) ((-5.872974e+01 3.347170e+00 6.151627e+00) (-2.593854e-01 6.944375e-02 5.561161e-02))
501.14        	((-2.352482e+01 1.230598e+02 -2.253184e+02) (-6.843297e-01 2.235360e+00 -5.354251e+00)) ((-5.748597e+01 3.272435e+00 6.330240e+00) (-2.651874e-01 6.915460e-02 5.670569e-02))
501.15        	((-2.718097e+01 1.180677e+02 -2.166254e+02) (-7.093567e-01 2.199005e+00 -5.322683e+00)) ((-5.628142e+01 3.220287e+00 6.490285e+00) (-2.724833e-01 6.861457e-02 5.811360e-02))
501.16        	((-3.072894e+01 1.132665e+02 -2.081868e+02) (-7.369018e-01 2.162375e+00 -5.289153e+00)) ((-5.511796e+01 3.193031e+00 6.628179e+00) (-2.811077e-01 6.780154e-02 5.981606e-02))
501.17        	((-3.412069e+01 1.086734e+02 -2.000164e+02) (-7.665460e-01 2.125526e+00 -5.253307e+00)) ((-5.400064e+01 3.192751e+00 6.739700e+00) (-2.909544e-01 6.677564e-02 6.182647e-02))
501.18        	((-3.731750e+01 1.043010e+02 -1.921227e+02) (-7.977475e-01 2.088567e+00 -5.214717e+00)) ((-5.292973e+01 3.217572e+00 6.821760e+00) (-3.017860e-01 6.557471e-02 6.410489e-02))
501.19        	((-4.029495e+01 1.001433e+02 -1.844666e+02) (-8.301395e-01 2.051546e+00 -5.173332e+00)) ((-5.189449e+01 3.264195e+00 6.871895e+00) (-3.134259e-01 6.418406e-02 6.658901e-02))
501.2         	((-4.304249e+01 9.619009e+01 -1.770023e+02) (-8.632944e-01 2.014679e+00 -5.128567e+00)) ((-5.088557e+01 3.329430e+00 6.888322e+00) (-3.253046e-01 6.287026e-02 6.896088e-02))
501.21        	((-4.553948e+01 9.241596e+01 -1.696720e+02) (-8.970122e-01 1.978637e+00 -5.083109e+00)) ((-4.987966e+01 3.412630e+00 6.870945e+00) (-3.389351e-01 6.053904e-02 7.190726e-02))
501.22        	((-4.776401e+01 8.881489e+01 -1.624372e+02) (-9.301902e-01 1.942949e+00 -5.033721e+00)) ((-4.886383e+01 3.509771e+00 6.822247e+00) (-3.528876e-01 5.836258e-02 7.496469e-02))
501.23        	((-4.970825e+01 8.537897e+01 -1.552766e+02) (-9.629100e-01 1.908089e+00 -4.981458e+00)) ((-4.782929e+01 3.615146e+00 6.746022e+00) (-3.674430e-01 5.590074e-02 7.818772e-02))
501.24        	((-5.137752e+01 8.211219e+01 -1.481794e+02) (-9.948498e-01 1.874321e+00 -4.925865e+00)) ((-4.677157e+01 3.726887e+00 6.640882e+00) (-3.823503e-01 5.344118e-02 8.157126e-02))
501.25        	((-5.278044e+01 7.900556e+01 -1.411249e+02) (-1.025749e+00 1.841964e+00 -4.866936e+00)) ((-4.568729e+01 3.842080e+00 6.506643e+00) (-3.975817e-01 5.087518e-02 8.509485e-02))
501.26        	((-5.391735e+01 7.605091e+01 -1.340899e+02) (-1.055356e+00 1.811172e+00 -4.804435e+00)) ((-4.457198e+01 3.958739e+00 6.344746e+00) (-4.130500e-01 4.823158e-02 8.874289e-02))
501.27        	((-5.478809e+01 7.323163e+01 -1.270373e+02) (-1.083477e+00 1.782243e+00 -4.738356e+00)) ((-4.341698e+01 4.073839e+00 6.160956e+00) (-4.288381e-01 4.553080e-02 9.253037e-02))
501.28        	((-5.539058e+01 7.052043e+01 -1.199098e+02) (-1.109834e+00 1.755215e+00 -4.668347e+00)) ((-4.220122e+01 4.189508e+00 5.953458e+00) (-4.447847e-01 4.278563e-02 9.642831e-02))
501.29        	((-5.573202e+01 6.789490e+01 -1.126748e+02) (-1.134236e+00 1.730204e+00 -4.594130e+00)) ((-4.090806e+01 4.302960e+00 5.724344e+00) (-4.609218e-01 4.006379e-02 1.004172e-01))
501.3         	((-5.582274e+01 6.534050e+01 -1.053229e+02) (-1.156573e+00 1.707437e+00 -4.515450e+00)) ((-3.952645e+01 4.414261e+00 5.473786e+00) (-4.770556e-01 3.734567e-02 1.045327e-01))
501.31        	((-5.568144e+01 6.285239e+01 -9.786716e+01) (-1.176668e+00 1.687087e+00 -4.432276e+00)) ((-3.805720e+01 4.521671e+00 5.205389e+00) (-4.931291e-01 3.467371e-02 1.087143e-01))
501.32        	((-5.532421e+01 6.042754e+01 -9.032012e+01) (-1.194484e+00 1.669225e+00 -4.344302e+00)) ((-3.650888e+01 4.626143e+00 4.920151e+00) (-5.090304e-01 3.203581e-02 1.130160e-01))
501.33        	((-5.476913e+01 5.806272e+01 -8.268541e+01) (-1.209886e+00 1.654022e+00 -4.251408e+00)) ((-3.488814e+01 4.723622e+00 4.624975e+00) (-5.247964e-01 2.950723e-02 1.173774e-01))
501.34        	((-5.403258e+01 5.590382e+01 -7.517924e+01) (-1.223103e+00 1.641472e+00 -4.153243e+00)) ((-3.321447e+01 4.806544e+00 4.318188e+00) (-5.402797e-01 2.702725e-02 1.218511e-01))
501.35        	((-5.311918e+01 5.344772e+01 -6.695321e+01) (-1.233459e+00 1.631472e+00 -4.045745e+00)) ((-3.135641e+01 4.883356e+00 3.992129e+00) (-5.556571e-01 2.460975e-02 1.263996e-01))
501.36        	((-5.197507e+01 5.092459e+01 -5.837377e+01) (-1.240985e+00 1.623933e+00 -3.932916e+00)) ((-2.934145e+01 4.962141e+00 3.648567e+00) (-5.704457e-01 2.230883e-02 1.310402e-01))
501.37        	((-5.060290e+01 4.855897e+01 -4.992013e+01) (-1.245766e+00 1.619013e+00 -3.814807e+00)) ((-2.724407e+01 5.042280e+00 3.294877e+00) (-5.845526e-01 2.002386e-02 1.356279e-01))
501.38        	((-4.904003e+01 4.636655e+01 -4.174054e+01) (-1.247824e+00 1.616586e+00 -3.690800e+00)) ((-2.510206e+01 5.119918e+00 2.937333e+00) (-5.978746e-01 1.787982e-02 1.401958e-01))
501.39        	((-4.734752e+01 4.421074e+01 -3.366078e+01) (-1.247029e+00 1.616728e+00 -3.560950e+00)) ((-2.290033e+01 5.191053e+00 2.585128e+00) (-6.103097e-01 1.579049e-02 1.445917e-01))
501.4         	((-4.555565e+01 4.200436e+01 -2.550754e+01) (-1.243296e+00 1.619034e+00 -3.425031e+00)) ((-2.061522e+01 5.255007e+00 2.241923e+00) (-6.217218e-01 1.381655e-02 1.488591e-01))
501.41        	((-4.365106e+01 3.977534e+01 -1.727266e+01) (-1.236552e+00 1.623310e+00 -3.283071e+00)) ((-1.824818e+01 5.312741e+00 1.907651e+00) (-6.321134e-01 1.196377e-02 1.530371e-01))
501.42        	((-4.162240e+01 3.760057e+01 -9.085828e+00) (-1.226772e+00 1.629495e+00 -3.135238e+00)) ((-1.582307e+01 5.362691e+00 1.583978e+00) (-6.415076e-01 1.029555e-02 1.570836e-01))
501.43        	((-3.946642e+01 3.553339e+01 -1.086495e+00) (-1.214091e+00 1.637361e+00 -2.981680e+00)) ((-1.337268e+01 5.401209e+00 1.272106e+00) (-6.497242e-01 8.773554e-03 1.610143e-01))
501.44        	((-3.720014e+01 3.357741e+01 6.675825e+00) (-1.198750e+00 1.646830e+00 -2.823142e+00)) ((-1.092145e+01 5.419899e+00 9.833811e-01) (-6.568656e-01 7.326018e-03 1.649877e-01))
501.45        	((-3.482425e+01 3.172895e+01 1.419556e+01) (-1.180633e+00 1.657741e+00 -2.660017e+00)) ((-8.492005e+00 5.409122e+00 7.315172e-01) (-6.631778e-01 6.150907e-03 1.690194e-01))
501.46        	((-3.233210e+01 2.997319e+01 2.146075e+01) (-1.159614e+00 1.669478e+00 -2.492213e+00)) ((-6.101932e+00 5.363291e+00 5.253087e-01) (-6.684553e-01 5.219119e-03 1.730733e-01))
501.47        	((-2.971473e+01 2.832655e+01 2.839520e+01) (-1.135740e+00 1.681659e+00 -2.320495e+00)) ((-3.781309e+00 5.278580e+00 3.662884e-01) (-6.727033e-01 4.398116e-03 1.771671e-01))
501.48        	((-2.696476e+01 2.681486e+01 3.490513e+01) (-1.109110e+00 1.694038e+00 -2.145818e+00)) ((-1.562483e+00 5.154793e+00 2.523440e-01) (-6.759020e-01 3.621780e-03 1.812694e-01))
501.49        	((-2.408162e+01 2.544476e+01 4.092479e+01) (-1.079802e+00 1.706325e+00 -1.969079e+00)) ((5.322206e-01 4.995202e+00 1.723372e-01) (-6.779907e-01 2.955589e-03 1.853939e-01))
501.5         	((-2.120961e+01 2.398614e+01 4.692697e+01) (-1.048783e+00 1.718256e+00 -1.790965e+00)) ((2.588620e+00 4.784640e+00 1.400477e-01) (-6.789533e-01 2.405432e-03 1.895940e-01))
501.51        	((-1.832638e+01 2.276069e+01 5.215951e+01) (-1.015603e+00 1.729561e+00 -1.612640e+00)) ((4.433442e+00 4.540457e+00 1.226193e-01) (-6.789081e-01 1.959656e-03 1.936706e-01))
501.52        	((-1.545426e+01 2.192573e+01 5.625292e+01) (-9.807382e-01 1.740496e+00 -1.435584e+00)) ((5.977402e+00 4.290514e+00 7.880232e-02) (-6.778083e-01 1.557351e-03 1.974905e-01))
501.53        	((-1.271735e+01 2.142702e+01 5.929397e+01) (-9.449044e-01 1.750983e+00 -1.262066e+00)) ((7.257014e+00 4.054496e+00 -2.208361e-02) (-6.755376e-01 1.041687e-03 2.008626e-01))
501.54        	((-1.027405e+01 2.116905e+01 6.147553e+01) (-9.087817e-01 1.761250e+00 -1.093690e+00)) ((8.322503e+00 3.834514e+00 -1.902058e-01) (-6.719895e-01 4.165164e-04 2.035175e-01))
501.55        	((-8.202078e+00 2.108685e+01 6.293201e+01) (-8.730826e-01 1.771207e+00 -9.318708e-01)) ((9.213485e+00 3.628444e+00 -4.272478e-01) (-6.669402e-01 -2.690377e-04 2.051138e-01))
501.56        	((-6.517564e+00 2.121764e+01 6.360400e+01) (-8.381641e-01 1.781017e+00 -7.774283e-01)) ((9.887471e+00 3.429934e+00 -7.129321e-01) (-6.605678e-01 -1.175930e-03 2.056487e-01))
501.57        	((-5.167000e+00 2.164546e+01 6.337628e+01) (-8.042149e-01 1.790758e+00 -6.313494e-01)) ((1.028620e+01 3.232595e+00 -1.011886e+00) (-6.530901e-01 -2.309055e-03 2.052377e-01))
501.58        	((-4.070014e+00 2.240256e+01 6.224864e+01) (-7.712144e-01 1.800815e+00 -4.950380e-01)) ((1.039781e+01 3.041124e+00 -1.293534e+00) (-6.447125e-01 -3.726576e-03 2.041353e-01))
501.59        	((-3.160168e+00 2.345527e+01 6.031357e+01) (-7.392117e-01 1.811038e+00 -3.691418e-01)) ((1.024039e+01 2.851825e+00 -1.527251e+00) (-6.355436e-01 -5.299456e-03 2.026464e-01))
501.6         	((-2.379952e+00 2.472024e+01 5.771032e+01) (-7.084957e-01 1.821874e+00 -2.534161e-01)) ((9.863426e+00 2.658221e+00 -1.695958e+00) (-6.255952e-01 -6.816222e-03 2.007524e-01))
501.61        	((-1.708465e+00 2.614886e+01 5.451127e+01) (-6.787895e-01 1.833021e+00 -1.480993e-01)) ((9.315944e+00 2.453875e+00 -1.797866e+00) (-6.150183e-01 -8.212529e-03 1.985224e-01))
501.62        	((-1.125042e+00 2.770927e+01 5.075025e+01) (-6.501045e-01 1.844484e+00 -5.310931e-02)) ((8.624979e+00 2.240143e+00 -1.837266e+00) (-6.039205e-01 -9.469686e-03 1.959466e-01))
501.63        	((-5.919517e-01 2.937984e+01 4.644664e+01) (-6.221979e-01 1.856015e+00 3.145534e-02)) ((7.803130e+00 2.028492e+00 -1.821444e+00) (-5.923288e-01 -1.055767e-02 1.929572e-01))
501.64        	((8.747006e-02 3.128773e+01 4.119769e+01) (-5.941912e-01 1.867654e+00 1.051487e-01)) ((6.729198e+00 1.851369e+00 -1.763883e+00) (-5.805527e-01 -1.146600e-02 1.896186e-01))
501.65        	((8.193310e-01 3.316499e+01 3.568629e+01) (-5.670897e-01 1.879696e+00 1.680406e-01)) ((5.603742e+00 1.698814e+00 -1.677668e+00) (-5.686625e-01 -1.227625e-02 1.862222e-01))
501.66        	((1.485544e+00 3.489169e+01 3.026976e+01) (-5.409110e-01 1.891749e+00 2.205409e-01)) ((4.539545e+00 1.557293e+00 -1.560574e+00) (-5.568320e-01 -1.314123e-02 1.828567e-01))
501.67        	((2.061235e+00 3.648027e+01 2.491293e+01) (-5.154824e-01 1.903189e+00 2.631235e-01)) ((3.530696e+00 1.423749e+00 -1.414809e+00) (-5.451808e-01 -1.416705e-02 1.794639e-01))
501.68        	((2.589617e+00 3.798514e+01 1.940629e+01) (-4.907675e-01 1.914003e+00 2.960813e-01)) ((2.508382e+00 1.305056e+00 -1.257563e+00) (-5.338167e-01 -1.541689e-02 1.760000e-01))
501.69        	((3.085292e+00 3.943344e+01 1.367832e+01) (-4.668064e-01 1.924298e+00 3.196095e-01)) ((1.432377e+00 1.209690e+00 -1.112140e+00) (-5.228705e-01 -1.689282e-02 1.724117e-01))
501.7         	((3.493368e+00 4.080363e+01 7.876742e+00) (-4.436962e-01 1.934135e+00 3.338377e-01)) ((3.284508e-01 1.140388e+00 -9.988964e-01) (-5.125428e-01 -1.855151e-02 1.686349e-01))
501.71        	((3.720035e+00 4.206554e+01 2.185378e+00) (-4.216515e-01 1.943661e+00 3.392696e-01)) ((-7.467682e-01 1.093874e+00 -9.262819e-01) (-5.028919e-01 -2.038877e-02 1.646652e-01))
501.72        	((3.677249e+00 4.322876e+01 -3.312017e+00) (-4.010138e-01 1.953105e+00 3.367735e-01)) ((-1.770901e+00 1.062400e+00 -8.906886e-01) (-4.940011e-01 -2.236464e-02 1.604702e-01))
501.73        	((3.300689e+00 4.435051e+01 -8.654910e+00) (-3.820699e-01 1.962640e+00 3.271063e-01)) ((-2.765678e+00 1.042324e+00 -8.885598e-01) (-4.858748e-01 -2.444684e-02 1.560461e-01))
501.74        	((2.548294e+00 4.551866e+01 -1.397941e+01) (-3.652083e-01 1.972494e+00 3.110523e-01)) ((-3.763349e+00 1.032917e+00 -9.210165e-01) (-4.785321e-01 -2.659190e-02 1.513443e-01))
501.75        	((1.377540e+00 4.681001e+01 -1.938161e+01) (-3.507738e-01 1.982944e+00 2.892796e-01)) ((-4.761969e+00 1.034583e+00 -9.940872e-01) (-4.720377e-01 -2.876575e-02 1.463695e-01))
501.76        	((-2.419211e-01 4.824189e+01 -2.482835e+01) (-3.392344e-01 1.994263e+00 2.622493e-01)) ((-5.734666e+00 1.047899e+00 -1.106914e+00) (-4.664263e-01 -3.092523e-02 1.410881e-01))
501.77        	((-2.331474e+00 4.979132e+01 -3.021414e+01) (-3.310190e-01 2.006723e+00 2.305042e-01)) ((-6.669022e+00 1.073885e+00 -1.243702e+00) (-4.616938e-01 -3.300836e-02 1.355044e-01))
501.78        	((-4.885959e+00 5.144638e+01 -3.548470e+01) (-3.266518e-01 2.020602e+00 1.945871e-01)) ((-7.572876e+00 1.109787e+00 -1.384646e+00) (-4.577712e-01 -3.491577e-02 1.296067e-01))
501.79        	((-7.874370e+00 5.320541e+01 -4.065391e+01) (-3.263314e-01 2.036239e+00 1.550149e-01)) ((-8.462076e+00 1.153003e+00 -1.514197e+00) (-4.545767e-01 -3.662747e-02 1.234885e-01))
501.8         	((-1.125079e+01 5.507967e+01 -4.576938e+01) (-3.302645e-01 2.053847e+00 1.122268e-01)) ((-9.343538e+00 1.205738e+00 -1.630848e+00) (-4.520270e-01 -3.809255e-02 1.172207e-01))
501.81        	((-1.496864e+01 5.705090e+01 -5.082942e+01) (-3.385148e-01 2.073684e+00 6.644536e-02)) ((-1.021569e+01 1.272955e+00 -1.740446e+00) (-4.501064e-01 -3.934710e-02 1.109083e-01))
501.82        	((-1.897133e+01 5.908068e+01 -5.578618e+01) (-3.509143e-01 2.095775e+00 1.771829e-02)) ((-1.107391e+01 1.357177e+00 -1.846342e+00) (-4.486610e-01 -4.042911e-02 1.046444e-01))
501.83        	((-2.318270e+01 6.113415e+01 -6.059954e+01) (-3.674337e-01 2.120124e+00 -3.387091e-02)) ((-1.191800e+01 1.457738e+00 -1.950296e+00) (-4.475771e-01 -4.138139e-02 9.844502e-02))
501.84        	((-2.752597e+01 6.319030e+01 -6.525224e+01) (-3.879986e-01 2.146748e+00 -8.818042e-02)) ((-1.275343e+01 1.570809e+00 -2.050878e+00) (-4.467215e-01 -4.220507e-02 9.234445e-02))
501.85        	((-3.192414e+01 6.523705e+01 -6.974256e+01) (-4.124256e-01 2.175642e+00 -1.451260e-01)) ((-1.358195e+01 1.695827e+00 -2.152282e+00) (-4.460659e-01 -4.295524e-02 8.629614e-02))
501.86        	((-3.631217e+01 6.725266e+01 -7.405846e+01) (-4.404819e-01 2.206674e+00 -2.046576e-01)) ((-1.440157e+01 1.831293e+00 -2.252765e+00) (-4.455517e-01 -4.369195e-02 8.034220e-02))
501.87        	((-4.064568e+01 6.921647e+01 -7.819184e+01) (-4.720051e-01 2.239688e+00 -2.667447e-01)) ((-1.521300e+01 1.973646e+00 -2.349241e+00) (-4.451445e-01 -4.445423e-02 7.448575e-02))
501.88        	((-4.488441e+01 7.110388e+01 -8.212788e+01) (-5.068683e-01 2.274408e+00 -3.313138e-01)) ((-1.601018e+01 2.124335e+00 -2.439725e+00) (-4.448370e-01 -4.532505e-02 6.879234e-02))
501.89        	((-4.898676e+01 7.289272e+01 -8.584262e+01) (-5.448600e-01 2.310584e+00 -3.983518e-01)) ((-1.678628e+01 2.282349e+00 -2.522281e+00) (-4.445719e-01 -4.634456e-02 6.330457e-02))
501.9         	((-5.292954e+01 7.456078e+01 -8.931367e+01) (-5.859152e-01 2.347870e+00 -4.677716e-01)) ((-1.753091e+01 2.445889e+00 -2.593329e+00) (-4.443204e-01 -4.753059e-02 5.806034e-02))
501.91        	((-5.671955e+01 7.608892e+01 -9.253220e+01) (-6.299054e-01 2.385979e+00 -5.393796e-01)) ((-1.823032e+01 2.613786e+00 -2.648742e+00) (-4.440386e-01 -4.889511e-02 5.307104e-02))
501.92        	((-6.037535e+01 7.747750e+01 -9.550247e+01) (-6.769180e-01 2.424530e+00 -6.130266e-01)) ((-1.887728e+01 2.786362e+00 -2.687094e+00) (-4.437354e-01 -5.043587e-02 4.840975e-02))
501.93        	((-6.390912e+01 7.873258e+01 -9.823103e+01) (-7.271316e-01 2.463208e+00 -6.884889e-01)) ((-1.946625e+01 2.965133e+00 -2.711653e+00) (-4.434683e-01 -5.214079e-02 4.416657e-02))
501.94        	((-6.735294e+01 7.985661e+01 -1.007182e+02) (-7.805352e-01 2.501632e+00 -7.655491e-01)) ((-1.999509e+01 3.150363e+00 -2.724431e+00) (-4.431784e-01 -5.397561e-02 4.040576e-02))
501.95        	((-7.073401e+01 8.084967e+01 -1.029548e+02) (-8.372833e-01 2.539454e+00 -8.439843e-01)) ((-2.045738e+01 3.344118e+00 -2.729900e+00) (-4.429072e-01 -5.591359e-02 3.724211e-02))
501.96        	((-7.406682e+01 8.171088e+01 -1.049374e+02) (-8.974397e-01 2.576300e+00 -9.235673e-01)) ((-2.085220e+01 3.546860e+00 -2.729903e+00) (-4.426327e-01 -5.790452e-02 3.473919e-02))
501.97        	((-7.735569e+01 8.244650e+01 -1.066803e+02) (-9.611225e-01 2.611777e+00 -1.004105e+00)) ((-2.118377e+01 3.759011e+00 -2.727023e+00) (-4.423835e-01 -5.990045e-02 3.298428e-02))
501.98        	((-8.061615e+01 8.306390e+01 -1.082047e+02) (-1.028160e+00 2.645547e+00 -1.085282e+00)) ((-2.145949e+01 3.981693e+00 -2.726885e+00) (-4.421413e-01 -6.178428e-02 3.200511e-02))
501.99        	((-8.386244e+01 8.356588e+01 -1.095193e+02) (-1.098629e+00 2.677577e+00 -1.167043e+00)) ((-2.168338e+01 4.217141e+00 -2.735768e+00) (-4.418267e-01 -6.347311e-02 3.170002e-02))
502           	((-8.709763e+01 8.395440e+01 -1.106316e+02) (-1.172183e+00 2.707342e+00 -1.249121e+00)) ((-2.185617e+01 4.466533e+00 -2.757906e+00) (-4.414994e-01 -6.493445e-02 3.223455e-02))
502.01        	((-9.031383e+01 8.422985e+01 -1.115320e+02) (-1.248784e+00 2.734879e+00 -1.331336e+00)) ((-2.197657e+01 4.730697e+00 -2.795262e+00) (-4.410767e-01 -6.614306e-02 3.352078e-02))
502.02        	((-9.350379e+01 8.439697e+01 -1.122228e+02) (-1.328029e+00 2.759862e+00 -1.413245e+00)) ((-2.204604e+01 5.008851e+00 -2.850225e+00) (-4.405379e-01 -6.704468e-02 3.558569e-02))
502.03        	((-9.665120e+01 8.445827e+01 -1.127120e+02) (-1.409591e+00 2.782086e+00 -1.494398e+00)) ((-2.206790e+01 5.298073e+00 -2.924403e+00) (-4.398506e-01 -6.759815e-02 3.839440e-02))
502.04        	((-9.974868e+01 8.441961e+01 -1.130039e+02) (-1.493163e+00 2.801633e+00 -1.574462e+00)) ((-2.204522e+01 5.596210e+00 -3.019602e+00) (-4.390249e-01 -6.776258e-02 4.195229e-02))
502.05        	((-1.027828e+02 8.428713e+01 -1.131011e+02) (-1.578354e+00 2.818357e+00 -1.652859e+00)) ((-2.198232e+01 5.903375e+00 -3.141067e+00) (-4.380101e-01 -6.759608e-02 4.631767e-02))
502.06        	((-1.057525e+02 8.407011e+01 -1.130055e+02) (-1.664680e+00 2.832348e+00 -1.729184e+00)) ((-2.188383e+01 6.215063e+00 -3.285704e+00) (-4.368644e-01 -6.711872e-02 5.133281e-02))
502.07        	((-1.086458e+02 8.377647e+01 -1.127168e+02) (-1.751855e+00 2.844015e+00 -1.803066e+00)) ((-2.175382e+01 6.525908e+00 -3.450135e+00) (-4.356145e-01 -6.647425e-02 5.669610e-02))
502.08        	((-1.114581e+02 8.341519e+01 -1.122445e+02) (-1.839315e+00 2.853425e+00 -1.874142e+00)) ((-2.159722e+01 6.832098e+00 -3.631439e+00) (-4.343217e-01 -6.569183e-02 6.237671e-02))
502.09        	((-1.141714e+02 8.299260e+01 -1.115972e+02) (-1.926678e+00 2.860747e+00 -1.941947e+00)) ((-2.141993e+01 7.135560e+00 -3.837249e+00) (-4.329792e-01 -6.479690e-02 6.831972e-02))
502.1         	((-1.167717e+02 8.251380e+01 -1.107787e+02) (-2.013457e+00 2.866286e+00 -2.006021e+00)) ((-2.122827e+01 7.434492e+00 -4.070817e+00) (-4.315948e-01 -6.376906e-02 7.441393e-02))
502.11        	((-1.192543e+02 8.198507e+01 -1.098000e+02) (-2.099139e+00 2.870135e+00 -2.066002e+00)) ((-2.102634e+01 7.724977e+00 -4.329014e+00) (-4.301689e-01 -6.262559e-02 8.054520e-02))
502.12        	((-1.216233e+02 8.141442e+01 -1.086739e+02) (-2.183378e+00 2.872616e+00 -2.121553e+00)) ((-2.081570e+01 8.001720e+00 -4.604975e+00) (-4.287514e-01 -6.141293e-02 8.666046e-02))
502.13        	((-1.238774e+02 8.080709e+01 -1.074103e+02) (-2.265823e+00 2.873984e+00 -2.172408e+00)) ((-2.059748e+01 8.260572e+00 -4.894506e+00) (-4.274327e-01 -6.019416e-02 9.273277e-02))
502.14        	((-1.260179e+02 8.016597e+01 -1.060234e+02) (-2.346055e+00 2.874421e+00 -2.218248e+00)) ((-2.037687e+01 8.497874e+00 -5.193566e+00) (-4.261886e-01 -5.892003e-02 9.871646e-02))
502.15        	((-1.280537e+02 7.949163e+01 -1.045208e+02) (-2.424336e+00 2.874342e+00 -2.259281e+00)) ((-2.015719e+01 8.713090e+00 -5.498140e+00) (-4.251575e-01 -5.790208e-02 1.044727e-01))
502.16        	((-1.299867e+02 7.878490e+01 -1.029099e+02) (-2.500246e+00 2.873983e+00 -2.295261e+00)) ((-1.994066e+01 8.907958e+00 -5.805390e+00) (-4.243538e-01 -5.705292e-02 1.099763e-01))
502.17        	((-1.318191e+02 7.804495e+01 -1.011938e+02) (-2.573008e+00 2.873322e+00 -2.325587e+00)) ((-1.972741e+01 9.082122e+00 -6.113213e+00) (-4.239441e-01 -5.646849e-02 1.151130e-01))
502.18        	((-1.335440e+02 7.726361e+01 -9.937035e+01) (-2.643032e+00 2.872839e+00 -2.350829e+00)) ((-1.951976e+01 9.232559e+00 -6.415345e+00) (-4.238283e-01 -5.605053e-02 1.199324e-01))
502.19        	((-1.351730e+02 7.643930e+01 -9.744105e+01) (-2.710384e+00 2.872629e+00 -2.371023e+00)) ((-1.931696e+01 9.360130e+00 -6.708718e+00) (-4.241066e-01 -5.591441e-02 1.244566e-01))
502.2         	((-1.367104e+02 7.556689e+01 -9.541843e+01) (-2.774885e+00 2.872655e+00 -2.386229e+00)) ((-1.911889e+01 9.464402e+00 -6.990583e+00) (-4.248138e-01 -5.606819e-02 1.285797e-01))
502.21        	((-1.381557e+02 7.464452e+01 -9.331491e+01) (-2.836615e+00 2.872965e+00 -2.396547e+00)) ((-1.892771e+01 9.546040e+00 -7.263224e+00) (-4.259991e-01 -5.656715e-02 1.324149e-01))
502.22        	((-1.395061e+02 7.366811e+01 -9.113452e+01) (-2.895891e+00 2.873725e+00 -2.402241e+00)) ((-1.874450e+01 9.605941e+00 -7.526093e+00) (-4.278598e-01 -5.758851e-02 1.360849e-01))
502.23        	((-1.407672e+02 7.263010e+01 -8.888595e+01) (-2.952403e+00 2.874512e+00 -2.403223e+00)) ((-1.857052e+01 9.642682e+00 -7.773437e+00) (-4.302279e-01 -5.902058e-02 1.394589e-01))
502.24        	((-1.419446e+02 7.151627e+01 -8.657331e+01) (-3.006167e+00 2.875123e+00 -2.399562e+00)) ((-1.840461e+01 9.654773e+00 -7.998831e+00) (-4.330709e-01 -6.084837e-02 1.425109e-01))
502.25        	((-1.430378e+02 7.031578e+01 -8.419943e+01) (-3.057295e+00 2.875321e+00 -2.391422e+00)) ((-1.824650e+01 9.641685e+00 -8.200849e+00) (-4.363699e-01 -6.309086e-02 1.452903e-01))
502.26        	((-1.440355e+02 6.902073e+01 -8.176678e+01) (-3.105766e+00 2.874852e+00 -2.378944e+00)) ((-1.809614e+01 9.601993e+00 -8.376988e+00) (-4.401558e-01 -6.576913e-02 1.478453e-01))
502.27        	((-1.449458e+02 6.763613e+01 -7.928872e+01) (-3.151697e+00 2.873510e+00 -2.362399e+00)) ((-1.795616e+01 9.535547e+00 -8.526286e+00) (-4.444653e-01 -6.892924e-02 1.502143e-01))
502.28        	((-1.457686e+02 6.616003e+01 -7.677448e+01) (-3.195102e+00 2.871063e+00 -2.341996e+00)) ((-1.782726e+01 9.440592e+00 -8.644613e+00) (-4.493221e-01 -7.258105e-02 1.524261e-01))
502.29        	((-1.465015e+02 6.459325e+01 -7.423119e+01) (-3.236020e+00 2.867196e+00 -2.317913e+00)) ((-1.771095e+01 9.316777e+00 -8.730104e+00) (-4.547208e-01 -7.672949e-02 1.545014e-01))
502.3         	((-1.471387e+02 6.293307e+01 -7.166255e+01) (-3.274393e+00 2.861550e+00 -2.290326e+00)) ((-1.760631e+01 9.164535e+00 -8.783490e+00) (-4.606326e-01 -8.138797e-02 1.564653e-01))
502.31        	((-1.476813e+02 6.117628e+01 -6.906855e+01) (-3.310244e+00 2.853817e+00 -2.259447e+00)) ((-1.751058e+01 8.983864e+00 -8.803653e+00) (-4.670394e-01 -8.657974e-02 1.583636e-01))
502.32        	((-1.481281e+02 5.932305e+01 -6.645743e+01) (-3.343509e+00 2.843618e+00 -2.225423e+00)) ((-1.742312e+01 8.775109e+00 -8.789921e+00) (-4.739291e-01 -9.232581e-02 1.602453e-01))
502.33        	((-1.484868e+02 5.738444e+01 -6.384045e+01) (-3.374193e+00 2.830662e+00 -2.188527e+00)) ((-1.734430e+01 8.540153e+00 -8.743417e+00) (-4.812680e-01 -9.862339e-02 1.621315e-01))
502.34        	((-1.487613e+02 5.536595e+01 -6.122185e+01) (-3.402379e+00 2.814781e+00 -2.149000e+00)) ((-1.727167e+01 8.280599e+00 -8.664878e+00) (-4.890175e-01 -1.055040e-01 1.640293e-01))
502.35        	((-1.489570e+02 5.326999e+01 -5.860701e+01) (-3.428054e+00 2.795710e+00 -2.106961e+00)) ((-1.720131e+01 7.998211e+00 -8.554697e+00) (-4.971127e-01 -1.129238e-01 1.659132e-01))
502.36        	((-1.491468e+02 5.102520e+01 -5.584672e+01) (-3.450605e+00 2.773113e+00 -2.062489e+00)) ((-1.708369e+01 7.703318e+00 -8.442638e+00) (-5.055084e-01 -1.207554e-01 1.675477e-01))
502.37        	((-1.492558e+02 4.873901e+01 -5.315838e+01) (-3.470976e+00 2.746782e+00 -2.015753e+00)) ((-1.697550e+01 7.389999e+00 -8.304230e+00) (-5.142116e-01 -1.291247e-01 1.691740e-01))
502.38        	((-1.492592e+02 4.645734e+01 -5.062667e+01) (-3.489017e+00 2.716603e+00 -1.967142e+00)) ((-1.690416e+01 7.056062e+00 -8.128461e+00) (-5.230910e-01 -1.380495e-01 1.707439e-01))
502.39        	((-1.491869e+02 4.415951e+01 -4.819923e+01) (-3.504483e+00 2.682597e+00 -1.916959e+00)) ((-1.685332e+01 6.704302e+00 -7.919057e+00) (-5.321082e-01 -1.475557e-01 1.722871e-01))
502.4         	((-1.490911e+02 4.181290e+01 -4.579011e+01) (-3.517268e+00 2.644706e+00 -1.865287e+00)) ((-1.678992e+01 6.340516e+00 -7.686098e+00) (-5.412989e-01 -1.576181e-01 1.738486e-01))
502.41        	((-1.489940e+02 3.940824e+01 -4.336729e+01) (-3.527431e+00 2.602843e+00 -1.812306e+00)) ((-1.669776e+01 5.971492e+00 -7.441682e+00) (-5.505585e-01 -1.681772e-01 1.754176e-01))
502.42        	((-1.488866e+02 3.696333e+01 -4.096104e+01) (-3.535182e+00 2.557032e+00 -1.758218e+00)) ((-1.658269e+01 5.600475e+00 -7.189317e+00) (-5.597755e-01 -1.791509e-01 1.769921e-01))
502.43        	((-1.487505e+02 3.450136e+01 -3.861270e+01) (-3.540760e+00 2.507526e+00 -1.703334e+00)) ((-1.645664e+01 5.226748e+00 -6.925958e+00) (-5.688619e-01 -1.904738e-01 1.785812e-01))
502.44        	((-1.485823e+02 3.203918e+01 -3.634114e+01) (-3.544047e+00 2.454321e+00 -1.647777e+00)) ((-1.632366e+01 4.847968e+00 -6.645696e+00) (-5.777243e-01 -2.021310e-01 1.801598e-01))
502.45        	((-1.484014e+02 2.958445e+01 -3.413984e+01) (-3.545367e+00 2.397763e+00 -1.592038e+00)) ((-1.618017e+01 4.460251e+00 -6.345816e+00) (-5.863222e-01 -2.138877e-01 1.818437e-01))
502.46        	((-1.482384e+02 2.715003e+01 -3.201063e+01) (-3.544875e+00 2.337954e+00 -1.536252e+00)) ((-1.602182e+01 4.066381e+00 -6.030079e+00) (-5.945614e-01 -2.257347e-01 1.835962e-01))
502.47        	((-1.480918e+02 2.472140e+01 -2.992515e+01) (-3.542588e+00 2.275111e+00 -1.480602e+00)) ((-1.584523e+01 3.668169e+00 -5.698737e+00) (-6.023369e-01 -2.376399e-01 1.854046e-01))
502.48        	((-1.479576e+02 2.230161e+01 -2.788514e+01) (-3.538746e+00 2.209525e+00 -1.425461e+00)) ((-1.565108e+01 3.267852e+00 -5.356372e+00) (-6.094888e-01 -2.494498e-01 1.872806e-01))
502.49        	((-1.478289e+02 1.990273e+01 -2.590258e+01) (-3.533400e+00 2.141432e+00 -1.370886e+00)) ((-1.544086e+01 2.866731e+00 -5.005795e+00) (-6.160332e-01 -2.611234e-01 1.892861e-01))
502.5         	((-1.477043e+02 1.754094e+01 -2.399046e+01) (-3.526922e+00 2.070987e+00 -1.317159e+00)) ((-1.521665e+01 2.464988e+00 -4.645972e+00) (-6.218795e-01 -2.724881e-01 1.912628e-01))
502.51        	((-1.475906e+02 1.522636e+01 -2.214911e+01) (-3.519311e+00 1.998583e+00 -1.264367e+00)) ((-1.498100e+01 2.062799e+00 -4.274256e+00) (-6.270055e-01 -2.835269e-01 1.933560e-01))
502.52        	((-1.475000e+02 1.296278e+01 -2.038124e+01) (-3.510521e+00 1.924381e+00 -1.212755e+00)) ((-1.473646e+01 1.663071e+00 -3.888857e+00) (-6.314039e-01 -2.941839e-01 1.955547e-01))
502.53        	((-1.474266e+02 1.074898e+01 -1.868272e+01) (-3.500775e+00 1.848649e+00 -1.162420e+00)) ((-1.448824e+01 1.268719e+00 -3.492029e+00) (-6.350329e-01 -3.044600e-01 1.978698e-01))
502.54        	((-1.473582e+02 8.590108e+00 -1.704863e+01) (-3.490519e+00 1.771591e+00 -1.113511e+00)) ((-1.423798e+01 8.825481e-01 -3.090868e+00) (-6.379482e-01 -3.142562e-01 2.002380e-01))
502.55        	((-1.473040e+02 6.503204e+00 -1.549000e+01) (-3.479896e+00 1.693401e+00 -1.066109e+00)) ((-1.398180e+01 5.098166e-01 -2.695753e+00) (-6.401522e-01 -3.234986e-01 2.025739e-01))
502.56        	((-1.472513e+02 4.481711e+00 -1.399276e+01) (-3.469126e+00 1.614406e+00 -1.020269e+00)) ((-1.371831e+01 1.511778e-01 -2.307691e+00) (-6.415916e-01 -3.321806e-01 2.048727e-01))
502.57        	((-1.472034e+02 2.527467e+00 -1.255973e+01) (-3.458302e+00 1.534902e+00 -9.760475e-01)) ((-1.345022e+01 -1.925683e-01 -1.926870e+00) (-6.422613e-01 -3.402785e-01 2.071373e-01))
502.58        	((-1.471348e+02 6.644145e-01 -1.114030e+01) (-3.447303e+00 1.455090e+00 -9.334957e-01)) ((-1.316785e+01 -5.194524e-01 -1.551349e+00) (-6.422227e-01 -3.478686e-01 2.095275e-01))
502.59        	((-1.470921e+02 -1.144159e+00 -9.787080e+00) (-3.436586e+00 1.374943e+00 -8.924675e-01)) ((-1.288542e+01 -8.319532e-01 -1.182699e+00) (-6.414816e-01 -3.547960e-01 2.118841e-01))
502.6         	((-1.470764e+02 -2.900620e+00 -8.538598e+00) (-3.426224e+00 1.294683e+00 -8.530999e-01)) ((-1.261311e+01 -1.125632e+00 -8.286212e-01) (-6.400258e-01 -3.610479e-01 2.142101e-01))
502.61        	((-1.470669e+02 -4.584259e+00 -7.389719e+00) (-3.416309e+00 1.214548e+00 -8.157198e-01)) ((-1.235226e+01 -1.393849e+00 -4.982531e-01) (-6.378348e-01 -3.665706e-01 2.164641e-01))
502.62        	((-1.470439e+02 -6.179950e+00 -6.312969e+00) (-3.407052e+00 1.134780e+00 -7.805480e-01)) ((-1.209768e+01 -1.633270e+00 -1.962363e-01) (-6.349527e-01 -3.713703e-01 2.186431e-01))
502.63        	((-1.470205e+02 -7.682229e+00 -5.298579e+00) (-3.398486e+00 1.055378e+00 -7.476195e-01)) ((-1.184668e+01 -1.844481e+00 7.747321e-02) (-6.314778e-01 -3.754629e-01 2.207489e-01))
502.64        	((-1.469807e+02 -9.110030e+00 -4.326270e+00) (-3.390854e+00 9.765342e-01 -7.167633e-01)) ((-1.159959e+01 -2.031269e+00 3.273860e-01) (-6.275018e-01 -3.788614e-01 2.227207e-01))
502.65        	((-1.468644e+02 -1.047157e+01 -3.477154e+00) (-3.384090e+00 8.984122e-01 -6.879551e-01)) ((-1.137053e+01 -2.193531e+00 5.526534e-01) (-6.230324e-01 -3.815847e-01 2.246031e-01))
502.66        	((-1.467825e+02 -1.182250e+01 -2.677209e+00) (-3.377799e+00 8.213196e-01 -6.620181e-01)) ((-1.113351e+01 -2.332138e+00 7.530223e-01) (-6.181347e-01 -3.836347e-01 2.265093e-01))
502.67        	((-1.467005e+02 -1.303721e+01 -1.931645e+00) (-3.371934e+00 7.454047e-01 -6.378633e-01)) ((-1.089536e+01 -2.450203e+00 9.268190e-01) (-6.129248e-01 -3.851717e-01 2.285376e-01))
502.68        	((-1.465760e+02 -1.408302e+01 -1.247871e+00) (-3.366510e+00 6.707522e-01 -6.153409e-01)) ((-1.066668e+01 -2.549822e+00 1.074661e+00) (-6.074156e-01 -3.861799e-01 2.306388e-01))
502.69        	((-1.463905e+02 -1.501356e+01 -6.189209e-01) (-3.361584e+00 5.974960e-01 -5.944181e-01)) ((-1.045048e+01 -2.629004e+00 1.196740e+00) (-6.016374e-01 -3.866893e-01 2.328325e-01))
502.7         	((-1.461590e+02 -1.589500e+01 -2.993374e-02) (-3.357210e+00 5.256998e-01 -5.751252e-01)) ((-1.024149e+01 -2.686355e+00 1.292993e+00) (-5.956992e-01 -3.867342e-01 2.351227e-01))
502.71        	((-1.458826e+02 -1.675618e+01 5.440111e-01) (-3.353181e+00 4.553982e-01 -5.574554e-01)) ((-1.003219e+01 -2.723646e+00 1.368306e+00) (-5.895790e-01 -3.862988e-01 2.374112e-01))
502.72        	((-1.455650e+02 -1.756865e+01 1.092241e+00) (-3.349510e+00 3.865810e-01 -5.412946e-01)) ((-9.826490e+00 -2.744356e+00 1.426303e+00) (-5.833142e-01 -3.854280e-01 2.397431e-01))
502.73        	((-1.452013e+02 -1.829221e+01 1.591187e+00) (-3.346314e+00 3.192551e-01 -5.264107e-01)) ((-9.626900e+00 -2.750941e+00 1.468750e+00) (-5.770656e-01 -3.841520e-01 2.420648e-01))
502.74        	((-1.447852e+02 -1.891898e+01 2.041281e+00) (-3.343334e+00 2.536703e-01 -5.127333e-01)) ((-9.432308e+00 -2.743631e+00 1.496244e+00) (-5.708462e-01 -3.825270e-01 2.444425e-01))
502.75        	((-1.443091e+02 -1.947351e+01 2.463270e+00) (-3.340130e+00 1.900225e-01 -5.002019e-01)) ((-9.242175e+00 -2.721804e+00 1.509837e+00) (-5.646824e-01 -3.806288e-01 2.469321e-01))
502.76        	((-1.437712e+02 -1.998652e+01 2.881557e+00) (-3.336711e+00 1.283475e-01 -4.886864e-01)) ((-9.055740e+00 -2.685073e+00 1.509740e+00) (-5.586405e-01 -3.784492e-01 2.495333e-01))
502.77        	((-1.431762e+02 -2.047267e+01 3.311222e+00) (-3.332956e+00 6.866167e-02 -4.781864e-01)) ((-8.872132e+00 -2.633070e+00 1.496492e+00) (-5.527530e-01 -3.760253e-01 2.522685e-01))
502.78        	((-1.425202e+02 -2.091460e+01 3.734119e+00) (-3.328644e+00 1.105324e-02 -4.685674e-01)) ((-8.693149e+00 -2.567569e+00 1.471880e+00) (-5.470056e-01 -3.734060e-01 2.551189e-01))
502.79        	((-1.417949e+02 -2.129975e+01 4.135361e+00) (-3.323790e+00 -4.446753e-02 -4.597311e-01)) ((-8.521333e+00 -2.490985e+00 1.440375e+00) (-5.414631e-01 -3.705896e-01 2.580168e-01))
502.8         	((-1.409987e+02 -2.162801e+01 4.516291e+00) (-3.318412e+00 -9.790620e-02 -4.515144e-01)) ((-8.356476e+00 -2.404378e+00 1.406465e+00) (-5.361727e-01 -3.675739e-01 2.609337e-01))
502.81        	((-1.401370e+02 -2.191428e+01 4.892281e+00) (-3.312458e+00 -1.492621e-01 -4.438026e-01)) ((-8.199742e+00 -2.306772e+00 1.371219e+00) (-5.311514e-01 -3.643920e-01 2.638883e-01))
502.82        	((-1.392156e+02 -2.217495e+01 5.281048e+00) (-3.306081e+00 -1.984349e-01 -4.366710e-01)) ((-8.051516e+00 -2.197203e+00 1.332555e+00) (-5.264363e-01 -3.611239e-01 2.669305e-01))
502.83        	((-1.382378e+02 -2.241523e+01 5.685795e+00) (-3.299197e+00 -2.453783e-01 -4.298718e-01)) ((-7.911427e+00 -2.075267e+00 1.286975e+00) (-5.220315e-01 -3.578059e-01 2.700757e-01))
502.84        	((-1.372095e+02 -2.264259e+01 6.112043e+00) (-3.291883e+00 -2.901003e-01 -4.233685e-01)) ((-7.781475e+00 -1.943419e+00 1.234057e+00) (-5.179227e-01 -3.544427e-01 2.733133e-01))
502.85        	((-1.361361e+02 -2.286237e+01 6.561989e+00) (-3.284040e+00 -3.326727e-01 -4.170655e-01)) ((-7.663492e+00 -1.804353e+00 1.176833e+00) (-5.141093e-01 -3.510226e-01 2.766170e-01))
502.86        	((-1.350189e+02 -2.307468e+01 7.033533e+00) (-3.275630e+00 -3.731636e-01 -4.107571e-01)) ((-7.557197e+00 -1.659173e+00 1.117592e+00) (-5.106127e-01 -3.475300e-01 2.799604e-01))
502.87        	((-1.338577e+02 -2.328491e+01 7.529365e+00) (-3.266733e+00 -4.116640e-01 -4.043051e-01)) ((-7.461434e+00 -1.508406e+00 1.057223e+00) (-5.074629e-01 -3.439574e-01 2.832999e-01))
502.88        	((-1.326577e+02 -2.350325e+01 8.067317e+00) (-3.257437e+00 -4.481964e-01 -3.975976e-01)) ((-7.372887e+00 -1.353790e+00 9.970840e-01) (-5.046918e-01 -3.403273e-01 2.866158e-01))
502.89        	((-1.314248e+02 -2.373727e+01 8.650216e+00) (-3.247756e+00 -4.827704e-01 -3.905559e-01)) ((-7.292009e+00 -1.197231e+00 9.363150e-01) (-5.022976e-01 -3.366646e-01 2.899260e-01))
502.9         	((-1.301650e+02 -2.398646e+01 9.273416e+00) (-3.237704e+00 -5.153856e-01 -3.831075e-01)) ((-7.220200e+00 -1.039951e+00 8.724705e-01) (-5.002519e-01 -3.329779e-01 2.932444e-01))
502.91        	((-1.288824e+02 -2.424834e+01 9.930435e+00) (-3.227292e+00 -5.461447e-01 -3.751504e-01)) ((-7.156419e+00 -8.827821e-01 8.044575e-01) (-4.985460e-01 -3.292742e-01 2.965424e-01))
502.92        	((-1.275714e+02 -2.452232e+01 1.062036e+01) (-3.216473e+00 -5.750960e-01 -3.665853e-01)) ((-7.097230e+00 -7.273318e-01 7.338540e-01) (-4.971623e-01 -3.255535e-01 2.998072e-01))
502.93        	((-1.262449e+02 -2.480819e+01 1.133835e+01) (-3.205269e+00 -6.023438e-01 -3.573076e-01)) ((-7.040156e+00 -5.739396e-01 6.602502e-01) (-4.960871e-01 -3.218264e-01 3.030418e-01))
502.94        	((-1.249105e+02 -2.510832e+01 1.208357e+01) (-3.193757e+00 -6.280224e-01 -3.472369e-01)) ((-6.981951e+00 -4.233388e-01 5.841673e-01) (-4.952934e-01 -3.181203e-01 3.062356e-01))
502.95        	((-1.235706e+02 -2.542555e+01 1.285327e+01) (-3.181933e+00 -6.521692e-01 -3.363215e-01)) ((-6.920991e+00 -2.772587e-01 5.060727e-01) (-4.947660e-01 -3.144400e-01 3.093979e-01))
502.96        	((-1.222242e+02 -2.576010e+01 1.364239e+01) (-3.169821e+00 -6.748764e-01 -3.244881e-01)) ((-6.857035e+00 -1.369279e-01 4.255256e-01) (-4.944688e-01 -3.107902e-01 3.125161e-01))
502.97        	((-1.208750e+02 -2.611005e+01 1.444457e+01) (-3.157449e+00 -6.962669e-01 -3.117070e-01)) ((-6.790029e+00 -2.490258e-03 3.412402e-01) (-4.943808e-01 -3.071842e-01 3.155721e-01))
502.98        	((-1.195441e+02 -2.654474e+01 1.532965e+01) (-3.144820e+00 -7.165184e-01 -2.975865e-01)) ((-6.705494e+00 1.251096e-01 2.562607e-01) (-4.945027e-01 -3.035679e-01 3.185563e-01))
502.99        	((-1.182080e+02 -2.698208e+01 1.623374e+01) (-3.131963e+00 -7.357951e-01 -2.823539e-01)) ((-6.615362e+00 2.478061e-01 1.647227e-01) (-4.947615e-01 -3.000088e-01 3.214460e-01))
503           	((-1.168603e+02 -2.737449e+01 1.709917e+01) (-3.118925e+00 -7.541269e-01 -2.659526e-01)) ((-6.528379e+00 3.640449e-01 6.699808e-02) (-4.950991e-01 -2.965031e-01 3.242421e-01))
503.01        	((-1.155084e+02 -2.773979e+01 1.792072e+01) (-3.105671e+00 -7.714940e-01 -2.485075e-01)) ((-6.441969e+00 4.707877e-01 -3.323744e-02) (-4.955278e-01 -2.930601e-01 3.269119e-01))
503.02        	((-1.141680e+02 -2.812251e+01 1.873164e+01) (-3.092216e+00 -7.879664e-01 -2.300421e-01)) ((-6.345607e+00 5.669924e-01 -1.332181e-01) (-4.960005e-01 -2.896843e-01 3.294460e-01))
503.03        	((-1.128358e+02 -2.853939e+01 1.955463e+01) (-3.078631e+00 -8.036665e-01 -2.105350e-01)) ((-6.234166e+00 6.519091e-01 -2.306438e-01) (-4.964765e-01 -2.863996e-01 3.318822e-01))
503.04        	((-1.115189e+02 -2.897269e+01 2.037815e+01) (-3.064854e+00 -8.187474e-01 -1.899795e-01)) ((-6.112797e+00 7.267061e-01 -3.278085e-01) (-4.969090e-01 -2.831952e-01 3.341780e-01))
503.05        	((-1.102181e+02 -2.939671e+01 2.117477e+01) (-3.050891e+00 -8.332894e-01 -1.684139e-01)) ((-5.988484e+00 7.922571e-01 -4.263126e-01) (-4.972675e-01 -2.800818e-01 3.363308e-01))
503.06        	((-1.089284e+02 -2.979909e+01 2.192618e+01) (-3.036737e+00 -8.472890e-01 -1.459493e-01)) ((-5.862543e+00 8.478063e-01 -5.249391e-01) (-4.975397e-01 -2.770692e-01 3.383455e-01))
503.07        	((-1.076471e+02 -3.018297e+01 2.263163e+01) (-3.022423e+00 -8.607335e-01 -1.227200e-01)) ((-5.731137e+00 8.915193e-01 -6.206764e-01) (-4.977192e-01 -2.741708e-01 3.402361e-01))
503.08        	((-1.063748e+02 -3.055407e+01 2.329738e+01) (-3.007927e+00 -8.736873e-01 -9.881118e-02)) ((-5.591314e+00 9.221635e-01 -7.111863e-01) (-4.977611e-01 -2.713892e-01 3.420020e-01))
503.09        	((-1.051140e+02 -3.090940e+01 2.392225e+01) (-2.993226e+00 -8.861707e-01 -7.432056e-02)) ((-5.443717e+00 9.398810e-01 -7.960078e-01) (-4.976284e-01 -2.687321e-01 3.436398e-01))
503.1         	((-1.038658e+02 -3.124020e+01 2.449600e+01) (-2.978296e+00 -8.982245e-01 -4.933731e-02)) ((-5.292235e+00 9.454326e-01 -8.755329e-01) (-4.972823e-01 -2.662032e-01 3.451542e-01))
503.11        	((-1.026307e+02 -3.153682e+01 2.500675e+01) (-2.963080e+00 -9.098263e-01 -2.401303e-02)) ((-5.140400e+00 9.396580e-01 -9.496523e-01) (-4.967118e-01 -2.638166e-01 3.465405e-01))
503.12        	((-1.014062e+02 -3.179123e+01 2.544554e+01) (-2.947535e+00 -9.209554e-01 1.519010e-03)) ((-4.989751e+00 9.224129e-01 -1.017065e+00) (-4.958954e-01 -2.615747e-01 3.478058e-01))
503.13        	((-1.001905e+02 -3.200174e+01 2.581026e+01) (-2.931647e+00 -9.315807e-01 2.712272e-02)) ((-4.840047e+00 8.932284e-01 -1.076692e+00) (-4.948084e-01 -2.594674e-01 3.489491e-01))
503.14        	((-9.898367e+01 -3.216725e+01 2.609948e+01) (-2.915387e+00 -9.416780e-01 5.267149e-02)) ((-4.691269e+00 8.515599e-01 -1.126906e+00) (-4.934273e-01 -2.574934e-01 3.499769e-01))
503.15        	((-9.778856e+01 -3.228450e+01 2.630993e+01) (-2.898734e+00 -9.512357e-01 7.801128e-02)) ((-4.544544e+00 7.975091e-01 -1.166081e+00) (-4.917395e-01 -2.556537e-01 3.508995e-01))
503.16        	((-9.660603e+01 -3.234602e+01 2.643485e+01) (-2.881654e+00 -9.602199e-01 1.030033e-01)) ((-4.403388e+00 7.316565e-01 -1.193468e+00) (-4.897321e-01 -2.539419e-01 3.517217e-01))
503.17        	((-9.543780e+01 -3.235169e+01 2.647169e+01) (-2.864114e+00 -9.685679e-01 1.274883e-01)) ((-4.270197e+00 6.542615e-01 -1.208877e+00) (-4.874050e-01 -2.523501e-01 3.524443e-01))
503.18        	((-9.429627e+01 -3.229965e+01 2.642104e+01) (-2.846143e+00 -9.762653e-01 1.513055e-01)) ((-4.146733e+00 5.659587e-01 -1.213297e+00) (-4.847426e-01 -2.508822e-01 3.531076e-01))
503.19        	((-9.316786e+01 -3.219168e+01 2.628775e+01) (-2.827727e+00 -9.832542e-01 1.743081e-01)) ((-4.032065e+00 4.670188e-01 -1.205317e+00) (-4.817576e-01 -2.495363e-01 3.537269e-01))
503.2         	((-9.204959e+01 -3.202710e+01 2.607175e+01) (-2.808866e+00 -9.895504e-01 1.963933e-01)) ((-3.927796e+00 3.587837e-01 -1.184424e+00) (-4.784398e-01 -2.483168e-01 3.543024e-01))
503.21        	((-9.092498e+01 -3.178994e+01 2.567418e+01) (-2.789569e+00 -9.951179e-01 2.166985e-01)) ((-3.856681e+00 2.458565e-01 -1.152558e+00) (-4.748636e-01 -2.471624e-01 3.548474e-01))
503.22        	((-8.973959e+01 -3.146830e+01 2.516628e+01) (-2.769075e+00 -9.998867e-01 2.358844e-01)) ((-3.819520e+00 1.248291e-01 -1.111952e+00) (-4.710085e-01 -2.461027e-01 3.553043e-01))
503.23        	((-8.860159e+01 -3.112377e+01 2.470088e+01) (-2.748099e+00 -1.003807e+00 2.539192e-01)) ((-3.773342e+00 -8.265535e-03 -1.050664e+00) (-4.668985e-01 -2.451506e-01 3.557312e-01))
503.24        	((-8.755786e+01 -3.077523e+01 2.428531e+01) (-2.726696e+00 -1.006832e+00 2.708072e-01)) ((-3.709911e+00 -1.503426e-01 -9.689209e-01) (-4.625131e-01 -2.442998e-01 3.561290e-01))
503.25        	((-8.658431e+01 -3.040455e+01 2.383472e+01) (-2.704906e+00 -1.008964e+00 2.863885e-01)) ((-3.651698e+00 -2.968309e-01 -8.739374e-01) (-4.578669e-01 -2.435594e-01 3.565208e-01))
503.26        	((-8.562808e+01 -2.998780e+01 2.328648e+01) (-2.682684e+00 -1.010140e+00 3.005819e-01)) ((-3.618802e+00 -4.437476e-01 -7.751012e-01) (-4.529637e-01 -2.429021e-01 3.568717e-01))
503.27        	((-8.467694e+01 -2.951859e+01 2.264692e+01) (-2.660052e+00 -1.010400e+00 3.131978e-01)) ((-3.614744e+00 -5.908527e-01 -6.720823e-01) (-4.478741e-01 -2.423344e-01 3.572241e-01))
503.28        	((-8.372784e+01 -2.901303e+01 2.197181e+01) (-2.636991e+00 -1.009682e+00 3.243454e-01)) ((-3.625188e+00 -7.381319e-01 -5.623599e-01) (-4.426314e-01 -2.417998e-01 3.574861e-01))
503.29        	((-8.280801e+01 -2.848892e+01 2.130116e+01) (-2.613584e+00 -1.008084e+00 3.339222e-01)) ((-3.640941e+00 -8.864774e-01 -4.405575e-01) (-4.372783e-01 -2.413389e-01 3.576970e-01))
503.3         	((-8.192596e+01 -2.795771e+01 2.064234e+01) (-2.589740e+00 -1.005471e+00 3.420747e-01)) ((-3.659946e+00 -1.032615e+00 -3.123126e-01) (-4.317984e-01 -2.408989e-01 3.578011e-01))
503.31        	((-8.108501e+01 -2.742079e+01 1.998392e+01) (-2.565622e+00 -1.001988e+00 3.486937e-01)) ((-3.688611e+00 -1.176221e+00 -1.786128e-01) (-4.262391e-01 -2.405255e-01 3.578619e-01))
503.32        	((-8.026860e+01 -2.687773e+01 1.932187e+01) (-2.541167e+00 -9.975136e-01 3.539388e-01)) ((-3.728424e+00 -1.313679e+00 -4.693138e-02) (-4.206078e-01 -2.401488e-01 3.577873e-01))
503.33        	((-7.947936e+01 -2.632569e+01 1.865958e+01) (-2.516472e+00 -9.922372e-01 3.577229e-01)) ((-3.781334e+00 -1.444882e+00 8.458631e-02) (-4.149498e-01 -2.398006e-01 3.576342e-01))
503.34        	((-7.870004e+01 -2.576789e+01 1.801321e+01) (-2.491417e+00 -9.860376e-01 3.601843e-01)) ((-3.840112e+00 -1.567995e+00 2.130657e-01) (-4.092942e-01 -2.394068e-01 3.572995e-01))
503.35        	((-7.793524e+01 -2.520736e+01 1.739441e+01) (-2.466197e+00 -9.790601e-01 3.612964e-01)) ((-3.902132e+00 -1.683647e+00 3.411376e-01) (-4.036962e-01 -2.390254e-01 3.568697e-01))
503.36        	((-7.717871e+01 -2.465094e+01 1.681677e+01) (-2.440764e+00 -9.711786e-01 3.613048e-01)) ((-3.962910e+00 -1.788596e+00 4.632844e-01) (-3.981454e-01 -2.385880e-01 3.562685e-01))
503.37        	((-7.646140e+01 -2.407316e+01 1.626902e+01) (-2.415196e+00 -9.625616e-01 3.602068e-01)) ((-4.021893e+00 -1.881695e+00 5.821523e-01) (-3.925836e-01 -2.381337e-01 3.555348e-01))
503.38        	((-7.574337e+01 -2.351584e+01 1.575654e+01) (-2.389127e+00 -9.529920e-01 3.579509e-01)) ((-4.086242e+00 -1.963567e+00 6.923329e-01) (-3.871010e-01 -2.375520e-01 3.546016e-01))
503.39        	((-7.499860e+01 -2.299131e+01 1.529281e+01) (-2.362928e+00 -9.427315e-01 3.547179e-01)) ((-4.155095e+00 -2.033778e+00 7.916098e-01) (-3.817734e-01 -2.368884e-01 3.534901e-01))
503.4         	((-7.423038e+01 -2.248672e+01 1.488519e+01) (-2.336615e+00 -9.318838e-01 3.506573e-01)) ((-4.223773e+00 -2.091757e+00 8.802793e-01) (-3.766249e-01 -2.361447e-01 3.521925e-01))
503.41        	((-7.345141e+01 -2.198327e+01 1.453093e+01) (-2.310162e+00 -9.204950e-01 3.459079e-01)) ((-4.288900e+00 -2.136414e+00 9.587614e-01) (-3.716653e-01 -2.353026e-01 3.506841e-01))
503.42        	((-7.266876e+01 -2.147516e+01 1.422667e+01) (-2.283599e+00 -9.085804e-01 3.405583e-01)) ((-4.349892e+00 -2.167565e+00 1.027275e+00) (-3.669121e-01 -2.343509e-01 3.489639e-01))
503.43        	((-7.187774e+01 -2.097347e+01 1.397671e+01) (-2.256923e+00 -8.961240e-01 3.347174e-01)) ((-4.406335e+00 -2.184772e+00 1.083900e+00) (-3.623672e-01 -2.332651e-01 3.470208e-01))
503.44        	((-7.106485e+01 -2.048728e+01 1.378583e+01) (-2.230180e+00 -8.831790e-01 3.284406e-01)) ((-4.459066e+00 -2.188063e+00 1.127614e+00) (-3.580671e-01 -2.320536e-01 3.448828e-01))
503.45        	((-7.022263e+01 -2.001978e+01 1.365780e+01) (-2.203334e+00 -8.697495e-01 3.219045e-01)) ((-4.507204e+00 -2.177080e+00 1.157165e+00) (-3.540129e-01 -2.306893e-01 3.425265e-01))
503.46        	((-6.935185e+01 -1.956295e+01 1.358491e+01) (-2.176432e+00 -8.559427e-01 3.151529e-01)) ((-4.551045e+00 -2.153149e+00 1.175510e+00) (-3.502381e-01 -2.291927e-01 3.399909e-01))
503.47        	((-6.845487e+01 -1.911252e+01 1.356299e+01) (-2.149437e+00 -8.417306e-01 3.083562e-01)) ((-4.589335e+00 -2.116145e+00 1.182792e+00) (-3.467384e-01 -2.275325e-01 3.372465e-01))
503.48        	((-6.753756e+01 -1.866974e+01 1.359046e+01) (-2.122439e+00 -8.271838e-01 3.015456e-01)) ((-4.622983e+00 -2.067432e+00 1.180863e+00) (-3.435327e-01 -2.257387e-01 3.343580e-01))
503.49        	((-6.659972e+01 -1.824119e+01 1.367247e+01) (-2.095415e+00 -8.122854e-01 2.948675e-01)) ((-4.650916e+00 -2.007452e+00 1.168235e+00) (-3.406067e-01 -2.237848e-01 3.313064e-01))
503.5         	((-6.564654e+01 -1.783293e+01 1.381173e+01) (-2.068769e+00 -7.973106e-01 2.884125e-01)) ((-4.673299e+00 -1.937894e+00 1.146160e+00) (-3.380469e-01 -2.217174e-01 3.281643e-01))
503.51        	((-6.468141e+01 -1.744761e+01 1.400722e+01) (-2.042110e+00 -7.820399e-01 2.822780e-01)) ((-4.689794e+00 -1.859586e+00 1.114593e+00) (-3.357616e-01 -2.194997e-01 3.248834e-01))
503.52        	((-6.370111e+01 -1.708352e+01 1.425221e+01) (-2.015486e+00 -7.665635e-01 2.764844e-01)) ((-4.700048e+00 -1.773846e+00 1.075673e+00) (-3.337682e-01 -2.171612e-01 3.215134e-01))
503.53        	((-6.270521e+01 -1.674026e+01 1.454270e+01) (-1.988897e+00 -7.508863e-01 2.711695e-01)) ((-4.702086e+00 -1.681128e+00 1.029470e+00) (-3.320470e-01 -2.146853e-01 3.180449e-01))
503.54        	((-6.169829e+01 -1.642021e+01 1.487729e+01) (-1.962415e+00 -7.350889e-01 2.663519e-01)) ((-4.694752e+00 -1.583236e+00 9.779682e-01) (-3.306035e-01 -2.121002e-01 3.145255e-01))
503.55        	((-6.068454e+01 -1.612788e+01 1.525821e+01) (-1.936048e+00 -7.191852e-01 2.621481e-01)) ((-4.676857e+00 -1.480941e+00 9.207714e-01) (-3.294121e-01 -2.093944e-01 3.109457e-01))
503.56        	((-5.966913e+01 -1.586562e+01 1.568405e+01) (-1.909866e+00 -7.032640e-01 2.585896e-01)) ((-4.649269e+00 -1.375559e+00 8.589634e-01) (-3.284662e-01 -2.065955e-01 3.073477e-01))
503.57        	((-5.865426e+01 -1.563482e+01 1.615264e+01) (-1.883877e+00 -6.873488e-01 2.557828e-01)) ((-4.611575e+00 -1.267541e+00 7.921085e-01) (-3.277356e-01 -2.036979e-01 3.037298e-01))
503.58        	((-5.764221e+01 -1.543526e+01 1.665892e+01) (-1.858142e+00 -6.715074e-01 2.537517e-01)) ((-4.563316e+00 -1.158115e+00 7.217177e-01) (-3.272136e-01 -2.007296e-01 3.001309e-01))
503.59        	((-5.663404e+01 -1.526729e+01 1.719785e+01) (-1.832669e+00 -6.557676e-01 2.525687e-01)) ((-4.503683e+00 -1.048049e+00 6.482533e-01) (-3.268674e-01 -1.976876e-01 2.965478e-01))
503.6         	((-5.563351e+01 -1.513138e+01 1.776363e+01) (-1.807512e+00 -6.401994e-01 2.522481e-01)) ((-4.433076e+00 -9.386110e-01 5.727186e-01) (-3.266778e-01 -1.945930e-01 2.930070e-01))
503.61        	((-5.464255e+01 -1.502738e+01 1.835033e+01) (-1.782684e+00 -6.248357e-01 2.528356e-01)) ((-4.351989e+00 -8.305651e-01 4.951690e-01) (-3.266090e-01 -1.914458e-01 2.895066e-01))
503.62        	((-5.366426e+01 -1.495444e+01 1.895158e+01) (-1.758231e+00 -6.097281e-01 2.543216e-01)) ((-4.260561e+00 -7.250163e-01 4.166391e-01) (-3.266455e-01 -1.882697e-01 2.860768e-01))
503.63        	((-5.270001e+01 -1.490986e+01 1.955943e+01) (-1.734158e+00 -5.949029e-01 2.567364e-01)) ((-4.158644e+00 -6.226598e-01 3.375894e-01) (-3.267453e-01 -1.850610e-01 2.827130e-01))
503.64        	((-5.175214e+01 -1.488973e+01 2.016437e+01) (-1.710529e+00 -5.804114e-01 2.600302e-01)) ((-4.047237e+00 -5.243747e-01 2.591046e-01) (-3.269040e-01 -1.818530e-01 2.794510e-01))
503.65        	((-5.081912e+01 -1.489078e+01 2.075656e+01) (-1.687298e+00 -5.662603e-01 2.642161e-01)) ((-3.927740e+00 -4.305105e-01 1.809478e-01) (-3.270711e-01 -1.786260e-01 2.762565e-01))
503.66        	((-4.990372e+01 -1.490899e+01 2.132729e+01) (-1.664542e+00 -5.524998e-01 2.692090e-01)) ((-3.801717e+00 -3.425895e-01 1.049380e-01) (-3.272377e-01 -1.754266e-01 2.731819e-01))
503.67        	((-4.900515e+01 -1.494267e+01 2.187090e+01) (-1.642184e+00 -5.391330e-01 2.749978e-01)) ((-3.669393e+00 -2.606044e-01 3.000822e-02) (-3.273547e-01 -1.722285e-01 2.701729e-01))
503.68        	((-4.812485e+01 -1.498695e+01 2.238011e+01) (-1.620307e+00 -5.261910e-01 2.814912e-01)) ((-3.530962e+00 -1.856513e-01 -4.209158e-02) (-3.274097e-01 -1.690793e-01 2.672835e-01))
503.69        	((-4.725810e+01 -1.503483e+01 2.284276e+01) (-1.598840e+00 -5.136373e-01 2.886192e-01)) ((-3.387694e+00 -1.184658e-01 -1.103557e-01) (-3.273857e-01 -1.659682e-01 2.644860e-01))
503.7         	((-4.641191e+01 -1.508315e+01 2.324934e+01) (-1.577838e+00 -5.014792e-01 2.962962e-01)) ((-3.242687e+00 -5.903781e-02 -1.749028e-01) (-3.272559e-01 -1.629346e-01 2.618162e-01))
503.71        	((-4.558732e+01 -1.512834e+01 2.358957e+01) (-1.557268e+00 -4.896840e-01 3.044083e-01)) ((-3.099320e+00 -7.269459e-03 -2.361191e-01) (-3.270141e-01 -1.599776e-01 2.592562e-01))
503.72        	((-4.478149e+01 -1.516478e+01 2.385505e+01) (-1.537107e+00 -4.782437e-01 3.128574e-01)) ((-2.959944e+00 3.688258e-02 -2.938562e-01) (-3.266366e-01 -1.571014e-01 2.567989e-01))
503.73        	((-4.398617e+01 -1.518501e+01 2.403807e+01) (-1.517307e+00 -4.671537e-01 3.215294e-01)) ((-2.825653e+00 7.295172e-02 -3.467370e-01) (-3.260999e-01 -1.543064e-01 2.544358e-01))
503.74        	((-4.320646e+01 -1.518805e+01 2.413818e+01) (-1.497864e+00 -4.564327e-01 3.303258e-01)) ((-2.698075e+00 1.011017e-01 -3.946908e-01) (-3.253963e-01 -1.515961e-01 2.521569e-01))
503.75        	((-4.244603e+01 -1.517398e+01 2.415435e+01) (-1.478773e+00 -4.460521e-01 3.390808e-01)) ((-2.579273e+00 1.213919e-01 -4.371350e-01) (-3.245376e-01 -1.489894e-01 2.499577e-01))
503.76        	((-4.170516e+01 -1.514049e+01 2.408228e+01) (-1.460002e+00 -4.359761e-01 3.476716e-01)) ((-2.471742e+00 1.338794e-01 -4.742357e-01) (-3.235212e-01 -1.464865e-01 2.478248e-01))
503.77        	((-4.097958e+01 -1.508235e+01 2.391551e+01) (-1.441519e+00 -4.261735e-01 3.559815e-01)) ((-2.377837e+00 1.384647e-01 -5.056949e-01) (-3.223441e-01 -1.440900e-01 2.457521e-01))
503.78        	((-4.027325e+01 -1.499817e+01 2.365595e+01) (-1.423319e+00 -4.166212e-01 3.638871e-01)) ((-2.298944e+00 1.363316e-01 -5.327513e-01) (-3.210142e-01 -1.418065e-01 2.437296e-01))
503.79        	((-3.958655e+01 -1.488823e+01 2.330761e+01) (-1.405391e+00 -4.072687e-01 3.712629e-01)) ((-2.236129e+00 1.283780e-01 -5.556982e-01) (-3.195489e-01 -1.396474e-01 2.417538e-01))
503.8         	((-3.892049e+01 -1.475314e+01 2.287543e+01) (-1.387736e+00 -3.980850e-01 3.780131e-01)) ((-2.190150e+00 1.146510e-01 -5.738290e-01) (-3.179605e-01 -1.376157e-01 2.398222e-01))
503.81        	((-3.827549e+01 -1.459317e+01 2.236367e+01) (-1.370320e+00 -3.890349e-01 3.840420e-01)) ((-2.161929e+00 9.505205e-02 -5.864760e-01) (-3.162665e-01 -1.357074e-01 2.379296e-01))
503.82        	((-3.765382e+01 -1.440883e+01 2.177779e+01) (-1.353129e+00 -3.800952e-01 3.892722e-01)) ((-2.152032e+00 6.982026e-02 -5.933321e-01) (-3.144817e-01 -1.339244e-01 2.360694e-01))
503.83        	((-3.705807e+01 -1.420115e+01 2.112547e+01) (-1.336157e+00 -3.712407e-01 3.936491e-01)) ((-2.160549e+00 3.937776e-02 -5.943403e-01) (-3.126255e-01 -1.322626e-01 2.342339e-01))
503.84        	((-3.648994e+01 -1.397261e+01 2.041602e+01) (-1.319439e+00 -3.624492e-01 3.971230e-01)) ((-2.187315e+00 4.347241e-03 -5.894933e-01) (-3.107195e-01 -1.307191e-01 2.324106e-01))
503.85        	((-3.594965e+01 -1.372523e+01 1.965902e+01) (-1.302936e+00 -3.536840e-01 3.996312e-01)) ((-2.231977e+00 -3.441046e-02 -5.789564e-01) (-3.087794e-01 -1.292906e-01 2.305952e-01))
503.86        	((-3.543819e+01 -1.346141e+01 1.886524e+01) (-1.286654e+00 -3.449183e-01 4.011587e-01)) ((-2.293294e+00 -7.650117e-02 -5.626079e-01) (-3.068288e-01 -1.279741e-01 2.287844e-01))
503.87        	((-3.495706e+01 -1.318402e+01 1.804644e+01) (-1.270592e+00 -3.361388e-01 4.017008e-01)) ((-2.369718e+00 -1.215010e-01 -5.405376e-01) (-3.048896e-01 -1.267643e-01 2.269718e-01))
503.88        	((-3.450849e+01 -1.289581e+01 1.721442e+01) (-1.254631e+00 -3.273254e-01 4.012362e-01)) ((-2.459874e+00 -1.687983e-01 -5.129984e-01) (-3.029387e-01 -1.256399e-01 2.251289e-01))
503.89        	((-3.408844e+01 -1.259853e+01 1.637976e+01) (-1.238914e+00 -3.184867e-01 3.998273e-01)) ((-2.561335e+00 -2.175036e-01 -4.806445e-01) (-3.010413e-01 -1.246138e-01 2.232769e-01))
503.9         	((-3.369961e+01 -1.229409e+01 1.555392e+01) (-1.223457e+00 -3.096151e-01 3.975207e-01)) ((-2.672853e+00 -2.665619e-01 -4.446918e-01) (-2.992127e-01 -1.236812e-01 2.214143e-01))
503.91        	((-3.333889e+01 -1.198603e+01 1.474457e+01) (-1.208222e+00 -3.007115e-01 3.943468e-01)) ((-2.793131e+00 -3.159489e-01 -4.047093e-01) (-2.974695e-01 -1.228257e-01 2.195197e-01))
503.92        	((-3.300608e+01 -1.167471e+01 1.396035e+01) (-1.193222e+00 -2.917784e-01 3.903710e-01)) ((-2.920316e+00 -3.651953e-01 -3.609188e-01) (-2.958231e-01 -1.220414e-01 2.175924e-01))
503.93        	((-3.270162e+01 -1.136183e+01 1.320980e+01) (-1.178464e+00 -2.828193e-01 3.856665e-01)) ((-3.052629e+00 -4.133706e-01 -3.146268e-01) (-2.942821e-01 -1.213225e-01 2.156329e-01))
503.94        	((-3.242118e+01 -1.104938e+01 1.249954e+01) (-1.163946e+00 -2.738303e-01 3.803027e-01)) ((-3.188372e+00 -4.601240e-01 -2.661107e-01) (-2.928555e-01 -1.206589e-01 2.136403e-01))
503.95        	((-3.216267e+01 -1.073961e+01 1.183766e+01) (-1.149666e+00 -2.648269e-01 3.743663e-01)) ((-3.325288e+00 -5.045448e-01 -2.167593e-01) (-2.915460e-01 -1.200399e-01 2.116094e-01))
503.96        	((-3.191844e+01 -1.043328e+01 1.122844e+01) (-1.135609e+00 -2.558126e-01 3.679348e-01)) ((-3.461451e+00 -5.461024e-01 -1.674575e-01) (-2.903605e-01 -1.194553e-01 2.095352e-01))
503.97        	((-3.168458e+01 -1.013105e+01 1.067689e+01) (-1.121768e+00 -2.468013e-01 3.610953e-01)) ((-3.594541e+00 -5.841084e-01 -1.190829e-01) (-2.893012e-01 -1.188974e-01 2.074165e-01))
503.98        	((-3.145976e+01 -9.833053e+00 1.018651e+01) (-1.108133e+00 -2.378063e-01 3.539476e-01)) ((-3.722892e+00 -6.177098e-01 -7.312009e-02) (-2.883652e-01 -1.183575e-01 2.052509e-01))
503.99        	((-3.124229e+01 -9.539456e+00 9.757715e+00) (-1.094695e+00 -2.288336e-01 3.465838e-01)) ((-3.845884e+00 -6.467093e-01 -2.970783e-02) (-2.875500e-01 -1.178243e-01 2.030353e-01))
504           	((-3.102504e+01 -9.251240e+00 9.392243e+00) (-1.081438e+00 -2.198845e-01 3.390844e-01)) ((-3.962180e+00 -6.712438e-01 1.127758e-02) (-2.868534e-01 -1.172875e-01 2.007683e-01))
504.01        	((-3.080355e+01 -8.970692e+00 9.093543e+00) (-1.068344e+00 -2.109886e-01 3.315342e-01)) ((-4.070492e+00 -6.907103e-01 4.854745e-02) (-2.862734e-01 -1.167368e-01 1.984446e-01))
504.02        	((-3.057288e+01 -8.697798e+00 8.861247e+00) (-1.055387e+00 -2.021669e-01 3.240196e-01)) ((-4.169512e+00 -7.051687e-01 8.176959e-02) (-2.857992e-01 -1.161623e-01 1.960660e-01))
504.03        	((-3.033254e+01 -8.434484e+00 8.695671e+00) (-1.042559e+00 -1.934293e-01 3.166346e-01)) ((-4.258373e+00 -7.143584e-01 1.104110e-01) (-2.854221e-01 -1.155567e-01 1.936342e-01))
504.04        	((-3.008143e+01 -8.182365e+00 8.597806e+00) (-1.029841e+00 -1.847952e-01 3.094514e-01)) ((-4.336602e+00 -7.177487e-01 1.333106e-01) (-2.851359e-01 -1.149118e-01 1.911462e-01))
504.05        	((-2.981601e+01 -7.942354e+00 8.566444e+00) (-1.017212e+00 -1.762868e-01 3.025427e-01)) ((-4.403792e+00 -7.153192e-01 1.501991e-01) (-2.849334e-01 -1.142192e-01 1.886024e-01))
504.06        	((-2.953099e+01 -7.715057e+00 8.598949e+00) (-1.004644e+00 -1.679208e-01 2.959757e-01)) ((-4.459189e+00 -7.074688e-01 1.614504e-01) (-2.848048e-01 -1.134712e-01 1.860035e-01))
504.07        	((-2.922433e+01 -7.502356e+00 8.694100e+00) (-9.921137e-01 -1.597168e-01 2.898182e-01)) ((-4.502098e+00 -6.945093e-01 1.670046e-01) (-2.847426e-01 -1.126633e-01 1.833519e-01))
504.08        	((-2.889570e+01 -7.308304e+00 8.852357e+00) (-9.795990e-01 -1.516986e-01 2.841342e-01)) ((-4.531308e+00 -6.762029e-01 1.659843e-01) (-2.847366e-01 -1.117911e-01 1.806496e-01))
504.09        	((-2.854420e+01 -7.135963e+00 9.072163e+00) (-9.670783e-01 -1.438995e-01 2.789844e-01)) ((-4.545830e+00 -6.528789e-01 1.585322e-01) (-2.847734e-01 -1.108504e-01 1.778995e-01))
504.1         	((-2.817228e+01 -6.990251e+00 9.353889e+00) (-9.545388e-01 -1.363551e-01 2.744323e-01)) ((-4.545269e+00 -6.248042e-01 1.440981e-01) (-2.848402e-01 -1.098382e-01 1.751044e-01))
504.11        	((-2.777909e+01 -6.871247e+00 9.693625e+00) (-9.419688e-01 -1.291003e-01 2.705303e-01)) ((-4.529389e+00 -5.928350e-01 1.235132e-01) (-2.849251e-01 -1.087546e-01 1.722695e-01))
504.12        	((-2.736578e+01 -6.780346e+00 1.008901e+01) (-9.293639e-01 -1.221672e-01 2.673265e-01)) ((-4.497744e+00 -5.575794e-01 9.720540e-02) (-2.850143e-01 -1.076005e-01 1.693990e-01))
504.13        	((-2.693477e+01 -6.721039e+00 1.053862e+01) (-9.167254e-01 -1.155889e-01 2.648641e-01)) ((-4.450056e+00 -5.193307e-01 6.516968e-02) (-2.850936e-01 -1.063781e-01 1.665009e-01))
504.14        	((-2.648671e+01 -6.693933e+00 1.103708e+01) (-9.040542e-01 -1.093952e-01 2.631840e-01)) ((-4.386398e+00 -4.788583e-01 2.846460e-02) (-2.851492e-01 -1.050893e-01 1.635826e-01))
504.15        	((-2.602427e+01 -6.700388e+00 1.158068e+01) (-8.913480e-01 -1.036191e-01 2.623196e-01)) ((-4.307017e+00 -4.366563e-01 -1.258617e-02) (-2.851653e-01 -1.037355e-01 1.606504e-01))
504.16        	((-2.555039e+01 -6.739346e+00 1.216282e+01) (-8.786098e-01 -9.829646e-02 2.622940e-01)) ((-4.212954e+00 -3.930573e-01 -5.771938e-02) (-2.851248e-01 -1.023185e-01 1.577093e-01))
504.17        	((-2.506830e+01 -6.808482e+00 1.277678e+01) (-8.658500e-01 -9.344592e-02 2.631193e-01)) ((-4.105025e+00 -3.485233e-01 -1.066022e-01) (-2.850157e-01 -1.008433e-01 1.547670e-01))
504.18        	((-2.458058e+01 -6.905623e+00 1.341550e+01) (-8.530853e-01 -8.907879e-02 2.647955e-01)) ((-3.983804e+00 -3.036006e-01 -1.585864e-01) (-2.848237e-01 -9.931609e-02 1.518342e-01))
504.19        	((-2.409079e+01 -7.030208e+00 1.407319e+01) (-8.404402e-01 -8.521447e-02 2.673598e-01)) ((-3.850067e+00 -2.585352e-01 -2.133751e-01) (-2.845794e-01 -9.775496e-02 1.489401e-01))
504.2         	((-2.359869e+01 -7.177109e+00 1.473835e+01) (-8.278066e-01 -8.183511e-02 2.707345e-01)) ((-3.705029e+00 -2.143410e-01 -2.691319e-01) (-2.842224e-01 -9.615131e-02 1.460672e-01))
504.21        	((-2.310756e+01 -7.345268e+00 1.540489e+01) (-8.151873e-01 -7.892954e-02 2.748751e-01)) ((-3.549586e+00 -1.711867e-01 -3.258499e-01) (-2.837404e-01 -9.450924e-02 1.432240e-01))
504.22        	((-2.261597e+01 -7.528604e+00 1.605852e+01) (-8.026062e-01 -7.649112e-02 2.797381e-01)) ((-3.385496e+00 -1.300844e-01 -3.818002e-01) (-2.831239e-01 -9.283762e-02 1.404222e-01))
504.23        	((-2.212963e+01 -7.725098e+00 1.669229e+01) (-7.900804e-01 -7.451096e-02 2.852605e-01)) ((-3.214297e+00 -9.137850e-02 -4.366455e-01) (-2.823636e-01 -9.114352e-02 1.376681e-01))
504.24        	((-2.164942e+01 -7.932727e+00 1.729896e+01) (-7.776295e-01 -7.297245e-02 2.913734e-01)) ((-3.036799e+00 -5.541529e-02 -4.899522e-01) (-2.814498e-01 -8.943355e-02 1.349681e-01))
504.25        	((-2.117816e+01 -8.146303e+00 1.786862e+01) (-7.652690e-01 -7.185071e-02 2.979995e-01)) ((-2.855038e+00 -2.282529e-02 -5.408262e-01) (-2.803778e-01 -8.771746e-02 1.323284e-01))
504.26        	((-2.071371e+01 -8.356975e+00 1.838694e+01) (-7.530089e-01 -7.110909e-02 3.050431e-01)) ((-2.671958e+00 5.727478e-03 -5.879118e-01) (-2.791436e-01 -8.600449e-02 1.297565e-01))
504.27        	((-2.025906e+01 -8.559500e+00 1.884552e+01) (-7.408652e-01 -7.070845e-02 3.124027e-01)) ((-2.490533e+00 3.034005e-02 -6.313601e-01) (-2.777468e-01 -8.430217e-02 1.272560e-01))
504.28        	((-1.981544e+01 -8.749184e+00 1.923653e+01) (-7.288387e-01 -7.059670e-02 3.199553e-01)) ((-2.312292e+00 5.082935e-02 -6.707016e-01) (-2.761893e-01 -8.261954e-02 1.248339e-01))
504.29        	((-1.938242e+01 -8.921261e+00 1.955327e+01) (-7.169501e-01 -7.070763e-02 3.275792e-01)) ((-2.138748e+00 6.686252e-02 -7.050534e-01) (-2.744725e-01 -8.096403e-02 1.224917e-01))
504.3         	((-1.895575e+01 -9.072029e+00 1.978877e+01) (-7.052056e-01 -7.098536e-02 3.351674e-01)) ((-1.971701e+00 7.774117e-02 -7.330939e-01) (-2.725935e-01 -7.934178e-02 1.202351e-01))
504.31        	((-1.853716e+01 -9.200248e+00 1.994068e+01) (-6.935204e-01 -7.138957e-02 3.425720e-01)) ((-1.813641e+00 8.379015e-02 -7.553136e-01) (-2.705222e-01 -7.774492e-02 1.180579e-01))
504.32        	((-1.812702e+01 -9.304660e+00 2.000524e+01) (-6.819674e-01 -7.184998e-02 3.497040e-01)) ((-1.666330e+00 8.519488e-02 -7.716511e-01) (-2.683163e-01 -7.619755e-02 1.159680e-01))
504.33        	((-1.772520e+01 -9.382546e+00 1.998034e+01) (-6.705501e-01 -7.231596e-02 3.564501e-01)) ((-1.531372e+00 8.189416e-02 -7.816325e-01) (-2.659901e-01 -7.470389e-02 1.139613e-01))
504.34        	((-1.733389e+01 -9.432975e+00 1.986805e+01) (-6.592757e-01 -7.273766e-02 3.627018e-01)) ((-1.410726e+00 7.426016e-02 -7.862532e-01) (-2.635596e-01 -7.327026e-02 1.120350e-01))
504.35        	((-1.695254e+01 -9.453736e+00 1.966864e+01) (-6.481406e-01 -7.308142e-02 3.683530e-01)) ((-1.305954e+00 6.227450e-02 -7.851582e-01) (-2.610417e-01 -7.189984e-02 1.101877e-01))
504.36        	((-1.658461e+01 -9.446107e+00 1.938658e+01) (-6.371503e-01 -7.331163e-02 3.733066e-01)) ((-1.218578e+00 4.636760e-02 -7.788514e-01) (-2.584588e-01 -7.059420e-02 1.084185e-01))
504.37        	((-1.622912e+01 -9.410643e+00 1.902453e+01) (-6.263030e-01 -7.339479e-02 3.774969e-01)) ((-1.149361e+00 2.667684e-02 -7.668662e-01) (-2.558302e-01 -6.935449e-02 1.067221e-01))
504.38        	((-1.588754e+01 -9.348986e+00 1.858937e+01) (-6.155973e-01 -7.330676e-02 3.808493e-01)) ((-1.098658e+00 3.620292e-03 -7.494540e-01) (-2.531804e-01 -6.818636e-02 1.050948e-01))
504.39        	((-1.556246e+01 -9.264705e+00 1.809118e+01) (-6.050636e-01 -7.304637e-02 3.833267e-01)) ((-1.066692e+00 -2.204477e-02 -7.279633e-01) (-2.505408e-01 -6.708329e-02 1.035263e-01))
504.4         	((-1.525491e+01 -9.159635e+00 1.753848e+01) (-5.947098e-01 -7.258569e-02 3.848924e-01)) ((-1.053544e+00 -4.992543e-02 -7.025916e-01) (-2.479303e-01 -6.604763e-02 1.020142e-01))
504.41        	((-1.496333e+01 -9.035271e+00 1.693986e+01) (-5.845460e-01 -7.191234e-02 3.855279e-01)) ((-1.058244e+00 -7.998802e-02 -6.726476e-01) (-2.453741e-01 -6.507745e-02 1.005470e-01))
504.42        	((-1.468866e+01 -8.893483e+00 1.630635e+01) (-5.745745e-01 -7.102575e-02 3.852347e-01)) ((-1.079646e+00 -1.116475e-01 -6.388268e-01) (-2.428921e-01 -6.417365e-02 9.912283e-02))
504.43        	((-1.443223e+01 -8.737686e+00 1.564994e+01) (-5.647978e-01 -6.992240e-02 3.840312e-01)) ((-1.115940e+00 -1.443709e-01 -6.017737e-01) (-2.405057e-01 -6.333510e-02 9.773893e-02))
504.44        	((-1.419572e+01 -8.572277e+00 1.498282e+01) (-5.552364e-01 -6.859906e-02 3.819515e-01)) ((-1.165519e+00 -1.777117e-01 -5.620144e-01) (-2.382324e-01 -6.255858e-02 9.639105e-02))
504.45        	((-1.398017e+01 -8.400926e+00 1.431618e+01) (-5.458976e-01 -6.706355e-02 3.790471e-01)) ((-1.227169e+00 -2.111555e-01 -5.204041e-01) (-2.360886e-01 -6.183972e-02 9.507357e-02))
504.46        	((-1.378280e+01 -8.225781e+00 1.365829e+01) (-5.367873e-01 -6.533413e-02 3.753755e-01)) ((-1.299232e+00 -2.445603e-01 -4.769353e-01) (-2.340882e-01 -6.117470e-02 9.378101e-02))
504.47        	((-1.360203e+01 -8.047530e+00 1.301659e+01) (-5.279112e-01 -6.342535e-02 3.710051e-01)) ((-1.380200e+00 -2.776101e-01 -4.319205e-01) (-2.322432e-01 -6.056134e-02 9.251041e-02))
504.48        	((-1.343717e+01 -7.866675e+00 1.239891e+01) (-5.192726e-01 -6.135507e-02 3.660170e-01)) ((-1.468528e+00 -3.096580e-01 -3.861841e-01) (-2.305653e-01 -5.999699e-02 9.125748e-02))
504.49        	((-1.328812e+01 -7.683867e+00 1.181293e+01) (-5.108828e-01 -5.913848e-02 3.604999e-01)) ((-1.562580e+00 -3.401680e-01 -3.407924e-01) (-2.290626e-01 -5.947580e-02 9.001588e-02))
504.5         	((-1.315120e+01 -7.500990e+00 1.126441e+01) (-5.027408e-01 -5.677534e-02 3.545385e-01)) ((-1.660321e+00 -3.688515e-01 -2.961077e-01) (-2.277337e-01 -5.898997e-02 8.878328e-02))
504.51        	((-1.302429e+01 -7.318911e+00 1.075847e+01) (-4.948426e-01 -5.427952e-02 3.482167e-01)) ((-1.760159e+00 -3.951776e-01 -2.528618e-01) (-2.265814e-01 -5.853384e-02 8.755495e-02))
504.52        	((-1.290719e+01 -7.138438e+00 1.029983e+01) (-4.871789e-01 -5.166806e-02 3.416230e-01)) ((-1.860577e+00 -4.188883e-01 -2.113158e-01) (-2.256055e-01 -5.810060e-02 8.632461e-02))
504.53        	((-1.279726e+01 -6.959826e+00 9.890151e+00) (-4.797441e-01 -4.895374e-02 3.348418e-01)) ((-1.960154e+00 -4.398627e-01 -1.715844e-01) (-2.248013e-01 -5.768374e-02 8.508930e-02))
504.54        	((-1.269216e+01 -6.782458e+00 9.531466e+00) (-4.725214e-01 -4.614182e-02 3.279515e-01)) ((-2.058259e+00 -4.576483e-01 -1.347493e-01) (-2.241552e-01 -5.727906e-02 8.385314e-02))
504.55        	((-1.258915e+01 -6.608281e+00 9.226776e+00) (-4.654944e-01 -4.324253e-02 3.210351e-01)) ((-2.153484e+00 -4.720146e-01 -1.013297e-01) (-2.236606e-01 -5.688192e-02 8.261336e-02))
504.56        	((-1.248536e+01 -6.438778e+00 8.978088e+00) (-4.586442e-01 -4.026915e-02 3.141679e-01)) ((-2.244135e+00 -4.827983e-01 -7.150619e-02) (-2.233133e-01 -5.648546e-02 8.136570e-02))
504.57        	((-1.237962e+01 -6.274670e+00 8.787113e+00) (-4.519592e-01 -3.724497e-02 3.074294e-01)) ((-2.329194e+00 -4.897048e-01 -4.584445e-02) (-2.231024e-01 -5.608272e-02 8.010973e-02))
504.58        	((-1.227087e+01 -6.117794e+00 8.654281e+00) (-4.454245e-01 -3.418677e-02 3.008999e-01)) ((-2.407440e+00 -4.926938e-01 -2.448890e-02) (-2.230145e-01 -5.566703e-02 7.884402e-02))
504.59        	((-1.215725e+01 -5.970079e+00 8.579814e+00) (-4.390294e-01 -3.111373e-02 2.946461e-01)) ((-2.477835e+00 -4.917167e-01 -7.589461e-03) (-2.230375e-01 -5.523267e-02 7.756806e-02))
504.6         	((-1.203643e+01 -5.833298e+00 8.564047e+00) (-4.327537e-01 -2.804595e-02 2.887306e-01)) ((-2.539060e+00 -4.868829e-01 4.652003e-03) (-2.231625e-01 -5.477548e-02 7.627873e-02))
504.61        	((-1.190703e+01 -5.708825e+00 8.606047e+00) (-4.265797e-01 -2.500395e-02 2.832126e-01)) ((-2.590517e+00 -4.784733e-01 1.212073e-02) (-2.233761e-01 -5.429301e-02 7.497477e-02))
504.62        	((-1.176875e+01 -5.598337e+00 8.705474e+00) (-4.204971e-01 -2.201142e-02 2.781513e-01)) ((-2.631543e+00 -4.669131e-01 1.476834e-02) (-2.236649e-01 -5.378458e-02 7.365616e-02))
504.63        	((-1.162122e+01 -5.503325e+00 8.860120e+00) (-4.144926e-01 -1.909392e-02 2.735995e-01)) ((-2.661075e+00 -4.526612e-01 1.294027e-02) (-2.240139e-01 -5.325095e-02 7.232280e-02))
504.64        	((-1.146586e+01 -5.427900e+00 9.070166e+00) (-4.085512e-01 -1.628035e-02 2.696098e-01)) ((-2.678087e+00 -4.359541e-01 6.447056e-03) (-2.244067e-01 -5.269200e-02 7.097352e-02))
504.65        	((-1.130190e+01 -5.374139e+00 9.332809e+00) (-4.026626e-01 -1.360738e-02 2.662251e-01)) ((-2.682037e+00 -4.168751e-01 -4.618688e-03) (-2.248267e-01 -5.210764e-02 6.960853e-02))
504.66        	((-1.112828e+01 -5.342776e+00 9.643958e+00) (-3.968150e-01 -1.110708e-02 2.634793e-01)) ((-2.672425e+00 -3.957595e-01 -1.981377e-02) (-2.252573e-01 -5.149757e-02 6.822975e-02))
504.67        	((-1.094636e+01 -5.336108e+00 1.000126e+01) (-3.909993e-01 -8.806571e-03 2.614033e-01)) ((-2.649498e+00 -3.729391e-01 -3.903632e-02) (-2.256825e-01 -5.086151e-02 6.683792e-02))
504.68        	((-1.075675e+01 -5.354320e+00 1.040018e+01) (-3.852095e-01 -6.727955e-03 2.600190e-01)) ((-2.613390e+00 -3.489434e-01 -6.176658e-02) (-2.260875e-01 -5.020137e-02 6.543592e-02))
504.69        	((-1.055971e+01 -5.395833e+00 1.083416e+01) (-3.794401e-01 -4.894850e-03 2.593395e-01)) ((-2.564091e+00 -3.241857e-01 -8.738806e-02) (-2.264574e-01 -4.951874e-02 6.402654e-02))
504.7         	((-1.035784e+01 -5.460996e+00 1.129848e+01) (-3.736861e-01 -3.325374e-03 2.593736e-01)) ((-2.502069e+00 -2.989106e-01 -1.157309e-01) (-2.267770e-01 -4.881496e-02 6.261312e-02))
504.71        	((-1.015141e+01 -5.547198e+00 1.178511e+01) (-3.679491e-01 -2.033751e-03 2.601108e-01)) ((-2.427777e+00 -2.734799e-01 -1.460639e-01) (-2.270312e-01 -4.809317e-02 6.120016e-02))
504.72        	((-9.942132e+00 -5.653799e+00 1.228786e+01) (-3.622242e-01 -1.025706e-03 2.615288e-01)) ((-2.341899e+00 -2.482429e-01 -1.778631e-01) (-2.272063e-01 -4.735506e-02 5.979176e-02))
504.73        	((-9.731226e+00 -5.778934e+00 1.279893e+01) (-3.565154e-01 -3.044066e-04 2.636052e-01)) ((-2.245691e+00 -2.235982e-01 -2.104942e-01) (-2.272896e-01 -4.660318e-02 5.839111e-02))
504.74        	((-9.520903e+00 -5.921886e+00 1.331227e+01) (-3.508296e-01 1.254685e-04 2.663077e-01)) ((-2.140263e+00 -1.998229e-01 -2.436096e-01) (-2.272720e-01 -4.584002e-02 5.700242e-02))
504.75        	((-9.309523e+00 -6.077073e+00 1.381681e+01) (-3.451711e-01 2.733927e-04 2.695868e-01)) ((-2.025954e+00 -1.774375e-01 -2.759564e-01) (-2.271440e-01 -4.506692e-02 5.562885e-02))
504.76        	((-9.099280e+00 -6.241858e+00 1.430537e+01) (-3.395438e-01 1.539185e-04 2.733872e-01)) ((-1.904762e+00 -1.568101e-01 -3.069747e-01) (-2.268970e-01 -4.428557e-02 5.427561e-02))
504.77        	((-8.892618e+00 -6.412342e+00 1.476868e+01) (-3.339501e-01 -2.116104e-04 2.776418e-01)) ((-1.778630e+00 -1.381821e-01 -3.360153e-01) (-2.265212e-01 -4.349931e-02 5.294825e-02))
504.78        	((-8.691743e+00 -6.584586e+00 1.519854e+01) (-3.283929e-01 -7.987473e-04 2.822670e-01)) ((-1.649100e+00 -1.218229e-01 -3.625193e-01) (-2.260110e-01 -4.271160e-02 5.165203e-02))
504.79        	((-8.496880e+00 -6.752510e+00 1.558533e+01) (-3.228834e-01 -1.577197e-03 2.871807e-01)) ((-1.517661e+00 -1.079448e-01 -3.857364e-01) (-2.253595e-01 -4.192469e-02 5.039050e-02))
504.8         	((-8.308696e+00 -6.912447e+00 1.592305e+01) (-3.174271e-01 -2.510129e-03 2.922876e-01)) ((-1.385943e+00 -9.669970e-02 -4.055416e-01) (-2.245644e-01 -4.114339e-02 4.916825e-02))
504.81        	((-8.125161e+00 -7.059737e+00 1.620486e+01) (-3.120288e-01 -3.553395e-03 2.974841e-01)) ((-1.255247e+00 -8.819977e-02 -4.215928e-01) (-2.236267e-01 -4.037034e-02 4.799162e-02))
504.82        	((-7.947223e+00 -7.192150e+00 1.642604e+01) (-3.066963e-01 -4.668189e-03 3.026780e-01)) ((-1.127697e+00 -8.250528e-02 -4.338136e-01) (-2.225485e-01 -3.960726e-02 4.686127e-02))
504.83        	((-7.775848e+00 -7.307653e+00 1.658186e+01) (-3.014284e-01 -5.810708e-03 3.077688e-01)) ((-1.005234e+00 -7.961178e-02 -4.419589e-01) (-2.213343e-01 -3.885791e-02 4.578047e-02))
504.84        	((-7.610240e+00 -7.404209e+00 1.666801e+01) (-2.962273e-01 -6.948259e-03 3.126577e-01)) ((-8.894140e-01 -7.948756e-02 -4.455848e-01) (-2.199897e-01 -3.812403e-02 4.475090e-02))
504.85        	((-7.450210e+00 -7.481580e+00 1.668547e+01) (-2.911026e-01 -8.054166e-03 3.172535e-01)) ((-7.820507e-01 -8.186455e-02 -4.452736e-01) (-2.185243e-01 -3.740768e-02 4.377198e-02))
504.86        	((-7.295144e+00 -7.537755e+00 1.663376e+01) (-2.860653e-01 -9.095425e-03 3.214702e-01)) ((-6.849548e-01 -8.659053e-02 -4.412648e-01) (-2.169490e-01 -3.670933e-02 4.284370e-02))
504.87        	((-7.144775e+00 -7.569622e+00 1.651202e+01) (-2.811037e-01 -1.004905e-02 3.252266e-01)) ((-5.994757e-01 -9.350449e-02 -4.334051e-01) (-2.152852e-01 -3.603197e-02 4.196922e-02))
504.88        	((-7.000681e+00 -7.577929e+00 1.632395e+01) (-2.762170e-01 -1.087445e-02 3.284421e-01)) ((-5.267943e-01 -1.023029e-01 -4.221471e-01) (-2.135523e-01 -3.537883e-02 4.114105e-02))
504.89        	((-6.863138e+00 -7.564051e+00 1.607349e+01) (-2.714063e-01 -1.156509e-02 3.310598e-01)) ((-4.676197e-01 -1.127320e-01 -4.078012e-01) (-2.117689e-01 -3.474984e-02 4.035748e-02))
504.9         	((-6.732116e+00 -7.528959e+00 1.576532e+01) (-2.666813e-01 -1.210975e-02 3.330379e-01)) ((-4.224009e-01 -1.246028e-01 -3.905496e-01) (-2.099532e-01 -3.414550e-02 3.961650e-02))
504.91        	((-6.606834e+00 -7.472803e+00 1.540371e+01) (-2.620418e-01 -1.249331e-02 3.343334e-01)) ((-3.915176e-01 -1.377160e-01 -3.704890e-01) (-2.081277e-01 -3.356653e-02 3.891565e-02))
504.92        	((-6.487623e+00 -7.397147e+00 1.499597e+01) (-2.574880e-01 -1.269541e-02 3.349149e-01)) ((-3.750801e-01 -1.518085e-01 -3.480718e-01) (-2.063135e-01 -3.301369e-02 3.825063e-02))
504.93        	((-6.375132e+00 -7.305513e+00 1.455168e+01) (-2.530221e-01 -1.271584e-02 3.347738e-01)) ((-3.727742e-01 -1.665506e-01 -3.239817e-01) (-2.045302e-01 -3.248764e-02 3.762003e-02))
504.94        	((-6.269574e+00 -7.200972e+00 1.408004e+01) (-2.486512e-01 -1.255735e-02 3.339215e-01)) ((-3.838260e-01 -1.816688e-01 -2.987336e-01) (-2.027973e-01 -3.198818e-02 3.702023e-02))
504.95        	((-6.171565e+00 -7.085557e+00 1.359042e+01) (-2.443792e-01 -1.222895e-02 3.323793e-01)) ((-4.072097e-01 -1.969216e-01 -2.728349e-01) (-2.011343e-01 -3.151552e-02 3.644726e-02))
504.96        	((-6.080706e+00 -6.961835e+00 1.309083e+01) (-2.402093e-01 -1.173426e-02 3.301754e-01)) ((-4.416711e-01 -2.121488e-01 -2.462692e-01) (-1.995579e-01 -3.106894e-02 3.589635e-02))
504.97        	((-5.997230e+00 -6.831320e+00 1.258888e+01) (-2.361453e-01 -1.108408e-02 3.273557e-01)) ((-4.863669e-01 -2.271921e-01 -2.193255e-01) (-1.980821e-01 -3.064837e-02 3.536561e-02))
504.98        	((-5.920512e+00 -6.696281e+00 1.209194e+01) (-2.321942e-01 -1.029060e-02 3.239717e-01)) ((-5.404254e-01 -2.418603e-01 -1.923606e-01) (-1.967186e-01 -3.025324e-02 3.485281e-02))
504.99        	((-5.849982e+00 -6.557525e+00 1.160622e+01) (-2.283609e-01 -9.358613e-03 3.200788e-01)) ((-6.026977e-01 -2.559308e-01 -1.656591e-01) (-1.954791e-01 -2.988282e-02 3.435327e-02))
505           	((-5.785675e+00 -6.416872e+00 1.113831e+01) (-2.246431e-01 -8.309887e-03 3.157494e-01)) ((-6.716169e-01 -2.691769e-01 -1.395706e-01) (-1.943753e-01 -2.953342e-02 3.386668e-02))
