# Forces      
# CofR        : (0.000000e+00 0.000000e+00 0.000000e+00)
# Time        forces(pressure viscous)	moments(pressure viscous)
500           	((-3.204856e+00 1.526066e+04 5.988138e+03) (-1.218506e-04 4.198237e+00 1.624651e-01)) ((3.248715e+03 -1.329207e-01 8.532825e-01) (3.518967e-01 2.532928e-05 -4.832541e-05))
500.01        	((-2.158456e+00 1.222535e+04 4.941786e+03) (-4.310576e-03 2.559876e+00 -2.993846e-02)) ((2.281751e+03 -1.379422e-02 9.140081e-01) (-1.462535e-01 7.358801e-04 1.629022e-03))
500.02        	((-5.903561e-01 2.599658e+03 9.307484e+02) (-4.942432e-03 1.395443e+00 -2.956876e-01)) ((-9.245511e+01 1.401975e+00 1.095720e+00) (-4.816219e-01 4.602911e-04 1.048057e-03))
500.03        	((3.980654e+00 -4.480254e+03 -1.929212e+03) (-2.500568e-03 1.208280e+00 -5.215151e-01)) ((-1.766811e+03 9.911502e-01 4.759774e-01) (-5.185345e-01 5.837312e-04 2.698676e-04))
500.04        	((9.362416e+00 -4.711003e+03 -1.994417e+03) (7.286022e-04 2.325310e+00 -6.386506e-01)) ((-1.589313e+03 -1.556545e-01 -7.100540e-01) (-1.703266e-01 1.163851e-04 -1.759018e-03))
500.05        	((1.092169e+01 -6.978525e+02 -3.399070e+02) (-5.819104e-03 4.227972e+00 -4.560523e-01)) ((-2.706656e+02 -1.126983e+00 -1.253208e+00) (3.861191e-01 4.756352e-03 -1.854779e-03))
500.06        	((4.868491e+00 2.831616e+03 1.126364e+03) (-1.570056e-02 5.323963e+00 -1.903843e-01)) ((7.498911e+02 2.483286e-01 -1.117255e-02) (6.628557e-01 8.843466e-03 -5.901440e-04))
500.07        	((-3.062154e+00 3.886362e+03 1.522650e+03) (-1.299214e-02 5.054860e+00 5.442567e-02)) ((9.114363e+02 1.724673e+00 9.630244e-01) (4.775308e-01 6.009730e-03 -8.691021e-04))
500.08        	((-7.009644e+00 2.898835e+03 1.085872e+03) (1.750761e-03 3.998136e+00 1.555204e-01)) ((4.116291e+02 1.782533e+00 1.048851e+00) (-2.314433e-02 -1.234101e-03 -3.675438e-03))
500.09        	((-5.473310e+00 1.446184e+03 4.915113e+02) (1.191584e-02 3.094660e+00 6.550982e-02)) ((-1.498224e+02 9.563779e-01 5.089044e-01) (-5.020717e-01 -7.175596e-03 -2.209993e-03))
500.1         	((4.323133e-01 5.989290e+02 1.889603e+02) (-2.605532e-03 3.305500e+00 -7.465662e-04)) ((-3.791086e+02 -4.864165e-01 -9.011284e-01) (-5.054981e-01 5.195983e-04 -7.280502e-03))
500.11        	((4.715490e+00 5.832844e+02 2.186053e+02) (-1.401551e-02 4.231813e+00 9.038756e-02)) ((-2.312054e+02 -1.218156e+00 -1.495011e+00) (-1.681860e-01 7.707667e-03 -3.369948e-03))
500.12        	((5.297156e+00 9.756218e+02 3.762276e+02) (-3.455074e-02 5.107199e+00 2.603107e-01)) ((2.326867e+01 -1.458308e+00 -1.534244e+00) (1.571483e-01 1.816172e-02 7.939489e-04))
500.13        	((1.500181e+00 1.372870e+03 4.961011e+02) (-4.343338e-02 5.515155e+00 4.316508e-01)) ((1.771994e+02 -7.579987e-01 -1.046347e+00) (2.749404e-01 2.278980e-02 4.872502e-03))
500.14        	((-3.713291e+00 1.547820e+03 5.192247e+02) (-2.778413e-02 5.530042e+00 5.274222e-01)) ((1.723010e+02 3.645534e-01 -1.921028e-01) (2.086622e-01 1.479750e-02 2.292407e-03))
500.15        	((-6.176989e+00 1.504741e+03 4.760162e+02) (-1.415216e-02 5.417285e+00 5.395410e-01)) ((6.150624e+01 7.410947e-01 2.580228e-01) (7.701918e-02 7.619761e-03 4.702845e-04))
500.16        	((-4.886431e+00 1.357365e+03 4.063058e+02) (2.294329e-03 5.419844e+00 4.895659e-01)) ((-4.212643e+01 2.029926e-01 9.317449e-03) (2.625515e-03 1.791047e-05 -1.490180e-03))
500.17        	((-2.096627e+00 1.212276e+03 3.335497e+02) (7.999802e-03 5.593696e+00 4.551099e-01)) ((-7.427837e+01 -4.400443e-01 -5.647632e-01) (3.545200e-02 -2.619705e-03 -3.074658e-03))
500.18        	((-2.068158e-01 1.128720e+03 2.740803e+02) (1.117610e-02 5.840446e+00 4.400505e-01)) ((-4.163323e+01 -8.017606e-01 -9.167323e-01) (1.281546e-01 -3.695569e-03 -2.912235e-03))
500.19        	((7.637688e-02 1.103501e+03 2.374913e+02) (1.152842e-02 6.021808e+00 4.395186e-01)) ((4.466921e+00 -6.593930e-01 -9.419730e-01) (2.080222e-01 -4.027894e-03 -3.686804e-03))
500.2         	((-9.093246e-01 1.136857e+03 2.282033e+02) (1.224182e-02 6.124755e+00 4.166743e-01)) ((3.154411e+01 -2.863408e-01 -6.960954e-01) (2.530068e-01 -4.060493e-03 -2.642604e-03))
500.21        	((-1.907207e+00 1.197436e+03 2.358685e+02) (1.388887e-02 6.167278e+00 3.735556e-01)) ((3.046867e+01 2.061359e-02 -4.771870e-01) (2.656066e-01 -4.777495e-03 -4.168569e-03))
500.22        	((-2.355235e+00 1.239369e+03 2.456152e+02) (1.570906e-02 6.203211e+00 3.149818e-01)) ((1.040937e+01 1.263899e-02 -3.312885e-01) (2.670979e-01 -5.770220e-03 -2.539208e-03))
500.23        	((-1.883274e+00 1.235186e+03 2.393114e+02) (1.617434e-02 6.253894e+00 2.542188e-01)) ((-1.024526e+01 -1.069336e-01 -3.870992e-01) (2.749151e-01 -6.461101e-03 -3.190901e-03))
500.24        	((-1.278913e+00 1.192504e+03 2.157907e+02) (1.770055e-02 6.320434e+00 1.950433e-01)) ((-1.931930e+01 -3.098572e-01 -4.551070e-01) (2.946102e-01 -7.172322e-03 -1.209653e-03))
500.25        	((-7.905286e-01 1.135398e+03 1.859674e+02) (1.721366e-02 6.373587e+00 1.440559e-01)) ((-1.844637e+01 -2.622031e-01 -5.403577e-01) (3.166676e-01 -7.764361e-03 -1.433912e-03))
500.26        	((-8.050016e-01 1.105394e+03 1.653556e+02) (1.954605e-02 6.406253e+00 8.124636e-02)) ((-1.161347e+01 -2.385859e-01 -4.779287e-01) (3.357082e-01 -7.756111e-03 -1.784637e-03))
500.27        	((-9.325991e-01 1.113474e+03 1.597007e+02) (1.828404e-02 6.420913e+00 1.834267e-02)) ((-5.790831e+00 -6.012980e-02 -4.526424e-01) (3.489016e-01 -8.502829e-03 -7.244580e-04))
500.28        	((-1.175093e+00 1.144118e+03 1.646961e+02) (1.909020e-02 6.420341e+00 -4.432438e-02)) ((-5.259348e+00 -5.899464e-02 -3.713537e-01) (3.555230e-01 -7.902041e-03 -1.128666e-03))
500.29        	((-1.170690e+00 1.172882e+03 1.735062e+02) (1.726734e-02 6.420177e+00 -9.901153e-02)) ((-1.037583e+01 -4.958406e-02 -3.512708e-01) (3.582013e-01 -8.505373e-03 6.384985e-04))
500.3         	((-1.045526e+00 1.185363e+03 1.784973e+02) (1.650444e-02 6.420634e+00 -1.454377e-01)) ((-1.736597e+01 -1.505665e-01 -3.084212e-01) (3.576766e-01 -8.254154e-03 2.353150e-03))
500.31        	((-8.645510e-01 1.185136e+03 1.786640e+02) (1.464319e-02 6.425738e+00 -1.897514e-01)) ((-2.227758e+01 -1.344269e-01 -3.048128e-01) (3.568789e-01 -7.847227e-03 2.340470e-03))
500.32        	((-8.845677e-01 1.185651e+03 1.783001e+02) (1.345517e-02 6.430862e+00 -2.327513e-01)) ((-2.371102e+01 -5.896482e-02 -2.764563e-01) (3.538459e-01 -7.557019e-03 2.633919e-03))
500.33        	((-1.042423e+00 1.197650e+03 1.814054e+02) (1.223537e-02 6.425649e+00 -2.756282e-01)) ((-2.316361e+01 9.749529e-02 -2.346645e-01) (3.471631e-01 -7.178130e-03 2.498046e-03))
500.34        	((-1.278851e+00 1.222093e+03 1.888740e+02) (1.134872e-02 6.416149e+00 -3.177549e-01)) ((-2.303667e+01 2.304904e-01 -1.594728e-01) (3.383197e-01 -6.727801e-03 2.392308e-03))
500.35        	((-1.489821e+00 1.253043e+03 1.992116e+02) (1.064879e-02 6.405095e+00 -3.565579e-01)) ((-2.448444e+01 3.158973e-01 -7.501104e-02) (3.273168e-01 -6.339885e-03 2.110159e-03))
500.36        	((-1.660182e+00 1.284744e+03 2.107999e+02) (1.007446e-02 6.398193e+00 -3.887111e-01)) ((-2.678781e+01 3.650412e-01 1.195666e-03) (3.156753e-01 -5.938247e-03 1.644147e-03))
500.37        	((-1.833018e+00 1.315584e+03 2.229523e+02) (9.379290e-03 6.399922e+00 -4.164040e-01)) ((-2.838427e+01 4.300585e-01 6.651865e-02) (3.032979e-01 -5.454590e-03 1.368462e-03))
500.38        	((-2.056119e+00 1.346784e+03 2.352580e+02) (8.401765e-03 6.409870e+00 -4.413224e-01)) ((-2.853510e+01 5.266047e-01 1.210878e-01) (2.899967e-01 -4.920087e-03 1.262221e-03))
500.39        	((-2.306439e+00 1.383806e+03 2.496704e+02) (7.506490e-03 6.426258e+00 -4.629300e-01)) ((-2.719197e+01 6.350782e-01 1.589147e-01) (2.764830e-01 -4.394979e-03 1.080584e-03))
500.4         	((-2.566667e+00 1.422049e+03 2.634818e+02) (6.877385e-03 6.445941e+00 -4.822197e-01)) ((-2.632093e+01 7.376236e-01 1.863447e-01) (2.620735e-01 -3.961825e-03 8.073652e-04))
500.41        	((-2.829247e+00 1.456508e+03 2.747562e+02) (6.094424e-03 6.470096e+00 -4.983411e-01)) ((-2.747687e+01 8.345715e-01 2.142538e-01) (2.483462e-01 -3.502429e-03 5.965968e-04))
500.42        	((-3.023799e+00 1.486849e+03 2.840093e+02) (5.376296e-03 6.496988e+00 -5.116623e-01)) ((-3.032151e+01 9.008564e-01 2.445221e-01) (2.346121e-01 -3.077009e-03 4.208731e-04))
500.43        	((-3.100979e+00 1.515287e+03 2.928541e+02) (4.540209e-03 6.529501e+00 -5.217550e-01)) ((-3.341492e+01 9.210102e-01 2.633534e-01) (2.214885e-01 -2.607730e-03 3.139967e-04))
500.44        	((-3.139575e+00 1.543483e+03 3.021890e+02) (4.088813e-03 6.569040e+00 -5.283873e-01)) ((-3.564540e+01 9.281975e-01 2.776258e-01) (2.091569e-01 -2.199019e-03 1.982320e-04))
500.45        	((-3.172921e+00 1.572240e+03 3.120666e+02) (3.459354e-03 6.616281e+00 -5.327607e-01)) ((-3.680469e+01 9.572383e-01 2.682333e-01) (1.978054e-01 -2.002564e-03 2.060306e-04))
500.46        	((-3.249327e+00 1.602008e+03 3.220893e+02) (2.926468e-03 6.668654e+00 -5.346683e-01)) ((-3.744778e+01 9.881896e-01 2.629700e-01) (1.871189e-01 -1.604384e-03 7.633537e-04))
500.47        	((-3.343496e+00 1.633020e+03 3.320166e+02) (2.529745e-03 6.727550e+00 -5.358370e-01)) ((-3.824083e+01 1.018262e+00 2.393440e-01) (1.777370e-01 -1.448462e-03 4.657475e-04))
500.48        	((-3.461668e+00 1.664689e+03 3.416108e+02) (2.537175e-03 6.788358e+00 -5.359598e-01)) ((-3.961481e+01 1.020027e+00 2.356172e-01) (1.688995e-01 -1.036416e-03 5.371929e-05))
500.49        	((-3.556243e+00 1.695927e+03 3.507776e+02) (2.592189e-03 6.852972e+00 -5.362235e-01)) ((-4.152645e+01 1.012327e+00 2.301223e-01) (1.611878e-01 -9.604945e-04 -6.730806e-04))
500.5         	((-3.646138e+00 1.725824e+03 3.594182e+02) (2.812388e-03 6.922126e+00 -5.352090e-01)) ((-4.364462e+01 9.952284e-01 2.428917e-01) (1.550614e-01 -7.545710e-04 -4.242488e-04))
500.51        	((-3.687585e+00 1.754373e+03 3.677221e+02) (2.900730e-03 6.996314e+00 -5.345045e-01)) ((-4.557048e+01 9.842345e-01 2.348877e-01) (1.504662e-01 -8.121874e-04 -6.212261e-04))
500.52        	((-3.756601e+00 1.782276e+03 3.758394e+02) (3.068430e-03 7.073570e+00 -5.329395e-01)) ((-4.714572e+01 9.659152e-01 2.365587e-01) (1.469924e-01 -5.594980e-04 -6.117486e-04))
500.53        	((-3.831848e+00 1.810406e+03 3.839769e+02) (3.026301e-03 7.154896e+00 -5.321379e-01)) ((-4.842958e+01 9.641342e-01 2.279981e-01) (1.447101e-01 -6.185458e-04 -9.682750e-04))
500.54        	((-3.952185e+00 1.838994e+03 3.920287e+02) (3.055047e-03 7.237807e+00 -5.308066e-01)) ((-4.968488e+01 9.575582e-01 2.431768e-01) (1.432157e-01 -3.583742e-04 -7.699664e-04))
500.55        	((-4.047753e+00 1.867782e+03 3.999644e+02) (3.005266e-03 7.323676e+00 -5.306665e-01)) ((-5.108570e+01 9.679662e-01 2.422098e-01) (1.428410e-01 -5.325325e-04 -9.498602e-04))
500.56        	((-4.179370e+00 1.896062e+03 4.075614e+02) (3.378927e-03 7.409760e+00 -5.300293e-01)) ((-5.273019e+01 9.735039e-01 2.603184e-01) (1.431337e-01 -4.211515e-04 -6.660209e-04))
500.57        	((-4.316817e+00 1.926394e+03 4.163470e+02) (3.495713e-03 7.502471e+00 -5.306066e-01)) ((-5.430096e+01 9.931102e-01 2.552299e-01) (1.446366e-01 -6.924559e-04 -9.698599e-04))
500.58        	((-4.453592e+00 1.954080e+03 4.236270e+02) (3.995357e-03 7.589644e+00 -5.303951e-01)) ((-5.609490e+01 1.007375e+00 2.710681e-01) (1.465004e-01 -5.463344e-04 -7.123645e-04))
500.59        	((-4.575170e+00 1.982011e+03 4.313012e+02) (4.065146e-03 7.682825e+00 -5.317741e-01)) ((-5.775558e+01 1.036350e+00 2.629839e-01) (1.493972e-01 -8.478599e-04 -1.141648e-03))
500.6         	((-4.744830e+00 2.009809e+03 4.390042e+02) (4.711627e-03 7.773653e+00 -5.322814e-01)) ((-5.930440e+01 1.051362e+00 2.858861e-01) (1.522325e-01 -7.361292e-04 -8.537829e-04))
500.61        	((-4.840239e+00 2.034248e+03 4.451940e+02) (4.718109e-03 7.861501e+00 -5.348477e-01)) ((-6.088340e+01 1.095168e+00 2.884506e-01) (1.555112e-01 -1.039844e-03 -1.319338e-03))
500.62        	((-5.020449e+00 2.059570e+03 4.522418e+02) (5.097736e-03 7.951018e+00 -5.362533e-01)) ((-6.223699e+01 1.121268e+00 3.224402e-01) (1.587085e-01 -8.139076e-04 -9.263762e-04))
500.63        	((-5.189887e+00 2.086096e+03 4.601066e+02) (4.845657e-03 8.042052e+00 -5.390949e-01)) ((-6.340752e+01 1.170316e+00 3.332696e-01) (1.624780e-01 -1.049630e-03 -1.323397e-03))
500.64        	((-5.412732e+00 2.112610e+03 4.678715e+02) (5.107167e-03 8.129518e+00 -5.403971e-01)) ((-6.464260e+01 1.212228e+00 3.734992e-01) (1.659081e-01 -7.925327e-04 -8.996361e-04))
500.65        	((-5.642809e+00 2.138032e+03 4.751153e+02) (5.207409e-03 8.217419e+00 -5.432108e-01)) ((-6.598884e+01 1.296316e+00 3.987467e-01) (1.697886e-01 -1.124653e-03 -1.444012e-03))
500.66        	((-5.919435e+00 2.161997e+03 4.817754e+02) (5.887059e-03 8.302262e+00 -5.451161e-01)) ((-6.736874e+01 1.370863e+00 4.537906e-01) (1.733291e-01 -1.007722e-03 -1.279247e-03))
500.67        	((-6.109028e+00 2.185022e+03 4.883696e+02) (5.895220e-03 8.387727e+00 -5.482298e-01)) ((-6.854910e+01 1.448004e+00 4.741828e-01) (1.773118e-01 -1.278357e-03 -1.740595e-03))
500.68        	((-6.309763e+00 2.207637e+03 4.950798e+02) (6.476469e-03 8.469844e+00 -5.498676e-01)) ((-6.948425e+01 1.500220e+00 5.138622e-01) (1.809292e-01 -1.124173e-03 -1.473937e-03))
500.69        	((-6.492213e+00 2.230195e+03 5.020306e+02) (6.731016e-03 8.551803e+00 -5.527687e-01)) ((-7.019465e+01 1.579804e+00 5.301125e-01) (1.846349e-01 -1.472242e-03 -2.083995e-03))
500.7         	((-6.732736e+00 2.252540e+03 5.089245e+02) (7.121817e-03 8.630395e+00 -5.544336e-01)) ((-7.085084e+01 1.649928e+00 5.767307e-01) (1.878604e-01 -1.204190e-03 -1.805571e-03))
500.71        	((-6.943166e+00 2.274485e+03 5.157163e+02) (6.727028e-03 8.709241e+00 -5.573827e-01)) ((-7.149309e+01 1.739054e+00 6.007310e-01) (1.913325e-01 -1.290125e-03 -2.156280e-03))
500.72        	((-7.173176e+00 2.295755e+03 5.222360e+02) (6.786134e-03 8.784484e+00 -5.592944e-01)) ((-7.215515e+01 1.801836e+00 6.483976e-01) (1.942423e-01 -9.600923e-04 -1.716447e-03))
500.73        	((-7.339764e+00 2.316385e+03 5.286597e+02) (6.180196e-03 8.858667e+00 -5.624604e-01)) ((-7.271983e+01 1.877234e+00 6.662619e-01) (1.970083e-01 -1.010026e-03 -1.862898e-03))
500.74        	((-7.616828e+00 2.336403e+03 5.349397e+02) (6.400066e-03 8.930188e+00 -5.645727e-01)) ((-7.316063e+01 1.957055e+00 7.220778e-01) (1.995176e-01 -7.745488e-04 -1.524231e-03))
500.75        	((-7.938020e+00 2.355956e+03 5.412304e+02) (6.420648e-03 9.001722e+00 -5.677570e-01)) ((-7.342282e+01 2.094005e+00 7.670273e-01) (2.022353e-01 -1.024018e-03 -2.102519e-03))
500.76        	((-8.301679e+00 2.374977e+03 5.473478e+02) (6.947189e-03 9.069968e+00 -5.698980e-01)) ((-7.359376e+01 2.200571e+00 8.385997e-01) (2.044523e-01 -8.525397e-04 -1.865509e-03))
500.77        	((-8.546295e+00 2.393556e+03 5.534114e+02) (6.943164e-03 9.138138e+00 -5.731742e-01)) ((-7.369060e+01 2.317582e+00 8.689753e-01) (2.067880e-01 -1.035113e-03 -2.377966e-03))
500.78        	((-8.814893e+00 2.411609e+03 5.592249e+02) (7.470766e-03 9.202838e+00 -5.754539e-01)) ((-7.377515e+01 2.391688e+00 9.223084e-01) (2.085449e-01 -8.765638e-04 -2.102584e-03))
500.79        	((-9.038244e+00 2.429191e+03 5.649754e+02) (7.399135e-03 9.267281e+00 -5.786542e-01)) ((-7.378062e+01 2.522456e+00 9.477051e-01) (2.103849e-01 -1.000373e-03 -2.629678e-03))
500.8         	((-9.366379e+00 2.446206e+03 5.704787e+02) (7.841649e-03 9.328607e+00 -5.811699e-01)) ((-7.373155e+01 2.621610e+00 1.016905e+00) (2.116929e-01 -8.383009e-04 -2.326066e-03))
500.81        	((-9.633567e+00 2.462689e+03 5.759168e+02) (7.505329e-03 9.389472e+00 -5.844334e-01)) ((-7.358266e+01 2.777594e+00 1.058875e+00) (2.130362e-01 -8.555996e-04 -2.768358e-03))
500.82        	((-9.971556e+00 2.478570e+03 5.811129e+02) (7.758800e-03 9.447374e+00 -5.870808e-01)) ((-7.338581e+01 2.873023e+00 1.136399e+00) (2.138588e-01 -7.097330e-04 -2.379594e-03))
500.83        	((-1.019722e+01 2.493949e+03 5.862217e+02) (7.380444e-03 9.504338e+00 -5.902124e-01)) ((-7.312461e+01 3.023092e+00 1.171709e+00) (2.146000e-01 -7.562244e-04 -2.839088e-03))
500.84        	((-1.048835e+01 2.508791e+03 5.911134e+02) (8.034291e-03 9.558605e+00 -5.927749e-01)) ((-7.283250e+01 3.095642e+00 1.239651e+00) (2.148881e-01 -8.272655e-04 -2.580963e-03))
500.85        	((-1.064846e+01 2.523128e+03 5.958689e+02) (7.754183e-03 9.612015e+00 -5.956182e-01)) ((-7.247851e+01 3.233679e+00 1.259304e+00) (2.151700e-01 -9.141916e-04 -3.141972e-03))
500.86        	((-1.089527e+01 2.536916e+03 6.004192e+02) (8.216313e-03 9.663614e+00 -5.981385e-01)) ((-7.208041e+01 3.285295e+00 1.319608e+00) (2.152572e-01 -9.145586e-04 -2.761430e-03))
500.87        	((-1.104556e+01 2.550167e+03 6.048201e+02) (7.665347e-03 9.714352e+00 -6.008922e-01)) ((-7.163403e+01 3.427274e+00 1.340184e+00) (2.153356e-01 -8.692422e-04 -3.254254e-03))
500.88        	((-1.130927e+01 2.562856e+03 6.090293e+02) (7.909454e-03 9.763478e+00 -6.035381e-01)) ((-7.116482e+01 3.481155e+00 1.410296e+00) (2.152286e-01 -7.696908e-04 -2.758722e-03))
500.89        	((-1.143208e+01 2.575016e+03 6.130812e+02) (7.062679e-03 9.811363e+00 -6.061997e-01)) ((-7.066771e+01 3.620251e+00 1.430860e+00) (2.150419e-01 -5.897506e-04 -3.184935e-03))
500.9         	((-1.163993e+01 2.586659e+03 6.169467e+02) (7.213014e-03 9.857374e+00 -6.085859e-01)) ((-7.014891e+01 3.653387e+00 1.496371e+00) (2.146400e-01 -4.749606e-04 -2.654366e-03))
500.91        	((-1.169832e+01 2.597825e+03 6.206657e+02) (6.278492e-03 9.902088e+00 -6.109980e-01)) ((-6.959447e+01 3.774344e+00 1.508388e+00) (2.141389e-01 -2.370245e-04 -3.105115e-03))
500.92        	((-1.189340e+01 2.608512e+03 6.242147e+02) (6.282352e-03 9.944754e+00 -6.131983e-01)) ((-6.900477e+01 3.791658e+00 1.578516e+00) (2.132789e-01 -6.972583e-05 -2.552019e-03))
500.93        	((-1.193248e+01 2.618724e+03 6.276314e+02) (5.486824e-03 9.986415e+00 -6.159404e-01)) ((-6.837769e+01 3.906658e+00 1.589030e+00) (2.121756e-01 1.574565e-04 -3.147926e-03))
500.94        	((-1.207572e+01 2.628452e+03 6.308924e+02) (6.295235e-03 1.002779e+01 -6.182801e-01)) ((-6.772731e+01 3.892902e+00 1.647838e+00) (2.112845e-01 8.657636e-05 -2.570850e-03))
500.95        	((-1.208706e+01 2.637707e+03 6.340059e+02) (5.797571e-03 1.006770e+01 -6.203268e-01)) ((-6.705549e+01 3.996081e+00 1.646926e+00) (2.101685e-01 1.312716e-04 -3.191428e-03))
500.96        	((-1.225642e+01 2.646517e+03 6.369680e+02) (6.517219e-03 1.010632e+01 -6.222379e-01)) ((-6.636140e+01 3.984782e+00 1.707045e+00) (2.089022e-01 5.979087e-05 -2.633512e-03))
500.97        	((-1.225790e+01 2.654901e+03 6.398163e+02) (5.896511e-03 1.014400e+01 -6.240604e-01)) ((-6.564044e+01 4.087976e+00 1.700286e+00) (2.075975e-01 1.430029e-04 -3.313853e-03))
500.98        	((-1.241522e+01 2.662853e+03 6.425361e+02) (6.643411e-03 1.018065e+01 -6.258098e-01)) ((-6.490798e+01 4.057450e+00 1.757098e+00) (2.061150e-01 9.021995e-05 -2.696251e-03))
500.99        	((-1.241129e+01 2.670371e+03 6.451395e+02) (5.990419e-03 1.021635e+01 -6.274280e-01)) ((-6.416176e+01 4.156859e+00 1.749012e+00) (2.044972e-01 1.649797e-04 -3.429615e-03))
501           	((-1.255630e+01 2.677448e+03 6.476187e+02) (6.827134e-03 1.025103e+01 -6.289576e-01)) ((-6.340430e+01 4.120993e+00 1.808967e+00) (2.027690e-01 7.078987e-05 -2.787828e-03))
501.01        	((-1.250613e+01 2.684089e+03 6.499870e+02) (6.254552e-03 1.028479e+01 -6.303248e-01)) ((-6.263722e+01 4.212838e+00 1.792392e+00) (2.009772e-01 1.267325e-04 -3.561334e-03))
501.02        	((-1.260847e+01 2.690301e+03 6.522413e+02) (7.228862e-03 1.031754e+01 -6.315345e-01)) ((-6.186725e+01 4.162324e+00 1.845235e+00) (1.991134e-01 -2.601559e-05 -2.877310e-03))
501.03        	((-1.254697e+01 2.696118e+03 6.543917e+02) (6.625370e-03 1.034924e+01 -6.326117e-01)) ((-6.109510e+01 4.259919e+00 1.824133e+00) (1.971491e-01 2.671036e-05 -3.693655e-03))
501.04        	((-1.270310e+01 2.701545e+03 6.564319e+02) (7.538323e-03 1.037984e+01 -6.335253e-01)) ((-6.032211e+01 4.227850e+00 1.888569e+00) (1.950776e-01 -9.678398e-05 -2.936284e-03))
501.05        	((-1.270212e+01 2.706503e+03 6.581329e+02) (6.750810e-03 1.040936e+01 -6.344745e-01)) ((-5.959589e+01 4.356784e+00 1.877786e+00) (1.929850e-01 3.232143e-05 -3.773636e-03))
501.06        	((-1.288950e+01 2.710392e+03 6.594288e+02) (7.570520e-03 1.043691e+01 -6.352566e-01)) ((-5.893251e+01 4.341002e+00 1.950748e+00) (1.907051e-01 -2.118489e-05 -2.917581e-03))
501.07        	((-1.289085e+01 2.713930e+03 6.606937e+02) (6.638642e-03 1.046378e+01 -6.358109e-01)) ((-5.824080e+01 4.481715e+00 1.939814e+00) (1.882977e-01 1.762859e-04 -3.756021e-03))
501.08        	((-1.309237e+01 2.717682e+03 6.622213e+02) (7.431531e-03 1.049022e+01 -6.360273e-01)) ((-5.745937e+01 4.461195e+00 2.009769e+00) (1.858229e-01 1.277928e-04 -2.797748e-03))
501.09        	((-1.307648e+01 2.721696e+03 6.639467e+02) (6.409303e-03 1.051591e+01 -6.359033e-01)) ((-5.661002e+01 4.597258e+00 1.985946e+00) (1.832270e-01 3.320619e-04 -3.638529e-03))
501.1         	((-1.324512e+01 2.725534e+03 6.656372e+02) (7.263245e-03 1.054068e+01 -6.354783e-01)) ((-5.578072e+01 4.561741e+00 2.043596e+00) (1.805184e-01 2.385731e-04 -2.580852e-03))
501.11        	((-1.314742e+01 2.728885e+03 6.670586e+02) (7.180023e-03 1.056143e+01 -6.345700e-01)) ((-5.500076e+01 4.675572e+00 1.997189e+00) (1.767155e-01 1.291248e-04 -3.239052e-03))
501.12        	((-1.326558e+01 2.731681e+03 6.682543e+02) (6.884126e-03 1.058653e+01 -6.342478e-01)) ((-5.425477e+01 4.625584e+00 2.042001e+00) (1.744625e-01 3.362065e-04 -2.203185e-03))
501.13        	((-1.322183e+01 2.734104e+03 6.693438e+02) (4.916904e-03 1.060904e+01 -6.333197e-01)) ((-5.348999e+01 4.754241e+00 2.008109e+00) (1.716421e-01 8.724125e-04 -2.843065e-03))
501.14        	((-1.340391e+01 2.736183e+03 6.705110e+02) (4.995324e-03 1.062975e+01 -6.317003e-01)) ((-5.266459e+01 4.712418e+00 2.071338e+00) (1.688244e-01 1.087720e-03 -1.498933e-03))
501.15        	((-1.337450e+01 2.738102e+03 6.717946e+02) (3.280211e-03 1.065008e+01 -6.299200e-01)) ((-5.178648e+01 4.837427e+00 2.035671e+00) (1.661019e-01 1.581493e-03 -2.164082e-03))
501.16        	((-1.354007e+01 2.739932e+03 6.730412e+02) (3.488667e-03 1.066983e+01 -6.279610e-01)) ((-5.091404e+01 4.790348e+00 2.083048e+00) (1.634019e-01 1.758939e-03 -9.576964e-04))
501.17        	((-1.349259e+01 2.741546e+03 6.741548e+02) (1.942150e-03 1.068916e+01 -6.259534e-01)) ((-5.007050e+01 4.904935e+00 2.036475e+00) (1.607304e-01 2.185967e-03 -1.662249e-03))
501.18        	((-1.363642e+01 2.742788e+03 6.750737e+02) (2.167076e-03 1.070779e+01 -6.238225e-01)) ((-4.927069e+01 4.853853e+00 2.079399e+00) (1.580083e-01 2.325287e-03 -5.049701e-04))
501.19        	((-1.355732e+01 2.743648e+03 6.758875e+02) (7.025089e-04 1.072602e+01 -6.216443e-01)) ((-4.849334e+01 4.950084e+00 2.035495e+00) (1.553161e-01 2.703020e-03 -1.164262e-03))
501.2         	((-1.363309e+01 2.744216e+03 6.766474e+02) (9.366822e-04 1.074345e+01 -6.193144e-01)) ((-4.772644e+01 4.878990e+00 2.074026e+00) (1.525558e-01 2.806088e-03 -5.643420e-05))
501.21        	((-1.347314e+01 2.744581e+03 6.774436e+02) (-4.115727e-04 1.076050e+01 -6.169068e-01)) ((-4.694796e+01 4.941097e+00 2.024849e+00) (1.498312e-01 3.120717e-03 -6.831411e-04))
501.22        	((-1.345464e+01 2.744753e+03 6.782148e+02) (-1.517720e-04 1.077679e+01 -6.143383e-01)) ((-4.617618e+01 4.842811e+00 2.051301e+00) (1.470300e-01 3.176704e-03 3.601622e-04))
501.23        	((-1.322620e+01 2.744709e+03 6.789636e+02) (-1.384851e-03 1.079278e+01 -6.116820e-01)) ((-4.541593e+01 4.875609e+00 1.995485e+00) (1.442664e-01 3.430423e-03 -2.402424e-04))
501.24        	((-1.314492e+01 2.744412e+03 6.796131e+02) (-1.105866e-03 1.080802e+01 -6.088093e-01)) ((-4.468650e+01 4.760665e+00 2.013473e+00) (1.414246e-01 3.456127e-03 7.414888e-04))
501.25        	((-1.286421e+01 2.743881e+03 6.802197e+02) (-2.247243e-03 1.082296e+01 -6.057975e-01)) ((-4.397233e+01 4.769063e+00 1.953791e+00) (1.386275e-01 3.674797e-03 1.686646e-04))
501.26        	((-1.271533e+01 2.743144e+03 6.807605e+02) (-1.978577e-03 1.083717e+01 -6.025751e-01)) ((-4.327328e+01 4.633157e+00 1.963814e+00) (1.357541e-01 3.691537e-03 1.104317e-03))
501.27        	((-1.237865e+01 2.742211e+03 6.812986e+02) (-3.055831e-03 1.085115e+01 -5.992221e-01)) ((-4.257146e+01 4.612481e+00 1.901163e+00) (1.329401e-01 3.886943e-03 5.735072e-04))
501.28        	((-1.217435e+01 2.741091e+03 6.817838e+02) (-2.797974e-03 1.086444e+01 -5.956695e-01)) ((-4.187977e+01 4.455973e+00 1.903880e+00) (1.300538e-01 3.891901e-03 1.467252e-03))
501.29        	((-1.179721e+01 2.739792e+03 6.822501e+02) (-3.799917e-03 1.087751e+01 -5.919709e-01)) ((-4.119391e+01 4.408632e+00 1.835655e+00) (1.272174e-01 4.056705e-03 9.667913e-04))
501.3         	((-1.155279e+01 2.738300e+03 6.826402e+02) (-3.556659e-03 1.088993e+01 -5.880263e-01)) ((-4.052642e+01 4.235095e+00 1.829189e+00) (1.243227e-01 4.047822e-03 1.813155e-03))
501.31        	((-1.115348e+01 2.736640e+03 6.830080e+02) (-4.470921e-03 1.090219e+01 -5.839358e-01)) ((-3.986811e+01 4.166385e+00 1.756961e+00) (1.214965e-01 4.168824e-03 1.326850e-03))
501.32        	((-1.087673e+01 2.734809e+03 6.833088e+02) (-4.204675e-03 1.091383e+01 -5.796059e-01)) ((-3.922669e+01 3.976787e+00 1.743665e+00) (1.186109e-01 4.132627e-03 2.103318e-03))
501.33        	((-1.044849e+01 2.732828e+03 6.835922e+02) (-5.056786e-03 1.092530e+01 -5.751275e-01)) ((-3.859072e+01 3.884684e+00 1.666055e+00) (1.157853e-01 4.232686e-03 1.619134e-03))
501.34        	((-1.013463e+01 2.730691e+03 6.838196e+02) (-4.781988e-03 1.093618e+01 -5.704530e-01)) ((-3.796280e+01 3.679291e+00 1.643234e+00) (1.128954e-01 4.182024e-03 2.334661e-03))
501.35        	((-9.684907e+00 2.728413e+03 6.840312e+02) (-5.539976e-03 1.094685e+01 -5.656572e-01)) ((-3.733471e+01 3.569286e+00 1.559407e+00) (1.100361e-01 4.247221e-03 1.849354e-03))
501.36        	((-9.354906e+00 2.725987e+03 6.841799e+02) (-5.225205e-03 1.095694e+01 -5.606682e-01)) ((-3.671672e+01 3.357075e+00 1.527896e+00) (1.071076e-01 4.169125e-03 2.485578e-03))
501.37        	((-8.904253e+00 2.723430e+03 6.843055e+02) (-5.860327e-03 1.096683e+01 -5.555764e-01)) ((-3.610407e+01 3.237047e+00 1.439034e+00) (1.042088e-01 4.188972e-03 1.982622e-03))
501.38        	((-8.562285e+00 2.720739e+03 6.843729e+02) (-5.495863e-03 1.097621e+01 -5.503154e-01)) ((-3.550470e+01 3.017705e+00 1.398484e+00) (1.012575e-01 4.084631e-03 2.563527e-03))
501.39        	((-8.099729e+00 2.717927e+03 6.844198e+02) (-6.039307e-03 1.098541e+01 -5.449579e-01)) ((-3.491124e+01 2.881720e+00 1.302252e+00) (9.833359e-02 4.071840e-03 2.075346e-03))
501.4         	((-7.742234e+00 2.714983e+03 6.844030e+02) (-5.639989e-03 1.099409e+01 -5.394453e-01)) ((-3.433298e+01 2.653848e+00 1.250888e+00) (9.533586e-02 3.944608e-03 2.601992e-03))
501.41        	((-7.279131e+00 2.711918e+03 6.843561e+02) (-6.096890e-03 1.100256e+01 -5.338691e-01)) ((-3.376104e+01 2.507728e+00 1.147598e+00) (9.233749e-02 3.908810e-03 2.115996e-03))
501.42        	((-6.919450e+00 2.708726e+03 6.842445e+02) (-5.690964e-03 1.101052e+01 -5.281314e-01)) ((-3.320289e+01 2.276136e+00 1.087212e+00) (8.926607e-02 3.773596e-03 2.610886e-03))
501.43        	((-6.463897e+00 2.705421e+03 6.840995e+02) (-6.107887e-03 1.101824e+01 -5.223115e-01)) ((-3.265340e+01 2.122974e+00 9.781835e-01) (8.619459e-02 3.720219e-03 2.141663e-03))
501.44        	((-6.109608e+00 2.702000e+03 6.838937e+02) (-5.739938e-03 1.102541e+01 -5.163595e-01)) ((-3.211932e+01 1.889427e+00 9.100530e-01) (8.303206e-02 3.593502e-03 2.627982e-03))
501.45        	((-5.659477e+00 2.698474e+03 6.836504e+02) (-6.200289e-03 1.103225e+01 -5.103393e-01)) ((-3.159615e+01 1.727883e+00 7.950537e-01) (7.983359e-02 3.561523e-03 2.212620e-03))
501.46        	((-5.303733e+00 2.694841e+03 6.833578e+02) (-6.019153e-03 1.103853e+01 -5.042223e-01)) ((-3.108529e+01 1.489320e+00 7.180063e-01) (7.651455e-02 3.506039e-03 2.756317e-03))
501.47        	((-4.859004e+00 2.691112e+03 6.830483e+02) (-6.707573e-03 1.104455e+01 -4.980794e-01)) ((-3.057926e+01 1.322366e+00 5.962771e-01) (7.316376e-02 3.568030e-03 2.410484e-03))
501.48        	((-4.516575e+00 2.687285e+03 6.827039e+02) (-6.788420e-03 1.105019e+01 -4.917926e-01)) ((-3.008097e+01 1.083103e+00 5.145156e-01) (6.976147e-02 3.611119e-03 3.043695e-03))
501.49        	((-4.110500e+00 2.683369e+03 6.823551e+02) (-7.233998e-03 1.105617e+01 -4.854958e-01)) ((-2.958465e+01 9.243412e-01 3.944796e-01) (6.653546e-02 3.560436e-03 2.603322e-03))
501.5         	((-3.807058e+00 2.679357e+03 6.819791e+02) (-6.820168e-03 1.106188e+01 -4.790917e-01)) ((-2.909863e+01 6.960269e-01 3.136173e-01) (6.329803e-02 3.404683e-03 3.019545e-03))
501.51        	((-3.409818e+00 2.675256e+03 6.815964e+02) (-7.070527e-03 1.106742e+01 -4.725987e-01)) ((-2.861953e+01 5.376005e-01 1.896160e-01) (6.006874e-02 3.279581e-03 2.510577e-03))
501.52        	((-3.107073e+00 2.671073e+03 6.811956e+02) (-6.609946e-03 1.107257e+01 -4.660223e-01)) ((-2.814746e+01 3.072620e-01 1.054188e-01) (5.678069e-02 3.103709e-03 2.915159e-03))
501.53        	((-2.725454e+00 2.666824e+03 6.808008e+02) (-6.804221e-03 1.107761e+01 -4.594075e-01)) ((-2.767350e+01 1.528277e-01 -1.761128e-02) (5.350394e-02 2.964251e-03 2.364916e-03))
501.54        	((-2.454678e+00 2.662504e+03 6.804045e+02) (-6.259355e-03 1.108245e+01 -4.526762e-01)) ((-2.720099e+01 -6.599314e-02 -9.713968e-02) (5.023260e-02 2.771906e-03 2.723808e-03))
501.55        	((-2.107303e+00 2.658115e+03 6.800111e+02) (-6.380768e-03 1.108710e+01 -4.458258e-01)) ((-2.673066e+01 -2.082947e-01 -2.156078e-01) (4.697589e-02 2.618485e-03 2.139695e-03))
501.56        	((-1.869003e+00 2.653654e+03 6.796172e+02) (-5.753323e-03 1.109146e+01 -4.388351e-01)) ((-2.626548e+01 -4.159640e-01 -2.906676e-01) (4.371457e-02 2.403239e-03 2.488508e-03))
501.57        	((-1.556729e+00 2.649127e+03 6.792176e+02) (-5.789594e-03 1.109547e+01 -4.317195e-01)) ((-2.580585e+01 -5.469787e-01 -4.049840e-01) (4.042499e-02 2.224291e-03 1.893344e-03))
501.58        	((-1.351951e+00 2.644539e+03 6.788223e+02) (-5.092941e-03 1.109926e+01 -4.244585e-01)) ((-2.534961e+01 -7.402645e-01 -4.737926e-01) (3.713169e-02 1.977735e-03 2.249361e-03))
501.59        	((-1.064337e+00 2.639897e+03 6.784130e+02) (-5.093866e-03 1.110275e+01 -4.170540e-01)) ((-2.489622e+01 -8.550980e-01 -5.812550e-01) (3.380757e-02 1.784407e-03 1.661341e-03))
501.6         	((-8.718045e-01 2.635209e+03 6.780113e+02) (-4.362537e-03 1.110622e+01 -4.095504e-01)) ((-2.444007e+01 -1.029730e+00 -6.423018e-01) (3.054209e-02 1.524857e-03 2.039550e-03))
501.61        	((-5.945492e-01 2.630474e+03 6.775797e+02) (-4.374481e-03 1.110943e+01 -4.019166e-01)) ((-2.398634e+01 -1.128145e+00 -7.442820e-01) (2.725247e-02 1.347164e-03 1.453771e-03))
501.62        	((-4.225016e-01 2.625695e+03 6.771468e+02) (-3.667888e-03 1.111276e+01 -3.941703e-01)) ((-2.353193e+01 -1.283158e+00 -7.978684e-01) (2.406568e-02 1.086369e-03 1.846587e-03))
501.63        	((-1.720519e-01 2.620863e+03 6.766606e+02) (-3.768044e-03 1.111570e+01 -3.862369e-01)) ((-2.308928e+01 -1.360099e+00 -8.935155e-01) (2.084056e-02 9.336126e-04 1.261572e-03))
501.64        	((-2.749718e-02 2.615985e+03 6.761661e+02) (-3.116087e-03 1.111874e+01 -3.781857e-01)) ((-2.265284e+01 -1.492724e+00 -9.391047e-01) (1.770036e-02 6.803699e-04 1.693447e-03))
501.65        	((2.036310e-01 2.611054e+03 6.756047e+02) (-3.329803e-03 1.112128e+01 -3.699542e-01)) ((-2.223182e+01 -1.552791e+00 -1.032399e+00) (1.448176e-02 5.711108e-04 1.106333e-03))
501.66        	((3.263481e-01 2.606084e+03 6.750377e+02) (-2.697193e-03 1.112400e+01 -3.616468e-01)) ((-2.181503e+01 -1.668730e+00 -1.072146e+00) (1.136597e-02 3.079362e-04 1.587505e-03))
501.67        	((5.338124e-01 2.601061e+03 6.743913e+02) (-3.036882e-03 1.112611e+01 -3.532011e-01)) ((-2.141688e+01 -1.713415e+00 -1.164488e+00) (8.148098e-03 2.505034e-04 9.535506e-04))
501.68        	((6.217614e-01 2.595997e+03 6.737334e+02) (-2.392885e-03 1.112852e+01 -3.447590e-01)) ((-2.102663e+01 -1.812996e+00 -1.194014e+00) (5.072017e-03 -2.321763e-05 1.538537e-03))
501.69        	((8.017107e-01 2.590875e+03 6.729851e+02) (-2.926034e-03 1.113036e+01 -3.362759e-01)) ((-2.065950e+01 -1.841932e+00 -1.284281e+00) (1.905260e-03 3.715340e-05 8.748449e-04))
501.7         	((8.452356e-01 2.585718e+03 6.722322e+02) (-2.234447e-03 1.113261e+01 -3.278103e-01)) ((-2.029851e+01 -1.925836e+00 -1.299376e+00) (-1.104491e-03 -2.491018e-04 1.695844e-03))
501.71        	((9.920766e-01 2.580508e+03 6.713916e+02) (-2.964965e-03 1.113421e+01 -3.192667e-01)) ((-1.995900e+01 -1.941210e+00 -1.385655e+00) (-4.232634e-03 -5.941971e-05 9.149144e-04))
501.72        	((9.931566e-01 2.575269e+03 6.705468e+02) (-2.166958e-03 1.113638e+01 -3.107368e-01)) ((-1.962454e+01 -2.014191e+00 -1.388870e+00) (-7.162953e-03 -4.195622e-04 1.906615e-03))
501.73        	((1.112775e+00 2.569986e+03 6.696188e+02) (-2.988766e-03 1.113803e+01 -3.021958e-01)) ((-1.930893e+01 -2.023089e+00 -1.467631e+00) (-1.019418e-02 -2.129171e-04 9.713208e-04))
501.74        	((1.080664e+00 2.564681e+03 6.686969e+02) (-2.049573e-03 1.114016e+01 -2.936580e-01)) ((-1.899468e+01 -2.089612e+00 -1.465929e+00) (-1.306104e-02 -6.106121e-04 1.886676e-03))
501.75        	((1.172054e+00 2.559340e+03 6.677045e+02) (-2.942419e-03 1.114170e+01 -2.850772e-01)) ((-1.869471e+01 -2.093565e+00 -1.532152e+00) (-1.606495e-02 -3.921514e-04 9.796274e-04))
501.76        	((1.105154e+00 2.553994e+03 6.667244e+02) (-1.877213e-03 1.114357e+01 -2.765287e-01)) ((-1.838983e+01 -2.152514e+00 -1.524462e+00) (-1.896619e-02 -7.852092e-04 1.743198e-03))
501.77        	((1.165169e+00 2.548633e+03 6.656825e+02) (-2.861393e-03 1.114478e+01 -2.679436e-01)) ((-1.809117e+01 -2.150738e+00 -1.575906e+00) (-2.204341e-02 -5.695287e-04 9.437432e-04))
501.78        	((1.050673e+00 2.543277e+03 6.646576e+02) (-1.698102e-03 1.114628e+01 -2.593911e-01)) ((-1.778452e+01 -2.197992e+00 -1.562792e+00) (-2.503989e-02 -9.196317e-04 1.541156e-03))
501.79        	((1.059049e+00 2.537906e+03 6.635782e+02) (-2.854142e-03 1.114716e+01 -2.508068e-01)) ((-1.748420e+01 -2.183006e+00 -1.599478e+00) (-2.819680e-02 -6.851614e-04 9.371735e-04))
501.8         	((8.817897e-01 2.532542e+03 6.625187e+02) (-1.544255e-03 1.114843e+01 -2.422668e-01)) ((-1.717561e+01 -2.214022e+00 -1.583154e+00) (-3.123669e-02 -1.007474e-03 1.373521e-03))
501.81        	((8.347528e-01 2.527167e+03 6.614081e+02) (-2.817036e-03 1.114919e+01 -2.336654e-01)) ((-1.687265e+01 -2.186897e+00 -1.606666e+00) (-3.438675e-02 -7.613502e-04 9.098136e-04))
501.82        	((6.101334e-01 2.521803e+03 6.603182e+02) (-1.465623e-03 1.115028e+01 -2.251036e-01)) ((-1.656090e+01 -2.203606e+00 -1.585146e+00) (-3.742025e-02 -1.084191e-03 1.265501e-03))
501.83        	((5.229907e-01 2.516432e+03 6.591938e+02) (-2.663683e-03 1.115095e+01 -2.165548e-01)) ((-1.625357e+01 -2.165544e+00 -1.599977e+00) (-4.054917e-02 -8.339338e-04 7.614258e-04))
501.84        	((2.672149e-01 2.511060e+03 6.580965e+02) (-1.203543e-03 1.115185e+01 -2.081313e-01)) ((-1.594130e+01 -2.168001e+00 -1.566128e+00) (-4.365978e-02 -1.156857e-03 9.662468e-04))
501.85        	((1.507840e-01 2.505679e+03 6.569658e+02) (-2.329956e-03 1.115246e+01 -1.995963e-01)) ((-1.563418e+01 -2.118101e+00 -1.557637e+00) (-4.686055e-02 -9.799884e-04 5.071887e-04))
501.86        	((-1.198503e-01 2.500304e+03 6.558576e+02) (-9.156875e-04 1.115337e+01 -1.910339e-01)) ((-1.532070e+01 -2.101907e+00 -1.508767e+00) (-4.997012e-02 -1.366285e-03 7.498907e-04))
501.87        	((-2.562264e-01 2.494921e+03 6.547354e+02) (-1.935954e-03 1.115377e+01 -1.825430e-01)) ((-1.500961e+01 -2.032729e+00 -1.493699e+00) (-5.322784e-02 -1.153565e-03 1.555508e-04))
501.88        	((-5.388043e-01 2.489552e+03 6.536460e+02) (-4.427932e-04 1.115439e+01 -1.741267e-01)) ((-1.469068e+01 -1.992728e+00 -1.442622e+00) (-5.643443e-02 -1.459158e-03 1.952592e-04))
501.89        	((-6.634080e-01 2.484188e+03 6.525498e+02) (-1.583681e-03 1.115511e+01 -1.654889e-01)) ((-1.437190e+01 -1.900846e+00 -1.419505e+00) (-5.960684e-02 -1.328514e-03 -2.697847e-04))
501.9         	((-9.258186e-01 2.478824e+03 6.514923e+02) (-2.683103e-04 1.115636e+01 -1.567789e-01)) ((-1.404965e+01 -1.840597e+00 -1.364441e+00) (-6.261865e-02 -1.730440e-03 -2.133911e-05))
501.91        	((-1.067092e+00 2.473424e+03 6.504488e+02) (-1.286530e-03 1.115696e+01 -1.482935e-01)) ((-1.373676e+01 -1.735586e+00 -1.348882e+00) (-6.581791e-02 -1.429981e-03 -7.443818e-04))
501.92        	((-1.338011e+00 2.468031e+03 6.494317e+02) (-1.451828e-04 1.115789e+01 -1.397159e-01)) ((-1.342075e+01 -1.656555e+00 -1.298662e+00) (-6.891987e-02 -1.627100e-03 -6.270699e-04))
501.93        	((-1.457909e+00 2.462648e+03 6.484360e+02) (-1.378461e-03 1.115880e+01 -1.307625e-01)) ((-1.309952e+01 -1.537133e+00 -1.273205e+00) (-7.195812e-02 -1.498381e-03 -8.976018e-04))
501.94        	((-1.701145e+00 2.457271e+03 6.474556e+02) (-1.111868e-04 1.115990e+01 -1.215965e-01)) ((-1.277465e+01 -1.446838e+00 -1.223269e+00) (-7.492098e-02 -1.901302e-03 -6.095713e-04))
501.95        	((-1.837017e+00 2.451886e+03 6.465233e+02) (-1.028910e-03 1.116038e+01 -1.128586e-01)) ((-1.244758e+01 -1.328335e+00 -1.202124e+00) (-7.808268e-02 -1.530806e-03 -1.280483e-03))
501.96        	((-2.078565e+00 2.446512e+03 6.455866e+02) (-4.022675e-05 1.116107e+01 -1.039967e-01)) ((-1.212171e+01 -1.234467e+00 -1.144757e+00) (-8.119147e-02 -1.734330e-03 -9.466654e-04))
501.97        	((-2.185280e+00 2.441155e+03 6.447004e+02) (-1.157324e-03 1.116184e+01 -9.505780e-02)) ((-1.178597e+01 -1.109036e+00 -1.111528e+00) (-8.425739e-02 -1.624451e-03 -1.106730e-03))
501.98        	((-2.421768e+00 2.435796e+03 6.437901e+02) (2.238783e-04 1.116291e+01 -8.560461e-02)) ((-1.145518e+01 -1.011157e+00 -1.062353e+00) (-8.720852e-02 -1.891730e-03 -9.470005e-04))
501.99        	((-2.557695e+00 2.430448e+03 6.429369e+02) (-7.349447e-04 1.116382e+01 -7.646797e-02)) ((-1.111552e+01 -8.892092e-01 -1.032737e+00) (-9.022934e-02 -1.448274e-03 -1.538135e-03))
502           	((-2.816310e+00 2.425073e+03 6.420719e+02) (4.373320e-04 1.116388e+01 -6.771954e-02)) ((-1.078879e+01 -7.975862e-01 -9.704451e-01) (-9.354246e-02 -1.549597e-03 -1.316639e-03))
502.01        	((-2.939671e+00 2.419753e+03 6.412559e+02) (-8.260811e-04 1.116511e+01 -5.847872e-02)) ((-1.044305e+01 -6.719578e-01 -9.325488e-01) (-9.648820e-02 -1.462072e-03 -1.380419e-03))
502.02        	((-3.189398e+00 2.414425e+03 6.403967e+02) (2.059094e-04 1.116448e+01 -4.911586e-02)) ((-1.010737e+01 -5.830731e-01 -8.726016e-01) (-9.891769e-02 -1.646265e-03 -9.499305e-04))
502.03        	((-3.330442e+00 2.409100e+03 6.395899e+02) (-7.230733e-04 1.116320e+01 -4.028573e-02)) ((-9.764583e+00 -4.644338e-01 -8.444842e-01) (-1.015673e-01 -1.053314e-03 -1.795747e-03))
502.04        	((-3.556540e+00 2.403769e+03 6.387725e+02) (-5.938284e-05 1.116200e+01 -3.145393e-02)) ((-9.430920e+00 -3.775067e-01 -7.686447e-01) (-1.042170e-01 -1.289965e-03 -9.224598e-04))
502.05        	((-3.672279e+00 2.398470e+03 6.379698e+02) (-7.919342e-04 1.116046e+01 -2.266565e-02)) ((-9.088711e+00 -2.559342e-01 -7.358429e-01) (-1.069560e-01 -1.033825e-03 -1.581569e-03))
502.06        	((-3.935383e+00 2.393176e+03 6.371901e+02) (2.604976e-04 1.115959e+01 -1.361672e-02)) ((-8.746440e+00 -1.812153e-01 -6.678214e-01) (-1.094713e-01 -1.079357e-03 -1.135174e-03))
502.07        	((-4.048060e+00 2.387911e+03 6.363924e+02) (-8.477436e-04 1.115811e+01 -4.445421e-03)) ((-8.398982e+00 -5.840150e-02 -6.293958e-01) (-1.121198e-01 -7.470006e-04 -1.773012e-03))
502.08        	((-4.306774e+00 2.382639e+03 6.356555e+02) (6.227979e-04 1.115738e+01 4.495716e-03)) ((-8.051512e+00 1.069919e-02 -5.601017e-01) (-1.145698e-01 -1.067404e-03 -1.276736e-03))
502.09        	((-4.394940e+00 2.377380e+03 6.348691e+02) (-4.705511e-04 1.115498e+01 1.313075e-02)) ((-7.710356e+00 1.378974e-01 -5.225422e-01) (-1.175062e-01 -1.021620e-03 -1.732920e-03))
502.1         	((-4.666073e+00 2.372137e+03 6.341692e+02) (1.529783e-03 1.115488e+01 2.214028e-02)) ((-7.361535e+00 2.018349e-01 -4.517050e-01) (-1.197982e-01 -1.153189e-03 -1.717609e-03))
502.11        	((-4.777862e+00 2.366913e+03 6.333606e+02) (8.229183e-04 1.115346e+01 3.148156e-02)) ((-7.022837e+00 3.306228e-01 -4.141866e-01) (-1.224427e-01 -9.733359e-04 -2.677158e-03))
502.12        	((-5.055575e+00 2.361681e+03 6.326617e+02) (2.457146e-03 1.115347e+01 4.032420e-02)) ((-6.679676e+00 3.982340e-01 -3.290401e-01) (-1.247422e-01 -1.465995e-03 -1.948533e-03))
502.13        	((-5.163281e+00 2.356454e+03 6.318465e+02) (1.587415e-03 1.115107e+01 4.926797e-02)) ((-6.354089e+00 5.332915e-01 -3.004148e-01) (-1.277392e-01 -1.268587e-03 -2.945421e-03))
502.14        	((-5.467434e+00 2.351250e+03 6.311550e+02) (3.164630e-03 1.115089e+01 5.804202e-02)) ((-6.012946e+00 5.937071e-01 -2.256672e-01) (-1.301796e-01 -1.258563e-03 -2.622857e-03))
502.15        	((-5.578586e+00 2.346064e+03 6.303420e+02) (1.869890e-03 1.114932e+01 6.777114e-02)) ((-5.681389e+00 7.285500e-01 -1.866064e-01) (-1.329490e-01 -9.673082e-04 -3.407027e-03))
502.16        	((-5.846706e+00 2.340893e+03 6.296555e+02) (3.242210e-03 1.114948e+01 7.674852e-02)) ((-5.333807e+00 7.967604e-01 -1.017031e-01) (-1.353823e-01 -1.425716e-03 -2.407107e-03))
502.17        	((-5.932781e+00 2.335719e+03 6.288703e+02) (2.087349e-03 1.114677e+01 8.517535e-02)) ((-5.001966e+00 9.375994e-01 -7.204827e-02) (-1.387060e-01 -1.350469e-03 -3.070501e-03))
502.18        	((-6.203328e+00 2.330597e+03 6.281892e+02) (3.644451e-03 1.114773e+01 9.428215e-02)) ((-4.649944e+00 1.009323e+00 4.752516e-04) (-1.409988e-01 -1.287597e-03 -2.811626e-03))
502.19        	((-6.308791e+00 2.325495e+03 6.273828e+02) (2.687381e-03 1.114657e+01 1.039132e-01)) ((-4.308905e+00 1.148142e+00 3.091598e-02) (-1.438280e-01 -9.580139e-04 -3.817392e-03))
502.2         	((-6.577372e+00 2.320396e+03 6.266842e+02) (4.056350e-03 1.114643e+01 1.127315e-01)) ((-3.958708e+00 1.218408e+00 1.089626e-01) (-1.465231e-01 -1.397697e-03 -2.888275e-03))
502.21        	((-6.693950e+00 2.315325e+03 6.258826e+02) (2.926098e-03 1.114460e+01 1.216407e-01)) ((-3.617102e+00 1.350356e+00 1.360246e-01) (-1.497379e-01 -1.046650e-03 -3.809228e-03))
502.22        	((-6.978396e+00 2.310267e+03 6.251754e+02) (4.106382e-03 1.114347e+01 1.301489e-01)) ((-3.266887e+00 1.409577e+00 2.064323e-01) (-1.528370e-01 -7.977072e-04 -3.483102e-03))
502.23        	((-7.064506e+00 2.305240e+03 6.243917e+02) (2.070646e-03 1.114231e+01 1.395240e-01)) ((-2.920523e+00 1.533153e+00 2.454543e-01) (-1.559668e-01 -5.891500e-04 -3.478477e-03))
502.24        	((-7.280157e+00 2.300238e+03 6.236571e+02) (2.875930e-03 1.114228e+01 1.489269e-01)) ((-2.568547e+00 1.594942e+00 3.117270e-01) (-1.588269e-01 -6.280862e-04 -2.645767e-03))
502.25        	((-7.333183e+00 2.295238e+03 6.228494e+02) (1.449531e-03 1.114068e+01 1.578380e-01)) ((-2.229535e+00 1.717043e+00 3.406217e-01) (-1.622349e-01 -1.524609e-04 -3.250148e-03))
502.26        	((-7.545172e+00 2.290252e+03 6.220951e+02) (2.279229e-03 1.114005e+01 1.666276e-01)) ((-1.888576e+00 1.777214e+00 4.064821e-01) (-1.654186e-01 5.072885e-05 -2.671014e-03))
502.27        	((-7.575527e+00 2.285293e+03 6.212935e+02) (4.111074e-04 1.113903e+01 1.756770e-01)) ((-1.551604e+00 1.897169e+00 4.413879e-01) (-1.687555e-01 2.805103e-04 -2.685174e-03))
502.28        	((-7.743900e+00 2.280337e+03 6.205203e+02) (1.158041e-03 1.113948e+01 1.851612e-01)) ((-1.218412e+00 1.956770e+00 4.959097e-01) (-1.716735e-01 3.470482e-04 -2.060728e-03))
502.29        	((-7.763917e+00 2.275381e+03 6.197104e+02) (-4.860821e-04 1.113874e+01 1.941638e-01)) ((-8.947394e-01 2.061399e+00 5.216623e-01) (-1.749969e-01 1.003845e-03 -2.595936e-03))
502.3         	((-7.911472e+00 2.270425e+03 6.189207e+02) (-6.897029e-05 1.113839e+01 2.029455e-01)) ((-5.788819e-01 2.105810e+00 5.809293e-01) (-1.782780e-01 1.336124e-03 -1.966697e-03))
502.31        	((-7.877394e+00 2.265501e+03 6.181266e+02) (-2.388537e-03 1.113828e+01 2.116760e-01)) ((-2.596522e-01 2.201988e+00 6.172504e-01) (-1.815543e-01 1.577918e-03 -1.522296e-03))
502.32        	((-7.957814e+00 2.260582e+03 6.173435e+02) (-1.933003e-03 1.113967e+01 2.214789e-01)) ((5.506987e-02 2.247233e+00 6.659711e-01) (-1.843205e-01 1.858571e-03 -1.017607e-03))
502.33        	((-7.900913e+00 2.255676e+03 6.165590e+02) (-3.647156e-03 1.114008e+01 2.306371e-01)) ((3.685433e-01 2.327428e+00 6.915228e-01) (-1.874473e-01 2.503789e-03 -1.328658e-03))
502.34        	((-7.958735e+00 2.250754e+03 6.157823e+02) (-3.115658e-03 1.113982e+01 2.394258e-01)) ((6.697815e-01 2.348334e+00 7.394492e-01) (-1.908385e-01 2.876303e-03 -1.001466e-03))
502.35        	((-7.839042e+00 2.245866e+03 6.150363e+02) (-5.359143e-03 1.114050e+01 2.483330e-01)) ((9.800562e-01 2.405638e+00 7.687427e-01) (-1.939793e-01 2.941783e-03 -3.251986e-04))
502.36        	((-7.811306e+00 2.240983e+03 6.142711e+02) (-4.808272e-03 1.114191e+01 2.586655e-01)) ((1.285319e+00 2.416667e+00 8.035835e-01) (-1.967286e-01 3.132356e-03 8.342613e-07))
502.37        	((-7.669156e+00 2.236132e+03 6.135273e+02) (-6.308609e-03 1.114213e+01 2.682508e-01)) ((1.601626e+00 2.464233e+00 8.230260e-01) (-1.999182e-01 3.591014e-03 -3.580752e-04))
502.38        	((-7.607194e+00 2.231278e+03 6.127683e+02) (-5.902330e-03 1.114212e+01 2.767799e-01)) ((1.908485e+00 2.454603e+00 8.547428e-01) (-2.032600e-01 4.077241e-03 -1.726660e-04))
502.39        	((-7.392432e+00 2.226484e+03 6.120718e+02) (-7.959107e-03 1.114327e+01 2.860547e-01)) ((2.237600e+00 2.475344e+00 8.767797e-01) (-2.060755e-01 3.920717e-03 6.899971e-04))
502.4         	((-7.276721e+00 2.221706e+03 6.113305e+02) (-7.254797e-03 1.114471e+01 2.966217e-01)) ((2.559056e+00 2.445019e+00 8.962653e-01) (-2.088301e-01 4.213503e-03 9.326820e-04))
502.41        	((-7.060317e+00 2.216965e+03 6.106292e+02) (-8.263196e-03 1.114589e+01 3.059297e-01)) ((2.895333e+00 2.431820e+00 8.950501e-01) (-2.117859e-01 4.604927e-03 8.399311e-04))
502.42        	((-6.941513e+00 2.212207e+03 6.098820e+02) (-7.241368e-03 1.114555e+01 3.153086e-01)) ((3.215845e+00 2.377201e+00 9.027992e-01) (-2.152762e-01 4.869718e-03 7.590581e-04))
502.43        	((-6.699042e+00 2.207497e+03 6.092119e+02) (-9.120969e-03 1.114683e+01 3.243523e-01)) ((3.558166e+00 2.361844e+00 9.093051e-01) (-2.183843e-01 4.636890e-03 1.600668e-03))
502.44        	((-6.532229e+00 2.202785e+03 6.084690e+02) (-8.484063e-03 1.114782e+01 3.350191e-01)) ((3.887966e+00 2.313451e+00 9.148241e-01) (-2.213163e-01 4.877219e-03 1.601693e-03))
502.45        	((-6.268388e+00 2.198119e+03 6.077822e+02) (-9.444275e-03 1.114875e+01 3.439854e-01)) ((4.232426e+00 2.288467e+00 9.112511e-01) (-2.245165e-01 5.010936e-03 1.466073e-03))
502.46        	((-6.106183e+00 2.193444e+03 6.070269e+02) (-8.511156e-03 1.114734e+01 3.536218e-01)) ((4.555295e+00 2.220099e+00 9.091783e-01) (-2.281898e-01 5.285169e-03 1.293653e-03))
502.47        	((-5.842810e+00 2.188833e+03 6.063729e+02) (-1.016672e-02 1.114851e+01 3.622711e-01)) ((4.900041e+00 2.184527e+00 9.078539e-01) (-2.312683e-01 5.005817e-03 1.965192e-03))
502.48        	((-5.655063e+00 2.184227e+03 6.056423e+02) (-9.419781e-03 1.114891e+01 3.726170e-01)) ((5.228048e+00 2.126959e+00 9.001252e-01) (-2.342520e-01 5.115145e-03 1.758041e-03))
502.49        	((-5.369672e+00 2.179675e+03 6.049976e+02) (-1.013261e-02 1.114970e+01 3.814942e-01)) ((5.576643e+00 2.098415e+00 8.882894e-01) (-2.372997e-01 4.988860e-03 1.623610e-03))
502.5         	((-5.165923e+00 2.175105e+03 6.042683e+02) (-8.998358e-03 1.114763e+01 3.913790e-01)) ((5.902963e+00 2.036528e+00 8.741886e-01) (-2.409036e-01 5.070448e-03 1.284345e-03))
502.51        	((-4.868265e+00 2.170595e+03 6.036510e+02) (-1.016758e-02 1.114889e+01 3.996321e-01)) ((6.256631e+00 2.007403e+00 8.676515e-01) (-2.436608e-01 4.657010e-03 1.647635e-03))
502.52        	((-4.649505e+00 2.166080e+03 6.029478e+02) (-9.200546e-03 1.114865e+01 4.098323e-01)) ((6.587520e+00 1.946326e+00 8.501633e-01) (-2.467439e-01 4.809067e-03 1.421215e-03))
502.53        	((-4.378712e+00 2.161619e+03 6.023535e+02) (-9.480053e-03 1.114983e+01 4.182682e-01)) ((6.940794e+00 1.905297e+00 8.336524e-01) (-2.497338e-01 4.691290e-03 1.503093e-03))
502.54        	((-4.231324e+00 2.157130e+03 6.016714e+02) (-8.050524e-03 1.114931e+01 4.276138e-01)) ((7.270126e+00 1.829804e+00 8.063151e-01) (-2.530554e-01 4.885290e-03 1.157999e-03))
502.55        	((-4.009244e+00 2.152701e+03 6.011133e+02) (-8.897488e-03 1.115033e+01 4.363336e-01)) ((7.627537e+00 1.779412e+00 7.818092e-01) (-2.563131e-01 4.672469e-03 1.784737e-03))
502.56        	((-3.884779e+00 2.148249e+03 6.004606e+02) (-7.653696e-03 1.115077e+01 4.459320e-01)) ((7.961443e+00 1.717893e+00 7.466014e-01) (-2.597196e-01 4.682460e-03 1.274639e-03))
502.57        	((-3.696293e+00 2.143847e+03 5.999290e+02) (-8.248524e-03 1.115225e+01 4.549549e-01)) ((8.323618e+00 1.680852e+00 7.186834e-01) (-2.629307e-01 4.621312e-03 1.447610e-03))
502.58        	((-3.639498e+00 2.139408e+03 5.993053e+02) (-6.772718e-03 1.115222e+01 4.639508e-01)) ((8.659350e+00 1.626394e+00 6.877590e-01) (-2.665536e-01 4.573413e-03 7.441613e-04))
502.59        	((-3.507388e+00 2.135032e+03 5.988115e+02) (-7.575069e-03 1.115350e+01 4.727728e-01)) ((9.025630e+00 1.584218e+00 6.640828e-01) (-2.697967e-01 4.323851e-03 1.260987e-03))
502.6         	((-3.467765e+00 2.130632e+03 5.982110e+02) (-6.097866e-03 1.115355e+01 4.819276e-01)) ((9.363116e+00 1.521585e+00 6.260253e-01) (-2.733703e-01 4.191662e-03 4.960021e-04))
502.61        	((-3.362979e+00 2.126300e+03 5.977361e+02) (-6.480300e-03 1.115454e+01 4.906479e-01)) ((9.729555e+00 1.474676e+00 5.951050e-01) (-2.766692e-01 3.947278e-03 7.121952e-04))
502.62        	((-3.379149e+00 2.121946e+03 5.971554e+02) (-4.884405e-03 1.115396e+01 4.995251e-01)) ((1.006786e+01 1.416782e+00 5.553902e-01) (-2.803840e-01 3.822692e-03 -2.076567e-04))
502.63        	((-3.343694e+00 2.117670e+03 5.967080e+02) (-5.477076e-03 1.115477e+01 5.082526e-01)) ((1.044167e+01 1.382302e+00 5.300910e-01) (-2.836623e-01 3.517983e-03 2.447664e-04))
502.64        	((-3.416716e+00 2.113379e+03 5.961410e+02) (-4.060705e-03 1.115428e+01 5.173672e-01)) ((1.078976e+01 1.339691e+00 4.934820e-01) (-2.872531e-01 3.445133e-03 -6.184828e-04))
502.65        	((-3.429787e+00 2.109164e+03 5.956887e+02) (-4.590377e-03 1.115500e+01 5.261717e-01)) ((1.116985e+01 1.314546e+00 4.696868e-01) (-2.904761e-01 3.205384e-03 -1.573130e-04))
502.66        	((-3.545739e+00 2.104929e+03 5.950995e+02) (-3.184796e-03 1.115424e+01 5.352529e-01)) ((1.151793e+01 1.276976e+00 4.346081e-01) (-2.940905e-01 3.202566e-03 -1.058964e-03))
502.67        	((-3.608175e+00 2.100770e+03 5.946219e+02) (-3.812391e-03 1.115479e+01 5.440872e-01)) ((1.189453e+01 1.258944e+00 4.168230e-01) (-2.973263e-01 2.955570e-03 -4.612300e-04))
502.68        	((-3.776989e+00 2.096588e+03 5.939944e+02) (-2.470226e-03 1.115382e+01 5.532263e-01)) ((1.223534e+01 1.232986e+00 3.888216e-01) (-3.009652e-01 2.998220e-03 -1.399153e-03))
502.69        	((-3.891636e+00 2.092482e+03 5.934676e+02) (-3.173142e-03 1.115394e+01 5.623370e-01)) ((1.260602e+01 1.225501e+00 3.790613e-01) (-3.041898e-01 2.761690e-03 -7.682289e-04))
502.7         	((-4.117391e+00 2.088357e+03 5.928006e+02) (-1.874404e-03 1.115315e+01 5.712021e-01)) ((1.294090e+01 1.212452e+00 3.599552e-01) (-3.078977e-01 2.906857e-03 -1.725446e-03))
502.71        	((-4.294662e+00 2.084302e+03 5.922532e+02) (-2.446447e-03 1.115374e+01 5.799215e-01)) ((1.330662e+01 1.222659e+00 3.611589e-01) (-3.111064e-01 2.657018e-03 -1.060606e-03))
502.72        	((-4.561233e+00 2.080208e+03 5.915542e+02) (-1.169892e-03 1.115271e+01 5.889904e-01)) ((1.363496e+01 1.227174e+00 3.524277e-01) (-3.147102e-01 2.790800e-03 -2.134120e-03))
502.73        	((-4.781905e+00 2.076176e+03 5.909665e+02) (-1.761683e-03 1.115318e+01 5.977300e-01)) ((1.398706e+01 1.248505e+00 3.662457e-01) (-3.179088e-01 2.631574e-03 -1.386944e-03))
502.74        	((-5.092032e+00 2.072103e+03 5.902257e+02) (-5.507388e-04 1.114763e+01 6.054323e-01)) ((1.429554e+01 1.269429e+00 3.730207e-01) (-3.205490e-01 2.808855e-03 -2.406500e-03))
502.75        	((-5.371981e+00 2.068089e+03 5.896009e+02) (-1.107460e-03 1.114334e+01 6.131069e-01)) ((1.463238e+01 1.318319e+00 4.053811e-01) (-3.227139e-01 2.647788e-03 -1.796868e-03))
502.76        	((-5.756145e+00 2.064028e+03 5.888228e+02) (3.283432e-04 1.113739e+01 6.211498e-01)) ((1.493015e+01 1.371574e+00 4.337798e-01) (-3.253283e-01 2.822770e-03 -2.853239e-03))
502.77        	((-6.096868e+00 2.060029e+03 5.881616e+02) (1.186815e-04 1.113317e+01 6.289716e-01)) ((1.525359e+01 1.451902e+00 4.857138e-01) (-3.274658e-01 2.593278e-03 -2.341057e-03))
502.78        	((-6.535291e+00 2.055990e+03 5.873360e+02) (1.553950e-03 1.112710e+01 6.372505e-01)) ((1.553516e+01 1.537227e+00 5.342063e-01) (-3.300911e-01 2.728997e-03 -3.447973e-03))
502.79        	((-6.920393e+00 2.052027e+03 5.866436e+02) (1.377427e-03 1.112271e+01 6.448678e-01)) ((1.585176e+01 1.644261e+00 6.030498e-01) (-3.323126e-01 2.530688e-03 -2.916726e-03))
502.8         	((-7.374930e+00 2.048027e+03 5.858129e+02) (2.632881e-03 1.111664e+01 6.528352e-01)) ((1.613497e+01 1.748995e+00 6.644117e-01) (-3.349501e-01 2.737661e-03 -3.901408e-03))
502.81        	((-7.785063e+00 2.044097e+03 5.851167e+02) (2.448065e-03 1.111202e+01 6.606692e-01)) ((1.645234e+01 1.876813e+00 7.434379e-01) (-3.371235e-01 2.598467e-03 -3.329830e-03))
502.82        	((-8.265080e+00 2.040132e+03 5.842668e+02) (3.662548e-03 1.110560e+01 6.688584e-01)) ((1.673137e+01 2.010443e+00 8.139654e-01) (-3.398197e-01 2.797760e-03 -4.271061e-03))
502.83        	((-8.702867e+00 2.036242e+03 5.835421e+02) (3.413455e-03 1.110514e+01 6.780708e-01)) ((1.704367e+01 2.164621e+00 8.994769e-01) (-3.431758e-01 2.680940e-03 -3.647426e-03))
502.84        	((-9.197398e+00 2.032328e+03 5.826677e+02) (4.494463e-03 1.110309e+01 6.873935e-01)) ((1.732125e+01 2.319881e+00 9.747556e-01) (-3.470140e-01 2.919554e-03 -4.529176e-03))
502.85        	((-9.626169e+00 2.028495e+03 5.819275e+02) (2.837236e-03 1.110210e+01 6.959971e-01)) ((1.763247e+01 2.480797e+00 1.059774e+00) (-3.506949e-01 3.238828e-03 -3.351561e-03))
502.86        	((-1.010814e+01 2.024620e+03 5.810440e+02) (4.336739e-03 1.110015e+01 7.058553e-01)) ((1.791295e+01 2.644613e+00 1.134685e+00) (-3.543283e-01 3.369622e-03 -4.321018e-03))
502.87        	((-1.056143e+01 2.020785e+03 5.802890e+02) (4.033866e-03 1.109989e+01 7.152003e-01)) ((1.821683e+01 2.826610e+00 1.224490e+00) (-3.575686e-01 3.352539e-03 -3.667851e-03))
502.88        	((-1.105596e+01 2.016880e+03 5.793717e+02) (4.572262e-03 1.109820e+01 7.247116e-01)) ((1.846945e+01 3.005741e+00 1.304864e+00) (-3.613195e-01 3.756956e-03 -4.305434e-03))
502.89        	((-1.150512e+01 2.013031e+03 5.785835e+02) (3.889610e-03 1.109842e+01 7.341076e-01)) ((1.874806e+01 3.190755e+00 1.397789e+00) (-3.645087e-01 3.912790e-03 -3.576370e-03))
502.9         	((-1.198402e+01 2.009120e+03 5.776430e+02) (4.219539e-03 1.109743e+01 7.438752e-01)) ((1.898304e+01 3.369252e+00 1.482261e+00) (-3.680784e-01 4.355791e-03 -4.130116e-03))
502.91        	((-1.242414e+01 2.005259e+03 5.768376e+02) (3.602823e-03 1.109828e+01 7.532377e-01)) ((1.924478e+01 3.552596e+00 1.579668e+00) (-3.712155e-01 4.549823e-03 -3.484833e-03))
502.92        	((-1.289690e+01 2.001326e+03 5.758733e+02) (3.883053e-03 1.109772e+01 7.628737e-01)) ((1.945927e+01 3.732357e+00 1.671978e+00) (-3.748435e-01 4.996232e-03 -4.005984e-03))
502.93        	((-1.334300e+01 1.997448e+03 5.750415e+02) (3.300430e-03 1.109904e+01 7.722820e-01)) ((1.970223e+01 3.915477e+00 1.778934e+00) (-3.779910e-01 5.211007e-03 -3.429678e-03))
502.94        	((-1.382155e+01 1.993522e+03 5.740526e+02) (3.484339e-03 1.109894e+01 7.820317e-01)) ((1.990651e+01 4.095070e+00 1.883106e+00) (-3.816349e-01 5.630648e-03 -3.872256e-03))
502.95        	((-1.428547e+01 1.989672e+03 5.731985e+02) (2.982450e-03 1.110083e+01 7.915932e-01)) ((2.014980e+01 4.279175e+00 2.001306e+00) (-3.847564e-01 5.856978e-03 -3.367228e-03))
502.96        	((-1.477920e+01 1.985770e+03 5.721814e+02) (3.113063e-03 1.110128e+01 8.014672e-01)) ((2.035574e+01 4.465120e+00 2.116887e+00) (-3.883795e-01 6.257610e-03 -3.755621e-03))
502.97        	((-1.525252e+01 1.981926e+03 5.712869e+02) (2.906967e-03 1.110375e+01 8.112288e-01)) ((2.059221e+01 4.653788e+00 2.241646e+00) (-3.913764e-01 6.449017e-03 -3.427322e-03))
502.98        	((-1.572479e+01 1.978031e+03 5.702171e+02) (3.288310e-03 1.110464e+01 8.214711e-01)) ((2.079193e+01 4.837868e+00 2.359585e+00) (-3.947700e-01 6.729979e-03 -3.867758e-03))
502.99        	((-1.615451e+01 1.974221e+03 5.692675e+02) (3.193235e-03 1.110708e+01 8.312589e-01)) ((2.103148e+01 5.013937e+00 2.480207e+00) (-3.977911e-01 6.921298e-03 -3.604479e-03))
503           	((-1.656428e+01 1.970383e+03 5.681401e+02) (3.318973e-03 1.110758e+01 8.412308e-01)) ((2.123892e+01 5.181795e+00 2.592839e+00) (-4.014276e-01 7.256972e-03 -3.886744e-03))
503.01        	((-1.694784e+01 1.966641e+03 5.671377e+02) (3.022920e-03 1.110972e+01 8.509575e-01)) ((2.148991e+01 5.347305e+00 2.706427e+00) (-4.045460e-01 7.573447e-03 -3.595226e-03))
503.02        	((-1.730996e+01 1.962872e+03 5.659542e+02) (2.816631e-03 1.111013e+01 8.612242e-01)) ((2.170517e+01 5.509704e+00 2.812370e+00) (-4.080319e-01 7.998814e-03 -3.681414e-03))
503.03        	((-1.763863e+01 1.959181e+03 5.648847e+02) (2.502147e-03 1.111241e+01 8.712480e-01)) ((2.195432e+01 5.664389e+00 2.916413e+00) (-4.108706e-01 8.380142e-03 -3.371259e-03))
503.04        	((-1.793252e+01 1.955440e+03 5.636277e+02) (2.331285e-03 1.111287e+01 8.816870e-01)) ((2.215834e+01 5.813183e+00 3.013464e+00) (-4.141008e-01 8.785527e-03 -3.388629e-03))
503.05        	((-1.818266e+01 1.951752e+03 5.624814e+02) (2.210642e-03 1.111504e+01 8.918136e-01)) ((2.238562e+01 5.945992e+00 3.105977e+00) (-4.167488e-01 9.159927e-03 -3.148187e-03))
503.06        	((-1.837937e+01 1.947988e+03 5.611492e+02) (2.179024e-03 1.111531e+01 9.023034e-01)) ((2.256151e+01 6.067674e+00 3.189032e+00) (-4.198338e-01 9.514161e-03 -3.138250e-03))
503.07        	((-1.852582e+01 1.944271e+03 5.599246e+02) (2.357778e-03 1.111709e+01 9.124726e-01)) ((2.276034e+01 6.167339e+00 3.264745e+00) (-4.224010e-01 9.826167e-03 -2.960789e-03))
503.08        	((-1.860873e+01 1.940499e+03 5.585035e+02) (2.430615e-03 1.111663e+01 9.230648e-01)) ((2.291140e+01 6.251208e+00 3.329856e+00) (-4.255048e-01 1.014778e-02 -2.858556e-03))
503.09        	((-1.864617e+01 1.936815e+03 5.571771e+02) (2.670749e-03 1.111749e+01 9.335294e-01)) ((2.309494e+01 6.310493e+00 3.386735e+00) (-4.281294e-01 1.049758e-02 -2.591819e-03))
503.1         	((-1.862727e+01 1.933099e+03 5.556315e+02) (2.807387e-03 1.111630e+01 9.444733e-01)) ((2.323737e+01 6.353096e+00 3.432221e+00) (-4.312550e-01 1.083123e-02 -2.364286e-03))
503.11        	((-1.857945e+01 1.929466e+03 5.542063e+02) (3.130531e-03 1.111706e+01 9.552782e-01)) ((2.341911e+01 6.380184e+00 3.470379e+00) (-4.336491e-01 1.119837e-02 -2.139873e-03))
503.12        	((-1.849247e+01 1.925756e+03 5.526483e+02) (3.126252e-03 1.111626e+01 9.664187e-01)) ((2.356082e+01 6.411557e+00 3.504268e+00) (-4.362970e-01 1.159124e-02 -2.042690e-03))
503.13        	((-1.835450e+01 1.922097e+03 5.512032e+02) (3.347469e-03 1.111695e+01 9.773057e-01)) ((2.372288e+01 6.411573e+00 3.536329e+00) (-4.383924e-01 1.197560e-02 -1.954932e-03))
503.14        	((-1.814909e+01 1.918369e+03 5.495439e+02) (3.499117e-03 1.111554e+01 9.885125e-01)) ((2.382903e+01 6.384973e+00 3.562032e+00) (-4.409893e-01 1.231582e-02 -1.915349e-03))
503.15        	((-1.790241e+01 1.914721e+03 5.479789e+02) (3.766619e-03 1.111589e+01 9.992552e-01)) ((2.396389e+01 6.330436e+00 3.582274e+00) (-4.430068e-01 1.270478e-02 -1.800790e-03))
503.16        	((-1.761248e+01 1.910997e+03 5.462138e+02) (3.599824e-03 1.111422e+01 1.010418e+00)) ((2.404820e+01 6.265897e+00 3.593130e+00) (-4.454639e-01 1.314435e-02 -1.623454e-03))
503.17        	((-1.729749e+01 1.907346e+03 5.445732e+02) (3.503037e-03 1.111417e+01 1.021258e+00)) ((2.416622e+01 6.189739e+00 3.597293e+00) (-4.473625e-01 1.359061e-02 -1.405294e-03))
503.18        	((-1.692113e+01 1.903609e+03 5.427617e+02) (3.382940e-03 1.111211e+01 1.032299e+00)) ((2.423729e+01 6.101273e+00 3.590401e+00) (-4.497776e-01 1.395489e-02 -1.291633e-03))
503.19        	((-1.649113e+01 1.899971e+03 5.411032e+02) (3.596779e-03 1.111170e+01 1.043174e+00)) ((2.434973e+01 5.990251e+00 3.579860e+00) (-4.515863e-01 1.428060e-02 -1.202425e-03))
503.2         	((-1.598553e+01 1.896246e+03 5.392937e+02) (3.399611e-03 1.110939e+01 1.054104e+00)) ((2.441894e+01 5.863408e+00 3.559228e+00) (-4.538963e-01 1.461415e-02 -1.017972e-03))
503.21        	((-1.543144e+01 1.892645e+03 5.376486e+02) (3.401268e-03 1.110867e+01 1.064821e+00)) ((2.453281e+01 5.717487e+00 3.534264e+00) (-4.556515e-01 1.489135e-02 -8.089860e-04))
503.22        	((-1.483521e+01 1.888931e+03 5.358488e+02) (3.437733e-03 1.110605e+01 1.075720e+00)) ((2.459880e+01 5.570871e+00 3.500235e+00) (-4.579315e-01 1.513221e-02 -6.775928e-04))
503.23        	((-1.420572e+01 1.885366e+03 5.342303e+02) (3.602528e-03 1.110491e+01 1.086189e+00)) ((2.471923e+01 5.414121e+00 3.462155e+00) (-4.597170e-01 1.534955e-02 -5.019115e-04))
503.24        	((-1.352267e+01 1.881638e+03 5.324363e+02) (3.469201e-03 1.110196e+01 1.097068e+00)) ((2.478009e+01 5.251740e+00 3.415413e+00) (-4.618794e-01 1.558601e-02 -3.210517e-04))
503.25        	((-1.279388e+01 1.878117e+03 5.308406e+02) (3.209967e-03 1.110031e+01 1.107796e+00)) ((2.490394e+01 5.074313e+00 3.365720e+00) (-4.635293e-01 1.586103e-02 -1.509876e-05))
503.26        	((-1.200607e+01 1.874365e+03 5.290306e+02) (2.655656e-03 1.109883e+01 1.119236e+00)) ((2.494762e+01 4.892161e+00 3.307805e+00) (-4.660112e-01 1.614544e-02 2.632671e-04))
503.27        	((-1.117301e+01 1.870940e+03 5.274374e+02) (1.843868e-03 1.109836e+01 1.130667e+00)) ((2.507905e+01 4.705190e+00 3.252408e+00) (-4.678992e-01 1.638693e-02 6.044145e-04))
503.28        	((-1.025266e+01 1.867227e+03 5.255262e+02) (-5.673012e-04 1.109192e+01 1.142521e+00)) ((2.511445e+01 4.534769e+00 3.205659e+00) (-4.697293e-01 1.637855e-02 6.016322e-04))
503.29        	((-9.396437e+00 1.864058e+03 5.240018e+02) (-8.234785e-05 1.109437e+01 1.153758e+00)) ((2.526474e+01 4.359240e+00 3.170810e+00) (-4.724802e-01 1.677579e-02 1.014044e-03))
503.3         	((-8.583164e+00 1.860328e+03 5.221412e+02) (-6.726228e-04 1.109256e+01 1.165285e+00)) ((2.526727e+01 4.184621e+00 3.133033e+00) (-4.753619e-01 1.696279e-02 1.153250e-03))
503.31        	((-7.754275e+00 1.857366e+03 5.205706e+02) (-1.297018e-03 1.109118e+01 1.176487e+00)) ((2.547065e+01 4.015608e+00 3.095180e+00) (-4.779223e-01 1.708605e-02 1.260329e-03))
503.32        	((-6.877525e+00 1.853446e+03 5.184195e+02) (-1.912381e-03 1.108924e+01 1.187902e+00)) ((2.545751e+01 3.845282e+00 3.051381e+00) (-4.807893e-01 1.719685e-02 1.381418e-03))
503.33        	((-5.969113e+00 1.851116e+03 5.170522e+02) (-2.027254e-03 1.108919e+01 1.198994e+00)) ((2.581126e+01 3.667104e+00 3.008076e+00) (-4.831336e-01 1.722490e-02 1.621303e-03))
503.34        	((-5.056421e+00 1.846900e+03 5.147380e+02) (-2.296936e-03 1.108694e+01 1.210242e+00)) ((2.573175e+01 3.504589e+00 2.962780e+00) (-4.855435e-01 1.715951e-02 1.764061e-03))
503.35        	((-4.183022e+00 1.846795e+03 5.144096e+02) (-1.951947e-03 1.108333e+01 1.220866e+00)) ((2.645695e+01 3.361252e+00 2.925369e+00) (-4.875236e-01 1.708014e-02 1.931063e-03))
503.36        	((-3.314384e+00 1.841907e+03 5.116934e+02) (-2.064851e-03 1.107786e+01 1.231570e+00)) ((2.618709e+01 3.227960e+00 2.886545e+00) (-4.892877e-01 1.689367e-02 2.033494e-03))
503.37        	((-2.460136e+00 1.849425e+03 5.146911e+02) (-1.543562e-03 1.106950e+01 1.241533e+00)) ((2.810697e+01 3.094815e+00 2.854752e+00) (-4.900772e-01 1.677537e-02 2.254036e-03))
503.38        	((-1.589530e+00 1.841807e+03 5.106514e+02) (-1.680234e-03 1.106730e+01 1.252583e+00)) ((2.730654e+01 2.959762e+00 2.819211e+00) (-4.901620e-01 1.647041e-02 2.290295e-03))
503.39        	((-7.037832e-01 1.850759e+03 5.127534e+02) (-1.264460e-03 1.108639e+01 1.266163e+00)) ((2.802008e+01 2.825761e+00 2.784275e+00) (-4.913480e-01 1.629082e-02 2.409574e-03))
503.4         	((1.629437e-01 1.838005e+03 5.065404e+02) (-1.477558e-03 1.113499e+01 1.285072e+00)) ((2.651736e+01 2.683573e+00 2.748382e+00) (-4.944685e-01 1.598695e-02 2.504232e-03))
503.41        	((9.988854e-01 1.823163e+03 4.997472e+02) (-1.219266e-03 1.121838e+01 1.309433e+00)) ((2.524186e+01 2.539252e+00 2.713964e+00) (-4.993167e-01 1.576713e-02 2.728473e-03))
503.42        	((1.832574e+00 1.812580e+03 4.950898e+02) (-1.374994e-03 1.133955e+01 1.340754e+00)) ((2.483691e+01 2.404417e+00 2.675225e+00) (-5.047092e-01 1.551784e-02 2.971058e-03))
503.43        	((2.649913e+00 1.813785e+03 4.950682e+02) (-1.087122e-03 1.146586e+01 1.374082e+00)) ((2.609328e+01 2.273695e+00 2.641330e+00) (-5.094557e-01 1.536173e-02 3.341563e-03))
503.44        	((3.436374e+00 1.815531e+03 4.952391e+02) (-1.053618e-03 1.159000e+01 1.407215e+00)) ((2.708934e+01 2.158193e+00 2.610981e+00) (-5.119456e-01 1.511646e-02 3.665280e-03))
503.45        	((4.158081e+00 1.815218e+03 4.944195e+02) (-7.231209e-04 1.169282e+01 1.436372e+00)) ((2.729864e+01 2.050815e+00 2.585523e+00) (-5.117447e-01 1.491832e-02 3.984123e-03))
503.46        	((4.756327e+00 1.811557e+03 4.919938e+02) (1.043738e-03 1.175920e+01 1.458073e+00)) ((2.675160e+01 1.946149e+00 2.557741e+00) (-5.068166e-01 1.492927e-02 4.400744e-03))
503.47        	((5.389216e+00 1.806605e+03 4.892285e+02) (5.101987e-04 1.178431e+01 1.469968e+00)) ((2.621573e+01 1.862080e+00 2.533457e+00) (-4.994288e-01 1.456517e-02 4.481683e-03))
503.48        	((6.043504e+00 1.801297e+03 4.864077e+02) (1.034370e-03 1.174740e+01 1.469932e+00)) ((2.607362e+01 1.789862e+00 2.518068e+00) (-4.863607e-01 1.434834e-02 4.599604e-03))
503.49        	((6.666454e+00 1.797485e+03 4.843359e+02) (1.576909e-03 1.166906e+01 1.461740e+00)) ((2.649013e+01 1.725152e+00 2.516159e+00) (-4.695374e-01 1.409443e-02 4.738296e-03))
503.5         	((7.231995e+00 1.795122e+03 4.828464e+02) (2.140838e-03 1.154488e+01 1.444490e+00)) ((2.701086e+01 1.667344e+00 2.524408e+00) (-4.490158e-01 1.377802e-02 4.805460e-03))
503.51        	((7.729960e+00 1.793894e+03 4.818313e+02) (2.820500e-03 1.138386e+01 1.420566e+00)) ((2.737742e+01 1.614439e+00 2.536308e+00) (-4.239645e-01 1.345439e-02 4.815030e-03))
503.52        	((8.189709e+00 1.792089e+03 4.804580e+02) (3.398686e-03 1.118589e+01 1.389824e+00)) ((2.734546e+01 1.562814e+00 2.544592e+00) (-3.961235e-01 1.316624e-02 4.763198e-03))
503.53        	((8.623901e+00 1.789611e+03 4.787969e+02) (4.439117e-03 1.096053e+01 1.353722e+00)) ((2.716508e+01 1.512575e+00 2.554992e+00) (-3.651857e-01 1.277138e-02 4.752614e-03))
503.54        	((9.044896e+00 1.786234e+03 4.767273e+02) (5.106442e-03 1.070794e+01 1.311704e+00)) ((2.700377e+01 1.469929e+00 2.561579e+00) (-3.328295e-01 1.247849e-02 4.496982e-03))
503.55        	((9.435891e+00 1.782983e+03 4.747461e+02) (5.982704e-03 1.043744e+01 1.265853e+00)) ((2.708260e+01 1.436128e+00 2.572750e+00) (-2.980256e-01 1.223299e-02 4.285267e-03))
503.56        	((9.787656e+00 1.779950e+03 4.728039e+02) (6.701185e-03 1.014856e+01 1.215356e+00)) ((2.729105e+01 1.409460e+00 2.588882e+00) (-2.628052e-01 1.196659e-02 4.221963e-03))
503.57        	((1.009381e+01 1.777562e+03 4.711130e+02) (7.426810e-03 9.850859e+00 1.162873e+00)) ((2.755810e+01 1.385668e+00 2.613457e+00) (-2.259129e-01 1.173166e-02 4.080974e-03))
503.58        	((1.036007e+01 1.775086e+03 4.693039e+02) (8.289625e-03 9.543976e+00 1.107532e+00)) ((2.767304e+01 1.363898e+00 2.639748e+00) (-1.887448e-01 1.136256e-02 3.787403e-03))
503.59        	((1.061010e+01 1.772775e+03 4.675682e+02) (9.253015e-03 9.236281e+00 1.051508e+00)) ((2.771013e+01 1.318855e+00 2.663781e+00) (-1.508368e-01 1.105360e-02 3.632819e-03))
503.6         	((1.086276e+01 1.770144e+03 4.654850e+02) (9.479568e-03 8.920324e+00 9.938313e-01)) ((2.768124e+01 1.254989e+00 2.662438e+00) (-1.166580e-01 1.098417e-02 4.424816e-03))
503.61        	((1.097285e+01 1.767618e+03 4.634230e+02) (1.103991e-02 8.616042e+00 9.380351e-01)) ((2.773265e+01 1.254638e+00 2.687672e+00) (-8.041928e-02 1.060036e-02 3.426164e-03))
503.62        	((1.100083e+01 1.764875e+03 4.612946e+02) (1.197890e-02 8.312372e+00 8.820611e-01)) ((2.783141e+01 1.308101e+00 2.726752e+00) (-4.774352e-02 1.033632e-02 2.781041e-03))
503.63        	((1.105318e+01 1.762466e+03 4.592433e+02) (1.353584e-02 8.016409e+00 8.287370e-01)) ((2.801331e+01 1.326978e+00 2.767230e+00) (-1.810691e-02 9.937957e-03 2.444947e-03))
503.64        	((1.108599e+01 1.759820e+03 4.569520e+02) (1.462760e-02 7.728013e+00 7.779471e-01)) ((2.818235e+01 1.336822e+00 2.802423e+00) (7.750596e-03 9.644196e-03 2.047335e-03))
503.65        	((1.109075e+01 1.757719e+03 4.549101e+02) (1.591748e-02 7.452431e+00 7.310497e-01)) ((2.837307e+01 1.352134e+00 2.848131e+00) (3.029887e-02 9.411253e-03 1.648412e-03))
503.66        	((1.104977e+01 1.755393e+03 4.527675e+02) (1.697828e-02 7.188185e+00 6.878830e-01)) ((2.852317e+01 1.389672e+00 2.892506e+00) (4.863447e-02 9.150078e-03 1.335558e-03))
503.67        	((1.100149e+01 1.753413e+03 4.508198e+02) (1.783671e-02 6.939650e+00 6.495280e-01)) ((2.868195e+01 1.435318e+00 2.938365e+00) (6.297241e-02 9.063315e-03 9.591596e-04))
503.68        	((1.095599e+01 1.751121e+03 4.487417e+02) (1.851181e-02 6.703032e+00 6.149041e-01)) ((2.883087e+01 1.483787e+00 2.970104e+00) (7.218858e-02 8.994204e-03 7.610594e-04))
503.69        	((1.093214e+01 1.748984e+03 4.467553e+02) (1.908492e-02 6.482135e+00 5.850379e-01)) ((2.898446e+01 1.528259e+00 2.995432e+00) (7.691696e-02 9.092301e-03 4.147668e-04))
503.7         	((1.088901e+01 1.746559e+03 4.446799e+02) (1.996959e-02 6.272781e+00 5.583284e-01)) ((2.913418e+01 1.575857e+00 3.010442e+00) (7.663610e-02 8.988106e-03 2.934928e-04))
503.71        	((1.088366e+01 1.744367e+03 4.427749e+02) (2.043510e-02 6.078698e+00 5.360347e-01)) ((2.927986e+01 1.609872e+00 3.020045e+00) (7.247971e-02 9.092958e-03 1.324537e-04))
503.72        	((1.089623e+01 1.741833e+03 4.407784e+02) (2.120520e-02 5.895343e+00 5.164500e-01)) ((2.939339e+01 1.626916e+00 3.025753e+00) (6.439174e-02 9.080025e-03 2.061499e-05))
503.73        	((1.091399e+01 1.739585e+03 4.390141e+02) (2.158768e-02 5.725664e+00 5.004137e-01)) ((2.952083e+01 1.649568e+00 3.024434e+00) (5.346018e-02 9.243047e-03 -2.526271e-04))
503.74        	((1.090146e+01 1.737065e+03 4.372205e+02) (2.236667e-02 5.565026e+00 4.862809e-01)) ((2.964583e+01 1.679986e+00 3.033924e+00) (3.970378e-02 9.264335e-03 -3.558836e-04))
503.75        	((1.089518e+01 1.734702e+03 4.355270e+02) (2.279150e-02 5.416669e+00 4.749211e-01)) ((2.974589e+01 1.726077e+00 3.032021e+00) (2.440245e-02 9.328753e-03 -6.912271e-04))
503.76        	((1.090638e+01 1.732064e+03 4.337111e+02) (2.341467e-02 5.275465e+00 4.644386e-01)) ((2.981642e+01 1.751778e+00 3.038498e+00) (7.337648e-03 9.409697e-03 -7.835844e-04))
503.77        	((1.096826e+01 1.729623e+03 4.319944e+02) (2.352021e-02 5.146086e+00 4.561251e-01)) ((2.987332e+01 1.759946e+00 3.021481e+00) (-9.836026e-03 9.559506e-03 -8.972477e-04))
503.78        	((1.100933e+01 1.726965e+03 4.301507e+02) (2.383492e-02 5.022915e+00 4.484345e-01)) ((2.992805e+01 1.762936e+00 3.023841e+00) (-2.786193e-02 9.682060e-03 -9.046445e-04))
503.79        	((1.101647e+01 1.724607e+03 4.283287e+02) (2.395606e-02 4.909343e+00 4.425294e-01)) ((3.000956e+01 1.801377e+00 3.029055e+00) (-4.597886e-02 9.774844e-03 -1.296869e-03))
503.8         	((1.104242e+01 1.722106e+03 4.264671e+02) (2.362428e-02 4.801899e+00 4.369862e-01)) ((3.012196e+01 1.814288e+00 3.052763e+00) (-6.370160e-02 1.006222e-02 -1.188595e-03))
503.81        	((1.110847e+01 1.719842e+03 4.247504e+02) (2.324636e-02 4.704693e+00 4.329121e-01)) ((3.023204e+01 1.815112e+00 3.050096e+00) (-8.000815e-02 1.022888e-02 -1.058754e-03))
503.82        	((1.112146e+01 1.717396e+03 4.229455e+02) (2.323348e-02 4.611695e+00 4.288125e-01)) ((3.032817e+01 1.823978e+00 3.064783e+00) (-9.605312e-02 1.033173e-02 -9.743544e-04))
503.83        	((1.108975e+01 1.715173e+03 4.211852e+02) (2.285809e-02 4.527846e+00 4.262043e-01)) ((3.041060e+01 1.868002e+00 3.066314e+00) (-1.106727e-01 1.046961e-02 -1.042414e-03))
503.84        	((1.102944e+01 1.712787e+03 4.193784e+02) (2.284666e-02 4.448022e+00 4.238271e-01)) ((3.050607e+01 1.900952e+00 3.081967e+00) (-1.244928e-01 1.050734e-02 -1.054040e-03))
503.85        	((1.097111e+01 1.710605e+03 4.176955e+02) (2.255583e-02 4.376562e+00 4.231896e-01)) ((3.061138e+01 1.930940e+00 3.074831e+00) (-1.366570e-01 1.049737e-02 -1.172563e-03))
503.86        	((1.090757e+01 1.708211e+03 4.159955e+02) (2.266494e-02 4.308219e+00 4.223875e-01)) ((3.071937e+01 1.934660e+00 3.073112e+00) (-1.479224e-01 1.040976e-02 -1.163225e-03))
503.87        	((1.085232e+01 1.705984e+03 4.144081e+02) (2.230435e-02 4.247175e+00 4.228887e-01)) ((3.081646e+01 1.939750e+00 3.047414e+00) (-1.575901e-01 1.039847e-02 -1.202098e-03))
503.88        	((1.081168e+01 1.703506e+03 4.128090e+02) (2.200412e-02 4.188014e+00 4.232751e-01)) ((3.089563e+01 1.915962e+00 3.023245e+00) (-1.664890e-01 1.039530e-02 -1.067267e-03))
503.89        	((1.078005e+01 1.701174e+03 4.113256e+02) (2.102386e-02 4.135172e+00 4.248598e-01)) ((3.095505e+01 1.897647e+00 2.972772e+00) (-1.739395e-01 1.056195e-02 -9.375264e-04))
503.9         	((1.079897e+01 1.698597e+03 4.098442e+02) (2.014061e-02 4.083323e+00 4.262044e-01)) ((3.100304e+01 1.843856e+00 2.913995e+00) (-1.807442e-01 1.072505e-02 -6.434737e-04))
503.91        	((1.086590e+01 1.696178e+03 4.084770e+02) (1.877006e-02 4.036750e+00 4.286013e-01)) ((3.105139e+01 1.780321e+00 2.823556e+00) (-1.863269e-01 1.100331e-02 -4.058827e-04))
503.92        	((1.100754e+01 1.693407e+03 4.070384e+02) (1.760029e-02 3.989776e+00 4.304505e-01)) ((3.107201e+01 1.673799e+00 2.726707e+00) (-1.916107e-01 1.126019e-02 -2.998666e-05))
503.93        	((1.119265e+01 1.690894e+03 4.057636e+02) (1.596043e-02 3.947077e+00 4.331846e-01)) ((3.112187e+01 1.550914e+00 2.603987e+00) (-1.959181e-01 1.162774e-02 3.002251e-04))
503.94        	((1.141940e+01 1.688080e+03 4.044384e+02) (1.448326e-02 3.903356e+00 4.353451e-01)) ((3.115670e+01 1.387996e+00 2.483901e+00) (-1.999590e-01 1.195884e-02 7.954665e-04))
503.95        	((1.164331e+01 1.685550e+03 4.032550e+02) (1.260135e-02 3.863668e+00 4.381312e-01)) ((3.121458e+01 1.215700e+00 2.352348e+00) (-2.029852e-01 1.235793e-02 1.187627e-03))
503.96        	((1.186652e+01 1.682980e+03 4.020768e+02) (1.101459e-02 3.822156e+00 4.398622e-01)) ((3.127072e+01 1.029453e+00 2.230454e+00) (-2.060084e-01 1.264326e-02 1.708677e-03))
503.97        	((1.209844e+01 1.680434e+03 4.008703e+02) (8.859167e-03 3.784176e+00 4.429999e-01)) ((3.133456e+01 8.353644e-01 2.091287e+00) (-2.080093e-01 1.305583e-02 2.303159e-03))
503.98        	((1.235060e+01 1.677925e+03 3.996753e+02) (7.113381e-03 3.743181e+00 4.446472e-01)) ((3.143838e+01 6.249322e-01 1.952549e+00) (-2.105582e-01 1.332763e-02 3.015435e-03))
503.99        	((1.259704e+01 1.675499e+03 3.984973e+02) (5.293088e-03 3.705532e+00 4.468860e-01)) ((3.156481e+01 4.098485e-01 1.804644e+00) (-2.123167e-01 1.355144e-02 3.548611e-03))
504           	((1.285477e+01 1.673057e+03 3.973487e+02) (3.725309e-03 3.665807e+00 4.478988e-01)) ((3.167665e+01 1.781957e-01 1.670816e+00) (-2.140699e-01 1.373218e-02 3.993610e-03))
504.01        	((1.313001e+01 1.670668e+03 3.961686e+02) (1.913905e-03 3.632892e+00 4.501834e-01)) ((3.177596e+01 -7.537616e-02 1.531637e+00) (-2.149729e-01 1.395665e-02 4.383211e-03))
504.02        	((1.341451e+01 1.668288e+03 3.949459e+02) (4.283412e-04 3.592879e+00 4.513623e-01)) ((3.186485e+01 -3.399609e-01 1.399465e+00) (-2.162829e-01 1.406574e-02 4.740430e-03))
504.03        	((1.366890e+01 1.666020e+03 3.937036e+02) (-1.062969e-03 3.559862e+00 4.541213e-01)) ((3.197610e+01 -5.953092e-01 1.263841e+00) (-2.167063e-01 1.412932e-02 4.990660e-03))
504.04        	((1.389178e+01 1.663747e+03 3.924334e+02) (-2.100680e-03 3.520280e+00 4.548418e-01)) ((3.209046e+01 -8.285826e-01 1.139238e+00) (-2.177759e-01 1.404829e-02 5.146796e-03))
504.05        	((1.410267e+01 1.661588e+03 3.911750e+02) (-3.192012e-03 3.487924e+00 4.571471e-01)) ((3.222371e+01 -1.057715e+00 1.010497e+00) (-2.179729e-01 1.394058e-02 5.237187e-03))
504.06        	((1.431405e+01 1.659312e+03 3.898637e+02) (-3.906881e-03 3.449178e+00 4.580076e-01)) ((3.232052e+01 -1.283701e+00 8.931811e-01) (-2.186320e-01 1.371875e-02 5.328676e-03))
504.07        	((1.452347e+01 1.657206e+03 3.886265e+02) (-4.789836e-03 3.417461e+00 4.603515e-01)) ((3.243607e+01 -1.510768e+00 7.707559e-01) (-2.186164e-01 1.351376e-02 5.349909e-03))
504.08        	((1.469247e+01 1.654857e+03 3.872642e+02) (-5.226192e-03 3.379690e+00 4.613402e-01)) ((3.249533e+01 -1.715213e+00 6.656414e-01) (-2.190123e-01 1.318448e-02 5.397927e-03))
504.09        	((1.481745e+01 1.652742e+03 3.859972e+02) (-5.758456e-03 3.348794e+00 4.634819e-01)) ((3.259425e+01 -1.892673e+00 5.616263e-01) (-2.188853e-01 1.283893e-02 5.289081e-03))
504.1         	((1.490875e+01 1.650430e+03 3.846197e+02) (-5.949702e-03 3.311674e+00 4.639792e-01)) ((3.265933e+01 -2.044253e+00 4.802336e-01) (-2.193609e-01 1.245530e-02 5.127416e-03))
504.11        	((1.500873e+01 1.648448e+03 3.833735e+02) (-6.400228e-03 3.280782e+00 4.654097e-01)) ((3.279815e+01 -2.187131e+00 4.015802e-01) (-2.195916e-01 1.215855e-02 4.832231e-03))
504.12        	((1.509455e+01 1.646157e+03 3.820286e+02) (-6.301435e-03 3.244712e+00 4.653487e-01)) ((3.286808e+01 -2.320760e+00 3.343892e-01) (-2.199688e-01 1.170347e-02 4.736194e-03))
504.13        	((1.515798e+01 1.644086e+03 3.808152e+02) (-6.506877e-03 3.215340e+00 4.663676e-01)) ((3.295834e+01 -2.432933e+00 2.578909e-01) (-2.198077e-01 1.128295e-02 4.648605e-03))
504.14        	((1.516226e+01 1.641699e+03 3.794458e+02) (-6.333895e-03 3.179992e+00 4.656452e-01)) ((3.297039e+01 -2.507442e+00 1.935200e-01) (-2.200330e-01 1.081703e-02 4.533029e-03))
504.15        	((1.514683e+01 1.639632e+03 3.782398e+02) (-6.533002e-03 3.150934e+00 4.657984e-01)) ((3.304914e+01 -2.560835e+00 1.301712e-01) (-2.198413e-01 1.041589e-02 4.466011e-03))
504.16        	((1.511123e+01 1.637289e+03 3.769200e+02) (-6.280109e-03 3.116144e+00 4.644088e-01)) ((3.307966e+01 -2.601049e+00 8.036760e-02) (-2.197490e-01 9.931193e-03 4.434183e-03))
504.17        	((1.507016e+01 1.635261e+03 3.758059e+02) (-6.412687e-03 3.087592e+00 4.636312e-01)) ((3.317985e+01 -2.634802e+00 3.290575e-02) (-2.193743e-01 9.541728e-03 4.368967e-03))
504.18        	((1.497984e+01 1.632879e+03 3.745608e+02) (-5.855532e-03 3.057138e+00 4.622372e-01)) ((3.320509e+01 -2.647970e+00 -2.698742e-03) (-2.192627e-01 9.023718e-03 4.290950e-03))
504.19        	((1.485660e+01 1.630800e+03 3.735180e+02) (-5.950063e-03 3.028447e+00 4.610809e-01)) ((3.329472e+01 -2.643527e+00 -3.562037e-02) (-2.187612e-01 8.679254e-03 4.316892e-03))
504.2         	((1.468423e+01 1.628364e+03 3.723315e+02) (-5.960969e-03 2.997560e+00 4.592188e-01)) ((3.330927e+01 -2.612646e+00 -6.429918e-02) (-2.186000e-01 8.434729e-03 4.252940e-03))
504.21        	((1.449254e+01 1.626249e+03 3.713716e+02) (-6.306600e-03 2.968682e+00 4.572753e-01)) ((3.339973e+01 -2.573627e+00 -9.098230e-02) (-2.180248e-01 8.276241e-03 4.376239e-03))
504.22        	((1.427070e+01 1.623876e+03 3.703588e+02) (-5.981006e-03 2.937934e+00 4.545814e-01)) ((3.344433e+01 -2.527562e+00 -1.180309e-01) (-2.176663e-01 7.901216e-03 4.396057e-03))
504.23        	((1.402506e+01 1.621704e+03 3.695129e+02) (-6.388999e-03 2.908352e+00 4.513646e-01)) ((3.353324e+01 -2.467374e+00 -1.365588e-01) (-2.171652e-01 7.719767e-03 4.400864e-03))
504.24        	((1.374620e+01 1.619228e+03 3.685938e+02) (-5.660493e-03 2.876509e+00 4.473318e-01)) ((3.355985e+01 -2.395115e+00 -1.550015e-01) (-2.168285e-01 7.221439e-03 4.266563e-03))
504.25        	((1.344792e+01 1.616987e+03 3.678713e+02) (-5.890664e-03 2.845749e+00 4.436991e-01)) ((3.365133e+01 -2.314102e+00 -1.650544e-01) (-2.158830e-01 7.067069e-03 4.342515e-03))
504.26        	((1.314110e+01 1.614499e+03 3.670833e+02) (-6.497508e-03 2.812309e+00 4.395105e-01)) ((3.370596e+01 -2.221934e+00 -1.814197e-01) (-2.150058e-01 7.130054e-03 4.303718e-03))
504.27        	((1.280862e+01 1.612262e+03 3.665045e+02) (-6.563131e-03 2.780373e+00 4.346603e-01)) ((3.383481e+01 -2.127175e+00 -1.805116e-01) (-2.137914e-01 7.037541e-03 4.409668e-03))
504.28        	((1.245399e+01 1.609772e+03 3.658543e+02) (-6.748672e-03 2.745693e+00 4.290194e-01)) ((3.391226e+01 -2.020018e+00 -1.817192e-01) (-2.128730e-01 6.952434e-03 4.378002e-03))
504.29        	((1.206397e+01 1.607497e+03 3.653896e+02) (-6.757795e-03 2.712206e+00 4.237418e-01)) ((3.403856e+01 -1.908385e+00 -1.658405e-01) (-2.114472e-01 6.851928e-03 4.451465e-03))
504.3         	((1.167025e+01 1.604958e+03 3.648232e+02) (-7.710441e-03 2.675768e+00 4.181871e-01)) ((3.410306e+01 -1.785193e+00 -1.596392e-01) (-2.102339e-01 7.079470e-03 4.266528e-03))
504.31        	((1.127529e+01 1.602661e+03 3.644558e+02) (-7.688522e-03 2.641383e+00 4.130319e-01)) ((3.423641e+01 -1.678907e+00 -1.439019e-01) (-2.083197e-01 7.132504e-03 4.409349e-03))
504.32        	((1.089687e+01 1.600137e+03 3.639955e+02) (-8.182264e-03 2.604579e+00 4.073535e-01)) ((3.432587e+01 -1.575697e+00 -1.324083e-01) (-2.067526e-01 7.300659e-03 4.439895e-03))
504.33        	((1.051285e+01 1.597832e+03 3.637036e+02) (-9.214377e-03 2.569182e+00 4.013229e-01)) ((3.446796e+01 -1.472535e+00 -1.173083e-01) (-2.051087e-01 7.656358e-03 4.662041e-03))
504.34        	((1.012693e+01 1.595295e+03 3.633259e+02) (-8.818302e-03 2.531792e+00 3.945618e-01)) ((3.455996e+01 -1.370389e+00 -1.011472e-01) (-2.038738e-01 7.562421e-03 4.545809e-03))
504.35        	((9.740697e+00 1.592983e+03 3.631236e+02) (-9.293259e-03 2.495718e+00 3.883443e-01)) ((3.470794e+01 -1.276577e+00 -8.851568e-02) (-2.023645e-01 7.813624e-03 4.513155e-03))
504.36        	((9.387854e+00 1.590461e+03 3.628111e+02) (-1.021916e-02 2.458216e+00 3.821251e-01)) ((3.481004e+01 -1.189250e+00 -8.397775e-02) (-2.009649e-01 8.221778e-03 4.646879e-03))
504.37        	((9.050245e+00 1.588176e+03 3.626629e+02) (-1.055510e-02 2.422762e+00 3.759621e-01)) ((3.497352e+01 -1.119227e+00 -7.700480e-02) (-1.993997e-01 8.453649e-03 4.830050e-03))
504.38        	((8.731437e+00 1.585677e+03 3.624002e+02) (-1.134653e-02 2.385626e+00 3.694426e-01)) ((3.508362e+01 -1.047796e+00 -8.065953e-02) (-1.982947e-01 8.746461e-03 4.914710e-03))
504.39        	((8.406197e+00 1.583396e+03 3.622998e+02) (-1.107650e-02 2.350659e+00 3.631144e-01)) ((3.524805e+01 -9.887871e-01 -8.268251e-02) (-1.970723e-01 8.663059e-03 4.986508e-03))
504.4         	((8.096746e+00 1.580909e+03 3.620807e+02) (-1.154820e-02 2.314105e+00 3.568922e-01)) ((3.535971e+01 -9.311786e-01 -9.780778e-02) (-1.962013e-01 8.727703e-03 4.967479e-03))
504.41        	((7.797054e+00 1.578635e+03 3.620062e+02) (-1.151515e-02 2.279712e+00 3.507720e-01)) ((3.552291e+01 -8.924901e-01 -1.147507e-01) (-1.952244e-01 8.762076e-03 4.884547e-03))
504.42        	((7.521086e+00 1.576187e+03 3.618133e+02) (-1.179790e-02 2.244390e+00 3.446745e-01)) ((3.563843e+01 -8.649289e-01 -1.434052e-01) (-1.944679e-01 8.803233e-03 4.901880e-03))
504.43        	((7.237923e+00 1.573945e+03 3.617567e+02) (-1.165135e-02 2.220961e+00 3.408637e-01)) ((3.580231e+01 -8.632466e-01 -1.779821e-01) (-1.936815e-01 8.715560e-03 5.004794e-03))
504.44        	((6.931667e+00 1.571542e+03 3.615753e+02) (-1.226177e-02 2.185894e+00 3.353796e-01)) ((3.591579e+01 -8.890589e-01 -2.387614e-01) (-1.929057e-01 8.652491e-03 4.916197e-03))
504.45        	((6.582326e+00 1.569353e+03 3.615212e+02) (-1.174359e-02 2.162015e+00 3.315464e-01)) ((3.606642e+01 -9.587604e-01 -3.216339e-01) (-1.914890e-01 8.323919e-03 4.970048e-03))
504.46        	((6.256928e+00 1.567022e+03 3.613535e+02) (-1.126481e-02 2.128723e+00 3.258390e-01)) ((3.615669e+01 -1.029714e+00 -4.164799e-01) (-1.910806e-01 8.330888e-03 4.880337e-03))
504.47        	((5.941623e+00 1.564879e+03 3.613056e+02) (-1.058905e-02 2.106748e+00 3.225315e-01)) ((3.629018e+01 -1.111528e+00 -5.118536e-01) (-1.904834e-01 8.261296e-03 4.867984e-03))
504.48        	((5.653303e+00 1.562561e+03 3.611182e+02) (-1.043705e-02 2.074380e+00 3.175396e-01)) ((3.637962e+01 -1.192441e+00 -6.104166e-01) (-1.901442e-01 8.248561e-03 4.699264e-03))
504.49        	((5.420331e+00 1.560449e+03 3.610340e+02) (-8.888402e-03 2.051856e+00 3.147865e-01)) ((3.652033e+01 -1.264537e+00 -6.837798e-01) (-1.886023e-01 8.171685e-03 4.409452e-03))
504.5         	((5.181009e+00 1.558120e+03 3.607787e+02) (-8.921348e-03 2.022832e+00 3.098485e-01)) ((3.659218e+01 -1.352615e+00 -7.640346e-01) (-1.890834e-01 7.581390e-03 4.174453e-03))
504.51        	((4.934766e+00 1.556086e+03 3.606893e+02) (-8.582627e-03 2.003745e+00 3.073688e-01)) ((3.671840e+01 -1.457146e+00 -8.452420e-01) (-1.890734e-01 7.034462e-03 3.862606e-03))
504.52        	((4.718571e+00 1.553826e+03 3.604323e+02) (-8.497785e-03 1.976272e+00 3.038610e-01)) ((3.679438e+01 -1.545462e+00 -9.267634e-01) (-1.896997e-01 6.564995e-03 3.469308e-03))
504.53        	((4.534917e+00 1.551831e+03 3.603267e+02) (-7.633515e-03 1.958897e+00 3.021943e-01)) ((3.694705e+01 -1.621636e+00 -9.945169e-01) (-1.898521e-01 5.911711e-03 3.118078e-03))
504.54        	((4.384852e+00 1.549560e+03 3.600303e+02) (-7.032721e-03 1.934243e+00 2.996581e-01)) ((3.704824e+01 -1.668130e+00 -1.051194e+00) (-1.907906e-01 5.305373e-03 2.701303e-03))
504.55        	((4.238667e+00 1.547553e+03 3.598838e+02) (-6.250200e-03 1.918652e+00 2.986986e-01)) ((3.721979e+01 -1.700353e+00 -1.090741e+00) (-1.911606e-01 4.664535e-03 2.339196e-03))
504.56        	((4.102998e+00 1.545281e+03 3.595608e+02) (-5.627088e-03 1.896763e+00 2.972545e-01)) ((3.733525e+01 -1.715929e+00 -1.124542e+00) (-1.924401e-01 4.012791e-03 1.917387e-03))
504.57        	((3.970863e+00 1.543289e+03 3.594091e+02) (-4.555994e-03 1.882965e+00 2.970378e-01)) ((3.751917e+01 -1.730609e+00 -1.147146e+00) (-1.929784e-01 3.349561e-03 1.566580e-03))
504.58        	((3.858571e+00 1.541018e+03 3.590842e+02) (-3.644204e-03 1.863501e+00 2.964408e-01)) ((3.764245e+01 -1.729791e+00 -1.168056e+00) (-1.944860e-01 2.700974e-03 1.159663e-03))
504.59        	((3.761768e+00 1.538957e+03 3.588842e+02) (-2.548183e-03 1.851018e+00 2.967060e-01)) ((3.782294e+01 -1.720084e+00 -1.178355e+00) (-1.951278e-01 2.126206e-03 8.338191e-04))
504.6         	((3.687002e+00 1.536703e+03 3.585555e+02) (-1.608695e-03 1.833304e+00 2.966131e-01)) ((3.796201e+01 -1.690648e+00 -1.184159e+00) (-1.967210e-01 1.566184e-03 4.427956e-04))
504.61        	((3.618405e+00 1.534680e+03 3.583712e+02) (-5.563344e-04 1.821964e+00 2.971328e-01)) ((3.816574e+01 -1.655328e+00 -1.177267e+00) (-1.973960e-01 1.109478e-03 1.631830e-04))
504.62        	((3.556143e+00 1.532460e+03 3.580611e+02) (3.296020e-04 1.805696e+00 2.973501e-01)) ((3.832228e+01 -1.607071e+00 -1.165418e+00) (-1.989115e-01 6.649695e-04 -1.475094e-04))
504.63        	((3.485374e+00 1.530449e+03 3.578872e+02) (1.273995e-03 1.795204e+00 2.980309e-01)) ((3.852950e+01 -1.556425e+00 -1.142612e+00) (-1.995233e-01 3.137791e-04 -3.771282e-04))
504.64        	((3.415571e+00 1.528227e+03 3.575790e+02) (1.927990e-03 1.779667e+00 2.983197e-01)) ((3.867921e+01 -1.493871e+00 -1.118581e+00) (-2.008846e-01 -5.023098e-05 -6.884089e-04))
504.65        	((3.334413e+00 1.526205e+03 3.574013e+02) (2.726255e-03 1.769664e+00 2.989409e-01)) ((3.887807e+01 -1.431199e+00 -1.088163e+00) (-2.014100e-01 -3.084376e-04 -8.728589e-04))
504.66        	((3.254809e+00 1.523981e+03 3.570943e+02) (3.238124e-03 1.754507e+00 2.990351e-01)) ((3.902858e+01 -1.357417e+00 -1.058326e+00) (-2.024878e-01 -6.107572e-04 -1.129144e-03))
504.67        	((3.165279e+00 1.521961e+03 3.569217e+02) (3.881777e-03 1.744714e+00 2.994793e-01)) ((3.923261e+01 -1.283585e+00 -1.021482e+00) (-2.027919e-01 -8.216894e-04 -1.255340e-03))
504.68        	((3.075797e+00 1.519753e+03 3.566273e+02) (4.273146e-03 1.729467e+00 2.992660e-01)) ((3.938777e+01 -1.201134e+00 -9.836323e-01) (-2.035213e-01 -1.055631e-03 -1.449772e-03))
504.69        	((2.975235e+00 1.517748e+03 3.564670e+02) (4.748409e-03 1.719583e+00 2.994631e-01)) ((3.959210e+01 -1.120389e+00 -9.395990e-01) (-2.036117e-01 -1.211027e-03 -1.518097e-03))
504.7         	((2.875047e+00 1.515566e+03 3.561893e+02) (5.012222e-03 1.704186e+00 2.989270e-01)) ((3.974679e+01 -1.032727e+00 -8.940894e-01) (-2.040446e-01 -1.384015e-03 -1.639956e-03))
504.71        	((2.771095e+00 1.513459e+03 3.560647e+02) (5.342833e-03 1.691437e+00 2.979459e-01)) ((3.993650e+01 -9.461886e-01 -8.442253e-01) (-2.038919e-01 -1.475063e-03 -1.694073e-03))
504.72        	((2.665506e+00 1.512573e+03 3.562280e+02) (5.514364e-03 1.662326e+00 2.922369e-01)) ((4.051191e+01 -8.515111e-01 -7.925463e-01) (-2.032637e-01 -1.577821e-03 -1.793799e-03))
504.73        	((2.553172e+00 1.511186e+03 3.562967e+02) (5.702155e-03 1.645975e+00 2.892926e-01)) ((4.086898e+01 -7.577090e-01 -7.350130e-01) (-2.030775e-01 -1.602689e-03 -1.818160e-03))
504.74        	((2.443884e+00 1.507922e+03 3.556676e+02) (5.655828e-03 1.629128e+00 2.866367e-01)) ((4.054796e+01 -6.564624e-01 -6.759254e-01) (-2.042792e-01 -1.629639e-03 -1.894377e-03))
504.75        	((2.328217e+00 1.505165e+03 3.552995e+02) (5.739231e-03 1.620484e+00 2.859159e-01)) ((4.047871e+01 -5.563565e-01 -6.102745e-01) (-2.047464e-01 -1.589117e-03 -1.887212e-03))
504.76        	((2.223635e+00 1.502841e+03 3.550264e+02) (5.576179e-03 1.614672e+00 2.869373e-01)) ((4.059933e+01 -4.520926e-01 -5.451458e-01) (-2.056319e-01 -1.558112e-03 -1.927577e-03))
504.77        	((2.119104e+00 1.501105e+03 3.550758e+02) (5.660863e-03 1.608476e+00 2.871393e-01)) ((4.094268e+01 -3.557041e-01 -4.774783e-01) (-2.055721e-01 -1.441682e-03 -1.882687e-03))
504.78        	((2.015738e+00 1.500684e+03 3.554242e+02) (5.398487e-03 1.590817e+00 2.842663e-01)) ((4.168928e+01 -2.594914e-01 -4.129369e-01) (-2.047996e-01 -1.325703e-03 -1.867825e-03))
504.79        	((1.897358e+00 1.499492e+03 3.555654e+02) (5.318356e-03 1.582237e+00 2.833578e-01)) ((4.207623e+01 -1.690828e-01 -3.470380e-01) (-2.042780e-01 -1.146538e-03 -1.786383e-03))
504.8         	((1.775873e+00 1.496102e+03 3.548746e+02) (4.916313e-03 1.576417e+00 2.839006e-01)) ((4.164988e+01 -7.685924e-02 -2.843462e-01) (-2.048176e-01 -9.486145e-04 -1.698584e-03))
504.81        	((1.659807e+00 1.492829e+03 3.543521e+02) (4.624014e-03 1.571519e+00 2.841194e-01)) ((4.134562e+01 7.602842e-03 -2.204621e-01) (-2.047904e-01 -6.942488e-04 -1.520450e-03))
504.82        	((1.548195e+00 1.492008e+03 3.545335e+02) (4.092415e-03 1.561548e+00 2.829528e-01)) ((4.197143e+01 9.157641e-02 -1.596571e-01) (-2.043679e-01 -4.021172e-04 -1.371268e-03))
504.83        	((1.424795e+00 1.491207e+03 3.548053e+02) (3.666661e-03 1.558343e+00 2.834601e-01)) ((4.255507e+01 1.687440e-01 -9.904405e-02) (-2.038482e-01 -7.615178e-05 -1.191387e-03))
504.84        	((1.285055e+00 1.488369e+03 3.542881e+02) (2.972714e-03 1.561097e+00 2.862963e-01)) ((4.234985e+01 2.467611e-01 -4.137670e-02) (-2.038543e-01 3.035833e-04 -1.003895e-03))
504.85        	((1.140199e+00 1.485367e+03 3.538130e+02) (2.417297e-03 1.561438e+00 2.880208e-01)) ((4.210872e+01 3.159930e-01 1.599377e-02) (-2.032773e-01 7.090686e-04 -7.624120e-04))
504.86        	((1.008654e+00 1.484552e+03 3.539226e+02) (1.655144e-03 1.557806e+00 2.885591e-01)) ((4.265827e+01 3.747769e-01 6.669250e-02) (-2.020937e-01 1.165208e-03 -5.152266e-04))
504.87        	((8.880139e-01 1.483617e+03 3.540705e+02) (9.767751e-04 1.558061e+00 2.899281e-01)) ((4.310608e+01 4.195490e-01 1.112285e-01) (-2.011177e-01 1.617380e-03 -2.522637e-04))
504.88        	((7.633096e-01 1.480661e+03 3.534508e+02) (1.908328e-04 1.564344e+00 2.935217e-01)) ((4.278816e+01 4.603906e-01 1.498564e-01) (-2.003427e-01 2.079605e-03 3.406069e-06))
504.89        	((6.387071e-01 1.477666e+03 3.529438e+02) (-4.491612e-04 1.566507e+00 2.955913e-01)) ((4.251386e+01 4.932772e-01 1.865775e-01) (-1.992318e-01 2.509508e-03 2.657413e-04))
504.9         	((5.192978e-01 1.476968e+03 3.530812e+02) (-1.159491e-03 1.565135e+00 2.965170e-01)) ((4.309362e+01 5.182023e-01 2.179676e-01) (-1.971758e-01 2.955228e-03 5.174334e-04))
504.91        	((4.025757e-01 1.476154e+03 3.532665e+02) (-1.734264e-03 1.566643e+00 2.981037e-01)) ((4.356573e+01 5.347259e-01 2.443182e-01) (-1.955653e-01 3.327557e-03 7.329660e-04))
504.92        	((2.795816e-01 1.473262e+03 3.526473e+02) (-2.316472e-03 1.573398e+00 3.017336e-01)) ((4.323045e+01 5.488864e-01 2.660408e-01) (-1.938622e-01 3.684356e-03 9.349605e-04))
504.93        	((1.666356e-01 1.470296e+03 3.521149e+02) (-2.739277e-03 1.575460e+00 3.036632e-01)) ((4.291612e+01 5.559137e-01 2.842381e-01) (-1.921583e-01 3.967922e-03 1.113223e-03))
504.94        	((6.694817e-02 1.469640e+03 3.522185e+02) (-3.185711e-03 1.572866e+00 3.041551e-01)) ((4.346976e+01 5.544756e-01 2.967263e-01) (-1.892552e-01 4.257724e-03 1.283080e-03))
504.95        	((-2.367268e-02 1.468875e+03 3.523901e+02) (-3.516690e-03 1.573361e+00 3.054598e-01)) ((4.392730e+01 5.454072e-01 3.039837e-01) (-1.871108e-01 4.475299e-03 1.404745e-03))
504.96        	((-1.215112e-01 1.466026e+03 3.517720e+02) (-3.912179e-03 1.577457e+00 3.083703e-01)) ((4.357526e+01 5.353866e-01 3.080833e-01) (-1.847527e-01 4.703062e-03 1.538417e-03))
504.97        	((-2.171633e-01 1.463144e+03 3.512729e+02) (-4.164197e-03 1.577551e+00 3.097402e-01)) ((4.325940e+01 5.211085e-01 3.105060e-01) (-1.827072e-01 4.877338e-03 1.656129e-03))
504.98        	((-3.026837e-01 1.462603e+03 3.514215e+02) (-4.492140e-03 1.571705e+00 3.092710e-01)) ((4.382760e+01 5.007895e-01 3.082186e-01) (-1.793528e-01 5.075745e-03 1.770378e-03))
504.99        	((-3.809774e-01 1.461916e+03 3.516272e+02) (-4.687588e-03 1.570088e+00 3.099253e-01)) ((4.428344e+01 4.753629e-01 3.028275e-01) (-1.769862e-01 5.206369e-03 1.854126e-03))
505           	((-4.656212e-01 1.459099e+03 3.510150e+02) (-4.992648e-03 1.570639e+00 3.118564e-01)) ((4.390776e+01 4.529837e-01 2.957377e-01) (-1.743974e-01 5.354405e-03 1.939508e-03))
