# Forces      
# CofR        : (0.000000e+00 0.000000e+00 0.000000e+00)
# Time        forces(pressure viscous)	moments(pressure viscous)
500           	((-9.479275e-01 6.452041e+03 7.002393e+03) (-1.236829e-04 3.967955e+00 1.830859e-01)) ((1.864096e+03 9.856997e-02 -8.902695e-02) (1.888894e-01 6.894060e-06 1.328618e-06))
500.01        	((7.308668e+00 5.103495e+03 5.487863e+03) (-1.764678e-03 3.176113e+00 2.321718e-01)) ((1.201251e+03 3.255993e-02 -5.803701e-01) (2.226426e-02 1.064854e-04 1.999425e-03))
500.02        	((1.335178e+01 1.031760e+03 2.025894e+02) (-1.261654e-03 2.461486e+00 2.209116e-01)) ((-3.213473e+02 1.485767e-01 -6.042778e-01) (-1.109824e-01 1.878523e-04 2.972719e-03))
500.03        	((8.647982e+00 -1.771402e+03 -2.973706e+03) (3.144813e-03 2.369020e+00 1.310091e-01)) ((-1.205665e+03 3.079918e-01 -1.975532e-02) (-1.465251e-01 9.026356e-05 1.328973e-03))
500.04        	((-1.858178e+00 -1.676746e+03 -2.123996e+03) (7.048963e-03 3.139917e+00 1.448633e-01)) ((-8.660117e+02 9.631951e-01 1.090451e+00) (2.458813e-03 -1.851189e-04 -1.599604e-03))
500.05        	((-6.727329e+00 -4.156750e+01 4.900181e+02) (3.767699e-03 4.151375e+00 4.344980e-01)) ((-2.060143e+01 1.167489e+00 1.373370e+00) (2.352350e-01 7.714825e-04 -1.606164e-03))
500.06        	((-1.879322e+00 1.341592e+03 2.253564e+03) (1.856447e-03 4.658139e+00 7.702584e-01)) ((4.971457e+02 1.155059e-01 5.260468e-01) (3.055128e-01 1.440719e-03 -8.932126e-04))
500.07        	((5.531896e+00 1.608308e+03 2.079228e+03) (7.516463e-05 4.625556e+00 9.291932e-01)) ((3.617575e+02 -5.991697e-01 -3.127997e-01) (1.804326e-01 8.133917e-04 1.589487e-03))
500.08        	((7.369893e+00 9.307263e+02 5.396946e+02) (-5.969151e-04 4.343236e+00 9.485978e-01)) ((-1.352956e+02 -3.005894e-01 -1.744290e-01) (-2.485770e-02 1.048328e-03 2.539788e-03))
500.09        	((3.952472e+00 3.368243e+02 -2.439991e+02) (-1.022622e-04 4.182898e+00 8.834206e-01)) ((-4.098010e+02 3.482557e-01 1.888851e-02) (-1.842225e-01 1.584030e-03 1.154376e-03))
500.1         	((-5.404605e-01 1.856392e+02 3.428703e+01) (6.177801e-03 4.370059e+00 9.549967e-01)) ((-3.292399e+02 9.751263e-01 2.331244e-01) (-1.722876e-01 4.547179e-04 -4.504317e-03))
500.11        	((-3.202264e+00 3.629800e+02 7.060100e+02) (-1.015030e-02 4.860346e+00 1.247016e+00)) ((-9.286416e+01 1.235044e+00 5.655367e-01) (-1.091680e-02 6.565868e-03 2.669826e-03))
500.12        	((-2.301361e+00 5.815184e+02 1.060504e+03) (-8.172751e-03 5.242550e+00 1.595355e+00)) ((5.210019e+01 7.869057e-01 -5.815725e-02) (1.068074e-01 4.607899e-03 2.552110e-03))
500.13        	((-1.080296e+00 6.759939e+02 9.179462e+02) (9.725249e-04 5.407888e+00 1.815753e+00)) ((2.538508e+01 3.532121e-01 -1.194909e-01) (1.071899e-01 1.114016e-03 -1.353481e-03))
500.14        	((-1.104214e+00 6.662541e+02 5.838182e+02) (6.278708e-03 5.486014e+00 1.892461e+00)) ((-8.635998e+01 3.086469e-01 4.119687e-01) (4.462933e-02 -8.176784e-04 -4.111460e-03))
500.15        	((-2.013525e+00 6.280226e+02 3.803330e+02) (1.090880e-02 5.578031e+00 1.901383e+00)) ((-1.679379e+02 4.667936e-01 7.112081e-01) (-1.894433e-02 -2.194587e-03 -7.297224e-03))
500.16        	((-2.453272e+00 6.081896e+02 3.864186e+02) (1.436476e-02 5.717036e+00 1.931391e+00)) ((-1.683202e+02 4.838405e-01 3.227090e-01) (-4.106628e-02 -3.169312e-03 -9.699383e-03))
500.17        	((-2.082219e+00 6.101965e+02 4.679696e+02) (1.163669e-02 5.917124e+00 2.028407e+00)) ((-1.191371e+02 3.216161e-01 -2.782812e-01) (-5.125284e-03 -2.570126e-03 -8.734265e-03))
500.18        	((-1.950015e+00 6.209913e+02 4.767663e+02) (5.791748e-03 6.115923e+00 2.145971e+00)) ((-7.913640e+01 2.239221e-01 -4.088132e-01) (5.274099e-02 -1.462832e-03 -5.478811e-03))
500.19        	((-2.198392e+00 6.385298e+02 3.909991e+02) (3.226433e-03 6.265812e+00 2.206292e+00)) ((-7.711654e+01 2.055305e-01 -8.307733e-02) (8.835378e-02 -1.059487e-03 -3.953499e-03))
500.2         	((-2.844216e+00 6.682061e+02 2.850831e+02) (3.023535e-03 6.376019e+00 2.188956e+00)) ((-1.040571e+02 3.051536e-01 4.029849e-01) (9.036046e-02 -1.125080e-03 -3.900110e-03))
500.21        	((-2.917701e+00 7.092516e+02 2.320811e+02) (2.187744e-03 6.480427e+00 2.122613e+00)) ((-1.344528e+02 2.815587e-01 3.823027e-01) (7.668431e-02 -1.287319e-03 -3.165601e-03))
500.22        	((-2.570024e+00 7.448639e+02 2.370651e+02) (3.373388e-03 6.610209e+00 2.063990e+00)) ((-1.483209e+02 1.998461e-01 6.343935e-02) (6.530637e-02 -1.628650e-03 -3.767662e-03))
500.23        	((-2.246450e+00 7.602894e+02 2.531663e+02) (3.508377e-03 6.771690e+00 2.033775e+00)) ((-1.459658e+02 1.620447e-01 -1.731888e-01) (6.462787e-02 -1.714843e-03 -3.982223e-03))
500.24        	((-2.148495e+00 7.565437e+02 2.377098e+02) (2.748543e-03 6.944655e+00 2.014829e+00)) ((-1.394913e+02 1.738075e-01 -1.713156e-01) (7.086432e-02 -1.354880e-03 -3.110370e-03))
500.25        	((-2.230987e+00 7.523528e+02 1.940182e+02) (6.363289e-04 7.111819e+00 1.980327e+00)) ((-1.398660e+02 2.092418e-01 -3.735103e-02) (7.158914e-02 -1.356179e-03 -2.564575e-03))
500.26        	((-2.306740e+00 7.657195e+02 1.554532e+02) (-5.180472e-04 7.270463e+00 1.920551e+00)) ((-1.487026e+02 2.423682e-01 1.110384e-01) (6.736034e-02 -9.493344e-04 -1.804265e-03))
500.27        	((-2.352244e+00 8.010904e+02 1.550852e+02) (-1.429267e-03 7.423657e+00 1.842394e+00)) ((-1.610477e+02 2.460385e-01 1.467695e-01) (5.953719e-02 -6.882959e-04 -1.182834e-03))
500.28        	((-2.211296e+00 8.451280e+02 1.933583e+02) (-1.537422e-03 7.590211e+00 1.782276e+00)) ((-1.703832e+02 2.524422e-01 1.094898e-01) (5.222531e-02 -7.337989e-04 -1.174852e-03))
500.29        	((-1.982750e+00 8.790365e+02 2.436937e+02) (-1.731603e-03 7.772775e+00 1.755609e+00)) ((-1.747074e+02 2.535148e-01 4.729552e-02) (4.839985e-02 -9.896241e-04 -9.830633e-04))
500.3         	((-1.731210e+00 8.994117e+02 2.848867e+02) (-7.270616e-04 7.962135e+00 1.749406e+00)) ((-1.761977e+02 2.656493e-01 4.156421e-03) (4.574882e-02 -4.752325e-04 -1.761328e-03))
500.31        	((-1.459526e+00 9.139050e+02 3.094655e+02) (-1.637616e-03 8.150389e+00 1.749790e+00)) ((-1.782748e+02 2.833014e-01 6.168722e-03) (4.105740e-02 -7.114523e-04 -1.379870e-03))
500.32        	((-1.190651e+00 9.347688e+02 3.317309e+02) (-1.545793e-03 8.329780e+00 1.746681e+00)) ((-1.824635e+02 3.001724e-01 4.929836e-02) (3.448238e-02 -6.903945e-04 -1.335437e-03))
500.33        	((-8.840241e-01 9.634897e+02 3.577829e+02) (-1.411358e-03 8.504442e+00 1.745894e+00)) ((-1.876018e+02 3.209504e-01 9.332471e-02) (2.965207e-02 -6.016011e-04 -1.264495e-03))
500.34        	((-5.869572e-01 9.971713e+02 3.974110e+02) (-1.132166e-03 8.680780e+00 1.753876e+00)) ((-1.920893e+02 3.558750e-01 1.250223e-01) (2.760540e-02 -4.957672e-04 -1.293589e-03))
500.35        	((-3.575469e-01 1.030016e+03 4.493345e+02) (-8.266213e-04 8.859783e+00 1.777888e+00)) ((-1.954227e+02 4.044871e-01 1.452280e-01) (2.588095e-02 -4.423628e-04 -1.443270e-03))
500.36        	((-1.528054e-01 1.058725e+03 5.082467e+02) (-4.696806e-04 9.041811e+00 1.816927e+00)) ((-1.982833e+02 4.637930e-01 1.755149e-01) (2.588914e-02 -4.180964e-04 -1.619161e-03))
500.37        	((1.377744e-01 1.073019e+03 5.416261e+02) (4.493734e-06 9.220483e+00 1.866964e+00)) ((-2.057558e+02 5.204997e-01 2.317590e-01) (2.357846e-02 -4.136462e-04 -1.758868e-03))
500.38        	((7.113805e-01 1.066197e+03 5.291442e+02) (7.371917e-04 9.386279e+00 1.914346e+00)) ((-2.210210e+02 5.566852e-01 2.944306e-01) (2.089987e-02 -3.969282e-04 -1.892389e-03))
500.39        	((9.090213e-01 1.050541e+03 4.966850e+02) (1.515712e-03 9.539075e+00 1.956872e+00)) ((-2.392841e+02 6.152154e-01 4.196969e-01) (1.255369e-02 -4.476233e-04 -2.092390e-03))
500.4         	((1.472467e-01 1.048782e+03 4.884046e+02) (2.334939e-03 9.672245e+00 1.987444e+00)) ((-2.509356e+02 7.380306e-01 6.164746e-01) (7.549490e-03 -3.361104e-04 -2.096426e-03))
500.41        	((-1.895712e+00 1.069939e+03 5.250519e+02) (2.276412e-03 9.807440e+00 2.024241e+00)) ((-2.524406e+02 9.395730e-01 8.770500e-01) (-3.874832e-04 -4.246167e-04 -2.137713e-03))
500.42        	((-3.503648e+00 1.101523e+03 5.845688e+02) (1.843906e-03 9.941791e+00 2.070720e+00)) ((-2.490528e+02 1.066584e+00 9.887076e-01) (-2.461932e-03 -4.266712e-04 -2.051845e-03))
500.43        	((-5.250985e+00 1.141687e+03 6.609583e+02) (1.010688e-03 1.008118e+01 2.130437e+00)) ((-2.435924e+02 1.153961e+00 1.011302e+00) (-2.241756e-03 -3.532900e-04 -1.820740e-03))
500.44        	((-6.600612e+00 1.185618e+03 7.363275e+02) (6.378517e-05 1.022205e+01 2.196250e+00)) ((-2.395840e+02 1.157787e+00 9.087593e-01) (-1.318839e-03 -2.841417e-04 -1.550888e-03))
500.45        	((-8.830684e+00 1.238585e+03 8.182162e+02) (-1.200911e-03 1.036045e+01 2.267235e+00)) ((-2.357519e+02 1.172530e+00 8.234249e-01) (2.173458e-03 -1.611046e-04 -1.183261e-03))
500.46        	((-1.110057e+01 1.300146e+03 9.079497e+02) (-3.131861e-03 1.050620e+01 2.351518e+00)) ((-2.316615e+02 1.119869e+00 6.505497e-01) (4.227177e-03 -7.936137e-05 -9.801933e-04))
500.47        	((-1.133027e+01 1.374303e+03 1.019830e+03) (-5.402645e-03 1.065468e+01 2.449984e+00)) ((-2.249279e+02 8.438665e-01 1.718190e-01) (1.155129e-02 7.330767e-06 -6.422656e-04))
500.48        	((-7.965976e+00 1.457776e+03 1.145064e+03) (-7.187573e-03 1.081345e+01 2.564114e+00)) ((-2.162440e+02 3.022878e-01 -6.580722e-01) (2.033407e-02 2.028001e-05 -4.629140e-04))
500.49        	((-3.460066e+00 1.532086e+03 1.247105e+03) (-7.827704e-03 1.097973e+01 2.686873e+00)) ((-2.119670e+02 -2.428446e-01 -1.492540e+00) (3.411399e-02 -2.162751e-04 -7.596060e-04))
500.5         	((-3.238272e-01 1.588094e+03 1.310067e+03) (-6.851898e-03 1.115313e+01 2.814325e+00)) ((-2.150136e+02 -5.522446e-01 -1.997040e+00) (4.643905e-02 -1.088751e-04 -1.451128e-03))
500.51        	((5.766024e-01 1.626522e+03 1.341754e+03) (-5.622726e-03 1.132868e+01 2.941786e+00)) ((-2.241210e+02 -5.498430e-01 -2.058935e+00) (5.998315e-02 -5.116053e-04 -2.178102e-03))
500.52        	((-3.474508e-01 1.657658e+03 1.366302e+03) (-4.522311e-03 1.149983e+01 3.062192e+00)) ((-2.346246e+02 -2.890906e-01 -1.742620e+00) (6.992701e-02 -6.060630e-04 -2.734449e-03))
500.53        	((-1.760145e+00 1.695685e+03 1.410891e+03) (-4.231884e-03 1.166717e+01 3.178310e+00)) ((-2.411985e+02 7.969121e-02 -1.250779e+00) (8.019865e-02 -7.878438e-04 -2.915090e-03))
500.54        	((-2.453781e+00 1.734583e+03 1.461945e+03) (-4.359399e-03 1.183532e+01 3.298948e+00)) ((-2.466614e+02 4.382940e-01 -7.465205e-01) (9.190829e-02 -4.549162e-04 -2.966119e-03))
500.55        	((-1.965997e+00 1.772565e+03 1.510237e+03) (-4.621817e-03 1.200383e+01 3.422975e+00)) ((-2.525466e+02 7.384321e-01 -2.493781e-01) (1.048248e-01 -3.505871e-04 -2.459695e-03))
500.56        	((-5.649979e-01 1.810007e+03 1.554847e+03) (-4.452413e-03 1.217170e+01 3.548256e+00)) ((-2.586772e+02 9.893960e-01 2.355810e-01) (1.192104e-01 -3.908779e-05 -2.373053e-03))
500.57        	((1.176501e+00 1.846087e+03 1.595107e+03) (-3.781088e-03 1.234057e+01 3.673846e+00)) ((-2.647936e+02 1.207565e+00 6.996586e-01) (1.331577e-01 1.838344e-05 -2.228256e-03))
500.58        	((2.909038e+00 1.881252e+03 1.628408e+03) (-2.651704e-03 1.250822e+01 3.788320e+00)) ((-2.707261e+02 1.407935e+00 1.106840e+00) (1.481475e-01 5.299792e-05 -2.055162e-03))
500.59        	((4.300461e+00 1.913375e+03 1.656785e+03) (-1.272931e-03 1.267562e+01 3.902622e+00)) ((-2.765842e+02 1.579795e+00 1.404357e+00) (1.629022e-01 3.716559e-05 -1.998618e-03))
500.6         	((5.261560e+00 1.942853e+03 1.684699e+03) (2.786809e-04 1.284130e+01 4.015868e+00)) ((-2.821159e+02 1.703217e+00 1.561430e+00) (1.787143e-01 1.284626e-05 -2.038003e-03))
500.61        	((5.854716e+00 1.971678e+03 1.714780e+03) (1.863169e-03 1.300525e+01 4.128337e+00)) ((-2.873017e+02 1.774420e+00 1.594071e+00) (1.948828e-01 -1.295376e-04 -2.263640e-03))
500.62        	((6.144529e+00 2.000990e+03 1.746552e+03) (3.636372e-03 1.316741e+01 4.238962e+00)) ((-2.922997e+02 1.790004e+00 1.521171e+00) (2.117035e-01 -2.597535e-04 -2.555132e-03))
500.63        	((6.212874e+00 2.030645e+03 1.777823e+03) (5.174437e-03 1.332680e+01 4.346393e+00)) ((-2.973634e+02 1.767279e+00 1.389490e+00) (2.296296e-01 -5.816608e-04 -2.986510e-03))
500.64        	((6.066194e+00 2.059538e+03 1.806759e+03) (6.944237e-03 1.348648e+01 4.452854e+00)) ((-3.023603e+02 1.703331e+00 1.190870e+00) (2.451794e-01 -7.303431e-04 -3.292102e-03))
500.65        	((5.749886e+00 2.086682e+03 1.833215e+03) (6.925895e-03 1.363930e+01 4.552595e+00)) ((-3.071711e+02 1.620981e+00 9.727269e-01) (2.614622e-01 -4.925152e-04 -2.150596e-03))
500.66        	((5.363435e+00 2.112266e+03 1.857889e+03) (9.611438e-03 1.379205e+01 4.650802e+00)) ((-3.117217e+02 1.571881e+00 8.250464e-01) (2.803207e-01 -1.686027e-03 -4.988054e-03))
500.67        	((4.713383e+00 2.136879e+03 1.881690e+03) (1.231309e-02 1.394113e+01 4.743907e+00)) ((-3.161404e+02 1.485404e+00 5.681960e-01) (3.015234e-01 -1.062589e-03 -4.011725e-03))
500.68        	((3.901119e+00 2.160414e+03 1.907885e+03) (1.135731e-02 1.409529e+01 4.849114e+00)) ((-3.201915e+02 1.402585e+00 3.671112e-01) (3.126017e-01 -1.556383e-03 -4.219466e-03))
500.69        	((3.114490e+00 2.183866e+03 1.931603e+03) (1.247226e-02 1.424225e+01 4.939575e+00)) ((-3.242267e+02 1.342798e+00 1.832955e-01) (3.280120e-01 -1.688785e-03 -4.433015e-03))
500.7         	((2.309684e+00 2.205796e+03 1.954953e+03) (1.306741e-02 1.438562e+01 5.033278e+00)) ((-3.281715e+02 1.292521e+00 3.403616e-02) (3.430937e-01 -1.931322e-03 -4.754002e-03))
500.71        	((1.564266e+00 2.226648e+03 1.977619e+03) (1.378272e-02 1.452476e+01 5.122816e+00)) ((-3.319381e+02 1.237117e+00 -9.060574e-02) (3.579709e-01 -2.067593e-03 -4.898973e-03))
500.72        	((8.887118e-01 2.246673e+03 1.998981e+03) (1.437041e-02 1.466090e+01 5.209294e+00)) ((-3.354955e+02 1.189048e+00 -1.918383e-01) (3.724492e-01 -2.174674e-03 -5.234827e-03))
500.73        	((2.515548e-01 2.265869e+03 2.018799e+03) (1.478240e-02 1.479283e+01 5.292793e+00)) ((-3.388251e+02 1.150715e+00 -2.776229e-01) (3.862818e-01 -2.239064e-03 -5.423143e-03))
500.74        	((-3.748932e-01 2.284161e+03 2.037274e+03) (1.501150e-02 1.492065e+01 5.373663e+00)) ((-3.419468e+02 1.136614e+00 -3.443495e-01) (3.993211e-01 -2.251847e-03 -5.615997e-03))
500.75        	((-9.677710e-01 2.301461e+03 2.054810e+03) (1.515714e-02 1.504411e+01 5.451880e+00)) ((-3.448780e+02 1.140401e+00 -3.790930e-01) (4.117223e-01 -2.244064e-03 -5.753668e-03))
500.76        	((-1.485584e+00 2.317779e+03 2.071708e+03) (1.528001e-02 1.516345e+01 5.527462e+00)) ((-3.476468e+02 1.152071e+00 -3.860991e-01) (4.236607e-01 -2.282155e-03 -5.952497e-03))
500.77        	((-1.912801e+00 2.333116e+03 2.087966e+03) (1.525430e-02 1.527888e+01 5.600346e+00)) ((-3.502471e+02 1.167243e+00 -3.636172e-01) (4.352657e-01 -2.358533e-03 -6.099350e-03))
500.78        	((-2.268837e+00 2.347549e+03 2.103475e+03) (1.503329e-02 1.539058e+01 5.670616e+00)) ((-3.526662e+02 1.184450e+00 -3.214405e-01) (4.465705e-01 -2.396947e-03 -6.101424e-03))
500.79        	((-2.590886e+00 2.361200e+03 2.118166e+03) (1.473029e-02 1.549868e+01 5.738340e+00)) ((-3.549092e+02 1.209766e+00 -2.668286e-01) (4.574208e-01 -2.399176e-03 -6.059581e-03))
500.8         	((-2.890870e+00 2.374128e+03 2.132063e+03) (1.437706e-02 1.560292e+01 5.803503e+00)) ((-3.570102e+02 1.244563e+00 -2.044105e-01) (4.676293e-01 -2.377233e-03 -6.035171e-03))
500.81        	((-3.153771e+00 2.386304e+03 2.145172e+03) (1.400608e-02 1.570321e+01 5.866243e+00)) ((-3.590177e+02 1.283749e+00 -1.332103e-01) (4.771729e-01 -2.355381e-03 -6.003964e-03))
500.82        	((-3.373102e+00 2.397638e+03 2.157477e+03) (1.361714e-02 1.579980e+01 5.926651e+00)) ((-3.609486e+02 1.323908e+00 -5.609764e-02) (4.861613e-01 -2.323209e-03 -5.939538e-03))
500.83        	((-3.553264e+00 2.408058e+03 2.168955e+03) (1.320097e-02 1.589293e+01 5.984865e+00)) ((-3.627829e+02 1.362426e+00 2.075805e-02) (4.946762e-01 -2.272336e-03 -5.852478e-03))
500.84        	((-3.699793e+00 2.417567e+03 2.179567e+03) (1.270291e-02 1.598279e+01 6.041135e+00)) ((-3.644897e+02 1.396898e+00 8.975374e-02) (5.027153e-01 -2.201743e-03 -5.706063e-03))
500.85        	((-3.826388e+00 2.426269e+03 2.189330e+03) (1.213784e-02 1.606953e+01 6.095625e+00)) ((-3.660464e+02 1.429813e+00 1.509967e-01) (5.102069e-01 -2.095677e-03 -5.475826e-03))
500.86        	((-3.958646e+00 2.434303e+03 2.198359e+03) (1.154796e-02 1.615312e+01 6.148356e+00)) ((-3.674381e+02 1.458807e+00 2.123731e-01) (5.170754e-01 -1.994893e-03 -5.210739e-03))
500.87        	((-4.104493e+00 2.441781e+03 2.206782e+03) (1.114312e-02 1.623354e+01 6.199274e+00)) ((-3.686863e+02 1.478362e+00 2.762973e-01) (5.233013e-01 -1.931704e-03 -4.994692e-03))
500.88        	((-4.265662e+00 2.448728e+03 2.214635e+03) (1.071876e-02 1.631055e+01 6.248445e+00)) ((-3.698278e+02 1.490838e+00 3.388852e-01) (5.289102e-01 -1.857900e-03 -4.712612e-03))
500.89        	((-4.419517e+00 2.455093e+03 2.221907e+03) (1.023655e-02 1.638430e+01 6.295953e+00)) ((-3.708901e+02 1.504193e+00 3.890598e-01) (5.340240e-01 -1.797133e-03 -4.322711e-03))
500.9         	((-4.554462e+00 2.460763e+03 2.228472e+03) (9.783915e-03 1.645487e+01 6.341867e+00)) ((-3.718902e+02 1.524667e+00 4.278128e-01) (5.386611e-01 -1.744977e-03 -3.949459e-03))
500.91        	((-4.671923e+00 2.465643e+03 2.234186e+03) (9.444265e-03 1.652259e+01 6.386609e+00)) ((-3.728220e+02 1.548483e+00 4.593222e-01) (5.430777e-01 -1.639436e-03 -3.700132e-03))
500.92        	((-4.751375e+00 2.469118e+03 2.238049e+03) (9.063512e-03 1.658590e+01 6.429981e+00)) ((-3.738148e+02 1.563124e+00 4.784422e-01) (5.470393e-01 -1.536395e-03 -3.435892e-03))
500.93        	((-4.826474e+00 2.472098e+03 2.241474e+03) (9.115369e-03 1.664651e+01 6.471657e+00)) ((-3.746296e+02 1.570139e+00 4.915144e-01) (5.505001e-01 -1.487295e-03 -3.512937e-03))
500.94        	((-4.917591e+00 2.475129e+03 2.245149e+03) (9.354919e-03 1.670435e+01 6.511843e+00)) ((-3.751786e+02 1.572976e+00 5.043344e-01) (5.534740e-01 -1.457346e-03 -3.816835e-03))
500.95        	((-5.031100e+00 2.477971e+03 2.248809e+03) (9.423805e-03 1.675968e+01 6.550988e+00)) ((-3.755819e+02 1.577846e+00 5.197528e-01) (5.562019e-01 -1.416593e-03 -4.010412e-03))
500.96        	((-5.146554e+00 2.480309e+03 2.251855e+03) (9.240460e-03 1.681237e+01 6.589058e+00)) ((-3.759565e+02 1.583549e+00 5.342206e-01) (5.586415e-01 -1.352808e-03 -3.989330e-03))
500.97        	((-5.247347e+00 2.481876e+03 2.253940e+03) (8.975696e-03 1.686261e+01 6.625951e+00)) ((-3.763779e+02 1.587916e+00 5.429994e-01) (5.608250e-01 -1.286452e-03 -3.857817e-03))
500.98        	((-5.318935e+00 2.482721e+03 2.255164e+03) (8.849199e-03 1.689996e+01 6.653412e+00)) ((-3.767971e+02 1.587904e+00 5.432075e-01) (5.572362e-01 -1.189238e-04 -5.280170e-03))
500.99        	((-5.350541e+00 2.483078e+03 2.255389e+03) (8.878459e-03 1.695709e+01 6.694697e+00)) ((-3.773122e+02 1.580410e+00 5.014538e-01) (5.645835e-01 -1.128624e-03 -3.734518e-03))
501           	((-5.276894e+00 2.483300e+03 2.254946e+03) (8.682223e-03 1.700537e+01 6.730570e+00)) ((-3.777180e+02 1.581086e+00 4.728126e-01) (5.683018e-01 -1.608464e-03 -2.872667e-03))
501.01        	((-5.243891e+00 2.482886e+03 2.254714e+03) (8.501989e-03 1.704778e+01 6.763616e+00)) ((-3.778565e+02 1.576605e+00 4.453546e-01) (5.700805e-01 -1.765580e-03 -2.560912e-03))
501.02        	((-5.270789e+00 2.481947e+03 2.254937e+03) (8.290090e-03 1.708740e+01 6.795209e+00)) ((-3.777028e+02 1.547915e+00 4.190105e-01) (5.711950e-01 -1.791385e-03 -2.380567e-03))
501.03        	((-5.304020e+00 2.480665e+03 2.255073e+03) (8.160860e-03 1.712441e+01 6.825464e+00)) ((-3.774549e+02 1.506712e+00 3.983735e-01) (5.717964e-01 -1.809702e-03 -2.244032e-03))
501.04        	((-5.293766e+00 2.479087e+03 2.254526e+03) (7.903575e-03 1.715906e+01 6.854485e+00)) ((-3.772835e+02 1.473664e+00 3.726370e-01) (5.719963e-01 -1.771060e-03 -2.078807e-03))
501.05        	((-5.234157e+00 2.477107e+03 2.253123e+03) (7.645694e-03 1.719155e+01 6.882243e+00)) ((-3.771891e+02 1.457142e+00 3.354115e-01) (5.717720e-01 -1.710984e-03 -1.945204e-03))
501.06        	((-5.160887e+00 2.474629e+03 2.251092e+03) (7.619630e-03 1.722187e+01 6.908884e+00)) ((-3.770551e+02 1.451202e+00 2.898268e-01) (5.710973e-01 -1.666647e-03 -1.973952e-03))
501.07        	((-5.100109e+00 2.471701e+03 2.248831e+03) (7.705602e-03 1.724988e+01 6.934656e+00)) ((-3.767646e+02 1.443450e+00 2.409575e-01) (5.700432e-01 -1.632595e-03 -2.113412e-03))
501.08        	((-5.048575e+00 2.468407e+03 2.246527e+03) (7.639084e-03 1.727598e+01 6.959769e+00)) ((-3.763019e+02 1.424903e+00 1.911602e-01) (5.687817e-01 -1.563762e-03 -2.127877e-03))
501.09        	((-5.002207e+00 2.464759e+03 2.244049e+03) (7.452107e-03 1.730034e+01 6.984363e+00)) ((-3.757460e+02 1.398708e+00 1.452896e-01) (5.674131e-01 -1.463256e-03 -2.041962e-03))
501.1         	((-4.957516e+00 2.460834e+03 2.241301e+03) (7.185743e-03 1.732292e+01 7.008343e+00)) ((-3.751510e+02 1.370456e+00 1.049554e-01) (5.658720e-01 -1.326366e-03 -1.906496e-03))
501.11        	((-4.911187e+00 2.456553e+03 2.238100e+03) (6.943777e-03 1.734368e+01 7.031709e+00)) ((-3.745544e+02 1.344881e+00 6.816425e-02) (5.641373e-01 -1.180113e-03 -1.817793e-03))
501.12        	((-4.860596e+00 2.451935e+03 2.234494e+03) (6.790334e-03 1.736273e+01 7.054470e+00)) ((-3.739214e+02 1.322633e+00 3.008618e-02) (5.622259e-01 -1.051985e-03 -1.785433e-03))
501.13        	((-4.811736e+00 2.447005e+03 2.230575e+03) (6.693296e-03 1.738020e+01 7.076790e+00)) ((-3.732171e+02 1.303860e+00 -1.062379e-02) (5.602594e-01 -9.519502e-04 -1.793016e-03))
501.14        	((-4.772113e+00 2.441791e+03 2.226431e+03) (6.732985e-03 1.739621e+01 7.098624e+00)) ((-3.724262e+02 1.287724e+00 -5.189487e-02) (5.582153e-01 -8.851541e-04 -1.865735e-03))
501.15        	((-4.746459e+00 2.436293e+03 2.222091e+03) (6.630384e-03 1.741056e+01 7.120058e+00)) ((-3.715687e+02 1.272777e+00 -8.836379e-02) (5.560911e-01 -8.179177e-04 -1.839142e-03))
501.16        	((-4.731038e+00 2.430521e+03 2.217571e+03) (6.472414e-03 1.742341e+01 7.140936e+00)) ((-3.706528e+02 1.257461e+00 -1.182285e-01) (5.538061e-01 -7.577456e-04 -1.742311e-03))
501.17        	((-4.721130e+00 2.424480e+03 2.212832e+03) (6.350060e-03 1.743464e+01 7.161288e+00)) ((-3.696956e+02 1.240574e+00 -1.423878e-01) (5.513342e-01 -7.233457e-04 -1.628840e-03))
501.18        	((-4.711319e+00 2.418186e+03 2.207855e+03) (6.283724e-03 1.744449e+01 7.180958e+00)) ((-3.686954e+02 1.222224e+00 -1.639003e-01) (5.486311e-01 -7.180405e-04 -1.552793e-03))
501.19        	((-4.706432e+00 2.411656e+03 2.202654e+03) (6.101335e-03 1.745312e+01 7.200036e+00)) ((-3.676442e+02 1.205214e+00 -1.809916e-01) (5.458265e-01 -6.660797e-04 -1.396098e-03))
501.2         	((-4.708584e+00 2.404903e+03 2.197265e+03) (5.763726e-03 1.746064e+01 7.218606e+00)) ((-3.665377e+02 1.190112e+00 -1.943073e-01) (5.430108e-01 -5.542479e-04 -1.142054e-03))
501.21        	((-4.716332e+00 2.397940e+03 2.191721e+03) (5.371774e-03 1.746685e+01 7.236702e+00)) ((-3.653749e+02 1.176462e+00 -2.060065e-01) (5.401423e-01 -4.136625e-04 -8.547859e-04))
501.22        	((-4.726264e+00 2.390776e+03 2.186037e+03) (5.059027e-03 1.747163e+01 7.254283e+00)) ((-3.641606e+02 1.163072e+00 -2.180555e-01) (5.371189e-01 -2.866722e-04 -6.269918e-04))
501.23        	((-4.735786e+00 2.383416e+03 2.180207e+03) (4.866687e-03 1.747445e+01 7.271000e+00)) ((-3.629015e+02 1.148915e+00 -2.305842e-01) (5.340487e-01 -1.959104e-04 -4.923923e-04))
501.24        	((-4.745981e+00 2.375864e+03 2.174212e+03) (4.768333e-03 1.747585e+01 7.287095e+00)) ((-3.616082e+02 1.134223e+00 -2.419030e-01) (5.307636e-01 -1.365214e-04 -4.278683e-04))
501.25        	((-4.758927e+00 2.368129e+03 2.168069e+03) (4.714843e-03 1.747588e+01 7.302611e+00)) ((-3.602767e+02 1.120053e+00 -2.499141e-01) (5.272968e-01 -9.834074e-05 -3.945982e-04))
501.26        	((-4.775807e+00 2.360233e+03 2.161797e+03) (4.691183e-03 1.747461e+01 7.317565e+00)) ((-3.589065e+02 1.107457e+00 -2.541815e-01) (5.236643e-01 -7.096620e-05 -3.790201e-04))
501.27        	((-4.795890e+00 2.352187e+03 2.155401e+03) (4.692236e-03 1.747208e+01 7.331980e+00)) ((-3.574999e+02 1.096439e+00 -2.561503e-01) (5.198801e-01 -4.967890e-05 -3.754484e-04))
501.28        	((-4.817619e+00 2.343995e+03 2.148883e+03) (4.715974e-03 1.746834e+01 7.345880e+00)) ((-3.560610e+02 1.086503e+00 -2.574459e-01) (5.159501e-01 -3.280329e-05 -3.826932e-04))
501.29        	((-4.840163e+00 2.335659e+03 2.142239e+03) (4.757715e-03 1.746343e+01 7.359293e+00)) ((-3.545938e+02 1.077279e+00 -2.589573e-01) (5.118878e-01 -1.635488e-05 -3.987485e-04))
501.3         	((-4.863853e+00 2.327186e+03 2.135476e+03) (4.819705e-03 1.745737e+01 7.372227e+00)) ((-3.530999e+02 1.069145e+00 -2.618838e-01) (5.077151e-01 9.019308e-06 -4.234309e-04))
501.31        	((-4.887561e+00 2.318583e+03 2.128598e+03) (4.853249e-03 1.745020e+01 7.384684e+00)) ((-3.515802e+02 1.060980e+00 -2.641520e-01) (5.034262e-01 3.964922e-05 -4.341342e-04))
501.32        	((-4.911383e+00 2.309859e+03 2.121618e+03) (4.878175e-03 1.744198e+01 7.396698e+00)) ((-3.500355e+02 1.053261e+00 -2.657165e-01) (4.990195e-01 7.436912e-05 -4.391625e-04))
501.33        	((-4.935302e+00 2.301023e+03 2.114546e+03) (4.881257e-03 1.743272e+01 7.408266e+00)) ((-3.484679e+02 1.046126e+00 -2.659318e-01) (4.944916e-01 1.116333e-04 -4.379383e-04))
501.34        	((-4.959123e+00 2.292082e+03 2.107387e+03) (4.865345e-03 1.742246e+01 7.419412e+00)) ((-3.468795e+02 1.039694e+00 -2.651308e-01) (4.898493e-01 1.517517e-04 -4.291072e-04))
501.35        	((-4.982081e+00 2.283045e+03 2.100141e+03) (4.827946e-03 1.741123e+01 7.430151e+00)) ((-3.452727e+02 1.033766e+00 -2.636164e-01) (4.850974e-01 1.907976e-04 -4.134964e-04))
501.36        	((-5.003189e+00 2.273921e+03 2.092810e+03) (4.775672e-03 1.739908e+01 7.440512e+00)) ((-3.436494e+02 1.027902e+00 -2.609770e-01) (4.802383e-01 2.212797e-04 -3.933009e-04))
501.37        	((-5.023284e+00 2.264712e+03 2.085393e+03) (4.738743e-03 1.738601e+01 7.450504e+00)) ((-3.420125e+02 1.023146e+00 -2.583799e-01) (4.752677e-01 2.508401e-04 -3.808768e-04))
501.38        	((-5.042137e+00 2.255423e+03 2.077895e+03) (4.697958e-03 1.737203e+01 7.460158e+00)) ((-3.403645e+02 1.019846e+00 -2.557723e-01) (4.701832e-01 2.792001e-04 -3.737662e-04))
501.39        	((-5.059437e+00 2.246057e+03 2.070321e+03) (4.628482e-03 1.735700e+01 7.469520e+00)) ((-3.387090e+02 1.017830e+00 -2.534964e-01) (4.649398e-01 3.119669e-04 -3.612832e-04))
501.4         	((-5.075628e+00 2.236618e+03 2.062666e+03) (4.440399e-03 1.734081e+01 7.478486e+00)) ((-3.370524e+02 1.017277e+00 -2.514526e-01) (4.594082e-01 3.887426e-04 -2.843711e-04))
501.41        	((-5.087915e+00 2.227113e+03 2.054924e+03) (4.303343e-03 1.732453e+01 7.486960e+00)) ((-3.354017e+02 1.017284e+00 -2.512284e-01) (4.538527e-01 4.636438e-04 -1.913719e-04))
501.42        	((-5.091988e+00 2.217548e+03 2.047101e+03) (4.383361e-03 1.730866e+01 7.495304e+00)) ((-3.337513e+02 1.016297e+00 -2.554754e-01) (4.487180e-01 4.559742e-04 -1.740308e-04))
501.43        	((-5.097677e+00 2.207935e+03 2.039209e+03) (4.769622e-03 1.729150e+01 7.503790e+00)) ((-3.320958e+02 1.018071e+00 -2.576206e-01) (4.436327e-01 3.160364e-04 -4.477180e-04))
501.44        	((-5.106969e+00 2.198277e+03 2.031244e+03) (4.976563e-03 1.727395e+01 7.511875e+00)) ((-3.304421e+02 1.023845e+00 -2.559534e-01) (4.384249e-01 2.470513e-04 -5.518547e-04))
501.45        	((-5.115129e+00 2.188579e+03 2.023207e+03) (5.149838e-03 1.725559e+01 7.519783e+00)) ((-3.287926e+02 1.032156e+00 -2.550701e-01) (4.331364e-01 1.808176e-04 -6.376210e-04))
501.46        	((-5.122695e+00 2.178842e+03 2.015096e+03) (5.183233e-03 1.723648e+01 7.527398e+00)) ((-3.271536e+02 1.043748e+00 -2.548380e-01) (4.276773e-01 1.575210e-04 -6.169156e-04))
501.47        	((-5.128366e+00 2.169068e+03 2.006910e+03) (5.125938e-03 1.721671e+01 7.534697e+00)) ((-3.255289e+02 1.058150e+00 -2.564707e-01) (4.220961e-01 1.605076e-04 -5.313424e-04))
501.48        	((-5.130056e+00 2.159258e+03 1.998654e+03) (5.058912e-03 1.719632e+01 7.541681e+00)) ((-3.239192e+02 1.074394e+00 -2.616205e-01) (4.164529e-01 1.650144e-04 -4.423068e-04))
501.49        	((-5.127647e+00 2.149419e+03 1.990336e+03) (5.023738e-03 1.717535e+01 7.548305e+00)) ((-3.223215e+02 1.091944e+00 -2.705453e-01) (4.107830e-01 1.574048e-04 -3.779181e-04))
501.5         	((-5.124508e+00 2.139557e+03 1.981964e+03) (5.057092e-03 1.715368e+01 7.554598e+00)) ((-3.207315e+02 1.111497e+00 -2.802084e-01) (4.050663e-01 1.202732e-04 -3.774700e-04))
501.51        	((-5.121833e+00 2.129676e+03 1.973547e+03) (5.075243e-03 1.713147e+01 7.560528e+00)) ((-3.191458e+02 1.132790e+00 -2.892567e-01) (3.992510e-01 9.058649e-05 -3.671443e-04))
501.52        	((-5.118877e+00 2.119783e+03 1.965091e+03) (5.123987e-03 1.710870e+01 7.566183e+00)) ((-3.175619e+02 1.155278e+00 -2.981889e-01) (3.933469e-01 5.093295e-05 -3.937128e-04))
501.53        	((-5.114993e+00 2.109881e+03 1.956603e+03) (5.172131e-03 1.708539e+01 7.571524e+00)) ((-3.159784e+02 1.178211e+00 -3.078619e-01) (3.873368e-01 1.596453e-05 -4.254067e-04))
501.54        	((-5.108592e+00 2.099971e+03 1.948089e+03) (5.239097e-03 1.706160e+01 7.576591e+00)) ((-3.143943e+02 1.200690e+00 -3.196080e-01) (3.812319e-01 -2.013018e-05 -4.766692e-04))
501.55        	((-5.099145e+00 2.090055e+03 1.939554e+03) (5.325464e-03 1.703735e+01 7.581388e+00)) ((-3.128090e+02 1.221931e+00 -3.339434e-01) (3.750420e-01 -5.953102e-05 -5.463303e-04))
501.56        	((-5.086767e+00 2.080134e+03 1.931003e+03) (5.441062e-03 1.701267e+01 7.585946e+00)) ((-3.112213e+02 1.241665e+00 -3.503002e-01) (3.687712e-01 -1.059568e-04 -6.413476e-04))
501.57        	((-5.072205e+00 2.070213e+03 1.922444e+03) (5.567543e-03 1.698760e+01 7.590265e+00)) ((-3.096298e+02 1.259693e+00 -3.678224e-01) (3.624223e-01 -1.524097e-04 -7.496960e-04))
501.58        	((-5.056108e+00 2.060294e+03 1.913885e+03) (5.716483e-03 1.696218e+01 7.594378e+00)) ((-3.080332e+02 1.276028e+00 -3.855979e-01) (3.560065e-01 -2.038528e-04 -8.805879e-04))
501.59        	((-5.039250e+00 2.050381e+03 1.905331e+03) (5.876246e-03 1.693640e+01 7.598277e+00)) ((-3.064302e+02 1.290660e+00 -4.030242e-01) (3.495201e-01 -2.568464e-04 -1.019507e-03))
501.6         	((-5.021474e+00 2.040477e+03 1.896788e+03) (6.046840e-03 1.691030e+01 7.601968e+00)) ((-3.048209e+02 1.303475e+00 -4.199789e-01) (3.429657e-01 -3.085185e-04 -1.167985e-03))
501.61        	((-5.003359e+00 2.030585e+03 1.888256e+03) (6.218194e-03 1.688389e+01 7.605466e+00)) ((-3.032061e+02 1.314488e+00 -4.364321e-01) (3.363550e-01 -3.542466e-04 -1.326242e-03))
501.62        	((-4.984787e+00 2.020704e+03 1.879736e+03) (6.391046e-03 1.685719e+01 7.608774e+00)) ((-3.015868e+02 1.323646e+00 -4.522924e-01) (3.297075e-01 -3.931087e-04 -1.491563e-03))
501.63        	((-4.966029e+00 2.010838e+03 1.871228e+03) (6.570952e-03 1.683021e+01 7.611879e+00)) ((-2.999636e+02 1.331051e+00 -4.672448e-01) (3.230330e-01 -4.338299e-04 -1.654616e-03))
501.64        	((-4.947614e+00 2.000987e+03 1.862734e+03) (6.756134e-03 1.680295e+01 7.614800e+00)) ((-2.983375e+02 1.337056e+00 -4.807216e-01) (3.163239e-01 -4.760210e-04 -1.814299e-03))
501.65        	((-4.930501e+00 1.991153e+03 1.854257e+03) (6.939570e-03 1.677544e+01 7.617533e+00)) ((-2.967089e+02 1.342004e+00 -4.922927e-01) (3.095796e-01 -5.131544e-04 -1.971079e-03))
501.66        	((-4.915182e+00 1.981335e+03 1.845802e+03) (7.111626e-03 1.674767e+01 7.620063e+00)) ((-2.950788e+02 1.345947e+00 -5.018478e-01) (3.028038e-01 -5.447374e-04 -2.121723e-03))
501.67        	((-4.901070e+00 1.971537e+03 1.837370e+03) (7.271277e-03 1.671965e+01 7.622400e+00)) ((-2.934480e+02 1.348924e+00 -5.096661e-01) (2.959963e-01 -5.720770e-04 -2.266033e-03))
501.68        	((-4.887598e+00 1.961760e+03 1.828964e+03) (7.419479e-03 1.669140e+01 7.624555e+00)) ((-2.918172e+02 1.350950e+00 -5.160833e-01) (2.891689e-01 -5.954241e-04 -2.401584e-03))
501.69        	((-4.874551e+00 1.952007e+03 1.820580e+03) (7.559216e-03 1.666292e+01 7.626524e+00)) ((-2.901871e+02 1.352215e+00 -5.211252e-01) (2.823500e-01 -6.160888e-04 -2.529370e-03))
501.7         	((-4.862158e+00 1.942282e+03 1.812220e+03) (7.684392e-03 1.663417e+01 7.628292e+00)) ((-2.885582e+02 1.352874e+00 -5.247670e-01) (2.755493e-01 -6.312374e-04 -2.644246e-03))
501.71        	((-4.850784e+00 1.932583e+03 1.803882e+03) (7.802032e-03 1.660515e+01 7.629871e+00)) ((-2.869316e+02 1.353147e+00 -5.268930e-01) (2.687578e-01 -6.419176e-04 -2.756389e-03))
501.72        	((-4.840277e+00 1.922912e+03 1.795568e+03) (7.901623e-03 1.657595e+01 7.631303e+00)) ((-2.853078e+02 1.353030e+00 -5.277439e-01) (2.619629e-01 -6.442576e-04 -2.855879e-03))
501.73        	((-4.830755e+00 1.913270e+03 1.787278e+03) (7.998409e-03 1.654656e+01 7.632619e+00)) ((-2.836875e+02 1.352661e+00 -5.273784e-01) (2.551532e-01 -6.455008e-04 -2.958350e-03))
501.74        	((-4.821488e+00 1.903656e+03 1.779013e+03) (8.081004e-03 1.651699e+01 7.633762e+00)) ((-2.820714e+02 1.351907e+00 -5.263399e-01) (2.483164e-01 -6.408907e-04 -3.036229e-03))
501.75        	((-4.812742e+00 1.894073e+03 1.770773e+03) (8.176869e-03 1.648720e+01 7.634788e+00)) ((-2.804600e+02 1.350968e+00 -5.244555e-01) (2.414563e-01 -6.420068e-04 -3.127114e-03))
501.76        	((-4.803624e+00 1.884520e+03 1.762559e+03) (8.227899e-03 1.645726e+01 7.635630e+00)) ((-2.788540e+02 1.349599e+00 -5.223098e-01) (2.345577e-01 -6.284101e-04 -3.184002e-03))
501.77        	((-4.795059e+00 1.875000e+03 1.754372e+03) (8.302915e-03 1.642712e+01 7.636372e+00)) ((-2.772535e+02 1.348147e+00 -5.193691e-01) (2.276370e-01 -6.281705e-04 -3.269076e-03))
501.78        	((-4.786309e+00 1.865512e+03 1.746215e+03) (8.329429e-03 1.639692e+01 7.636966e+00)) ((-2.756590e+02 1.346389e+00 -5.161208e-01) (2.206642e-01 -6.098132e-04 -3.310765e-03))
501.79        	((-4.778168e+00 1.856058e+03 1.738091e+03) (8.399886e-03 1.636654e+01 7.637493e+00)) ((-2.740703e+02 1.344625e+00 -5.121819e-01) (2.136820e-01 -6.096436e-04 -3.388932e-03))
501.8         	((-4.769719e+00 1.846638e+03 1.729998e+03) (8.421466e-03 1.633608e+01 7.637823e+00)) ((-2.724881e+02 1.342573e+00 -5.081877e-01) (2.066855e-01 -5.922351e-04 -3.415793e-03))
501.81        	((-4.761976e+00 1.837254e+03 1.721937e+03) (8.499721e-03 1.630540e+01 7.638052e+00)) ((-2.709119e+02 1.340558e+00 -5.036554e-01) (1.997063e-01 -5.979656e-04 -3.482709e-03))
501.82        	((-4.753911e+00 1.827908e+03 1.713904e+03) (8.525959e-03 1.627465e+01 7.638069e+00)) ((-2.693426e+02 1.338241e+00 -4.992439e-01) (1.926920e-01 -5.821142e-04 -3.492042e-03))
501.83        	((-4.746517e+00 1.818600e+03 1.705902e+03) (8.605546e-03 1.624365e+01 7.637959e+00)) ((-2.677794e+02 1.335987e+00 -4.943468e-01) (1.856938e-01 -5.893266e-04 -3.552858e-03))
501.84        	((-4.738600e+00 1.809331e+03 1.697930e+03) (8.616165e-03 1.621258e+01 7.637613e+00)) ((-2.662233e+02 1.333444e+00 -4.896122e-01) (1.786779e-01 -5.707533e-04 -3.551431e-03))
501.85        	((-4.731332e+00 1.800101e+03 1.689991e+03) (8.688548e-03 1.618129e+01 7.637167e+00)) ((-2.646737e+02 1.331047e+00 -4.843717e-01) (1.716862e-01 -5.781474e-04 -3.607175e-03))
501.86        	((-4.723610e+00 1.790911e+03 1.682082e+03) (8.685707e-03 1.615001e+01 7.636494e+00)) ((-2.631319e+02 1.328444e+00 -4.793206e-01) (1.646594e-01 -5.555595e-04 -3.596156e-03))
501.87        	((-4.716792e+00 1.781759e+03 1.674203e+03) (8.755914e-03 1.611853e+01 7.635764e+00)) ((-2.615976e+02 1.326080e+00 -4.737387e-01) (1.576363e-01 -5.628999e-04 -3.647214e-03))
501.88        	((-4.709482e+00 1.772645e+03 1.666354e+03) (8.755717e-03 1.608709e+01 7.634849e+00)) ((-2.600722e+02 1.323507e+00 -4.684159e-01) (1.505598e-01 -5.405709e-04 -3.623776e-03))
501.89        	((-4.702802e+00 1.763569e+03 1.658537e+03) (8.830653e-03 1.605548e+01 7.633918e+00)) ((-2.585548e+02 1.321144e+00 -4.626571e-01) (1.434863e-01 -5.480829e-04 -3.670122e-03))
501.9         	((-4.695121e+00 1.754531e+03 1.650753e+03) (8.816853e-03 1.602390e+01 7.632794e+00)) ((-2.570462e+02 1.318522e+00 -4.572904e-01) (1.363718e-01 -5.221082e-04 -3.641414e-03))
501.91        	((-4.687748e+00 1.745534e+03 1.643005e+03) (8.886891e-03 1.599211e+01 7.631606e+00)) ((-2.555447e+02 1.316108e+00 -4.515313e-01) (1.292966e-01 -5.335980e-04 -3.684060e-03))
501.92        	((-4.679271e+00 1.736581e+03 1.635292e+03) (8.868968e-03 1.596034e+01 7.630202e+00)) ((-2.540510e+02 1.313442e+00 -4.461769e-01) (1.222109e-01 -5.107493e-04 -3.647318e-03))
501.93        	((-4.671227e+00 1.727673e+03 1.627615e+03) (8.940679e-03 1.592836e+01 7.628760e+00)) ((-2.525639e+02 1.311023e+00 -4.403839e-01) (1.151862e-01 -5.240888e-04 -3.688945e-03))
501.94        	((-4.662148e+00 1.718808e+03 1.619972e+03) (8.930886e-03 1.589638e+01 7.627092e+00)) ((-2.510848e+02 1.308359e+00 -4.349854e-01) (1.081531e-01 -5.054855e-04 -3.645606e-03))
501.95        	((-4.653613e+00 1.709988e+03 1.612365e+03) (9.011787e-03 1.586410e+01 7.625314e+00)) ((-2.496126e+02 1.305962e+00 -4.291100e-01) (1.012036e-01 -5.274868e-04 -3.680778e-03))
501.96        	((-4.644103e+00 1.701211e+03 1.604792e+03) (8.995589e-03 1.583177e+01 7.623232e+00)) ((-2.481488e+02 1.303332e+00 -4.236202e-01) (9.427952e-02 -5.091943e-04 -3.631650e-03))
501.97        	((-4.635224e+00 1.692479e+03 1.597254e+03) (9.068820e-03 1.579917e+01 7.621065e+00)) ((-2.466921e+02 1.301004e+00 -4.176301e-01) (8.743156e-02 -5.239704e-04 -3.678049e-03))
501.98        	((-4.625285e+00 1.683793e+03 1.589751e+03) (9.038637e-03 1.576657e+01 7.618625e+00)) ((-2.452439e+02 1.298440e+00 -4.120821e-01) (8.058562e-02 -4.976230e-04 -3.636197e-03))
501.99        	((-4.615879e+00 1.675152e+03 1.582283e+03) (9.106740e-03 1.573374e+01 7.616130e+00)) ((-2.438028e+02 1.296173e+00 -4.060780e-01) (7.382613e-02 -5.103773e-04 -3.685432e-03))
502           	((-4.605433e+00 1.666556e+03 1.574851e+03) (9.074906e-03 1.570092e+01 7.613344e+00)) ((-2.423702e+02 1.293678e+00 -4.005588e-01) (6.712411e-02 -4.834362e-04 -3.639167e-03))
502.01        	((-4.595564e+00 1.658005e+03 1.567456e+03) (9.145532e-03 1.566782e+01 7.610464e+00)) ((-2.409450e+02 1.291453e+00 -3.945883e-01) (6.053139e-02 -4.964640e-04 -3.689337e-03))
502.02        	((-4.584563e+00 1.649499e+03 1.560095e+03) (9.113520e-03 1.563472e+01 7.607306e+00)) ((-2.395287e+02 1.288898e+00 -3.891705e-01) (5.394189e-02 -4.661045e-04 -3.643504e-03))
502.03        	((-4.574404e+00 1.641039e+03 1.552767e+03) (9.188624e-03 1.560138e+01 7.604113e+00)) ((-2.381199e+02 1.286629e+00 -3.833349e-01) (4.742065e-02 -4.761049e-04 -3.697000e-03))
502.04        	((-4.563387e+00 1.632625e+03 1.545469e+03) (9.154618e-03 1.556809e+01 7.600669e+00)) ((-2.367197e+02 1.284066e+00 -3.780906e-01) (4.088189e-02 -4.411972e-04 -3.649824e-03))
502.05        	((-4.553259e+00 1.624258e+03 1.538203e+03) (9.231726e-03 1.553460e+01 7.597232e+00)) ((-2.353268e+02 1.281764e+00 -3.724689e-01) (3.440353e-02 -4.487038e-04 -3.703522e-03))
502.06        	((-4.542159e+00 1.615938e+03 1.530969e+03) (9.199594e-03 1.550121e+01 7.593582e+00)) ((-2.339425e+02 1.279119e+00 -3.675040e-01) (2.789948e-02 -4.110529e-04 -3.652844e-03))
502.07        	((-4.532028e+00 1.607662e+03 1.523767e+03) (9.281526e-03 1.546763e+01 7.589931e+00)) ((-2.325663e+02 1.276765e+00 -3.621094e-01) (2.146056e-02 -4.187129e-04 -3.705940e-03))
502.08        	((-4.521135e+00 1.599425e+03 1.516597e+03) (9.250110e-03 1.543414e+01 7.586036e+00)) ((-2.312012e+02 1.274126e+00 -3.572257e-01) (1.501580e-02 -3.801355e-04 -3.654507e-03))
502.09        	((-4.511215e+00 1.591225e+03 1.509460e+03) (9.337598e-03 1.540044e+01 7.582118e+00)) ((-2.298462e+02 1.271824e+00 -3.518607e-01) (8.670478e-03 -3.899050e-04 -3.708676e-03))
502.1         	((-4.500124e+00 1.583065e+03 1.502356e+03) (9.310063e-03 1.536686e+01 7.577963e+00)) ((-2.285019e+02 1.269197e+00 -3.471279e-01) (2.332554e-03 -3.525968e-04 -3.654310e-03))
502.11        	((-4.489620e+00 1.574948e+03 1.495289e+03) (9.395355e-03 1.533313e+01 7.573830e+00)) ((-2.271652e+02 1.266841e+00 -3.419959e-01) (-3.915511e-03 -3.629989e-04 -3.711818e-03))
502.12        	((-4.477654e+00 1.566878e+03 1.488258e+03) (9.357504e-03 1.529953e+01 7.569464e+00)) ((-2.258366e+02 1.264079e+00 -3.375681e-01) (-1.016128e-02 -3.242803e-04 -3.659578e-03))
502.13        	((-4.466314e+00 1.558855e+03 1.481268e+03) (9.440242e-03 1.526575e+01 7.565109e+00)) ((-2.245140e+02 1.261592e+00 -3.326696e-01) (-1.631698e-02 -3.344216e-04 -3.720051e-03))
502.14        	((-4.453753e+00 1.550877e+03 1.474319e+03) (9.399018e-03 1.523209e+01 7.560532e+00)) ((-2.231992e+02 1.258790e+00 -3.283191e-01) (-2.248368e-02 -2.944051e-04 -3.667462e-03))
502.15        	((-4.442119e+00 1.542944e+03 1.467414e+03) (9.481301e-03 1.519826e+01 7.555997e+00)) ((-2.218912e+02 1.256386e+00 -3.233515e-01) (-2.857120e-02 -3.024145e-04 -3.730627e-03))
502.16        	((-4.429399e+00 1.535054e+03 1.460550e+03) (9.434928e-03 1.516456e+01 7.551207e+00)) ((-2.205922e+02 1.253728e+00 -3.189102e-01) (-3.466079e-02 -2.559091e-04 -3.682474e-03))
502.17        	((-4.417510e+00 1.527218e+03 1.453746e+03) (9.519430e-03 1.513063e+01 7.546390e+00)) ((-2.192961e+02 1.251463e+00 -3.138985e-01) (-4.065354e-02 -2.627455e-04 -3.748580e-03))
502.18        	((-4.404294e+00 1.519416e+03 1.446964e+03) (9.477640e-03 1.509681e+01 7.541308e+00)) ((-2.180135e+02 1.248864e+00 -3.094808e-01) (-4.665092e-02 -2.163928e-04 -3.698437e-03))
502.19        	((-4.391857e+00 1.511666e+03 1.440236e+03) (9.564676e-03 1.506274e+01 7.536206e+00)) ((-2.167354e+02 1.246613e+00 -3.044654e-01) (-5.257540e-02 -2.248169e-04 -3.768060e-03))
502.2         	((-4.378296e+00 1.503949e+03 1.433526e+03) (9.523075e-03 1.502878e+01 7.530837e+00)) ((-2.154699e+02 1.243994e+00 -3.001108e-01) (-5.852157e-02 -1.811026e-04 -3.714995e-03))
502.21        	((-4.365941e+00 1.496288e+03 1.426875e+03) (9.609471e-03 1.499460e+01 7.525484e+00)) ((-2.142059e+02 1.241715e+00 -2.952168e-01) (-6.438706e-02 -1.905690e-04 -3.783790e-03))
502.22        	((-4.352859e+00 1.488664e+03 1.420244e+03) (9.561482e-03 1.496054e+01 7.519884e+00)) ((-2.129533e+02 1.239098e+00 -2.909093e-01) (-7.025483e-02 -1.459670e-04 -3.729497e-03))
502.23        	((-4.341106e+00 1.481094e+03 1.413668e+03) (9.648609e-03 1.492627e+01 7.514310e+00)) ((-2.117034e+02 1.236864e+00 -2.860169e-01) (-7.601292e-02 -1.539598e-04 -3.803861e-03))
502.24        	((-4.328457e+00 1.473555e+03 1.407107e+03) (9.597290e-03 1.489213e+01 7.508472e+00)) ((-2.104673e+02 1.234279e+00 -2.817878e-01) (-8.175436e-02 -1.069779e-04 -3.755650e-03))
502.25        	((-4.317066e+00 1.466064e+03 1.400598e+03) (9.681137e-03 1.485775e+01 7.502633e+00)) ((-2.092361e+02 1.232035e+00 -2.770587e-01) (-8.735622e-02 -1.152133e-04 -3.835484e-03))
502.26        	((-4.304705e+00 1.458601e+03 1.394103e+03) (9.632362e-03 1.482350e+01 7.496519e+00)) ((-2.080195e+02 1.229356e+00 -2.730487e-01) (-9.292080e-02 -6.996668e-05 -3.785615e-03))
502.27        	((-4.293466e+00 1.451188e+03 1.387663e+03) (9.728260e-03 1.478903e+01 7.490446e+00)) ((-2.068061e+02 1.226939e+00 -2.685678e-01) (-9.835592e-02 -8.333893e-05 -3.862511e-03))
502.28        	((-4.281093e+00 1.443808e+03 1.381239e+03) (9.689802e-03 1.475474e+01 7.484141e+00)) ((-2.056049e+02 1.224054e+00 -2.648338e-01) (-1.037699e-01 -3.910435e-05 -3.809601e-03))
502.29        	((-4.269809e+00 1.436482e+03 1.374872e+03) (9.796100e-03 1.472025e+01 7.477882e+00)) ((-2.044054e+02 1.221489e+00 -2.606102e-01) (-1.090546e-01 -5.566706e-05 -3.885938e-03))
502.3         	((-4.257396e+00 1.429191e+03 1.368522e+03) (9.764000e-03 1.468596e+01 7.471403e+00)) ((-2.032176e+02 1.218530e+00 -2.571031e-01) (-1.143225e-01 -1.530131e-05 -3.828969e-03))
502.31        	((-4.246165e+00 1.421952e+03 1.362228e+03) (9.872271e-03 1.465145e+01 7.464981e+00)) ((-2.020320e+02 1.215951e+00 -2.530051e-01) (-1.194611e-01 -3.266677e-05 -3.905710e-03))
502.32        	((-4.233848e+00 1.414746e+03 1.355952e+03) (9.839331e-03 1.461710e+01 7.458316e+00)) ((-2.008588e+02 1.212983e+00 -2.495843e-01) (-1.245814e-01 6.702865e-06 -3.845390e-03))
502.33        	((-4.222651e+00 1.407593e+03 1.349733e+03) (9.957623e-03 1.458251e+01 7.451696e+00)) ((-1.996878e+02 1.210387e+00 -2.456047e-01) (-1.295707e-01 -1.290504e-05 -3.918791e-03))
502.34        	((-4.210178e+00 1.400472e+03 1.343534e+03) (9.924101e-03 1.454808e+01 7.444817e+00)) ((-1.985288e+02 1.207396e+00 -2.423276e-01) (-1.345361e-01 2.648235e-05 -3.855093e-03))
502.35        	((-4.198704e+00 1.393406e+03 1.337393e+03) (1.003785e-02 1.451341e+01 7.437980e+00)) ((-1.973716e+02 1.204775e+00 -2.384564e-01) (-1.393917e-01 -3.266930e-07 -3.923487e-03))
502.36        	((-4.185964e+00 1.386373e+03 1.331269e+03) (9.998414e-03 1.447893e+01 7.430906e+00)) ((-1.962261e+02 1.201758e+00 -2.352643e-01) (-1.442509e-01 3.200675e-05 -3.854424e-03))
502.37        	((-4.174491e+00 1.379393e+03 1.325198e+03) (1.010405e-02 1.444422e+01 7.423878e+00)) ((-1.950825e+02 1.199139e+00 -2.314184e-01) (-1.489856e-01 3.730334e-06 -3.927587e-03))
502.38        	((-4.161952e+00 1.372444e+03 1.319140e+03) (1.005446e-02 1.440969e+01 7.416596e+00)) ((-1.939513e+02 1.196122e+00 -2.282597e-01) (-1.537067e-01 4.189851e-05 -3.860368e-03))
502.39        	((-4.150735e+00 1.365545e+03 1.313131e+03) (1.016072e-02 1.437496e+01 7.409396e+00)) ((-1.928227e+02 1.193496e+00 -2.245063e-01) (-1.583128e-01 1.979381e-05 -3.932387e-03))
502.4         	((-4.138415e+00 1.358675e+03 1.307135e+03) (1.011026e-02 1.434045e+01 7.401974e+00)) ((-1.917068e+02 1.190445e+00 -2.215250e-01) (-1.629223e-01 5.950068e-05 -3.861174e-03))
502.41        	((-4.127380e+00 1.351855e+03 1.301191e+03) (1.022091e-02 1.430571e+01 7.394611e+00)) ((-1.905935e+02 1.187780e+00 -2.179650e-01) (-1.674229e-01 2.129522e-05 -3.923743e-03))
502.42        	((-4.115108e+00 1.345063e+03 1.295260e+03) (1.017572e-02 1.427110e+01 7.386925e+00)) ((-1.894929e+02 1.184670e+00 -2.151658e-01) (-1.719025e-01 4.150079e-05 -3.839832e-03))
502.43        	((-4.104132e+00 1.338318e+03 1.289381e+03) (1.028677e-02 1.423622e+01 7.379238e+00)) ((-1.883952e+02 1.181956e+00 -2.117514e-01) (-1.762312e-01 -7.610900e-06 -3.897766e-03))
502.44        	((-4.092070e+00 1.331606e+03 1.283528e+03) (1.023831e-02 1.420150e+01 7.371250e+00)) ((-1.873075e+02 1.178827e+00 -2.090863e-01) (-1.805247e-01 1.512323e-05 -3.811766e-03))
502.45        	((-4.081458e+00 1.324931e+03 1.277710e+03) (1.034596e-02 1.416653e+01 7.363281e+00)) ((-1.862266e+02 1.176062e+00 -2.057990e-01) (-1.846679e-01 -1.638707e-05 -3.876422e-03))
502.46        	((-4.069654e+00 1.318291e+03 1.271919e+03) (1.029181e-02 1.413172e+01 7.355021e+00)) ((-1.851554e+02 1.172785e+00 -2.033224e-01) (-1.887842e-01 2.063821e-05 -3.793858e-03))
502.47        	((-4.059158e+00 1.311689e+03 1.266163e+03) (1.040051e-02 1.409667e+01 7.346795e+00)) ((-1.840897e+02 1.169881e+00 -2.002636e-01) (-1.927610e-01 -5.763873e-06 -3.861105e-03))
502.48        	((-4.047300e+00 1.305127e+03 1.260444e+03) (1.034293e-02 1.406182e+01 7.338301e+00)) ((-1.830308e+02 1.166529e+00 -1.980164e-01) (-1.967226e-01 3.282155e-05 -3.779207e-03))
502.49        	((-4.036632e+00 1.298606e+03 1.254766e+03) (1.044896e-02 1.402675e+01 7.329857e+00)) ((-1.819761e+02 1.163593e+00 -1.951373e-01) (-2.005351e-01 5.147633e-06 -3.847333e-03))
502.5         	((-4.024570e+00 1.292125e+03 1.249126e+03) (1.039142e-02 1.399188e+01 7.321150e+00)) ((-1.809284e+02 1.160209e+00 -1.930149e-01) (-2.043309e-01 4.201974e-05 -3.761634e-03))
502.51        	((-4.013782e+00 1.285680e+03 1.243524e+03) (1.049901e-02 1.395676e+01 7.312473e+00)) ((-1.798866e+02 1.157258e+00 -1.901720e-01) (-2.079596e-01 1.134063e-05 -3.826568e-03))
502.52        	((-4.001657e+00 1.279272e+03 1.237957e+03) (1.044025e-02 1.392181e+01 7.303487e+00)) ((-1.788530e+02 1.153897e+00 -1.880199e-01) (-2.115468e-01 5.053147e-05 -3.738801e-03))
502.53        	((-3.990838e+00 1.272903e+03 1.232427e+03) (1.055105e-02 1.388657e+01 7.294533e+00)) ((-1.778248e+02 1.151011e+00 -1.851244e-01) (-2.149884e-01 2.418246e-05 -3.806105e-03))
502.54        	((-3.978659e+00 1.266572e+03 1.226931e+03) (1.049223e-02 1.385151e+01 7.285305e+00)) ((-1.768037e+02 1.147720e+00 -1.829759e-01) (-2.184186e-01 6.643145e-05 -3.718579e-03))
502.55        	((-3.967817e+00 1.260280e+03 1.221471e+03) (1.060299e-02 1.381624e+01 7.276175e+00)) ((-1.757870e+02 1.144897e+00 -1.801336e-01) (-2.217248e-01 4.076713e-05 -3.786597e-03))
502.56        	((-3.955680e+00 1.254025e+03 1.216043e+03) (1.054278e-02 1.378118e+01 7.266786e+00)) ((-1.747777e+02 1.141653e+00 -1.780378e-01) (-2.250303e-01 8.570240e-05 -3.701209e-03))
502.57        	((-3.944985e+00 1.247806e+03 1.210648e+03) (1.065403e-02 1.374587e+01 7.257468e+00)) ((-1.737735e+02 1.138875e+00 -1.752109e-01) (-2.282162e-01 6.245420e-05 -3.776067e-03))
502.58        	((-3.932986e+00 1.241624e+03 1.205285e+03) (1.059348e-02 1.371077e+01 7.247892e+00)) ((-1.727769e+02 1.135715e+00 -1.731554e-01) (-2.314175e-01 1.107940e-04 -3.693060e-03))
502.59        	((-3.922410e+00 1.235480e+03 1.199956e+03) (1.070429e-02 1.367543e+01 7.238410e+00)) ((-1.717852e+02 1.133049e+00 -1.703909e-01) (-2.345081e-01 9.104344e-05 -3.770703e-03))
502.6         	((-3.910541e+00 1.229372e+03 1.194657e+03) (1.064140e-02 1.364031e+01 7.228676e+00)) ((-1.708010e+02 1.129923e+00 -1.684221e-01) (-2.376097e-01 1.396375e-04 -3.687827e-03))
502.61        	((-3.900222e+00 1.223300e+03 1.189390e+03) (1.075443e-02 1.360499e+01 7.219057e+00)) ((-1.698220e+02 1.127236e+00 -1.657436e-01) (-2.406043e-01 1.160267e-04 -3.765039e-03))
502.62        	((-3.888742e+00 1.217262e+03 1.184151e+03) (1.069343e-02 1.356992e+01 7.209217e+00)) ((-1.688510e+02 1.124119e+00 -1.638929e-01) (-2.436285e-01 1.637702e-04 -3.681549e-03))
502.63        	((-3.878884e+00 1.211260e+03 1.178943e+03) (1.081099e-02 1.353465e+01 7.199498e+00)) ((-1.678850e+02 1.121488e+00 -1.613564e-01) (-2.465435e-01 1.402366e-04 -3.761056e-03))
502.64        	((-3.867784e+00 1.205293e+03 1.173763e+03) (1.075356e-02 1.349963e+01 7.189563e+00)) ((-1.669263e+02 1.118385e+00 -1.596686e-01) (-2.494883e-01 1.895815e-04 -3.678343e-03))
502.65        	((-3.858297e+00 1.199363e+03 1.168615e+03) (1.087836e-02 1.346442e+01 7.179771e+00)) ((-1.659719e+02 1.115780e+00 -1.572801e-01) (-2.523223e-01 1.673547e-04 -3.758520e-03))
502.66        	((-3.847557e+00 1.193469e+03 1.163496e+03) (1.082571e-02 1.342949e+01 7.169777e+00)) ((-1.650246e+02 1.112742e+00 -1.556607e-01) (-2.551774e-01 2.164845e-04 -3.671747e-03))
502.67        	((-3.838413e+00 1.187611e+03 1.158409e+03) (1.095441e-02 1.339434e+01 7.159912e+00)) ((-1.640819e+02 1.110155e+00 -1.532516e-01) (-2.579092e-01 1.918732e-04 -3.748587e-03))
502.68        	((-3.828105e+00 1.181788e+03 1.153350e+03) (1.090395e-02 1.335945e+01 7.149813e+00)) ((-1.631465e+02 1.107105e+00 -1.516250e-01) (-2.606357e-01 2.392474e-04 -3.658279e-03))
502.69        	((-3.819466e+00 1.176000e+03 1.148322e+03) (1.103478e-02 1.332435e+01 7.139825e+00)) ((-1.622159e+02 1.104537e+00 -1.492273e-01) (-2.632276e-01 2.152413e-04 -3.735809e-03))
502.7         	((-3.809661e+00 1.170244e+03 1.143321e+03) (1.097978e-02 1.328949e+01 7.129571e+00)) ((-1.612931e+02 1.101527e+00 -1.476103e-01) (-2.658187e-01 2.646515e-04 -3.649594e-03))
502.71        	((-3.801382e+00 1.164520e+03 1.138348e+03) (1.110593e-02 1.325439e+01 7.119420e+00)) ((-1.603757e+02 1.099018e+00 -1.452114e-01) (-2.682788e-01 2.390585e-04 -3.731022e-03))
502.72        	((-3.791627e+00 1.158827e+03 1.133402e+03) (1.104860e-02 1.321952e+01 7.109010e+00)) ((-1.594659e+02 1.096083e+00 -1.435629e-01) (-2.707663e-01 2.867396e-04 -3.646296e-03))
502.73        	((-3.783162e+00 1.153169e+03 1.128489e+03) (1.117590e-02 1.318444e+01 7.098733e+00)) ((-1.585601e+02 1.093715e+00 -1.411150e-01) (-2.731531e-01 2.571189e-04 -3.728295e-03))
502.74        	((-3.773113e+00 1.147546e+03 1.123605e+03) (1.112003e-02 1.314962e+01 7.088197e+00)) ((-1.576606e+02 1.091011e+00 -1.393832e-01) (-2.755484e-01 3.010124e-04 -3.641231e-03))
502.75        	((-3.764421e+00 1.141958e+03 1.118754e+03) (1.124727e-02 1.311455e+01 7.077777e+00)) ((-1.567648e+02 1.088835e+00 -1.367937e-01) (-2.778331e-01 2.712312e-04 -3.723381e-03))
502.76        	((-3.754377e+00 1.136404e+03 1.113934e+03) (1.118878e-02 1.307974e+01 7.067103e+00)) ((-1.558758e+02 1.086169e+00 -1.348763e-01) (-2.801381e-01 3.149730e-04 -3.636626e-03))
502.77        	((-3.745828e+00 1.130884e+03 1.109146e+03) (1.131395e-02 1.304469e+01 7.056550e+00)) ((-1.549909e+02 1.083906e+00 -1.322126e-01) (-2.823219e-01 2.848791e-04 -3.719123e-03))
502.78        	((-3.735944e+00 1.125397e+03 1.104385e+03) (1.125406e-02 1.300994e+01 7.045755e+00)) ((-1.541131e+02 1.081186e+00 -1.303253e-01) (-2.845211e-01 3.272293e-04 -3.631100e-03))
502.79        	((-3.727385e+00 1.119944e+03 1.099656e+03) (1.137889e-02 1.297498e+01 7.035100e+00)) ((-1.532392e+02 1.078979e+00 -1.277176e-01) (-2.865878e-01 2.965052e-04 -3.711932e-03))
502.8         	((-3.717288e+00 1.114524e+03 1.094953e+03) (1.131899e-02 1.294030e+01 7.024197e+00)) ((-1.523720e+02 1.076327e+00 -1.258079e-01) (-2.886576e-01 3.399169e-04 -3.625731e-03))
502.81        	((-3.708392e+00 1.109136e+03 1.090281e+03) (1.143846e-02 1.290541e+01 7.013441e+00)) ((-1.515091e+02 1.074129e+00 -1.231778e-01) (-2.905961e-01 3.101469e-04 -3.707105e-03))
502.82        	((-3.698188e+00 1.103781e+03 1.085635e+03) (1.137825e-02 1.287083e+01 7.002450e+00)) ((-1.506527e+02 1.071512e+00 -1.213532e-01) (-2.925531e-01 3.527286e-04 -3.622595e-03))
502.83        	((-3.689323e+00 1.098458e+03 1.081018e+03) (1.149674e-02 1.283601e+01 6.991603e+00)) ((-1.497997e+02 1.069341e+00 -1.189816e-01) (-2.943665e-01 3.230926e-04 -3.700779e-03))
502.84        	((-3.679246e+00 1.093168e+03 1.076427e+03) (1.144042e-02 1.280151e+01 6.980486e+00)) ((-1.489535e+02 1.066799e+00 -1.173218e-01) (-2.961983e-01 3.655399e-04 -3.619644e-03))
502.85        	((-3.670341e+00 1.087910e+03 1.071863e+03) (1.155724e-02 1.276676e+01 6.969534e+00)) ((-1.481111e+02 1.064665e+00 -1.150952e-01) (-2.979077e-01 3.394891e-04 -3.695182e-03))
502.86        	((-3.660345e+00 1.082684e+03 1.067324e+03) (1.150921e-02 1.273230e+01 6.958290e+00)) ((-1.472758e+02 1.062190e+00 -1.133957e-01) (-2.996389e-01 3.809413e-04 -3.616943e-03))
502.87        	((-3.651398e+00 1.077489e+03 1.062813e+03) (1.162298e-02 1.269752e+01 6.947191e+00)) ((-1.464441e+02 1.060043e+00 -1.112045e-01) (-3.012333e-01 3.581888e-04 -3.689939e-03))
502.88        	((-3.641558e+00 1.072325e+03 1.058325e+03) (1.158018e-02 1.266307e+01 6.935807e+00)) ((-1.456193e+02 1.057570e+00 -1.095062e-01) (-3.028606e-01 3.967889e-04 -3.618244e-03))
502.89        	((-3.632858e+00 1.067193e+03 1.053864e+03) (1.168646e-02 1.262833e+01 6.924617e+00)) ((-1.447980e+02 1.055400e+00 -1.073793e-01) (-3.043565e-01 3.755948e-04 -3.688852e-03))
502.9         	((-3.623275e+00 1.062091e+03 1.049427e+03) (1.164245e-02 1.259393e+01 6.913142e+00)) ((-1.439838e+02 1.052889e+00 -1.058155e-01) (-3.059019e-01 4.154529e-04 -3.622371e-03))
502.91        	((-3.614916e+00 1.057020e+03 1.045017e+03) (1.174813e-02 1.255925e+01 6.901887e+00)) ((-1.431728e+02 1.050709e+00 -1.037753e-01) (-3.073274e-01 3.942216e-04 -3.690867e-03))
502.92        	((-3.605662e+00 1.051980e+03 1.040629e+03) (1.170705e-02 1.252495e+01 6.890380e+00)) ((-1.423689e+02 1.048227e+00 -1.022085e-01) (-3.088209e-01 4.331668e-04 -3.624497e-03))
502.93        	((-3.597553e+00 1.046972e+03 1.036267e+03) (1.181209e-02 1.249040e+01 6.879104e+00)) ((-1.415680e+02 1.046110e+00 -1.001673e-01) (-3.102022e-01 4.124865e-04 -3.692879e-03))
502.94        	((-3.588617e+00 1.041993e+03 1.031929e+03) (1.177246e-02 1.245623e+01 6.867555e+00)) ((-1.407738e+02 1.043687e+00 -9.865994e-02) (-3.116434e-01 4.516470e-04 -3.628383e-03))
502.95        	((-3.580848e+00 1.037046e+03 1.027617e+03) (1.187743e-02 1.242176e+01 6.856199e+00)) ((-1.399826e+02 1.041551e+00 -9.669370e-02) (-3.129538e-01 4.327870e-04 -3.697254e-03))
502.96        	((-3.572439e+00 1.032127e+03 1.023328e+03) (1.184080e-02 1.238762e+01 6.844516e+00)) ((-1.391983e+02 1.039099e+00 -9.514583e-02) (-3.143089e-01 4.696540e-04 -3.633183e-03))
502.97        	((-3.565079e+00 1.027239e+03 1.019065e+03) (1.194437e-02 1.235315e+01 6.833019e+00)) ((-1.384172e+02 1.036966e+00 -9.315836e-02) (-3.155226e-01 4.484513e-04 -3.698735e-03))
502.98        	((-3.556644e+00 1.022379e+03 1.014824e+03) (1.190830e-02 1.231906e+01 6.821215e+00)) ((-1.376438e+02 1.034591e+00 -9.149863e-02) (-3.167843e-01 4.829117e-04 -3.633731e-03))
502.99        	((-3.548779e+00 1.017521e+03 1.010483e+03) (1.201794e-02 1.228466e+01 6.809615e+00)) ((-1.369048e+02 1.032743e+00 -8.941270e-02) (-3.179060e-01 4.620463e-04 -3.699558e-03))
503           	((-3.540364e+00 1.012709e+03 1.006195e+03) (1.198559e-02 1.225063e+01 6.797705e+00)) ((-1.361638e+02 1.030530e+00 -8.807913e-02) (-3.190779e-01 4.965940e-04 -3.636843e-03))
503.01        	((-3.533727e+00 1.007947e+03 1.002016e+03) (1.208663e-02 1.221628e+01 6.786017e+00)) ((-1.353969e+02 1.028405e+00 -8.644393e-02) (-3.201043e-01 4.761995e-04 -3.700599e-03))
503.02        	((-3.527107e+00 1.003217e+03 9.979053e+02) (1.204975e-02 1.218232e+01 6.774039e+00)) ((-1.346210e+02 1.025913e+00 -8.510702e-02) (-3.211801e-01 5.088435e-04 -3.637029e-03))
503.03        	((-3.522089e+00 9.985080e+02 9.938170e+02) (1.214703e-02 1.214805e+01 6.762300e+00)) ((-1.338536e+02 1.023743e+00 -8.321457e-02) (-3.220997e-01 4.864690e-04 -3.697071e-03))
503.04        	((-3.516153e+00 9.938211e+02 9.897301e+02) (1.211082e-02 1.211418e+01 6.750260e+00)) ((-1.331083e+02 1.021407e+00 -8.170254e-02) (-3.230623e-01 5.177756e-04 -3.633476e-03))
503.05        	((-3.510556e+00 9.891625e+02 9.856548e+02) (1.220750e-02 1.207999e+01 6.738434e+00)) ((-1.323738e+02 1.019363e+00 -7.988113e-02) (-3.238477e-01 4.966644e-04 -3.692477e-03))
503.06        	((-3.503463e+00 9.845327e+02 9.815942e+02) (1.217176e-02 1.204619e+01 6.726282e+00)) ((-1.316441e+02 1.016982e+00 -7.863420e-02) (-3.246648e-01 5.289891e-04 -3.631463e-03))
503.07        	((-3.496953e+00 9.799311e+02 9.775614e+02) (1.226584e-02 1.201209e+01 6.714371e+00)) ((-1.309094e+02 1.014875e+00 -7.700573e-02) (-3.253275e-01 5.096709e-04 -3.691753e-03))
503.08        	((-3.490140e+00 9.753539e+02 9.735528e+02) (1.222922e-02 1.197840e+01 6.702140e+00)) ((-1.301770e+02 1.012578e+00 -7.561096e-02) (-3.260411e-01 5.416417e-04 -3.632115e-03))
503.09        	((-3.484822e+00 9.708027e+02 9.695704e+02) (1.231943e-02 1.194438e+01 6.690154e+00)) ((-1.294495e+02 1.010552e+00 -7.382397e-02) (-3.265915e-01 5.215376e-04 -3.690346e-03))
503.1         	((-3.478907e+00 9.662771e+02 9.656090e+02) (1.228174e-02 1.191080e+01 6.677855e+00)) ((-1.287333e+02 1.008273e+00 -7.238587e-02) (-3.271851e-01 5.525581e-04 -3.629967e-03))
503.11        	((-3.473076e+00 9.617788e+02 9.616719e+02) (1.236986e-02 1.187690e+01 6.665810e+00)) ((-1.280216e+02 1.006236e+00 -7.050727e-02) (-3.276264e-01 5.327044e-04 -3.686110e-03))
503.12        	((-3.466210e+00 9.573072e+02 9.577538e+02) (1.233195e-02 1.184345e+01 6.653471e+00)) ((-1.273153e+02 1.003998e+00 -6.903689e-02) (-3.281369e-01 5.636299e-04 -3.626693e-03))
503.13        	((-3.460185e+00 9.528633e+02 9.538610e+02) (1.241770e-02 1.180971e+01 6.641405e+00)) ((-1.266094e+02 1.002102e+00 -6.718459e-02) (-3.285029e-01 5.445979e-04 -3.682882e-03))
503.14        	((-3.453490e+00 9.484437e+02 9.499870e+02) (1.238054e-02 1.177641e+01 6.629037e+00)) ((-1.259085e+02 9.999905e-01 -6.567299e-02) (-3.289341e-01 5.751693e-04 -3.624628e-03))
503.15        	((-3.447306e+00 9.440499e+02 9.461390e+02) (1.246617e-02 1.174282e+01 6.616956e+00)) ((-1.252105e+02 9.981503e-01 -6.368521e-02) (-3.292181e-01 5.566729e-04 -3.679722e-03))
503.16        	((-3.439855e+00 9.396818e+02 9.423120e+02) (1.243087e-02 1.170970e+01 6.604581e+00)) ((-1.245200e+02 9.960612e-01 -6.198608e-02) (-3.295724e-01 5.889818e-04 -3.624352e-03))
503.17        	((-3.432439e+00 9.353402e+02 9.385106e+02) (1.251653e-02 1.167627e+01 6.592483e+00)) ((-1.238327e+02 9.942005e-01 -5.993319e-02) (-3.297706e-01 5.725557e-04 -3.680081e-03))
503.18        	((-3.423938e+00 9.310233e+02 9.347282e+02) (1.248362e-02 1.164331e+01 6.580078e+00)) ((-1.231522e+02 9.921300e-01 -5.819683e-02) (-3.300425e-01 6.033260e-04 -3.624233e-03))
503.19        	((-3.416206e+00 9.267329e+02 9.309699e+02) (1.256950e-02 1.161004e+01 6.567969e+00)) ((-1.224729e+02 9.903197e-01 -5.615350e-02) (-3.301797e-01 5.865984e-04 -3.679429e-03))
503.2         	((-3.408019e+00 9.224674e+02 9.272303e+02) (1.253654e-02 1.157727e+01 6.555575e+00)) ((-1.217991e+02 9.883625e-01 -5.444789e-02) (-3.304065e-01 6.177155e-04 -3.625907e-03))
503.21        	((-3.400769e+00 9.182285e+02 9.235149e+02) (1.261992e-02 1.154420e+01 6.543488e+00)) ((-1.211266e+02 9.866492e-01 -5.249522e-02) (-3.305073e-01 6.017310e-04 -3.680695e-03))
503.22        	((-3.392906e+00 9.140140e+02 9.198177e+02) (1.258740e-02 1.151163e+01 6.531115e+00)) ((-1.204607e+02 9.847724e-01 -5.086026e-02) (-3.307031e-01 6.316163e-04 -3.626497e-03))
503.23        	((-3.385619e+00 9.098249e+02 9.161436e+02) (1.267003e-02 1.147876e+01 6.519050e+00)) ((-1.197971e+02 9.831463e-01 -4.899140e-02) (-3.307625e-01 6.145844e-04 -3.677491e-03))
503.24        	((-3.377502e+00 9.056590e+02 9.124866e+02) (1.263876e-02 1.144638e+01 6.506690e+00)) ((-1.191406e+02 9.813418e-01 -4.746595e-02) (-3.309117e-01 6.439995e-04 -3.623268e-03))
503.25        	((-3.369898e+00 9.015179e+02 9.088520e+02) (1.271973e-02 1.141369e+01 6.494642e+00)) ((-1.184859e+02 9.797381e-01 -4.574660e-02) (-3.309360e-01 6.289934e-04 -3.675855e-03))
503.26        	((-3.361642e+00 8.974003e+02 9.052340e+02) (1.268982e-02 1.138151e+01 6.482300e+00)) ((-1.178375e+02 9.779336e-01 -4.429248e-02) (-3.310559e-01 6.571853e-04 -3.621598e-03))
503.27        	((-3.354038e+00 8.933079e+02 9.016382e+02) (1.277213e-02 1.134902e+01 6.470279e+00)) ((-1.171904e+02 9.763415e-01 -4.248483e-02) (-3.310451e-01 6.393994e-04 -3.669877e-03))
503.28        	((-3.345743e+00 8.892386e+02 8.980586e+02) (1.274446e-02 1.131703e+01 6.457960e+00)) ((-1.165497e+02 9.745396e-01 -4.085190e-02) (-3.311229e-01 6.642710e-04 -3.614533e-03))
503.29        	((-3.337982e+00 8.851936e+02 8.945007e+02) (1.282631e-02 1.128473e+01 6.445967e+00)) ((-1.159107e+02 9.728520e-01 -3.896982e-02) (-3.310615e-01 6.442592e-04 -3.661018e-03))
503.3         	((-3.329543e+00 8.811707e+02 8.909589e+02) (1.279961e-02 1.125295e+01 6.433676e+00)) ((-1.152784e+02 9.709028e-01 -3.734953e-02) (-3.310882e-01 6.682773e-04 -3.607619e-03))
503.31        	((-3.321718e+00 8.771714e+02 8.874391e+02) (1.288058e-02 1.122084e+01 6.421714e+00)) ((-1.146478e+02 9.691094e-01 -3.551459e-02) (-3.309727e-01 6.493156e-04 -3.655298e-03))
503.32        	((-3.313358e+00 8.731939e+02 8.839353e+02) (1.285583e-02 1.118925e+01 6.409459e+00)) ((-1.140237e+02 9.671718e-01 -3.392355e-02) (-3.309501e-01 6.731527e-04 -3.604201e-03))
503.33        	((-3.305500e+00 8.692393e+02 8.804535e+02) (1.293832e-02 1.115733e+01 6.397539e+00)) ((-1.134012e+02 9.654386e-01 -3.217324e-02) (-3.307964e-01 6.550767e-04 -3.653675e-03))
503.34        	((-3.297121e+00 8.653049e+02 8.769880e+02) (1.291590e-02 1.112594e+01 6.385324e+00)) ((-1.127855e+02 9.635624e-01 -3.068569e-02) (-3.307461e-01 6.794935e-04 -3.605517e-03))
503.35        	((-3.289626e+00 8.613915e+02 8.735453e+02) (1.299636e-02 1.109423e+01 6.373447e+00)) ((-1.121716e+02 9.619250e-01 -2.902785e-02) (-3.305673e-01 6.642544e-04 -3.656584e-03))
503.36        	((-3.282129e+00 8.574971e+02 8.701200e+02) (1.297136e-02 1.106302e+01 6.361268e+00)) ((-1.115645e+02 9.602218e-01 -2.763191e-02) (-3.304966e-01 6.921688e-04 -3.612153e-03))
503.37        	((-3.275755e+00 8.536248e+02 8.667185e+02) (1.304807e-02 1.103148e+01 6.349426e+00)) ((-1.109589e+02 9.587453e-01 -2.610607e-02) (-3.303052e-01 6.787455e-04 -3.663257e-03))
503.38        	((-3.269075e+00 8.497730e+02 8.633342e+02) (1.302332e-02 1.100046e+01 6.337284e+00)) ((-1.103601e+02 9.571153e-01 -2.482166e-02) (-3.302234e-01 7.052108e-04 -3.617245e-03))
503.39        	((-3.262933e+00 8.459428e+02 8.599715e+02) (1.310084e-02 1.096910e+01 6.325483e+00)) ((-1.097626e+02 9.555849e-01 -2.333431e-02) (-3.300107e-01 6.900454e-04 -3.665123e-03))
503.4         	((-3.256104e+00 8.421331e+02 8.566249e+02) (1.307879e-02 1.093827e+01 6.313390e+00)) ((-1.091712e+02 9.538648e-01 -2.193596e-02) (-3.299058e-01 7.146789e-04 -3.618310e-03))
503.41        	((-3.249539e+00 8.383485e+02 8.533019e+02) (1.315528e-02 1.090711e+01 6.301649e+00)) ((-1.085797e+02 9.522882e-01 -2.026317e-02) (-3.296774e-01 6.998912e-04 -3.666870e-03))
503.42        	((-3.242314e+00 8.345899e+02 8.499977e+02) (1.313270e-02 1.087647e+01 6.289612e+00)) ((-1.079923e+02 9.505647e-01 -1.877166e-02) (-3.295610e-01 7.244092e-04 -3.623346e-03))
503.43        	((-3.235202e+00 8.308607e+02 8.467193e+02) (1.320824e-02 1.084550e+01 6.277934e+00)) ((-1.074038e+02 9.489721e-01 -1.712072e-02) (-3.293228e-01 7.093228e-04 -3.671344e-03))
503.44        	((-3.227362e+00 8.271560e+02 8.434586e+02) (1.318608e-02 1.081506e+01 6.265958e+00)) ((-1.068204e+02 9.471969e-01 -1.566317e-02) (-3.291961e-01 7.343732e-04 -3.629155e-03))
503.45        	((-3.219823e+00 8.234732e+02 8.402190e+02) (1.326180e-02 1.078426e+01 6.254330e+00)) ((-1.062382e+02 9.455545e-01 -1.401859e-02) (-3.289425e-01 7.199419e-04 -3.676054e-03))
503.46        	((-3.211549e+00 8.198077e+02 8.369906e+02) (1.324248e-02 1.075400e+01 6.242401e+00)) ((-1.056635e+02 9.438579e-01 -1.243605e-02) (-3.288014e-01 7.428949e-04 -3.631884e-03))
503.47        	((-3.203729e+00 8.161619e+02 8.337781e+02) (1.331940e-02 1.072339e+01 6.230829e+00)) ((-1.050909e+02 9.424019e-01 -1.061465e-02) (-3.285382e-01 7.270634e-04 -3.677125e-03))
503.48        	((-3.196039e+00 8.125360e+02 8.305776e+02) (1.330321e-02 1.069331e+01 6.218952e+00)) ((-1.045246e+02 9.408928e-01 -8.841438e-03) (-3.283880e-01 7.489181e-04 -3.632289e-03))
503.49        	((-3.189677e+00 8.089333e+02 8.273969e+02) (1.338036e-02 1.066287e+01 6.207432e+00)) ((-1.039586e+02 9.395173e-01 -6.860332e-03) (-3.281101e-01 7.331167e-04 -3.676491e-03))
503.5         	((-3.183189e+00 8.053512e+02 8.242293e+02) (1.336425e-02 1.063299e+01 6.195611e+00)) ((-1.033984e+02 9.379826e-01 -5.052437e-03) (-3.279437e-01 7.542177e-04 -3.632888e-03))
503.51        	((-3.177035e+00 8.017906e+02 8.210795e+02) (1.344079e-02 1.060277e+01 6.184157e+00)) ((-1.028391e+02 9.365162e-01 -3.215608e-03) (-3.276471e-01 7.381152e-04 -3.676742e-03))
503.52        	((-3.170355e+00 7.982485e+02 8.179401e+02) (1.342523e-02 1.057311e+01 6.172394e+00)) ((-1.022866e+02 9.349058e-01 -1.657318e-03) (-3.274494e-01 7.592598e-04 -3.635320e-03))
503.53        	((-3.164142e+00 7.947271e+02 8.148177e+02) (1.350029e-02 1.054309e+01 6.160985e+00)) ((-1.017355e+02 9.333831e-01 -1.296039e-04) (-3.271078e-01 7.443331e-04 -3.680817e-03))
503.54        	((-3.157801e+00 7.912247e+02 8.117067e+02) (1.348462e-02 1.051363e+01 6.149260e+00)) ((-1.011909e+02 9.316691e-01 1.127518e-03) (-3.268668e-01 7.653426e-04 -3.640319e-03))
503.55        	((-3.152284e+00 7.877429e+02 8.086144e+02) (1.355795e-02 1.048382e+01 6.137898e+00)) ((-1.006472e+02 9.300485e-01 2.392069e-03) (-3.264902e-01 7.500343e-04 -3.684185e-03))
503.56        	((-3.146786e+00 7.842784e+02 8.055351e+02) (1.354074e-02 1.045458e+01 6.126229e+00)) ((-1.001100e+02 9.282589e-01 3.404869e-03) (-3.262230e-01 7.706193e-04 -3.643876e-03))
503.57        	((-3.142106e+00 7.808328e+02 8.024773e+02) (1.361099e-02 1.042498e+01 6.114930e+00)) ((-9.957366e+01 9.265352e-01 4.403681e-03) (-3.258231e-01 7.559988e-04 -3.687168e-03))
503.58        	((-3.137500e+00 7.774048e+02 7.994348e+02) (1.359174e-02 1.039596e+01 6.103322e+00)) ((-9.904346e+01 9.246651e-01 5.182714e-03) (-3.255351e-01 7.769734e-04 -3.647711e-03))
503.59        	((-3.134153e+00 7.739972e+02 7.964123e+02) (1.365805e-02 1.036659e+01 6.092087e+00)) ((-9.851360e+01 9.228964e-01 5.967387e-03) (-3.251190e-01 7.633917e-04 -3.690646e-03))
503.6         	((-3.131283e+00 7.706071e+02 7.934018e+02) (1.363569e-02 1.033779e+01 6.080547e+00)) ((-9.799015e+01 9.210677e-01 6.658927e-03) (-3.248182e-01 7.847489e-04 -3.651150e-03))
503.61        	((-3.128735e+00 7.672342e+02 7.904136e+02) (1.369778e-02 1.030863e+01 6.069383e+00)) ((-9.746792e+01 9.193614e-01 7.460425e-03) (-3.243879e-01 7.723594e-04 -3.692482e-03))
503.62        	((-3.124921e+00 7.638791e+02 7.874434e+02) (1.367212e-02 1.028005e+01 6.057913e+00)) ((-9.695171e+01 9.175099e-01 8.115799e-03) (-3.240711e-01 7.943235e-04 -3.653298e-03))
503.63        	((-3.120055e+00 7.605502e+02 7.844987e+02) (1.372979e-02 1.025110e+01 6.046827e+00)) ((-9.643386e+01 9.156799e-01 8.762604e-03) (-3.236281e-01 7.824723e-04 -3.694304e-03))
503.64        	((-3.113617e+00 7.572502e+02 7.815725e+02) (1.370227e-02 1.022275e+01 6.035442e+00)) ((-9.591847e+01 9.137277e-01 9.272218e-03) (-3.233015e-01 8.044342e-04 -3.655542e-03))
503.65        	((-3.106376e+00 7.539783e+02 7.786708e+02) (1.375760e-02 1.019403e+01 6.024445e+00)) ((-9.540072e+01 9.119437e-01 9.971893e-03) (-3.228455e-01 7.939842e-04 -3.697087e-03))
503.66        	((-3.097571e+00 7.507252e+02 7.757861e+02) (1.372948e-02 1.016590e+01 6.013144e+00)) ((-9.488862e+01 9.101950e-01 1.078962e-02) (-3.225036e-01 8.171530e-04 -3.660585e-03))
503.67        	((-3.087438e+00 7.474884e+02 7.729233e+02) (1.378483e-02 1.013740e+01 6.002229e+00)) ((-9.437809e+01 9.087343e-01 1.201613e-02) (-3.220310e-01 8.070980e-04 -3.701702e-03))
503.68        	((-3.075003e+00 7.442659e+02 7.700739e+02) (1.375945e-02 1.010948e+01 5.991006e+00)) ((-9.387511e+01 9.073907e-01 1.356779e-02) (-3.216679e-01 8.301082e-04 -3.666074e-03))
503.69        	((-3.060666e+00 7.410627e+02 7.672436e+02) (1.381773e-02 1.008118e+01 5.980166e+00)) ((-9.337298e+01 9.063884e-01 1.567838e-02) (-3.211720e-01 8.212612e-04 -3.707718e-03))
503.7         	((-3.043815e+00 7.378790e+02 7.644250e+02) (1.379824e-02 1.005345e+01 5.969017e+00)) ((-9.287623e+01 9.055721e-01 1.822023e-02) (-3.207902e-01 8.445176e-04 -3.672222e-03))
503.71        	((-3.025510e+00 7.347158e+02 7.616243e+02) (1.386222e-02 1.002534e+01 5.958253e+00)) ((-9.237946e+01 9.051397e-01 2.148951e-02) (-3.202776e-01 8.355859e-04 -3.712141e-03))
503.72        	((-3.005732e+00 7.315684e+02 7.588316e+02) (1.384914e-02 9.997818e+00 5.947182e+00)) ((-9.188959e+01 9.049768e-01 2.525130e-02) (-3.198813e-01 8.595213e-04 -3.677519e-03))
503.73        	((-2.985628e+00 7.284368e+02 7.560504e+02) (1.391985e-02 9.969903e+00 5.936498e+00)) ((-9.140143e+01 9.053454e-01 2.934679e-02) (-3.193587e-01 8.538269e-04 -3.719841e-03))
503.74        	((-2.964654e+00 7.253186e+02 7.532712e+02) (1.391830e-02 9.942567e+00 5.925496e+00)) ((-9.092119e+01 9.058285e-01 3.369996e-02) (-3.189553e-01 8.779480e-04 -3.686628e-03))
503.75        	((-2.943942e+00 7.222173e+02 7.505020e+02) (1.399831e-02 9.914836e+00 5.914882e+00)) ((-9.044252e+01 9.066656e-01 3.834475e-02) (-3.184274e-01 8.704220e-04 -3.728439e-03))
503.76        	((-2.923416e+00 7.191341e+02 7.477392e+02) (1.400458e-02 9.887687e+00 5.903951e+00)) ((-8.996977e+01 9.074750e-01 4.305976e-02) (-3.180221e-01 8.950932e-04 -3.698706e-03))
503.77        	((-2.903712e+00 7.160713e+02 7.449935e+02) (1.409035e-02 9.860134e+00 5.893405e+00)) ((-8.949646e+01 9.083054e-01 4.793996e-02) (-3.174964e-01 8.903165e-04 -3.744331e-03))
503.78        	((-2.883489e+00 7.130424e+02 7.423357e+02) (1.409645e-02 9.833160e+00 5.882549e+00)) ((-8.900895e+01 9.090140e-01 5.284938e-02) (-3.170925e-01 9.177738e-04 -3.720338e-03))
503.79        	((-2.863330e+00 7.100213e+02 7.396752e+02) (1.417966e-02 9.805776e+00 5.872077e+00)) ((-8.852785e+01 9.098458e-01 5.749385e-02) (-3.165697e-01 9.180392e-04 -3.774319e-03))
503.8         	((-2.842856e+00 7.070109e+02 7.369730e+02) (1.418848e-02 9.778963e+00 5.861267e+00)) ((-8.807059e+01 9.106203e-01 6.143721e-02) (-3.161782e-01 9.516713e-04 -3.763504e-03))
503.81        	((-2.825368e+00 7.040133e+02 7.341839e+02) (1.428518e-02 9.751754e+00 5.850823e+00)) ((-8.763963e+01 9.104895e-01 6.479113e-02) (-3.156710e-01 9.496413e-04 -3.815059e-03))
503.82        	((-2.817900e+00 7.010721e+02 7.315044e+02) (1.433165e-02 9.725227e+00 5.840102e+00)) ((-8.718228e+01 9.068588e-01 6.686219e-02) (-3.152703e-01 9.455781e-04 -3.744295e-03))
503.83        	((-2.821838e+00 6.981516e+02 7.288844e+02) (1.445656e-02 9.698321e+00 5.829793e+00)) ((-8.670269e+01 9.030161e-01 6.479858e-02) (-3.147437e-01 8.958943e-04 -3.723103e-03))
503.84        	((-2.836924e+00 6.952154e+02 7.261891e+02) (1.450866e-02 9.672026e+00 5.819162e+00)) ((-8.625205e+01 8.996626e-01 5.868503e-02) (-3.143432e-01 8.653983e-04 -3.617520e-03))
503.85        	((-2.854929e+00 6.922942e+02 7.235149e+02) (1.459529e-02 9.645456e+00 5.808982e+00)) ((-8.581060e+01 8.989472e-01 4.964597e-02) (-3.137985e-01 8.354874e-04 -3.624026e-03))
503.86        	((-2.873115e+00 6.893904e+02 7.208893e+02) (1.459586e-02 9.619549e+00 5.798520e+00)) ((-8.536939e+01 8.961138e-01 4.272301e-02) (-3.133686e-01 8.470400e-04 -3.573029e-03))
503.87        	((-2.891184e+00 6.864995e+02 7.183048e+02) (1.466367e-02 9.593267e+00 5.788481e+00)) ((-8.491823e+01 8.894134e-01 3.951474e-02) (-3.128147e-01 8.312843e-04 -3.589382e-03))
503.88        	((-2.907406e+00 6.836141e+02 7.157343e+02) (1.465295e-02 9.567633e+00 5.778141e+00)) ((-8.446869e+01 8.805539e-01 3.842771e-02) (-3.123792e-01 8.416843e-04 -3.543359e-03))
503.89        	((-2.922362e+00 6.807386e+02 7.131788e+02) (1.470663e-02 9.541622e+00 5.768208e+00)) ((-8.402061e+01 8.718894e-01 3.788724e-02) (-3.118164e-01 8.228748e-04 -3.569566e-03))
503.9         	((-2.936750e+00 6.778907e+02 7.107075e+02) (1.468210e-02 9.516245e+00 5.757971e+00)) ((-8.356267e+01 8.644540e-01 3.691438e-02) (-3.113690e-01 8.331170e-04 -3.533672e-03))
503.91        	((-2.950218e+00 6.750480e+02 7.082437e+02) (1.472658e-02 9.490482e+00 5.748139e+00)) ((-8.311014e+01 8.588469e-01 3.581744e-02) (-3.107964e-01 8.190658e-04 -3.569191e-03))
503.92        	((-2.960904e+00 6.722053e+02 7.057511e+02) (1.470269e-02 9.465345e+00 5.737984e+00)) ((-8.267914e+01 8.544918e-01 3.495069e-02) (-3.103410e-01 8.357862e-04 -3.542493e-03))
503.93        	((-2.968555e+00 6.693702e+02 7.032555e+02) (1.474794e-02 9.439802e+00 5.728222e+00)) ((-8.225665e+01 8.506375e-01 3.455863e-02) (-3.097583e-01 8.273968e-04 -3.582278e-03))
503.94        	((-2.973179e+00 6.665467e+02 7.007726e+02) (1.472678e-02 9.414880e+00 5.718142e+00)) ((-8.183807e+01 8.466812e-01 3.480039e-02) (-3.092912e-01 8.464127e-04 -3.557262e-03))
503.95        	((-2.976276e+00 6.637446e+02 6.983184e+02) (1.477449e-02 9.389549e+00 5.708474e+00)) ((-8.141029e+01 8.426823e-01 3.573728e-02) (-3.086937e-01 8.386273e-04 -3.596977e-03))
503.96        	((-2.978042e+00 6.609652e+02 6.958824e+02) (1.475755e-02 9.364847e+00 5.698506e+00)) ((-8.098233e+01 8.387660e-01 3.725858e-02) (-3.082076e-01 8.574321e-04 -3.573624e-03))
503.97        	((-2.979226e+00 6.582087e+02 6.934653e+02) (1.480890e-02 9.339748e+00 5.688963e+00)) ((-8.055414e+01 8.351783e-01 3.916975e-02) (-3.075890e-01 8.508467e-04 -3.615349e-03))
503.98        	((-2.978792e+00 6.554517e+02 6.909892e+02) (1.480122e-02 9.315302e+00 5.679115e+00)) ((-8.015534e+01 8.319144e-01 4.130554e-02) (-3.070821e-01 8.718225e-04 -3.597124e-03))
503.99        	((-2.978200e+00 6.527197e+02 6.885465e+02) (1.485795e-02 9.290462e+00 5.669694e+00)) ((-7.975657e+01 8.286143e-01 4.339121e-02) (-3.064413e-01 8.690911e-04 -3.643431e-03))
504           	((-2.975353e+00 6.500048e+02 6.861519e+02) (1.484979e-02 9.266276e+00 5.659991e+00)) ((-7.935129e+01 8.247564e-01 4.543478e-02) (-3.059097e-01 8.938532e-04 -3.629425e-03))
504.01        	((-2.976622e+00 6.473143e+02 6.838047e+02) (1.490644e-02 9.241749e+00 5.650778e+00)) ((-7.893859e+01 8.203636e-01 4.792238e-02) (-3.052641e-01 8.942101e-04 -3.677571e-03))
504.02        	((-2.969131e+00 6.446106e+02 6.813820e+02) (1.489928e-02 9.217848e+00 5.641269e+00)) ((-7.854671e+01 8.151860e-01 4.972858e-02) (-3.047362e-01 9.214881e-04 -3.665379e-03))
504.03        	((-2.964692e+00 6.420675e+02 6.790978e+02) (1.495699e-02 9.193541e+00 5.632181e+00)) ((-7.811525e+01 8.082826e-01 5.175281e-02) (-3.040770e-01 9.244735e-04 -3.713556e-03))
504.04        	((-2.967154e+00 6.393227e+02 6.766244e+02) (1.494365e-02 9.169977e+00 5.622885e+00)) ((-7.776020e+01 8.030960e-01 5.543927e-02) (-3.035125e-01 9.546943e-04 -3.699216e-03))
504.05        	((-2.962226e+00 6.368910e+02 6.745158e+02) (1.499005e-02 9.145749e+00 5.613788e+00)) ((-7.730519e+01 7.940548e-01 5.735044e-02) (-3.028215e-01 9.621752e-04 -3.744344e-03))
504.06        	((-2.974869e+00 6.339912e+02 6.717558e+02) (1.496630e-02 9.122271e+00 5.604444e+00)) ((-7.703688e+01 7.894112e-01 6.206746e-02) (-3.021986e-01 9.986201e-04 -3.729042e-03))
504.07        	((-2.962918e+00 6.317924e+02 6.698659e+02) (1.499332e-02 9.097779e+00 5.595066e+00)) ((-7.653473e+01 7.780831e-01 6.513142e-02) (-3.014576e-01 1.016573e-03 -3.773364e-03))
504.08        	((-2.980400e+00 6.287500e+02 6.667424e+02) (1.495440e-02 9.073973e+00 5.585359e+00)) ((-7.635141e+01 7.746983e-01 7.162096e-02) (-3.007366e-01 1.065458e-03 -3.759984e-03))
504.09        	((-2.983328e+00 6.268476e+02 6.653026e+02) (1.494450e-02 9.048604e+00 5.575272e+00)) ((-7.574549e+01 7.606123e-01 7.851892e-02) (-2.998906e-01 1.108007e-03 -3.811353e-03))
504.1         	((-3.002376e+00 6.235355e+02 6.618908e+02) (1.485946e-02 9.023754e+00 5.564796e+00)) ((-7.564605e+01 7.597477e-01 8.791481e-02) (-2.990281e-01 1.185702e-03 -3.807968e-03))
504.11        	((-3.033213e+00 6.221220e+02 6.612772e+02) (1.478991e-02 8.996252e+00 5.553282e+00)) ((-7.487744e+01 7.367942e-01 9.566528e-02) (-2.980756e-01 1.282674e-03 -3.898543e-03))
504.12        	((-2.966508e+00 6.184249e+02 6.577529e+02) (1.465263e-02 8.968725e+00 5.541163e+00)) ((-7.490366e+01 7.349657e-01 1.035969e-01) (-2.971536e-01 1.412037e-03 -3.939499e-03))
504.13        	((-2.951465e+00 6.173100e+02 6.572289e+02) (1.456042e-02 8.936523e+00 5.526695e+00)) ((-7.429506e+01 7.147512e-01 1.097247e-01) (-2.961715e-01 1.567393e-03 -4.082727e-03))
504.14        	((-2.656351e+00 6.135739e+02 6.544644e+02) (1.443658e-02 8.902296e+00 5.510234e+00)) ((-7.425153e+01 7.042102e-01 1.061764e-01) (-2.951882e-01 1.760145e-03 -4.186172e-03))
504.15        	((-2.661912e+00 6.111721e+02 6.518510e+02) (1.447497e-02 8.862570e+00 5.490749e+00)) ((-7.392353e+01 7.096856e-01 1.289544e-01) (-2.938872e-01 1.926860e-03 -4.346662e-03))
504.16        	((-2.517470e+00 6.070775e+02 6.487365e+02) (1.446836e-02 8.819978e+00 5.468056e+00)) ((-7.386144e+01 7.148457e-01 1.532316e-01) (-2.922984e-01 2.096756e-03 -4.413106e-03))
504.17        	((-2.702367e+00 6.056379e+02 6.472992e+02) (1.456009e-02 8.771662e+00 5.442048e+00)) ((-7.330261e+01 7.307179e-01 1.977213e-01) (-2.901998e-01 2.215702e-03 -4.496182e-03))
504.18        	((-2.487615e+00 6.028892e+02 6.468632e+02) (1.454456e-02 8.719035e+00 5.411268e+00)) ((-7.276730e+01 7.208924e-01 2.078412e-01) (-2.872408e-01 2.332856e-03 -4.491859e-03))
504.19        	((-2.583002e+00 6.004249e+02 6.441800e+02) (1.468070e-02 8.666058e+00 5.381809e+00)) ((-7.243980e+01 7.331433e-01 2.340324e-01) (-2.840067e-01 2.389647e-03 -4.525076e-03))
504.2         	((-2.520449e+00 5.968300e+02 6.418376e+02) (1.468903e-02 8.604396e+00 5.344279e+00)) ((-7.232541e+01 7.331841e-01 2.469295e-01) (-2.793142e-01 2.461279e-03 -4.503272e-03))
504.21        	((-2.710671e+00 5.941292e+02 6.386289e+02) (1.477463e-02 8.541006e+00 5.306800e+00)) ((-7.215323e+01 7.464017e-01 2.710891e-01) (-2.746498e-01 2.499315e-03 -4.531856e-03))
504.22        	((-2.678535e+00 5.914320e+02 6.380104e+02) (1.467525e-02 8.463688e+00 5.257739e+00)) ((-7.168674e+01 7.366854e-01 2.676584e-01) (-2.683504e-01 2.567169e-03 -4.510998e-03))
504.23        	((-2.789605e+00 5.897371e+02 6.367899e+02) (1.467795e-02 8.385704e+00 5.210073e+00)) ((-7.111942e+01 7.322655e-01 2.660874e-01) (-2.623953e-01 2.600123e-03 -4.543441e-03))
504.24        	((-2.756997e+00 5.877951e+02 6.374072e+02) (1.451255e-02 8.291766e+00 5.150018e+00)) ((-7.042585e+01 7.123728e-01 2.422827e-01) (-2.549658e-01 2.644549e-03 -4.524279e-03))
504.25        	((-2.855029e+00 5.857742e+02 6.355184e+02) (1.447734e-02 8.199756e+00 5.093207e+00)) ((-7.007160e+01 7.014979e-01 2.272102e-01) (-2.482892e-01 2.647122e-03 -4.552584e-03))
504.26        	((-2.908296e+00 5.835809e+02 6.353613e+02) (1.425036e-02 8.091449e+00 5.023742e+00)) ((-6.955832e+01 6.859424e-01 2.034028e-01) (-2.406709e-01 2.647352e-03 -4.506696e-03))
504.27        	((-3.042968e+00 5.811488e+02 6.323522e+02) (1.413534e-02 7.987872e+00 4.958782e+00)) ((-6.938487e+01 6.768696e-01 1.887404e-01) (-2.340918e-01 2.621958e-03 -4.513430e-03))
504.28        	((-3.146009e+00 5.792427e+02 6.323749e+02) (1.381496e-02 7.869019e+00 4.882227e+00)) ((-6.877480e+01 6.632584e-01 1.670030e-01) (-2.272406e-01 2.582615e-03 -4.423799e-03))
504.29        	((-3.254918e+00 5.769995e+02 6.297127e+02) (1.362478e-02 7.757734e+00 4.812114e+00)) ((-6.855449e+01 6.508332e-01 1.504395e-01) (-2.214066e-01 2.480375e-03 -4.345829e-03))
504.3         	((-3.328977e+00 5.755162e+02 6.302036e+02) (1.325096e-02 7.633552e+00 4.732286e+00)) ((-6.787686e+01 6.375493e-01 1.309210e-01) (-2.156847e-01 2.356665e-03 -4.162447e-03))
504.31        	((-3.380456e+00 5.733059e+02 6.274811e+02) (1.304937e-02 7.519543e+00 4.660605e+00)) ((-6.774555e+01 6.279528e-01 1.188856e-01) (-2.110458e-01 2.198960e-03 -4.018753e-03))
504.32        	((-3.427098e+00 5.718013e+02 6.276116e+02) (1.270013e-02 7.395825e+00 4.581522e+00)) ((-6.716811e+01 6.241188e-01 1.123078e-01) (-2.070089e-01 2.029260e-03 -3.763538e-03))
504.33        	((-3.466853e+00 5.694568e+02 6.246164e+02) (1.249921e-02 7.284320e+00 4.511790e+00)) ((-6.711506e+01 6.233758e-01 1.135408e-01) (-2.039522e-01 1.852762e-03 -3.564383e-03))
504.34        	((-3.522064e+00 5.680172e+02 6.249131e+02) (1.214077e-02 7.166476e+00 4.437425e+00)) ((-6.650280e+01 6.254128e-01 1.176329e-01) (-2.019669e-01 1.677123e-03 -3.266987e-03))
504.35        	((-3.552627e+00 5.658018e+02 6.223448e+02) (1.192013e-02 7.061922e+00 4.372960e+00)) ((-6.638851e+01 6.259012e-01 1.250446e-01) (-2.008283e-01 1.475049e-03 -3.014539e-03))
504.36        	((-3.567773e+00 5.647541e+02 6.229752e+02) (1.157016e-02 6.954386e+00 4.306125e+00)) ((-6.566681e+01 6.280659e-01 1.311634e-01) (-2.009872e-01 1.295381e-03 -2.698410e-03))
504.37        	((-3.549196e+00 5.626030e+02 6.199749e+02) (1.134243e-02 6.856104e+00 4.246464e+00)) ((-6.558814e+01 6.292380e-01 1.401818e-01) (-2.019845e-01 1.089257e-03 -2.440108e-03))
504.38        	((-3.526008e+00 5.617574e+02 6.206833e+02) (1.108239e-02 6.764508e+00 4.190784e+00)) ((-6.483262e+01 6.329729e-01 1.478672e-01) (-2.039723e-01 9.425671e-04 -2.171946e-03))
504.39        	((-3.491276e+00 5.594937e+02 6.177726e+02) (1.089974e-02 6.680166e+00 4.141488e+00)) ((-6.482525e+01 6.350453e-01 1.605393e-01) (-2.067580e-01 7.616175e-04 -1.940238e-03))
504.4         	((-3.465789e+00 5.588568e+02 6.189042e+02) (1.066561e-02 6.603130e+00 4.096580e+00)) ((-6.403466e+01 6.417843e-01 1.712551e-01) (-2.103746e-01 6.587498e-04 -1.716774e-03))
504.41        	((-3.427773e+00 5.565568e+02 6.158730e+02) (1.054370e-02 6.536025e+00 4.059558e+00)) ((-6.408287e+01 6.441481e-01 1.855088e-01) (-2.141870e-01 5.098229e-04 -1.524478e-03))
504.42        	((-3.406145e+00 5.560333e+02 6.169993e+02) (1.031588e-02 6.472926e+00 4.025125e+00)) ((-6.327359e+01 6.523788e-01 1.937768e-01) (-2.190927e-01 4.662153e-04 -1.366385e-03))
504.43        	((-3.348929e+00 5.537921e+02 6.139767e+02) (1.022798e-02 6.418663e+00 3.997750e+00)) ((-6.330854e+01 6.498707e-01 2.037529e-01) (-2.240229e-01 3.228626e-04 -1.183942e-03))
504.44        	((-3.338343e+00 5.533145e+02 6.150753e+02) (1.003717e-02 6.369174e+00 3.973438e+00)) ((-6.248581e+01 6.564068e-01 2.084888e-01) (-2.298335e-01 3.319977e-04 -1.086103e-03))
504.45        	((-3.287656e+00 5.513798e+02 6.126024e+02) (9.982563e-03 6.327019e+00 3.955075e+00)) ((-6.241944e+01 6.496632e-01 2.179535e-01) (-2.355438e-01 1.636390e-04 -8.888439e-04))
504.46        	((-3.276670e+00 5.507374e+02 6.133470e+02) (9.778611e-03 6.290006e+00 3.939996e+00)) ((-6.169029e+01 6.567592e-01 2.208346e-01) (-2.418077e-01 2.944522e-04 -9.361159e-04))
504.47        	((-3.233077e+00 5.489335e+02 6.111007e+02) (9.739009e-03 6.258613e+00 3.929520e+00)) ((-6.160844e+01 6.485166e-01 2.295974e-01) (-2.478433e-01 1.892763e-04 -8.089194e-04))
504.48        	((-3.225931e+00 5.480070e+02 6.112893e+02) (9.573462e-03 6.232703e+00 3.921960e+00)) ((-6.101318e+01 6.549958e-01 2.290328e-01) (-2.538624e-01 3.447037e-04 -9.048501e-04))
504.49        	((-3.191095e+00 5.461746e+02 6.090145e+02) (9.535951e-03 6.209963e+00 3.917642e+00)) ((-6.094349e+01 6.466686e-01 2.348845e-01) (-2.599106e-01 2.706960e-04 -8.139961e-04))
504.5         	((-3.188225e+00 5.449743e+02 6.087324e+02) (9.404516e-03 6.191564e+00 3.915319e+00)) ((-6.043566e+01 6.539979e-01 2.294855e-01) (-2.658471e-01 4.248987e-04 -9.179632e-04))
504.51        	((-3.161037e+00 5.431915e+02 6.066098e+02) (9.392417e-03 6.175416e+00 3.915446e+00)) ((-6.031999e+01 6.451310e-01 2.331456e-01) (-2.715538e-01 3.537379e-04 -8.330197e-04))
504.52        	((-3.159776e+00 5.418401e+02 6.061028e+02) (9.295398e-03 6.162486e+00 3.916681e+00)) ((-5.984277e+01 6.517986e-01 2.256761e-01) (-2.770332e-01 5.057466e-04 -9.406803e-04))
504.53        	((-3.136987e+00 5.401137e+02 6.041335e+02) (9.297801e-03 6.150935e+00 3.919632e+00)) ((-5.968568e+01 6.417997e-01 2.295880e-01) (-2.820855e-01 4.341176e-04 -8.609334e-04))
504.54        	((-3.135889e+00 5.386383e+02 6.034291e+02) (9.226601e-03 6.141607e+00 3.922889e+00)) ((-5.924540e+01 6.464127e-01 2.233446e-01) (-2.868590e-01 5.642817e-04 -9.559998e-04))
504.55        	((-3.117224e+00 5.369234e+02 6.015058e+02) (9.223144e-03 6.132695e+00 3.927070e+00)) ((-5.907778e+01 6.370643e-01 2.272703e-01) (-2.910670e-01 5.073691e-04 -9.022483e-04))
504.56        	((-3.117109e+00 5.353221e+02 6.005990e+02) (9.165045e-03 6.125148e+00 3.930869e+00)) ((-5.867513e+01 6.400511e-01 2.222148e-01) (-2.949260e-01 6.102128e-04 -9.737586e-04))
504.57        	((-3.101686e+00 5.335898e+02 5.986788e+02) (9.154124e-03 6.117413e+00 3.935115e+00)) ((-5.850086e+01 6.328310e-01 2.247487e-01) (-2.982171e-01 5.711185e-04 -9.458996e-04))
504.58        	((-3.101979e+00 5.318986e+02 5.976317e+02) (9.110657e-03 6.110741e+00 3.938977e+00)) ((-5.811436e+01 6.345963e-01 2.207826e-01) (-3.013751e-01 6.452546e-04 -9.849877e-04))
504.59        	((-3.087663e+00 5.301810e+02 5.957690e+02) (9.099331e-03 6.103387e+00 3.942714e+00)) ((-5.791749e+01 6.300248e-01 2.218905e-01) (-3.038311e-01 6.247545e-04 -9.849739e-04))
504.6         	((-3.085448e+00 5.284408e+02 5.946520e+02) (9.067591e-03 6.096974e+00 3.946012e+00)) ((-5.753363e+01 6.301849e-01 2.199837e-01) (-3.062234e-01 6.700992e-04 -9.983763e-04))
504.61        	((-3.070361e+00 5.267210e+02 5.927999e+02) (9.055557e-03 6.089764e+00 3.949199e+00)) ((-5.732768e+01 6.280661e-01 2.200734e-01) (-3.080682e-01 6.736733e-04 -1.025467e-03))
504.62        	((-3.065530e+00 5.249373e+02 5.916020e+02) (9.028841e-03 6.083604e+00 3.952072e+00)) ((-5.695180e+01 6.268814e-01 2.199374e-01) (-3.099575e-01 7.058033e-04 -1.020046e-03))
504.63        	((-3.049454e+00 5.232136e+02 5.897394e+02) (9.027455e-03 6.076615e+00 3.954903e+00)) ((-5.674293e+01 6.253442e-01 2.203118e-01) (-3.114278e-01 7.196213e-04 -1.053449e-03))
504.64        	((-3.042572e+00 5.213928e+02 5.884692e+02) (8.993947e-03 6.070780e+00 3.957558e+00)) ((-5.637239e+01 6.245399e-01 2.207798e-01) (-3.130044e-01 7.493302e-04 -1.046220e-03))
504.65        	((-3.025585e+00 5.196632e+02 5.866022e+02) (9.001580e-03 6.064047e+00 3.960173e+00)) ((-5.615699e+01 6.233962e-01 2.215340e-01) (-3.142079e-01 7.634672e-04 -1.077941e-03))
504.66        	((-3.017755e+00 5.178188e+02 5.852861e+02) (8.978514e-03 6.058468e+00 3.962640e+00)) ((-5.578981e+01 6.228594e-01 2.222667e-01) (-3.155142e-01 7.927960e-04 -1.071012e-03))
504.67        	((-2.999987e+00 5.160947e+02 5.834297e+02) (8.996173e-03 6.051867e+00 3.965017e+00)) ((-5.556999e+01 6.217244e-01 2.233264e-01) (-3.164522e-01 8.048891e-04 -1.103006e-03))
504.68        	((-2.991621e+00 5.142286e+02 5.820758e+02) (8.982914e-03 6.046306e+00 3.967171e+00)) ((-5.520527e+01 6.209429e-01 2.242092e-01) (-3.174623e-01 8.323507e-04 -1.096876e-03))
504.69        	((-2.973990e+00 5.125035e+02 5.802248e+02) (9.008657e-03 6.039561e+00 3.969137e+00)) ((-5.498085e+01 6.194768e-01 2.252499e-01) (-3.181163e-01 8.450773e-04 -1.130398e-03))
504.7         	((-2.966272e+00 5.106192e+02 5.788328e+02) (9.007707e-03 6.033666e+00 3.970732e+00)) ((-5.461907e+01 6.183011e-01 2.259928e-01) (-3.188178e-01 8.737083e-04 -1.128402e-03))
504.71        	((-2.949366e+00 5.088967e+02 5.769793e+02) (9.046495e-03 6.026423e+00 3.972027e+00)) ((-5.439244e+01 6.163287e-01 2.268134e-01) (-3.191820e-01 8.878315e-04 -1.165778e-03))
504.72        	((-2.944645e+00 5.069994e+02 5.755575e+02) (9.057114e-03 6.019808e+00 3.972761e+00)) ((-5.403419e+01 6.144834e-01 2.273220e-01) (-3.195659e-01 9.187846e-04 -1.166642e-03))
504.73        	((-2.931829e+00 5.052847e+02 5.737226e+02) (9.103925e-03 6.011742e+00 3.973120e+00)) ((-5.380442e+01 6.115679e-01 2.282511e-01) (-3.196376e-01 9.335640e-04 -1.202919e-03))
504.74        	((-2.929086e+00 5.033806e+02 5.722842e+02) (9.116993e-03 6.004029e+00 3.972637e+00)) ((-5.344928e+01 6.087562e-01 2.292542e-01) (-3.196962e-01 9.566772e-04 -1.200651e-03))
504.75        	((-2.916338e+00 5.016637e+02 5.704422e+02) (9.166351e-03 5.995008e+00 3.972003e+00)) ((-5.322072e+01 6.055698e-01 2.306238e-01) (-3.195174e-01 9.629770e-04 -1.233804e-03))
504.76        	((-2.912561e+00 4.997464e+02 5.689705e+02) (9.181786e-03 5.986212e+00 3.970449e+00)) ((-5.287112e+01 6.034205e-01 2.317076e-01) (-3.193310e-01 9.792178e-04 -1.230708e-03))
504.77        	((-2.897879e+00 4.980359e+02 5.671371e+02) (9.232464e-03 5.975992e+00 3.968655e+00)) ((-5.264124e+01 6.016758e-01 2.328814e-01) (-3.189045e-01 9.774033e-04 -1.262234e-03))
504.78        	((-2.892079e+00 4.961216e+02 5.656613e+02) (9.246861e-03 5.965891e+00 3.965872e+00)) ((-5.229332e+01 6.014295e-01 2.335126e-01) (-3.184699e-01 9.846460e-04 -1.257863e-03))
504.79        	((-2.876086e+00 4.944250e+02 5.638473e+02) (9.295121e-03 5.954254e+00 3.962779e+00)) ((-5.206214e+01 6.015903e-01 2.339214e-01) (-3.178034e-01 9.772471e-04 -1.290233e-03))
504.8         	((-2.869903e+00 4.925136e+02 5.623598e+02) (9.310669e-03 5.942655e+00 3.958659e+00)) ((-5.171926e+01 6.026898e-01 2.339474e-01) (-3.171414e-01 9.801766e-04 -1.287463e-03))
504.81        	((-2.854284e+00 4.908270e+02 5.605530e+02) (9.360052e-03 5.929484e+00 3.954214e+00)) ((-5.149068e+01 6.034404e-01 2.343772e-01) (-3.162792e-01 9.691137e-04 -1.319790e-03))
504.82        	((-2.849182e+00 4.889168e+02 5.590496e+02) (9.378230e-03 5.916368e+00 3.948778e+00)) ((-5.115422e+01 6.045802e-01 2.349590e-01) (-3.154640e-01 9.701797e-04 -1.318792e-03))
504.83        	((-2.835368e+00 4.872418e+02 5.572529e+02) (9.432557e-03 5.901758e+00 3.943092e+00)) ((-5.092777e+01 6.052137e-01 2.361506e-01) (-3.144889e-01 9.591144e-04 -1.354007e-03))
504.84        	((-2.832517e+00 4.853376e+02 5.557404e+02) (9.455462e-03 5.887331e+00 3.936548e+00)) ((-5.059644e+01 6.063269e-01 2.374822e-01) (-3.135956e-01 9.581614e-04 -1.353351e-03))
504.85        	((-2.820794e+00 4.836792e+02 5.539588e+02) (9.514958e-03 5.871541e+00 3.929848e+00)) ((-5.037133e+01 6.070979e-01 2.391154e-01) (-3.126427e-01 9.419817e-04 -1.388634e-03))
504.86        	((-2.818850e+00 4.817842e+02 5.524398e+02) (9.537675e-03 5.856056e+00 3.922405e+00)) ((-5.004479e+01 6.081465e-01 2.399293e-01) (-3.118747e-01 9.376089e-04 -1.384009e-03))
504.87        	((-2.806918e+00 4.801413e+02 5.506746e+02) (9.590513e-03 5.839767e+00 3.915151e+00)) ((-4.982174e+01 6.084201e-01 2.402689e-01) (-3.110529e-01 9.217127e-04 -1.404990e-03))
504.88        	((-2.804605e+00 4.782545e+02 5.491536e+02) (9.602067e-03 5.823338e+00 3.906972e+00)) ((-4.950008e+01 6.087187e-01 2.399438e-01) (-3.103659e-01 9.196501e-04 -1.388416e-03))
504.89        	((-2.793365e+00 4.766345e+02 5.474209e+02) (9.647905e-03 5.806434e+00 3.899231e+00)) ((-4.927750e+01 6.082437e-01 2.397451e-01) (-3.096343e-01 9.075416e-04 -1.404524e-03))
504.9         	((-2.792879e+00 4.747560e+02 5.458971e+02) (9.657578e-03 5.789590e+00 3.890752e+00)) ((-4.896108e+01 6.076256e-01 2.393560e-01) (-3.090974e-01 9.125835e-04 -1.390366e-03))
504.91        	((-2.785199e+00 4.731538e+02 5.441866e+02) (9.711902e-03 5.772558e+00 3.882913e+00)) ((-4.873993e+01 6.054877e-01 2.396527e-01) (-3.085279e-01 9.229202e-04 -1.425762e-03))
504.92        	((-2.791502e+00 4.712814e+02 5.426605e+02) (9.744074e-03 5.755858e+00 3.874578e+00)) ((-4.842765e+01 6.016714e-01 2.402908e-01) (-3.082444e-01 9.887400e-04 -1.479700e-03))
504.93        	((-2.796965e+00 4.696936e+02 5.409809e+02) (9.840051e-03 5.739093e+00 3.866956e+00)) ((-4.820616e+01 5.947400e-01 2.411294e-01) (-3.079200e-01 1.088838e-03 -1.620187e-03))
504.94        	((-2.826441e+00 4.678202e+02 5.394687e+02) (9.960426e-03 5.722915e+00 3.859035e+00)) ((-4.789596e+01 5.835021e-01 2.413651e-01) (-3.079475e-01 1.280625e-03 -1.814597e-03))
504.95        	((-2.858662e+00 4.662442e+02 5.378366e+02) (1.011401e-02 5.706764e+00 3.851887e+00)) ((-4.767137e+01 5.659312e-01 2.438885e-01) (-3.078520e-01 1.467139e-03 -2.032885e-03))
504.96        	((-2.895431e+00 4.643861e+02 5.363373e+02) (1.013086e-02 5.691739e+00 3.845029e+00)) ((-4.736296e+01 5.471843e-01 2.499043e-01) (-3.079620e-01 1.502018e-03 -2.046187e-03))
504.97        	((-2.916150e+00 4.628332e+02 5.347217e+02) (1.019711e-02 5.676606e+00 3.838828e+00)) ((-4.714123e+01 5.325349e-01 2.540861e-01) (-3.078782e-01 1.506040e-03 -2.085081e-03))
504.98        	((-2.941267e+00 4.609772e+02 5.332050e+02) (1.021453e-02 5.662403e+00 3.832674e+00)) ((-4.684353e+01 5.243202e-01 2.535151e-01) (-3.080599e-01 1.512113e-03 -2.097228e-03))
504.99        	((-2.951861e+00 4.594311e+02 5.315977e+02) (1.022838e-02 5.647833e+00 3.826945e+00)) ((-4.662796e+01 5.213170e-01 2.494318e-01) (-3.080108e-01 1.465508e-03 -2.098899e-03))
505           	((-2.963993e+00 4.575758e+02 5.300763e+02) (1.016737e-02 5.634077e+00 3.821132e+00)) ((-4.633700e+01 5.226188e-01 2.438044e-01) (-3.081847e-01 1.389138e-03 -2.021697e-03))
