# Forces      
# CofR        : (0.000000e+00 0.000000e+00 0.000000e+00)
# Time        forces(pressure viscous)	moments(pressure viscous)
500           	((-1.826095e+00 5.119498e+03 -2.703700e+03) (4.813835e-05 3.956413e+00 -1.012578e-01)) ((8.022269e+02 5.086660e-01 4.257199e-01) (1.296247e-01 -4.356550e-06 -1.254615e-04))
500.01        	((4.640666e-01 3.815171e+03 -1.860897e+03) (-7.142081e-04 3.070632e+00 3.091621e-01)) ((6.248824e+02 -1.444505e-01 2.343358e-01) (-2.760618e-02 1.511349e-04 -1.816920e-05))
500.02        	((1.536570e+00 5.855731e+02 3.026380e+02) (3.688414e-04 2.233344e+00 7.000461e-01)) ((1.635716e+02 -5.653023e-01 -2.239033e-01) (-1.520770e-01 3.339415e-05 -5.199680e-04))
500.03        	((4.328468e-01 -1.080431e+03 6.291092e+02) (1.810769e-03 2.164024e+00 7.898783e-01)) ((-6.900918e+01 -5.659743e-01 -6.925120e-01) (-1.386089e-01 -1.516440e-04 -5.361828e-04))
500.04        	((-2.894432e+00 -1.033365e+03 4.327390e+02) (-3.505280e-03 3.028864e+00 5.145919e-01)) ((-1.311854e+02 -2.122010e-01 -5.044735e-01) (-4.099044e-02 8.023701e-04 -3.422898e-04))
500.05        	((-9.184085e-01 -1.444465e+02 1.502061e+02) (-3.016829e-03 4.213702e+00 1.984524e-01)) ((-5.178913e+01 3.762861e-01 5.914062e-01) (1.033008e-01 -4.212400e-04 5.670076e-04))
500.06        	((4.663407e-01 5.899150e+02 8.532358e+01) (-2.690028e-03 4.709932e+00 2.647985e-01)) ((6.107114e+01 2.588017e-01 9.284387e-01) (1.073744e-01 -9.455222e-04 1.230836e-03))
500.07        	((5.153297e-01 7.233719e+02 3.146351e+02) (-6.135451e-03 4.596507e+00 5.862799e-01)) ((1.125361e+02 -2.162158e-01 4.972414e-01) (2.423492e-02 -3.240685e-04 -7.077035e-05))
500.08        	((-5.437624e-01 4.898316e+02 4.699827e+02) (-8.495649e-03 4.291744e+00 9.203069e-01)) ((8.255666e+01 -6.188974e-01 -2.895107e-02) (-3.812083e-02 2.498580e-04 2.358146e-03))
500.09        	((-1.382926e+00 2.010893e+02 4.060807e+02) (-8.249381e-03 4.195809e+00 1.094029e+00)) ((1.482966e+01 -4.420050e-01 -4.982030e-01) (-8.841745e-02 1.460249e-03 1.626256e-04))
500.1         	((-1.416909e+00 -1.452992e+01 3.183822e+02) (-2.762086e-03 4.437100e+00 1.102648e+00)) ((-4.103896e+01 -2.090946e-01 -3.238028e-01) (-8.722628e-02 1.707651e-03 2.819668e-04))
500.11        	((-5.433899e-01 -4.917231e+01 2.464662e+02) (8.861659e-04 4.843872e+00 1.058539e+00)) ((-4.391101e+01 7.554062e-03 3.101600e-01) (-7.186290e-02 1.312006e-04 1.412339e-03))
500.12        	((-9.347115e-02 7.262526e+01 1.951218e+02) (5.184376e-03 5.187400e+00 1.088293e+00)) ((-4.099192e+00 -1.507986e-02 6.080499e-01) (-7.252064e-02 -4.856090e-04 -4.869637e-04))
500.13        	((-4.201516e-01 2.030617e+02 2.153504e+02) (5.990822e-03 5.385041e+00 1.203418e+00)) ((3.105305e+01 -1.006935e-01 4.993041e-01) (-8.428242e-02 -2.459739e-04 -4.795441e-04))
500.14        	((-7.714513e-01 2.384758e+02 2.714977e+02) (4.186452e-03 5.477196e+00 1.337533e+00)) ((3.231008e+01 -2.017330e-01 2.719197e-01) (-9.283441e-02 2.441693e-04 -2.964340e-03))
500.15        	((-6.745987e-01 1.898324e+02 2.865978e+02) (1.395528e-03 5.535288e+00 1.427708e+00)) ((1.182973e+01 -2.735524e-01 1.291949e-01) (-1.005715e-01 6.636522e-04 -6.836807e-04))
500.16        	((-1.462233e-01 1.195233e+02 2.418165e+02) (1.255900e-03 5.568025e+00 1.465819e+00)) ((-4.875685e+00 -2.158723e-01 1.777371e-01) (-1.044860e-01 1.071792e-03 -1.269998e-04))
500.17        	((8.098505e-02 8.958222e+01 1.680431e+02) (-5.544250e-04 5.610030e+00 1.474534e+00)) ((-2.729272e+00 -1.824211e-01 3.884132e-01) (-1.051741e-01 1.094054e-03 -2.570039e-04))
500.18        	((-2.531940e-01 1.073986e+02 1.143075e+02) (-1.102218e-03 5.652057e+00 1.486783e+00)) ((1.188851e+01 -1.817535e-01 5.958064e-01) (-1.061903e-01 1.014199e-03 -3.439656e-04))
500.19        	((-7.837017e-01 1.345579e+02 1.094638e+02) (-7.680073e-04 5.688891e+00 1.515233e+00)) ((2.273138e+01 -1.582313e-01 6.494111e-01) (-9.908585e-02 1.062763e-03 -4.556415e-04))
500.2         	((-8.585389e-01 1.441066e+02 1.304211e+02) (5.881803e-05 5.711510e+00 1.556665e+00)) ((2.259856e+01 -1.039797e-01 5.068622e-01) (-9.049829e-02 9.719769e-04 -2.582943e-04))
500.21        	((-3.885308e-01 1.408394e+02 1.375180e+02) (5.692848e-04 5.705523e+00 1.600999e+00)) ((1.666176e+01 -4.935998e-02 3.830713e-01) (-7.952634e-02 9.787572e-04 2.415783e-04))
500.22        	((1.315310e-01 1.391159e+02 1.182283e+02) (7.422723e-04 5.671575e+00 1.630055e+00)) ((1.267833e+01 -2.836921e-02 3.548983e-01) (-7.089086e-02 7.898958e-04 7.288701e-04))
500.23        	((6.225190e-02 1.622027e+02 3.917719e+01) (6.936580e-05 5.629768e+00 1.640414e+00)) ((2.339201e+01 -4.783417e-02 3.727514e-01) (-6.445770e-02 8.349456e-04 9.559590e-04))
500.24        	((-9.261804e-02 2.287228e+02 -1.465563e+02) (-7.920835e-04 5.608213e+00 1.608242e+00)) ((6.139375e+01 -7.510102e-02 4.378730e-01) (-5.699540e-02 6.618874e-04 9.286897e-04))
500.25        	((-1.928627e-01 2.210911e+02 -1.047534e+02) (-1.563123e-03 5.608104e+00 1.547940e+00)) ((5.897508e+01 -6.456540e-02 4.564759e-01) (-4.663013e-02 5.744472e-04 8.776729e-04))
500.26        	((-3.327543e-01 1.749130e+02 3.963415e+01) (-1.003230e-03 5.601265e+00 1.523805e+00)) ((3.755776e+01 -3.333604e-02 3.902281e-01) (-3.479600e-02 4.209648e-04 1.389260e-03))
500.27        	((-5.577488e-01 1.566951e+02 8.328345e+01) (-6.085441e-04 5.582753e+00 1.547566e+00)) ((3.269641e+01 3.437242e-03 2.707994e-01) (-2.448571e-02 3.443927e-04 1.692734e-03))
500.28        	((-6.570421e-01 1.722759e+02 2.166438e+01) (-6.890672e-04 5.545891e+00 1.570428e+00)) ((4.350134e+01 9.204318e-03 1.950239e-01) (-1.158223e-02 6.735958e-04 1.400623e-03))
500.29        	((-5.946592e-01 1.878597e+02 -3.228734e+01) (-7.890785e-04 5.502574e+00 1.561310e+00)) ((5.061809e+01 -9.838610e-03 1.860466e-01) (3.124863e-03 5.790463e-04 1.681144e-03))
500.3         	((-5.044733e-01 1.865923e+02 -3.032489e+01) (-8.869870e-04 5.457856e+00 1.532879e+00)) ((4.753983e+01 -4.233085e-02 2.036848e-01) (1.683911e-02 6.134414e-04 1.717688e-03))
500.31        	((-6.149226e-01 1.775320e+02 -5.220564e+00) (-1.524765e-03 5.423214e+00 1.500629e+00)) ((4.280917e+01 -8.381570e-02 1.925871e-01) (2.882831e-02 5.524444e-04 1.643979e-03))
500.32        	((-7.829776e-01 1.725119e+02 3.271657e+00) (-1.517864e-03 5.392651e+00 1.481865e+00)) ((4.190333e+01 -1.268938e-01 1.594018e-01) (3.950138e-02 4.532879e-04 1.646570e-03))
500.33        	((-9.056602e-01 1.733274e+02 -1.042802e+01) (-1.398603e-03 5.363112e+00 1.466526e+00)) ((4.424192e+01 -1.730116e-01 1.262655e-01) (4.851298e-02 3.182850e-04 1.461672e-03))
500.34        	((-9.438111e-01 1.741462e+02 -2.775953e+01) (-1.413665e-03 5.322482e+00 1.445331e+00)) ((4.563233e+01 -2.188425e-01 1.183090e-01) (5.856025e-02 3.024581e-04 1.194211e-03))
500.35        	((-9.560167e-01 1.709364e+02 -3.103547e+01) (-1.775123e-03 5.282181e+00 1.418700e+00)) ((4.356185e+01 -2.535719e-01 1.228113e-01) (6.610661e-02 1.921939e-04 9.117569e-04))
500.36        	((-9.901526e-01 1.639110e+02 -1.810096e+01) (-2.058396e-03 5.237024e+00 1.390452e+00)) ((3.863069e+01 -2.782871e-01 1.161160e-01) (7.234600e-02 2.607018e-05 7.348484e-04))
500.37        	((-1.027938e+00 1.572555e+02 -1.491150e+00) (-2.236273e-03 5.193041e+00 1.367809e+00)) ((3.388267e+01 -2.963476e-01 8.784258e-02) (7.469959e-02 -1.809959e-04 5.728113e-04))
500.38        	((-1.026553e+00 1.538700e+02 6.238537e+00) (-1.920888e-03 5.146907e+00 1.351272e+00)) ((3.132537e+01 -3.073970e-01 4.893176e-02) (7.558972e-02 -3.569601e-04 3.127806e-04))
500.39        	((-9.605324e-01 1.527365e+02 5.423570e+00) (-1.444193e-03 5.102797e+00 1.337760e+00)) ((3.043199e+01 -3.120047e-01 2.680117e-02) (7.426673e-02 -5.308340e-04 1.436782e-04))
500.4         	((-8.441336e-01 1.510824e+02 3.516497e+00) (-9.111106e-04 5.056845e+00 1.322297e+00)) ((2.911622e+01 -3.035623e-01 2.766002e-02) (7.237392e-02 -6.780767e-04 5.132228e-06))
500.41        	((-7.037558e-01 1.472615e+02 7.101773e+00) (-5.366332e-04 5.010950e+00 1.305688e+00)) ((2.675288e+01 -2.805772e-01 3.516862e-02) (6.909183e-02 -7.470232e-04 -1.006164e-04))
500.42        	((-5.639961e-01 1.425652e+02 1.404989e+01) (-5.375489e-05 4.962485e+00 1.289447e+00)) ((2.432720e+01 -2.507714e-01 3.322649e-02) (6.563152e-02 -7.604924e-04 -1.594115e-04))
500.43        	((-4.334384e-01 1.391963e+02 1.868582e+01) (4.426707e-04 4.913232e+00 1.274188e+00)) ((2.311038e+01 -2.212217e-01 1.543950e-02) (6.149722e-02 -7.417802e-04 -1.930458e-04))
500.44        	((-3.104775e-01 1.376688e+02 1.832055e+01) (1.095764e-03 4.862778e+00 1.258261e+00)) ((2.324130e+01 -1.966811e-01 -9.352582e-03) (5.774069e-02 -7.053456e-04 -1.947878e-04))
500.45        	((-1.853376e-01 1.368119e+02 1.515568e+01) (1.746009e-03 4.813013e+00 1.239557e+00)) ((2.392713e+01 -1.768066e-01 -2.905783e-02) (5.419134e-02 -6.825355e-04 -1.534852e-04))
500.46        	((-6.578102e-02 1.353878e+02 1.253735e+01) (2.351724e-03 4.763016e+00 1.217562e+00)) ((2.434618e+01 -1.612215e-01 -3.515903e-02) (5.131816e-02 -6.416903e-04 -1.086102e-04))
500.47        	((3.555042e-02 1.333854e+02 1.165598e+01) (2.785029e-03 4.712595e+00 1.193313e+00)) ((2.437857e+01 -1.473445e-01 -3.384552e-02) (4.887616e-02 -5.847393e-04 -9.978464e-05))
500.48        	((1.122196e-01 1.315878e+02 1.127498e+01) (3.080576e-03 4.661261e+00 1.168064e+00)) ((2.440583e+01 -1.366762e-01 -3.234504e-02) (4.705009e-02 -4.933240e-04 -1.277228e-04))
500.49        	((1.793212e-01 1.305504e+02 9.870330e+00) (3.270054e-03 4.609554e+00 1.142508e+00)) ((2.475286e+01 -1.299499e-01 -3.760245e-02) (4.575521e-02 -4.246849e-04 -1.187578e-04))
500.5         	((2.521350e-01 1.300707e+02 7.226337e+00) (3.470498e-03 4.557958e+00 1.116401e+00)) ((2.537080e+01 -1.295312e-01 -4.763728e-02) (4.499384e-02 -3.681303e-04 -8.354037e-05))
500.51        	((3.271317e-01 1.295478e+02 4.243934e+00) (3.670616e-03 4.507080e+00 1.089696e+00)) ((2.598636e+01 -1.343869e-01 -5.545033e-02) (4.472923e-02 -3.264400e-04 -4.034291e-05))
500.52        	((3.941418e-01 1.286600e+02 1.786630e+00) (3.829323e-03 4.457154e+00 1.062642e+00)) ((2.641951e+01 -1.416840e-01 -5.680069e-02) (4.484771e-02 -2.918148e-04 9.500157e-06))
500.53        	((4.454785e-01 1.275856e+02 -1.796053e-02) (3.880844e-03 4.408267e+00 1.035904e+00)) ((2.670801e+01 -1.464559e-01 -5.416131e-02) (4.528433e-02 -2.532894e-04 2.851068e-05))
500.54        	((4.807056e-01 1.266401e+02 -1.505324e+00) (3.847940e-03 4.360533e+00 1.010094e+00)) ((2.698031e+01 -1.478321e-01 -5.154602e-02) (4.598401e-02 -1.777383e-04 2.407401e-06))
500.55        	((5.014809e-01 1.259140e+02 -2.932914e+00) (3.719423e-03 4.314248e+00 9.856604e-01)) ((2.731385e+01 -1.456406e-01 -5.220682e-02) (4.686214e-02 -9.188050e-05 -4.549428e-05))
500.56        	((5.321297e-01 1.252451e+02 -4.289140e+00) (3.617653e-03 4.269542e+00 9.621735e-01)) ((2.768662e+01 -1.438415e-01 -5.408876e-02) (4.784142e-02 -2.169545e-05 -4.398312e-05))
500.57        	((5.853844e-01 1.243968e+02 -5.352301e+00) (3.482727e-03 4.226495e+00 9.396015e-01)) ((2.801891e+01 -1.425129e-01 -5.491948e-02) (4.879827e-02 3.120455e-05 -2.568957e-05))
500.58        	((6.477319e-01 1.233225e+02 -6.016944e+00) (3.457574e-03 4.185200e+00 9.181986e-01)) ((2.827739e+01 -1.423916e-01 -5.561318e-02) (4.966394e-02 7.680967e-05 1.633580e-05))
500.59        	((6.631503e-01 1.221699e+02 -6.450386e+00) (3.326103e-03 4.145685e+00 8.979300e-01)) ((2.851628e+01 -1.382184e-01 -6.206399e-02) (5.036907e-02 1.306686e-04 2.767007e-06))
500.6         	((6.541206e-01 1.210919e+02 -6.819639e+00) (3.209367e-03 4.107991e+00 8.788387e-01)) ((2.879387e+01 -1.350096e-01 -6.828220e-02) (5.098810e-02 2.106190e-04 2.763345e-05))
500.61        	((6.688133e-01 1.201314e+02 -7.167839e+00) (3.013614e-03 4.072142e+00 8.610665e-01)) ((2.911986e+01 -1.329891e-01 -6.720622e-02) (5.153803e-02 2.929391e-04 -9.387140e-06))
500.62        	((7.099108e-01 1.191692e+02 -7.336612e+00) (2.900858e-03 4.037926e+00 8.443069e-01)) ((2.945303e+01 -1.341476e-01 -6.207809e-02) (5.201883e-02 3.552416e-04 2.397108e-05))
500.63        	((7.300984e-01 1.181380e+02 -7.319605e+00) (2.774574e-03 4.005090e+00 8.286080e-01)) ((2.976568e+01 -1.345922e-01 -5.785770e-02) (5.248729e-02 3.810202e-04 3.919551e-05))
500.64        	((7.226313e-01 1.170721e+02 -7.261038e+00) (2.930725e-03 3.971200e+00 8.144240e-01)) ((3.005604e+01 -1.374552e-01 -5.462665e-02) (5.440422e-02 4.188229e-04 -1.495622e-04))
500.65        	((7.030306e-01 1.160701e+02 -7.269103e+00) (2.759190e-03 3.942780e+00 7.997968e-01)) ((3.036074e+01 -1.396791e-01 -5.099311e-02) (5.328484e-02 4.142850e-04 1.235589e-04))
500.66        	((7.003672e-01 1.151768e+02 -7.416530e+00) (2.710492e-03 3.914101e+00 7.864725e-01)) ((3.070643e+01 -1.388071e-01 -5.707308e-02) (5.316197e-02 4.335250e-04 2.925729e-04))
500.67        	((7.224055e-01 1.143525e+02 -7.671218e+00) (2.644318e-03 3.886394e+00 7.738273e-01)) ((3.108126e+01 -1.381989e-01 -5.737196e-02) (5.312481e-02 4.618386e-04 2.362474e-04))
500.68        	((7.658364e-01 1.135466e+02 -7.873534e+00) (2.584673e-03 3.859839e+00 7.616087e-01)) ((3.145111e+01 -1.394565e-01 -5.779685e-02) (5.302051e-02 4.929724e-04 3.463566e-04))
500.69        	((7.905558e-01 1.127174e+02 -8.017835e+00) (2.596489e-03 3.833787e+00 7.499483e-01)) ((3.179527e+01 -1.424181e-01 -5.538512e-02) (5.306851e-02 4.903957e-04 3.620275e-04))
500.7         	((8.181872e-01 1.118669e+02 -8.140142e+00) (2.651662e-03 3.808178e+00 7.386427e-01)) ((3.210839e+01 -1.458106e-01 -5.777482e-02) (5.301361e-02 4.894417e-04 4.762567e-04))
500.71        	((8.398821e-01 1.110249e+02 -8.297813e+00) (2.720065e-03 3.782894e+00 7.277695e-01)) ((3.238021e+01 -1.510760e-01 -5.784516e-02) (5.303327e-02 4.807137e-04 5.031341e-04))
500.72        	((8.290618e-01 1.107212e+02 -9.167020e+00) (2.760432e-03 3.759673e+00 7.170367e-01)) ((3.274092e+01 -1.545951e-01 -6.431557e-02) (5.300755e-02 4.915392e-04 5.426116e-04))
500.73        	((7.734335e-01 1.105218e+02 -1.009074e+01) (2.842844e-03 3.736670e+00 7.064638e-01)) ((3.307841e+01 -1.590174e-01 -7.072016e-02) (5.303899e-02 5.109913e-04 5.386129e-04))
500.74        	((7.305116e-01 1.101637e+02 -1.077610e+01) (2.866980e-03 3.713678e+00 6.959883e-01)) ((3.334160e+01 -1.606996e-01 -8.072822e-02) (5.293980e-02 5.101810e-04 4.795283e-04))
500.75        	((7.154236e-01 1.094895e+02 -1.092008e+01) (2.949140e-03 3.691203e+00 6.867200e-01)) ((3.343384e+01 -1.634917e-01 -8.352117e-02) (5.295019e-02 5.135672e-04 4.834787e-04))
500.76        	((7.349729e-01 1.088610e+02 -1.116445e+01) (2.918977e-03 3.669155e+00 6.774983e-01)) ((3.349079e+01 -1.649271e-01 -8.709644e-02) (5.289243e-02 5.094589e-04 4.328326e-04))
500.77        	((7.471584e-01 1.085238e+02 -1.193360e+01) (3.094078e-03 3.647899e+00 6.681477e-01)) ((3.360330e+01 -1.703863e-01 -8.522803e-02) (5.298009e-02 5.090003e-04 5.191935e-04))
500.78        	((7.427306e-01 1.084485e+02 -1.318098e+01) (3.155188e-03 3.627163e+00 6.587173e-01)) ((3.378848e+01 -1.731799e-01 -8.897509e-02) (5.301882e-02 4.871016e-04 5.429121e-04))
500.79        	((7.154933e-01 1.084890e+02 -1.459956e+01) (3.220155e-03 3.607088e+00 6.491174e-01)) ((3.399921e+01 -1.757277e-01 -9.274669e-02) (5.317424e-02 4.994055e-04 5.689137e-04))
500.8         	((6.894386e-01 1.085165e+02 -1.594624e+01) (3.226387e-03 3.587618e+00 6.396446e-01)) ((3.419639e+01 -1.761489e-01 -9.935274e-02) (5.327661e-02 5.143313e-04 5.666437e-04))
500.81        	((6.711270e-01 1.084901e+02 -1.715583e+01) (3.267737e-03 3.568610e+00 6.301632e-01)) ((3.435963e+01 -1.773444e-01 -1.038972e-01) (5.350184e-02 5.168402e-04 5.745633e-04))
500.82        	((6.610759e-01 1.084534e+02 -1.831441e+01) (3.326399e-03 3.550229e+00 6.207721e-01)) ((3.450853e+01 -1.786738e-01 -1.074150e-01) (5.365112e-02 4.912088e-04 6.176050e-04))
500.83        	((6.520718e-01 1.084721e+02 -1.955289e+01) (3.308256e-03 3.532225e+00 6.113507e-01)) ((3.466295e+01 -1.792959e-01 -1.101137e-01) (5.390724e-02 4.635209e-04 5.948593e-04))
500.84        	((6.400348e-01 1.085836e+02 -2.090738e+01) (3.295492e-03 3.514926e+00 6.018530e-01)) ((3.484463e+01 -1.798341e-01 -1.144321e-01) (5.412038e-02 4.658903e-04 6.091456e-04))
500.85        	((6.201462e-01 1.087450e+02 -2.232408e+01) (3.282931e-03 3.498245e+00 5.922809e-01)) ((3.505322e+01 -1.812810e-01 -1.173745e-01) (5.444740e-02 4.582761e-04 5.881541e-04))
500.86        	((6.020497e-01 1.088949e+02 -2.368996e+01) (3.217978e-03 3.482324e+00 5.826106e-01)) ((3.528908e+01 -1.824100e-01 -1.214856e-01) (5.475152e-02 4.502018e-04 6.169486e-04))
500.87        	((5.816863e-01 1.090016e+02 -2.496531e+01) (3.120749e-03 3.466919e+00 5.727883e-01)) ((3.554282e+01 -1.839197e-01 -1.227419e-01) (5.514865e-02 4.385098e-04 5.607968e-04))
500.88        	((5.712441e-01 1.091117e+02 -2.616804e+01) (2.987440e-03 3.452109e+00 5.629174e-01)) ((3.581715e+01 -1.842670e-01 -1.270804e-01) (5.555797e-02 4.471064e-04 5.760168e-04))
500.89        	((5.576159e-01 1.092377e+02 -2.732331e+01) (2.926030e-03 3.437808e+00 5.528743e-01)) ((3.611040e+01 -1.864236e-01 -1.282244e-01) (5.601633e-02 4.640203e-04 5.134582e-04))
500.9         	((5.415166e-01 1.093725e+02 -2.845047e+01) (2.843585e-03 3.424082e+00 5.427761e-01)) ((3.643370e+01 -1.874545e-01 -1.337703e-01) (5.646986e-02 4.626744e-04 5.835703e-04))
500.91        	((4.995811e-01 1.095058e+02 -2.958027e+01) (2.780466e-03 3.410769e+00 5.326398e-01)) ((3.679193e+01 -1.893360e-01 -1.365687e-01) (5.694793e-02 4.598041e-04 5.219794e-04))
500.92        	((4.600380e-01 1.096458e+02 -3.068149e+01) (2.594328e-03 3.397830e+00 5.224775e-01)) ((3.718756e+01 -1.891158e-01 -1.448770e-01) (5.743354e-02 4.853413e-04 5.783467e-04))
500.93        	((4.178891e-01 1.097974e+02 -3.175790e+01) (2.433207e-03 3.385070e+00 5.121655e-01)) ((3.761825e+01 -1.910540e-01 -1.489974e-01) (5.789614e-02 5.262784e-04 5.106296e-04))
500.94        	((4.067901e-01 1.099576e+02 -3.281102e+01) (2.258067e-03 3.372853e+00 5.018562e-01)) ((3.808114e+01 -1.925064e-01 -1.575985e-01) (5.846284e-02 5.633891e-04 6.232640e-04))
500.95        	((4.059275e-01 1.101112e+02 -3.382753e+01) (2.244221e-03 3.361324e+00 4.915276e-01)) ((3.856390e+01 -1.971655e-01 -1.589694e-01) (5.903268e-02 5.772929e-04 5.549367e-04))
500.96        	((4.315016e-01 1.103143e+02 -3.499300e+01) (2.078262e-03 3.350067e+00 4.813050e-01)) ((3.907021e+01 -2.000226e-01 -1.626197e-01) (5.971515e-02 5.972262e-04 6.176870e-04))
500.97        	((4.499831e-01 1.105085e+02 -3.609516e+01) (2.028440e-03 3.339351e+00 4.709261e-01)) ((3.957491e+01 -2.071372e-01 -1.584429e-01) (6.029199e-02 6.278642e-04 4.752922e-04))
500.98        	((4.717547e-01 1.106382e+02 -3.702502e+01) (1.826507e-03 3.328905e+00 4.607243e-01)) ((4.006375e+01 -2.126251e-01 -1.610961e-01) (6.101398e-02 6.648650e-04 5.064040e-04))
500.99        	((4.680387e-01 1.107211e+02 -3.781439e+01) (1.785224e-03 3.318966e+00 4.506495e-01)) ((4.053461e+01 -2.212541e-01 -1.570723e-01) (6.161991e-02 6.925561e-04 3.607518e-04))
501           	((4.695132e-01 1.107919e+02 -3.857968e+01) (1.570006e-03 3.309013e+00 4.408085e-01)) ((4.098412e+01 -2.254442e-01 -1.595381e-01) (6.239937e-02 7.068311e-04 4.460708e-04))
501.01        	((4.600182e-01 1.108844e+02 -3.939752e+01) (1.493606e-03 3.299439e+00 4.308683e-01)) ((4.141761e+01 -2.316235e-01 -1.516187e-01) (6.301094e-02 7.254077e-04 2.889976e-04))
501.02        	((4.724111e-01 1.109898e+02 -4.027600e+01) (1.227250e-03 3.289885e+00 4.209895e-01)) ((4.182806e+01 -2.330765e-01 -1.503208e-01) (6.379065e-02 7.486544e-04 3.673004e-04))
501.03        	((4.728532e-01 1.111058e+02 -4.115729e+01) (1.129633e-03 3.280697e+00 4.108817e-01)) ((4.221012e+01 -2.371297e-01 -1.395879e-01) (6.439394e-02 7.802725e-04 1.826484e-04))
501.04        	((4.876331e-01 1.112135e+02 -4.200879e+01) (8.671593e-04 3.271464e+00 4.008106e-01)) ((4.255355e+01 -2.363484e-01 -1.386858e-01) (6.514813e-02 8.079487e-04 2.784426e-04))
501.05        	((4.853274e-01 1.113151e+02 -4.281480e+01) (8.009691e-04 3.262553e+00 3.906146e-01)) ((4.286012e+01 -2.391599e-01 -1.277908e-01) (6.573214e-02 8.236689e-04 8.310253e-05))
501.06        	((5.060874e-01 1.114133e+02 -4.359408e+01) (5.170098e-04 3.253645e+00 3.805465e-01)) ((4.312627e+01 -2.367547e-01 -1.263426e-01) (6.641725e-02 8.265138e-04 1.785544e-04))
501.07        	((5.125946e-01 1.115207e+02 -4.435299e+01) (4.648871e-04 3.245066e+00 3.704866e-01)) ((4.335513e+01 -2.381263e-01 -1.123218e-01) (6.693178e-02 8.318819e-04 -4.779248e-05))
501.08        	((5.394814e-01 1.116277e+02 -4.509235e+01) (2.384488e-04 3.236493e+00 3.606849e-01)) ((4.354362e+01 -2.332073e-01 -1.089314e-01) (6.750022e-02 8.365054e-04 1.114458e-04))
501.09        	((5.448318e-01 1.117373e+02 -4.581667e+01) (2.938994e-04 3.228172e+00 3.510821e-01)) ((4.369914e+01 -2.317023e-01 -9.274338e-02) (6.788493e-02 8.220831e-04 -8.660039e-05))
501.1         	((5.748022e-01 1.118502e+02 -4.651310e+01) (9.123253e-05 3.219879e+00 3.417834e-01)) ((4.382568e+01 -2.226508e-01 -8.980799e-02) (6.824903e-02 8.055422e-04 1.030886e-04))
501.11        	((5.826384e-01 1.119610e+02 -4.716459e+01) (1.734803e-04 3.211857e+00 3.327176e-01)) ((4.392578e+01 -2.180761e-01 -7.349595e-02) (6.849235e-02 7.944203e-04 -1.277919e-04))
501.12        	((6.154706e-01 1.120816e+02 -4.781351e+01) (2.659860e-05 3.204063e+00 3.239089e-01)) ((4.401021e+01 -2.070931e-01 -7.220334e-02) (6.872138e-02 7.901062e-04 1.288308e-04))
501.13        	((6.195210e-01 1.122126e+02 -4.848340e+01) (2.353431e-04 3.196568e+00 3.153088e-01)) ((4.409028e+01 -2.020607e-01 -5.663392e-02) (6.887301e-02 7.607099e-04 -6.337991e-05))
501.14        	((6.444418e-01 1.123266e+02 -4.908609e+01) (1.568637e-04 3.189312e+00 3.068860e-01)) ((4.415625e+01 -1.889604e-01 -5.759181e-02) (6.897515e-02 7.238036e-04 2.480066e-04))
501.15        	((6.376635e-01 1.124189e+02 -4.959524e+01) (4.104466e-04 3.182305e+00 2.987506e-01)) ((4.420721e+01 -1.812509e-01 -4.386909e-02) (6.902630e-02 6.882508e-04 5.692151e-05))
501.16        	((6.600928e-01 1.125113e+02 -5.008117e+01) (3.563064e-04 3.175532e+00 2.908743e-01)) ((4.426225e+01 -1.665079e-01 -4.660004e-02) (6.903371e-02 6.724954e-04 4.120660e-04))
501.17        	((6.556976e-01 1.126066e+02 -5.057501e+01) (6.277342e-04 3.169042e+00 2.831923e-01)) ((4.432845e+01 -1.584509e-01 -3.359593e-02) (6.900979e-02 6.358496e-04 2.147545e-04))
501.18        	((6.703353e-01 1.126788e+02 -5.097040e+01) (5.214290e-04 3.162865e+00 2.757024e-01)) ((4.439012e+01 -1.423298e-01 -3.896884e-02) (6.897432e-02 6.125778e-04 5.386001e-04))
501.19        	((6.420569e-01 1.126448e+02 -5.106694e+01) (7.508141e-04 3.156959e+00 2.684993e-01)) ((4.440925e+01 -1.335633e-01 -2.881853e-02) (6.890126e-02 6.008749e-04 2.890952e-04))
501.2         	((6.550395e-01 1.125467e+02 -5.100133e+01) (6.500006e-04 3.151207e+00 2.616731e-01)) ((4.440780e+01 -1.199767e-01 -3.407569e-02) (6.880801e-02 6.192506e-04 6.386449e-04))
501.21        	((6.465286e-01 1.124407e+02 -5.094023e+01) (8.880269e-04 3.145658e+00 2.551462e-01)) ((4.441185e+01 -1.155613e-01 -2.111740e-02) (6.868784e-02 6.049285e-04 3.755714e-04))
501.22        	((6.631002e-01 1.122700e+02 -5.069672e+01) (7.520018e-04 3.140269e+00 2.489845e-01)) ((4.438103e+01 -1.037124e-01 -2.652787e-02) (6.856550e-02 6.045922e-04 7.002626e-04))
501.23        	((6.304364e-01 1.120084e+02 -5.020489e+01) (9.939773e-04 3.135019e+00 2.432966e-01)) ((4.429850e+01 -1.003188e-01 -1.540158e-02) (6.840979e-02 6.044222e-04 4.099858e-04))
501.24        	((6.124193e-01 1.117807e+02 -4.981662e+01) (8.631227e-04 3.129874e+00 2.380381e-01)) ((4.422808e+01 -9.019133e-02 -2.398633e-02) (6.823664e-02 6.286761e-04 7.590354e-04))
501.25        	((5.695998e-01 1.120530e+02 -5.084879e+01) (1.080624e-03 3.124895e+00 2.328868e-01)) ((4.442970e+01 -8.983431e-02 -1.381962e-02) (6.803799e-02 6.171002e-04 4.565301e-04))
501.26        	((5.707042e-01 1.125674e+02 -5.242725e+01) (8.854986e-04 3.120237e+00 2.274348e-01)) ((4.475852e+01 -8.213011e-02 -2.154887e-02) (6.784856e-02 6.204800e-04 7.886540e-04))
501.27        	((5.425861e-01 1.129496e+02 -5.343562e+01) (1.076113e-03 3.115930e+00 2.217450e-01)) ((4.503007e+01 -8.375876e-02 -9.820752e-03) (6.764802e-02 6.142019e-04 4.590652e-04))
501.28        	((5.412614e-01 1.131257e+02 -5.374769e+01) (8.778918e-04 3.111909e+00 2.161545e-01)) ((4.522716e+01 -7.807789e-02 -1.724381e-02) (6.745938e-02 6.343515e-04 8.161375e-04))
501.29        	((5.003622e-01 1.132638e+02 -5.396015e+01) (1.066834e-03 3.108083e+00 2.109176e-01)) ((4.544456e+01 -8.195188e-02 -5.061506e-03) (6.725849e-02 6.129002e-04 4.849874e-04))
501.3         	((4.944275e-01 1.135165e+02 -5.454133e+01) (7.900645e-04 3.104528e+00 2.059317e-01)) ((4.574292e+01 -7.542023e-02 -1.357547e-02) (6.709027e-02 6.084242e-04 8.047450e-04))
501.31        	((4.559424e-01 1.138701e+02 -5.547793e+01) (9.712511e-04 3.101123e+00 2.011173e-01)) ((4.610362e+01 -7.974894e-02 -9.634249e-04) (6.690508e-02 6.039346e-04 4.794107e-04))
501.32        	((4.581217e-01 1.142341e+02 -5.646620e+01) (6.758581e-04 3.098104e+00 1.961400e-01)) ((4.647660e+01 -7.328543e-02 -9.674709e-03) (6.677437e-02 6.084344e-04 8.094919e-04))
501.33        	((4.243721e-01 1.145587e+02 -5.735622e+01) (8.654156e-04 3.095249e+00 1.911076e-01)) ((4.684988e+01 -7.883273e-02 3.646816e-03) (6.662919e-02 5.902741e-04 4.773228e-04))
501.34        	((4.280321e-01 1.148804e+02 -5.820278e+01) (5.588762e-04 3.092748e+00 1.859170e-01)) ((4.724617e+01 -7.218975e-02 -5.339223e-03) (6.656728e-02 5.760709e-04 7.922018e-04))
501.35        	((3.928418e-01 1.152318e+02 -5.914559e+01) (7.519637e-04 3.090332e+00 1.807861e-01)) ((4.768505e+01 -7.660320e-02 7.952886e-03) (6.654542e-02 5.601723e-04 4.076649e-04))
501.36        	((3.965657e-01 1.155672e+02 -6.011112e+01) (4.801155e-04 3.088145e+00 1.755406e-01)) ((4.813762e+01 -7.022136e-02 -1.164297e-03) (6.659946e-02 5.780429e-04 7.910345e-04))
501.37        	((3.651752e-01 1.159022e+02 -6.116534e+01) (7.056866e-04 3.086108e+00 1.701896e-01)) ((4.859902e+01 -7.483763e-02 1.092312e-02) (6.666468e-02 5.429918e-04 4.171376e-04))
501.38        	((3.704231e-01 1.162409e+02 -6.228185e+01) (4.652614e-04 3.084245e+00 1.646806e-01)) ((4.905692e+01 -6.971109e-02 2.146123e-03) (6.683249e-02 5.423059e-04 7.881068e-04))
501.39        	((3.401897e-01 1.165878e+02 -6.341689e+01) (6.676873e-04 3.082450e+00 1.591607e-01)) ((4.950537e+01 -7.218244e-02 1.516675e-02) (6.718668e-02 4.958922e-04 2.782998e-04))
501.4         	((3.476076e-01 1.169474e+02 -6.454168e+01) (3.803252e-04 3.080828e+00 1.535555e-01)) ((4.994753e+01 -6.595505e-02 5.906757e-03) (6.752826e-02 5.429130e-04 8.320459e-04))
501.41        	((3.266308e-01 1.173150e+02 -6.563322e+01) (6.136578e-04 3.079911e+00 1.476468e-01)) ((5.038543e+01 -6.765318e-02 1.366504e-02) (6.749869e-02 4.996829e-04 4.523876e-04))
501.42        	((3.346056e-01 1.176342e+02 -6.650844e+01) (4.861342e-04 3.078987e+00 1.418129e-01)) ((5.077172e+01 -6.325573e-02 5.839460e-03) (6.764612e-02 4.807399e-04 7.151832e-04))
501.43        	((2.960202e-01 1.179548e+02 -6.737674e+01) (1.193968e-03 3.075000e+00 1.374075e-01)) ((5.114058e+01 -6.903895e-02 2.776599e-02) (7.045693e-02 3.922842e-04 -8.716758e-04))
501.44        	((2.651418e-01 1.182966e+02 -6.835963e+01) (-9.459909e-05 3.072766e+00 1.324769e-01)) ((5.149165e+01 -7.362423e-02 4.704005e-02) (7.205983e-02 4.966074e-04 1.793608e-03))
501.45        	((3.259054e-01 1.186716e+02 -6.935862e+01) (2.591322e-04 3.075996e+00 1.252541e-01)) ((5.185061e+01 -5.419034e-02 3.573275e-03) (6.949210e-02 4.475445e-04 9.957626e-04))
501.46        	((3.174614e-01 1.190493e+02 -7.026388e+01) (6.509545e-04 3.076416e+00 1.192501e-01)) ((5.222383e+01 -5.043557e-02 2.423284e-03) (6.932900e-02 4.072104e-04 3.456185e-04))
501.47        	((3.264131e-01 1.194050e+02 -7.105164e+01) (3.598459e-04 3.076924e+00 1.133480e-01)) ((5.258927e+01 -4.049176e-02 -4.917185e-03) (6.925439e-02 3.322302e-04 4.969832e-04))
501.48        	((2.901681e-01 1.197319e+02 -7.175997e+01) (4.531027e-04 3.076757e+00 1.079926e-01)) ((5.292907e+01 -4.050159e-02 1.348635e-02) (6.976515e-02 2.848110e-04 2.068371e-04))
501.49        	((3.009543e-01 1.200461e+02 -7.242151e+01) (3.306460e-04 3.077072e+00 1.025476e-01)) ((5.324710e+01 -3.119614e-02 5.130012e-03) (6.991863e-02 3.187073e-04 5.119341e-04))
501.5         	((2.673117e-01 1.203617e+02 -7.306351e+01) (7.041219e-04 3.075462e+00 9.763749e-02)) ((5.354802e+01 -3.489247e-02 2.673268e-02) (7.140708e-02 1.981765e-04 -4.228316e-04))
501.51        	((2.620736e-01 1.206878e+02 -7.370670e+01) (4.322788e-04 3.077127e+00 9.205112e-02)) ((5.383392e+01 -3.120306e-02 3.379943e-02) (7.085334e-02 2.590431e-04 2.692149e-04))
501.52        	((2.665569e-01 1.210404e+02 -7.429578e+01) (4.784299e-04 3.078653e+00 8.648109e-02)) ((5.414086e+01 -2.403324e-02 3.173464e-02) (7.029080e-02 1.897454e-04 2.322695e-04))
501.53        	((2.730539e-01 1.213802e+02 -7.489511e+01) (6.779677e-04 3.076861e+00 8.277248e-02)) ((5.443331e+01 -1.674840e-02 2.763020e-02) (7.261133e-02 2.269568e-04 1.862854e-04))
501.54        	((2.809635e-01 1.217334e+02 -7.544444e+01) (5.302838e-04 3.079681e+00 7.678922e-02)) ((5.473301e+01 -9.901867e-03 2.177477e-02) (7.099342e-02 1.293185e-04 1.917760e-04))
501.55        	((2.714705e-01 1.220521e+02 -7.598671e+01) (4.813375e-04 3.080644e+00 7.190493e-02)) ((5.503379e+01 -7.478833e-03 2.381955e-02) (7.096769e-02 7.737989e-05 1.600832e-04))
501.56        	((2.754008e-01 1.223688e+02 -7.652645e+01) (4.051234e-04 3.081515e+00 6.729716e-02)) ((5.533580e+01 -2.761103e-03 1.689481e-02) (7.112463e-02 6.421057e-05 2.646587e-04))
501.57        	((2.526087e-01 1.226932e+02 -7.707824e+01) (5.201806e-04 3.082101e+00 6.291183e-02)) ((5.563430e+01 -6.885445e-03 2.798806e-02) (7.151536e-02 2.011575e-05 1.652381e-05))
501.58        	((2.831720e-01 1.230278e+02 -7.764297e+01) (-3.237864e-04 3.080048e+00 5.997336e-02)) ((5.592652e+01 2.514619e-03 5.864035e-03) (7.418015e-02 1.131006e-04 1.638959e-03))
501.59        	((3.110754e-01 1.233625e+02 -7.823312e+01) (3.052783e-04 3.082717e+00 5.496245e-02)) ((5.619759e+01 1.289717e-02 -1.890358e-02) (7.302417e-02 -3.637041e-05 3.192452e-04))
501.6         	((3.052083e-01 1.237140e+02 -7.876732e+01) (4.068747e-04 3.085200e+00 4.978666e-02)) ((5.649616e+01 1.325336e-02 -1.932671e-02) (7.179171e-02 -3.618226e-06 2.701736e-04))
501.61        	((2.996065e-01 1.240410e+02 -7.932340e+01) (2.459016e-04 3.084949e+00 4.600859e-02)) ((5.678743e+01 1.303945e-02 -1.875451e-02) (7.280803e-02 -5.384879e-05 6.120994e-04))
501.62        	((2.946290e-01 1.243852e+02 -7.984814e+01) (4.260653e-04 3.087607e+00 4.145445e-02)) ((5.709101e+01 1.340904e-02 -1.990209e-02) (7.190525e-02 -1.500439e-05 3.209419e-04))
501.63        	((2.774520e-01 1.247058e+02 -8.040615e+01) (6.036093e-04 3.088068e+00 3.812127e-02)) ((5.737788e+01 8.614658e-03 -1.067281e-02) (7.301543e-02 -5.457062e-05 -2.688872e-05))
501.64        	((2.592431e-01 1.250394e+02 -8.093065e+01) (5.543559e-04 3.090762e+00 3.352180e-02)) ((5.767071e+01 2.910019e-03 -5.503586e-04) (7.220011e-02 -5.516281e-06 1.565265e-04))
501.65        	((2.546042e-01 1.253533e+02 -8.147795e+01) (5.459384e-04 3.091868e+00 2.996041e-02)) ((5.794601e+01 1.251258e-03 -3.819947e-04) (7.286877e-02 4.097342e-05 1.822129e-04))
501.66        	((2.470495e-01 1.256856e+02 -8.198598e+01) (5.895606e-04 3.094316e+00 2.565815e-02)) ((5.823073e+01 -5.986984e-04 9.755825e-05) (7.237805e-02 1.652800e-05 1.579610e-04))
501.67        	((2.369038e-01 1.260033e+02 -8.251735e+01) (6.935204e-04 3.094981e+00 2.264450e-02)) ((5.849493e+01 -3.629604e-03 3.892848e-03) (7.363537e-02 1.003008e-05 -2.854801e-05))
501.68        	((2.259801e-01 1.263418e+02 -8.300363e+01) (6.592444e-04 3.098081e+00 1.819779e-02)) ((5.876993e+01 -6.833003e-03 8.142869e-03) (7.270505e-02 1.184091e-05 8.371450e-05))
501.69        	((2.189782e-01 1.266579e+02 -8.350952e+01) (6.081403e-04 3.098501e+00 1.539277e-02)) ((5.902613e+01 -8.843707e-03 1.040780e-02) (7.419392e-02 4.602111e-05 1.166507e-04))
501.7         	((2.141854e-01 1.269906e+02 -8.396969e+01) (6.334390e-04 3.102242e+00 1.100500e-02)) ((5.929283e+01 -9.902821e-03 1.002612e-02) (7.297822e-02 1.466025e-05 1.024693e-04))
501.71        	((1.988450e-01 1.273012e+02 -8.444617e+01) (8.286093e-04 3.102249e+00 8.519173e-03)) ((5.954083e+01 -1.473199e-02 1.894410e-02) (7.484737e-02 -1.505768e-05 -4.569813e-04))
501.72        	((1.726726e-01 1.275983e+02 -8.493589e+01) (7.085682e-04 3.106368e+00 4.201439e-03)) ((5.980359e+01 -2.252021e-02 3.477785e-02) (7.334548e-02 -1.236690e-07 -6.250242e-05))
501.73        	((1.891587e-01 1.278569e+02 -8.539723e+01) (4.439968e-04 3.107978e+00 1.144022e-03)) ((6.005185e+01 -1.840382e-02 2.354891e-02) (7.385597e-02 8.724564e-05 3.211431e-04))
501.74        	((1.715038e-01 1.281256e+02 -8.579813e+01) (7.666735e-04 3.110586e+00 -2.178305e-03)) ((6.029010e+01 -2.257496e-02 3.084092e-02) (7.376935e-02 -8.658120e-06 -1.480119e-04))
501.75        	((1.992874e-01 1.284091e+02 -8.616761e+01) (3.223718e-04 3.111919e+00 -5.090559e-03)) ((6.051789e+01 -1.588005e-02 1.381857e-02) (7.444089e-02 1.072077e-04 5.326740e-04))
501.76        	((1.870291e-01 1.287137e+02 -8.654010e+01) (6.454208e-04 3.115282e+00 -8.282270e-03)) ((6.074324e+01 -1.748104e-02 1.645324e-02) (7.402287e-02 -5.163921e-05 -2.236888e-05))
501.77        	((1.945161e-01 1.290234e+02 -8.689912e+01) (4.130519e-04 3.117963e+00 -1.170213e-02)) ((6.097428e+01 -1.570408e-02 1.262664e-02) (7.354183e-02 3.322990e-05 9.243293e-05))
501.78        	((1.699729e-01 1.293296e+02 -8.726598e+01) (6.342128e-04 3.120508e+00 -1.410791e-02)) ((6.120359e+01 -2.110733e-02 2.445917e-02) (7.402654e-02 -6.999964e-05 -1.087516e-04))
501.79        	((1.871946e-01 1.296276e+02 -8.761310e+01) (2.824722e-04 3.122817e+00 -1.706494e-02)) ((6.142608e+01 -1.709168e-02 1.520610e-02) (7.391879e-02 5.194552e-05 2.190474e-04))
501.8         	((1.620241e-01 1.299248e+02 -8.794650e+01) (6.662632e-04 3.125542e+00 -1.932259e-02)) ((6.164787e+01 -2.319839e-02 2.815311e-02) (7.437762e-02 -8.760986e-05 -2.283917e-04))
501.81        	((1.774520e-01 1.302117e+02 -8.826427e+01) (3.344614e-04 3.128272e+00 -2.216170e-02)) ((6.186170e+01 -2.077704e-02 2.197466e-02) (7.403827e-02 8.326552e-05 1.407904e-04))
501.82        	((1.501341e-01 1.305065e+02 -8.857421e+01) (7.514478e-04 3.130939e+00 -2.420978e-02)) ((6.207660e+01 -2.774406e-02 3.672049e-02) (7.467504e-02 -6.260567e-05 -3.776165e-04))
501.83        	((1.635716e-01 1.308002e+02 -8.887366e+01) (2.352320e-04 3.133832e+00 -2.690897e-02)) ((6.228323e+01 -2.569860e-02 3.181205e-02) (7.429688e-02 1.293329e-04 8.361470e-05))
501.84        	((1.445226e-01 1.311043e+02 -8.916087e+01) (6.157799e-04 3.137605e+00 -2.915354e-02)) ((6.249591e+01 -2.959469e-02 4.020762e-02) (7.420584e-02 -1.586904e-05 -1.317804e-04))
501.85        	((1.699655e-01 1.313999e+02 -8.943467e+01) (1.984952e-04 3.139898e+00 -3.120006e-02)) ((6.270035e+01 -2.325708e-02 2.608632e-02) (7.452153e-02 1.328513e-04 2.646195e-04))
501.86        	((1.535967e-01 1.317006e+02 -8.970009e+01) (5.657216e-04 3.143938e+00 -3.328087e-02)) ((6.290539e+01 -2.606649e-02 3.275293e-02) (7.436056e-02 -4.872366e-05 -7.864918e-05))
501.87        	((1.801477e-01 1.319894e+02 -8.995558e+01) (-2.479991e-05 3.145694e+00 -3.511096e-02)) ((6.310157e+01 -1.904152e-02 1.806117e-02) (7.502861e-02 1.485702e-04 4.743517e-04))
501.88        	((1.683245e-01 1.322849e+02 -9.020671e+01) (4.549314e-04 3.150366e+00 -3.716369e-02)) ((6.329753e+01 -2.013275e-02 2.130355e-02) (7.456718e-02 -4.639288e-05 -2.830424e-05))
501.89        	((1.794045e-01 1.325698e+02 -9.043241e+01) (3.065931e-04 3.153686e+00 -3.939207e-02)) ((6.349380e+01 -1.835245e-02 1.825783e-02) (7.412666e-02 2.774588e-05 9.904332e-05))
501.9         	((1.572659e-01 1.328564e+02 -9.065653e+01) (5.160890e-04 3.157263e+00 -4.075054e-02)) ((6.368771e+01 -2.494147e-02 3.325873e-02) (7.462341e-02 -6.835800e-05 -1.680791e-04))
501.91        	((1.848806e-01 1.331429e+02 -9.087683e+01) (-3.684656e-04 3.158472e+00 -4.202998e-02)) ((6.386912e+01 -1.730092e-02 1.727201e-02) (7.588278e-02 1.690779e-04 8.307252e-04))
501.92        	((1.811751e-01 1.334415e+02 -9.110261e+01) (3.894696e-04 3.163544e+00 -4.369142e-02)) ((6.404591e+01 -1.415799e-02 1.042478e-02) (7.543643e-02 -5.266488e-05 -1.372735e-04))
501.93        	((1.798896e-01 1.337280e+02 -9.127988e+01) (3.931602e-04 3.168220e+00 -4.595057e-02)) ((6.423259e+01 -1.702556e-02 1.662657e-02) (7.428615e-02 3.579486e-06 1.814738e-06))
501.94        	((1.796674e-01 1.339950e+02 -9.147467e+01) (3.973838e-04 3.170191e+00 -4.639696e-02)) ((6.440330e+01 -1.949343e-02 2.183002e-02) (7.582380e-02 5.873008e-06 1.217615e-04))
501.95        	((1.761235e-01 1.342810e+02 -9.162624e+01) (4.365172e-04 3.175468e+00 -4.882129e-02)) ((6.458673e+01 -2.069311e-02 2.477148e-02) (7.436642e-02 7.906973e-07 7.148789e-05))
501.96        	((1.681695e-01 1.345452e+02 -9.181806e+01) (7.277774e-04 3.175452e+00 -4.827091e-02)) ((6.474987e+01 -2.289877e-02 2.982963e-02) (7.763295e-02 -3.728429e-05 -6.710668e-04))
501.97        	((1.358366e-01 1.348241e+02 -9.198418e+01) (5.152644e-04 3.182444e+00 -5.112825e-02)) ((6.491303e+01 -3.223785e-02 5.232184e-02) (7.494972e-02 9.448785e-06 -2.005891e-04))
501.98        	((1.530297e-01 1.350925e+02 -9.212691e+01) (3.053409e-04 3.186559e+00 -5.233174e-02)) ((6.508478e+01 -2.758753e-02 4.121284e-02) (7.486292e-02 6.451806e-05 1.657603e-04))
501.99        	((1.387594e-01 1.353591e+02 -9.224835e+01) (3.963784e-04 3.190730e+00 -5.350042e-02)) ((6.525796e+01 -3.161732e-02 5.080313e-02) (7.468087e-02 2.121307e-05 -1.563188e-04))
502           	((1.617650e-01 1.356233e+02 -9.236060e+01) (3.414402e-04 3.194655e+00 -5.446416e-02)) ((6.542737e+01 -2.624379e-02 3.765374e-02) (7.472538e-02 8.984974e-05 8.103158e-05))
502.01        	((1.442937e-01 1.358797e+02 -9.246994e+01) (3.751165e-04 3.198654e+00 -5.552216e-02)) ((6.559029e+01 -3.064987e-02 4.895557e-02) (7.461589e-02 1.179059e-05 -8.296567e-05))
502.02        	((1.585780e-01 1.361313e+02 -9.257876e+01) (2.695019e-04 3.202581e+00 -5.627594e-02)) ((6.574832e+01 -2.690472e-02 4.066333e-02) (7.475988e-02 1.040871e-04 4.769339e-05))
502.03        	((1.320060e-01 1.363788e+02 -9.268178e+01) (4.362908e-04 3.205743e+00 -5.681107e-02)) ((6.589781e+01 -3.499737e-02 6.068439e-02) (7.529096e-02 -1.470116e-05 -4.005946e-04))
502.04        	((1.446935e-01 1.366333e+02 -9.277316e+01) (2.431211e-04 3.210238e+00 -5.760814e-02)) ((6.604724e+01 -3.224473e-02 5.442356e-02) (7.508010e-02 1.133416e-04 9.494440e-05))
502.05        	((1.268475e-01 1.368827e+02 -9.284980e+01) (2.955742e-04 3.214062e+00 -5.843344e-02)) ((6.619555e+01 -3.789414e-02 6.822539e-02) (7.502312e-02 5.279322e-05 -3.289813e-04))
502.06        	((1.497500e-01 1.371313e+02 -9.291669e+01) (1.678620e-04 3.218217e+00 -5.878150e-02)) ((6.634326e+01 -3.196613e-02 5.406634e-02) (7.521443e-02 1.388311e-04 1.941000e-04))
502.07        	((1.314951e-01 1.373705e+02 -9.297556e+01) (3.206542e-04 3.221963e+00 -5.932669e-02)) ((6.648320e+01 -3.713836e-02 6.727028e-02) (7.528205e-02 1.908872e-05 -3.600811e-04))
502.08        	((1.573679e-01 1.376096e+02 -9.302969e+01) (-1.732816e-05 3.225670e+00 -5.934552e-02)) ((6.662057e+01 -3.031623e-02 5.151629e-02) (7.585594e-02 1.635159e-04 4.392382e-04))
502.09        	((1.430939e-01 1.378378e+02 -9.308302e+01) (3.688899e-04 3.228684e+00 -5.963224e-02)) ((6.674556e+01 -3.520038e-02 6.423346e-02) (7.628556e-02 1.408252e-05 -7.339327e-04))
502.1         	((1.326369e-01 1.380711e+02 -9.312248e+01) (2.272700e-04 3.234843e+00 -6.058411e-02)) ((6.687624e+01 -3.889848e-02 7.294808e-02) (7.498728e-02 7.204118e-05 -1.595913e-04))
502.11        	((1.347317e-01 1.382916e+02 -9.313284e+01) (-2.095083e-05 3.238952e+00 -6.122049e-02)) ((6.701200e+01 -3.998193e-02 7.655097e-02) (7.453547e-02 1.350951e-04 -1.593799e-04))
502.12        	((1.416240e-01 1.385106e+02 -9.315906e+01) (1.402389e-04 3.242467e+00 -6.057330e-02)) ((6.713516e+01 -3.853070e-02 7.265227e-02) (7.555503e-02 9.893965e-05 -6.597801e-05))
502.13        	((1.509890e-01 1.387392e+02 -9.313892e+01) (-3.447780e-06 3.247188e+00 -6.148365e-02)) ((6.726514e+01 -3.717470e-02 7.058818e-02) (7.452157e-02 1.258599e-04 -1.007218e-04))
502.14        	((1.567357e-01 1.389449e+02 -9.314974e+01) (6.918903e-05 3.251047e+00 -6.078422e-02)) ((6.737853e+01 -3.517116e-02 6.610018e-02) (7.532627e-02 1.050675e-04 -3.849688e-05))
502.15        	((1.624320e-01 1.391528e+02 -9.312081e+01) (-8.776007e-05 3.255233e+00 -6.153590e-02)) ((6.749717e+01 -3.541351e-02 6.852198e-02) (7.449277e-02 1.363094e-04 -1.233651e-04))
502.16        	((1.613554e-01 1.393504e+02 -9.312137e+01) (1.298665e-04 3.258906e+00 -6.059733e-02)) ((6.760277e+01 -3.557197e-02 6.964733e-02) (7.556511e-02 6.872336e-05 -1.288257e-04))
502.17        	((1.667368e-01 1.395554e+02 -9.307449e+01) (-1.292419e-04 3.263309e+00 -6.135091e-02)) ((6.771552e+01 -3.617085e-02 7.294537e-02) (7.454191e-02 1.367729e-04 -1.531389e-04))
502.18        	((1.690155e-01 1.397479e+02 -9.305127e+01) (6.949380e-05 3.266662e+00 -6.022731e-02)) ((6.781338e+01 -3.646682e-02 7.400420e-02) (7.574586e-02 7.492098e-05 -1.714407e-04))
502.19        	((1.745957e-01 1.399470e+02 -9.298341e+01) (-1.447885e-04 3.271246e+00 -6.095960e-02)) ((6.791713e+01 -3.638825e-02 7.639883e-02) (7.458479e-02 1.304560e-04 -1.310038e-04))
502.2         	((1.732226e-01 1.401301e+02 -9.294297e+01) (7.395892e-05 3.273976e+00 -5.942580e-02)) ((6.800395e+01 -3.645773e-02 7.794196e-02) (7.627146e-02 7.819502e-05 -3.322860e-04))
502.21        	((1.769233e-01 1.403199e+02 -9.285683e+01) (-1.583009e-04 3.278882e+00 -6.023169e-02)) ((6.809525e+01 -3.773729e-02 8.535371e-02) (7.468172e-02 1.378343e-04 -1.526140e-04))
502.22        	((1.900940e-01 1.404940e+02 -9.279354e+01) (-8.479073e-05 3.282051e+00 -5.898016e-02)) ((6.817630e+01 -3.354067e-02 8.077932e-02) (7.581460e-02 1.528835e-04 1.143693e-04))
502.23        	((2.081214e-01 1.406746e+02 -9.268382e+01) (-3.949922e-04 3.286344e+00 -5.952632e-02)) ((6.826367e+01 -2.908200e-02 7.907309e-02) (7.455173e-02 2.086756e-04 -5.695282e-05))
502.24        	((2.272134e-01 1.408417e+02 -9.260455e+01) (-3.573570e-04 3.288798e+00 -5.766194e-02)) ((6.833434e+01 -2.236117e-02 7.233654e-02) (7.637832e-02 1.735221e-04 4.437850e-04))
502.25        	((2.532153e-01 1.410134e+02 -9.248408e+01) (-2.842225e-04 3.293976e+00 -5.822439e-02)) ((6.840851e+01 -1.530124e-02 6.530985e-02) (7.475054e-02 1.617673e-04 1.202582e-04))
502.26        	((2.501690e-01 1.411629e+02 -9.237463e+01) (-1.906414e-04 3.297710e+00 -5.728810e-02)) ((6.847532e+01 -1.487355e-02 7.315978e-02) (7.516993e-02 9.130743e-05 -6.883974e-05))
502.27        	((2.577972e-01 1.413118e+02 -9.223581e+01) (-5.211958e-04 3.301345e+00 -5.730228e-02)) ((6.854505e+01 -1.223182e-02 7.768527e-02) (7.456385e-02 2.159996e-04 -3.721719e-05))
502.28        	((2.553183e-01 1.414568e+02 -9.212601e+01) (-2.830242e-04 3.304745e+00 -5.574241e-02)) ((6.860344e+01 -8.712700e-03 7.784264e-02) (7.563426e-02 1.107506e-04 -6.048291e-06))
502.29        	((2.611901e-01 1.416053e+02 -9.197090e+01) (-3.844316e-04 3.308978e+00 -5.572434e-02)) ((6.866788e+01 -7.531448e-03 8.155417e-02) (7.463931e-02 1.899896e-04 -4.049693e-05))
502.3         	((2.619872e-01 1.417323e+02 -9.184678e+01) (-1.679033e-04 3.311741e+00 -5.408079e-02)) ((6.871555e+01 -8.492542e-03 8.671905e-02) (7.577268e-02 1.498875e-04 -2.034468e-04))
502.31        	((2.645539e-01 1.418678e+02 -9.168762e+01) (-3.968139e-04 3.315913e+00 -5.422965e-02)) ((6.877200e+01 -9.166973e-03 9.169489e-02) (7.468327e-02 2.310732e-04 -6.767576e-05))
502.32        	((2.570321e-01 1.419883e+02 -9.156502e+01) (-8.393625e-05 3.317482e+00 -5.188724e-02)) ((6.881170e+01 -1.019131e-02 9.516172e-02) (7.688840e-02 1.892172e-04 -5.244252e-04))
502.33        	((2.460188e-01 1.421158e+02 -9.140149e+01) (-3.800788e-04 3.322514e+00 -5.237391e-02)) ((6.885478e+01 -1.548798e-02 1.094768e-01) (7.495532e-02 2.610169e-04 -1.946729e-04))
502.34        	((2.671426e-01 1.422284e+02 -9.124685e+01) (-3.842589e-04 3.325633e+00 -5.086673e-02)) ((6.889714e+01 -9.035675e-03 9.451147e-02) (7.570945e-02 3.007252e-04 2.921023e-04))
502.35        	((2.668660e-01 1.423367e+02 -9.107027e+01) (-4.752485e-04 3.329170e+00 -5.055095e-02)) ((6.893627e+01 -1.064212e-02 9.870523e-02) (7.494634e-02 2.987643e-04 -1.611138e-04))
502.36        	((2.946033e-01 1.424420e+02 -9.089626e+01) (-4.387503e-04 3.332282e+00 -4.909280e-02)) ((6.897352e+01 -3.537417e-03 8.029199e-02) (7.555078e-02 2.972640e-04 3.127707e-04))
502.37        	((2.722466e-01 1.425359e+02 -9.072199e+01) (-2.551824e-04 3.334955e+00 -4.800481e-02)) ((6.899890e+01 -1.171771e-02 9.857685e-02) (7.569244e-02 2.065629e-04 -3.995490e-04))
502.38        	((2.968212e-01 1.426342e+02 -9.054632e+01) (-6.517531e-04 3.337307e+00 -4.641501e-02)) ((6.902152e+01 -6.102828e-03 8.233924e-02) (7.667163e-02 3.352349e-04 7.305624e-04))
502.39        	((3.015314e-01 1.427207e+02 -9.036984e+01) (-5.150662e-04 3.341061e+00 -4.614936e-02)) ((6.903333e+01 -6.792766e-03 8.189498e-02) (7.550949e-02 2.709689e-04 -9.277114e-05))
502.4         	((3.030702e-01 1.428114e+02 -9.015816e+01) (-2.643941e-04 3.345375e+00 -4.537252e-02)) ((6.906426e+01 -7.400641e-03 7.703334e-02) (7.485085e-02 2.195762e-04 1.562727e-05))
502.41        	((3.040010e-01 1.428762e+02 -8.996457e+01) (-5.203938e-04 3.346657e+00 -4.354212e-02)) ((6.907113e+01 -1.081179e-02 7.872121e-02) (7.585893e-02 2.368468e-04 -9.376780e-06))
502.42        	((2.972268e-01 1.429652e+02 -8.972641e+01) (-1.989358e-04 3.350980e+00 -4.302772e-02)) ((6.909320e+01 -1.471429e-02 7.748481e-02) (7.479229e-02 1.898301e-04 -3.604631e-05))
502.43        	((2.929645e-01 1.430199e+02 -8.952672e+01) (-3.732381e-04 3.352190e+00 -4.122639e-02)) ((6.908927e+01 -2.026650e-02 8.016412e-02) (7.579973e-02 2.613336e-04 -1.973892e-04))
502.44        	((2.833529e-01 1.430940e+02 -8.928680e+01) (-1.685127e-04 3.356617e+00 -4.064271e-02)) ((6.910316e+01 -2.494124e-02 7.919907e-02) (7.480350e-02 2.066543e-04 -9.559481e-05))
502.45        	((2.776264e-01 1.431321e+02 -8.907930e+01) (-5.466679e-05 3.357448e+00 -3.848200e-02)) ((6.909032e+01 -3.339569e-02 8.691870e-02) (7.619034e-02 2.119072e-04 -4.321974e-04))
502.46        	((2.670259e-01 1.431892e+02 -8.883451e+01) (2.147523e-05 3.361994e+00 -3.806134e-02)) ((6.909155e+01 -4.129067e-02 9.265183e-02) (7.489994e-02 1.787414e-04 -8.174366e-05))
502.47        	((2.773199e-01 1.432204e+02 -8.861122e+01) (-3.510617e-04 3.363572e+00 -3.658661e-02)) ((6.907797e+01 -4.380298e-02 8.890009e-02) (7.536645e-02 3.319962e-04 -4.714760e-05))
502.48        	((2.782039e-01 1.432711e+02 -8.835943e+01) (-1.734319e-05 3.367458e+00 -3.558078e-02)) ((6.908149e+01 -4.499581e-02 8.288680e-02) (7.476639e-02 1.917550e-04 3.738502e-07))
502.49        	((2.786676e-01 1.432930e+02 -8.814317e+01) (2.165300e-05 3.367966e+00 -3.304662e-02)) ((6.905753e+01 -5.001991e-02 8.815067e-02) (7.645055e-02 2.152429e-04 -2.304077e-04))
502.5         	((2.734864e-01 1.433347e+02 -8.788931e+01) (5.148687e-05 3.372318e+00 -3.270754e-02)) ((6.904709e+01 -5.445116e-02 9.223918e-02) (7.495728e-02 1.676395e-04 -3.552299e-05))
502.51        	((2.901998e-01 1.433423e+02 -8.766529e+01) (-3.702321e-04 3.373001e+00 -3.078822e-02)) ((6.902012e+01 -5.295767e-02 8.536328e-02) (7.601322e-02 3.021126e-04 3.482229e-04))
502.52        	((2.993585e-01 1.433696e+02 -8.741239e+01) (-9.846232e-06 3.377252e+00 -3.000148e-02)) ((6.900942e+01 -4.900326e-02 7.242592e-02) (7.492167e-02 1.629078e-04 1.266514e-04))
502.53        	((2.926269e-01 1.433687e+02 -8.718496e+01) (1.618201e-06 3.377875e+00 -2.779861e-02)) ((6.897798e+01 -5.472970e-02 8.320034e-02) (7.611754e-02 1.598582e-04 -3.920895e-04))
502.54        	((2.825368e-01 1.433871e+02 -8.692476e+01) (1.060057e-04 3.381816e+00 -2.708591e-02)) ((6.895896e+01 -5.960133e-02 9.171381e-02) (7.495481e-02 1.286435e-04 8.979850e-06))
502.55        	((3.030810e-01 1.433761e+02 -8.669079e+01) (-3.916493e-04 3.382591e+00 -2.516784e-02)) ((6.892264e+01 -5.676189e-02 8.404327e-02) (7.579651e-02 2.961182e-04 3.008665e-04))
502.56        	((3.088694e-01 1.433845e+02 -8.643044e+01) (4.792263e-05 3.386239e+00 -2.424028e-02)) ((6.890228e+01 -5.305289e-02 7.352365e-02) (7.491501e-02 1.408034e-04 1.569375e-04))
502.57        	((3.056147e-01 1.433633e+02 -8.620589e+01) (1.913782e-04 3.385762e+00 -2.155201e-02)) ((6.885715e+01 -5.734260e-02 8.193709e-02) (7.684168e-02 1.826232e-04 -5.274916e-04))
502.58        	((2.823084e-01 1.433641e+02 -8.595069e+01) (2.037617e-04 3.390194e+00 -2.108266e-02)) ((6.882357e+01 -6.506113e-02 9.777632e-02) (7.516389e-02 1.313319e-04 -4.833598e-05))
502.59        	((3.070120e-01 1.433369e+02 -8.570258e+01) (-2.588200e-04 3.391500e+00 -1.949532e-02)) ((6.878359e+01 -6.094946e-02 8.747594e-02) (7.537976e-02 2.992203e-04 2.220649e-04))
502.6         	((2.868627e-01 1.433200e+02 -8.544758e+01) (2.825761e-04 3.394083e+00 -1.786397e-02)) ((6.874879e+01 -6.440325e-02 9.403041e-02) (7.541594e-02 1.138467e-04 -1.079759e-04))
502.61        	((3.248391e-01 1.432905e+02 -8.518924e+01) (-1.942688e-04 3.395383e+00 -1.619615e-02)) ((6.870537e+01 -5.760833e-02 7.682376e-02) (7.558637e-02 2.957893e-04 3.271233e-04))
502.62        	((3.090480e-01 1.432588e+02 -8.493747e+01) (2.335230e-04 3.397921e+00 -1.468091e-02)) ((6.866162e+01 -6.109310e-02 8.390618e-02) (7.540944e-02 7.223279e-05 1.233759e-09))
502.63        	((3.451634e-01 1.432172e+02 -8.468982e+01) (-4.230787e-04 3.398439e+00 -1.298618e-02)) ((6.861224e+01 -5.358046e-02 6.675872e-02) (7.593199e-02 3.174333e-04 5.029356e-04))
502.64        	((3.294412e-01 1.431816e+02 -8.444828e+01) (1.583885e-04 3.401382e+00 -1.148468e-02)) ((6.856488e+01 -5.470997e-02 6.935032e-02) (7.557721e-02 6.867300e-05 4.051297e-05))
502.65        	((3.506039e-01 1.431352e+02 -8.419006e+01) (-1.412989e-04 3.403148e+00 -1.025847e-02)) ((6.851746e+01 -5.219851e-02 6.330682e-02) (7.510163e-02 2.136418e-04 1.758088e-04))
502.66        	((3.239323e-01 1.430864e+02 -8.393663e+01) (3.003342e-04 3.404664e+00 -8.215762e-03)) ((6.846794e+01 -5.908869e-02 7.836266e-02) (7.568929e-02 2.830800e-05 -9.733431e-05))
502.67        	((3.570037e-01 1.430327e+02 -8.368760e+01) (-4.586057e-04 3.405276e+00 -6.425512e-03)) ((6.840736e+01 -5.285239e-02 6.355317e-02) (7.614437e-02 3.039209e-04 5.795554e-04))
502.68        	((3.389515e-01 1.429860e+02 -8.344615e+01) (3.109413e-04 3.407214e+00 -4.611639e-03)) ((6.834634e+01 -5.490561e-02 6.709106e-02) (7.638683e-02 5.163186e-05 -2.473942e-04))
502.69        	((3.469643e-01 1.429251e+02 -8.319125e+01) (-7.229331e-05 3.409604e+00 -3.726826e-03)) ((6.828742e+01 -5.725285e-02 7.134571e-02) (7.524368e-02 2.170834e-04 5.761286e-05))
502.7         	((3.369123e-01 1.428577e+02 -8.293694e+01) (2.183619e-04 3.411527e+00 -2.028795e-03)) ((6.823455e+01 -5.981310e-02 7.588415e-02) (7.527484e-02 1.104744e-04 1.097262e-04))
502.71        	((3.603482e-01 1.427854e+02 -8.268144e+01) (-2.599372e-04 3.412463e+00 -5.273244e-04)) ((6.817661e+01 -5.593506e-02 6.669593e-02) (7.525033e-02 2.689139e-04 1.769989e-04))
502.72        	((3.182567e-01 1.427209e+02 -8.244199e+01) (9.606268e-04 3.410932e+00 2.987667e-03)) ((6.811317e+01 -6.526380e-02 8.729454e-02) (7.829063e-02 3.545054e-05 -1.411997e-03))
502.73        	((2.861136e-01 1.426462e+02 -8.223314e+01) (5.018181e-05 3.414168e+00 3.738500e-03)) ((6.802062e+01 -7.932521e-02 1.193723e-01) (7.655186e-02 2.948825e-04 -1.607964e-04))
502.74        	((2.860940e-01 1.425884e+02 -8.196281e+01) (2.048597e-04 3.417185e+00 4.553603e-03)) ((6.796317e+01 -7.980019e-02 1.177256e-01) (7.533094e-02 1.556704e-04 9.941733e-05))
502.75        	((3.075394e-01 1.424941e+02 -8.172702e+01) (-2.146562e-04 3.416817e+00 6.783965e-03)) ((6.789048e+01 -7.672205e-02 1.094432e-01) (7.636338e-02 3.468362e-04 1.223076e-04))
502.76        	((3.231613e-01 1.424288e+02 -8.145439e+01) (1.355512e-04 3.419805e+00 7.812537e-03)) ((6.783919e+01 -6.988721e-02 9.198518e-02) (7.534266e-02 1.682936e-04 1.585823e-04))
502.77        	((3.383547e-01 1.423284e+02 -8.122375e+01) (-2.154306e-04 3.419792e+00 1.000483e-02)) ((6.776309e+01 -6.773173e-02 8.784700e-02) (7.611344e-02 2.707139e-04 2.265889e-04))
502.78        	((3.415831e-01 1.422698e+02 -8.102336e+01) (1.083882e-04 3.422281e+00 1.111149e-02)) ((6.772096e+01 -6.383386e-02 7.984662e-02) (7.535021e-02 1.440517e-04 2.034797e-04))
502.79        	((3.561560e-01 1.421597e+02 -8.079694e+01) (-5.287502e-04 3.421126e+00 1.356056e-02)) ((6.763390e+01 -6.093498e-02 7.557804e-02) (7.682083e-02 3.146859e-04 4.544710e-04))
502.8         	((3.668539e-01 1.420645e+02 -8.050463e+01) (-5.034242e-06 3.424264e+00 1.448273e-02)) ((6.755456e+01 -5.420668e-02 6.075544e-02) (7.558113e-02 1.524853e-04 2.829856e-04))
502.81        	((3.640012e-01 1.419666e+02 -8.029966e+01) (-1.105774e-04 3.424366e+00 1.654502e-02)) ((6.748086e+01 -5.933763e-02 7.273307e-02) (7.615881e-02 1.859439e-04 -1.038718e-04))
502.82        	((3.653849e-01 1.418740e+02 -8.003199e+01) (7.615250e-05 3.426411e+00 1.775339e-02)) ((6.740976e+01 -5.937250e-02 7.196011e-02) (7.550321e-02 1.389735e-04 2.045633e-04))
502.83        	((3.665534e-01 1.417751e+02 -7.984390e+01) (-1.769893e-04 3.425203e+00 2.020464e-02)) ((6.733015e+01 -6.200503e-02 7.832842e-02) (7.700571e-02 2.304834e-04 -2.376447e-04))
502.84        	((3.530390e-01 1.416837e+02 -7.957334e+01) (9.719671e-05 3.428177e+00 2.108249e-02)) ((6.725395e+01 -6.270274e-02 7.975331e-02) (7.573030e-02 1.516405e-04 1.147790e-04))
502.85        	((3.740175e-01 1.415715e+02 -7.936955e+01) (-2.585283e-04 3.428153e+00 2.308417e-02)) ((6.717508e+01 -5.987197e-02 7.331441e-02) (7.626609e-02 3.402743e-04 1.836550e-04))
502.86        	((3.744579e-01 1.414785e+02 -7.914914e+01) (1.149106e-04 3.430037e+00 2.428814e-02)) ((6.711379e+01 -5.712127e-02 6.699782e-02) (7.568282e-02 1.775193e-04 1.745810e-04))
502.87        	((3.808168e-01 1.413428e+02 -7.890313e+01) (-2.242954e-04 3.428490e+00 2.675366e-02)) ((6.700911e+01 -5.816845e-02 7.077553e-02) (7.720610e-02 3.696661e-04 -5.276328e-05))
502.88        	((3.758867e-01 1.412542e+02 -7.866970e+01) (1.211576e-04 3.431362e+00 2.756005e-02)) ((6.693699e+01 -5.619983e-02 6.716676e-02) (7.589935e-02 1.958877e-04 1.349796e-04))
502.89        	((3.790280e-01 1.411354e+02 -7.849024e+01) (-9.993838e-05 3.430313e+00 2.984687e-02)) ((6.684923e+01 -5.875143e-02 7.503133e-02) (7.699892e-02 2.943030e-04 -1.137797e-04))
502.9         	((3.760403e-01 1.410371e+02 -7.826769e+01) (1.484237e-04 3.432631e+00 3.070374e-02)) ((6.677991e+01 -5.788842e-02 7.438503e-02) (7.590436e-02 1.802829e-04 1.414382e-04))
502.91        	((3.834302e-01 1.409034e+02 -7.807166e+01) (-3.621324e-04 3.430616e+00 3.307937e-02)) ((6.668357e+01 -5.784344e-02 7.701018e-02) (7.750651e-02 3.753673e-04 -1.855436e-05))
502.92        	((3.822149e-01 1.407877e+02 -7.778695e+01) (8.720776e-05 3.433551e+00 3.383705e-02)) ((6.659301e+01 -5.403924e-02 7.001017e-02) (7.610110e-02 2.037761e-04 1.539693e-04))
502.93        	((3.869064e-01 1.406586e+02 -7.758939e+01) (-2.180059e-05 3.432893e+00 3.588663e-02)) ((6.650051e+01 -5.602979e-02 7.613845e-02) (7.681393e-02 2.842676e-04 -7.494007e-05))
502.94        	((3.874159e-01 1.405581e+02 -7.738856e+01) (1.698295e-04 3.434463e+00 3.684038e-02)) ((6.643245e+01 -5.461629e-02 7.471128e-02) (7.598480e-02 1.902910e-04 1.618567e-04))
502.95        	((3.870660e-01 1.404227e+02 -7.718671e+01) (-4.234526e-06 3.432283e+00 3.952110e-02)) ((6.632784e+01 -5.620563e-02 8.123704e-02) (7.795361e-02 3.007528e-04 -2.613714e-04))
502.96        	((3.703851e-01 1.403244e+02 -7.698901e+01) (1.917472e-04 3.434907e+00 3.997167e-02)) ((6.624960e+01 -5.656964e-02 8.489931e-02) (7.634584e-02 1.983663e-04 8.030401e-05))
502.97        	((3.960920e-01 1.401956e+02 -7.681979e+01) (-3.274977e-04 3.434006e+00 4.172385e-02)) ((6.616382e+01 -5.059854e-02 7.447775e-02) (7.698712e-02 4.023739e-04 3.277850e-04))
502.98        	((3.957595e-01 1.400724e+02 -7.657727e+01) (1.547949e-04 3.435521e+00 4.279814e-02)) ((6.607719e+01 -4.663014e-02 6.767344e-02) (7.628937e-02 2.118717e-04 1.723677e-04))
502.99        	((4.188704e-01 1.399423e+02 -7.638752e+01) (-2.330379e-04 3.434831e+00 4.436338e-02)) ((6.598826e+01 -4.278155e-02 6.177543e-02) (7.660519e-02 3.655111e-04 1.920212e-04))
503           	((4.088592e-01 1.398273e+02 -7.616214e+01) (1.851926e-04 3.435846e+00 4.560959e-02)) ((6.590414e+01 -4.220979e-02 6.320270e-02) (7.626060e-02 2.029030e-04 1.595278e-04))
503.01        	((4.297758e-01 1.397033e+02 -7.600653e+01) (-3.217250e-04 3.434522e+00 4.740079e-02)) ((6.581449e+01 -3.795820e-02 5.706300e-02) (7.700967e-02 4.010535e-04 3.225063e-04))
503.02        	((4.234373e-01 1.395935e+02 -7.580248e+01) (1.537108e-04 3.435858e+00 4.839530e-02)) ((6.573093e+01 -3.517752e-02 5.351620e-02) (7.636595e-02 2.120756e-04 2.054867e-04))
503.03        	((4.372746e-01 1.394647e+02 -7.565097e+01) (-2.112922e-04 3.434653e+00 5.003997e-02)) ((6.564065e+01 -3.330279e-02 5.245209e-02) (7.693110e-02 3.641940e-04 1.955223e-04))
503.04        	((4.330949e-01 1.393515e+02 -7.543852e+01) (1.580112e-04 3.435838e+00 5.098201e-02)) ((6.555980e+01 -3.132453e-02 5.018946e-02) (7.630446e-02 2.152822e-04 2.148321e-04))
503.05        	((4.348596e-01 1.392186e+02 -7.530208e+01) (-6.977911e-05 3.432372e+00 5.380863e-02)) ((6.546010e+01 -3.287484e-02 5.691721e-02) (7.879993e-02 3.358472e-04 -1.490854e-04))
503.06        	((4.212870e-01 1.391171e+02 -7.511230e+01) (1.932480e-04 3.435113e+00 5.386571e-02)) ((6.536777e+01 -3.348671e-02 6.049073e-02) (7.680519e-02 2.174624e-04 1.265764e-04))
503.07        	((4.324792e-01 1.389917e+02 -7.492107e+01) (-1.714063e-04 3.434788e+00 5.485525e-02)) ((6.527915e+01 -3.224250e-02 6.005214e-02) (7.645263e-02 3.535666e-04 1.125195e-04))
503.08        	((4.110016e-01 1.388761e+02 -7.478167e+01) (2.532143e-04 3.434709e+00 5.634042e-02)) ((6.520583e+01 -3.479108e-02 6.780117e-02) (7.677974e-02 2.142050e-04 5.091083e-06))
503.09        	((4.414426e-01 1.387542e+02 -7.461606e+01) (-4.959180e-04 3.433516e+00 5.747368e-02)) ((6.511891e+01 -2.761650e-02 5.411158e-02) (7.692569e-02 4.327741e-04 3.313416e-04))
503.1         	((4.128486e-01 1.386399e+02 -7.444679e+01) (2.127474e-04 3.433901e+00 5.899993e-02)) ((6.503188e+01 -3.034423e-02 6.360412e-02) (7.715662e-02 1.828066e-04 -7.595184e-05))
503.11        	((4.462315e-01 1.385257e+02 -7.429222e+01) (-3.349612e-04 3.432609e+00 6.048252e-02)) ((6.494150e+01 -2.396984e-02 5.109068e-02) (7.762861e-02 4.085463e-04 6.145898e-04))
503.12        	((4.303314e-01 1.384146e+02 -7.415371e+01) (2.361050e-04 3.432722e+00 6.154282e-02)) ((6.485178e+01 -2.582462e-02 5.763968e-02) (7.747725e-02 1.800724e-04 -6.277935e-05))
503.13        	((4.342643e-01 1.383038e+02 -7.400974e+01) (-2.032201e-04 3.432937e+00 6.196101e-02)) ((6.477395e+01 -2.634036e-02 6.155055e-02) (7.652797e-02 3.551804e-04 8.170310e-05))
503.14        	((4.122452e-01 1.381907e+02 -7.387910e+01) (1.391840e-04 3.432737e+00 6.338579e-02)) ((6.469887e+01 -2.813538e-02 6.778901e-02) (7.690263e-02 2.238411e-04 5.972545e-05))
503.15        	((4.240743e-01 1.380784e+02 -7.373249e+01) (-2.628388e-04 3.432331e+00 6.412551e-02)) ((6.462654e+01 -2.620275e-02 6.569156e-02) (7.646595e-02 3.718636e-04 1.036742e-04))
503.16        	((4.003668e-01 1.379642e+02 -7.361096e+01) (2.280039e-04 3.431390e+00 6.590975e-02)) ((6.454734e+01 -2.984273e-02 7.575184e-02) (7.739844e-02 1.939194e-04 -1.548204e-04))
503.17        	((4.122880e-01 1.378530e+02 -7.347816e+01) (-2.798862e-04 3.431154e+00 6.638015e-02)) ((6.446763e+01 -2.917057e-02 7.638810e-02) (7.664780e-02 3.836030e-04 8.249267e-05))
503.18        	((3.946899e-01 1.377430e+02 -7.335852e+01) (1.160776e-04 3.430996e+00 6.760546e-02)) ((6.439318e+01 -3.066779e-02 8.159876e-02) (7.683072e-02 2.367683e-04 6.287861e-05))
503.19        	((4.236468e-01 1.376357e+02 -7.324660e+01) (-3.934407e-04 3.429775e+00 6.864700e-02)) ((6.431840e+01 -2.386092e-02 6.819924e-02) (7.694785e-02 4.176436e-04 3.137479e-04))
503.2         	((3.932029e-01 1.375333e+02 -7.313740e+01) (2.672757e-04 3.429050e+00 7.008502e-02)) ((6.424312e+01 -2.844967e-02 8.098057e-02) (7.758164e-02 1.921049e-04 -2.421688e-04))
503.21        	((4.134670e-01 1.374228e+02 -7.303157e+01) (-4.293414e-04 3.427950e+00 7.094006e-02)) ((6.416023e+01 -2.473770e-02 7.498414e-02) (7.750593e-02 4.526464e-04 3.894040e-04))
503.22        	((4.042989e-01 1.373228e+02 -7.292587e+01) (4.992600e-05 3.428661e+00 7.148217e-02)) ((6.409258e+01 -2.298691e-02 7.295230e-02) (7.682451e-02 2.579473e-04 1.850506e-04))
503.23        	((4.228954e-01 1.372173e+02 -7.283370e+01) (-2.968689e-04 3.427569e+00 7.224178e-02)) ((6.402748e+01 -1.930159e-02 6.666008e-02) (7.667542e-02 3.933494e-04 1.803178e-04))
503.24        	((3.974089e-01 1.371159e+02 -7.274507e+01) (2.002823e-04 3.426952e+00 7.349171e-02)) ((6.396216e+01 -2.392629e-02 7.886148e-02) (7.714614e-02 2.321380e-04 -6.885248e-05))
503.25        	((4.321508e-01 1.370112e+02 -7.265936e+01) (-6.699633e-04 3.424492e+00 7.478389e-02)) ((6.388657e+01 -1.587104e-02 6.250065e-02) (7.805131e-02 4.580871e-04 8.068760e-04))
503.26        	((4.209831e-01 1.369149e+02 -7.259283e+01) (2.403293e-04 3.424142e+00 7.591228e-02)) ((6.380769e+01 -1.448195e-02 6.102091e-02) (7.834866e-02 1.865009e-04 -2.727756e-04))
503.27        	((4.121065e-01 1.368189e+02 -7.251080e+01) (-1.706732e-04 3.424564e+00 7.573799e-02)) ((6.373988e+01 -1.941086e-02 7.460925e-02) (7.681609e-02 3.468983e-04 1.283003e-05))
503.28        	((4.232287e-01 1.367189e+02 -7.243943e+01) (-5.629422e-05 3.424022e+00 7.677185e-02)) ((6.367959e+01 -1.401289e-02 6.352260e-02) (7.710012e-02 2.675402e-04 4.007237e-04))
503.29        	((4.130282e-01 1.366254e+02 -7.235882e+01) (-3.174265e-04 3.422943e+00 7.711033e-02)) ((6.362339e+01 -1.683560e-02 7.290081e-02) (7.668253e-02 3.850973e-04 6.837832e-06))
503.3         	((4.362344e-01 1.365348e+02 -7.229823e+01) (-1.196595e-04 3.422260e+00 7.844439e-02)) ((6.356687e+01 -7.059627e-03 5.139583e-02) (7.733897e-02 3.319244e-04 4.994254e-04))
503.31        	((4.060712e-01 1.364388e+02 -7.224754e+01) (6.806586e-04 3.417937e+00 8.060615e-02)) ((6.349795e+01 -1.761905e-02 7.702548e-02) (7.983043e-02 2.636323e-04 -1.450706e-03))
503.32        	((3.652362e-01 1.363455e+02 -7.223264e+01) (2.471411e-04 3.419472e+00 8.041603e-02)) ((6.341126e+01 -3.010694e-02 1.070161e-01) (7.819948e-02 3.000759e-04 3.852398e-06))
503.33        	((3.654215e-01 1.362699e+02 -7.216140e+01) (-2.154242e-04 3.419558e+00 7.999244e-02)) ((6.335934e+01 -3.217942e-02 1.126545e-01) (7.676680e-02 3.925842e-04 1.672063e-05))
503.34        	((3.733214e-01 1.361781e+02 -7.212943e+01) (4.942252e-05 3.417612e+00 8.162602e-02)) ((6.330338e+01 -2.606041e-02 9.882647e-02) (7.824992e-02 3.610726e-04 2.836101e-04))
503.35        	((3.951572e-01 1.361024e+02 -7.205967e+01) (-1.833668e-04 3.417936e+00 8.137765e-02)) ((6.325933e+01 -2.126547e-02 8.851231e-02) (7.681801e-02 3.867040e-04 1.088117e-04))
503.36        	((3.834034e-01 1.360089e+02 -7.203171e+01) (1.853433e-04 3.416368e+00 8.259579e-02)) ((6.320462e+01 -2.263228e-02 9.286349e-02) (7.774896e-02 2.612914e-04 -1.133995e-04))
503.37        	((3.805160e-01 1.359241e+02 -7.197919e+01) (-2.839302e-04 3.416007e+00 8.244605e-02)) ((6.315793e+01 -2.422289e-02 9.954781e-02) (7.674492e-02 3.943593e-04 1.450680e-05))
503.38        	((3.893085e-01 1.358333e+02 -7.197589e+01) (-3.801478e-04 3.413072e+00 8.449404e-02)) ((6.309855e+01 -1.702147e-02 8.569247e-02) (7.903432e-02 3.210625e-04 8.842844e-04))
503.39        	((4.308036e-01 1.357619e+02 -7.194579e+01) (-3.652621e-04 3.413896e+00 8.389325e-02)) ((6.304532e+01 -5.459710e-03 6.152331e-02) (7.712955e-02 3.613883e-04 3.321890e-04))
503.4         	((4.091514e-01 1.356837e+02 -7.192530e+01) (1.375585e-04 3.412667e+00 8.484922e-02)) ((6.299870e+01 -9.765347e-03 7.305027e-02) (7.776538e-02 1.982954e-04 -1.453680e-04))
503.41        	((4.358460e-01 1.356075e+02 -7.190557e+01) (-9.279386e-04 3.409868e+00 8.559653e-02)) ((6.294681e+01 -3.477872e-03 6.136136e-02) (7.862025e-02 3.695786e-04 1.026183e-03))
503.42        	((4.460085e-01 1.355439e+02 -7.189394e+01) (-2.048037e-04 3.411111e+00 8.556496e-02)) ((6.290065e+01 4.804385e-03 4.450217e-02) (7.745963e-02 2.326586e-04 3.680203e-04))
503.43        	((4.568593e-01 1.354682e+02 -7.185873e+01) (-3.093399e-04 3.410375e+00 8.563975e-02)) ((6.286641e+01 6.195547e-03 4.317703e-02) (7.683297e-02 3.275359e-04 2.004888e-04))
503.44        	((4.461783e-01 1.353857e+02 -7.186961e+01) (3.343119e-04 3.405614e+00 8.808535e-02)) ((6.281443e+01 3.622396e-03 4.958375e-02) (8.026554e-02 1.901692e-04 -6.428711e-04))
503.45        	((3.997620e-01 1.353247e+02 -7.187147e+01) (-2.634959e-04 3.407238e+00 8.679471e-02)) ((6.275986e+01 -1.087308e-02 8.557771e-02) (7.759939e-02 3.502817e-04 -1.709375e-04))
503.46        	((4.194954e-01 1.352622e+02 -7.186909e+01) (-2.244651e-04 3.406739e+00 8.733090e-02)) ((6.272385e+01 -3.583017e-03 6.812944e-02) (7.773721e-02 3.025728e-04 4.693603e-04))
503.47        	((4.092261e-01 1.351911e+02 -7.185912e+01) (-6.069782e-05 3.405375e+00 8.769514e-02)) ((6.268745e+01 -8.163921e-03 7.914981e-02) (7.770221e-02 3.500845e-04 -2.419921e-04))
503.48        	((4.417807e-01 1.351305e+02 -7.185302e+01) (-2.312239e-04 3.404321e+00 8.825560e-02)) ((6.265384e+01 4.317540e-04 5.816966e-02) (7.806186e-02 3.268741e-04 5.901588e-04))
503.49        	((4.248828e-01 1.350620e+02 -7.186076e+01) (-2.795833e-04 3.402720e+00 8.822237e-02)) ((6.261245e+01 -4.164545e-03 7.096339e-02) (7.789726e-02 3.643932e-04 -2.551332e-04))
503.5         	((4.267536e-01 1.350030e+02 -7.186685e+01) (-1.500945e-04 3.403100e+00 8.841935e-02)) ((6.258308e+01 -6.840273e-04 6.406158e-02) (7.741999e-02 2.916644e-04 2.265808e-04))
503.51        	((4.082388e-01 1.349335e+02 -7.187186e+01) (-2.392980e-04 3.401632e+00 8.867603e-02)) ((6.255094e+01 -6.555538e-03 8.013679e-02) (7.740512e-02 3.247732e-04 -5.918193e-05))
503.52        	((4.485669e-01 1.348764e+02 -7.188682e+01) (-7.435862e-04 3.398357e+00 9.024502e-02)) ((6.251767e+01 6.038705e-03 5.198286e-02) (7.962591e-02 3.385485e-04 1.434667e-03))
503.53        	((4.742586e-01 1.348178e+02 -7.193033e+01) (-5.263322e-04 3.398151e+00 8.972878e-02)) ((6.246447e+01 1.415521e-02 3.541179e-02) (7.850734e-02 3.139832e-04 1.101754e-04))
503.54        	((4.691925e-01 1.347805e+02 -7.192896e+01) (-2.127901e-04 3.399061e+00 8.932874e-02)) ((6.244383e+01 1.597308e-02 3.281519e-02) (7.740744e-02 2.457835e-04 2.318635e-04))
503.55        	((4.747848e-01 1.347136e+02 -7.195392e+01) (-5.948295e-04 3.396607e+00 9.005403e-02)) ((6.240990e+01 1.635047e-02 3.430704e-02) (7.826737e-02 2.932572e-04 4.569882e-04))
503.56        	((4.751655e-01 1.346742e+02 -7.194572e+01) (-2.499893e-04 3.397013e+00 8.968098e-02)) ((6.239473e+01 1.838748e-02 3.099512e-02) (7.736307e-02 2.311143e-04 3.184471e-04))
503.57        	((4.727856e-01 1.346093e+02 -7.199063e+01) (-4.197834e-04 3.393451e+00 9.056714e-02)) ((6.235632e+01 1.673969e-02 3.640017e-02) (7.892721e-02 2.960660e-04 -7.202445e-05))
503.58        	((4.558115e-01 1.345743e+02 -7.200860e+01) (-1.936747e-04 3.394713e+00 9.002411e-02)) ((6.233664e+01 1.407810e-02 4.261578e-02) (7.760897e-02 2.381099e-04 1.701338e-04))
503.59        	((4.854355e-01 1.345131e+02 -7.205147e+01) (-8.182390e-04 3.390692e+00 9.109116e-02)) ((6.230306e+01 2.065600e-02 2.789010e-02) (7.952116e-02 3.756387e-04 1.168914e-03))
503.6         	((5.208247e-01 1.344684e+02 -7.209098e+01) (-3.077989e-04 3.392130e+00 9.044757e-02)) ((6.227239e+01 3.211856e-02 5.402704e-04) (7.798061e-02 2.470733e-04 4.838064e-04))
503.61        	((5.127168e-01 1.344239e+02 -7.210641e+01) (-5.097517e-04 3.391054e+00 9.009176e-02)) ((6.225372e+01 2.978294e-02 7.864155e-03) (7.751685e-02 3.367587e-04 1.313300e-04))
503.62        	((5.246342e-01 1.343872e+02 -7.214098e+01) (-7.407777e-04 3.389264e+00 9.111727e-02)) ((6.223534e+01 3.679345e-02 -7.141726e-03) (7.886876e-02 2.141636e-04 1.000281e-03))
503.63        	((5.170323e-01 1.343548e+02 -7.216845e+01) (-4.466750e-04 3.388838e+00 9.062234e-02)) ((6.221083e+01 3.545469e-02 -1.502551e-03) (7.801187e-02 2.675053e-04 2.022596e-04))
503.64        	((5.183463e-01 1.343158e+02 -7.219075e+01) (-2.211340e-04 3.388642e+00 9.038098e-02)) ((6.219879e+01 3.562256e-02 -2.324407e-03) (7.762641e-02 2.367112e-04 2.927801e-04))
503.65        	((4.905346e-01 1.342619e+02 -7.224239e+01) (-2.061356e-04 3.385469e+00 9.108547e-02)) ((6.217311e+01 2.560232e-02 2.112139e-02) (7.901271e-02 2.590023e-04 -4.639475e-04))
503.66        	((4.644061e-01 1.342345e+02 -7.228134e+01) (-1.338481e-04 3.386389e+00 9.049284e-02)) ((6.215930e+01 1.887587e-02 3.524737e-02) (7.795500e-02 2.379921e-04 9.010761e-05))
503.67        	((4.755044e-01 1.341908e+02 -7.232157e+01) (-3.915158e-04 3.385011e+00 9.035043e-02)) ((6.214192e+01 1.982687e-02 3.225152e-02) (7.786240e-02 3.295735e-04 2.310067e-04))
503.68        	((4.576914e-01 1.341591e+02 -7.235664e+01) (-5.456295e-05 3.384320e+00 9.037538e-02)) ((6.213074e+01 1.572454e-02 4.037790e-02) (7.796646e-02 2.408893e-04 5.610267e-05))
503.69        	((4.903338e-01 1.341252e+02 -7.240234e+01) (-7.297299e-04 3.381581e+00 9.072817e-02)) ((6.211158e+01 2.393678e-02 2.166720e-02) (7.894719e-02 4.447861e-04 7.047454e-04))
503.7         	((4.709712e-01 1.341036e+02 -7.246209e+01) (-4.302168e-06 3.381363e+00 9.078328e-02)) ((6.209186e+01 2.277256e-02 2.457559e-02) (7.896682e-02 2.203969e-04 -1.135633e-04))
503.71        	((4.665560e-01 1.340757e+02 -7.249707e+01) (-2.766864e-04 3.381090e+00 8.993439e-02)) ((6.208071e+01 1.929924e-02 3.342582e-02) (7.788858e-02 3.173862e-04 9.970648e-05))
503.72        	((4.616825e-01 1.340389e+02 -7.254914e+01) (-1.552834e-04 3.380127e+00 9.006226e-02)) ((6.206987e+01 1.887204e-02 3.458954e-02) (7.825131e-02 2.464481e-04 2.489742e-04))
503.73        	((4.584675e-01 1.340123e+02 -7.257964e+01) (-4.505024e-04 3.379110e+00 8.937627e-02)) ((6.206728e+01 1.780610e-02 3.852954e-02) (7.770917e-02 3.425705e-04 1.267101e-04))
503.74        	((4.511569e-01 1.339844e+02 -7.266232e+01) (-1.164014e-04 3.375735e+00 9.097233e-02)) ((6.204689e+01 1.845632e-02 3.663435e-02) (8.042085e-02 2.796679e-04 1.002147e-04))
503.75        	((4.481965e-01 1.339723e+02 -7.271361e+01) (-2.939976e-04 3.376825e+00 8.949022e-02)) ((6.202974e+01 1.572126e-02 4.283218e-02) (7.829252e-02 3.211154e-04 1.248192e-04))
503.76        	((4.491873e-01 1.339458e+02 -7.276112e+01) (-1.227715e-04 3.376560e+00 8.918523e-02)) ((6.202728e+01 1.618395e-02 4.048495e-02) (7.806497e-02 2.561415e-04 2.230286e-04))
503.77        	((4.452399e-01 1.339143e+02 -7.281241e+01) (-3.995117e-04 3.374945e+00 8.884804e-02)) ((6.202200e+01 1.424978e-02 4.556739e-02) (7.811922e-02 3.459019e-04 7.565758e-05))
503.78        	((4.448982e-01 1.339031e+02 -7.285447e+01) (-1.585918e-04 3.374881e+00 8.866269e-02)) ((6.202896e+01 1.682146e-02 3.915452e-02) (7.800166e-02 2.644176e-04 2.192845e-04))
503.79        	((4.219339e-01 1.338747e+02 -7.293192e+01) (4.365685e-04 3.369643e+00 9.024145e-02)) ((6.201168e+01 8.740073e-03 5.805595e-02) (8.119044e-02 2.421352e-04 -1.316017e-03))
503.8         	((3.590636e-01 1.338658e+02 -7.301489e+01) (1.481786e-04 3.371963e+00 8.873971e-02)) ((6.198962e+01 -9.581555e-03 1.003905e-01) (7.889627e-02 2.372592e-04 -2.490305e-04))
503.81        	((3.863276e-01 1.338529e+02 -7.307603e+01) (-6.504411e-04 3.370056e+00 8.854048e-02)) ((6.197999e+01 -4.156122e-03 8.717348e-02) (7.924394e-02 4.235486e-04 5.520626e-04))
503.82        	((3.807128e-01 1.338458e+02 -7.313648e+01) (2.820023e-06 3.370210e+00 8.803862e-02)) ((6.198121e+01 -1.916493e-03 8.058862e-02) (7.883548e-02 2.965884e-04 -5.011417e-05))
503.83        	((3.999242e-01 1.338318e+02 -7.317535e+01) (-2.615387e-04 3.369670e+00 8.732962e-02)) ((6.199024e+01 9.844772e-04 7.251956e-02) (7.815612e-02 3.407028e-04 1.316136e-04))
503.84        	((3.799615e-01 1.338099e+02 -7.324412e+01) (5.837239e-05 3.368164e+00 8.755418e-02)) ((6.199030e+01 -3.770184e-03 8.314501e-02) (7.900863e-02 2.396615e-04 -1.686091e-04))
503.85        	((3.796179e-01 1.337957e+02 -7.329847e+01) (-4.003663e-04 3.367676e+00 8.660309e-02)) ((6.199362e+01 -4.322977e-03 8.601329e-02) (7.818949e-02 3.564242e-04 7.518818e-05))
503.86        	((3.675161e-01 1.337806e+02 -7.337758e+01) (-1.210762e-04 3.367075e+00 8.667573e-02)) ((6.199653e+01 -3.772293e-03 8.554457e-02) (7.862125e-02 2.579831e-04 9.531645e-05))
503.87        	((3.811816e-01 1.337710e+02 -7.342643e+01) (-3.140845e-04 3.366383e+00 8.600889e-02)) ((6.200573e+01 -1.048525e-03 7.978254e-02) (7.810450e-02 3.155784e-04 1.664281e-04))
503.88        	((3.787720e-01 1.337563e+02 -7.350925e+01) (-7.869087e-05 3.364573e+00 8.657444e-02)) ((6.200166e+01 -1.007381e-03 7.903467e-02) (7.941397e-02 2.181999e-04 4.590035e-05))
503.89        	((3.784081e-01 1.337591e+02 -7.355707e+01) (-4.287305e-04 3.364406e+00 8.523081e-02)) ((6.200924e+01 -1.932575e-03 8.212251e-02) (7.820705e-02 3.346765e-04 9.779029e-05))
503.9         	((3.893286e-01 1.337503e+02 -7.364363e+01) (-3.902342e-04 3.362736e+00 8.597740e-02)) ((6.201091e+01 4.361814e-03 6.740264e-02) (7.969788e-02 3.224625e-04 6.192100e-04))
503.91        	((4.098763e-01 1.337509e+02 -7.369693e+01) (-3.741440e-04 3.362953e+00 8.470276e-02)) ((6.201991e+01 9.797550e-03 5.509912e-02) (7.835375e-02 3.179491e-04 2.768248e-04))
503.92        	((3.865631e-01 1.337399e+02 -7.377644e+01) (2.442762e-04 3.360534e+00 8.538029e-02)) ((6.202325e+01 3.451545e-03 6.885448e-02) (8.008358e-02 1.788626e-04 -5.710647e-04))
503.93        	((3.672909e-01 1.337356e+02 -7.385049e+01) (-3.612932e-04 3.360820e+00 8.397872e-02)) ((6.202331e+01 -3.901106e-03 8.677975e-02) (7.866898e-02 3.350958e-04 -6.136977e-06))
503.94        	((3.652718e-01 1.337391e+02 -7.390847e+01) (-1.654555e-04 3.361138e+00 8.351805e-02)) ((6.204331e+01 -2.048737e-03 8.161348e-02) (7.837274e-02 2.616638e-04 1.924671e-04))
503.95        	((3.612011e-01 1.337272e+02 -7.398926e+01) (4.078415e-05 3.358358e+00 8.394198e-02)) ((6.204500e+01 -4.991146e-03 8.762743e-02) (7.974909e-02 3.283158e-04 -4.159420e-04))
503.96        	((3.509628e-01 1.337407e+02 -7.404293e+01) (-2.091512e-05 3.359471e+00 8.283750e-02)) ((6.205925e+01 -8.763099e-03 9.418697e-02) (7.853526e-02 2.684088e-04 6.009249e-05))
503.97        	((3.809818e-01 1.337291e+02 -7.412528e+01) (-7.572329e-04 3.356668e+00 8.316912e-02)) ((6.206266e+01 -3.973953e-04 7.542198e-02) (7.990879e-02 4.440340e-04 7.932490e-04))
503.98        	((3.958400e-01 1.337390e+02 -7.419998e+01) (-2.192510e-04 3.357911e+00 8.214811e-02)) ((6.207490e+01 8.375838e-03 5.494386e-02) (7.880321e-02 2.754702e-04 3.097733e-04))
503.99        	((4.014195e-01 1.337353e+02 -7.425760e+01) (-2.932298e-04 3.357228e+00 8.141071e-02)) ((6.209171e+01 9.173064e-03 5.418390e-02) (7.836998e-02 3.052714e-04 1.725773e-04))
504           	((4.068266e-01 1.337309e+02 -7.433476e+01) (-2.274190e-04 3.356194e+00 8.147689e-02)) ((6.210277e+01 1.151168e-02 4.907465e-02) (7.907746e-02 2.474773e-04 3.942616e-04))
504.01        	((4.057857e-01 1.337391e+02 -7.438443e+01) (-4.593517e-04 3.355732e+00 8.035664e-02)) ((6.212249e+01 1.128300e-02 5.159980e-02) (7.830827e-02 3.268447e-04 1.717720e-04))
504.02        	((3.995595e-01 1.337390e+02 -7.448656e+01) (-8.986165e-05 3.352019e+00 8.211077e-02)) ((6.212388e+01 1.186141e-02 4.974179e-02) (8.164228e-02 2.254890e-04 8.686610e-05))
504.03        	((3.972578e-01 1.337543e+02 -7.456566e+01) (-2.773533e-04 3.353919e+00 8.004947e-02)) ((6.212382e+01 9.043773e-03 5.594594e-02) (7.904887e-02 2.878832e-04 1.313337e-04))
504.04        	((3.997334e-01 1.337597e+02 -7.462252e+01) (-1.421354e-04 3.354239e+00 7.929934e-02)) ((6.214635e+01 9.276303e-03 5.339430e-02) (7.854723e-02 2.444100e-04 2.248593e-04))
504.05        	((3.889889e-01 1.337540e+02 -7.469991e+01) (-1.866287e-04 3.351664e+00 7.934365e-02)) ((6.215640e+01 4.947919e-03 6.312855e-02) (7.967437e-02 3.328656e-04 -3.125281e-04))
504.06        	((3.706833e-01 1.337781e+02 -7.474981e+01) (-8.780045e-05 3.353007e+00 7.839761e-02)) ((6.218326e+01 1.387121e-03 6.993617e-02) (7.865061e-02 2.642483e-04 8.006372e-05))
504.07        	((3.899858e-01 1.337728e+02 -7.482847e+01) (-4.152774e-04 3.351270e+00 7.845642e-02)) ((6.219321e+01 5.621696e-03 5.995609e-02) (7.937628e-02 3.652164e-04 4.217238e-04))
504.08        	((3.959998e-01 1.337852e+02 -7.488156e+01) (-1.285041e-04 3.351906e+00 7.751771e-02)) ((6.221620e+01 8.621748e-03 5.204523e-02) (7.861934e-02 2.587282e-04 2.292672e-04))
504.09        	((3.926098e-01 1.337793e+02 -7.496617e+01) (-3.262556e-04 3.350064e+00 7.723992e-02)) ((6.222430e+01 6.699261e-03 5.748312e-02) (7.919405e-02 3.443412e-04 5.985340e-06))
504.1         	((3.848470e-01 1.338025e+02 -7.501936e+01) (-1.200832e-04 3.350898e+00 7.646203e-02)) ((6.225340e+01 6.670679e-03 5.707186e-02) (7.856709e-02 2.625964e-04 1.537397e-04))
504.11        	((3.867463e-01 1.337996e+02 -7.511422e+01) (-3.483429e-04 3.347004e+00 7.756847e-02)) ((6.225543e+01 5.956704e-03 5.934371e-02) (8.112191e-02 2.985830e-04 2.711629e-04))
504.12        	((3.927605e-01 1.338247e+02 -7.518072e+01) (-1.434923e-04 3.349251e+00 7.586482e-02)) ((6.226729e+01 8.288698e-03 5.304507e-02) (7.906867e-02 2.439708e-04 2.352666e-04))
504.13        	((3.916691e-01 1.338298e+02 -7.523602e+01) (-4.130143e-04 3.348605e+00 7.492323e-02)) ((6.228735e+01 7.510061e-03 5.574268e-02) (7.861314e-02 3.275839e-04 1.055375e-04))
504.14        	((3.957624e-01 1.338399e+02 -7.530054e+01) (-2.173054e-04 3.348461e+00 7.482617e-02)) ((6.231220e+01 1.107006e-02 4.705802e-02) (7.897539e-02 2.558393e-04 2.866235e-04))
504.15        	((3.907248e-01 1.338524e+02 -7.534676e+01) (-2.749037e-04 3.348000e+00 7.407897e-02)) ((6.233856e+01 8.532361e-03 5.333829e-02) (7.855730e-02 2.903666e-04 1.304932e-04))
504.16        	((4.040361e-01 1.338604e+02 -7.542525e+01) (-2.429288e-04 3.346991e+00 7.430950e-02)) ((6.235377e+01 1.233909e-02 4.336400e-02) (7.949594e-02 2.925910e-04 4.498533e-04))
504.17        	((4.046231e-01 1.338776e+02 -7.548090e+01) (-4.298707e-04 3.346780e+00 7.303461e-02)) ((6.237489e+01 1.247190e-02 4.372990e-02) (7.861565e-02 3.334324e-04 1.489516e-04))
504.18        	((3.956551e-01 1.338856e+02 -7.556794e+01) (-7.270203e-05 3.345851e+00 7.338480e-02)) ((6.238839e+01 1.196528e-02 4.401924e-02) (7.970729e-02 2.505966e-04 9.096356e-05))
504.19        	((3.942731e-01 1.339044e+02 -7.561247e+01) (-2.540575e-04 3.346107e+00 7.216672e-02)) ((6.241202e+01 9.346491e-03 4.984973e-02) (7.862754e-02 2.963689e-04 1.259151e-04))
504.2         	((3.939605e-01 1.339107e+02 -7.569919e+01) (-1.257544e-04 3.343196e+00 7.331345e-02)) ((6.241941e+01 9.202554e-03 4.893836e-02) (8.116716e-02 2.382667e-04 2.588350e-04))
504.21        	((3.988054e-01 1.339363e+02 -7.576054e+01) (-4.108835e-04 3.344576e+00 7.132059e-02)) ((6.243255e+01 9.855963e-03 4.773811e-02) (7.902587e-02 3.271720e-04 1.321499e-04))
504.22        	((3.903365e-01 1.339543e+02 -7.582285e+01) (-1.310046e-04 3.345042e+00 7.088113e-02)) ((6.246074e+01 9.904691e-03 4.678717e-02) (7.889066e-02 2.439005e-04 1.543419e-04))
504.23        	((3.961592e-01 1.339616e+02 -7.587779e+01) (-2.916759e-04 3.344314e+00 7.038668e-02)) ((6.248472e+01 9.959184e-03 4.651135e-02) (7.882844e-02 2.965728e-04 1.784270e-04))
504.24        	((3.851483e-01 1.339775e+02 -7.592844e+01) (-7.263161e-05 3.344364e+00 6.995880e-02)) ((6.251256e+01 7.090726e-03 5.201469e-02) (7.881896e-02 2.303972e-04 1.327473e-04))
504.25        	((4.106539e-01 1.339854e+02 -7.599950e+01) (-6.738691e-04 3.342325e+00 6.989292e-02)) ((6.252551e+01 1.357430e-02 3.749291e-02) (7.973576e-02 3.644712e-04 6.159189e-04))
504.26        	((3.987577e-01 1.340120e+02 -7.606958e+01) (-1.145417e-04 3.343225e+00 6.924493e-02)) ((6.254404e+01 1.376121e-02 3.666670e-02) (7.926033e-02 2.221849e-04 1.269602e-04))
504.27        	((4.100758e-01 1.340274e+02 -7.612428e+01) (-2.889495e-04 3.342873e+00 6.845611e-02)) ((6.256628e+01 1.457204e-02 3.448412e-02) (7.882086e-02 2.946568e-04 2.037014e-04))
504.28        	((3.782306e-01 1.340330e+02 -7.617518e+01) (1.913896e-04 3.341575e+00 6.889970e-02)) ((6.258070e+01 5.457597e-03 5.419838e-02) (8.010137e-02 1.413890e-04 -3.795071e-04))
504.29        	((3.782518e-01 1.340528e+02 -7.624064e+01) (-4.429062e-04 3.341456e+00 6.766712e-02)) ((6.259457e+01 3.396596e-03 5.905553e-02) (7.925041e-02 3.322092e-04 1.300440e-04))
504.3         	((3.654160e-01 1.340843e+02 -7.630229e+01) (-1.200578e-04 3.342252e+00 6.706277e-02)) ((6.262843e+01 2.409133e-03 6.036487e-02) (7.887967e-02 2.349260e-04 1.302379e-04))
504.31        	((3.842313e-01 1.340854e+02 -7.636462e+01) (-3.404093e-04 3.340683e+00 6.723057e-02)) ((6.264081e+01 5.558588e-03 5.187972e-02) (7.972181e-02 3.444461e-04 3.889611e-04))
504.32        	((3.897328e-01 1.341057e+02 -7.639390e+01) (-9.289326e-05 3.341543e+00 6.621366e-02)) ((6.266530e+01 7.388234e-03 4.575142e-02) (7.889241e-02 2.415036e-04 2.159864e-04))
504.33        	((3.725886e-01 1.341169e+02 -7.648387e+01) (7.168050e-05 3.338547e+00 6.674531e-02)) ((6.267689e+01 1.380332e-03 5.949473e-02) (8.075396e-02 2.790345e-04 -6.301218e-04))
504.34        	((3.359634e-01 1.341530e+02 -7.654613e+01) (3.583932e-05 3.340658e+00 6.543569e-02)) ((6.269898e+01 -7.584763e-03 7.910621e-02) (7.923882e-02 2.347180e-04 -5.416670e-05))
504.35        	((3.645093e-01 1.341617e+02 -7.660545e+01) (-6.013195e-04 3.338584e+00 6.558895e-02)) ((6.271294e+01 -1.244461e-03 6.403468e-02) (8.031561e-02 3.852123e-04 7.690317e-04))
504.36        	((3.616616e-01 1.341869e+02 -7.668426e+01) (1.741109e-04 3.338780e+00 6.519141e-02)) ((6.272892e+01 -1.102315e-03 6.197044e-02) (8.032794e-02 2.249457e-04 -2.887632e-04))
504.37        	((3.586112e-01 1.342087e+02 -7.672510e+01) (-3.121303e-04 3.339358e+00 6.377530e-02)) ((6.275059e+01 -4.683315e-03 6.984790e-02) (7.899081e-02 3.276435e-04 -8.404837e-07))
504.38        	((3.613836e-01 1.342229e+02 -7.678049e+01) (-1.805621e-04 3.339411e+00 6.372743e-02)) ((6.277541e+01 -1.280267e-03 6.098695e-02) (7.940932e-02 2.401876e-04 2.900718e-04))
504.39        	((3.597095e-01 1.342408e+02 -7.681123e+01) (-2.682364e-04 3.339266e+00 6.290034e-02)) ((6.280441e+01 -2.157244e-03 6.359552e-02) (7.881856e-02 2.778728e-04 1.188459e-04))
504.4         	((3.688936e-01 1.342525e+02 -7.688152e+01) (-1.523173e-04 3.338545e+00 6.320115e-02)) ((6.282243e+01 9.084130e-04 5.506176e-02) (7.980750e-02 2.632114e-04 3.476343e-04))
504.41        	((3.739161e-01 1.342773e+02 -7.692206e+01) (-5.378403e-04 3.338387e+00 6.181165e-02)) ((6.284858e+01 1.608703e-03 5.392667e-02) (7.880179e-02 3.537813e-04 9.391897e-05))
504.42        	((3.639822e-01 1.342944e+02 -7.701239e+01) (-5.962324e-05 3.336986e+00 6.282772e-02)) ((6.286408e+01 1.662205e-03 5.288079e-02) (8.078880e-02 2.088206e-04 2.811131e-05))
504.43        	((3.631199e-01 1.343232e+02 -7.705311e+01) (-1.204621e-04 3.338318e+00 6.140517e-02)) ((6.288524e+01 -2.247387e-03 6.057342e-02) (7.910851e-02 2.377248e-04 1.088812e-04))
504.44        	((3.775242e-01 1.343330e+02 -7.710827e+01) (-1.401120e-04 3.337707e+00 6.120283e-02)) ((6.290302e+01 -1.651958e-04 5.406251e-02) (7.949493e-02 2.241134e-04 3.702527e-04))
504.45        	((3.763422e-01 1.343576e+02 -7.715379e+01) (-1.562202e-04 3.338008e+00 6.035904e-02)) ((6.293549e+01 -1.120933e-03 5.555024e-02) (7.890889e-02 2.361740e-04 1.544227e-04))
504.46        	((3.898697e-01 1.343736e+02 -7.723179e+01) (-3.153219e-04 3.336324e+00 6.089194e-02)) ((6.295622e+01 4.305064e-03 4.204452e-02) (8.047417e-02 2.680522e-04 7.096383e-04))
504.47        	((4.052225e-01 1.344010e+02 -7.728275e+01) (-2.784306e-04 3.337508e+00 5.959519e-02)) ((6.298088e+01 9.554515e-03 2.948678e-02) (7.916166e-02 2.642277e-04 2.537292e-04))
504.48        	((3.712776e-01 1.344145e+02 -7.734799e+01) (5.430331e-04 3.334748e+00 6.078590e-02)) ((6.299799e+01 7.755351e-04 4.843915e-02) (8.168371e-02 1.025370e-04 -1.053481e-03))
504.49        	((3.318688e-01 1.344346e+02 -7.741303e+01) (-7.194196e-05 3.336560e+00 5.919832e-02)) ((6.300326e+01 -1.353687e-02 8.104890e-02) (7.981424e-02 2.484727e-04 -1.697381e-04))
504.5         	((3.257722e-01 1.344654e+02 -7.744018e+01) (-3.957315e-05 3.337424e+00 5.837261e-02)) ((6.303393e+01 -1.602967e-02 8.432069e-02) (7.910428e-02 2.164883e-04 9.458725e-05))
504.51        	((3.430776e-01 1.344735e+02 -7.750520e+01) (-4.014555e-04 3.334595e+00 5.919124e-02)) ((6.304555e+01 -1.275893e-02 7.511278e-02) (8.117039e-02 3.214452e-04 4.221801e-04))
504.52        	((3.669977e-01 1.345119e+02 -7.754354e+01) (-1.031287e-04 3.336823e+00 5.780051e-02)) ((6.307083e+01 -4.918514e-03 5.426775e-02) (7.942757e-02 2.254069e-04 2.483228e-04))
504.53        	((3.475095e-01 1.345214e+02 -7.759907e+01) (-5.827195e-05 3.335650e+00 5.750444e-02)) ((6.308995e+01 -1.146499e-02 6.898320e-02) (7.985273e-02 2.623712e-04 -3.107806e-04))
504.54        	((3.519042e-01 1.345423e+02 -7.764623e+01) (-8.905214e-05 3.336492e+00 5.705892e-02)) ((6.311636e+01 -9.443847e-03 6.322947e-02) (7.949808e-02 2.294478e-04 2.396395e-04))
504.55        	((3.285844e-01 1.345558e+02 -7.768705e+01) (-1.781012e-04 3.335983e+00 5.652473e-02)) ((6.313955e+01 -1.607568e-02 7.944112e-02) (7.939808e-02 2.583439e-04 -1.098375e-04))
504.56        	((3.531598e-01 1.345769e+02 -7.773118e+01) (-1.594451e-04 3.336123e+00 5.652951e-02)) ((6.316479e+01 -8.465750e-03 6.026956e-02) (7.973876e-02 2.669162e-04 3.948565e-04))
504.57        	((3.355564e-01 1.345924e+02 -7.777696e+01) (-1.284193e-04 3.335395e+00 5.610214e-02)) ((6.318178e+01 -1.443920e-02 7.388299e-02) (7.979817e-02 2.204834e-04 -1.925824e-04))
504.58        	((3.571707e-01 1.346155e+02 -7.782489e+01) (-1.429382e-04 3.335668e+00 5.584426e-02)) ((6.320277e+01 -8.610501e-03 5.850171e-02) (7.989454e-02 2.511098e-04 4.255997e-04))
504.59        	((3.415308e-01 1.346308e+02 -7.786965e+01) (-1.959442e-04 3.335223e+00 5.518344e-02)) ((6.322044e+01 -1.381586e-02 7.060641e-02) (7.962817e-02 2.451565e-04 -1.283156e-04))
504.6         	((3.619327e-01 1.346543e+02 -7.791362e+01) (-1.683220e-04 3.335551e+00 5.504196e-02)) ((6.324474e+01 -7.280927e-03 5.389226e-02) (7.981803e-02 2.381385e-04 4.391898e-04))
504.61        	((3.361406e-01 1.346708e+02 -7.795859e+01) (1.736373e-04 3.333303e+00 5.528461e-02)) ((6.326067e+01 -1.566627e-02 7.294994e-02) (8.106024e-02 1.845703e-04 -8.256687e-04))
504.62        	((3.287324e-01 1.346919e+02 -7.802330e+01) (-1.308234e-04 3.334390e+00 5.483149e-02)) ((6.326915e+01 -1.802848e-02 7.694189e-02) (8.064455e-02 2.341687e-04 4.203347e-04))
504.63        	((3.410666e-01 1.347149e+02 -7.804924e+01) (-3.406020e-04 3.335289e+00 5.350863e-02)) ((6.329222e+01 -1.552587e-02 7.062726e-02) (7.923167e-02 2.930596e-04 1.256557e-04))
504.64        	((3.285251e-01 1.347296e+02 -7.809837e+01) (3.438673e-04 3.334479e+00 5.417402e-02)) ((6.331287e+01 -1.817615e-02 7.467355e-02) (8.057880e-02 2.007129e-04 -4.267524e-04))
504.65        	((3.199644e-01 1.347564e+02 -7.811955e+01) (-5.787680e-05 3.335350e+00 5.304334e-02)) ((6.333726e+01 -2.441061e-02 8.750478e-02) (7.932004e-02 2.651009e-04 -5.460694e-05))
504.66        	((3.452834e-01 1.347689e+02 -7.817204e+01) (-3.307232e-04 3.334168e+00 5.355979e-02)) ((6.335604e+01 -1.676107e-02 6.836758e-02) (8.065523e-02 2.389415e-04 7.966513e-04))
504.67        	((3.634232e-01 1.347866e+02 -7.821189e+01) (-3.860575e-04 3.334860e+00 5.233602e-02)) ((6.337295e+01 -1.052161e-02 5.476207e-02) (7.944012e-02 2.805115e-04 1.803980e-04))
504.68        	((3.638925e-01 1.348058e+02 -7.824571e+01) (-5.900457e-05 3.335684e+00 5.204824e-02)) ((6.340269e+01 -7.997447e-03 4.831480e-02) (7.929707e-02 1.934190e-04 1.674824e-04))
504.69        	((3.651032e-01 1.348125e+02 -7.828483e+01) (-1.559084e-04 3.335035e+00 5.196934e-02)) ((6.342075e+01 -9.626272e-03 5.194778e-02) (7.956305e-02 2.289452e-04 1.394672e-04))
504.7         	((3.617071e-01 1.348366e+02 -7.830018e+01) (-9.396256e-06 3.335670e+00 5.141137e-02)) ((6.345046e+01 -1.111833e-02 5.422083e-02) (7.916909e-02 1.770422e-04 1.793711e-04))
504.71        	((3.562551e-01 1.348424e+02 -7.836613e+01) (1.503142e-04 3.331294e+00 5.312489e-02)) ((6.345403e+01 -1.408368e-02 6.058703e-02) (8.259015e-02 1.939371e-04 -6.691142e-04))
504.72        	((3.173101e-01 1.348791e+02 -7.841773e+01) (1.262904e-04 3.334793e+00 5.135635e-02)) ((6.346214e+01 -2.418414e-02 8.251244e-02) (8.004225e-02 1.615320e-04 -9.103178e-05))
504.73        	((3.327424e-01 1.348959e+02 -7.844584e+01) (-2.325029e-04 3.334868e+00 5.057276e-02)) ((6.348251e+01 -2.249040e-02 7.723253e-02) (7.947061e-02 2.787378e-04 1.301944e-04))
504.74        	((3.144776e-01 1.349117e+02 -7.847595e+01) (2.284390e-04 3.334759e+00 5.067258e-02)) ((6.350885e+01 -2.717061e-02 8.577012e-02) (7.996322e-02 1.825613e-04 -2.373098e-04))
504.75        	((3.544601e-01 1.349274e+02 -7.850891e+01) (-8.153955e-04 3.331545e+00 5.145039e-02)) ((6.352429e+01 -1.846312e-02 6.467070e-02) (8.207767e-02 3.528096e-04 1.415777e-03))
504.76        	((3.852139e-01 1.349450e+02 -7.857671e+01) (-4.320790e-05 3.333837e+00 5.053366e-02)) ((6.352392e+01 -7.197382e-03 3.723578e-02) (8.068916e-02 1.916583e-04 2.022475e-04))
504.77        	((3.872144e-01 1.349662e+02 -7.861413e+01) (-2.502900e-04 3.334723e+00 4.935445e-02)) ((6.354399e+01 -6.749730e-03 3.788798e-02) (7.937124e-02 2.658237e-04 9.538831e-05))
504.78        	((3.767601e-01 1.349764e+02 -7.867957e+01) (-1.754493e-04 3.333824e+00 5.004383e-02)) ((6.356580e+01 -7.271723e-03 3.902764e-02) (8.076003e-02 1.397537e-04 3.290069e-04))
504.79        	((3.753087e-01 1.350011e+02 -7.867425e+01) (-3.188172e-04 3.334675e+00 4.890759e-02)) ((6.358124e+01 -7.729107e-03 4.155998e-02) (7.937393e-02 2.501034e-04 1.451516e-04))
504.8         	((3.628132e-01 1.350049e+02 -7.869267e+01) (2.563059e-04 3.333172e+00 4.979769e-02)) ((6.358562e+01 -1.183947e-02 4.950407e-02) (8.113834e-02 1.450557e-04 -4.057532e-04))
504.81        	((3.302025e-01 1.350163e+02 -7.871838e+01) (-2.271091e-04 3.334350e+00 4.852082e-02)) ((6.359380e+01 -2.367517e-02 7.820178e-02) (7.954227e-02 2.727036e-04 -8.140528e-05))
504.82        	((3.446362e-01 1.350246e+02 -7.874618e+01) (-6.536428e-05 3.334941e+00 4.866225e-02)) ((6.361349e+01 -2.015088e-02 6.740640e-02) (7.979059e-02 2.327299e-04 2.615961e-04))
504.83        	((3.361090e-01 1.350377e+02 -7.875973e+01) (-3.083432e-05 3.334565e+00 4.832406e-02)) ((6.363235e+01 -2.393262e-02 7.431718e-02) (7.961180e-02 2.635685e-04 -9.873488e-05))
504.84        	((3.670323e-01 1.350604e+02 -7.877794e+01) (-2.351535e-05 3.334692e+00 4.840497e-02)) ((6.365382e+01 -1.642241e-02 5.386114e-02) (7.998885e-02 2.532119e-04 3.688921e-04))
504.85        	((3.550975e-01 1.350709e+02 -7.880203e+01) (-5.770531e-04 3.333762e+00 4.757664e-02)) ((6.366450e+01 -1.892243e-02 6.031986e-02) (7.957046e-02 3.630133e-04 -1.431499e-04))
504.86        	((3.755829e-01 1.350924e+02 -7.883912e+01) (-2.936484e-04 3.334227e+00 4.801179e-02)) ((6.368658e+01 -1.086903e-02 4.261761e-02) (8.026477e-02 2.658066e-04 4.916710e-04))
504.87        	((3.663352e-01 1.350991e+02 -7.886640e+01) (5.842657e-05 3.334408e+00 4.795685e-02)) ((6.369435e+01 -1.450239e-02 5.001332e-02) (8.014252e-02 1.544331e-04 -1.000182e-04))
504.88        	((3.756352e-01 1.351041e+02 -7.888444e+01) (-1.182978e-04 3.334242e+00 4.738580e-02)) ((6.370249e+01 -1.269973e-02 4.752359e-02) (7.963702e-02 1.940813e-04 3.211911e-04))
504.89        	((3.535353e-01 1.351187e+02 -7.890470e+01) (1.064259e-04 3.334536e+00 4.743417e-02)) ((6.372318e+01 -2.050254e-02 6.353579e-02) (8.002307e-02 1.733324e-04 -1.737387e-04))
504.9         	((3.699184e-01 1.351285e+02 -7.892936e+01) (-3.940258e-04 3.334064e+00 4.710827e-02)) ((6.373609e+01 -1.660472e-02 5.545774e-02) (8.013547e-02 2.958789e-04 3.672815e-04))
504.91        	((3.524922e-01 1.351552e+02 -7.896669e+01) (1.158151e-04 3.334201e+00 4.721960e-02)) ((6.375787e+01 -2.108202e-02 6.290544e-02) (8.040239e-02 2.088451e-04 -3.096158e-04))
504.92        	((3.647431e-01 1.351656e+02 -7.899739e+01) (-1.822016e-04 3.333844e+00 4.686131e-02)) ((6.376435e+01 -1.880440e-02 5.804054e-02) (8.018040e-02 2.426314e-04 4.046864e-04))
504.93        	((3.611390e-01 1.351787e+02 -7.901541e+01) (1.093452e-05 3.334968e+00 4.651346e-02)) ((6.378109e+01 -2.014340e-02 5.932545e-02) (7.973355e-02 2.129003e-04 4.142079e-05))
504.94        	((3.846387e-01 1.351803e+02 -7.902917e+01) (-4.032898e-04 3.333948e+00 4.617484e-02)) ((6.379521e+01 -1.293593e-02 4.374936e-02) (7.988616e-02 2.808260e-04 3.790065e-04))
504.95        	((3.578288e-01 1.352015e+02 -7.905967e+01) (1.951397e-04 3.334117e+00 4.667839e-02)) ((6.381416e+01 -1.950873e-02 5.762786e-02) (8.061400e-02 1.759667e-04 -4.132466e-04))
504.96        	((3.572633e-01 1.352142e+02 -7.910271e+01) (-2.345053e-04 3.333180e+00 4.659953e-02)) ((6.381158e+01 -2.105456e-02 6.314813e-02) (8.088554e-02 2.346082e-04 5.343900e-04))
504.97        	((3.831030e-01 1.352336e+02 -7.913625e+01) (-9.434941e-05 3.334840e+00 4.593042e-02)) ((6.382054e+01 -1.438869e-02 4.509203e-02) (7.992839e-02 2.177101e-04 2.569238e-04))
504.98        	((3.777709e-01 1.352341e+02 -7.915187e+01) (-4.061372e-04 3.334021e+00 4.520581e-02)) ((6.383718e+01 -1.498540e-02 4.721050e-02) (7.961433e-02 3.070111e-04 -1.916938e-05))
504.99        	((3.933259e-01 1.352563e+02 -7.916702e+01) (-2.586031e-04 3.335092e+00 4.550266e-02)) ((6.386929e+01 -9.901671e-03 3.518698e-02) (7.986205e-02 2.513174e-04 2.474265e-04))
505           	((3.687585e-01 1.352677e+02 -7.917242e+01) (1.365383e-04 3.334894e+00 4.554780e-02)) ((6.388721e+01 -1.711710e-02 5.178632e-02) (7.997648e-02 1.297760e-04 -1.224820e-05))
