# Forces      
# CofR        : (0.000000e+00 0.000000e+00 0.000000e+00)
# Time        forces(pressure viscous)	moments(pressure viscous)
500           	((6.079598e-01 3.216332e+03 2.919790e+03) (-5.188540e-05 3.961141e+00 7.204909e-02)) ((7.122617e+02 3.401714e-01 -1.978576e-01) (6.204679e-02 -1.602236e-05 -3.164108e-05))
500.01        	((6.791352e+00 2.624744e+03 2.538662e+03) (-6.683176e-04 3.094698e+00 2.717228e-01)) ((5.254334e+02 2.022687e-01 -5.006423e-01) (1.006181e-02 -1.305046e-04 8.917312e-04))
500.02        	((1.351484e+01 7.470637e+02 2.454974e+02) (-1.625940e-03 2.428515e+00 3.951398e-01)) ((-8.186640e+01 -7.024552e-02 -5.568617e-01) (-3.336250e-02 -3.109783e-05 8.573590e-04))
500.03        	((7.418384e+00 -6.142825e+02 -1.078858e+03) (-3.552051e-03 2.370497e+00 3.500000e-01)) ((-4.161256e+02 3.375805e-01 6.690050e-01) (-8.081396e-02 -7.809561e-06 1.915541e-03))
500.04        	((-5.177523e+00 -7.896598e+02 -6.163596e+02) (-8.560035e-03 3.080468e+00 3.259804e-01)) ((-2.882543e+02 9.720371e-01 1.899267e+00) (-7.528470e-02 1.647043e-04 2.471757e-03))
500.05        	((-9.891193e+00 -2.206075e+02 5.406179e+02) (-1.064808e-02 4.196508e+00 5.139452e-01)) ((1.879455e+01 1.078072e+00 2.439905e+00) (-8.043790e-03 -4.112974e-04 -1.517641e-04))
500.06        	((-2.613480e+00 4.559425e+02 1.396411e+03) (-2.924932e-02 4.798326e+00 7.778517e-01)) ((2.142892e+02 -2.315670e-01 8.238649e-01) (-9.622136e-03 -1.615000e-04 4.114542e-03))
500.07        	((9.018415e+00 8.234588e+02 1.186460e+03) (-3.443495e-02 4.717467e+00 1.061875e+00)) ((1.386135e+02 -1.223634e+00 -8.755587e-01) (-6.210363e-02 1.298712e-03 2.035927e-03))
500.08        	((8.296487e+00 6.673846e+02 4.493396e+02) (-6.153308e-02 4.265160e+00 1.249575e+00)) ((-6.761377e+01 -1.058150e+00 -1.065267e+00) (-1.336561e-01 3.417172e-03 -9.790066e-04))
500.09        	((5.556539e+00 3.241631e+02 2.040791e+01) (-8.544030e-02 3.958773e+00 1.362861e+00)) ((-1.819901e+02 -4.929224e-01 1.928144e-01) (-1.942982e-01 5.363825e-03 2.443520e-03))
500.1         	((2.368406e+00 2.920191e+01 2.001381e+02) (-7.708713e-02 4.111668e+00 1.380429e+00)) ((-1.414609e+02 1.415608e-01 1.223474e+00) (-2.032682e-01 4.960016e-03 -2.040370e-03))
500.11        	((3.706243e-01 -5.867755e+01 6.007254e+02) (-8.556246e-02 4.627811e+00 1.570785e+00)) ((-4.020746e+01 6.956473e-01 1.240346e+00) (-1.751352e-01 6.464203e-03 -3.801322e-03))
500.12        	((-7.475780e-03 3.995618e+01 8.134926e+02) (-1.000995e-01 5.043401e+00 1.834451e+00)) ((1.532858e+01 9.028997e-01 3.344378e-01) (-1.485024e-01 6.886080e-03 -7.988132e-03))
500.13        	((6.532397e-01 2.019270e+02 7.623665e+02) (-9.689934e-02 5.257941e+00 2.051403e+00)) ((-1.628509e+00 6.485889e-01 -4.331562e-01) (-1.408693e-01 5.996666e-03 -8.943812e-03))
500.14        	((7.169186e-01 3.007484e+02 6.066857e+02) (-6.222330e-02 5.253554e+00 2.214837e+00)) ((-5.087336e+01 1.968510e-01 -6.174118e-01) (-1.608497e-01 4.336877e-03 -7.010513e-03))
500.15        	((-7.430447e-01 2.948855e+02 5.367117e+02) (-1.611550e-02 5.189030e+00 2.338519e+00)) ((-7.871845e+01 -1.035327e-03 -1.886609e-01) (-1.889481e-01 1.060892e-03 -4.033428e-03))
500.16        	((-2.212810e+00 2.251764e+02 5.987537e+02) (4.104099e-04 5.163656e+00 2.491249e+00)) ((-6.907812e+01 6.380826e-02 2.842734e-01) (-2.037444e-01 9.483481e-04 -2.543062e-03))
500.17        	((-2.605666e+00 1.652035e+02 6.845165e+02) (-1.349417e-03 5.185524e+00 2.672169e+00)) ((-4.450994e+01 2.530940e-01 3.308341e-01) (-2.025552e-01 1.234902e-03 -2.197840e-03))
500.18        	((-1.645980e+00 1.592244e+02 7.017889e+02) (-1.054461e-02 5.225968e+00 2.848444e+00)) ((-3.192067e+01 3.604006e-01 1.036445e-02) (-1.921052e-01 1.514884e-03 -1.716791e-03))
500.19        	((-2.106260e-01 2.027988e+02 6.629560e+02) (-1.764784e-02 5.259059e+00 2.991344e+00)) ((-3.844919e+01 3.232814e-01 -3.306018e-01) (-1.844764e-01 1.883914e-03 -1.878586e-03))
500.2         	((8.081103e-01 2.609432e+02 6.312149e+02) (-1.967634e-02 5.272407e+00 3.085890e+00)) ((-5.325708e+01 2.349111e-01 -3.856145e-01) (-1.855626e-01 1.997246e-03 -2.128309e-03))
500.21        	((9.963034e-01 3.019463e+02 6.382509e+02) (-1.810656e-02 5.269918e+00 3.156857e+00)) ((-6.332577e+01 1.939215e-01 -1.175037e-01) (-1.952940e-01 1.942813e-03 -1.924287e-03))
500.22        	((7.234087e-01 3.168096e+02 6.606537e+02) (-1.570793e-02 5.272548e+00 3.236936e+00)) ((-6.387299e+01 2.441992e-01 2.646090e-01) (-2.104683e-01 1.913637e-03 -1.304338e-03))
500.23        	((5.744466e-01 3.153417e+02 6.481893e+02) (-1.350110e-02 5.293946e+00 3.336928e+00)) ((-6.014605e+01 3.542344e-01 5.336561e-01) (-2.261371e-01 1.895849e-03 -7.080343e-04))
500.24        	((9.322243e-01 3.170745e+02 5.884861e+02) (-1.223217e-02 5.344338e+00 3.436891e+00)) ((-5.881279e+01 4.758629e-01 5.893453e-01) (-2.416086e-01 1.868108e-03 -1.984270e-06))
500.25        	((1.709599e+00 3.343868e+02 5.186097e+02) (-1.237185e-02 5.421574e+00 3.516533e+00)) ((-6.140419e+01 5.770163e-01 4.710054e-01) (-2.596861e-01 2.169425e-03 5.551719e-04))
500.26        	((2.444038e+00 3.661579e+02 4.729038e+02) (-1.101035e-02 5.535952e+00 3.589268e+00)) ((-6.460162e+01 6.984287e-01 2.829466e-01) (-2.773221e-01 1.880452e-03 1.235461e-03))
500.27        	((2.641440e+00 4.020188e+02 4.538176e+02) (-9.372241e-03 5.677265e+00 3.661932e+00)) ((-6.498642e+01 8.535094e-01 7.817276e-02) (-2.977600e-01 1.689674e-03 1.864822e-03))
500.28        	((1.968951e+00 4.333178e+02 4.357855e+02) (-8.053951e-03 5.850164e+00 3.746405e+00)) ((-6.185220e+01 1.072352e+00 -2.107904e-01) (-3.191276e-01 1.527080e-03 2.654126e-03))
500.29        	((4.310127e-01 4.556049e+02 3.912424e+02) (-6.319260e-03 6.054712e+00 3.836401e+00)) ((-5.800355e+01 1.322353e+00 -6.688419e-01) (-3.372289e-01 2.106476e-03 2.896488e-03))
500.3         	((-1.559372e+00 4.711539e+02 3.188279e+02) (-5.971711e-03 6.292262e+00 3.915037e+00)) ((-5.584111e+01 1.560933e+00 -1.367197e+00) (-3.461926e-01 1.852116e-03 4.026647e-03))
500.31        	((-3.534679e+00 4.844228e+02 2.421558e+02) (-5.904985e-03 6.556058e+00 3.964485e+00)) ((-5.554016e+01 1.767394e+00 -2.331164e+00) (-3.433788e-01 2.062910e-03 4.150303e-03))
500.32        	((-5.257617e+00 4.983369e+02 1.826225e+02) (-5.010962e-03 6.840813e+00 3.985468e+00)) ((-5.601917e+01 1.967287e+00 -3.468885e+00) (-3.265819e-01 3.109794e-03 4.998950e-03))
500.33        	((-6.984817e+00 5.128983e+02 1.449243e+02) (-7.793901e-03 7.149387e+00 3.994969e+00)) ((-5.622962e+01 2.207010e+00 -4.584349e+00) (-3.026048e-01 2.895250e-03 4.367193e-03))
500.34        	((-9.041662e+00 5.268367e+02 1.188058e+02) (-1.190284e-02 7.469380e+00 3.996851e+00)) ((-5.603301e+01 2.492609e+00 -5.615379e+00) (-2.670559e-01 3.278924e-03 4.252521e-03))
500.35        	((-1.173255e+01 5.387243e+02 9.077255e+01) (-1.566984e-02 7.799517e+00 3.994578e+00)) ((-5.642718e+01 2.771456e+00 -6.500744e+00) (-2.270473e-01 4.232504e-03 3.430497e-03))
500.36        	((-1.460102e+01 5.470379e+02 5.601928e+01) (-2.138299e-02 8.142160e+00 3.984917e+00)) ((-5.872781e+01 3.012393e+00 -7.200596e+00) (-1.857691e-01 5.086902e-03 4.416042e-03))
500.37        	((-1.678237e+01 5.505660e+02 1.975899e+01) (-2.631190e-02 8.478676e+00 3.956762e+00)) ((-6.359906e+01 3.199275e+00 -7.604569e+00) (-1.435931e-01 6.506482e-03 6.593344e-03))
500.38        	((-1.769509e+01 5.487075e+02 -1.115053e+01) (-3.525153e-02 8.809912e+00 3.912986e+00)) ((-7.074241e+01 3.350203e+00 -7.669148e+00) (-1.046766e-01 7.494402e-03 8.708662e-03))
500.39        	((-1.758326e+01 5.422853e+02 -3.428712e+01) (-4.355979e-02 9.123587e+00 3.861026e+00)) ((-7.909355e+01 3.487213e+00 -7.370154e+00) (-7.078809e-02 8.346579e-03 1.279284e-02))
500.4         	((-1.703687e+01 5.331291e+02 -5.065888e+01) (-5.047639e-02 9.414026e+00 3.806794e+00)) ((-8.736266e+01 3.601123e+00 -6.731119e+00) (-4.267460e-02 9.341646e-03 1.923731e-02))
500.41        	((-1.658590e+01 5.232609e+02 -6.100379e+01) (-5.661478e-02 9.676097e+00 3.752078e+00)) ((-9.451688e+01 3.663137e+00 -5.787112e+00) (-2.080389e-02 1.027026e-02 2.701170e-02))
500.42        	((-1.625732e+01 5.138700e+02 -6.469029e+01) (-6.245468e-02 9.907290e+00 3.696373e+00)) ((-1.001651e+02 3.631663e+00 -4.717613e+00) (-5.159716e-03 1.114083e-02 3.570212e-02))
500.43        	((-1.570017e+01 5.051169e+02 -6.133722e+01) (-6.816902e-02 1.010523e+01 3.639516e+00)) ((-1.046060e+02 3.492230e+00 -3.684424e+00) (5.518803e-03 1.165875e-02 4.468098e-02))
500.44        	((-1.464992e+01 4.963137e+02 -5.218840e+01) (-7.370686e-02 1.026957e+01 3.584661e+00)) ((-1.084583e+02 3.253945e+00 -2.760637e+00) (1.293064e-02 1.158139e-02 5.317858e-02))
500.45        	((-1.317108e+01 4.866706e+02 -3.869074e+01) (-7.925241e-02 1.039717e+01 3.533673e+00)) ((-1.120279e+02 2.910989e+00 -1.968016e+00) (1.814548e-02 1.124214e-02 6.084256e-02))
500.46        	((-1.159959e+01 4.758541e+02 -1.877736e+01) (-8.354754e-02 1.048693e+01 3.490379e+00)) ((-1.147652e+02 2.494875e+00 -1.228670e+00) (2.114102e-02 1.016087e-02 6.706010e-02))
500.47        	((-1.015784e+01 4.649822e+02 5.141027e+00) (-8.725321e-02 1.053872e+01 3.457219e+00)) ((-1.164873e+02 1.986215e+00 -5.150568e-01) (2.211328e-02 8.905183e-03 7.193606e-02))
500.48        	((-8.924497e+00 4.555942e+02 3.209809e+01) (-8.968654e-02 1.055386e+01 3.432532e+00)) ((-1.169663e+02 1.431869e+00 1.712113e-01) (2.094512e-02 7.010686e-03 7.509539e-02))
500.49        	((-7.768060e+00 4.487657e+02 6.265288e+01) (-9.178953e-02 1.053479e+01 3.415620e+00)) ((-1.160988e+02 8.333773e-01 7.402912e-01) (1.754770e-02 5.133586e-03 7.698029e-02))
500.5         	((-6.614800e+00 4.446770e+02 9.730884e+01) (-9.243994e-02 1.048556e+01 3.405732e+00)) ((-1.140937e+02 2.695648e-01 1.144988e+00) (1.236945e-02 2.945816e-03 7.688427e-02))
500.51        	((-5.394472e+00 4.426556e+02 1.347614e+02) (-9.239274e-02 1.041259e+01 3.405093e+00)) ((-1.115677e+02 -2.387187e-01 1.410314e+00) (6.342875e-03 9.193295e-04 7.593646e-02))
500.52        	((-4.159571e+00 4.420060e+02 1.701115e+02) (-9.100936e-02 1.032137e+01 3.413916e+00)) ((-1.095308e+02 -6.354901e-01 1.569419e+00) (-2.725642e-04 -1.101573e-03 7.367373e-02))
500.53        	((-2.973799e+00 4.420581e+02 2.061060e+02) (-8.871627e-02 1.021246e+01 3.431045e+00)) ((-1.076393e+02 -9.481139e-01 1.681507e+00) (-7.452359e-03 -2.906751e-03 7.046276e-02))
500.54        	((-1.895063e+00 4.429681e+02 2.448239e+02) (-8.542849e-02 1.009131e+01 3.455455e+00)) ((-1.054201e+02 -1.168535e+00 1.751615e+00) (-1.559649e-02 -4.327548e-03 6.647689e-02))
500.55        	((-9.533128e-01 4.451626e+02 2.848865e+02) (-8.134918e-02 9.960485e+00 3.487205e+00)) ((-1.029635e+02 -1.313112e+00 1.800060e+00) (-2.402234e-02 -5.411736e-03 6.202334e-02))
500.56        	((-1.038796e-01 4.489225e+02 3.235120e+02) (-7.697313e-02 9.824401e+00 3.523865e+00)) ((-1.006720e+02 -1.375436e+00 1.784919e+00) (-3.383787e-02 -6.153801e-03 5.765120e-02))
500.57        	((6.481439e-01 4.540944e+02 3.590713e+02) (-7.220954e-02 9.688266e+00 3.566485e+00)) ((-9.886983e+01 -1.366003e+00 1.743006e+00) (-4.367855e-02 -6.703916e-03 5.326889e-02))
500.58        	((1.293637e+00 4.602088e+02 3.921504e+02) (-6.741053e-02 9.553029e+00 3.614811e+00)) ((-9.758208e+01 -1.293996e+00 1.654677e+00) (-5.225708e-02 -6.935688e-03 4.913110e-02))
500.59        	((1.820946e+00 4.668993e+02 4.231900e+02) (-6.202037e-02 9.422834e+00 3.665277e+00)) ((-9.677664e+01 -1.178784e+00 1.552966e+00) (-6.245212e-02 -7.023944e-03 4.469468e-02))
500.6         	((2.277759e+00 4.738738e+02 4.524148e+02) (-5.694212e-02 9.298149e+00 3.720553e+00)) ((-9.648524e+01 -1.047371e+00 1.427603e+00) (-7.096427e-02 -6.984790e-03 4.070585e-02))
500.61        	((2.668218e+00 4.810596e+02 4.797159e+02) (-5.197395e-02 9.180979e+00 3.778049e+00)) ((-9.672108e+01 -9.198920e-01 1.291957e+00) (-7.965525e-02 -6.887522e-03 3.698612e-02))
500.62        	((2.967449e+00 4.884269e+02 5.047090e+02) (-4.705911e-02 9.071862e+00 3.838844e+00)) ((-9.749468e+01 -8.046786e-01 1.138048e+00) (-8.710594e-02 -6.651339e-03 3.348658e-02))
500.63        	((3.159264e+00 4.960449e+02 5.271970e+02) (-4.241810e-02 8.972416e+00 3.900462e+00)) ((-9.869760e+01 -7.062040e-01 9.859365e-01) (-9.544413e-02 -6.361024e-03 3.011162e-02))
500.64        	((3.255629e+00 5.038690e+02 5.472591e+02) (-3.799947e-02 8.882442e+00 3.964209e+00)) ((-1.002074e+02 -6.219742e-01 8.392960e-01) (-1.024335e-01 -6.007418e-03 2.694804e-02))
500.65        	((3.292958e+00 5.118253e+02 5.652149e+02) (-3.402493e-02 8.802743e+00 4.028936e+00)) ((-1.019092e+02 -5.448859e-01 7.158868e-01) (-1.098361e-01 -5.740302e-03 2.384268e-02))
500.66        	((3.299181e+00 5.197077e+02 5.813844e+02) (-3.010784e-02 8.733100e+00 4.095297e+00)) ((-1.037454e+02 -4.756504e-01 5.862244e-01) (-1.163332e-01 -5.410950e-03 2.102215e-02))
500.67        	((3.303731e+00 5.273954e+02 5.960913e+02) (-2.671718e-02 8.673219e+00 4.161917e+00)) ((-1.056886e+02 -4.134505e-01 4.698896e-01) (-1.226472e-01 -5.215365e-03 1.821038e-02))
500.68        	((3.250820e+00 5.349208e+02 6.097032e+02) (-2.315739e-02 8.623362e+00 4.230151e+00)) ((-1.077129e+02 -3.639241e-01 3.066964e-01) (-1.288599e-01 -4.714619e-03 1.593801e-02))
500.69        	((3.215908e+00 5.423245e+02 6.223478e+02) (-2.052548e-02 8.582461e+00 4.298237e+00)) ((-1.097814e+02 -3.227603e-01 2.053200e-01) (-1.346313e-01 -4.622346e-03 1.348901e-02))
500.7         	((3.142522e+00 5.496777e+02 6.340537e+02) (-1.769263e-02 8.551270e+00 4.368092e+00)) ((-1.118512e+02 -2.916244e-01 8.898965e-02) (-1.408444e-01 -4.239193e-03 1.178793e-02))
500.71        	((3.129720e+00 5.568967e+02 6.447899e+02) (-1.630762e-02 8.526823e+00 4.436067e+00)) ((-1.138826e+02 -2.625753e-01 5.487279e-02) (-1.447946e-01 -4.487440e-03 9.732469e-03))
500.72        	((3.061839e+00 5.640983e+02 6.545526e+02) (-1.340927e-02 8.512599e+00 4.507399e+00)) ((-1.158650e+02 -2.402538e-01 -2.094945e-02) (-1.508572e-01 -3.911258e-03 8.463547e-03))
500.73        	((3.017155e+00 5.710978e+02 6.633087e+02) (-1.236359e-02 8.503248e+00 4.576021e+00)) ((-1.178010e+02 -2.170017e-01 -5.019021e-02) (-1.541295e-01 -4.048287e-03 6.742801e-03))
500.74        	((2.905651e+00 5.779304e+02 6.710959e+02) (-1.003530e-02 8.502576e+00 4.646972e+00)) ((-1.197045e+02 -1.981668e-01 -1.357316e-01) (-1.592567e-01 -3.518792e-03 5.851170e-03))
500.75        	((2.831670e+00 5.843946e+02 6.780175e+02) (-9.087787e-03 8.505619e+00 4.715287e+00)) ((-1.215604e+02 -1.815249e-01 -1.681777e-01) (-1.619428e-01 -3.425067e-03 4.815026e-03))
500.76        	((2.738134e+00 5.906446e+02 6.842285e+02) (-7.791192e-03 8.515084e+00 4.784699e+00)) ((-1.233786e+02 -1.685728e-01 -2.127161e-01) (-1.656584e-01 -3.213724e-03 4.067272e-03))
500.77        	((2.662320e+00 5.965137e+02 6.897775e+02) (-7.047154e-03 8.527120e+00 4.851028e+00)) ((-1.251534e+02 -1.565991e-01 -2.192516e-01) (-1.667552e-01 -3.187860e-03 3.115673e-03))
500.78        	((2.555529e+00 6.022367e+02 6.946958e+02) (-5.840804e-03 8.544947e+00 4.919111e+00)) ((-1.269229e+02 -1.456692e-01 -2.447563e-01) (-1.698365e-01 -2.966339e-03 2.537927e-03))
500.79        	((2.461027e+00 6.075404e+02 6.989294e+02) (-5.359396e-03 8.564587e+00 4.983115e+00)) ((-1.286583e+02 -1.342283e-01 -2.572728e-01) (-1.700308e-01 -2.887130e-03 1.947228e-03))
500.8         	((2.359057e+00 6.126510e+02 7.025030e+02) (-4.644771e-03 8.588784e+00 5.048130e+00)) ((-1.304040e+02 -1.239335e-01 -2.887778e-01) (-1.721929e-01 -2.722264e-03 1.530644e-03))
500.81        	((2.263094e+00 6.172949e+02 7.054301e+02) (-4.223294e-03 8.613979e+00 5.109191e+00)) ((-1.321017e+02 -1.130210e-01 -3.151669e-01) (-1.719379e-01 -2.620439e-03 1.116812e-03))
500.82        	((2.171015e+00 6.216742e+02 7.078369e+02) (-4.160791e-03 8.641892e+00 5.170009e+00)) ((-1.337549e+02 -9.978287e-02 -3.363937e-01) (-1.730888e-01 -2.532674e-03 9.050901e-04))
500.83        	((2.048686e+00 6.254948e+02 7.102624e+02) (-3.701586e-03 8.670837e+00 5.230323e+00)) ((-1.352196e+02 -8.505048e-02 -3.617008e-01) (-1.725584e-01 -2.387720e-03 5.803134e-04))
500.84        	((1.936994e+00 6.290265e+02 7.123858e+02) (-4.014145e-03 8.700997e+00 5.287593e+00)) ((-1.366254e+02 -7.177649e-02 -3.696001e-01) (-1.714606e-01 -2.525542e-03 1.434538e-04))
500.85        	((1.819750e+00 6.323331e+02 7.137760e+02) (-3.206439e-03 8.733452e+00 5.344751e+00)) ((-1.380488e+02 -5.958024e-02 -3.851632e-01) (-1.720036e-01 -2.489426e-03 -1.074363e-05))
500.86        	((1.716248e+00 6.353264e+02 7.144217e+02) (-2.238804e-03 8.763945e+00 5.394423e+00)) ((-1.394651e+02 -4.368209e-02 -3.883822e-01) (-1.673550e-01 -2.297455e-03 5.829958e-04))
500.87        	((1.587745e+00 6.380643e+02 7.145794e+02) (-2.761881e-03 8.798613e+00 5.450546e+00)) ((-1.408546e+02 -2.358727e-02 -4.082920e-01) (-1.696187e-01 -2.319918e-03 -1.174761e-04))
500.88        	((1.489560e+00 6.403592e+02 7.144567e+02) (-3.148065e-03 8.832372e+00 5.500994e+00)) ((-1.420848e+02 -2.147633e-03 -4.002228e-01) (-1.686426e-01 -2.264988e-03 -5.027910e-04))
500.89        	((1.407491e+00 6.422613e+02 7.138588e+02) (-3.382496e-03 8.865426e+00 5.546865e+00)) ((-1.432711e+02 1.717838e-02 -3.939057e-01) (-1.667669e-01 -2.181100e-03 -7.291552e-04))
500.9         	((1.304536e+00 6.436851e+02 7.126361e+02) (-3.873803e-03 8.897002e+00 5.590973e+00)) ((-1.444148e+02 2.795442e-02 -4.177080e-01) (-1.643595e-01 -2.247386e-03 -9.015749e-04))
500.91        	((1.178256e+00 6.448257e+02 7.114964e+02) (-2.745651e-03 8.928239e+00 5.634332e+00)) ((-1.454198e+02 2.884286e-02 -4.438612e-01) (-1.625890e-01 -2.098866e-03 -1.630105e-04))
500.92        	((1.104019e+00 6.457710e+02 7.106216e+02) (-4.209072e-03 8.959939e+00 5.676433e+00)) ((-1.462664e+02 3.739770e-02 -3.775881e-01) (-1.608763e-01 -2.485615e-03 -1.305525e-03))
500.93        	((9.529711e-01 6.465328e+02 7.096757e+02) (-3.352467e-03 8.990190e+00 5.716276e+00)) ((-1.470298e+02 5.658216e-02 -3.716786e-01) (-1.590082e-01 -2.027996e-03 -7.090195e-04))
500.94        	((8.030581e-01 6.469891e+02 7.083014e+02) (-2.328283e-03 9.018096e+00 5.750876e+00)) ((-1.477863e+02 7.383714e-02 -3.839158e-01) (-1.548595e-01 -1.471880e-03 -8.524876e-06))
500.95        	((6.762381e-01 6.471956e+02 7.064015e+02) (-3.219878e-03 9.046419e+00 5.787722e+00)) ((-1.485560e+02 7.916466e-02 -3.858551e-01) (-1.545775e-01 -1.607520e-03 -7.118349e-04))
500.96        	((6.379657e-01 6.471348e+02 7.039280e+02) (-5.597256e-03 9.072933e+00 5.817680e+00)) ((-1.493744e+02 8.748137e-02 -3.103200e-01) (-1.522048e-01 -2.065210e-03 -2.708033e-03))
500.97        	((5.301271e-01 6.467654e+02 7.013470e+02) (-4.021342e-03 9.098985e+00 5.848379e+00)) ((-1.500683e+02 8.610090e-02 -3.150503e-01) (-1.515958e-01 -1.696092e-03 -1.273669e-03))
500.98        	((4.446045e-01 6.460540e+02 6.989986e+02) (-4.227860e-03 9.123123e+00 5.876624e+00)) ((-1.505373e+02 7.100273e-02 -2.907054e-01) (-1.495341e-01 -2.189293e-03 -1.533338e-03))
500.99        	((3.376999e-01 6.451787e+02 6.967918e+02) (-3.848206e-03 9.145980e+00 5.904734e+00)) ((-1.508555e+02 5.667826e-02 -2.709915e-01) (-1.482452e-01 -1.999787e-03 -1.442621e-03))
501           	((2.736050e-01 6.441071e+02 6.941736e+02) (-5.117561e-03 9.167255e+00 5.929623e+00)) ((-1.511881e+02 6.073004e-02 -2.083325e-01) (-1.464336e-01 -1.986308e-03 -2.357924e-03))
501.01        	((2.062785e-01 6.428267e+02 6.910915e+02) (-4.924131e-03 9.186797e+00 5.952736e+00)) ((-1.515498e+02 6.539348e-02 -1.688126e-01) (-1.455504e-01 -1.664734e-03 -1.905166e-03))
501.02        	((1.657128e-01 6.412959e+02 6.877089e+02) (-7.748754e-03 9.204167e+00 5.971764e+00)) ((-1.518859e+02 6.674184e-02 -1.090374e-01) (-1.432081e-01 -2.196685e-03 -3.792345e-03))
501.03        	((7.312959e-02 6.396187e+02 6.841934e+02) (-5.706768e-03 9.220295e+00 5.991748e+00)) ((-1.521492e+02 6.308899e-02 -9.935756e-02) (-1.433009e-01 -1.480038e-03 -2.099773e-03))
501.04        	((-2.511043e-03 6.377549e+02 6.805475e+02) (-5.879134e-03 9.234639e+00 6.008529e+00)) ((-1.523171e+02 5.555095e-02 -6.950756e-02) (-1.421654e-01 -1.445687e-03 -2.062870e-03))
501.05        	((-6.155773e-02 6.357465e+02 6.767212e+02) (-5.802887e-03 9.247538e+00 6.024608e+00)) ((-1.524275e+02 3.728296e-02 -4.065261e-02) (-1.413207e-01 -1.767531e-03 -1.794775e-03))
501.06        	((-1.139793e-01 6.336007e+02 6.726832e+02) (-5.792250e-03 9.259010e+00 6.039390e+00)) ((-1.525050e+02 1.534843e-02 -2.908397e-03) (-1.403702e-01 -1.925100e-03 -2.010009e-03))
501.07        	((-1.746555e-01 6.313480e+02 6.684240e+02) (-6.077703e-03 9.268182e+00 6.052405e+00)) ((-1.525628e+02 1.127834e-02 4.018260e-02) (-1.394613e-01 -1.732145e-03 -2.261348e-03))
501.08        	((-2.461725e-01 6.289784e+02 6.639260e+02) (-6.365275e-03 9.275499e+00 6.063144e+00)) ((-1.525848e+02 1.513748e-02 5.465193e-02) (-1.388867e-01 -1.382672e-03 -1.897462e-03))
501.09        	((-3.146173e-01 6.265071e+02 6.592193e+02) (-6.726237e-03 9.280848e+00 6.071617e+00)) ((-1.525720e+02 1.400199e-02 5.668349e-02) (-1.384589e-01 -1.250905e-03 -1.711777e-03))
501.1         	((-3.925317e-01 6.239348e+02 6.543422e+02) (-6.733307e-03 9.284842e+00 6.078479e+00)) ((-1.525031e+02 6.591493e-03 5.217721e-02) (-1.382894e-01 -1.132741e-03 -1.383936e-03))
501.11        	((-4.466689e-01 6.212829e+02 6.493274e+02) (-7.053838e-03 9.286810e+00 6.083433e+00)) ((-1.523871e+02 -4.987019e-04 7.685098e-02) (-1.381157e-01 -9.878946e-04 -1.421478e-03))
501.12        	((-4.886221e-01 6.185342e+02 6.441700e+02) (-7.234742e-03 9.287870e+00 6.087348e+00)) ((-1.522251e+02 -1.169790e-02 1.064742e-01) (-1.381445e-01 -1.173698e-03 -1.068433e-03))
501.13        	((-5.003108e-01 6.157051e+02 6.388907e+02) (-7.452954e-03 9.286997e+00 6.090011e+00)) ((-1.520280e+02 -3.065638e-02 1.478310e-01) (-1.380468e-01 -1.658914e-03 -1.050971e-03))
501.14        	((-5.316939e-01 6.128014e+02 6.334766e+02) (-7.393099e-03 9.284962e+00 6.091484e+00)) ((-1.517923e+02 -4.522831e-02 1.846926e-01) (-1.380971e-01 -1.744936e-03 -1.235239e-03))
501.15        	((-5.673998e-01 6.098448e+02 6.279334e+02) (-7.548135e-03 9.280879e+00 6.090967e+00)) ((-1.515245e+02 -3.999193e-02 2.154896e-01) (-1.380591e-01 -1.505599e-03 -1.391568e-03))
501.16        	((-6.127142e-01 6.068344e+02 6.222703e+02) (-7.879455e-03 9.275646e+00 6.088694e+00)) ((-1.512226e+02 -3.337214e-02 2.161952e-01) (-1.383098e-01 -1.284891e-03 -1.513069e-03))
501.17        	((-6.738117e-01 6.037769e+02 6.165098e+02) (-7.694261e-03 9.268692e+00 6.084522e+00)) ((-1.508894e+02 -3.391384e-02 1.936385e-01) (-1.386247e-01 -1.203163e-03 -1.331055e-03))
501.18        	((-7.461030e-01 6.006591e+02 6.106643e+02) (-7.846623e-03 9.260756e+00 6.078897e+00)) ((-1.505254e+02 -4.125959e-02 1.654827e-01) (-1.390857e-01 -1.147779e-03 -1.458659e-03))
501.19        	((-8.377746e-01 5.974804e+02 6.047410e+02) (-7.595946e-03 9.251154e+00 6.071724e+00)) ((-1.501324e+02 -5.187634e-02 1.261550e-01) (-1.394885e-01 -1.033473e-03 -1.133685e-03))
501.2         	((-9.151454e-01 5.942324e+02 5.987464e+02) (-7.791401e-03 9.240698e+00 6.063298e+00)) ((-1.497115e+02 -6.424890e-02 9.481189e-02) (-1.399614e-01 -9.880703e-04 -1.098053e-03))
501.21        	((-9.946572e-01 5.909306e+02 5.927079e+02) (-7.685700e-03 9.228864e+00 6.053844e+00)) ((-1.492565e+02 -8.458528e-02 4.414886e-02) (-1.403345e-01 -1.185643e-03 -6.245723e-04))
501.22        	((-1.051712e+00 5.875643e+02 5.866010e+02) (-7.734025e-03 9.215946e+00 6.043185e+00)) ((-1.487768e+02 -1.090063e-01 3.552967e-03) (-1.407664e-01 -1.402394e-03 -5.523981e-04))
501.23        	((-1.123046e+00 5.841884e+02 5.804828e+02) (-7.555269e-03 9.201754e+00 6.031167e+00)) ((-1.482603e+02 -1.254308e-01 -3.948115e-02) (-1.412147e-01 -1.341582e-03 -5.273410e-04))
501.24        	((-1.192199e+00 5.807884e+02 5.743395e+02) (-7.798013e-03 9.186517e+00 6.017737e+00)) ((-1.477200e+02 -1.281831e-01 -7.885589e-02) (-1.417172e-01 -1.094306e-03 -5.403684e-04))
501.25        	((-1.259510e+00 5.773315e+02 5.681553e+02) (-8.070413e-03 9.170017e+00 6.003016e+00)) ((-1.471590e+02 -1.288581e-01 -1.235672e-01) (-1.422547e-01 -9.272835e-04 -3.628368e-04))
501.26        	((-1.320684e+00 5.738207e+02 5.619118e+02) (-8.364959e-03 9.152528e+00 5.986976e+00)) ((-1.465796e+02 -1.324212e-01 -1.591901e-01) (-1.428424e-01 -9.128074e-04 -2.363699e-04))
501.27        	((-1.378505e+00 5.703038e+02 5.556670e+02) (-8.682651e-03 9.134087e+00 5.969826e+00)) ((-1.459741e+02 -1.381159e-01 -1.852292e-01) (-1.434937e-01 -9.217065e-04 -7.685426e-05))
501.28        	((-1.428590e+00 5.667659e+02 5.494100e+02) (-9.040179e-03 9.114651e+00 5.951664e+00)) ((-1.453478e+02 -1.445707e-01 -2.037325e-01) (-1.441481e-01 -9.414404e-04 7.789157e-05))
501.29        	((-1.470061e+00 5.631731e+02 5.431396e+02) (-9.374350e-03 9.094219e+00 5.932600e+00)) ((-1.446984e+02 -1.510800e-01 -2.189428e-01) (-1.447742e-01 -9.565099e-04 1.956229e-04))
501.3         	((-1.508252e+00 5.595654e+02 5.368288e+02) (-9.653953e-03 9.072871e+00 5.912571e+00)) ((-1.440310e+02 -1.571058e-01 -2.298275e-01) (-1.454067e-01 -9.528696e-04 2.780086e-04))
501.31        	((-1.543334e+00 5.559477e+02 5.305321e+02) (-9.927749e-03 9.050739e+00 5.891695e+00)) ((-1.433433e+02 -1.638492e-01 -2.372486e-01) (-1.460325e-01 -9.795646e-04 3.908581e-04))
501.32        	((-1.573852e+00 5.522899e+02 5.242525e+02) (-1.017172e-02 9.027854e+00 5.870100e+00)) ((-1.426350e+02 -1.734774e-01 -2.422019e-01) (-1.466272e-01 -1.087062e-03 5.268935e-04))
501.33        	((-1.603449e+00 5.486413e+02 5.179853e+02) (-1.033978e-02 9.004130e+00 5.847660e+00)) ((-1.419094e+02 -1.836281e-01 -2.427065e-01) (-1.471974e-01 -1.188577e-03 6.013319e-04))
501.34        	((-1.633126e+00 5.449904e+02 5.117133e+02) (-1.053460e-02 8.979662e+00 5.824270e+00)) ((-1.411738e+02 -1.907725e-01 -2.416213e-01) (-1.477774e-01 -1.205309e-03 6.547057e-04))
501.35        	((-1.661519e+00 5.413253e+02 5.054523e+02) (-1.073747e-02 8.954510e+00 5.800020e+00)) ((-1.404242e+02 -1.949005e-01 -2.413898e-01) (-1.483524e-01 -1.174425e-03 6.982372e-04))
501.36        	((-1.688805e+00 5.376157e+02 4.991960e+02) (-1.093757e-02 8.928721e+00 5.775024e+00)) ((-1.396590e+02 -1.978190e-01 -2.421909e-01) (-1.488987e-01 -1.137846e-03 7.364672e-04))
501.37        	((-1.716261e+00 5.339173e+02 4.929431e+02) (-1.113471e-02 8.902313e+00 5.749290e+00)) ((-1.388848e+02 -2.003984e-01 -2.416438e-01) (-1.494334e-01 -1.111307e-03 7.811005e-04))
501.38        	((-1.742903e+00 5.302303e+02 4.867151e+02) (-1.130943e-02 8.875286e+00 5.722868e+00)) ((-1.381038e+02 -2.031335e-01 -2.394918e-01) (-1.499506e-01 -1.096483e-03 8.167659e-04))
501.39        	((-1.768235e+00 5.265415e+02 4.805128e+02) (-1.147641e-02 8.847675e+00 5.695801e+00)) ((-1.373130e+02 -2.061625e-01 -2.361015e-01) (-1.504455e-01 -1.093142e-03 8.507657e-04))
501.4         	((-1.792091e+00 5.228415e+02 4.743239e+02) (-1.164144e-02 8.819487e+00 5.668100e+00)) ((-1.365115e+02 -2.098254e-01 -2.319481e-01) (-1.509251e-01 -1.101582e-03 8.873716e-04))
501.41        	((-1.814245e+00 5.191332e+02 4.681493e+02) (-1.180762e-02 8.790744e+00 5.639778e+00)) ((-1.357005e+02 -2.139524e-01 -2.276865e-01) (-1.513809e-01 -1.109769e-03 9.179961e-04))
501.42        	((-1.833883e+00 5.154261e+02 4.620020e+02) (-1.196958e-02 8.761500e+00 5.610875e+00)) ((-1.348823e+02 -2.183290e-01 -2.232590e-01) (-1.518172e-01 -1.120410e-03 9.494881e-04))
501.43        	((-1.850588e+00 5.117264e+02 4.558909e+02) (-1.212885e-02 8.731781e+00 5.581421e+00)) ((-1.340588e+02 -2.222221e-01 -2.185052e-01) (-1.522386e-01 -1.133226e-03 9.758071e-04))
501.44        	((-1.865275e+00 5.080341e+02 4.498137e+02) (-1.229053e-02 8.701620e+00 5.551452e+00)) ((-1.332305e+02 -2.256451e-01 -2.135928e-01) (-1.526372e-01 -1.145357e-03 9.984008e-04))
501.45        	((-1.878822e+00 5.043465e+02 4.437616e+02) (-1.245440e-02 8.671036e+00 5.520994e+00)) ((-1.323982e+02 -2.291013e-01 -2.087672e-01) (-1.530176e-01 -1.157112e-03 1.020882e-03))
501.46        	((-1.891382e+00 5.006636e+02 4.377311e+02) (-1.261683e-02 8.640023e+00 5.490038e+00)) ((-1.315622e+02 -2.328702e-01 -2.040803e-01) (-1.533865e-01 -1.168816e-03 1.039908e-03))
501.47        	((-1.902833e+00 4.969873e+02 4.317263e+02) (-1.276686e-02 8.608615e+00 5.458625e+00)) ((-1.307229e+02 -2.368697e-01 -1.995971e-01) (-1.537490e-01 -1.178401e-03 1.049058e-03))
501.48        	((-1.912922e+00 4.933207e+02 4.257548e+02) (-1.291384e-02 8.576848e+00 5.426795e+00)) ((-1.298810e+02 -2.410253e-01 -1.952955e-01) (-1.541043e-01 -1.189106e-03 1.059536e-03))
501.49        	((-1.921777e+00 4.896657e+02 4.198213e+02) (-1.306118e-02 8.544740e+00 5.394555e+00)) ((-1.290371e+02 -2.451349e-01 -1.909536e-01) (-1.544380e-01 -1.201402e-03 1.068201e-03))
501.5         	((-1.929496e+00 4.860230e+02 4.139245e+02) (-1.320394e-02 8.512313e+00 5.361930e+00)) ((-1.281922e+02 -2.492883e-01 -1.866046e-01) (-1.547329e-01 -1.212812e-03 1.071829e-03))
501.51        	((-1.936326e+00 4.823930e+02 4.080614e+02) (-1.334230e-02 8.479618e+00 5.328964e+00)) ((-1.273472e+02 -2.536621e-01 -1.826018e-01) (-1.549932e-01 -1.225179e-03 1.071771e-03))
501.52        	((-1.942282e+00 4.787755e+02 4.022316e+02) (-1.347944e-02 8.446667e+00 5.295669e+00)) ((-1.265022e+02 -2.581599e-01 -1.792312e-01) (-1.552146e-01 -1.236697e-03 1.070618e-03))
501.53        	((-1.947523e+00 4.751697e+02 3.964368e+02) (-1.362209e-02 8.413477e+00 5.262056e+00)) ((-1.256560e+02 -2.626229e-01 -1.765100e-01) (-1.553923e-01 -1.250077e-03 1.073400e-03))
501.54        	((-1.951979e+00 4.715868e+02 3.906883e+02) (-1.377273e-02 8.380070e+00 5.228149e+00)) ((-1.248109e+02 -2.670606e-01 -1.744511e-01) (-1.555272e-01 -1.263610e-03 1.084490e-03))
501.55        	((-1.955985e+00 4.680156e+02 3.849747e+02) (-1.393006e-02 8.346463e+00 5.193948e+00)) ((-1.239653e+02 -2.715893e-01 -1.727687e-01) (-1.556185e-01 -1.281576e-03 1.105771e-03))
501.56        	((-1.959312e+00 4.644631e+02 3.793020e+02) (-1.409910e-02 8.312660e+00 5.159457e+00)) ((-1.231212e+02 -2.762688e-01 -1.712305e-01) (-1.556717e-01 -1.299948e-03 1.137079e-03))
501.57        	((-1.961975e+00 4.609288e+02 3.736685e+02) (-1.427480e-02 8.278698e+00 5.124712e+00)) ((-1.222793e+02 -2.810386e-01 -1.697073e-01) (-1.556797e-01 -1.317238e-03 1.173714e-03))
501.58        	((-1.963893e+00 4.574119e+02 3.680739e+02) (-1.445281e-02 8.244593e+00 5.089735e+00)) ((-1.214390e+02 -2.857999e-01 -1.684247e-01) (-1.556460e-01 -1.333576e-03 1.211381e-03))
501.59        	((-1.965094e+00 4.539126e+02 3.625186e+02) (-1.463380e-02 8.210355e+00 5.054543e+00)) ((-1.206002e+02 -2.904828e-01 -1.676703e-01) (-1.555722e-01 -1.352000e-03 1.252663e-03))
501.6         	((-1.965678e+00 4.504324e+02 3.570045e+02) (-1.482501e-02 8.175986e+00 5.019144e+00)) ((-1.197627e+02 -2.949795e-01 -1.675506e-01) (-1.554680e-01 -1.375590e-03 1.307044e-03))
501.61        	((-1.965739e+00 4.469727e+02 3.515332e+02) (-1.502687e-02 8.141504e+00 4.983558e+00)) ((-1.189269e+02 -2.993725e-01 -1.680624e-01) (-1.553416e-01 -1.396887e-03 1.366034e-03))
501.62        	((-1.964801e+00 4.435351e+02 3.461052e+02) (-1.523467e-02 8.106934e+00 4.947814e+00)) ((-1.180931e+02 -3.039088e-01 -1.686955e-01) (-1.551968e-01 -1.414585e-03 1.426609e-03))
501.63        	((-1.962677e+00 4.401195e+02 3.407202e+02) (-1.543972e-02 8.072283e+00 4.911913e+00)) ((-1.172618e+02 -3.085084e-01 -1.690657e-01) (-1.550152e-01 -1.434225e-03 1.485694e-03))
501.64        	((-1.959484e+00 4.367254e+02 3.353785e+02) (-1.564265e-02 8.037553e+00 4.875848e+00)) ((-1.164328e+02 -3.130184e-01 -1.689234e-01) (-1.547950e-01 -1.454555e-03 1.542744e-03))
501.65        	((-1.955459e+00 4.333531e+02 3.300804e+02) (-1.584041e-02 8.002774e+00 4.839655e+00)) ((-1.156061e+02 -3.173760e-01 -1.683547e-01) (-1.545429e-01 -1.474140e-03 1.595468e-03))
501.66        	((-1.951009e+00 4.300031e+02 3.248264e+02) (-1.603204e-02 7.967967e+00 4.803365e+00)) ((-1.147818e+02 -3.215590e-01 -1.677319e-01) (-1.542672e-01 -1.494179e-03 1.644478e-03))
501.67        	((-1.946083e+00 4.266767e+02 3.196165e+02) (-1.622291e-02 7.933139e+00 4.766982e+00)) ((-1.139604e+02 -3.255670e-01 -1.674115e-01) (-1.539744e-01 -1.513017e-03 1.692164e-03))
501.68        	((-1.940728e+00 4.233740e+02 3.144501e+02) (-1.640750e-02 7.898299e+00 4.730508e+00)) ((-1.131423e+02 -3.294313e-01 -1.674486e-01) (-1.536714e-01 -1.530065e-03 1.733040e-03))
501.69        	((-1.935023e+00 4.200959e+02 3.093264e+02) (-1.658313e-02 7.863461e+00 4.693958e+00)) ((-1.123279e+02 -3.332636e-01 -1.675941e-01) (-1.533581e-01 -1.546759e-03 1.767658e-03))
501.7         	((-1.929788e+00 4.168425e+02 3.042454e+02) (-1.675729e-02 7.828656e+00 4.657356e+00)) ((-1.115170e+02 -3.370643e-01 -1.673948e-01) (-1.530354e-01 -1.564503e-03 1.802832e-03))
501.71        	((-1.925893e+00 4.136137e+02 2.992078e+02) (-1.692970e-02 7.793897e+00 4.620711e+00)) ((-1.107091e+02 -3.407337e-01 -1.668420e-01) (-1.527000e-01 -1.581846e-03 1.835252e-03))
501.72        	((-1.922599e+00 4.104102e+02 2.942149e+02) (-1.710139e-02 7.759187e+00 4.584033e+00)) ((-1.099054e+02 -3.441926e-01 -1.661299e-01) (-1.523506e-01 -1.601595e-03 1.869851e-03))
501.73        	((-1.919123e+00 4.072259e+02 2.892625e+02) (-1.727149e-02 7.724536e+00 4.547335e+00)) ((-1.091030e+02 -3.474784e-01 -1.655181e-01) (-1.519870e-01 -1.622768e-03 1.905331e-03))
501.74        	((-1.914889e+00 4.040647e+02 2.843549e+02) (-1.744172e-02 7.689944e+00 4.510615e+00)) ((-1.083020e+02 -3.506372e-01 -1.648781e-01) (-1.516069e-01 -1.645960e-03 1.946003e-03))
501.75        	((-1.910117e+00 4.009300e+02 2.794954e+02) (-1.761025e-02 7.655414e+00 4.473870e+00)) ((-1.075034e+02 -3.536948e-01 -1.640252e-01) (-1.512160e-01 -1.669225e-03 1.986113e-03))
501.76        	((-1.905348e+00 3.978222e+02 2.746839e+02) (-1.778121e-02 7.620943e+00 4.437102e+00)) ((-1.067083e+02 -3.567231e-01 -1.630843e-01) (-1.508159e-01 -1.694098e-03 2.030179e-03))
501.77        	((-1.900967e+00 3.947396e+02 2.699175e+02) (-1.796094e-02 7.586541e+00 4.400319e+00)) ((-1.059168e+02 -3.597707e-01 -1.621103e-01) (-1.504127e-01 -1.717096e-03 2.078328e-03))
501.78        	((-1.896878e+00 3.916801e+02 2.651933e+02) (-1.814270e-02 7.552212e+00 4.363530e+00)) ((-1.051289e+02 -3.628313e-01 -1.613464e-01) (-1.500044e-01 -1.739355e-03 2.124455e-03))
501.79        	((-1.893043e+00 3.886436e+02 2.605110e+02) (-1.832420e-02 7.517969e+00 4.326747e+00)) ((-1.043440e+02 -3.659422e-01 -1.610972e-01) (-1.495882e-01 -1.760442e-03 2.169065e-03))
501.8         	((-1.889344e+00 3.856301e+02 2.558717e+02) (-1.849868e-02 7.483821e+00 4.289971e+00)) ((-1.035620e+02 -3.690837e-01 -1.613343e-01) (-1.491695e-01 -1.782112e-03 2.208839e-03))
501.81        	((-1.886208e+00 3.826402e+02 2.512763e+02) (-1.866620e-02 7.449774e+00 4.253237e+00)) ((-1.027829e+02 -3.722912e-01 -1.614732e-01) (-1.487327e-01 -1.801943e-03 2.243203e-03))
501.82        	((-1.883283e+00 3.796747e+02 2.467252e+02) (-1.881734e-02 7.415849e+00 4.216538e+00)) ((-1.020067e+02 -3.755460e-01 -1.614951e-01) (-1.482951e-01 -1.822620e-03 2.267649e-03))
501.83        	((-1.879799e+00 3.767349e+02 2.422182e+02) (-1.896227e-02 7.382043e+00 4.179884e+00)) ((-1.012339e+02 -3.787071e-01 -1.614387e-01) (-1.478468e-01 -1.843434e-03 2.289587e-03))
501.84        	((-1.875681e+00 3.738205e+02 2.377533e+02) (-1.910113e-02 7.348370e+00 4.143279e+00)) ((-1.004652e+02 -3.817290e-01 -1.617547e-01) (-1.473959e-01 -1.864593e-03 2.308473e-03))
501.85        	((-1.871547e+00 3.709304e+02 2.333298e+02) (-1.923844e-02 7.314835e+00 4.106734e+00)) ((-9.970050e+01 -3.845978e-01 -1.621354e-01) (-1.469431e-01 -1.886150e-03 2.325883e-03))
501.86        	((-1.867970e+00 3.680640e+02 2.289475e+02) (-1.937352e-02 7.281433e+00 4.070251e+00)) ((-9.893953e+01 -3.873033e-01 -1.621661e-01) (-1.464884e-01 -1.907692e-03 2.341085e-03))
501.87        	((-1.864692e+00 3.652221e+02 2.246069e+02) (-1.950519e-02 7.248184e+00 4.033839e+00)) ((-9.818190e+01 -3.898104e-01 -1.618482e-01) (-1.460306e-01 -1.928837e-03 2.354286e-03))
501.88        	((-1.861164e+00 3.624051e+02 2.203078e+02) (-1.963567e-02 7.215099e+00 3.997506e+00)) ((-9.742756e+01 -3.921760e-01 -1.614095e-01) (-1.455697e-01 -1.950788e-03 2.368356e-03))
501.89        	((-1.856983e+00 3.596127e+02 2.160503e+02) (-1.976457e-02 7.182182e+00 3.961254e+00)) ((-9.667635e+01 -3.945090e-01 -1.610304e-01) (-1.451081e-01 -1.972931e-03 2.380808e-03))
501.9         	((-1.852138e+00 3.568441e+02 2.118354e+02) (-1.989345e-02 7.149442e+00 3.925082e+00)) ((-9.592763e+01 -3.968300e-01 -1.606508e-01) (-1.446476e-01 -1.994279e-03 2.389737e-03))
501.91        	((-1.846959e+00 3.540988e+02 2.076630e+02) (-2.002075e-02 7.116885e+00 3.888994e+00)) ((-9.518117e+01 -3.991484e-01 -1.601741e-01) (-1.441899e-01 -2.015774e-03 2.398905e-03))
501.92        	((-1.841829e+00 3.513768e+02 2.035315e+02) (-2.014504e-02 7.084520e+00 3.853000e+00)) ((-9.443746e+01 -4.014539e-01 -1.594964e-01) (-1.437359e-01 -2.038797e-03 2.407614e-03))
501.93        	((-1.836914e+00 3.486781e+02 1.994397e+02) (-2.026674e-02 7.052347e+00 3.817099e+00)) ((-9.369689e+01 -4.036737e-01 -1.587178e-01) (-1.432854e-01 -2.063105e-03 2.416138e-03))
501.94        	((-1.832085e+00 3.460028e+02 1.953881e+02) (-2.038679e-02 7.020360e+00 3.781292e+00)) ((-9.295940e+01 -4.057299e-01 -1.579923e-01) (-1.428387e-01 -2.086570e-03 2.423145e-03))
501.95        	((-1.826980e+00 3.433500e+02 1.913771e+02) (-2.050441e-02 6.988568e+00 3.745578e+00)) ((-9.222332e+01 -4.076781e-01 -1.573249e-01) (-1.423978e-01 -2.109201e-03 2.428162e-03))
501.96        	((-1.821589e+00 3.407245e+02 1.874130e+02) (-2.061911e-02 6.956962e+00 3.709953e+00)) ((-9.148992e+01 -4.094638e-01 -1.566039e-01) (-1.419647e-01 -2.131909e-03 2.433764e-03))
501.97        	((-1.816292e+00 3.381233e+02 1.834910e+02) (-2.073096e-02 6.925544e+00 3.674419e+00)) ((-9.075943e+01 -4.110304e-01 -1.555927e-01) (-1.415399e-01 -2.156176e-03 2.440471e-03))
501.98        	((-1.811134e+00 3.355438e+02 1.796053e+02) (-2.084042e-02 6.894321e+00 3.638979e+00)) ((-9.003194e+01 -4.123674e-01 -1.542217e-01) (-1.411246e-01 -2.181328e-03 2.446570e-03))
501.99        	((-1.805738e+00 3.329846e+02 1.757547e+02) (-2.094880e-02 6.863306e+00 3.603642e+00)) ((-8.930724e+01 -4.134547e-01 -1.528090e-01) (-1.407175e-01 -2.205867e-03 2.450760e-03))
502           	((-1.800385e+00 3.304474e+02 1.719427e+02) (-2.105490e-02 6.832508e+00 3.568412e+00)) ((-8.858503e+01 -4.142408e-01 -1.520852e-01) (-1.403198e-01 -2.229076e-03 2.451581e-03))
502.01        	((-1.795205e+00 3.279339e+02 1.681730e+02) (-2.116185e-02 6.801934e+00 3.533294e+00)) ((-8.786458e+01 -4.148139e-01 -1.521754e-01) (-1.399306e-01 -2.252070e-03 2.448754e-03))
502.02        	((-1.789838e+00 3.254446e+02 1.644457e+02) (-2.127354e-02 6.771587e+00 3.498287e+00)) ((-8.714562e+01 -4.153872e-01 -1.526283e-01) (-1.395501e-01 -2.274964e-03 2.444691e-03))
502.03        	((-1.783755e+00 3.229787e+02 1.607584e+02) (-2.138258e-02 6.741466e+00 3.463394e+00)) ((-8.642859e+01 -4.161218e-01 -1.530613e-01) (-1.391785e-01 -2.297645e-03 2.440057e-03))
502.04        	((-1.776324e+00 3.205355e+02 1.571095e+02) (-2.148574e-02 6.711569e+00 3.428612e+00)) ((-8.571415e+01 -4.169039e-01 -1.525861e-01) (-1.388190e-01 -2.320885e-03 2.436193e-03))
502.05        	((-1.768463e+00 3.181140e+02 1.534984e+02) (-2.158520e-02 6.681892e+00 3.393947e+00)) ((-8.500195e+01 -4.174346e-01 -1.515854e-01) (-1.384727e-01 -2.344856e-03 2.433102e-03))
502.06        	((-1.761201e+00 3.157136e+02 1.499250e+02) (-2.168018e-02 6.652433e+00 3.359395e+00)) ((-8.429147e+01 -4.175396e-01 -1.507309e-01) (-1.381384e-01 -2.369258e-03 2.430275e-03))
502.07        	((-1.754754e+00 3.133344e+02 1.463896e+02) (-2.177399e-02 6.623190e+00 3.324958e+00)) ((-8.358256e+01 -4.174907e-01 -1.502982e-01) (-1.378151e-01 -2.393976e-03 2.427607e-03))
502.08        	((-1.748765e+00 3.109769e+02 1.428919e+02) (-2.186654e-02 6.594164e+00 3.290633e+00)) ((-8.287554e+01 -4.174814e-01 -1.499115e-01) (-1.375018e-01 -2.419056e-03 2.424064e-03))
502.09        	((-1.742738e+00 3.086407e+02 1.394317e+02) (-2.195742e-02 6.565359e+00 3.256420e+00)) ((-8.217048e+01 -4.174135e-01 -1.491294e-01) (-1.371976e-01 -2.444602e-03 2.419505e-03))
502.1         	((-1.736523e+00 3.063253e+02 1.360080e+02) (-2.204746e-02 6.536771e+00 3.222315e+00)) ((-8.146787e+01 -4.169804e-01 -1.476909e-01) (-1.369043e-01 -2.472059e-03 2.415751e-03))
502.11        	((-1.729620e+00 3.040320e+02 1.326217e+02) (-2.213194e-02 6.508402e+00 3.188325e+00)) ((-8.076645e+01 -4.158220e-01 -1.454210e-01) (-1.366171e-01 -2.500602e-03 2.410274e-03))
502.12        	((-1.721650e+00 3.017609e+02 1.292742e+02) (-2.221085e-02 6.480254e+00 3.154442e+00)) ((-8.006571e+01 -4.142384e-01 -1.422860e-01) (-1.363371e-01 -2.531686e-03 2.403855e-03))
502.13        	((-1.713861e+00 2.995122e+02 1.259646e+02) (-2.229415e-02 6.452319e+00 3.120669e+00)) ((-7.936705e+01 -4.123741e-01 -1.386073e-01) (-1.360629e-01 -2.566679e-03 2.398847e-03))
502.14        	((-1.706515e+00 2.972848e+02 1.226901e+02) (-2.240102e-02 6.424606e+00 3.087012e+00)) ((-7.867190e+01 -4.104760e-01 -1.346670e-01) (-1.357983e-01 -2.603305e-03 2.403538e-03))
502.15        	((-1.699524e+00 2.950774e+02 1.194500e+02) (-2.252459e-02 6.397113e+00 3.053466e+00)) ((-7.797932e+01 -4.086160e-01 -1.308974e-01) (-1.355517e-01 -2.637401e-03 2.412754e-03))
502.16        	((-1.692573e+00 2.928884e+02 1.162444e+02) (-2.265334e-02 6.369834e+00 3.020030e+00)) ((-7.728807e+01 -4.068428e-01 -1.277159e-01) (-1.353198e-01 -2.667776e-03 2.423263e-03))
502.17        	((-1.684958e+00 2.907180e+02 1.130740e+02) (-2.277714e-02 6.342765e+00 2.986698e+00)) ((-7.659770e+01 -4.054083e-01 -1.248500e-01) (-1.350963e-01 -2.695511e-03 2.437143e-03))
502.18        	((-1.676434e+00 2.885677e+02 1.099400e+02) (-2.289432e-02 6.315905e+00 2.953474e+00)) ((-7.590817e+01 -4.043153e-01 -1.215067e-01) (-1.348824e-01 -2.724400e-03 2.460703e-03))
502.19        	((-1.667442e+00 2.864381e+02 1.068429e+02) (-2.299987e-02 6.289268e+00 2.920364e+00)) ((-7.521859e+01 -4.029279e-01 -1.171938e-01) (-1.346829e-01 -2.757122e-03 2.483371e-03))
502.2         	((-1.658319e+00 2.843282e+02 1.037815e+02) (-2.309645e-02 6.262855e+00 2.887372e+00)) ((-7.452902e+01 -4.007538e-01 -1.117951e-01) (-1.344929e-01 -2.792862e-03 2.504531e-03))
502.21        	((-1.648780e+00 2.822370e+02 1.007535e+02) (-2.319501e-02 6.236665e+00 2.854494e+00)) ((-7.384037e+01 -3.976897e-01 -1.052946e-01) (-1.343061e-01 -2.831022e-03 2.526928e-03))
502.22        	((-1.638414e+00 2.801633e+02 9.775845e+01) (-2.329027e-02 6.210690e+00 2.821715e+00)) ((-7.315315e+01 -3.939841e-01 -9.755169e-02) (-1.341221e-01 -2.870566e-03 2.546449e-03))
502.23        	((-1.626890e+00 2.781072e+02 9.479731e+01) (-2.338668e-02 6.184921e+00 2.789033e+00)) ((-7.246766e+01 -3.898018e-01 -8.857685e-02) (-1.339410e-01 -2.912177e-03 2.567816e-03))
502.24        	((-1.615188e+00 2.760685e+02 9.187113e+01) (-2.347234e-02 6.159364e+00 2.756443e+00)) ((-7.178319e+01 -3.852246e-01 -7.834719e-02) (-1.337759e-01 -2.954267e-03 2.584805e-03))
502.25        	((-1.604231e+00 2.740475e+02 8.898147e+01) (-2.355572e-02 6.134006e+00 2.723947e+00)) ((-7.109956e+01 -3.800992e-01 -6.789616e-02) (-1.336179e-01 -2.997182e-03 2.600658e-03))
502.26        	((-1.596272e+00 2.720461e+02 8.612963e+01) (-2.362840e-02 6.108850e+00 2.691528e+00)) ((-7.041666e+01 -3.744413e-01 -5.832946e-02) (-1.334781e-01 -3.041033e-03 2.605050e-03))
502.27        	((-1.591258e+00 2.700648e+02 8.331378e+01) (-2.371236e-02 6.083891e+00 2.659217e+00)) ((-6.973538e+01 -3.685183e-01 -5.026384e-02) (-1.333499e-01 -3.086700e-03 2.599786e-03))
502.28        	((-1.588079e+00 2.681030e+02 8.053328e+01) (-2.380237e-02 6.059130e+00 2.626982e+00)) ((-6.905452e+01 -3.626735e-01 -4.199068e-02) (-1.332558e-01 -3.135616e-03 2.584773e-03))
502.29        	((-1.584593e+00 2.661601e+02 7.778940e+01) (-2.390427e-02 6.034524e+00 2.594849e+00)) ((-6.837401e+01 -3.569102e-01 -3.407717e-02) (-1.331436e-01 -3.186451e-03 2.578116e-03))
502.3         	((-1.579879e+00 2.642373e+02 7.508497e+01) (-2.400360e-02 6.010088e+00 2.562737e+00)) ((-6.769225e+01 -3.509420e-01 -2.315604e-02) (-1.330748e-01 -3.245479e-03 2.569937e-03))
502.31        	((-1.575145e+00 2.623384e+02 7.241582e+01) (-2.411290e-02 5.985833e+00 2.530805e+00)) ((-6.701473e+01 -3.442243e-01 -1.382589e-02) (-1.329383e-01 -3.297603e-03 2.576545e-03))
502.32        	((-1.575323e+00 2.604659e+02 6.977503e+01) (-2.419065e-02 5.961849e+00 2.498917e+00)) ((-6.634120e+01 -3.372635e-01 -2.419376e-03) (-1.328842e-01 -3.345900e-03 2.538696e-03))
502.33        	((-1.576105e+00 2.586095e+02 6.715654e+01) (-2.429485e-02 5.938002e+00 2.467337e+00)) ((-6.567498e+01 -3.309976e-01 5.008199e-03) (-1.326707e-01 -3.374807e-03 2.558719e-03))
502.34        	((-1.584635e+00 2.567726e+02 6.456597e+01) (-2.431231e-02 5.914473e+00 2.435600e+00)) ((-6.500768e+01 -3.263032e-01 1.797960e-02) (-1.327201e-01 -3.403967e-03 2.502878e-03))
502.35        	((-1.584390e+00 2.549415e+02 6.199699e+01) (-2.449738e-02 5.890805e+00 2.404627e+00)) ((-6.434734e+01 -3.231356e-01 2.199500e-02) (-1.321036e-01 -3.405827e-03 2.637714e-03))
502.36        	((-1.596034e+00 2.531452e+02 5.946576e+01) (-2.441907e-02 5.867828e+00 2.372776e+00)) ((-6.368025e+01 -3.208369e-01 4.011206e-02) (-1.324553e-01 -3.447445e-03 2.516671e-03))
502.37        	((-1.596434e+00 2.513564e+02 5.696133e+01) (-2.445662e-02 5.844673e+00 2.341741e+00)) ((-6.301762e+01 -3.187095e-01 5.059988e-02) (-1.320630e-01 -3.463067e-03 2.570191e-03))
502.38        	((-1.603711e+00 2.495962e+02 5.449311e+01) (-2.441333e-02 5.821912e+00 2.310200e+00)) ((-6.235011e+01 -3.158871e-01 7.112950e-02) (-1.322823e-01 -3.512764e-03 2.537087e-03))
502.39        	((-1.588175e+00 2.479368e+02 5.135557e+01) (-2.446906e-02 5.799103e+00 2.277238e+00)) ((-6.178438e+01 -3.125173e-01 8.102361e-02) (-1.319338e-01 -3.544323e-03 2.595785e-03))
502.4         	((-1.594203e+00 2.461836e+02 4.880800e+01) (-2.444967e-02 5.776611e+00 2.246167e+00)) ((-6.111610e+01 -3.081947e-01 9.644091e-02) (-1.321346e-01 -3.582127e-03 2.567598e-03))
502.41        	((-1.600813e+00 2.443920e+02 4.680185e+01) (-2.451104e-02 5.754159e+00 2.215695e+00)) ((-6.037393e+01 -3.040304e-01 9.774361e-02) (-1.318903e-01 -3.580946e-03 2.627338e-03))
502.42        	((-1.612311e+00 2.427443e+02 4.422700e+01) (-2.447186e-02 5.732017e+00 2.182743e+00)) ((-5.973908e+01 -3.016915e-01 1.022153e-01) (-1.320391e-01 -3.595982e-03 2.575771e-03))
502.43        	((-1.612788e+00 2.411436e+02 4.127475e+01) (-2.453454e-02 5.709915e+00 2.150375e+00)) ((-5.916723e+01 -3.016846e-01 9.390593e-02) (-1.318406e-01 -3.587239e-03 2.619140e-03))
502.44        	((-1.641811e+00 2.394281e+02 3.910425e+01) (-2.446509e-02 5.688031e+00 2.120106e+00)) ((-5.846505e+01 -3.025806e-01 9.554735e-02) (-1.318936e-01 -3.606366e-03 2.525038e-03))
502.45        	((-1.660565e+00 2.377055e+02 3.745848e+01) (-2.457322e-02 5.666402e+00 2.089971e+00)) ((-5.769148e+01 -3.039188e-01 8.480118e-02) (-1.318830e-01 -3.610823e-03 2.613780e-03))
502.46        	((-1.678975e+00 2.361397e+02 3.508214e+01) (-2.450651e-02 5.644785e+00 2.057943e+00)) ((-5.706152e+01 -3.055082e-01 8.950610e-02) (-1.316980e-01 -3.674720e-03 2.500663e-03))
502.47        	((-1.669056e+00 2.346367e+02 3.219857e+01) (-2.466186e-02 5.623493e+00 2.025755e+00)) ((-5.650513e+01 -3.063170e-01 7.947570e-02) (-1.318976e-01 -3.699266e-03 2.621751e-03))
502.48        	((-1.679394e+00 2.330055e+02 3.006674e+01) (-2.469155e-02 5.602233e+00 1.996048e+00)) ((-5.581186e+01 -3.049388e-01 8.436920e-02) (-1.319522e-01 -3.755516e-03 2.607305e-03))
502.49        	((-1.668601e+00 2.314294e+02 2.786914e+01) (-2.483822e-02 5.581184e+00 1.964447e+00)) ((-5.512376e+01 -3.027284e-01 8.186871e-02) (-1.319933e-01 -3.789902e-03 2.667865e-03))
502.5         	((-1.665979e+00 2.298991e+02 2.556365e+01) (-2.491893e-02 5.560206e+00 1.933142e+00)) ((-5.446094e+01 -2.998492e-01 9.584785e-02) (-1.319256e-01 -3.852681e-03 2.601648e-03))
502.51        	((-1.650078e+00 2.283873e+02 2.326491e+01) (-2.513000e-02 5.539400e+00 1.901919e+00)) ((-5.380519e+01 -2.967926e-01 1.011113e-01) (-1.319526e-01 -3.873656e-03 2.644824e-03))
502.52        	((-1.646117e+00 2.268755e+02 2.109002e+01) (-2.524007e-02 5.518736e+00 1.871058e+00)) ((-5.313473e+01 -2.933869e-01 1.193510e-01) (-1.318671e-01 -3.919566e-03 2.613698e-03))
502.53        	((-1.630403e+00 2.253687e+02 1.906280e+01) (-2.541788e-02 5.498065e+00 1.840252e+00)) ((-5.244260e+01 -2.890915e-01 1.279941e-01) (-1.317981e-01 -3.931571e-03 2.663093e-03))
502.54        	((-1.625107e+00 2.238867e+02 1.711756e+01) (-2.545390e-02 5.477328e+00 1.809692e+00)) ((-5.174039e+01 -2.834801e-01 1.471622e-01) (-1.317115e-01 -3.964326e-03 2.595128e-03))
502.55        	((-1.611731e+00 2.224347e+02 1.518797e+01) (-2.565968e-02 5.456895e+00 1.779066e+00)) ((-5.103912e+01 -2.778039e-01 1.567888e-01) (-1.318244e-01 -3.982513e-03 2.573036e-03))
502.56        	((-1.612108e+00 2.210123e+02 1.324673e+01) (-2.568988e-02 5.436586e+00 1.748886e+00)) ((-5.034358e+01 -2.727762e-01 1.780030e-01) (-1.318175e-01 -4.024821e-03 2.461863e-03))
502.57        	((-1.609525e+00 2.196032e+02 1.132551e+01) (-2.576392e-02 5.416216e+00 1.718566e+00)) ((-4.964916e+01 -2.681060e-01 1.932004e-01) (-1.318752e-01 -4.039349e-03 2.352821e-03))
502.58        	((-1.618220e+00 2.182211e+02 9.461193e+00) (-2.566270e-02 5.396333e+00 1.688738e+00)) ((-4.894541e+01 -2.660258e-01 2.093480e-01) (-1.319250e-01 -4.066467e-03 2.297133e-03))
502.59        	((-1.616519e+00 2.168513e+02 7.668173e+00) (-2.561407e-02 5.376539e+00 1.658750e+00)) ((-4.822927e+01 -2.676483e-01 2.108054e-01) (-1.319849e-01 -4.074406e-03 2.271702e-03))
502.6         	((-1.611657e+00 2.155061e+02 5.930537e+00) (-2.547817e-02 5.356871e+00 1.629250e+00)) ((-4.750582e+01 -2.710845e-01 2.144182e-01) (-1.319382e-01 -4.118951e-03 2.192276e-03))
502.61        	((-1.589370e+00 2.141775e+02 4.233057e+00) (-2.543483e-02 5.337250e+00 1.599540e+00)) ((-4.677562e+01 -2.760591e-01 2.100885e-01) (-1.320514e-01 -4.126421e-03 2.138684e-03))
502.62        	((-1.569976e+00 2.128671e+02 2.576207e+00) (-2.525148e-02 5.317904e+00 1.570164e+00)) ((-4.603508e+01 -2.791582e-01 2.104914e-01) (-1.321416e-01 -4.177224e-03 2.001965e-03))
502.63        	((-1.546404e+00 2.115692e+02 9.611988e-01) (-2.516620e-02 5.298589e+00 1.540709e+00)) ((-4.528136e+01 -2.831597e-01 2.011386e-01) (-1.323615e-01 -4.168028e-03 1.911835e-03))
502.64        	((-1.529424e+00 2.102827e+02 -6.047937e-01) (-2.500227e-02 5.279390e+00 1.511503e+00)) ((-4.451475e+01 -2.850863e-01 1.920309e-01) (-1.324875e-01 -4.227899e-03 1.816524e-03))
502.65        	((-1.508321e+00 2.090184e+02 -2.119530e+00) (-2.494791e-02 5.260285e+00 1.482293e+00)) ((-4.373473e+01 -2.906866e-01 1.747907e-01) (-1.327916e-01 -4.208328e-03 1.743196e-03))
502.66        	((-1.490896e+00 2.077676e+02 -3.572331e+00) (-2.475731e-02 5.241351e+00 1.453153e+00)) ((-4.294197e+01 -2.925052e-01 1.627610e-01) (-1.330593e-01 -4.292516e-03 1.624418e-03))
502.67        	((-1.466718e+00 2.065330e+02 -4.975527e+00) (-2.471596e-02 5.222441e+00 1.424163e+00)) ((-4.213657e+01 -2.981702e-01 1.504245e-01) (-1.334274e-01 -4.273995e-03 1.572830e-03))
502.68        	((-1.446693e+00 2.053041e+02 -6.320604e+00) (-2.451914e-02 5.203713e+00 1.395091e+00)) ((-4.131648e+01 -2.985148e-01 1.424142e-01) (-1.338483e-01 -4.369968e-03 1.460791e-03))
502.69        	((-1.422302e+00 2.040841e+02 -7.625214e+00) (-2.456426e-02 5.184984e+00 1.366235e+00)) ((-4.048422e+01 -3.032806e-01 1.321426e-01) (-1.343373e-01 -4.344496e-03 1.474140e-03))
502.7         	((-1.402579e+00 2.028754e+02 -8.872034e+00) (-2.438162e-02 5.166470e+00 1.337275e+00)) ((-3.963708e+01 -3.019020e-01 1.254719e-01) (-1.348881e-01 -4.445720e-03 1.373292e-03))
502.71        	((-1.378146e+00 2.016853e+02 -1.007952e+01) (-2.439272e-02 5.148076e+00 1.308622e+00)) ((-3.878145e+01 -3.049688e-01 1.185187e-01) (-1.354525e-01 -4.427202e-03 1.335683e-03))
502.72        	((-1.359126e+00 2.005124e+02 -1.122996e+01) (-2.435215e-02 5.130091e+00 1.279903e+00)) ((-3.791387e+01 -3.024951e-01 1.195881e-01) (-1.360649e-01 -4.530754e-03 1.316064e-03))
502.73        	((-1.339301e+00 1.993693e+02 -1.234199e+01) (-2.459462e-02 5.112367e+00 1.251551e+00)) ((-3.703995e+01 -3.031531e-01 1.187801e-01) (-1.366371e-01 -4.495457e-03 1.383942e-03))
502.74        	((-1.325003e+00 1.982381e+02 -1.340818e+01) (-2.471051e-02 5.094839e+00 1.223099e+00)) ((-3.615731e+01 -2.977797e-01 1.260311e-01) (-1.372471e-01 -4.594752e-03 1.513501e-03))
502.75        	((-1.309035e+00 1.971366e+02 -1.444119e+01) (-2.488527e-02 5.077635e+00 1.195108e+00)) ((-3.527132e+01 -2.946892e-01 1.262695e-01) (-1.377504e-01 -4.553997e-03 1.558755e-03))
502.76        	((-1.297410e+00 1.960388e+02 -1.543038e+01) (-2.487084e-02 5.060495e+00 1.166935e+00)) ((-3.438071e+01 -2.871856e-01 1.323152e-01) (-1.383329e-01 -4.662229e-03 1.670220e-03))
502.77        	((-1.283124e+00 1.949673e+02 -1.639386e+01) (-2.505669e-02 5.043684e+00 1.139179e+00)) ((-3.349065e+01 -2.809575e-01 1.281980e-01) (-1.388393e-01 -4.624632e-03 1.736143e-03))
502.78        	((-1.273905e+00 1.939003e+02 -1.733034e+01) (-2.505311e-02 5.026880e+00 1.111278e+00)) ((-3.260089e+01 -2.707983e-01 1.346606e-01) (-1.393823e-01 -4.723274e-03 1.884371e-03))
502.79        	((-1.267415e+00 1.928652e+02 -1.825404e+01) (-2.524773e-02 5.010450e+00 1.083664e+00)) ((-3.171723e+01 -2.609038e-01 1.386061e-01) (-1.399359e-01 -4.691119e-03 1.981403e-03))
502.8         	((-1.266612e+00 1.918410e+02 -1.916139e+01) (-2.526718e-02 4.994018e+00 1.055905e+00)) ((-3.084088e+01 -2.472311e-01 1.517478e-01) (-1.405570e-01 -4.771511e-03 2.159623e-03))
502.81        	((-1.265239e+00 1.908450e+02 -2.006641e+01) (-2.542780e-02 4.977846e+00 1.028434e+00)) ((-2.997776e+01 -2.332564e-01 1.556509e-01) (-1.411647e-01 -4.742601e-03 2.283184e-03))
502.82        	((-1.266529e+00 1.898556e+02 -2.096750e+01) (-2.543391e-02 4.961630e+00 1.000918e+00)) ((-2.912809e+01 -2.158739e-01 1.639279e-01) (-1.417981e-01 -4.813068e-03 2.464499e-03))
502.83        	((-1.265775e+00 1.888905e+02 -2.186230e+01) (-2.559001e-02 4.945558e+00 9.736571e-01)) ((-2.829000e+01 -1.986379e-01 1.665232e-01) (-1.424315e-01 -4.785910e-03 2.608361e-03))
502.84        	((-1.267252e+00 1.879405e+02 -2.274314e+01) (-2.548819e-02 4.929358e+00 9.464079e-01)) ((-2.745950e+01 -1.797804e-01 1.767903e-01) (-1.430659e-01 -4.817165e-03 2.760876e-03))
502.85        	((-1.267255e+00 1.870230e+02 -2.361554e+01) (-2.539118e-02 4.913807e+00 9.191663e-01)) ((-2.663834e+01 -1.625749e-01 1.837617e-01) (-1.436972e-01 -4.845315e-03 2.677997e-03))
502.86        	((-1.268126e+00 1.861222e+02 -2.448644e+01) (-2.535125e-02 4.898244e+00 8.918426e-01)) ((-2.582993e+01 -1.461841e-01 1.977184e-01) (-1.443353e-01 -4.934827e-03 2.707366e-03))
502.87        	((-1.267000e+00 1.852527e+02 -2.535879e+01) (-2.538553e-02 4.882920e+00 8.647030e-01)) ((-2.503942e+01 -1.314042e-01 2.105171e-01) (-1.449403e-01 -4.979761e-03 2.675482e-03))
502.88        	((-1.263775e+00 1.844163e+02 -2.623147e+01) (-2.534426e-02 4.867545e+00 8.376195e-01)) ((-2.427108e+01 -1.163302e-01 2.229778e-01) (-1.455516e-01 -5.055320e-03 2.679337e-03))
502.89        	((-1.256770e+00 1.836082e+02 -2.711601e+01) (-2.528998e-02 4.852463e+00 8.107852e-01)) ((-2.352345e+01 -1.013804e-01 2.230805e-01) (-1.462213e-01 -5.072561e-03 2.579955e-03))
502.9         	((-1.251978e+00 1.828122e+02 -2.798315e+01) (-2.512861e-02 4.837343e+00 7.839672e-01)) ((-2.278451e+01 -8.756205e-02 2.173718e-01) (-1.468196e-01 -5.146380e-03 2.479772e-03))
502.91        	((-1.246865e+00 1.820358e+02 -2.884308e+01) (-2.506400e-02 4.822127e+00 7.572793e-01)) ((-2.205118e+01 -7.495432e-02 2.136539e-01) (-1.473168e-01 -5.240919e-03 2.313525e-03))
502.92        	((-1.243497e+00 1.812847e+02 -2.965213e+01) (-2.512363e-02 4.807630e+00 7.303989e-01)) ((-2.131671e+01 -6.136436e-02 2.214651e-01) (-1.478071e-01 -5.264870e-03 2.559466e-03))
502.93        	((-1.241495e+00 1.805629e+02 -3.047373e+01) (-2.488025e-02 4.792918e+00 7.036503e-01)) ((-2.059665e+01 -4.606305e-02 2.377197e-01) (-1.482874e-01 -5.340481e-03 2.658381e-03))
502.94        	((-1.227422e+00 1.798779e+02 -3.121860e+01) (-2.325561e-02 4.776617e+00 6.758944e-01)) ((-1.989178e+01 -2.480485e-02 2.651005e-01) (-1.478321e-01 -5.665953e-03 4.704050e-03))
502.95        	((-1.210858e+00 1.792128e+02 -3.202528e+01) (-2.452513e-02 4.763576e+00 6.498332e-01)) ((-1.921631e+01 -3.072337e-03 2.889968e-01) (-1.489697e-01 -5.582888e-03 3.185064e-03))
502.96        	((-1.238011e+00 1.785571e+02 -3.275106e+01) (-2.506182e-02 4.749975e+00 6.235330e-01)) ((-1.851169e+01 7.497787e-03 2.707908e-01) (-1.499261e-01 -5.521066e-03 2.393059e-03))
502.97        	((-1.242591e+00 1.778974e+02 -3.357829e+01) (-2.499511e-02 4.735535e+00 5.966699e-01)) ((-1.783251e+01 1.703703e-02 2.733211e-01) (-1.503658e-01 -5.612178e-03 2.368797e-03))
502.98        	((-1.253071e+00 1.772613e+02 -3.420527e+01) (-2.496993e-02 4.721234e+00 5.699381e-01)) ((-1.713207e+01 2.750859e-02 2.777334e-01) (-1.509619e-01 -5.647300e-03 2.294434e-03))
502.99        	((-1.276824e+00 1.766504e+02 -3.496907e+01) (-2.543844e-02 4.706397e+00 5.428887e-01)) ((-1.646980e+01 3.578308e-02 2.752851e-01) (-1.513085e-01 -5.585522e-03 1.633108e-03))
503           	((-1.316475e+00 1.760756e+02 -3.548906e+01) (-2.500236e-02 4.692328e+00 5.162506e-01)) ((-1.577032e+01 4.347593e-02 2.751742e-01) (-1.520900e-01 -5.596653e-03 1.914231e-03))
503.01        	((-1.342056e+00 1.755003e+02 -3.624040e+01) (-2.454880e-02 4.678540e+00 4.899315e-01)) ((-1.509852e+01 5.215259e-02 2.809053e-01) (-1.531106e-01 -5.673945e-03 2.440384e-03))
503.02        	((-1.392199e+00 1.749362e+02 -3.674035e+01) (-2.442323e-02 4.664348e+00 4.633307e-01)) ((-1.438341e+01 6.083108e-02 2.730754e-01) (-1.538704e-01 -5.699590e-03 2.540213e-03))
503.03        	((-1.438096e+00 1.743582e+02 -3.750158e+01) (-2.434232e-02 4.650151e+00 4.368900e-01)) ((-1.372744e+01 6.598445e-02 2.508183e-01) (-1.545992e-01 -5.697751e-03 2.604049e-03))
503.04        	((-1.509135e+00 1.738431e+02 -3.792935e+01) (-2.406475e-02 4.636158e+00 4.106468e-01)) ((-1.301625e+01 7.238046e-02 2.343478e-01) (-1.554609e-01 -5.707448e-03 2.644633e-03))
503.05        	((-1.555521e+00 1.733036e+02 -3.867096e+01) (-2.387166e-02 4.622160e+00 3.845024e-01)) ((-1.235696e+01 7.696776e-02 2.129629e-01) (-1.564049e-01 -5.708342e-03 2.669258e-03))
503.06        	((-1.635941e+00 1.728579e+02 -3.898463e+01) (-2.369355e-02 4.608121e+00 3.584258e-01)) ((-1.161472e+01 8.241225e-02 1.888375e-01) (-1.573773e-01 -5.717239e-03 2.646784e-03))
503.07        	((-1.683196e+00 1.723270e+02 -3.973073e+01) (-2.358029e-02 4.594143e+00 3.324865e-01)) ((-1.095798e+01 8.405900e-02 1.544915e-01) (-1.583967e-01 -5.727478e-03 2.572467e-03))
503.08        	((-1.756527e+00 1.719411e+02 -3.993930e+01) (-2.350359e-02 4.580159e+00 3.066576e-01)) ((-1.021326e+01 8.606440e-02 1.256265e-01) (-1.593858e-01 -5.760104e-03 2.424336e-03))
503.09        	((-1.778879e+00 1.714152e+02 -4.072699e+01) (-2.342062e-02 4.566196e+00 2.810844e-01)) ((-9.580874e+00 8.540795e-02 9.573091e-02) (-1.603685e-01 -5.808870e-03 2.280705e-03))
503.1         	((-1.843359e+00 1.711277e+02 -4.082866e+01) (-2.329118e-02 4.552166e+00 2.556068e-01)) ((-8.838635e+00 8.857607e-02 7.422740e-02) (-1.613043e-01 -5.874500e-03 2.179451e-03))
503.11        	((-1.849194e+00 1.706240e+02 -4.165269e+01) (-2.311753e-02 4.538194e+00 2.304498e-01)) ((-8.222408e+00 9.025469e-02 4.739600e-02) (-1.622328e-01 -5.946971e-03 2.070750e-03))
503.12        	((-1.924867e+00 1.704176e+02 -4.179538e+01) (-2.294366e-02 4.524230e+00 2.054401e-01)) ((-7.493108e+00 9.674697e-02 2.642467e-02) (-1.631408e-01 -6.006107e-03 1.923519e-03))
503.13        	((-1.905849e+00 1.699258e+02 -4.266681e+01) (-2.273567e-02 4.510435e+00 1.806075e-01)) ((-6.899544e+00 9.682381e-02 -7.765775e-03) (-1.639899e-01 -6.081295e-03 1.750187e-03))
503.14        	((-1.964502e+00 1.698090e+02 -4.283507e+01) (-2.253525e-02 4.496551e+00 1.557968e-01)) ((-6.197253e+00 9.926847e-02 -3.298484e-02) (-1.647250e-01 -6.165496e-03 1.612593e-03))
503.15        	((-1.913111e+00 1.693374e+02 -4.369757e+01) (-2.228972e-02 4.482429e+00 1.312372e-01)) ((-5.630515e+00 9.616408e-02 -6.073834e-02) (-1.654132e-01 -6.254054e-03 1.490682e-03))
503.16        	((-1.947089e+00 1.692419e+02 -4.395823e+01) (-2.204256e-02 4.468407e+00 1.067957e-01)) ((-4.958840e+00 9.815988e-02 -6.947542e-02) (-1.660701e-01 -6.358435e-03 1.310143e-03))
503.17        	((-1.876639e+00 1.688008e+02 -4.486078e+01) (-2.177743e-02 4.454354e+00 8.248108e-02)) ((-4.416746e+00 9.700267e-02 -7.926526e-02) (-1.666454e-01 -6.458651e-03 1.183245e-03))
503.18        	((-1.872264e+00 1.687111e+02 -4.517405e+01) (-2.144614e-02 4.440117e+00 5.813288e-02)) ((-3.754189e+00 9.810127e-02 -7.662818e-02) (-1.671097e-01 -6.556134e-03 1.052712e-03))
503.19        	((-1.789878e+00 1.683687e+02 -4.615487e+01) (-2.100511e-02 4.425512e+00 3.391899e-02)) ((-3.242664e+00 9.378943e-02 -7.774199e-02) (-1.675190e-01 -6.649721e-03 1.041621e-03))
503.2         	((-1.756602e+00 1.684355e+02 -4.649383e+01) (-2.047119e-02 4.410466e+00 9.651077e-03)) ((-2.609569e+00 9.009123e-02 -7.265183e-02) (-1.678232e-01 -6.727198e-03 1.102329e-03))
503.21        	((-1.639371e+00 1.681814e+02 -4.743456e+01) (-1.991414e-02 4.395844e+00 -1.479937e-02)) ((-2.126936e+00 8.405261e-02 -7.696732e-02) (-1.682050e-01 -6.872306e-03 8.949131e-04))
503.22        	((-1.558559e+00 1.683532e+02 -4.776432e+01) (-1.947707e-02 4.381009e+00 -3.901402e-02)) ((-1.513873e+00 7.836355e-02 -7.575256e-02) (-1.683655e-01 -6.962560e-03 7.675467e-04))
503.23        	((-1.381883e+00 1.681434e+02 -4.874401e+01) (-1.894840e-02 4.365716e+00 -6.302057e-02)) ((-1.077543e+00 6.324355e-02 -8.201698e-02) (-1.684548e-01 -7.060718e-03 5.652987e-04))
503.24        	((-1.256310e+00 1.684117e+02 -4.923938e+01) (-1.832509e-02 4.350097e+00 -8.704012e-02)) ((-5.177156e-01 4.713026e-02 -7.302258e-02) (-1.685076e-01 -7.184071e-03 3.681806e-04))
503.25        	((-1.054229e+00 1.682547e+02 -5.032216e+01) (-1.768894e-02 4.334272e+00 -1.110888e-01)) ((-1.337814e-01 2.100676e-02 -7.222518e-02) (-1.686517e-01 -7.292030e-03 3.101491e-04))
503.26        	((-9.352256e-01 1.686437e+02 -5.092428e+01) (-1.685844e-02 4.319315e+00 -1.352197e-01)) ((3.944210e-01 -4.067004e-03 -5.507767e-02) (-1.687840e-01 -7.403615e-03 3.991377e-04))
503.27        	((-7.374863e-01 1.685543e+02 -5.199653e+01) (-1.586483e-02 4.303966e+00 -1.590907e-01)) ((7.447080e-01 -3.637696e-02 -5.687021e-02) (-1.688650e-01 -7.570038e-03 3.464512e-04))
503.28        	((-5.712392e-01 1.688508e+02 -5.259203e+01) (-1.478298e-02 4.289235e+00 -1.830379e-01)) ((1.255982e+00 -7.146762e-02 -4.713071e-02) (-1.689417e-01 -7.756776e-03 3.496270e-04))
503.29        	((-3.618019e-01 1.688989e+02 -5.398058e+01) (-1.372562e-02 4.274868e+00 -2.068392e-01)) ((1.557292e+00 -1.150206e-01 -4.319905e-02) (-1.691151e-01 -7.938521e-03 2.071573e-04))
503.3         	((-1.534814e-01 1.695972e+02 -5.494909e+01) (-1.261072e-02 4.261126e+00 -2.308895e-01)) ((2.034396e+00 -1.593179e-01 -1.730339e-02) (-1.693424e-01 -8.127513e-03 7.592299e-05))
503.31        	((1.212432e-01 1.696805e+02 -5.629902e+01) (-1.143967e-02 4.247976e+00 -2.550681e-01)) ((2.288719e+00 -2.170958e-01 -1.228876e-02) (-1.695544e-01 -8.326810e-03 -6.201703e-05))
503.32        	((3.635457e-01 1.701828e+02 -5.709516e+01) (-1.010677e-02 4.235796e+00 -2.793918e-01)) ((2.741838e+00 -2.793889e-01 5.404193e-03) (-1.698827e-01 -8.567277e-03 -1.447419e-04))
503.33        	((6.358363e-01 1.703315e+02 -5.884850e+01) (-8.676376e-03 4.224614e+00 -3.037481e-01)) ((2.923856e+00 -3.536711e-01 -2.815002e-03) (-1.702953e-01 -8.845451e-03 -3.122332e-04))
503.34        	((8.662068e-01 1.712842e+02 -6.027441e+01) (-7.169927e-03 4.214474e+00 -3.285664e-01)) ((3.349967e+00 -4.232220e-01 1.938413e-02) (-1.707819e-01 -9.162665e-03 -5.563759e-04))
503.35        	((1.208842e+00 1.714891e+02 -6.233878e+01) (-5.557542e-03 4.205628e+00 -3.537600e-01)) ((3.431115e+00 -5.149544e-01 -2.259664e-03) (-1.713293e-01 -9.522009e-03 -8.744959e-04))
503.36        	((1.507018e+00 1.722340e+02 -6.366783e+01) (-3.749311e-03 4.198007e+00 -3.795718e-01)) ((3.798666e+00 -6.071528e-01 1.492500e-02) (-1.720634e-01 -9.935572e-03 -1.202174e-03))
503.37        	((1.889172e+00 1.725490e+02 -6.606968e+01) (-1.714295e-03 4.192303e+00 -4.058494e-01)) ((3.797658e+00 -7.200479e-01 -6.694246e-03) (-1.729334e-01 -1.041061e-02 -1.564907e-03))
503.38        	((2.142807e+00 1.738198e+02 -6.775345e+01) (5.380712e-04 4.188107e+00 -4.330045e-01)) ((4.193304e+00 -8.168972e-01 2.520624e-02) (-1.739913e-01 -1.094306e-02 -1.913845e-03))
503.39        	((2.583676e+00 1.741738e+02 -7.073878e+01) (2.920577e-03 4.186086e+00 -4.609781e-01)) ((4.050151e+00 -9.503044e-01 -2.087825e-02) (-1.751713e-01 -1.155279e-02 -2.296016e-03))
503.4         	((2.896504e+00 1.751734e+02 -7.268887e+01) (5.366973e-03 4.185672e+00 -4.901526e-01)) ((4.333194e+00 -1.071763e+00 -1.791734e-02) (-1.766277e-01 -1.223750e-02 -2.739814e-03))
503.41        	((3.543003e+00 1.756656e+02 -7.745306e+01) (7.890359e-03 4.187858e+00 -5.217771e-01)) ((3.876982e+00 -1.246793e+00 -1.013913e-01) (-1.783302e-01 -1.303796e-02 -3.290379e-03))
503.42        	((3.829268e+00 1.773237e+02 -7.979500e+01) (1.068477e-02 4.191535e+00 -5.536951e-01)) ((4.203436e+00 -1.367968e+00 -7.925770e-02) (-1.802212e-01 -1.386995e-02 -3.814719e-03))
503.43        	((4.497329e+00 1.780700e+02 -8.458874e+01) (1.378313e-02 4.198302e+00 -5.883343e-01)) ((3.804105e+00 -1.550998e+00 -1.371528e-01) (-1.823064e-01 -1.479787e-02 -4.414868e-03))
503.44        	((4.668312e+00 1.799308e+02 -8.627304e+01) (1.713967e-02 4.206637e+00 -6.231849e-01)) ((4.272671e+00 -1.663634e+00 -7.304876e-02) (-1.845966e-01 -1.570963e-02 -5.071540e-03))
503.45        	((5.487873e+00 1.807381e+02 -9.171883e+01) (2.068809e-02 4.218093e+00 -6.609118e-01)) ((3.731793e+00 -1.870554e+00 -1.545067e-01) (-1.872982e-01 -1.673643e-02 -5.790918e-03))
503.46        	((5.746692e+00 1.827624e+02 -9.420517e+01) (2.465423e-02 4.231535e+00 -6.991449e-01)) ((4.047549e+00 -2.003236e+00 -1.205209e-01) (-1.902847e-01 -1.781463e-02 -6.576763e-03))
503.47        	((6.692358e+00 1.838587e+02 -1.010200e+02) (2.920579e-02 4.249788e+00 -7.411490e-01)) ((3.365270e+00 -2.240824e+00 -2.261779e-01) (-1.936150e-01 -1.902833e-02 -7.136819e-03))
503.48        	((6.984558e+00 1.862942e+02 -1.039866e+02) (3.422374e-02 4.270513e+00 -7.840883e-01)) ((3.711402e+00 -2.393835e+00 -1.988270e-01) (-1.972567e-01 -2.028836e-02 -7.740255e-03))
503.49        	((7.950954e+00 1.878528e+02 -1.113255e+02) (3.959204e-02 4.296160e+00 -8.312343e-01)) ((3.064618e+00 -2.657431e+00 -3.054382e-01) (-2.013088e-01 -2.166981e-02 -8.554900e-03))
503.5         	((8.240338e+00 1.907565e+02 -1.142941e+02) (4.558622e-02 4.324410e+00 -8.793695e-01)) ((3.492658e+00 -2.830004e+00 -2.718823e-01) (-2.056195e-01 -2.306523e-02 -9.618229e-03))
503.51        	((9.269670e+00 1.927377e+02 -1.224921e+02) (5.230073e-02 4.358918e+00 -9.320324e-01)) ((2.823727e+00 -3.120202e+00 -3.778263e-01) (-2.105275e-01 -2.466825e-02 -1.128379e-02))
503.52        	((9.619241e+00 1.960633e+02 -1.261648e+02) (5.946989e-02 4.396477e+00 -9.857062e-01)) ((3.249328e+00 -3.318682e+00 -3.521134e-01) (-2.158180e-01 -2.633207e-02 -1.330620e-02))
503.53        	((1.069100e+01 1.985299e+02 -1.354915e+02) (6.754307e-02 4.443376e+00 -1.045631e+00)) ((2.566118e+00 -3.649764e+00 -4.817023e-01) (-2.220726e-01 -2.838522e-02 -1.616345e-02))
503.54        	((1.102770e+01 2.024067e+02 -1.396296e+02) (7.584029e-02 4.495402e+00 -1.107606e+00)) ((3.103623e+00 -3.889622e+00 -4.840962e-01) (-2.288586e-01 -3.057807e-02 -1.947613e-02))
503.55        	((1.211091e+01 2.054542e+02 -1.497045e+02) (8.443362e-02 4.558604e+00 -1.176613e+00)) ((2.501879e+00 -4.260897e+00 -6.196822e-01) (-2.365428e-01 -3.321373e-02 -2.370889e-02))
503.56        	((1.248127e+01 2.098991e+02 -1.543049e+02) (9.376330e-02 4.628476e+00 -1.247981e+00)) ((3.107080e+00 -4.538780e+00 -6.028167e-01) (-2.449844e-01 -3.612819e-02 -2.872680e-02))
503.57        	((1.363384e+01 2.135658e+02 -1.654393e+02) (1.041838e-01 4.714892e+00 -1.328540e+00)) ((2.512359e+00 -4.951128e+00 -7.022970e-01) (-2.550275e-01 -3.979572e-02 -3.552186e-02))
503.58        	((1.404654e+01 2.186835e+02 -1.707546e+02) (1.155532e-01 4.811418e+00 -1.413112e+00)) ((3.184319e+00 -5.265554e+00 -6.491666e-01) (-2.659089e-01 -4.389189e-02 -4.340802e-02))
503.59        	((1.524528e+01 2.230475e+02 -1.829353e+02) (1.277793e-01 4.929214e+00 -1.509687e+00)) ((2.642583e+00 -5.712632e+00 -7.075867e-01) (-2.788497e-01 -4.910810e-02 -5.354850e-02))
503.6         	((1.572172e+01 2.287987e+02 -1.889151e+02) (1.410187e-01 5.059489e+00 -1.611516e+00)) ((3.400106e+00 -6.068196e+00 -6.172109e-01) (-2.929223e-01 -5.501018e-02 -6.493665e-02))
503.61        	((1.701115e+01 2.337540e+02 -2.020830e+02) (1.554929e-01 5.217798e+00 -1.728989e+00)) ((2.922687e+00 -6.564518e+00 -6.158283e-01) (-3.094348e-01 -6.235865e-02 -7.867933e-02))
503.62        	((1.759328e+01 2.400044e+02 -2.088040e+02) (1.712153e-01 5.390907e+00 -1.853603e+00)) ((3.757952e+00 -6.970043e+00 -4.519165e-01) (-3.269116e-01 -7.042465e-02 -9.352190e-02))
503.63        	((1.897603e+01 2.454226e+02 -2.230529e+02) (1.889814e-01 5.599012e+00 -1.998161e+00)) ((3.338221e+00 -7.513019e+00 -3.735828e-01) (-3.470747e-01 -8.011919e-02 -1.106746e-01))
503.64        	((1.966044e+01 2.520275e+02 -2.307470e+02) (2.087787e-01 5.822856e+00 -2.151412e+00)) ((4.201444e+00 -7.972480e+00 -1.666802e-01) (-3.677376e-01 -9.031989e-02 -1.281089e-01))
503.65        	((2.112158e+01 2.577374e+02 -2.461413e+02) (2.314759e-01 6.086469e+00 -2.329359e+00)) ((3.796261e+00 -8.559959e+00 -5.063102e-02) (-3.905702e-01 -1.021258e-01 -1.471977e-01))
503.66        	((2.189923e+01 2.644905e+02 -2.548478e+02) (2.567413e-01 6.363863e+00 -2.516937e+00)) ((4.694870e+00 -9.067034e+00 1.734542e-01) (-4.132508e-01 -1.141503e-01 -1.656820e-01))
503.67        	((2.343613e+01 2.702138e+02 -2.711999e+02) (2.858949e-01 6.682703e+00 -2.732929e+00)) ((4.352085e+00 -9.689498e+00 3.178004e-01) (-4.372494e-01 -1.275241e-01 -1.847041e-01))
503.68        	((2.426855e+01 2.773966e+02 -2.811952e+02) (3.175766e-01 7.009819e+00 -2.958198e+00)) ((5.202702e+00 -1.023479e+01 5.716068e-01) (-4.597786e-01 -1.407422e-01 -2.022335e-01))
503.69        	((2.596955e+01 2.825213e+02 -2.986838e+02) (3.538170e-01 7.376318e+00 -3.215158e+00)) ((4.836130e+00 -1.088221e+01 7.270482e-01) (-4.828319e-01 -1.550395e-01 -2.195254e-01))
503.7         	((2.674319e+01 2.881973e+02 -3.084320e+02) (3.928661e-01 7.743438e+00 -3.479360e+00)) ((5.981017e+00 -1.143080e+01 1.010704e+00) (-5.038950e-01 -1.686913e-01 -2.343064e-01))
503.71        	((2.831339e+01 2.926990e+02 -3.264224e+02) (4.365708e-01 8.143580e+00 -3.775594e+00)) ((5.734976e+00 -1.208576e+01 1.177538e+00) (-5.238306e-01 -1.829321e-01 -2.473205e-01))
503.72        	((2.929406e+01 2.985385e+02 -3.386993e+02) (4.822334e-01 8.535123e+00 -4.076396e+00)) ((6.568366e+00 -1.268963e+01 1.425181e+00) (-5.407165e-01 -1.961884e-01 -2.575035e-01))
503.73        	((3.107359e+01 3.021047e+02 -3.578431e+02) (5.322682e-01 8.951937e+00 -4.409136e+00)) ((6.278844e+00 -1.335822e+01 1.579061e+00) (-5.556477e-01 -2.096472e-01 -2.656042e-01))
503.74        	((3.195258e+01 3.064602e+02 -3.698325e+02) (5.833332e-01 9.350408e+00 -4.741950e+00)) ((7.377352e+00 -1.393775e+01 1.886867e+00) (-5.673453e-01 -2.220153e-01 -2.715463e-01))
503.75        	((3.361151e+01 3.083266e+02 -3.888445e+02) (6.381297e-01 9.763796e+00 -5.104254e+00)) ((7.300586e+00 -1.457409e+01 2.086743e+00) (-5.761927e-01 -2.343349e-01 -2.752112e-01))
503.76        	((3.448971e+01 3.110230e+02 -4.016522e+02) (6.931646e-01 1.014885e+01 -5.462246e+00)) ((8.416635e+00 -1.514381e+01 2.412686e+00) (-5.814180e-01 -2.453776e-01 -2.766103e-01))
503.77        	((3.626230e+01 3.114926e+02 -4.215748e+02) (7.509484e-01 1.053757e+01 -5.846756e+00)) ((8.391181e+00 -1.577733e+01 2.629654e+00) (-5.834768e-01 -2.561137e-01 -2.755755e-01))
503.78        	((3.733434e+01 3.127402e+02 -4.355860e+02) (8.088669e-01 1.089175e+01 -6.223387e+00)) ((9.453775e+00 -1.634321e+01 2.967208e+00) (-5.819675e-01 -2.654242e-01 -2.721185e-01))
503.79        	((3.917495e+01 3.116431e+02 -4.556129e+02) (8.693125e-01 1.124208e+01 -6.624011e+00)) ((9.625060e+00 -1.694327e+01 3.242333e+00) (-5.770041e-01 -2.740542e-01 -2.663324e-01))
503.8         	((4.034485e+01 3.110285e+02 -4.701798e+02) (9.288011e-01 1.154977e+01 -7.013238e+00)) ((1.070028e+01 -1.746366e+01 3.653143e+00) (-5.681026e-01 -2.813808e-01 -2.591384e-01))
503.81        	((4.230208e+01 3.081076e+02 -4.903940e+02) (9.896244e-01 1.184272e+01 -7.423161e+00)) ((1.102225e+01 -1.800762e+01 4.028728e+00) (-5.552191e-01 -2.880303e-01 -2.503273e-01))
503.82        	((4.369578e+01 3.055029e+02 -5.060563e+02) (1.048664e+00 1.208929e+01 -7.817162e+00)) ((1.195683e+01 -1.848242e+01 4.513624e+00) (-5.398207e-01 -2.935450e-01 -2.405520e-01))
503.83        	((4.589400e+01 3.008425e+02 -5.267140e+02) (1.108816e+00 1.231358e+01 -8.228465e+00)) ((1.234912e+01 -1.898738e+01 4.985727e+00) (-5.208540e-01 -2.981013e-01 -2.290742e-01))
503.84        	((4.750004e+01 2.965533e+02 -5.444414e+02) (1.167262e+00 1.248870e+01 -8.622019e+00)) ((1.289020e+01 -1.943390e+01 5.507449e+00) (-4.995028e-01 -3.014195e-01 -2.171665e-01))
503.85        	((5.002099e+01 2.901343e+02 -5.654571e+02) (1.226355e+00 1.263616e+01 -9.029724e+00)) ((1.331764e+01 -1.986566e+01 6.100477e+00) (-4.755147e-01 -3.037311e-01 -2.045117e-01))
503.86        	((5.194497e+01 2.838910e+02 -5.836044e+02) (1.283678e+00 1.273541e+01 -9.417066e+00)) ((1.379280e+01 -2.022082e+01 6.718014e+00) (-4.502620e-01 -3.050491e-01 -1.921468e-01))
503.87        	((5.492518e+01 2.759253e+02 -6.046594e+02) (1.341274e+00 1.280481e+01 -9.815301e+00)) ((1.427417e+01 -2.056817e+01 7.431204e+00) (-4.227318e-01 -3.052865e-01 -1.794890e-01))
503.88        	((5.740320e+01 2.681289e+02 -6.241042e+02) (1.397645e+00 1.282908e+01 -1.019242e+01)) ((1.439720e+01 -2.085646e+01 8.094661e+00) (-3.945022e-01 -3.046224e-01 -1.674687e-01))
503.89        	((6.089012e+01 2.589780e+02 -6.455420e+02) (1.454625e+00 1.282376e+01 -1.057871e+01)) ((1.467193e+01 -2.112990e+01 8.906640e+00) (-3.654056e-01 -3.032185e-01 -1.560757e-01))
503.9         	((6.384735e+01 2.500429e+02 -6.671261e+02) (1.510994e+00 1.277792e+01 -1.094347e+01)) ((1.415781e+01 -2.135419e+01 9.618202e+00) (-3.368374e-01 -3.013719e-01 -1.460957e-01))
503.91        	((6.785644e+01 2.398952e+02 -6.889848e+02) (1.567790e+00 1.270504e+01 -1.131631e+01)) ((1.411203e+01 -2.154383e+01 1.054903e+01) (-3.082860e-01 -2.990281e-01 -1.375474e-01))
503.92        	((7.094388e+01 2.297298e+02 -7.113107e+02) (1.624821e+00 1.259855e+01 -1.167814e+01)) ((1.333732e+01 -2.165281e+01 1.135972e+01) (-2.792977e-01 -2.965771e-01 -1.305110e-01))
503.93        	((7.562341e+01 2.188978e+02 -7.336659e+02) (1.682932e+00 1.246962e+01 -1.203402e+01)) ((1.290485e+01 -2.176681e+01 1.233129e+01) (-2.522751e-01 -2.938820e-01 -1.249188e-01))
503.94        	((7.975178e+01 2.083667e+02 -7.564333e+02) (1.742829e+00 1.231731e+01 -1.238212e+01)) ((1.164505e+01 -2.183637e+01 1.317257e+01) (-2.263371e-01 -2.913146e-01 -1.206975e-01))
503.95        	((8.513979e+01 1.975256e+02 -7.785168e+02) (1.804329e+00 1.214705e+01 -1.272422e+01)) ((1.065514e+01 -2.190067e+01 1.415656e+01) (-2.019458e-01 -2.889673e-01 -1.177904e-01))
503.96        	((8.973412e+01 1.869994e+02 -8.014842e+02) (1.868558e+00 1.196151e+01 -1.306092e+01)) ((8.829198e+00 -2.191411e+01 1.505349e+01) (-1.787241e-01 -2.869809e-01 -1.160578e-01))
503.97        	((9.539199e+01 1.763599e+02 -8.235082e+02) (1.935643e+00 1.176486e+01 -1.339331e+01)) ((7.357212e+00 -2.191243e+01 1.608984e+01) (-1.569402e-01 -2.857310e-01 -1.155015e-01))
503.98        	((1.004363e+02 1.661425e+02 -8.459911e+02) (2.006516e+00 1.155967e+01 -1.372195e+01)) ((5.263413e+00 -2.186736e+01 1.707245e+01) (-1.362053e-01 -2.847539e-01 -1.158113e-01))
503.99        	((1.064524e+02 1.561468e+02 -8.679654e+02) (2.081200e+00 1.134893e+01 -1.404710e+01)) ((3.397195e+00 -2.181730e+01 1.811274e+01) (-1.164300e-01 -2.840332e-01 -1.167856e-01))
504           	((1.119471e+02 1.466475e+02 -8.900035e+02) (2.159948e+00 1.113535e+01 -1.436914e+01)) ((1.052082e+00 -2.174335e+01 1.910434e+01) (-9.712442e-02 -2.838721e-01 -1.183699e-01))
504.01        	((1.180398e+02 1.375091e+02 -9.117511e+02) (2.242512e+00 1.092197e+01 -1.468881e+01)) ((-1.211007e+00 -2.168723e+01 2.008279e+01) (-7.848133e-02 -2.845649e-01 -1.203553e-01))
504.02        	((1.236102e+02 1.288764e+02 -9.332445e+02) (2.330007e+00 1.071103e+01 -1.500718e+01)) ((-3.823514e+00 -2.160883e+01 2.101148e+01) (-6.038117e-02 -2.858035e-01 -1.226266e-01))
504.03        	((1.295748e+02 1.207615e+02 -9.547075e+02) (2.422181e+00 1.050489e+01 -1.532655e+01)) ((-6.407192e+00 -2.153272e+01 2.188790e+01) (-4.384316e-02 -2.866098e-01 -1.248208e-01))
504.04        	((1.351673e+02 1.132335e+02 -9.758320e+02) (2.519367e+00 1.030430e+01 -1.564501e+01)) ((-9.169772e+00 -2.143359e+01 2.272059e+01) (-2.770233e-02 -2.877531e-01 -1.270218e-01))
504.05        	((1.409563e+02 1.062609e+02 -9.969385e+02) (2.620612e+00 1.010959e+01 -1.596188e+01)) ((-1.189273e+01 -2.134443e+01 2.349542e+01) (-1.168947e-02 -2.891294e-01 -1.290919e-01))
504.06        	((1.464245e+02 9.989834e+01 -1.017654e+03) (2.726081e+00 9.922038e+00 -1.627791e+01)) ((-1.471236e+01 -2.124023e+01 2.421236e+01) (3.569377e-03 -2.905630e-01 -1.307159e-01))
504.07        	((1.518797e+02 9.409429e+01 -1.038245e+03) (2.836457e+00 9.741941e+00 -1.659199e+01)) ((-1.750079e+01 -2.114679e+01 2.482657e+01) (1.783615e-02 -2.918656e-01 -1.320188e-01))
504.08        	((1.570097e+02 8.884821e+01 -1.058351e+03) (2.950372e+00 9.571635e+00 -1.690615e+01)) ((-2.034110e+01 -2.104100e+01 2.539009e+01) (3.147342e-02 -2.929626e-01 -1.337493e-01))
504.09        	((1.620317e+02 8.414002e+01 -1.078231e+03) (3.067969e+00 9.409439e+00 -1.721826e+01)) ((-2.316352e+01 -2.093911e+01 2.585757e+01) (4.397583e-02 -2.938153e-01 -1.352265e-01))
504.1         	((1.666802e+02 8.001966e+01 -1.097714e+03) (3.188495e+00 9.255679e+00 -1.752699e+01)) ((-2.602536e+01 -2.082006e+01 2.624948e+01) (5.547358e-02 -2.944551e-01 -1.365480e-01))
504.11        	((1.710847e+02 7.649512e+01 -1.116783e+03) (3.311476e+00 9.110873e+00 -1.783228e+01)) ((-2.883156e+01 -2.069357e+01 2.654368e+01) (6.536734e-02 -2.944078e-01 -1.375020e-01))
504.12        	((1.751116e+02 7.361327e+01 -1.135450e+03) (3.436225e+00 8.974814e+00 -1.813329e+01)) ((-3.161605e+01 -2.054600e+01 2.676289e+01) (7.385612e-02 -2.938354e-01 -1.382724e-01))
504.13        	((1.787555e+02 7.135689e+01 -1.153607e+03) (3.562398e+00 8.847471e+00 -1.842874e+01)) ((-3.433200e+01 -2.037460e+01 2.689316e+01) (8.095294e-02 -2.924784e-01 -1.388975e-01))
504.14        	((1.818910e+02 6.993192e+01 -1.171641e+03) (3.688843e+00 8.727680e+00 -1.871511e+01)) ((-3.708478e+01 -2.018607e+01 2.692490e+01) (8.582961e-02 -2.898636e-01 -1.392402e-01))
504.15        	((1.845837e+02 6.941511e+01 -1.189426e+03) (3.816460e+00 8.618673e+00 -1.899698e+01)) ((-3.987900e+01 -1.998271e+01 2.689323e+01) (9.141611e-02 -2.868369e-01 -1.390006e-01))
504.16        	((1.867393e+02 6.956897e+01 -1.206399e+03) (3.943949e+00 8.521093e+00 -1.927241e+01)) ((-4.262299e+01 -1.976651e+01 2.681987e+01) (9.470244e-02 -2.837840e-01 -1.393661e-01))
504.17        	((1.883212e+02 7.016012e+01 -1.221876e+03) (4.069282e+00 8.432755e+00 -1.954011e+01)) ((-4.518674e+01 -1.953990e+01 2.669639e+01) (9.578902e-02 -2.800029e-01 -1.397800e-01))
504.18        	((1.892948e+02 7.126340e+01 -1.235756e+03) (4.192321e+00 8.352674e+00 -1.979668e+01)) ((-4.754387e+01 -1.930047e+01 2.650791e+01) (9.530403e-02 -2.753861e-01 -1.402810e-01))
504.19        	((1.897265e+02 7.297348e+01 -1.248285e+03) (4.312084e+00 8.280158e+00 -2.003922e+01)) ((-4.972828e+01 -1.904230e+01 2.621590e+01) (9.408881e-02 -2.702177e-01 -1.407373e-01))
504.2         	((1.892878e+02 7.552714e+01 -1.259886e+03) (4.427233e+00 8.213483e+00 -2.026343e+01)) ((-5.183374e+01 -1.880141e+01 2.584591e+01) (9.355724e-02 -2.641216e-01 -1.411459e-01))
504.21        	((1.883273e+02 7.879043e+01 -1.270322e+03) (4.539288e+00 8.158020e+00 -2.047879e+01)) ((-5.379290e+01 -1.860341e+01 2.539499e+01) (9.009455e-02 -2.584152e-01 -1.424093e-01))
504.22        	((1.863414e+02 8.231037e+01 -1.280119e+03) (4.644574e+00 8.108055e+00 -2.067778e+01)) ((-5.580544e+01 -1.846106e+01 2.492672e+01) (8.522648e-02 -2.533591e-01 -1.436820e-01))
504.23        	((1.838050e+02 8.622474e+01 -1.288141e+03) (4.744156e+00 8.066813e+00 -2.086704e+01)) ((-5.737864e+01 -1.839104e+01 2.441567e+01) (7.843400e-02 -2.489465e-01 -1.452713e-01))
504.24        	((1.802199e+02 9.043834e+01 -1.295947e+03) (4.836063e+00 8.035008e+00 -2.103887e+01)) ((-5.907599e+01 -1.833864e+01 2.385462e+01) (7.146897e-02 -2.446401e-01 -1.465148e-01))
504.25        	((1.763232e+02 9.527019e+01 -1.302049e+03) (4.920109e+00 8.011162e+00 -2.119543e+01)) ((-6.025851e+01 -1.835499e+01 2.318914e+01) (6.440217e-02 -2.409163e-01 -1.478116e-01))
504.26        	((1.714014e+02 1.002167e+02 -1.308801e+03) (4.996965e+00 7.996009e+00 -2.133727e+01)) ((-6.180916e+01 -1.837981e+01 2.251741e+01) (5.729505e-02 -2.383661e-01 -1.494591e-01))
504.27        	((1.661169e+02 1.056175e+02 -1.313755e+03) (5.064579e+00 7.987044e+00 -2.146434e+01)) ((-6.282046e+01 -1.848284e+01 2.186320e+01) (5.010678e-02 -2.368166e-01 -1.512884e-01))
504.28        	((1.597118e+02 1.108065e+02 -1.319331e+03) (5.123731e+00 7.985600e+00 -2.158533e+01)) ((-6.414883e+01 -1.857700e+01 2.128700e+01) (3.879441e-02 -2.344193e-01 -1.532147e-01))
504.29        	((1.535515e+02 1.162194e+02 -1.323641e+03) (5.174762e+00 7.991328e+00 -2.169629e+01)) ((-6.494335e+01 -1.876424e+01 2.059829e+01) (2.722700e-02 -2.331169e-01 -1.555879e-01))
504.3         	((1.466830e+02 1.213042e+02 -1.329053e+03) (5.218703e+00 8.003285e+00 -2.179289e+01)) ((-6.604792e+01 -1.896043e+01 1.993245e+01) (1.648348e-02 -2.334411e-01 -1.585162e-01))
504.31        	((1.398842e+02 1.266977e+02 -1.333165e+03) (5.254811e+00 8.020381e+00 -2.187848e+01)) ((-6.665664e+01 -1.924058e+01 1.924620e+01) (6.094420e-03 -2.349230e-01 -1.616357e-01))
504.32        	((1.328059e+02 1.318361e+02 -1.338638e+03) (5.283535e+00 8.041913e+00 -2.195411e+01)) ((-6.762780e+01 -1.950314e+01 1.858367e+01) (-3.992427e-03 -2.373467e-01 -1.649907e-01))
504.33        	((1.261525e+02 1.372329e+02 -1.343180e+03) (5.306070e+00 8.067446e+00 -2.202129e+01)) ((-6.818295e+01 -1.982440e+01 1.790733e+01) (-1.404504e-02 -2.405980e-01 -1.687111e-01))
504.34        	((1.195487e+02 1.422793e+02 -1.349031e+03) (5.323291e+00 8.096246e+00 -2.208097e+01)) ((-6.909988e+01 -2.009502e+01 1.727749e+01) (-2.377782e-02 -2.445919e-01 -1.727922e-01))
504.35        	((1.135824e+02 1.474641e+02 -1.354250e+03) (5.335874e+00 8.127643e+00 -2.213363e+01)) ((-6.972849e+01 -2.035591e+01 1.664219e+01) (-3.299011e-02 -2.492593e-01 -1.770312e-01))
504.36        	((1.078533e+02 1.522356e+02 -1.360607e+03) (5.344556e+00 8.161189e+00 -2.218021e+01)) ((-7.070789e+01 -2.052300e+01 1.609025e+01) (-4.149941e-02 -2.547330e-01 -1.812970e-01))
504.37        	((1.027785e+02 1.569856e+02 -1.366119e+03) (5.349672e+00 8.195693e+00 -2.222248e+01)) ((-7.135315e+01 -2.066348e+01 1.556426e+01) (-4.979115e-02 -2.592110e-01 -1.852926e-01))
504.38        	((9.818974e+01 1.612126e+02 -1.372360e+03) (5.353591e+00 8.231216e+00 -2.226485e+01)) ((-7.222359e+01 -2.073481e+01 1.511047e+01) (-5.938588e-02 -2.639779e-01 -1.896698e-01))
504.39        	((9.428008e+01 1.655077e+02 -1.377530e+03) (5.354879e+00 8.267096e+00 -2.230455e+01)) ((-7.268726e+01 -2.074099e+01 1.471297e+01) (-6.871146e-02 -2.680535e-01 -1.930040e-01))
504.4         	((9.099930e+01 1.693939e+02 -1.383401e+03) (5.355288e+00 8.302848e+00 -2.234314e+01)) ((-7.342840e+01 -2.061533e+01 1.441479e+01) (-7.823252e-02 -2.716331e-01 -1.958245e-01))
504.41        	((8.836481e+01 1.732973e+02 -1.388250e+03) (5.355551e+00 8.338479e+00 -2.238130e+01)) ((-7.389625e+01 -2.035127e+01 1.416713e+01) (-8.810389e-02 -2.743263e-01 -1.979999e-01))
504.42        	((8.651418e+01 1.766209e+02 -1.393611e+03) (5.355853e+00 8.373291e+00 -2.241878e+01)) ((-7.469614e+01 -1.994093e+01 1.403076e+01) (-9.816961e-02 -2.757800e-01 -1.994441e-01))
504.43        	((8.517343e+01 1.798315e+02 -1.397466e+03) (5.356624e+00 8.406819e+00 -2.245598e+01)) ((-7.518364e+01 -1.936324e+01 1.396386e+01) (-1.086833e-01 -2.756441e-01 -1.999013e-01))
504.44        	((8.470803e+01 1.823982e+02 -1.401385e+03) (5.358017e+00 8.438796e+00 -2.249247e+01)) ((-7.593208e+01 -1.864499e+01 1.402687e+01) (-1.194742e-01 -2.735988e-01 -1.991897e-01))
504.45        	((8.417108e+01 1.848026e+02 -1.403287e+03) (5.360354e+00 8.469006e+00 -2.252932e+01)) ((-7.646234e+01 -1.762370e+01 1.421843e+01) (-1.309389e-01 -2.691089e-01 -1.971508e-01))
504.46        	((8.498751e+01 1.865461e+02 -1.404941e+03) (5.363509e+00 8.497104e+00 -2.256290e+01)) ((-7.716635e+01 -1.651122e+01 1.451084e+01) (-1.426084e-01 -2.622591e-01 -1.936087e-01))
504.47        	((8.583995e+01 1.879703e+02 -1.403906e+03) (5.367646e+00 8.522568e+00 -2.259551e+01)) ((-7.765072e+01 -1.508496e+01 1.493055e+01) (-1.552232e-01 -2.522987e-01 -1.883679e-01))
504.48        	((8.760711e+01 1.886378e+02 -1.401760e+03) (5.372806e+00 8.544724e+00 -2.262443e+01)) ((-7.834209e+01 -1.345707e+01 1.549756e+01) (-1.686199e-01 -2.390356e-01 -1.812663e-01))
504.49        	((8.965151e+01 1.888125e+02 -1.396486e+03) (5.379242e+00 8.563046e+00 -2.264891e+01)) ((-7.880108e+01 -1.154395e+01 1.618157e+01) (-1.834038e-01 -2.216596e-01 -1.719796e-01))
504.5         	((9.279953e+01 1.881602e+02 -1.389926e+03) (5.386280e+00 8.576584e+00 -2.266712e+01)) ((-7.944369e+01 -9.460147e+00 1.700766e+01) (-1.990324e-01 -2.008873e-01 -1.602548e-01))
504.51        	((9.619921e+01 1.868673e+02 -1.379465e+03) (5.394352e+00 8.584546e+00 -2.267756e+01)) ((-7.985859e+01 -7.098548e+00 1.798584e+01) (-2.163307e-01 -1.752279e-01 -1.457300e-01))
504.52        	((1.005261e+02 1.846086e+02 -1.367116e+03) (5.402647e+00 8.585278e+00 -2.267709e+01)) ((-8.046543e+01 -4.545073e+00 1.916697e+01) (-2.346730e-01 -1.458784e-01 -1.284834e-01))
504.53        	((1.051869e+02 1.815156e+02 -1.349962e+03) (5.411300e+00 8.577118e+00 -2.266339e+01)) ((-8.086097e+01 -1.698916e+00 2.053944e+01) (-2.551769e-01 -1.110126e-01 -1.080500e-01))
504.54        	((1.108261e+02 1.773024e+02 -1.330124e+03) (5.419458e+00 8.558417e+00 -2.263272e+01)) ((-8.140557e+01 1.360945e+00 2.214816e+01) (-2.771998e-01 -7.223148e-02 -8.439599e-02))
504.55        	((1.171767e+02 1.720528e+02 -1.304639e+03) (5.427883e+00 8.527511e+00 -2.258211e+01)) ((-8.171071e+01 4.697624e+00 2.396351e+01) (-3.019382e-01 -2.729293e-02 -5.697689e-02))
504.56        	((1.245692e+02 1.655168e+02 -1.276044e+03) (5.435439e+00 8.481736e+00 -2.250762e+01)) ((-8.218158e+01 8.254533e+00 2.608578e+01) (-3.287944e-01 2.171679e-02 -2.582971e-02))
504.57        	((1.329915e+02 1.577417e+02 -1.241251e+03) (5.442610e+00 8.418438e+00 -2.240482e+01)) ((-8.244682e+01 1.206105e+01 2.846754e+01) (-3.591666e-01 7.749915e-02 9.676895e-03))
504.58        	((1.426230e+02 1.484940e+02 -1.202597e+03) (5.449100e+00 8.335165e+00 -2.226939e+01)) ((-8.290731e+01 1.605707e+01 3.122086e+01) (-3.928397e-01 1.387921e-01 4.940256e-02))
504.59        	((1.538453e+02 1.378313e+02 -1.156977e+03) (5.454796e+00 8.228992e+00 -2.209693e+01)) ((-8.313104e+01 2.022471e+01 3.425092e+01) (-4.302053e-01 2.055221e-01 9.346303e-02))
504.6         	((1.665731e+02 1.256717e+02 -1.107052e+03) (5.459856e+00 8.096258e+00 -2.188169e+01)) ((-8.348097e+01 2.450035e+01 3.766039e+01) (-4.715242e-01 2.776556e-01 1.419251e-01))
504.61        	((1.813374e+02 1.121503e+02 -1.049752e+03) (5.464694e+00 7.933864e+00 -2.162017e+01)) ((-8.345463e+01 2.881847e+01 4.130831e+01) (-5.168729e-01 3.544661e-01 1.946922e-01))
504.62        	((1.977627e+02 9.732081e+01 -9.887182e+02) (5.469760e+00 7.739132e+00 -2.130699e+01)) ((-8.355392e+01 3.308893e+01 4.526801e+01) (-5.658124e-01 4.357004e-01 2.510564e-01))
504.63        	((2.164715e+02 8.144292e+01 -9.207318e+02) (5.476075e+00 7.509494e+00 -2.093945e+01)) ((-8.317082e+01 3.716718e+01 4.928748e+01) (-6.179790e-01 5.203075e-01 3.105091e-01))
504.64        	((2.368475e+02 6.474029e+01 -8.500291e+02) (5.484127e+00 7.242701e+00 -2.051286e+01)) ((-8.279797e+01 4.091118e+01 5.331908e+01) (-6.727736e-01 6.075398e-01 3.718632e-01))
504.65        	((2.593460e+02 4.772076e+01 -7.735419e+02) (5.495280e+00 6.937795e+00 -2.002598e+01)) ((-8.168411e+01 4.412745e+01 5.701100e+01) (-7.289964e-01 6.960435e-01 4.336448e-01))
504.66        	((2.830694e+02 3.084626e+01 -6.964689e+02) (5.510708e+00 6.594682e+00 -1.947719e+01)) ((-8.030351e+01 4.670520e+01 6.024819e+01) (-7.849587e-01 7.841053e-01 4.936191e-01))
504.67        	((3.081647e+02 1.471295e+01 -6.157367e+02) (5.532655e+00 6.215487e+00 -1.886867e+01)) ((-7.789260e+01 4.858400e+01 6.254302e+01) (-8.373712e-01 8.700787e-01 5.507202e-01))
504.68        	((3.330675e+02 -3.617099e-01 -5.364134e+02) (5.560330e+00 5.801274e+00 -1.820048e+01)) ((-7.512923e+01 4.985219e+01 6.370793e+01) (-8.844002e-01 9.519817e-01 6.019140e-01))
504.69        	((3.575833e+02 -1.414145e+01 -4.555428e+02) (5.591375e+00 5.354973e+00 -1.747508e+01)) ((-7.145707e+01 5.058678e+01 6.343312e+01) (-9.240365e-01 1.029009e+00 6.449160e-01))
504.7         	((3.805706e+02 -2.649439e+01 -3.775760e+02) (5.625932e+00 4.879058e+00 -1.669712e+01)) ((-6.737490e+01 5.087426e+01 6.203477e+01) (-9.532876e-01 1.099177e+00 6.792838e-01))
504.71        	((4.019395e+02 -3.751376e+01 -3.009561e+02) (5.663361e+00 4.378525e+00 -1.587417e+01)) ((-6.231820e+01 5.066606e+01 5.960718e+01) (-9.709337e-01 1.161511e+00 7.047933e-01))
504.72        	((4.200131e+02 -4.727945e+01 -2.302599e+02) (5.702742e+00 3.857624e+00 -1.501448e+01)) ((-5.674840e+01 4.998334e+01 5.641080e+01) (-9.763063e-01 1.213937e+00 7.200627e-01))
504.73        	((4.343412e+02 -5.606397e+01 -1.643333e+02) (5.741518e+00 3.320863e+00 -1.412769e+01)) ((-5.063021e+01 4.885842e+01 5.256359e+01) (-9.683124e-01 1.255720e+00 7.251576e-01))
504.74        	((4.432791e+02 -6.400586e+01 -1.062080e+02) (5.774698e+00 2.772802e+00 -1.322053e+01)) ((-4.472299e+01 4.741245e+01 4.838024e+01) (-9.458065e-01 1.287886e+00 7.203191e-01))
504.75        	((4.466886e+02 -7.112839e+01 -5.390636e+01) (5.798044e+00 2.219706e+00 -1.230489e+01)) ((-3.898145e+01 4.573381e+01 4.396643e+01) (-9.105036e-01 1.310446e+00 7.059651e-01))
504.76        	((4.439180e+02 -7.737999e+01 -8.970100e+00) (5.809944e+00 1.668073e+00 -1.139438e+01)) ((-3.378653e+01 4.396609e+01 3.956589e+01) (-8.648064e-01 1.322425e+00 6.821847e-01))
504.77        	((4.361742e+02 -8.254967e+01 3.046903e+01) (5.806698e+00 1.126597e+00 -1.050249e+01)) ((-2.887801e+01 4.216365e+01 3.529067e+01) (-8.109538e-01 1.324441e+00 6.496129e-01))
504.78        	((4.240260e+02 -8.649886e+01 6.371292e+01) (5.786865e+00 6.048909e-01 -9.640639e+00)) ((-2.427169e+01 4.039212e+01 3.128691e+01) (-7.518467e-01 1.317581e+00 6.094513e-01))
504.79        	((4.087109e+02 -8.912692e+01 9.272252e+01) (5.752804e+00 1.084607e-01 -8.819479e+00)) ((-1.957899e+01 3.862441e+01 2.751700e+01) (-6.904049e-01 1.300748e+00 5.629854e-01))
504.8         	((3.906025e+02 -9.050342e+01 1.166491e+02) (5.704230e+00 -3.551639e-01 -8.041458e+00)) ((-1.500940e+01 3.687907e+01 2.407243e+01) (-6.289041e-01 1.275657e+00 5.119083e-01))
504.81        	((3.707883e+02 -9.057383e+01 1.367731e+02) (5.642686e+00 -7.812833e-01 -7.308690e+00)) ((-1.053700e+01 3.510922e+01 2.091463e+01) (-5.705245e-01 1.244111e+00 4.565010e-01))
504.82        	((3.498260e+02 -8.957118e+01 1.529266e+02) (5.568518e+00 -1.168577e+00 -6.622610e+00)) ((-6.459670e+00 3.332042e+01 1.810755e+01) (-5.168719e-01 1.207760e+00 3.988097e-01))
504.83        	((3.290411e+02 -8.758005e+01 1.671740e+02) (5.483134e+00 -1.516850e+00 -5.982572e+00)) ((-2.632828e+00 3.148713e+01 1.557108e+01) (-4.684333e-01 1.167967e+00 3.417552e-01))
504.84        	((3.086641e+02 -8.496803e+01 1.789407e+02) (5.388665e+00 -1.825070e+00 -5.385880e+00)) ((7.358741e-01 2.965609e+01 1.330558e+01) (-4.258758e-01 1.126530e+00 2.858834e-01))
504.85        	((2.890146e+02 -8.183093e+01 1.896024e+02) (5.286053e+00 -2.094056e+00 -4.828925e+00)) ((3.854047e+00 2.783539e+01 1.130682e+01) (-3.890462e-01 1.084899e+00 2.316505e-01))
504.86        	((2.697057e+02 -7.838097e+01 1.978129e+02) (5.176188e+00 -2.327817e+00 -4.310374e+00)) ((6.513106e+00 2.608876e+01 9.638372e+00) (-3.557378e-01 1.042966e+00 1.826254e-01))
504.87        	((2.512085e+02 -7.464800e+01 2.048791e+02) (5.055946e+00 -2.526567e+00 -3.825829e+00)) ((8.920450e+00 2.440619e+01 8.235386e+00) (-3.266496e-01 1.001810e+00 1.375163e-01))
504.88        	((2.334482e+02 -7.087654e+01 2.098260e+02) (4.928929e+00 -2.693702e+00 -3.375806e+00)) ((1.081990e+01 2.281781e+01 7.051787e+00) (-3.022466e-01 9.640257e-01 9.568866e-02))
504.89        	((2.169438e+02 -6.708934e+01 2.144380e+02) (4.797509e+00 -2.832537e+00 -2.957817e+00)) ((1.253078e+01 2.131119e+01 6.012975e+00) (-2.817963e-01 9.295951e-01 5.653396e-02))
504.9         	((2.013149e+02 -6.346060e+01 2.178465e+02) (4.662112e+00 -2.946129e+00 -2.565891e+00)) ((1.390652e+01 1.990419e+01 5.124312e+00) (-2.646764e-01 8.975923e-01 2.021891e-02))
504.91        	((1.866170e+02 -5.990321e+01 2.206317e+02) (4.524453e+00 -3.036965e+00 -2.197497e+00)) ((1.508220e+01 1.862816e+01 4.377216e+00) (-2.501162e-01 8.685670e-01 -1.239005e-02))
504.92        	((1.728297e+02 -5.641721e+01 2.222610e+02) (4.384967e+00 -3.106068e+00 -1.850813e+00)) ((1.603180e+01 1.750635e+01 3.744285e+00) (-2.372175e-01 8.414703e-01 -4.244998e-02))
504.93        	((1.599210e+02 -5.299680e+01 2.224795e+02) (4.245877e+00 -3.155932e+00 -1.524187e+00)) ((1.677419e+01 1.655707e+01 3.181147e+00) (-2.260912e-01 8.163674e-01 -6.885810e-02))
504.94        	((1.482437e+02 -4.965691e+01 2.222442e+02) (4.106775e+00 -3.188964e+00 -1.216678e+00)) ((1.755177e+01 1.573259e+01 2.626017e+00) (-2.156834e-01 7.928558e-01 -9.258623e-02))
504.95        	((1.375635e+02 -4.648738e+01 2.215029e+02) (3.969092e+00 -3.207074e+00 -9.286663e-01)) ((1.838226e+01 1.500175e+01 2.125522e+00) (-2.060530e-01 7.710749e-01 -1.144085e-01))
504.96        	((1.280699e+02 -4.340555e+01 2.212571e+02) (3.834950e+00 -3.211596e+00 -6.566316e-01)) ((1.949686e+01 1.431150e+01 1.706763e+00) (-1.969690e-01 7.499519e-01 -1.347084e-01))
504.97        	((1.193469e+02 -4.046712e+01 2.207250e+02) (3.705299e+00 -3.203622e+00 -3.988675e-01)) ((2.068127e+01 1.370054e+01 1.432409e+00) (-1.878520e-01 7.291059e-01 -1.522778e-01))
504.98        	((1.114052e+02 -3.765335e+01 2.204244e+02) (3.581009e+00 -3.184795e+00 -1.549255e-01)) ((2.197439e+01 1.318068e+01 1.250293e+00) (-1.784671e-01 7.087855e-01 -1.662368e-01))
504.99        	((1.040078e+02 -3.495496e+01 2.196272e+02) (3.463569e+00 -3.157212e+00 7.577177e-02)) ((2.323243e+01 1.278757e+01 1.144676e+00) (-1.682654e-01 6.889398e-01 -1.772966e-01))
505           	((9.721008e+01 -3.228505e+01 2.188144e+02) (3.353224e+00 -3.122990e+00 2.937450e-01)) ((2.456637e+01 1.249637e+01 1.067610e+00) (-1.567486e-01 6.699409e-01 -1.858236e-01))
