# Forces      
# CofR        : (0.000000e+00 0.000000e+00 0.000000e+00)
# Time        forces(pressure viscous)	moments(pressure viscous)
500           	((-1.551231e-01 4.438571e+03 5.083640e+03) (-8.808069e-05 3.938760e+00 1.367495e-01)) ((1.272999e+03 2.453523e-01 -6.654692e-02) (1.293016e-01 3.950863e-06 -6.860472e-06))
500.01        	((6.242689e+00 3.545284e+03 4.038707e+03) (-1.116487e-03 3.213168e+00 2.831837e-01)) ((8.236505e+02 1.317652e-01 -4.765416e-01) (2.978940e-02 -1.251540e-04 1.163005e-03))
500.02        	((9.857619e+00 8.794662e+02 1.185120e+02) (-5.009564e-04 2.470284e+00 3.725763e-01)) ((-2.474680e+02 1.283073e-01 -6.671903e-01) (-4.513609e-02 -2.097933e-04 2.042053e-03))
500.03        	((5.501984e+00 -9.775539e+02 -2.087699e+03) (-3.256274e-05 2.400362e+00 3.158719e-01)) ((-8.083492e+02 2.633000e-01 -1.440013e-01) (-8.132426e-02 4.525784e-05 2.876702e-03))
500.04        	((-2.167261e+00 -1.070689e+03 -1.325911e+03) (-2.360723e-04 3.032698e+00 3.218276e-01)) ((-5.437792e+02 4.882612e-01 9.192267e-01) (-3.931843e-02 8.106509e-04 3.137855e-03))
500.05        	((-5.441270e+00 -1.369524e+02 6.013133e+02) (-4.756375e-03 4.053733e+00 6.020810e-01)) ((2.556077e+01 6.845811e-01 1.428666e+00) (1.146773e-01 1.788833e-03 3.891083e-03))
500.06        	((-7.986325e-01 7.980422e+02 2.035421e+03) (-1.174326e-02 4.671590e+00 8.603210e-01)) ((3.600677e+02 1.788756e-01 6.399740e-01) (1.567510e-01 2.739593e-03 8.362356e-03))
500.07        	((6.311874e+00 1.084164e+03 1.815001e+03) (-6.234532e-03 4.603376e+00 1.095619e+00)) ((2.208381e+02 -4.910427e-01 -6.471851e-01) (7.198887e-02 1.437927e-03 5.363892e-03))
500.08        	((8.215495e+00 7.748997e+02 6.667170e+02) (-2.523009e-03 4.360257e+00 1.202486e+00)) ((-1.328643e+02 -6.371919e-01 -7.727479e-01) (-5.368705e-02 9.501442e-04 4.326617e-03))
500.09        	((4.467688e+00 3.592326e+02 7.863973e+00) (5.144619e-04 4.178337e+00 1.230046e+00)) ((-3.219449e+02 -1.636223e-01 -8.792769e-03) (-1.626957e-01 1.922257e-04 2.424335e-03))
500.1         	((-1.181164e+00 1.300149e+02 1.989629e+02) (-4.813291e-03 4.243827e+00 1.318425e+00)) ((-2.514667e+02 6.765742e-01 9.317149e-01) (-1.628944e-01 1.268845e-03 4.054694e-03))
500.11        	((-3.518893e+00 1.547150e+02 7.773374e+02) (7.724903e-04 4.531837e+00 1.571505e+00)) ((-7.001993e+01 1.118747e+00 7.933472e-01) (-8.346439e-02 4.643992e-04 -1.622848e-03))
500.12        	((-1.369444e+00 3.097589e+02 1.138983e+03) (-1.859582e-04 4.806851e+00 1.897562e+00)) ((3.760056e+01 7.716367e-01 -1.806504e-01) (-1.942809e-02 4.945516e-04 -6.753522e-04))
500.13        	((2.135049e+00 4.581399e+02 1.109780e+03) (7.025603e-04 4.956667e+00 2.170243e+00)) ((1.102808e+01 4.284210e-02 -1.178977e+00) (-1.686723e-02 1.118911e-04 -5.560396e-04))
500.14        	((3.113061e+00 5.241125e+02 9.035114e+02) (-1.107297e-03 5.020222e+00 2.343321e+00)) ((-8.192480e+01 -2.757895e-01 -1.044308e+00) (-6.014604e-02 3.582553e-05 4.246502e-04))
500.15        	((1.291012e+00 5.136429e+02 7.906004e+02) (-2.532205e-03 5.063238e+00 2.469645e+00)) ((-1.455943e+02 -7.528462e-02 -2.134258e-01) (-1.092313e-01 2.018525e-04 1.343639e-03))
500.16        	((-9.969964e-01 4.724233e+02 8.388713e+02) (-3.104862e-03 5.134324e+00 2.612899e+00)) ((-1.442655e+02 3.426127e-01 5.729455e-01) (-1.304198e-01 1.379366e-04 1.143330e-03))
500.17        	((-1.827848e+00 4.491550e+02 9.418781e+02) (-2.900680e-03 5.242300e+00 2.803651e+00)) ((-1.061099e+02 5.481964e-01 5.616976e-01) (-1.168419e-01 1.940858e-04 6.988253e-04))
500.18        	((-9.641152e-01 4.645008e+02 9.829164e+02) (-2.988660e-03 5.358239e+00 3.002466e+00)) ((-7.761969e+01 4.507270e-01 2.554480e-04) (-9.208763e-02 4.506061e-05 6.585615e-04))
500.19        	((3.550588e-01 5.143512e+02 9.559496e+02) (-3.023322e-03 5.461154e+00 3.163570e+00)) ((-8.117728e+01 2.153086e-01 -5.797349e-01) (-7.915984e-02 3.796010e-04 5.399196e-04))
500.2         	((9.850723e-01 5.792668e+02 9.288214e+02) (-1.662657e-03 5.566469e+00 3.284821e+00)) ((-1.071802e+02 7.821195e-02 -6.803070e-01) (-7.782173e-02 -3.742070e-05 2.857995e-04))
500.21        	((7.142672e-01 6.366867e+02 9.476775e+02) (-1.324704e-04 5.684411e+00 3.392228e+00)) ((-1.328237e+02 1.120548e-01 -3.334999e-01) (-8.572021e-02 -4.280632e-04 -1.901812e-04))
500.22        	((1.158330e-01 6.724152e+02 9.904417e+02) (4.310210e-05 5.805482e+00 3.506595e+00)) ((-1.441077e+02 2.771364e-01 1.085002e-01) (-9.497323e-02 -1.247945e-03 3.430036e-04))
500.23        	((-1.716509e-01 6.869866e+02 1.001817e+03) (1.192489e-03 5.936695e+00 3.634334e+00)) ((-1.430618e+02 4.156980e-01 3.000371e-01) (-9.922462e-02 1.165270e-04 -1.150529e-03))
500.24        	((7.332222e-02 6.940577e+02 9.579129e+02) (4.521001e-04 6.078157e+00 3.756887e+00)) ((-1.400405e+02 4.603234e-01 2.223348e-01) (-9.882831e-02 -4.574620e-04 -1.319093e-03))
500.25        	((6.002506e-01 7.113705e+02 8.889385e+02) (9.578766e-04 6.226579e+00 3.850349e+00)) ((-1.420716e+02 4.416065e-01 3.980335e-02) (-1.015913e-01 -3.559050e-04 -1.147271e-03))
500.26        	((9.224097e-01 7.476077e+02 8.423763e+02) (1.605789e-03 6.385958e+00 3.914451e+00)) ((-1.487705e+02 4.196471e-01 -7.763681e-02) (-1.063993e-01 -2.672030e-04 -1.190069e-03))
500.27        	((8.940713e-01 7.957744e+02 8.346787e+02) (2.788571e-03 6.563195e+00 3.971266e+00)) ((-1.558962e+02 4.620361e-01 -6.180504e-02) (-1.164868e-01 -4.613375e-04 -1.922118e-03))
500.28        	((5.434086e-01 8.388574e+02 8.400474e+02) (3.115159e-03 6.769443e+00 4.045221e+00)) ((-1.606548e+02 5.565599e-01 5.121461e-04) (-1.295564e-01 -4.604163e-04 -1.618196e-03))
500.29        	((8.083882e-02 8.639945e+02 8.214154e+02) (3.240376e-03 7.002687e+00 4.136394e+00)) ((-1.634632e+02 6.857947e-01 1.663978e-02) (-1.484893e-01 -3.484675e-04 -1.900945e-03))
500.3         	((-3.832562e-01 8.717770e+02 7.640335e+02) (2.962773e-03 7.262396e+00 4.232286e+00)) ((-1.662647e+02 8.010743e-01 -1.021631e-01) (-1.734642e-01 -4.340661e-04 -1.332694e-03))
500.31        	((-7.796651e-01 8.729955e+02 6.830075e+02) (2.793920e-03 7.544856e+00 4.315723e+00)) ((-1.702548e+02 8.872577e-01 -3.094868e-01) (-2.031825e-01 -4.574649e-04 -1.430418e-03))
500.32        	((-1.192312e+00 8.778052e+02 6.038441e+02) (2.938290e-03 7.847500e+00 4.381137e+00)) ((-1.750601e+02 9.288450e-01 -5.853346e-01) (-2.361171e-01 -4.729313e-04 -1.357415e-03))
500.33        	((-1.664378e+00 8.881517e+02 5.408617e+02) (2.297165e-03 8.169142e+00 4.434757e+00)) ((-1.794733e+02 9.642336e-01 -8.383588e-01) (-2.672335e-01 -7.476119e-04 -1.275947e-03))
500.34        	((-2.235562e+00 8.983559e+02 4.905098e+02) (2.274434e-03 8.518813e+00 4.489987e+00)) ((-1.827144e+02 9.746463e-01 -1.089644e+00) (-2.983576e-01 -5.887593e-04 -8.240534e-04))
500.35        	((-2.780842e+00 9.014999e+02 4.412432e+02) (9.486200e-04 8.885994e+00 4.545384e+00)) ((-1.850099e+02 9.869852e-01 -1.271467e+00) (-3.231938e-01 -9.502391e-04 -9.101867e-04))
500.36        	((-3.253210e+00 8.966105e+02 3.882767e+02) (4.818677e-04 9.268173e+00 4.598792e+00)) ((-1.867648e+02 9.781975e-01 -1.447868e+00) (-3.455120e-01 -8.643343e-04 -4.122075e-05))
500.37        	((-3.520200e+00 8.881172e+02 3.366634e+02) (-8.005014e-04 9.654216e+00 4.640044e+00)) ((-1.881594e+02 9.665785e-01 -1.552562e+00) (-3.618884e-01 -1.089816e-03 2.815852e-04))
500.38        	((-3.520566e+00 8.831546e+02 2.998259e+02) (-2.069553e-03 1.003370e+01 4.663927e+00)) ((-1.881091e+02 9.605976e-01 -1.561554e+00) (-3.716433e-01 -1.433911e-03 1.176434e-03))
500.39        	((-3.198434e+00 8.876080e+02 2.920950e+02) (-3.668796e-03 1.040172e+01 4.676402e+00)) ((-1.846007e+02 9.653339e-01 -1.445380e+00) (-3.691891e-01 -1.835699e-03 1.537197e-03))
500.4         	((-2.964270e+00 8.973154e+02 3.038348e+02) (-3.443401e-03 1.075596e+01 4.684335e+00)) ((-1.792675e+02 9.813915e-01 -1.217779e+00) (-3.566281e-01 -1.718539e-03 3.474472e-03))
500.41        	((-2.626951e+00 9.063873e+02 3.245488e+02) (-5.695763e-03 1.109541e+01 4.691962e+00)) ((-1.742381e+02 1.010476e+00 -8.827412e-01) (-3.348863e-01 -2.628028e-03 4.017457e-03))
500.42        	((-2.289842e+00 9.111298e+02 3.423645e+02) (-5.259850e-03 1.141260e+01 4.700101e+00)) ((-1.711421e+02 1.031449e+00 -5.392961e-01) (-3.099537e-01 -2.748841e-03 6.512135e-03))
500.43        	((-1.954521e+00 9.104230e+02 3.526444e+02) (-5.713747e-03 1.171059e+01 4.708117e+00)) ((-1.710228e+02 1.033230e+00 -1.696132e-01) (-2.831838e-01 -3.508083e-03 8.449976e-03))
500.44        	((-1.600383e+00 9.062769e+02 3.594134e+02) (-6.228250e-03 1.196739e+01 4.703936e+00)) ((-1.736045e+02 1.031703e+00 2.297419e-01) (-2.557998e-01 -4.245585e-03 1.006912e-02))
500.45        	((-1.152237e+00 9.008832e+02 3.686180e+02) (-6.517353e-03 1.218326e+01 4.689930e+00)) ((-1.778991e+02 1.002128e+00 5.751716e-01) (-2.305554e-01 -4.682439e-03 1.218693e-02))
500.46        	((-6.632017e-01 8.955270e+02 3.840709e+02) (-6.020687e-03 1.235837e+01 4.670858e+00)) ((-1.825826e+02 9.295896e-01 8.748297e-01) (-2.063646e-01 -5.268290e-03 1.374316e-02))
500.47        	((-2.358882e-01 8.899765e+02 4.054494e+02) (-5.967212e-03 1.249473e+01 4.653686e+00)) ((-1.869019e+02 8.498029e-01 1.155485e+00) (-1.829296e-01 -5.990372e-03 1.515103e-02))
500.48        	((8.639679e-02 8.854397e+02 4.331944e+02) (-5.887974e-03 1.259377e+01 4.640445e+00)) ((-1.899387e+02 7.748597e-01 1.398158e+00) (-1.614327e-01 -6.569801e-03 1.665138e-02))
500.49        	((3.079381e-01 8.825287e+02 4.656722e+02) (-5.488605e-03 1.265752e+01 4.630028e+00)) ((-1.917902e+02 6.999616e-01 1.576078e+00) (-1.428643e-01 -7.178981e-03 1.742098e-02))
500.5         	((4.669002e-01 8.817144e+02 5.015170e+02) (-4.877564e-03 1.268814e+01 4.620746e+00)) ((-1.930832e+02 6.215519e-01 1.672095e+00) (-1.276587e-01 -7.712380e-03 1.818266e-02))
500.51        	((6.129400e-01 8.838040e+02 5.421066e+02) (-4.371794e-03 1.268508e+01 4.610220e+00)) ((-1.940504e+02 5.457543e-01 1.702788e+00) (-1.151803e-01 -8.056042e-03 1.874064e-02))
500.52        	((6.908484e-01 8.882914e+02 5.862520e+02) (-3.915356e-03 1.265415e+01 4.601513e+00)) ((-1.950640e+02 4.810204e-01 1.677777e+00) (-1.045207e-01 -8.320374e-03 1.903190e-02))
500.53        	((6.788038e-01 8.939639e+02 6.305782e+02) (-3.621128e-03 1.260033e+01 4.596649e+00)) ((-1.964251e+02 4.456232e-01 1.645317e+00) (-9.508335e-02 -8.472377e-03 1.900035e-02))
500.54        	((6.109613e-01 9.009168e+02 6.748994e+02) (-3.499790e-03 1.252945e+01 4.597125e+00)) ((-1.976473e+02 4.385802e-01 1.633100e+00) (-8.634383e-02 -8.491033e-03 1.876371e-02))
500.55        	((5.266444e-01 9.095271e+02 7.192073e+02) (-2.973270e-03 1.244770e+01 4.603080e+00)) ((-1.983308e+02 4.359992e-01 1.604313e+00) (-7.888559e-02 -8.152066e-03 1.831262e-02))
500.56        	((4.927155e-01 9.197654e+02 7.628741e+02) (-3.108147e-03 1.235948e+01 4.613878e+00)) ((-1.985068e+02 4.482159e-01 1.595361e+00) (-7.280522e-02 -8.150903e-03 1.695376e-02))
500.57        	((4.105539e-01 9.313141e+02 8.051268e+02) (-2.003577e-03 1.226870e+01 4.629218e+00)) ((-1.984744e+02 4.401918e-01 1.499747e+00) (-6.805489e-02 -7.461261e-03 1.627026e-02))
500.58        	((3.692118e-01 9.438289e+02 8.455585e+02) (-1.940644e-03 1.217894e+01 4.649167e+00)) ((-1.985204e+02 4.458956e-01 1.427550e+00) (-6.422505e-02 -7.139556e-03 1.480904e-02))
500.59        	((3.352788e-01 9.570747e+02 8.840121e+02) (-1.374721e-03 1.209307e+01 4.674267e+00)) ((-1.988078e+02 4.599659e-01 1.362303e+00) (-6.057407e-02 -6.583398e-03 1.359325e-02))
500.6         	((3.193495e-01 9.707844e+02 9.201767e+02) (-7.760083e-04 1.201273e+01 4.705164e+00)) ((-1.994375e+02 4.816013e-01 1.305717e+00) (-5.716536e-02 -6.071961e-03 1.220392e-02))
500.61        	((3.177756e-01 9.848308e+02 9.541791e+02) (-2.023761e-04 1.193946e+01 4.741686e+00)) ((-2.003636e+02 5.022322e-01 1.249261e+00) (-5.400670e-02 -5.561006e-03 1.082603e-02))
500.62        	((3.277287e-01 9.990598e+02 9.860472e+02) (2.203196e-04 1.187473e+01 4.783271e+00)) ((-2.015060e+02 5.196246e-01 1.189287e+00) (-5.106691e-02 -5.077579e-03 9.470180e-03))
500.63        	((3.442229e-01 1.013489e+03 1.016137e+03) (5.906354e-04 1.181984e+01 4.829958e+00)) ((-2.027212e+02 5.338524e-01 1.123800e+00) (-4.849429e-02 -4.612975e-03 8.186804e-03))
500.64        	((3.481415e-01 1.028341e+03 1.045209e+03) (1.035690e-03 1.177392e+01 4.879790e+00)) ((-2.037912e+02 5.459753e-01 1.056232e+00) (-4.619186e-02 -4.139669e-03 6.942731e-03))
500.65        	((3.395465e-01 1.043423e+03 1.072760e+03) (1.468328e-03 1.173434e+01 4.927258e+00)) ((-2.047750e+02 5.572915e-01 9.892450e-01) (-4.484296e-02 -3.771287e-03 5.837865e-03))
500.66        	((3.252848e-01 1.058474e+03 1.098160e+03) (1.906996e-03 1.171116e+01 4.989526e+00)) ((-2.058320e+02 5.680037e-01 9.220001e-01) (-4.165519e-02 -3.515887e-03 4.852871e-03))
500.67        	((3.013644e-01 1.073437e+03 1.121644e+03) (2.117203e-03 1.169458e+01 5.052016e+00)) ((-2.069798e+02 5.799537e-01 8.582554e-01) (-3.843663e-02 -3.036214e-03 4.013664e-03))
500.68        	((2.631497e-01 1.088363e+03 1.143676e+03) (2.317397e-03 1.168486e+01 5.115341e+00)) ((-2.081919e+02 5.930021e-01 8.003214e-01) (-3.503142e-02 -2.681994e-03 3.313677e-03))
500.69        	((2.134280e-01 1.103165e+03 1.164498e+03) (2.568480e-03 1.168205e+01 5.178572e+00)) ((-2.094818e+02 6.069987e-01 7.469965e-01) (-3.167886e-02 -2.360524e-03 2.630293e-03))
500.7         	((1.603764e-01 1.117728e+03 1.184044e+03) (2.811506e-03 1.168526e+01 5.240673e+00)) ((-2.108635e+02 6.168691e-01 6.978056e-01) (-2.854550e-02 -2.301113e-03 2.176157e-03))
500.71        	((1.089154e-01 1.131939e+03 1.202309e+03) (3.047440e-03 1.169920e+01 5.309615e+00)) ((-2.123162e+02 6.260910e-01 6.485435e-01) (-2.439421e-02 -1.973982e-03 1.556283e-03))
500.72        	((5.002572e-02 1.145731e+03 1.219195e+03) (3.284088e-03 1.171625e+01 5.375659e+00)) ((-2.138371e+02 6.405058e-01 6.035246e-01) (-2.043046e-02 -1.643343e-03 1.054864e-03))
500.73        	((-6.990181e-03 1.159154e+03 1.235037e+03) (3.329649e-03 1.173910e+01 5.442729e+00)) ((-2.153564e+02 6.491583e-01 5.610079e-01) (-1.608405e-02 -1.726878e-03 8.849331e-04))
500.74        	((-7.541767e-02 1.172212e+03 1.250083e+03) (3.552989e-03 1.176646e+01 5.509716e+00)) ((-2.168314e+02 6.672075e-01 5.213954e-01) (-1.145452e-02 -1.447140e-03 3.213729e-04))
500.75        	((-1.588510e-01 1.184878e+03 1.264544e+03) (3.731667e-03 1.179855e+01 5.577012e+00)) ((-2.182441e+02 6.819893e-01 4.947392e-01) (-6.457194e-03 -1.307763e-03 -1.549723e-04))
500.76        	((-2.556422e-01 1.197074e+03 1.278425e+03) (3.918963e-03 1.183479e+01 5.644540e+00)) ((-2.196129e+02 6.930727e-01 4.783825e-01) (-1.135271e-03 -1.211882e-03 -5.637942e-04))
500.77        	((-3.576459e-01 1.208723e+03 1.291633e+03) (4.056731e-03 1.187447e+01 5.711839e+00)) ((-2.209783e+02 7.016895e-01 4.655376e-01) (4.411838e-03 -1.120191e-03 -8.831253e-04))
500.78        	((-4.619799e-01 1.219788e+03 1.304077e+03) (4.162097e-03 1.191679e+01 5.778603e+00)) ((-2.223874e+02 7.107740e-01 4.532331e-01) (1.012611e-02 -1.036861e-03 -1.150670e-03))
500.79        	((-5.649693e-01 1.230234e+03 1.315732e+03) (4.230157e-03 1.196136e+01 5.844792e+00)) ((-2.238512e+02 7.197101e-01 4.417111e-01) (1.607817e-02 -9.608477e-04 -1.360988e-03))
500.8         	((-6.686117e-01 1.240028e+03 1.326624e+03) (4.242783e-03 1.200773e+01 5.910322e+00)) ((-2.253561e+02 7.296336e-01 4.322616e-01) (2.230565e-02 -8.781332e-04 -1.524640e-03))
500.81        	((-7.763388e-01 1.249182e+03 1.336871e+03) (4.259218e-03 1.205561e+01 5.975248e+00)) ((-2.268614e+02 7.400641e-01 4.266531e-01) (2.875203e-02 -8.062540e-04 -1.653213e-03))
500.82        	((-8.914151e-01 1.257715e+03 1.346582e+03) (4.212192e-03 1.210460e+01 6.039492e+00)) ((-2.283280e+02 7.522106e-01 4.254072e-01) (3.535136e-02 -7.415894e-04 -1.727242e-03))
500.83        	((-1.008518e+00 1.265629e+03 1.355794e+03) (4.100784e-03 1.215406e+01 6.102754e+00)) ((-2.297442e+02 7.637144e-01 4.270184e-01) (4.186541e-02 -6.800403e-04 -1.743516e-03))
500.84        	((-1.121443e+00 1.272915e+03 1.364452e+03) (3.904634e-03 1.220369e+01 6.164915e+00)) ((-2.311234e+02 7.741594e-01 4.272597e-01) (4.820592e-02 -6.175004e-04 -1.706542e-03))
500.85        	((-1.232282e+00 1.279590e+03 1.372500e+03) (4.379728e-03 1.225400e+01 6.226426e+00)) ((-2.324794e+02 7.833226e-01 4.251227e-01) (5.484377e-02 -6.173248e-04 -2.194353e-03))
500.86        	((-1.333884e+00 1.285662e+03 1.379915e+03) (4.239331e-03 1.230435e+01 6.286967e+00)) ((-2.338291e+02 7.882385e-01 4.234525e-01) (6.153519e-02 -5.617354e-04 -2.158151e-03))
500.87        	((-1.432333e+00 1.291121e+03 1.386669e+03) (4.243136e-03 1.235416e+01 6.346314e+00)) ((-2.351770e+02 7.913768e-01 4.222830e-01) (6.810250e-02 -5.050338e-04 -2.242808e-03))
500.88        	((-1.531066e+00 1.295989e+03 1.392800e+03) (4.275817e-03 1.240344e+01 6.404581e+00)) ((-2.365063e+02 7.946494e-01 4.219003e-01) (7.467977e-02 -4.645454e-04 -2.334296e-03))
500.89        	((-1.629250e+00 1.300307e+03 1.398370e+03) (4.318110e-03 1.245195e+01 6.461663e+00)) ((-2.377916e+02 7.990245e-01 4.210913e-01) (8.119432e-02 -4.422243e-04 -2.418895e-03))
500.9         	((-1.724248e+00 1.304112e+03 1.403403e+03) (4.349438e-03 1.249951e+01 6.517490e+00)) ((-2.390168e+02 8.035317e-01 4.189651e-01) (8.759504e-02 -4.256649e-04 -2.482889e-03))
500.91        	((-1.812335e+00 1.307435e+03 1.407912e+03) (4.368187e-03 1.254594e+01 6.571945e+00)) ((-2.401731e+02 8.073036e-01 4.143003e-01) (9.379929e-02 -4.107538e-04 -2.533713e-03))
500.92        	((-1.890357e+00 1.310286e+03 1.411888e+03) (4.369051e-03 1.259106e+01 6.624921e+00)) ((-2.412591e+02 8.091471e-01 4.058106e-01) (9.975512e-02 -3.919624e-04 -2.568798e-03))
500.93        	((-1.959805e+00 1.312663e+03 1.415322e+03) (4.335522e-03 1.263487e+01 6.676323e+00)) ((-2.422729e+02 8.095130e-01 3.947382e-01) (1.054629e-01 -3.702226e-04 -2.582328e-03))
500.94        	((-2.019953e+00 1.314283e+03 1.417462e+03) (4.294591e-03 1.267641e+01 6.726141e+00)) ((-2.433022e+02 8.070928e-01 3.816078e-01) (1.109132e-01 -3.426672e-04 -2.571959e-03))
500.95        	((-2.076443e+00 1.315557e+03 1.419259e+03) (4.261162e-03 1.271644e+01 6.774174e+00)) ((-2.442309e+02 8.050271e-01 3.699246e-01) (1.160509e-01 -3.306127e-04 -2.551608e-03))
500.96        	((-2.132237e+00 1.316668e+03 1.421115e+03) (4.203191e-03 1.275497e+01 6.820511e+00)) ((-2.450003e+02 8.041180e-01 3.590448e-01) (1.208976e-01 -3.072968e-04 -2.524370e-03))
500.97        	((-2.183819e+00 1.317537e+03 1.422898e+03) (4.170448e-03 1.279197e+01 6.865296e+00)) ((-2.456328e+02 8.025714e-01 3.472517e-01) (1.254823e-01 -2.870221e-04 -2.512482e-03))
500.98        	((-2.230250e+00 1.318017e+03 1.424159e+03) (4.126554e-03 1.282735e+01 6.908550e+00)) ((-2.462177e+02 8.000752e-01 3.328731e-01) (1.297840e-01 -2.669217e-04 -2.505617e-03))
500.99        	((-2.272017e+00 1.318023e+03 1.424679e+03) (4.076018e-03 1.286109e+01 6.950216e+00)) ((-2.467867e+02 7.966757e-01 3.164392e-01) (1.337940e-01 -2.493814e-04 -2.501173e-03))
501           	((-2.291814e+00 1.317715e+03 1.424124e+03) (4.037143e-03 1.289316e+01 6.988227e+00)) ((-2.474648e+02 7.945111e-01 2.985276e-01) (1.372363e-01 -2.317083e-04 -2.512619e-03))
501.01        	((-2.312094e+00 1.317002e+03 1.423095e+03) (4.038991e-03 1.292351e+01 7.025162e+00)) ((-2.480506e+02 7.916431e-01 2.826241e-01) (1.404250e-01 -2.192745e-04 -2.546153e-03))
501.02        	((-2.340550e+00 1.315917e+03 1.422210e+03) (4.031587e-03 1.295218e+01 7.061048e+00)) ((-2.483940e+02 7.871765e-01 2.685823e-01) (1.433594e-01 -2.073311e-04 -2.562613e-03))
501.03        	((-2.371683e+00 1.314524e+03 1.421544e+03) (4.017862e-03 1.297907e+01 7.095644e+00)) ((-2.485276e+02 7.802603e-01 2.542569e-01) (1.459913e-01 -2.077473e-04 -2.553366e-03))
501.04        	((-2.397066e+00 1.312869e+03 1.420730e+03) (3.987853e-03 1.300419e+01 7.128799e+00)) ((-2.485792e+02 7.720670e-01 2.360874e-01) (1.483133e-01 -2.096188e-04 -2.526029e-03))
501.05        	((-2.412045e+00 1.310927e+03 1.419362e+03) (3.948631e-03 1.302786e+01 7.160524e+00)) ((-2.486507e+02 7.631320e-01 2.137713e-01) (1.501618e-01 -2.098580e-04 -2.488701e-03))
501.06        	((-2.420162e+00 1.308685e+03 1.417358e+03) (3.884782e-03 1.304972e+01 7.190725e+00)) ((-2.487295e+02 7.546751e-01 1.883639e-01) (1.516327e-01 -1.929605e-04 -2.448824e-03))
501.07        	((-2.422933e+00 1.306137e+03 1.414864e+03) (3.807735e-03 1.306968e+01 7.219418e+00)) ((-2.487541e+02 7.446024e-01 1.624415e-01) (1.527063e-01 -1.710529e-04 -2.401579e-03))
501.08        	((-2.424008e+00 1.303320e+03 1.412109e+03) (3.747281e-03 1.308756e+01 7.246670e+00)) ((-2.486619e+02 7.347707e-01 1.354354e-01) (1.536026e-01 -1.430370e-04 -2.388153e-03))
501.09        	((-2.426086e+00 1.300228e+03 1.409178e+03) (3.716091e-03 1.310355e+01 7.272550e+00)) ((-2.484626e+02 7.237525e-01 1.100361e-01) (1.541654e-01 -1.283094e-04 -2.385473e-03))
501.1         	((-2.429218e+00 1.296922e+03 1.406058e+03) (3.656635e-03 1.311794e+01 7.297316e+00)) ((-2.481779e+02 7.145046e-01 8.372349e-02) (1.545147e-01 -1.021473e-04 -2.376983e-03))
501.11        	((-2.429241e+00 1.293365e+03 1.402632e+03) (3.565392e-03 1.313043e+01 7.320602e+00)) ((-2.478537e+02 7.026556e-01 5.986850e-02) (1.544986e-01 -9.257374e-05 -2.317749e-03))
501.12        	((-2.426750e+00 1.289620e+03 1.398864e+03) (3.445273e-03 1.314155e+01 7.342795e+00)) ((-2.474837e+02 6.928198e-01 3.304282e-02) (1.543027e-01 -5.990913e-05 -2.268339e-03))
501.13        	((-2.421762e+00 1.285610e+03 1.394698e+03) (3.347021e-03 1.315058e+01 7.363363e+00)) ((-2.470922e+02 6.800580e-01 9.515509e-03) (1.536683e-01 -5.537833e-05 -2.193039e-03))
501.14        	((-2.415803e+00 1.281471e+03 1.390305e+03) (3.205133e-03 1.315845e+01 7.383049e+00)) ((-2.466123e+02 6.715212e-01 -1.750652e-02) (1.529485e-01 -1.603572e-05 -2.122740e-03))
501.15        	((-2.405938e+00 1.276716e+03 1.384732e+03) (3.073448e-03 1.316362e+01 7.400900e+00)) ((-2.462282e+02 6.582043e-01 -3.874884e-02) (1.516631e-01 -2.591913e-05 -1.977619e-03))
501.16        	((-2.396724e+00 1.271804e+03 1.379137e+03) (2.834635e-03 1.316789e+01 7.418056e+00)) ((-2.457009e+02 6.508064e-01 -6.471733e-02) (1.504015e-01 2.987862e-05 -1.849201e-03))
501.17        	((-2.388735e+00 1.266753e+03 1.373862e+03) (2.619254e-03 1.316924e+01 7.432883e+00)) ((-2.450436e+02 6.375206e-01 -8.276895e-02) (1.483694e-01 -2.465581e-05 -1.568295e-03))
501.18        	((-2.383534e+00 1.261882e+03 1.368873e+03) (2.252799e-03 1.317070e+01 7.447954e+00)) ((-2.442215e+02 6.286744e-01 -1.032689e-01) (1.467424e-01 9.686430e-05 -1.421585e-03))
501.19        	((-2.377765e+00 1.256778e+03 1.363461e+03) (2.008485e-03 1.316822e+01 7.459985e+00)) ((-2.434445e+02 6.190030e-01 -1.228665e-01) (1.439696e-01 1.117248e-04 -1.239644e-03))
501.2         	((-2.375668e+00 1.251662e+03 1.357636e+03) (1.835494e-03 1.316713e+01 7.473293e+00)) ((-2.426389e+02 6.094833e-01 -1.402211e-01) (1.420962e-01 1.758554e-04 -1.139861e-03))
501.21        	((-2.381955e+00 1.246209e+03 1.351297e+03) (1.686054e-03 1.316223e+01 7.483448e+00)) ((-2.418871e+02 6.024681e-01 -1.588869e-01) (1.390734e-01 2.571885e-04 -1.096951e-03))
501.22        	((-2.389792e+00 1.240767e+03 1.344904e+03) (1.633495e-03 1.315768e+01 7.494111e+00)) ((-2.410290e+02 5.983331e-01 -1.749893e-01) (1.365831e-01 2.426287e-04 -9.926324e-04))
501.23        	((-2.396633e+00 1.235043e+03 1.338350e+03) (1.634413e-03 1.314892e+01 7.501385e+00)) ((-2.401574e+02 5.958103e-01 -1.860880e-01) (1.328130e-01 2.050063e-04 -8.812383e-04))
501.24        	((-2.404503e+00 1.229391e+03 1.331856e+03) (1.522567e-03 1.314228e+01 7.510327e+00)) ((-2.391668e+02 5.902665e-01 -1.916965e-01) (1.301414e-01 2.670381e-04 -8.462558e-04))
501.25        	((-2.413467e+00 1.223532e+03 1.325124e+03) (1.408151e-03 1.313216e+01 7.516353e+00)) ((-2.381887e+02 5.857585e-01 -2.027375e-01) (1.264015e-01 3.595257e-04 -8.508227e-04))
501.26        	((-2.425102e+00 1.217747e+03 1.318259e+03) (1.369564e-03 1.312193e+01 7.522607e+00)) ((-2.371647e+02 5.745573e-01 -2.091338e-01) (1.230405e-01 3.379127e-04 -7.284024e-04))
501.27        	((-2.440630e+00 1.211694e+03 1.311106e+03) (1.321709e-03 1.310773e+01 7.525671e+00)) ((-2.361869e+02 5.676805e-01 -2.155944e-01) (1.185483e-01 4.014230e-04 -7.132778e-04))
501.28        	((-2.456208e+00 1.205700e+03 1.303989e+03) (1.324287e-03 1.309601e+01 7.530520e+00)) ((-2.351199e+02 5.679788e-01 -2.230027e-01) (1.152988e-01 3.902379e-04 -6.572822e-04))
501.29        	((-2.469030e+00 1.199488e+03 1.296728e+03) (1.350610e-03 1.308103e+01 7.532567e+00)) ((-2.340554e+02 5.688146e-01 -2.243415e-01) (1.110983e-01 3.696818e-04 -6.026465e-04))
501.3         	((-2.482933e+00 1.193340e+03 1.289414e+03) (1.329075e-03 1.306592e+01 7.534831e+00)) ((-2.329292e+02 5.679976e-01 -2.255270e-01) (1.072837e-01 4.179043e-04 -6.074424e-04))
501.31        	((-2.498512e+00 1.186961e+03 1.281873e+03) (1.360790e-03 1.304761e+01 7.534473e+00)) ((-2.318376e+02 5.604600e-01 -2.249074e-01) (1.025715e-01 4.114638e-04 -5.866760e-04))
501.32        	((-2.513471e+00 1.180687e+03 1.274393e+03) (1.357347e-03 1.303097e+01 7.535409e+00)) ((-2.306607e+02 5.515331e-01 -2.224826e-01) (9.880532e-02 4.594597e-04 -6.119505e-04))
501.33        	((-2.528040e+00 1.174207e+03 1.266779e+03) (1.380098e-03 1.301133e+01 7.533768e+00)) ((-2.295084e+02 5.466417e-01 -2.227557e-01) (9.417017e-02 4.970936e-04 -6.438212e-04))
501.34        	((-2.542378e+00 1.167817e+03 1.259168e+03) (1.409948e-03 1.299202e+01 7.532630e+00)) ((-2.283069e+02 5.449988e-01 -2.235087e-01) (9.004532e-02 5.166484e-04 -6.504513e-04))
501.35        	((-2.558326e+00 1.161216e+03 1.251380e+03) (1.466142e-03 1.296996e+01 7.529154e+00)) ((-2.271471e+02 5.457972e-01 -2.246921e-01) (8.513386e-02 5.515122e-04 -6.940584e-04))
501.36        	((-2.575173e+00 1.154717e+03 1.243642e+03) (1.542135e-03 1.294905e+01 7.526654e+00)) ((-2.259185e+02 5.464270e-01 -2.244903e-01) (8.097683e-02 5.574090e-04 -7.080772e-04))
501.37        	((-2.592276e+00 1.148021e+03 1.235766e+03) (1.614252e-03 1.292555e+01 7.521875e+00)) ((-2.247177e+02 5.458903e-01 -2.224239e-01) (7.607829e-02 5.819971e-04 -7.480475e-04))
501.38        	((-2.607933e+00 1.141427e+03 1.227917e+03) (1.691988e-03 1.290264e+01 7.517731e+00)) ((-2.234639e+02 5.433117e-01 -2.177814e-01) (7.172550e-02 5.901217e-04 -7.713691e-04))
501.39        	((-2.622768e+00 1.134663e+03 1.219942e+03) (1.765719e-03 1.287736e+01 7.511525e+00)) ((-2.222458e+02 5.407841e-01 -2.127057e-01) (6.669100e-02 6.121017e-04 -8.147343e-04))
501.4         	((-2.636842e+00 1.128013e+03 1.212027e+03) (1.846058e-03 1.285279e+01 7.506014e+00)) ((-2.209758e+02 5.375784e-01 -2.061708e-01) (6.220124e-02 6.149365e-04 -8.366551e-04))
501.41        	((-2.651964e+00 1.121200e+03 1.204011e+03) (1.928822e-03 1.282600e+01 7.498572e+00)) ((-2.197402e+02 5.359719e-01 -2.003938e-01) (5.707161e-02 6.379793e-04 -8.904548e-04))
501.42        	((-2.667025e+00 1.114493e+03 1.196047e+03) (2.020673e-03 1.279981e+01 7.491756e+00)) ((-2.184567e+02 5.347048e-01 -1.937266e-01) (5.246911e-02 6.420890e-04 -9.345667e-04))
501.43        	((-2.683124e+00 1.107632e+03 1.187984e+03) (2.129336e-03 1.277159e+01 7.483135e+00)) ((-2.172081e+02 5.348483e-01 -1.878280e-01) (4.730743e-02 6.636562e-04 -1.011986e-03))
501.44        	((-2.698162e+00 1.100880e+03 1.179972e+03) (2.236842e-03 1.274396e+01 7.475100e+00)) ((-2.159162e+02 5.341780e-01 -1.805813e-01) (4.266246e-02 6.679150e-04 -1.069807e-03))
501.45        	((-2.712948e+00 1.093989e+03 1.171872e+03) (2.335361e-03 1.271437e+01 7.465270e+00)) ((-2.146605e+02 5.336381e-01 -1.738989e-01) (3.748583e-02 6.920872e-04 -1.143152e-03))
501.46        	((-2.725384e+00 1.087213e+03 1.163830e+03) (2.418614e-03 1.268529e+01 7.455967e+00)) ((-2.133676e+02 5.317880e-01 -1.657585e-01) (3.280885e-02 6.964709e-04 -1.179699e-03))
501.47        	((-2.738167e+00 1.080309e+03 1.155715e+03) (2.481953e-03 1.265438e+01 7.444980e+00)) ((-2.121096e+02 5.304420e-01 -1.584195e-01) (2.763096e-02 7.228662e-04 -1.221649e-03))
501.48        	((-2.749678e+00 1.073520e+03 1.147663e+03) (2.530648e-03 1.262403e+01 7.434561e+00)) ((-2.108161e+02 5.286600e-01 -1.497213e-01) (2.295468e-02 7.293276e-04 -1.230343e-03))
501.49        	((-2.762232e+00 1.066612e+03 1.139549e+03) (2.585050e-03 1.259198e+01 7.422590e+00)) ((-2.095566e+02 5.279293e-01 -1.422171e-01) (1.781081e-02 7.566034e-04 -1.263645e-03))
501.5         	((-2.773047e+00 1.059821e+03 1.131499e+03) (2.629371e-03 1.256057e+01 7.411247e+00)) ((-2.082642e+02 5.268283e-01 -1.335795e-01) (1.315952e-02 7.628285e-04 -1.265615e-03))
501.51        	((-2.784083e+00 1.052920e+03 1.123396e+03) (2.680045e-03 1.252754e+01 7.398422e+00)) ((-2.070060e+02 5.263694e-01 -1.263918e-01) (8.053267e-03 7.913101e-04 -1.292163e-03))
501.52        	((-2.792653e+00 1.046139e+03 1.115360e+03) (2.720087e-03 1.249515e+01 7.386215e+00)) ((-2.057183e+02 5.251567e-01 -1.179615e-01) (3.437250e-03 7.957059e-04 -1.288809e-03))
501.53        	((-2.801805e+00 1.039255e+03 1.107277e+03) (2.771121e-03 1.246122e+01 7.372549e+00)) ((-2.044661e+02 5.244955e-01 -1.108257e-01) (-1.611654e-03 8.225679e-04 -1.315981e-03))
501.54        	((-2.809101e+00 1.032493e+03 1.099262e+03) (2.806308e-03 1.242797e+01 7.359531e+00)) ((-2.031865e+02 5.232441e-01 -1.021037e-01) (-6.178558e-03 8.267577e-04 -1.313678e-03))
501.55        	((-2.817566e+00 1.025633e+03 1.091206e+03) (2.865415e-03 1.239321e+01 7.345040e+00)) ((-2.019416e+02 5.226097e-01 -9.465967e-02) (-1.116696e-02 8.546804e-04 -1.347389e-03))
501.56        	((-2.823775e+00 1.018898e+03 1.083224e+03) (2.906380e-03 1.235909e+01 7.331136e+00)) ((-2.006696e+02 5.214891e-01 -8.578842e-02) (-1.565600e-02 8.571948e-04 -1.350046e-03))
501.57        	((-2.830516e+00 1.012071e+03 1.075209e+03) (2.957581e-03 1.232345e+01 7.315736e+00)) ((-1.994313e+02 5.209698e-01 -7.879959e-02) (-2.055285e-02 8.885028e-04 -1.387626e-03))
501.58        	((-2.834157e+00 1.005373e+03 1.067272e+03) (2.987521e-03 1.228848e+01 7.300942e+00)) ((-1.981675e+02 5.199344e-01 -7.059050e-02) (-2.495530e-02 8.894984e-04 -1.387177e-03))
501.59        	((-2.838773e+00 9.985866e+02 1.059307e+03) (3.036491e-03 1.225203e+01 7.284707e+00)) ((-1.969388e+02 5.194279e-01 -6.420257e-02) (-2.977047e-02 9.166565e-04 -1.421053e-03))
501.6         	((-2.840842e+00 9.919317e+02 1.051420e+03) (3.065735e-03 1.221628e+01 7.269119e+00)) ((-1.956868e+02 5.184465e-01 -5.606469e-02) (-3.408055e-02 9.136197e-04 -1.419290e-03))
501.61        	((-2.844780e+00 9.851920e+02 1.043508e+03) (3.116233e-03 1.217908e+01 7.252072e+00)) ((-1.944704e+02 5.179661e-01 -4.956735e-02) (-3.880138e-02 9.417517e-04 -1.456021e-03))
501.62        	((-2.846015e+00 9.785866e+02 1.035677e+03) (3.136317e-03 1.214264e+01 7.235721e+00)) ((-1.932307e+02 5.170474e-01 -4.121842e-02) (-4.300259e-02 9.344958e-04 -1.447029e-03))
501.63        	((-2.849055e+00 9.718991e+02 1.027826e+03) (3.187419e-03 1.210477e+01 7.217925e+00)) ((-1.920256e+02 5.165465e-01 -3.485146e-02) (-4.761140e-02 9.638411e-04 -1.479388e-03))
501.64        	((-2.848502e+00 9.653488e+02 1.020059e+03) (3.202497e-03 1.206773e+01 7.200877e+00)) ((-1.907974e+02 5.155656e-01 -2.682137e-02) (-5.168485e-02 9.555121e-04 -1.460624e-03))
501.65        	((-2.849777e+00 9.587181e+02 1.012277e+03) (3.245935e-03 1.202924e+01 7.182350e+00)) ((-1.896042e+02 5.149422e-01 -2.112645e-02) (-5.615470e-02 9.883180e-04 -1.490542e-03))
501.66        	((-2.847337e+00 9.522275e+02 1.004580e+03) (3.249284e-03 1.199160e+01 7.164581e+00)) ((-1.883890e+02 5.139280e-01 -1.363273e-02) (-6.005941e-02 9.803435e-04 -1.469155e-03))
501.67        	((-2.847374e+00 9.456576e+02 9.968697e+02) (3.293842e-03 1.195248e+01 7.145316e+00)) ((-1.872093e+02 5.132916e-01 -8.449680e-03) (-6.438076e-02 1.013612e-03 -1.497465e-03))
501.68        	((-2.843668e+00 9.392311e+02 9.892468e+02) (3.300998e-03 1.191428e+01 7.126895e+00)) ((-1.860081e+02 5.123577e-01 -1.145955e-03) (-6.814306e-02 1.002405e-03 -1.475098e-03))
501.69        	((-2.842810e+00 9.327255e+02 9.816136e+02) (3.355036e-03 1.187461e+01 7.106964e+00)) ((-1.848422e+02 5.117579e-01 3.799221e-03) (-7.233609e-02 1.038254e-03 -1.512143e-03))
501.7         	((-2.837752e+00 9.263660e+02 9.740689e+02) (3.362676e-03 1.183592e+01 7.087930e+00)) ((-1.836548e+02 5.108591e-01 1.090869e-02) (-7.594021e-02 1.025228e-03 -1.492692e-03))
501.71        	((-2.835605e+00 9.199236e+02 9.665164e+02) (3.423784e-03 1.179575e+01 7.067356e+00)) ((-1.825013e+02 5.101941e-01 1.543691e-02) (-7.997822e-02 1.062140e-03 -1.532231e-03))
501.72        	((-2.828733e+00 9.136416e+02 9.590647e+02) (3.432259e-03 1.175662e+01 7.047723e+00)) ((-1.813288e+02 5.092591e-01 2.216892e-02) (-8.341989e-02 1.046847e-03 -1.509441e-03))
501.73        	((-2.825706e+00 9.072741e+02 9.516029e+02) (3.499592e-03 1.171602e+01 7.026543e+00)) ((-1.801894e+02 5.085969e-01 2.620343e-02) (-8.733749e-02 1.085585e-03 -1.550514e-03))
501.74        	((-2.818273e+00 9.010643e+02 9.442329e+02) (3.510627e-03 1.167657e+01 7.006399e+00)) ((-1.790304e+02 5.077634e-01 3.264489e-02) (-9.064406e-02 1.066794e-03 -1.522240e-03))
501.75        	((-2.814634e+00 8.947624e+02 9.368482e+02) (3.586510e-03 1.163564e+01 6.984675e+00)) ((-1.779061e+02 5.070929e-01 3.636938e-02) (-9.444236e-02 1.089395e-03 -1.556087e-03))
501.76        	((-2.805751e+00 8.886229e+02 9.295623e+02) (3.603267e-03 1.159590e+01 6.964029e+00)) ((-1.767618e+02 5.061640e-01 4.244639e-02) (-9.761774e-02 1.040979e-03 -1.514132e-03))
501.77        	((-2.800674e+00 8.823962e+02 9.222721e+02) (3.678440e-03 1.155466e+01 6.941806e+00)) ((-1.756514e+02 5.053867e-01 4.565619e-02) (-1.013009e-01 1.051398e-03 -1.538666e-03))
501.78        	((-2.790546e+00 8.763371e+02 9.150851e+02) (3.688964e-03 1.151469e+01 6.920705e+00)) ((-1.745208e+02 5.044230e-01 5.131419e-02) (-1.043100e-01 1.006568e-03 -1.492070e-03))
501.79        	((-2.784925e+00 8.701888e+02 9.078900e+02) (3.754160e-03 1.147319e+01 6.897971e+00)) ((-1.734252e+02 5.036789e-01 5.424945e-02) (-1.078225e-01 1.031632e-03 -1.520021e-03))
501.8         	((-2.774615e+00 8.642078e+02 9.007933e+02) (3.757768e-03 1.143305e+01 6.876468e+00)) ((-1.723100e+02 5.027454e-01 5.969405e-02) (-1.106519e-01 9.940324e-04 -1.475483e-03))
501.81        	((-2.768698e+00 8.581358e+02 8.936868e+02) (3.818924e-03 1.139134e+01 6.853316e+00)) ((-1.712299e+02 5.019701e-01 6.233116e-02) (-1.140253e-01 1.025552e-03 -1.506305e-03))
501.82        	((-2.757757e+00 8.522329e+02 8.866823e+02) (3.823722e-03 1.135106e+01 6.831450e+00)) ((-1.701290e+02 5.010131e-01 6.731977e-02) (-1.167140e-01 9.925716e-04 -1.465869e-03))
501.83        	((-2.751003e+00 8.462395e+02 8.796720e+02) (3.887350e-03 1.130917e+01 6.807896e+00)) ((-1.690630e+02 5.002599e-01 6.961049e-02) (-1.199897e-01 1.026752e-03 -1.501353e-03))
501.84        	((-2.739484e+00 8.404165e+02 8.727660e+02) (3.895736e-03 1.126882e+01 6.785725e+00)) ((-1.679761e+02 4.993887e-01 7.430376e-02) (-1.225634e-01 9.944466e-04 -1.464180e-03))
501.85        	((-2.732276e+00 8.345023e+02 8.658530e+02) (3.961356e-03 1.122684e+01 6.761858e+00)) ((-1.669250e+02 4.987305e-01 7.645393e-02) (-1.257423e-01 1.031477e-03 -1.501753e-03))
501.86        	((-2.720635e+00 8.287587e+02 8.590428e+02) (3.977054e-03 1.118646e+01 6.739417e+00)) ((-1.658534e+02 4.979044e-01 8.095034e-02) (-1.282006e-01 9.988484e-04 -1.463870e-03))
501.87        	((-2.713580e+00 8.229248e+02 8.522246e+02) (4.054256e-03 1.114442e+01 6.715248e+00)) ((-1.648177e+02 4.973629e-01 8.263938e-02) (-1.313026e-01 1.039490e-03 -1.503662e-03))
501.88        	((-2.700601e+00 8.172597e+02 8.455107e+02) (4.059824e-03 1.110405e+01 6.692540e+00)) ((-1.637608e+02 4.966400e-01 8.743199e-02) (-1.336799e-01 1.001291e-03 -1.459903e-03))
501.89        	((-2.694292e+00 8.115082e+02 8.387886e+02) (4.146952e-03 1.106196e+01 6.668096e+00)) ((-1.627395e+02 4.957748e-01 8.859264e-02) (-1.367111e-01 1.057214e-03 -1.512904e-03))
501.9         	((-2.680599e+00 8.059222e+02 8.321734e+02) (4.145555e-03 1.102159e+01 6.645090e+00)) ((-1.616968e+02 4.950637e-01 9.322343e-02) (-1.389866e-01 1.013001e-03 -1.465405e-03))
501.91        	((-2.673825e+00 8.002537e+02 8.255488e+02) (4.233675e-03 1.097946e+01 6.620351e+00)) ((-1.606900e+02 4.940286e-01 9.420552e-02) (-1.419073e-01 1.067284e-03 -1.519073e-03))
501.92        	((-2.660074e+00 7.947453e+02 8.190316e+02) (4.249516e-03 1.093909e+01 6.597055e+00)) ((-1.596620e+02 4.935221e-01 9.800348e-02) (-1.440554e-01 1.029910e-03 -1.478759e-03))
501.93        	((-2.650601e+00 7.891599e+02 8.125024e+02) (4.331275e-03 1.089700e+01 6.572070e+00)) ((-1.586700e+02 4.928037e-01 9.971766e-02) (-1.468372e-01 1.067612e-03 -1.514012e-03))
501.94        	((-2.636785e+00 7.837307e+02 8.060809e+02) (4.355205e-03 1.085661e+01 6.548466e+00)) ((-1.576568e+02 4.923152e-01 1.032353e-01) (-1.488835e-01 1.052715e-03 -1.496488e-03))
501.95        	((-2.625620e+00 7.782285e+02 7.996475e+02) (4.409145e-03 1.081455e+01 6.523244e+00)) ((-1.566792e+02 4.918007e-01 1.052715e-01) (-1.515488e-01 1.086451e-03 -1.531180e-03))
501.96        	((-2.612831e+00 7.728779e+02 7.933237e+02) (4.456071e-03 1.077421e+01 6.499392e+00)) ((-1.556801e+02 4.907537e-01 1.081510e-01) (-1.534770e-01 1.076051e-03 -1.518825e-03))
501.97        	((-2.600743e+00 7.674573e+02 7.869879e+02) (4.503386e-03 1.073224e+01 6.473993e+00)) ((-1.547163e+02 4.899497e-01 1.106356e-01) (-1.560047e-01 1.093989e-03 -1.538814e-03))
501.98        	((-2.588102e+00 7.621834e+02 7.807601e+02) (4.553719e-03 1.069196e+01 6.449961e+00)) ((-1.537324e+02 4.888893e-01 1.134953e-01) (-1.578043e-01 1.091082e-03 -1.535953e-03))
501.99        	((-2.576411e+00 7.568427e+02 7.745203e+02) (4.598130e-03 1.065007e+01 6.424391e+00)) ((-1.527831e+02 4.885500e-01 1.157087e-01) (-1.602009e-01 1.114181e-03 -1.561694e-03))
502           	((-2.564479e+00 7.516482e+02 7.683862e+02) (4.651178e-03 1.060988e+01 6.400183e+00)) ((-1.518133e+02 4.876425e-01 1.182851e-01) (-1.618602e-01 1.110737e-03 -1.558584e-03))
502.01        	((-2.552644e+00 7.463860e+02 7.622384e+02) (4.696568e-03 1.056807e+01 6.374425e+00)) ((-1.508785e+02 4.871598e-01 1.204792e-01) (-1.641011e-01 1.129338e-03 -1.579584e-03))
502.02        	((-2.539964e+00 7.412677e+02 7.561959e+02) (4.751468e-03 1.052793e+01 6.350010e+00)) ((-1.499242e+02 4.861929e-01 1.230113e-01) (-1.655892e-01 1.124951e-03 -1.575216e-03))
502.03        	((-2.527372e+00 7.360862e+02 7.501437e+02) (4.806330e-03 1.048617e+01 6.324040e+00)) ((-1.490033e+02 4.857826e-01 1.248461e-01) (-1.676602e-01 1.143140e-03 -1.599115e-03))
502.04        	((-2.514151e+00 7.310475e+02 7.441968e+02) (4.870413e-03 1.044611e+01 6.299451e+00)) ((-1.480626e+02 4.847724e-01 1.270411e-01) (-1.689933e-01 1.136532e-03 -1.595462e-03))
502.05        	((-2.501235e+00 7.259449e+02 7.382374e+02) (4.923688e-03 1.040445e+01 6.273323e+00)) ((-1.471555e+02 4.842141e-01 1.287449e-01) (-1.709345e-01 1.152087e-03 -1.612931e-03))
502.06        	((-2.488286e+00 7.209834e+02 7.323807e+02) (4.979238e-03 1.036451e+01 6.248612e+00)) ((-1.462285e+02 4.831252e-01 1.307475e-01) (-1.721464e-01 1.142441e-03 -1.603949e-03))
502.07        	((-2.476034e+00 7.159567e+02 7.265105e+02) (5.027473e-03 1.032297e+01 6.222366e+00)) ((-1.453358e+02 4.826151e-01 1.322740e-01) (-1.739697e-01 1.157257e-03 -1.624025e-03))
502.08        	((-2.463842e+00 7.110707e+02 7.207443e+02) (5.083151e-03 1.028315e+01 6.197549e+00)) ((-1.444232e+02 4.815142e-01 1.340126e-01) (-1.750596e-01 1.146248e-03 -1.617764e-03))
502.09        	((-2.452060e+00 7.061215e+02 7.149657e+02) (5.134535e-03 1.024175e+01 6.171219e+00)) ((-1.435442e+02 4.808976e-01 1.353597e-01) (-1.767699e-01 1.159966e-03 -1.638151e-03))
502.1         	((-2.440091e+00 7.013115e+02 7.092894e+02) (5.189810e-03 1.020212e+01 6.146362e+00)) ((-1.426455e+02 4.797389e-01 1.369302e-01) (-1.777600e-01 1.151111e-03 -1.632474e-03))
502.11        	((-2.428412e+00 6.964399e+02 7.036008e+02) (5.248556e-03 1.016097e+01 6.120039e+00)) ((-1.417796e+02 4.786464e-01 1.384653e-01) (-1.793720e-01 1.148742e-03 -1.639869e-03))
502.12        	((-2.416634e+00 6.917045e+02 6.980123e+02) (5.297190e-03 1.012146e+01 6.095070e+00)) ((-1.408944e+02 4.772534e-01 1.401123e-01) (-1.803258e-01 1.156171e-03 -1.648869e-03))
502.13        	((-2.405041e+00 6.869106e+02 6.924124e+02) (5.342729e-03 1.008054e+01 6.068732e+00)) ((-1.400430e+02 4.765072e-01 1.409864e-01) (-1.818665e-01 1.171764e-03 -1.671753e-03))
502.14        	((-2.393133e+00 6.822422e+02 6.869039e+02) (5.397237e-03 1.004125e+01 6.043729e+00)) ((-1.391711e+02 4.755132e-01 1.422174e-01) (-1.827661e-01 1.167747e-03 -1.670241e-03))
502.15        	((-2.381487e+00 6.775229e+02 6.813905e+02) (5.451020e-03 1.000060e+01 6.017411e+00)) ((-1.383316e+02 4.750570e-01 1.431758e-01) (-1.842104e-01 1.173324e-03 -1.683107e-03))
502.16        	((-2.369813e+00 6.729296e+02 6.759705e+02) (5.503760e-03 9.961466e+00 5.992335e+00)) ((-1.374729e+02 4.744263e-01 1.443946e-01) (-1.850236e-01 1.174251e-03 -1.686987e-03))
502.17        	((-2.358311e+00 6.682876e+02 6.705463e+02) (5.555765e-03 9.920997e+00 5.965973e+00)) ((-1.366467e+02 4.740559e-01 1.453149e-01) (-1.863669e-01 1.180731e-03 -1.702013e-03))
502.18        	((-2.346832e+00 6.637662e+02 6.652111e+02) (5.609682e-03 9.881977e+00 5.940786e+00)) ((-1.358022e+02 4.729087e-01 1.467042e-01) (-1.871296e-01 1.178735e-03 -1.704502e-03))
502.19        	((-2.335498e+00 6.591961e+02 6.598698e+02) (5.661671e-03 9.841715e+00 5.914396e+00)) ((-1.349893e+02 4.719507e-01 1.477623e-01) (-1.883946e-01 1.185965e-03 -1.720474e-03))
502.2         	((-2.323668e+00 6.547432e+02 6.546153e+02) (5.713601e-03 9.802851e+00 5.889135e+00)) ((-1.341583e+02 4.707172e-01 1.491234e-01) (-1.890822e-01 1.185037e-03 -1.723782e-03))
502.21        	((-2.311675e+00 6.502455e+02 6.493573e+02) (5.762674e-03 9.762816e+00 5.862734e+00)) ((-1.333573e+02 4.700209e-01 1.500852e-01) (-1.902180e-01 1.192404e-03 -1.737424e-03))
502.22        	((-2.299332e+00 6.458611e+02 6.441843e+02) (5.813221e-03 9.724088e+00 5.837387e+00)) ((-1.325392e+02 4.691348e-01 1.512518e-01) (-1.907757e-01 1.192286e-03 -1.740098e-03))
502.23        	((-2.286972e+00 6.414356e+02 6.390098e+02) (5.863998e-03 9.684272e+00 5.810985e+00)) ((-1.317503e+02 4.686004e-01 1.520860e-01) (-1.917490e-01 1.197661e-03 -1.752855e-03))
502.24        	((-2.274479e+00 6.371184e+02 6.339161e+02) (5.917028e-03 9.645731e+00 5.785612e+00)) ((-1.309459e+02 4.677874e-01 1.532819e-01) (-1.921972e-01 1.195834e-03 -1.754837e-03))
502.25        	((-2.262195e+00 6.327632e+02 6.288214e+02) (5.968397e-03 9.606194e+00 5.759266e+00)) ((-1.301695e+02 4.673503e-01 1.542238e-01) (-1.930513e-01 1.200133e-03 -1.766658e-03))
502.26        	((-2.249881e+00 6.285116e+02 6.238051e+02) (6.023113e-03 9.567865e+00 5.733891e+00)) ((-1.293784e+02 4.666099e-01 1.555683e-01) (-1.934296e-01 1.199212e-03 -1.769466e-03))
502.27        	((-2.237864e+00 6.242259e+02 6.187902e+02) (6.078500e-03 9.528603e+00 5.707595e+00)) ((-1.286137e+02 4.662038e-01 1.567109e-01) (-1.941911e-01 1.204999e-03 -1.783994e-03))
502.28        	((-2.225709e+00 6.200401e+02 6.138525e+02) (6.135783e-03 9.490480e+00 5.682204e+00)) ((-1.278353e+02 4.653514e-01 1.581595e-01) (-1.945069e-01 1.204179e-03 -1.789087e-03))
502.29        	((-2.213224e+00 6.158232e+02 6.089166e+02) (6.192883e-03 9.451511e+00 5.655981e+00)) ((-1.270828e+02 4.646473e-01 1.591923e-01) (-1.951803e-01 1.206625e-03 -1.801619e-03))
502.3         	((-2.200711e+00 6.116992e+02 6.040549e+02) (6.252032e-03 9.413629e+00 5.630615e+00)) ((-1.263161e+02 4.636421e-01 1.604421e-01) (-1.954384e-01 1.206583e-03 -1.809020e-03))
502.31        	((-2.188787e+00 6.075537e+02 5.992016e+02) (6.313971e-03 9.374958e+00 5.604477e+00)) ((-1.255753e+02 4.628325e-01 1.614928e-01) (-1.960303e-01 1.205701e-03 -1.821514e-03))
502.32        	((-2.177302e+00 6.034964e+02 5.944160e+02) (6.375389e-03 9.337289e+00 5.579122e+00)) ((-1.248222e+02 4.620428e-01 1.626157e-01) (-1.962229e-01 1.208505e-03 -1.834893e-03))
502.33        	((-2.165786e+00 5.994074e+02 5.896278e+02) (6.437936e-03 9.298914e+00 5.553074e+00)) ((-1.240922e+02 4.612804e-01 1.637091e-01) (-1.967086e-01 1.208247e-03 -1.846834e-03))
502.34        	((-2.153714e+00 5.954136e+02 5.849144e+02) (6.486539e-03 9.261480e+00 5.527750e+00)) ((-1.233517e+02 4.604611e-01 1.646098e-01) (-1.968296e-01 1.213877e-03 -1.852982e-03))
502.35        	((-2.141650e+00 5.913954e+02 5.802045e+02) (6.533288e-03 9.223437e+00 5.501813e+00)) ((-1.226333e+02 4.595558e-01 1.655391e-01) (-1.971988e-01 1.213477e-03 -1.853726e-03))
502.36        	((-2.130309e+00 5.874576e+02 5.755599e+02) (6.576870e-03 9.186255e+00 5.476527e+00)) ((-1.219046e+02 4.587065e-01 1.662521e-01) (-1.972388e-01 1.219496e-03 -1.859432e-03))
502.37        	((-2.119449e+00 5.835019e+02 5.709221e+02) (6.630689e-03 9.148549e+00 5.450710e+00)) ((-1.211965e+02 4.577833e-01 1.670367e-01) (-1.975090e-01 1.218034e-03 -1.865869e-03))
502.38        	((-2.109109e+00 5.796221e+02 5.663482e+02) (6.682958e-03 9.111624e+00 5.425481e+00)) ((-1.204783e+02 4.569911e-01 1.674161e-01) (-1.974930e-01 1.222996e-03 -1.877423e-03))
502.39        	((-2.098474e+00 5.757377e+02 5.617908e+02) (6.741048e-03 9.074291e+00 5.399829e+00)) ((-1.197814e+02 4.559748e-01 1.680527e-01) (-1.976776e-01 1.221024e-03 -1.885354e-03))
502.4         	((-2.087818e+00 5.719213e+02 5.572878e+02) (6.787571e-03 9.037680e+00 5.374716e+00)) ((-1.190777e+02 4.552179e-01 1.682912e-01) (-1.976204e-01 1.225338e-03 -1.891644e-03))
502.41        	((-2.077286e+00 5.680935e+02 5.527910e+02) (6.835250e-03 9.000758e+00 5.349265e+00)) ((-1.183916e+02 4.542825e-01 1.687969e-01) (-1.977389e-01 1.221416e-03 -1.890837e-03))
502.42        	((-2.067159e+00 5.643279e+02 5.483475e+02) (6.874650e-03 8.964464e+00 5.324268e+00)) ((-1.176995e+02 4.536575e-01 1.688890e-01) (-1.976614e-01 1.224791e-03 -1.894017e-03))
502.43        	((-2.057036e+00 5.605614e+02 5.439212e+02) (6.921261e-03 8.927949e+00 5.299011e+00)) ((-1.170222e+02 4.526600e-01 1.693659e-01) (-1.977245e-01 1.219956e-03 -1.894290e-03))
502.44        	((-2.046490e+00 5.568540e+02 5.395497e+02) (6.962941e-03 8.891961e+00 5.274122e+00)) ((-1.163403e+02 4.518191e-01 1.693808e-01) (-1.976293e-01 1.223209e-03 -1.900126e-03))
502.45        	((-2.035476e+00 5.531495e+02 5.351974e+02) (7.012107e-03 8.855822e+00 5.249035e+00)) ((-1.156712e+02 4.506234e-01 1.700133e-01) (-1.976406e-01 1.220002e-03 -1.902127e-03))
502.46        	((-2.024691e+00 5.495021e+02 5.308959e+02) (7.054539e-03 8.820101e+00 5.224222e+00)) ((-1.150025e+02 4.498648e-01 1.701926e-01) (-1.975387e-01 1.225797e-03 -1.910159e-03))
502.47        	((-2.014007e+00 5.458608e+02 5.266098e+02) (7.102184e-03 8.784324e+00 5.199293e+00)) ((-1.143455e+02 4.488373e-01 1.709544e-01) (-1.975135e-01 1.222353e-03 -1.910700e-03))
502.48        	((-2.003323e+00 5.422584e+02 5.223596e+02) (7.141120e-03 8.748897e+00 5.174571e+00)) ((-1.136889e+02 4.482886e-01 1.710627e-01) (-1.974040e-01 1.228772e-03 -1.917698e-03))
502.49        	((-1.991947e+00 5.386717e+02 5.181341e+02) (7.186311e-03 8.713492e+00 5.149809e+00)) ((-1.130404e+02 4.472592e-01 1.716733e-01) (-1.973323e-01 1.225275e-03 -1.917032e-03))
502.5         	((-1.980390e+00 5.351222e+02 5.139490e+02) (7.224382e-03 8.678359e+00 5.125193e+00)) ((-1.123935e+02 4.466763e-01 1.716064e-01) (-1.972083e-01 1.231164e-03 -1.923069e-03))
502.51        	((-1.968485e+00 5.315984e+02 5.097966e+02) (7.269371e-03 8.643346e+00 5.100622e+00)) ((-1.117526e+02 4.455595e-01 1.722420e-01) (-1.970912e-01 1.227521e-03 -1.921492e-03))
502.52        	((-1.956862e+00 5.281043e+02 5.056778e+02) (7.308587e-03 8.608531e+00 5.076131e+00)) ((-1.111162e+02 4.446897e-01 1.724780e-01) (-1.969570e-01 1.229999e-03 -1.924617e-03))
502.53        	((-1.945411e+00 5.246383e+02 5.015897e+02) (7.352175e-03 8.573910e+00 5.051749e+00)) ((-1.104848e+02 4.436447e-01 1.728939e-01) (-1.967987e-01 1.230287e-03 -1.925516e-03))
502.54        	((-1.934373e+00 5.211964e+02 4.975313e+02) (7.395551e-03 8.539444e+00 5.027428e+00)) ((-1.098585e+02 4.426525e-01 1.733258e-01) (-1.966391e-01 1.229904e-03 -1.926464e-03))
502.55        	((-1.923556e+00 5.177800e+02 4.935023e+02) (7.439358e-03 8.505154e+00 5.003190e+00)) ((-1.092370e+02 4.417941e-01 1.735941e-01) (-1.964717e-01 1.231994e-03 -1.929857e-03))
502.56        	((-1.912250e+00 5.143901e+02 4.895026e+02) (7.483862e-03 8.471046e+00 4.979039e+00)) ((-1.086203e+02 4.409552e-01 1.738297e-01) (-1.962953e-01 1.233049e-03 -1.932848e-03))
502.57        	((-1.900551e+00 5.110271e+02 4.855325e+02) (7.528000e-03 8.437104e+00 4.954963e+00)) ((-1.080084e+02 4.401372e-01 1.739669e-01) (-1.961114e-01 1.234918e-03 -1.937400e-03))
502.58        	((-1.889229e+00 5.076911e+02 4.815930e+02) (7.571120e-03 8.403339e+00 4.930973e+00)) ((-1.074010e+02 4.394059e-01 1.740519e-01) (-1.959178e-01 1.236740e-03 -1.941977e-03))
502.59        	((-1.878581e+00 5.043809e+02 4.776835e+02) (7.615718e-03 8.369757e+00 4.907074e+00)) ((-1.067980e+02 4.387316e-01 1.741797e-01) (-1.957167e-01 1.237388e-03 -1.946585e-03))
502.6         	((-1.868444e+00 5.010955e+02 4.738026e+02) (7.659277e-03 8.336351e+00 4.883262e+00)) ((-1.061995e+02 4.380549e-01 1.743363e-01) (-1.955066e-01 1.238833e-03 -1.952907e-03))
502.61        	((-1.858573e+00 4.978350e+02 4.699492e+02) (7.702470e-03 8.303115e+00 4.859530e+00)) ((-1.056058e+02 4.373012e-01 1.744765e-01) (-1.952878e-01 1.239806e-03 -1.957971e-03))
502.62        	((-1.848942e+00 4.945995e+02 4.661226e+02) (7.745774e-03 8.270048e+00 4.835876e+00)) ((-1.050167e+02 4.364238e-01 1.746045e-01) (-1.950577e-01 1.241365e-03 -1.962637e-03))
502.63        	((-1.839048e+00 4.913891e+02 4.623231e+02) (7.791691e-03 8.237148e+00 4.812295e+00)) ((-1.044321e+02 4.354762e-01 1.747131e-01) (-1.948086e-01 1.241783e-03 -1.967815e-03))
502.64        	((-1.828763e+00 4.882029e+02 4.585522e+02) (7.839955e-03 8.204425e+00 4.788794e+00)) ((-1.038522e+02 4.345387e-01 1.748055e-01) (-1.945399e-01 1.242219e-03 -1.974872e-03))
502.65        	((-1.818381e+00 4.850413e+02 4.548108e+02) (7.885692e-03 8.171878e+00 4.765375e+00)) ((-1.032761e+02 4.336172e-01 1.747321e-01) (-1.942537e-01 1.242649e-03 -1.981095e-03))
502.66        	((-1.808150e+00 4.819041e+02 4.510982e+02) (7.931730e-03 8.139506e+00 4.742041e+00)) ((-1.027037e+02 4.327257e-01 1.746059e-01) (-1.939549e-01 1.243095e-03 -1.989073e-03))
502.67        	((-1.797992e+00 4.787911e+02 4.474130e+02) (7.977372e-03 8.107308e+00 4.718792e+00)) ((-1.021352e+02 4.318348e-01 1.745590e-01) (-1.936474e-01 1.243669e-03 -1.996906e-03))
502.68        	((-1.787676e+00 4.757021e+02 4.437544e+02) (8.020902e-03 8.075279e+00 4.695624e+00)) ((-1.015709e+02 4.309279e-01 1.746216e-01) (-1.933327e-01 1.245215e-03 -2.004035e-03))
502.69        	((-1.777129e+00 4.726368e+02 4.401223e+02) (8.064146e-03 8.043415e+00 4.672533e+00)) ((-1.010110e+02 4.300139e-01 1.748558e-01) (-1.930102e-01 1.246125e-03 -2.007819e-03))
502.7         	((-1.766642e+00 4.695947e+02 4.365162e+02) (8.101579e-03 8.011713e+00 4.649520e+00)) ((-1.004555e+02 4.294445e-01 1.749008e-01) (-1.926811e-01 1.249564e-03 -2.013337e-03))
502.71        	((-1.756619e+00 4.665761e+02 4.329367e+02) (8.138250e-03 7.980181e+00 4.626590e+00)) ((-9.990421e+01 4.287068e-01 1.752414e-01) (-1.923444e-01 1.250481e-03 -2.014617e-03))
502.72        	((-1.747170e+00 4.635806e+02 4.293835e+02) (8.168485e-03 7.948811e+00 4.603739e+00)) ((-9.935691e+01 4.281532e-01 1.753049e-01) (-1.920059e-01 1.255028e-03 -2.018557e-03))
502.73        	((-1.737667e+00 4.606077e+02 4.258567e+02) (8.203817e-03 7.917602e+00 4.580975e+00)) ((-9.881355e+01 4.271433e-01 1.758257e-01) (-1.916651e-01 1.253863e-03 -2.015871e-03))
502.74        	((-1.727730e+00 4.576570e+02 4.223566e+02) (8.237785e-03 7.886560e+00 4.558297e+00)) ((-9.827402e+01 4.264310e-01 1.759572e-01) (-1.913212e-01 1.258227e-03 -2.019966e-03))
502.75        	((-1.717344e+00 4.547289e+02 4.188837e+02) (8.279423e-03 7.855697e+00 4.535711e+00)) ((-9.773801e+01 4.253866e-01 1.766748e-01) (-1.909668e-01 1.255193e-03 -2.017597e-03))
502.76        	((-1.706907e+00 4.518224e+02 4.154369e+02) (8.315100e-03 7.824994e+00 4.513205e+00)) ((-9.720593e+01 4.249846e-01 1.766784e-01) (-1.906060e-01 1.260858e-03 -2.024189e-03))
502.77        	((-1.696420e+00 4.489388e+02 4.120167e+02) (8.359052e-03 7.794472e+00 4.490792e+00)) ((-9.667743e+01 4.239460e-01 1.775270e-01) (-1.902287e-01 1.254815e-03 -2.020462e-03))
502.78        	((-1.686293e+00 4.460760e+02 4.086212e+02) (8.393402e-03 7.764099e+00 4.468451e+00)) ((-9.615329e+01 4.237786e-01 1.771470e-01) (-1.898467e-01 1.263873e-03 -2.031452e-03))
502.79        	((-1.676043e+00 4.432364e+02 4.052517e+02) (8.442208e-03 7.733921e+00 4.446216e+00)) ((-9.563272e+01 4.224633e-01 1.782287e-01) (-1.894529e-01 1.252108e-03 -2.023883e-03))
502.8         	((-1.666085e+00 4.404166e+02 4.019063e+02) (8.473878e-03 7.703890e+00 4.424055e+00)) ((-9.511653e+01 4.225603e-01 1.773589e-01) (-1.890672e-01 1.265639e-03 -2.041219e-03))
502.81        	((-1.655794e+00 4.376207e+02 3.985883e+02) (8.530159e-03 7.674074e+00 4.402017e+00)) ((-9.460313e+01 4.208005e-01 1.788574e-01) (-1.886699e-01 1.246553e-03 -2.026892e-03))
502.82        	((-1.646118e+00 4.348433e+02 3.952942e+02) (8.555620e-03 7.644388e+00 4.380040e+00)) ((-9.409403e+01 4.213928e-01 1.772081e-01) (-1.882874e-01 1.270159e-03 -2.055293e-03))
502.83        	((-1.636756e+00 4.320888e+02 3.920278e+02) (8.621691e-03 7.614933e+00 4.358196e+00)) ((-9.358663e+01 4.190255e-01 1.794976e-01) (-1.878845e-01 1.239920e-03 -2.030800e-03))
502.84        	((-1.628545e+00 4.293552e+02 3.887869e+02) (8.634974e-03 7.585564e+00 4.336384e+00)) ((-9.308532e+01 4.204864e-01 1.767926e-01) (-1.875094e-01 1.279173e-03 -2.076898e-03))
502.85        	((-1.619487e+00 4.266436e+02 3.855704e+02) (8.713997e-03 7.556468e+00 4.314737e+00)) ((-9.258531e+01 4.171719e-01 1.803071e-01) (-1.870989e-01 1.229123e-03 -2.033492e-03))
502.86        	((-1.611048e+00 4.239475e+02 3.823736e+02) (8.702213e-03 7.527396e+00 4.293078e+00)) ((-9.209213e+01 4.199676e-01 1.757608e-01) (-1.867378e-01 1.298097e-03 -2.109190e-03))
502.87        	((-1.601104e+00 4.212767e+02 3.792036e+02) (8.809143e-03 7.498689e+00 4.271648e+00)) ((-9.159864e+01 4.150316e-01 1.812807e-01) (-1.863138e-01 1.212206e-03 -2.027326e-03))
502.88        	((-1.592872e+00 4.186176e+02 3.760513e+02) (8.744094e-03 7.469833e+00 4.250094e+00)) ((-9.111331e+01 4.204779e-01 1.736367e-01) (-1.859925e-01 1.348691e-03 -2.177744e-03))
502.89        	((-1.583618e+00 4.159882e+02 3.729303e+02) (8.905027e-03 7.441569e+00 4.228918e+00)) ((-9.062625e+01 4.137158e-01 1.814600e-01) (-1.855364e-01 1.189757e-03 -2.014998e-03))
502.9         	((-1.577101e+00 4.133654e+02 3.698235e+02) (8.754233e-03 7.412823e+00 4.207375e+00)) ((-9.014816e+01 4.221025e-01 1.701970e-01) (-1.852920e-01 1.457506e-03 -2.304936e-03))
502.91        	((-1.568400e+00 4.107757e+02 3.667501e+02) (9.012708e-03 7.385081e+00 4.186509e+00)) ((-8.967065e+01 4.138204e-01 1.790772e-01) (-1.847762e-01 1.153476e-03 -1.975657e-03))
502.92        	((-1.562152e+00 4.081942e+02 3.636896e+02) (8.899721e-03 7.356997e+00 4.165367e+00)) ((-8.919818e+01 4.229718e-01 1.669533e-01) (-1.844279e-01 1.383527e-03 -2.220867e-03))
502.93        	((-1.552771e+00 4.056418e+02 3.606580e+02) (9.179848e-03 7.329214e+00 4.144438e+00)) ((-8.872752e+01 4.097660e-01 1.824001e-01) (-1.840339e-01 1.030189e-03 -1.841666e-03))
502.94        	((-1.543503e+00 4.031029e+02 3.576435e+02) (8.969269e-03 7.301671e+00 4.123701e+00)) ((-8.826023e+01 4.197785e-01 1.705571e-01) (-1.836009e-01 1.335423e-03 -2.211616e-03))
502.95        	((-1.533793e+00 4.005919e+02 3.546666e+02) (9.231901e-03 7.274214e+00 4.102896e+00)) ((-8.779290e+01 4.029107e-01 1.890228e-01) (-1.832293e-01 1.033313e-03 -1.866406e-03))
502.96        	((-1.524936e+00 3.980921e+02 3.517031e+02) (8.997618e-03 7.246838e+00 4.082223e+00)) ((-8.733184e+01 4.142131e-01 1.733081e-01) (-1.828536e-01 1.409005e-03 -2.324291e-03))
502.97        	((-1.516974e+00 3.956166e+02 3.487626e+02) (9.301625e-03 7.219846e+00 4.061736e+00)) ((-8.687223e+01 3.970675e-01 1.906874e-01) (-1.824314e-01 1.077950e-03 -1.912123e-03))
502.98        	((-1.506380e+00 3.931574e+02 3.458372e+02) (9.068068e-03 7.192822e+00 4.041235e+00)) ((-8.641848e+01 4.145449e-01 1.702367e-01) (-1.820602e-01 1.421185e-03 -2.353767e-03))
502.99        	((-1.499545e+00 3.907147e+02 3.429336e+02) (9.380332e-03 7.165995e+00 4.020839e+00)) ((-8.596819e+01 3.995746e-01 1.869492e-01) (-1.816863e-01 1.048715e-03 -1.873110e-03))
503           	((-1.489493e+00 3.882951e+02 3.400542e+02) (9.131871e-03 7.139445e+00 4.000609e+00)) ((-8.551974e+01 4.172054e-01 1.669135e-01) (-1.812774e-01 1.403753e-03 -2.336772e-03))
503.01        	((-1.484228e+00 3.858886e+02 3.371926e+02) (9.432122e-03 7.112901e+00 3.980367e+00)) ((-8.507600e+01 3.993949e-01 1.852788e-01) (-1.809159e-01 1.041577e-03 -1.862669e-03))
503.02        	((-1.473603e+00 3.835056e+02 3.343553e+02) (9.202541e-03 7.086733e+00 3.960357e+00)) ((-8.463359e+01 4.127593e-01 1.690993e-01) (-1.804918e-01 1.381192e-03 -2.311724e-03))
503.03        	((-1.467232e+00 3.811347e+02 3.315341e+02) (9.476824e-03 7.060519e+00 3.940301e+00)) ((-8.419613e+01 3.946726e-01 1.872109e-01) (-1.801299e-01 1.062998e-03 -1.886697e-03))
503.04        	((-1.454750e+00 3.787851e+02 3.287369e+02) (9.270267e-03 7.034655e+00 3.920459e+00)) ((-8.375901e+01 4.078666e-01 1.715976e-01) (-1.797124e-01 1.372273e-03 -2.300295e-03))
503.05        	((-1.447511e+00 3.764520e+02 3.259614e+02) (9.523759e-03 7.008750e+00 3.900577e+00)) ((-8.332749e+01 3.927617e-01 1.867906e-01) (-1.793543e-01 1.088728e-03 -1.917221e-03))
503.06        	((-1.435079e+00 3.741389e+02 3.232065e+02) (9.338458e-03 6.983181e+00 3.880901e+00)) ((-8.289732e+01 4.065737e-01 1.711261e-01) (-1.789432e-01 1.363973e-03 -2.292720e-03))
503.07        	((-1.429088e+00 3.718353e+02 3.204647e+02) (9.573252e-03 6.957590e+00 3.861200e+00)) ((-8.247230e+01 3.932264e-01 1.844324e-01) (-1.785848e-01 1.108202e-03 -1.945904e-03))
503.08        	((-1.417685e+00 3.695528e+02 3.177445e+02) (9.412074e-03 6.932341e+00 3.841708e+00)) ((-8.204842e+01 4.051822e-01 1.708606e-01) (-1.781731e-01 1.342273e-03 -2.271492e-03))
503.09        	((-1.412087e+00 3.672826e+02 3.150412e+02) (9.620325e-03 6.907077e+00 3.822197e+00)) ((-8.162905e+01 3.930585e-01 1.824516e-01) (-1.778121e-01 1.142000e-03 -1.995450e-03))
503.1         	((-1.400263e+00 3.650345e+02 3.123632e+02) (9.493121e-03 6.882098e+00 3.802852e+00)) ((-8.121079e+01 4.022538e-01 1.720017e-01) (-1.774150e-01 1.318470e-03 -2.250115e-03))
503.11        	((-1.393961e+00 3.627986e+02 3.097009e+02) (9.674897e-03 6.857129e+00 3.783505e+00)) ((-8.079724e+01 3.918507e-01 1.816768e-01) (-1.770603e-01 1.162538e-03 -2.030562e-03))
503.12        	((-1.382229e+00 3.605833e+02 3.070607e+02) (9.579661e-03 6.832442e+00 3.764322e+00)) ((-8.038517e+01 3.991585e-01 1.736544e-01) (-1.766702e-01 1.295045e-03 -2.231149e-03))
503.13        	((-1.376402e+00 3.583787e+02 3.044344e+02) (9.731059e-03 6.807771e+00 3.745143e+00)) ((-7.997786e+01 3.912143e-01 1.807585e-01) (-1.763191e-01 1.185020e-03 -2.068539e-03))
503.14        	((-1.365240e+00 3.561938e+02 3.018307e+02) (9.663334e-03 6.783367e+00 3.726114e+00)) ((-7.957163e+01 3.965394e-01 1.752254e-01) (-1.759371e-01 1.272961e-03 -2.211044e-03))
503.15        	((-1.358994e+00 3.540201e+02 2.992421e+02) (9.781725e-03 6.758992e+00 3.707102e+00)) ((-7.916961e+01 3.908222e-01 1.799916e-01) (-1.755887e-01 1.205503e-03 -2.098506e-03))
503.16        	((-1.348311e+00 3.518661e+02 2.966766e+02) (9.744799e-03 6.734875e+00 3.688233e+00)) ((-7.876853e+01 3.940893e-01 1.770039e-01) (-1.752122e-01 1.253439e-03 -2.192059e-03))
503.17        	((-1.342597e+00 3.497248e+02 2.941274e+02) (9.833242e-03 6.710812e+00 3.669408e+00)) ((-7.837119e+01 3.897664e-01 1.802647e-01) (-1.748582e-01 1.214976e-03 -2.119244e-03))
503.18        	((-1.333190e+00 3.475999e+02 2.915998e+02) (9.817511e-03 6.686953e+00 3.650684e+00)) ((-7.797548e+01 3.915913e-01 1.784260e-01) (-1.744940e-01 1.246643e-03 -2.185108e-03))
503.19        	((-1.326916e+00 3.454887e+02 2.890891e+02) (9.893526e-03 6.663187e+00 3.632025e+00)) ((-7.758298e+01 3.880991e-01 1.808487e-01) (-1.741413e-01 1.221821e-03 -2.133650e-03))
503.2         	((-1.316812e+00 3.433934e+02 2.865983e+02) (9.884522e-03 6.639607e+00 3.613464e+00)) ((-7.719241e+01 3.896827e-01 1.793675e-01) (-1.737803e-01 1.241709e-03 -2.181084e-03))
503.21        	((-1.309712e+00 3.413112e+02 2.841231e+02) (9.954534e-03 6.616112e+00 3.594953e+00)) ((-7.680519e+01 3.871765e-01 1.810707e-01) (-1.734353e-01 1.229599e-03 -2.149127e-03))
503.22        	((-1.300053e+00 3.392457e+02 2.816675e+02) (9.957167e-03 6.592818e+00 3.576548e+00)) ((-7.641965e+01 3.879378e-01 1.806167e-01) (-1.730779e-01 1.232731e-03 -2.173295e-03))
503.23        	((-1.292711e+00 3.371926e+02 2.792265e+02) (1.000521e-02 6.569592e+00 3.558198e+00)) ((-7.603813e+01 3.865960e-01 1.812529e-01) (-1.727363e-01 1.237728e-03 -2.169686e-03))
503.24        	((-1.284207e+00 3.351541e+02 2.768041e+02) (1.002876e-02 6.546550e+00 3.539933e+00)) ((-7.565832e+01 3.855128e-01 1.820200e-01) (-1.723896e-01 1.225206e-03 -2.163127e-03))
503.25        	((-1.276589e+00 3.331302e+02 2.743989e+02) (1.005325e-02 6.523634e+00 3.521770e+00)) ((-7.528071e+01 3.845770e-01 1.820979e-01) (-1.720390e-01 1.231278e-03 -2.172205e-03))
503.26        	((-1.269215e+00 3.311187e+02 2.720120e+02) (1.009137e-02 6.500826e+00 3.503657e+00)) ((-7.490517e+01 3.832936e-01 1.823826e-01) (-1.716993e-01 1.236691e-03 -2.175983e-03))
503.27        	((-1.260229e+00 3.291210e+02 2.696440e+02) (1.012448e-02 6.478168e+00 3.485621e+00)) ((-7.453145e+01 3.824839e-01 1.830347e-01) (-1.713590e-01 1.232631e-03 -2.175738e-03))
503.28        	((-1.250784e+00 3.271380e+02 2.672934e+02) (1.015370e-02 6.455638e+00 3.467672e+00)) ((-7.416034e+01 3.821987e-01 1.834369e-01) (-1.710175e-01 1.234963e-03 -2.183793e-03))
503.29        	((-1.242121e+00 3.251671e+02 2.649568e+02) (1.018841e-02 6.433221e+00 3.449784e+00)) ((-7.379216e+01 3.816421e-01 1.839370e-01) (-1.706837e-01 1.238605e-03 -2.189206e-03))
503.3         	((-1.234321e+00 3.232093e+02 2.626361e+02) (1.022144e-02 6.410935e+00 3.431965e+00)) ((-7.342625e+01 3.810270e-01 1.846709e-01) (-1.703525e-01 1.236619e-03 -2.191498e-03))
503.31        	((-1.226937e+00 3.212650e+02 2.603301e+02) (1.025282e-02 6.388778e+00 3.414227e+00)) ((-7.306242e+01 3.805298e-01 1.852548e-01) (-1.700213e-01 1.237029e-03 -2.198356e-03))
503.32        	((-1.219691e+00 3.193345e+02 2.580420e+02) (1.028429e-02 6.366735e+00 3.396557e+00)) ((-7.270047e+01 3.798248e-01 1.858121e-01) (-1.696947e-01 1.239394e-03 -2.203332e-03))
503.33        	((-1.211934e+00 3.174173e+02 2.557717e+02) (1.031234e-02 6.344816e+00 3.378957e+00)) ((-7.234032e+01 3.790182e-01 1.864490e-01) (-1.693709e-01 1.239862e-03 -2.203215e-03))
503.34        	((-1.203796e+00 3.155129e+02 2.535179e+02) (1.033932e-02 6.323023e+00 3.361431e+00)) ((-7.198220e+01 3.783069e-01 1.871448e-01) (-1.690484e-01 1.240763e-03 -2.202958e-03))
503.35        	((-1.196175e+00 3.136214e+02 2.512809e+02) (1.036769e-02 6.301345e+00 3.343977e+00)) ((-7.162633e+01 3.776222e-01 1.880261e-01) (-1.687285e-01 1.242168e-03 -2.201814e-03))
503.36        	((-1.188531e+00 3.117421e+02 2.490585e+02) (1.039637e-02 6.279792e+00 3.326592e+00)) ((-7.127269e+01 3.769485e-01 1.890114e-01) (-1.684125e-01 1.242330e-03 -2.200493e-03))
503.37        	((-1.180699e+00 3.098773e+02 2.468550e+02) (1.042428e-02 6.258360e+00 3.309276e+00)) ((-7.092041e+01 3.762799e-01 1.898693e-01) (-1.680987e-01 1.243019e-03 -2.201132e-03))
503.38        	((-1.172643e+00 3.080254e+02 2.446683e+02) (1.045021e-02 6.237052e+00 3.292029e+00)) ((-7.057007e+01 3.756009e-01 1.904614e-01) (-1.677897e-01 1.244179e-03 -2.202280e-03))
503.39        	((-1.165097e+00 3.061862e+02 2.424966e+02) (1.046826e-02 6.215867e+00 3.274850e+00)) ((-7.022173e+01 3.749660e-01 1.909190e-01) (-1.674850e-01 1.245711e-03 -2.200307e-03))
503.4         	((-1.157237e+00 3.043597e+02 2.403423e+02) (1.048607e-02 6.194804e+00 3.257739e+00)) ((-6.987515e+01 3.744544e-01 1.912095e-01) (-1.671831e-01 1.248300e-03 -2.199586e-03))
503.41        	((-1.148668e+00 3.025446e+02 2.382024e+02) (1.050590e-02 6.173860e+00 3.240696e+00)) ((-6.953080e+01 3.740487e-01 1.916544e-01) (-1.668835e-01 1.251522e-03 -2.200434e-03))
503.42        	((-1.139194e+00 3.007409e+02 2.360789e+02) (1.052546e-02 6.153038e+00 3.223722e+00)) ((-6.918856e+01 3.737358e-01 1.922464e-01) (-1.665866e-01 1.254940e-03 -2.203046e-03))
503.43        	((-1.129272e+00 2.989478e+02 2.339681e+02) (1.054276e-02 6.132339e+00 3.206819e+00)) ((-6.884877e+01 3.735304e-01 1.928502e-01) (-1.662919e-01 1.258803e-03 -2.208108e-03))
503.44        	((-1.118958e+00 2.971666e+02 2.318753e+02) (1.055872e-02 6.111767e+00 3.189989e+00)) ((-6.851059e+01 3.733362e-01 1.935990e-01) (-1.659984e-01 1.261967e-03 -2.214447e-03))
503.45        	((-1.109478e+00 2.953962e+02 2.297951e+02) (1.057362e-02 6.091328e+00 3.173236e+00)) ((-6.817437e+01 3.731907e-01 1.945474e-01) (-1.657053e-01 1.264358e-03 -2.221590e-03))
503.46        	((-1.099764e+00 2.936376e+02 2.277348e+02) (1.058658e-02 6.071017e+00 3.156559e+00)) ((-6.783881e+01 3.731058e-01 1.956386e-01) (-1.654147e-01 1.267293e-03 -2.230302e-03))
503.47        	((-1.089166e+00 2.918910e+02 2.256888e+02) (1.059827e-02 6.050827e+00 3.139951e+00)) ((-6.750569e+01 3.731332e-01 1.966504e-01) (-1.651278e-01 1.271995e-03 -2.241163e-03))
503.48        	((-1.079194e+00 2.901486e+02 2.236432e+02) (1.060864e-02 6.030737e+00 3.123402e+00)) ((-6.717560e+01 3.736452e-01 1.972552e-01) (-1.648412e-01 1.279613e-03 -2.253109e-03))
503.49        	((-1.068415e+00 2.884354e+02 2.216505e+02) (1.061750e-02 6.010771e+00 3.106924e+00)) ((-6.683923e+01 3.744857e-01 1.978820e-01) (-1.645576e-01 1.288377e-03 -2.263175e-03))
503.5         	((-1.057815e+00 2.866975e+02 2.196023e+02) (1.062811e-02 5.990906e+00 3.090505e+00)) ((-6.652022e+01 3.757507e-01 1.985088e-01) (-1.642759e-01 1.296992e-03 -2.272811e-03))
503.51        	((-1.047233e+00 2.850180e+02 2.176603e+02) (1.064053e-02 5.971127e+00 3.074137e+00)) ((-6.618192e+01 3.771323e-01 1.992050e-01) (-1.639942e-01 1.305112e-03 -2.281715e-03))
503.52        	((-1.036884e+00 2.832797e+02 2.156036e+02) (1.065091e-02 5.951470e+00 3.057843e+00)) ((-6.587480e+01 3.786416e-01 1.997672e-01) (-1.637107e-01 1.306848e-03 -2.281051e-03))
503.53        	((-1.027796e+00 2.816476e+02 2.137442e+02) (1.066367e-02 5.931826e+00 3.041558e+00)) ((-6.552705e+01 3.802193e-01 2.002244e-01) (-1.634275e-01 1.312064e-03 -2.279918e-03))
503.54        	((-1.017689e+00 2.798963e+02 2.116562e+02) (1.068182e-02 5.912297e+00 3.025338e+00)) ((-6.523559e+01 3.820467e-01 2.004012e-01) (-1.631406e-01 1.311695e-03 -2.274100e-03))
503.55        	((-1.007847e+00 2.783281e+02 2.099219e+02) (1.070393e-02 5.892645e+00 3.009065e+00)) ((-6.486949e+01 3.837524e-01 2.005699e-01) (-1.628443e-01 1.313486e-03 -2.272105e-03))
503.56        	((-9.961077e-01 2.765413e+02 2.077674e+02) (1.072738e-02 5.873003e+00 2.992837e+00)) ((-6.460271e+01 3.858363e-01 2.003279e-01) (-1.625200e-01 1.311463e-03 -2.265157e-03))
503.57        	((-9.860983e-01 2.750656e+02 2.062465e+02) (1.075814e-02 5.853068e+00 2.976437e+00)) ((-6.420361e+01 3.876469e-01 2.002171e-01) (-1.621834e-01 1.312021e-03 -2.263826e-03))
503.58        	((-9.756219e-01 2.732121e+02 2.039767e+02) (1.078610e-02 5.833024e+00 2.960032e+00)) ((-6.397589e+01 3.900697e-01 1.996551e-01) (-1.617950e-01 1.310467e-03 -2.257517e-03))
503.59        	((-9.710061e-01 2.718687e+02 2.027271e+02) (1.082647e-02 5.812250e+00 2.943233e+00)) ((-6.353376e+01 3.918704e-01 1.994360e-01) (-1.613874e-01 1.308918e-03 -2.250476e-03))
503.6         	((-9.623951e-01 2.699006e+02 2.002925e+02) (1.088274e-02 5.791238e+00 2.926401e+00)) ((-6.335792e+01 3.940804e-01 1.979193e-01) (-1.608969e-01 1.287819e-03 -2.221675e-03))
503.61        	((-9.591868e-01 2.688097e+02 1.997716e+02) (1.092125e-02 5.768903e+00 2.908888e+00)) ((-6.278084e+01 3.946665e-01 1.979886e-01) (-1.603637e-01 1.286690e-03 -2.212274e-03))
503.62        	((-9.687328e-01 2.668403e+02 1.977404e+02) (1.093279e-02 5.746022e+00 2.891388e+00)) ((-6.257256e+01 3.962647e-01 1.991834e-01) (-1.597363e-01 1.252056e-03 -2.203550e-03))
503.63        	((-9.580833e-01 2.662639e+02 1.981266e+02) (1.097820e-02 5.721083e+00 2.873040e+00)) ((-6.193733e+01 3.946266e-01 2.011002e-01) (-1.590988e-01 1.229460e-03 -2.248351e-03))
503.64        	((-9.682156e-01 2.641870e+02 1.962049e+02) (1.105759e-02 5.695002e+00 2.854217e+00)) ((-6.175464e+01 3.976251e-01 2.031099e-01) (-1.584897e-01 1.396891e-03 -2.401210e-03))
503.65        	((-9.157565e-01 2.630970e+02 1.945817e+02) (1.082990e-02 5.666802e+00 2.834471e+00)) ((-6.157825e+01 3.935732e-01 2.024818e-01) (-1.578901e-01 1.379380e-03 -2.301482e-03))
503.66        	((-9.383335e-01 2.607883e+02 1.924665e+02) (1.078992e-02 5.636890e+00 2.813739e+00)) ((-6.139957e+01 3.932036e-01 2.039245e-01) (-1.573296e-01 1.367159e-03 -2.292122e-03))
503.67        	((-8.729365e-01 2.594805e+02 1.904295e+02) (1.080695e-02 5.604652e+00 2.792012e+00)) ((-6.114982e+01 3.887350e-01 2.045016e-01) (-1.566820e-01 1.329557e-03 -2.302500e-03))
503.68        	((-9.219165e-01 2.575261e+02 1.896296e+02) (1.077058e-02 5.570292e+00 2.768818e+00)) ((-6.067286e+01 3.912319e-01 2.082322e-01) (-1.559237e-01 1.328581e-03 -2.287579e-03))
503.69        	((-8.219028e-01 2.559013e+02 1.868964e+02) (1.066331e-02 5.536226e+00 2.745334e+00)) ((-6.052065e+01 3.867074e-01 2.064013e-01) (-1.552205e-01 1.074587e-03 -2.131136e-03))
503.7         	((-9.018572e-01 2.541378e+02 1.862524e+02) (1.086915e-02 5.498796e+00 2.720022e+00)) ((-6.010810e+01 3.983576e-01 2.106687e-01) (-1.541833e-01 1.778687e-03 -2.624508e-03))
503.71        	((-7.833265e-01 2.527319e+02 1.838382e+02) (1.068451e-02 5.462430e+00 2.696188e+00)) ((-6.001380e+01 3.939367e-01 2.084531e-01) (-1.530717e-01 1.558118e-03 -2.351205e-03))
503.72        	((-8.448410e-01 2.513659e+02 1.839734e+02) (1.067515e-02 5.420030e+00 2.667969e+00)) ((-5.947572e+01 3.930846e-01 2.124184e-01) (-1.516541e-01 1.406626e-03 -2.228778e-03))
503.73        	((-6.410629e-01 2.495103e+02 1.810507e+02) (1.061649e-02 5.376488e+00 2.640043e+00)) ((-5.942178e+01 3.768492e-01 2.032919e-01) (-1.502493e-01 8.816883e-04 -1.997214e-03))
503.74        	((-7.549576e-01 2.478776e+02 1.799590e+02) (1.086809e-02 5.330117e+00 2.610006e+00)) ((-5.906405e+01 3.867098e-01 2.173743e-01) (-1.485478e-01 1.254107e-03 -2.340148e-03))
503.75        	((-6.169110e-01 2.464363e+02 1.777006e+02) (1.085137e-02 5.284256e+00 2.581183e+00)) ((-5.893266e+01 3.862788e-01 2.189390e-01) (-1.470962e-01 1.408296e-03 -2.398753e-03))
503.76        	((-7.469183e-01 2.454079e+02 1.788878e+02) (1.093173e-02 5.229697e+00 2.546027e+00)) ((-5.820763e+01 4.021461e-01 2.330097e-01) (-1.454506e-01 2.323309e-03 -2.807156e-03))
503.77        	((-5.582434e-01 2.439806e+02 1.773431e+02) (1.085045e-02 5.180379e+00 2.516591e+00)) ((-5.797276e+01 3.928248e-01 2.206800e-01) (-1.436397e-01 1.587587e-03 -2.266057e-03))
503.78        	((-6.819951e-01 2.425886e+02 1.767019e+02) (1.098052e-02 5.123397e+00 2.481915e+00)) ((-5.760197e+01 3.948023e-01 2.301146e-01) (-1.417694e-01 1.282642e-03 -2.110630e-03))
503.79        	((-5.062338e-01 2.412139e+02 1.741165e+02) (1.113971e-02 5.069751e+00 2.448930e+00)) ((-5.759243e+01 3.782941e-01 2.232010e-01) (-1.403057e-01 7.953818e-04 -1.974736e-03))
503.8         	((-6.407560e-01 2.402083e+02 1.750163e+02) (1.131160e-02 5.011299e+00 2.414217e+00)) ((-5.695606e+01 3.872774e-01 2.392016e-01) (-1.388996e-01 9.743544e-04 -2.192490e-03))
503.81        	((-4.441359e-01 2.387456e+02 1.732162e+02) (1.127578e-02 4.956333e+00 2.381820e+00)) ((-5.678918e+01 3.807855e-01 2.246106e-01) (-1.377268e-01 1.173213e-03 -2.270912e-03))
503.82        	((-6.007906e-01 2.375970e+02 1.727911e+02) (1.122541e-02 4.898245e+00 2.346953e+00)) ((-5.638519e+01 3.963374e-01 2.342226e-01) (-1.367015e-01 1.354616e-03 -2.276570e-03))
503.83        	((-4.465215e-01 2.364021e+02 1.704846e+02) (1.129785e-02 4.843201e+00 2.313068e+00)) ((-5.636752e+01 3.915717e-01 2.180924e-01) (-1.361701e-01 2.029412e-03 -2.558958e-03))
503.84        	((-6.134102e-01 2.354509e+02 1.712059e+02) (1.141561e-02 4.786300e+00 2.280613e+00)) ((-5.579015e+01 3.986424e-01 2.267735e-01) (-1.356459e-01 1.273159e-03 -2.131306e-03))
503.85        	((-4.308113e-01 2.340175e+02 1.695062e+02) (1.147215e-02 4.733898e+00 2.250352e+00)) ((-5.564484e+01 3.772646e-01 2.056742e-01) (-1.355195e-01 6.583306e-04 -1.873169e-03))
503.86        	((-5.806770e-01 2.328772e+02 1.689610e+02) (1.169182e-02 4.681048e+00 2.219916e+00)) ((-5.527590e+01 3.807277e-01 2.177267e-01) (-1.356659e-01 7.194300e-04 -2.113487e-03))
503.87        	((-4.340756e-01 2.318194e+02 1.671608e+02) (1.165072e-02 4.632420e+00 2.192338e+00)) ((-5.520843e+01 3.750121e-01 2.047816e-01) (-1.361695e-01 9.076589e-04 -2.220528e-03))
503.88        	((-6.122713e-01 2.309866e+02 1.677213e+02) (1.152591e-02 4.582678e+00 2.164348e+00)) ((-5.466251e+01 3.885014e-01 2.135578e-01) (-1.372030e-01 1.065544e-03 -2.221335e-03))
503.89        	((-4.772118e-01 2.297777e+02 1.661488e+02) (1.153280e-02 4.538514e+00 2.139423e+00)) ((-5.450258e+01 3.821360e-01 1.915700e-01) (-1.384185e-01 1.146717e-03 -2.246030e-03))
503.9         	((-6.267349e-01 2.287118e+02 1.656153e+02) (1.155222e-02 4.495546e+00 2.115116e+00)) ((-5.415565e+01 3.894918e-01 1.942640e-01) (-1.401914e-01 1.325641e-03 -2.276381e-03))
503.91        	((-4.967187e-01 2.278279e+02 1.640888e+02) (1.154359e-02 4.457460e+00 2.094117e+00)) ((-5.407728e+01 3.759302e-01 1.770536e-01) (-1.419350e-01 8.321850e-04 -2.016956e-03))
503.92        	((-6.648020e-01 2.269728e+02 1.642325e+02) (1.163791e-02 4.420249e+00 2.074145e+00)) ((-5.362312e+01 3.777145e-01 1.887342e-01) (-1.441647e-01 6.620122e-04 -2.068448e-03))
503.93        	((-5.630489e-01 2.258202e+02 1.626370e+02) (1.161613e-02 4.388102e+00 2.057199e+00)) ((-5.348643e+01 3.689655e-01 1.780256e-01) (-1.462824e-01 7.460041e-04 -2.180058e-03))
503.94        	((-7.003894e-01 2.247402e+02 1.618978e+02) (1.143502e-02 4.358332e+00 2.041547e+00)) ((-5.317681e+01 3.771470e-01 1.835032e-01) (-1.488938e-01 9.131121e-04 -2.189189e-03))
503.95        	((-5.966527e-01 2.239774e+02 1.605931e+02) (1.135158e-02 4.332290e+00 2.027632e+00)) ((-5.306708e+01 3.716314e-01 1.692770e-01) (-1.513766e-01 9.675782e-04 -2.192455e-03))
503.96        	((-7.421904e-01 2.231015e+02 1.604416e+02) (1.134352e-02 4.307900e+00 2.014750e+00)) ((-5.266620e+01 3.805017e-01 1.744519e-01) (-1.542858e-01 1.085285e-03 -2.242418e-03))
503.97        	((-6.601082e-01 2.220346e+02 1.589521e+02) (1.125143e-02 4.287530e+00 2.003981e+00)) ((-5.251975e+01 3.723779e-01 1.608931e-01) (-1.568783e-01 1.058575e-03 -2.167094e-03))
503.98        	((-7.721274e-01 2.209556e+02 1.580559e+02) (1.122786e-02 4.270287e+00 1.995210e+00)) ((-5.224650e+01 3.723521e-01 1.657564e-01) (-1.597290e-01 6.509330e-04 -2.011975e-03))
503.99        	((-6.868778e-01 2.201949e+02 1.566368e+02) (1.122939e-02 4.255254e+00 1.988239e+00)) ((-5.216143e+01 3.624825e-01 1.605202e-01) (-1.621236e-01 7.794747e-04 -2.149399e-03))
504           	((-8.189241e-01 2.192645e+02 1.562800e+02) (1.112662e-02 4.242447e+00 1.982281e+00)) ((-5.180356e+01 3.708921e-01 1.712580e-01) (-1.648484e-01 9.275858e-04 -2.213230e-03))
504.01        	((-7.096216e-01 2.186575e+02 1.553808e+02) (1.095309e-02 4.231310e+00 1.976885e+00)) ((-5.166055e+01 3.667468e-01 1.607467e-01) (-1.672286e-01 1.062808e-03 -2.208238e-03))
504.02        	((-8.247865e-01 2.176390e+02 1.548176e+02) (1.090724e-02 4.222509e+00 1.972695e+00)) ((-5.133860e+01 3.738795e-01 1.671395e-01) (-1.698502e-01 1.088510e-03 -2.195336e-03))
504.03        	((-7.586170e-01 2.165114e+02 1.531491e+02) (1.088353e-02 4.215511e+00 1.969117e+00)) ((-5.122717e+01 3.691877e-01 1.598795e-01) (-1.720715e-01 1.133490e-03 -2.207447e-03))
504.04        	((-8.499844e-01 2.153454e+02 1.519254e+02) (1.084704e-02 4.211213e+00 1.966820e+00)) ((-5.100674e+01 3.715257e-01 1.684572e-01) (-1.744853e-01 1.128763e-03 -2.180629e-03))
504.05        	((-7.644193e-01 2.146922e+02 1.506932e+02) (1.079251e-02 4.207029e+00 1.964558e+00)) ((-5.090340e+01 3.639478e-01 1.665602e-01) (-1.765071e-01 8.827116e-04 -2.063955e-03))
504.06        	((-8.450104e-01 2.137844e+02 1.502495e+02) (1.078836e-02 4.205159e+00 1.964043e+00)) ((-5.058048e+01 3.656039e-01 1.791008e-01) (-1.786275e-01 9.714711e-04 -2.137568e-03))
504.07        	((-7.281245e-01 2.133383e+02 1.496779e+02) (1.076201e-02 4.202959e+00 1.963207e+00)) ((-5.041145e+01 3.611690e-01 1.782439e-01) (-1.804178e-01 1.067850e-03 -2.195868e-03))
504.08        	((-8.082647e-01 2.122493e+02 1.488458e+02) (1.070520e-02 4.202904e+00 1.963351e+00)) ((-5.014157e+01 3.689164e-01 1.898425e-01) (-1.825119e-01 1.182454e-03 -2.200137e-03))
504.09        	((-6.925265e-01 2.115097e+02 1.475785e+02) (1.071598e-02 4.202584e+00 1.962878e+00)) ((-5.005878e+01 3.654948e-01 1.875447e-01) (-1.843408e-01 1.210844e-03 -2.194529e-03))
504.1         	((-7.588539e-01 2.102397e+02 1.462960e+02) (1.078653e-02 4.204668e+00 1.963532e+00)) ((-4.983168e+01 3.713493e-01 1.994110e-01) (-1.864404e-01 1.227553e-03 -2.196207e-03))
504.11        	((-6.315422e-01 2.094776e+02 1.448792e+02) (1.084494e-02 4.207053e+00 1.964316e+00)) ((-4.975541e+01 3.656849e-01 2.007264e-01) (-1.884297e-01 1.218915e-03 -2.181572e-03))
504.12        	((-6.919855e-01 2.084010e+02 1.441126e+02) (1.091892e-02 4.211079e+00 1.965460e+00)) ((-4.945551e+01 3.711131e-01 2.179766e-01) (-1.904098e-01 1.234150e-03 -2.178985e-03))
504.13        	((-5.553711e-01 2.079918e+02 1.436449e+02) (1.097007e-02 4.215673e+00 1.967002e+00)) ((-4.926633e+01 3.669202e-01 2.218577e-01) (-1.922348e-01 1.225257e-03 -2.135633e-03))
504.14        	((-5.954153e-01 2.069386e+02 1.428312e+02) (1.110621e-02 4.221690e+00 1.969641e+00)) ((-4.899859e+01 3.715012e-01 2.395877e-01) (-1.939762e-01 1.229090e-03 -2.122183e-03))
504.15        	((-4.376032e-01 2.062566e+02 1.415153e+02) (1.125490e-02 4.227404e+00 1.972314e+00)) ((-4.894136e+01 3.671615e-01 2.441999e-01) (-1.956277e-01 1.264522e-03 -2.131312e-03))
504.16        	((-4.748482e-01 2.049875e+02 1.401944e+02) (1.141204e-02 4.234147e+00 1.974865e+00)) ((-4.872469e+01 3.740779e-01 2.628310e-01) (-1.973496e-01 1.322670e-03 -2.122243e-03))
504.17        	((-3.165123e-01 2.043207e+02 1.390235e+02) (1.159289e-02 4.240500e+00 1.976993e+00)) ((-4.860795e+01 3.708005e-01 2.674851e-01) (-1.990299e-01 1.349643e-03 -2.106763e-03))
504.18        	((-3.519597e-01 2.031822e+02 1.380499e+02) (1.184117e-02 4.247947e+00 1.979253e+00)) ((-4.831015e+01 3.774166e-01 2.863476e-01) (-2.007117e-01 1.358562e-03 -2.087396e-03))
504.19        	((-1.843865e-01 2.026552e+02 1.371619e+02) (1.209517e-02 4.255019e+00 1.981446e+00)) ((-4.815012e+01 3.727240e-01 2.912015e-01) (-2.022781e-01 1.356043e-03 -2.061459e-03))
504.2         	((-2.130314e-01 2.015277e+02 1.360861e+02) (1.240256e-02 4.263173e+00 1.983881e+00)) ((-4.788221e+01 3.778531e-01 3.104384e-01) (-2.038124e-01 1.358211e-03 -2.041949e-03))
504.21        	((-3.674172e-02 2.009405e+02 1.349842e+02) (1.271090e-02 4.270836e+00 1.986143e+00)) ((-4.776638e+01 3.728235e-01 3.147933e-01) (-2.052093e-01 1.367102e-03 -2.027427e-03))
504.22        	((-6.842230e-02 1.997267e+02 1.336905e+02) (1.307669e-02 4.279320e+00 1.988378e+00)) ((-4.752748e+01 3.783480e-01 3.334904e-01) (-2.065420e-01 1.372305e-03 -2.013175e-03))
504.23        	((1.060590e-01 1.991954e+02 1.328548e+02) (1.344533e-02 4.287312e+00 1.990224e+00)) ((-4.736165e+01 3.734807e-01 3.368622e-01) (-2.076755e-01 1.375253e-03 -2.002940e-03))
504.24        	((7.830829e-02 1.979804e+02 1.312236e+02) (1.387960e-02 4.295567e+00 1.991329e+00)) ((-4.713591e+01 3.774486e-01 3.532963e-01) (-2.086156e-01 1.373561e-03 -1.994461e-03))
504.25        	((2.578439e-01 1.972940e+02 1.297937e+02) (1.431406e-02 4.302817e+00 1.992486e+00)) ((-4.703866e+01 3.714944e-01 3.551696e-01) (-2.093940e-01 1.371229e-03 -1.990044e-03))
504.26        	((2.195821e-01 1.960257e+02 1.281951e+02) (1.480439e-02 4.310398e+00 1.992624e+00)) ((-4.680454e+01 3.757360e-01 3.714071e-01) (-2.099621e-01 1.365685e-03 -1.990138e-03))
504.27        	((3.916117e-01 1.955031e+02 1.275303e+02) (1.527133e-02 4.317085e+00 1.992825e+00)) ((-4.660192e+01 3.699472e-01 3.723059e-01) (-2.103513e-01 1.345241e-03 -1.973893e-03))
504.28        	((3.468296e-01 1.943194e+02 1.261675e+02) (1.580375e-02 4.323640e+00 1.992116e+00)) ((-4.634822e+01 3.730200e-01 3.869024e-01) (-2.105306e-01 1.286769e-03 -1.951481e-03))
504.29        	((5.210688e-01 1.937585e+02 1.252649e+02) (1.634179e-02 4.329056e+00 1.991360e+00)) ((-4.619812e+01 3.657159e-01 3.865579e-01) (-2.105669e-01 1.231720e-03 -1.960173e-03))
504.3         	((4.714870e-01 1.924832e+02 1.235300e+02) (1.690461e-02 4.334140e+00 1.989376e+00)) ((-4.601411e+01 3.689787e-01 4.004926e-01) (-2.104568e-01 1.207135e-03 -1.972861e-03))
504.31        	((6.448797e-01 1.918579e+02 1.224823e+02) (1.743922e-02 4.338019e+00 1.987235e+00)) ((-4.588174e+01 3.621610e-01 3.985642e-01) (-2.102493e-01 1.190612e-03 -1.988429e-03))
504.32        	((5.856266e-01 1.905779e+02 1.208481e+02) (1.803176e-02 4.341503e+00 1.983905e+00)) ((-4.566900e+01 3.660320e-01 4.112447e-01) (-2.099156e-01 1.168447e-03 -2.004917e-03))
504.33        	((7.526546e-01 1.899833e+02 1.200137e+02) (1.859639e-02 4.343780e+00 1.980561e+00)) ((-4.549465e+01 3.593828e-01 4.081222e-01) (-2.095115e-01 1.144397e-03 -2.021057e-03))
504.34        	((6.836195e-01 1.887177e+02 1.184717e+02) (1.921216e-02 4.345675e+00 1.976127e+00)) ((-4.526873e+01 3.631883e-01 4.199957e-01) (-2.090198e-01 1.109711e-03 -2.036631e-03))
504.35        	((8.459849e-01 1.881157e+02 1.176484e+02) (1.979284e-02 4.346416e+00 1.971754e+00)) ((-4.510286e+01 3.559925e-01 4.156254e-01) (-2.085026e-01 1.071700e-03 -2.049229e-03))
504.36        	((7.684722e-01 1.868404e+02 1.160710e+02) (2.043032e-02 4.346821e+00 1.966316e+00)) ((-4.489700e+01 3.592786e-01 4.268555e-01) (-2.079412e-01 1.025945e-03 -2.060384e-03))
504.37        	((9.290648e-01 1.862205e+02 1.152451e+02) (2.103675e-02 4.346142e+00 1.960995e+00)) ((-4.474003e+01 3.514350e-01 4.220336e-01) (-2.073828e-01 9.799722e-04 -2.067149e-03))
504.38        	((8.438628e-01 1.849267e+02 1.136783e+02) (2.169562e-02 4.345186e+00 1.954676e+00)) ((-4.453521e+01 3.543114e-01 4.329101e-01) (-2.067986e-01 9.276071e-04 -2.072810e-03))
504.39        	((1.002999e+00 1.843169e+02 1.127751e+02) (2.231783e-02 4.343221e+00 1.947878e+00)) ((-4.437884e+01 3.448172e-01 4.264433e-01) (-2.061547e-01 8.733462e-04 -2.074163e-03))
504.4         	((9.055499e-01 1.829919e+02 1.111759e+02) (2.299240e-02 4.341041e+00 1.941003e+00)) ((-4.417190e+01 3.471398e-01 4.363351e-01) (-2.055720e-01 8.175638e-04 -2.078565e-03))
504.41        	((1.050034e+00 1.823162e+02 1.104949e+02) (2.361591e-02 4.337960e+00 1.934436e+00)) ((-4.399579e+01 3.386383e-01 4.299001e-01) (-2.050273e-01 7.669150e-04 -2.083115e-03))
504.42        	((9.413757e-01 1.809985e+02 1.093154e+02) (2.427403e-02 4.334742e+00 1.927708e+00)) ((-4.376493e+01 3.423334e-01 4.395023e-01) (-2.045609e-01 7.178646e-04 -2.093593e-03))
504.43        	((1.083686e+00 1.803971e+02 1.086431e+02) (2.487112e-02 4.330681e+00 1.919810e+00)) ((-4.360075e+01 3.322576e-01 4.295754e-01) (-2.040067e-01 6.711564e-04 -2.107639e-03))
504.44        	((9.699449e-01 1.790790e+02 1.071959e+02) (2.551032e-02 4.326525e+00 1.912652e+00)) ((-4.340370e+01 3.338562e-01 4.360059e-01) (-2.035955e-01 6.280548e-04 -2.130228e-03))
504.45        	((1.103277e+00 1.784035e+02 1.064804e+02) (2.609199e-02 4.321635e+00 1.905173e+00)) ((-4.323978e+01 3.230149e-01 4.254537e-01) (-2.031758e-01 5.884353e-04 -2.154304e-03))
504.46        	((9.796904e-01 1.770548e+02 1.050958e+02) (2.670386e-02 4.316711e+00 1.897694e+00)) ((-4.302776e+01 3.238851e-01 4.312740e-01) (-2.028300e-01 5.492840e-04 -2.184405e-03))
504.47        	((1.104168e+00 1.764055e+02 1.043816e+02) (2.725258e-02 4.311094e+00 1.889231e+00)) ((-4.285671e+01 3.119378e-01 4.183494e-01) (-2.023989e-01 5.109807e-04 -2.216377e-03))
504.48        	((9.688001e-01 1.750512e+02 1.029660e+02) (2.783436e-02 4.305479e+00 1.881641e+00)) ((-4.265135e+01 3.124631e-01 4.221681e-01) (-2.021036e-01 4.746499e-04 -2.256476e-03))
504.49        	((1.078621e+00 1.743795e+02 1.023229e+02) (2.835443e-02 4.299246e+00 1.873137e+00)) ((-4.247861e+01 3.006858e-01 4.074373e-01) (-2.017406e-01 4.385303e-04 -2.299513e-03))
504.5         	((9.319304e-01 1.730055e+02 1.009649e+02) (2.890075e-02 4.293063e+00 1.865505e+00)) ((-4.227348e+01 3.011040e-01 4.086575e-01) (-2.015102e-01 4.054068e-04 -2.350517e-03))
504.51        	((1.030584e+00 1.723327e+02 1.003969e+02) (2.938659e-02 4.286318e+00 1.856942e+00)) ((-4.209658e+01 2.893273e-01 3.924772e-01) (-2.012120e-01 3.716067e-04 -2.406514e-03))
504.52        	((8.716994e-01 1.709649e+02 9.904362e+01) (2.988286e-02 4.279658e+00 1.849246e+00)) ((-4.189389e+01 2.894512e-01 3.920779e-01) (-2.010393e-01 3.401550e-04 -2.469501e-03))
504.53        	((9.558737e-01 1.702885e+02 9.848221e+01) (3.030569e-02 4.272479e+00 1.840636e+00)) ((-4.171605e+01 2.776018e-01 3.730250e-01) (-2.007953e-01 3.096222e-04 -2.530675e-03))
504.54        	((7.773510e-01 1.689264e+02 9.694694e+01) (3.073148e-02 4.265392e+00 1.832241e+00)) ((-4.152657e+01 2.772369e-01 3.690886e-01) (-2.006133e-01 2.789331e-04 -2.599841e-03))
504.55        	((8.434404e-01 1.682315e+02 9.635571e+01) (3.108271e-02 4.257815e+00 1.823736e+00)) ((-4.134779e+01 2.655265e-01 3.477440e-01) (-2.004077e-01 2.512451e-04 -2.668120e-03))
504.56        	((6.540008e-01 1.668555e+02 9.490008e+01) (3.142289e-02 4.250358e+00 1.815454e+00)) ((-4.114926e+01 2.654286e-01 3.414751e-01) (-2.002731e-01 2.242146e-04 -2.744313e-03))
504.57        	((7.098996e-01 1.661620e+02 9.443466e+01) (3.167902e-02 4.242448e+00 1.807022e+00)) ((-4.096123e+01 2.536595e-01 3.178795e-01) (-2.001117e-01 1.999330e-04 -2.816549e-03))
504.58        	((5.073136e-01 1.648084e+02 9.303079e+01) (3.192096e-02 4.234673e+00 1.798756e+00)) ((-4.076539e+01 2.533398e-01 3.088467e-01) (-2.000166e-01 1.776133e-04 -2.896355e-03))
504.59        	((5.469014e-01 1.641427e+02 9.256528e+01) (3.208327e-02 4.226487e+00 1.790321e+00)) ((-4.058103e+01 2.415502e-01 2.835077e-01) (-1.998906e-01 1.595569e-04 -2.971477e-03))
504.6         	((3.437272e-01 1.628074e+02 9.111055e+01) (3.222649e-02 4.218464e+00 1.782066e+00)) ((-4.039217e+01 2.409727e-01 2.730566e-01) (-1.998287e-01 1.449627e-04 -3.051494e-03))
504.61        	((3.786778e-01 1.621569e+02 9.063691e+01) (3.228938e-02 4.210064e+00 1.773693e+00)) ((-4.020051e+01 2.290392e-01 2.466615e-01) (-1.997295e-01 1.336229e-04 -3.130765e-03))
504.62        	((1.635967e-01 1.608257e+02 8.917285e+01) (3.232355e-02 4.201848e+00 1.765504e+00)) ((-4.000455e+01 2.283388e-01 2.347621e-01) (-1.996913e-01 1.237337e-04 -3.214546e-03))
504.63        	((1.807341e-01 1.601836e+02 8.871596e+01) (3.227085e-02 4.193273e+00 1.757169e+00)) ((-3.980756e+01 2.163828e-01 2.072238e-01) (-1.996124e-01 1.169604e-04 -3.296030e-03))
504.64        	((-4.268706e-02 1.588731e+02 8.726163e+01) (3.218988e-02 4.184896e+00 1.748993e+00)) ((-3.961394e+01 2.155972e-01 1.945875e-01) (-1.995900e-01 1.130222e-04 -3.378469e-03))
504.65        	((-2.661191e-02 1.582650e+02 8.682646e+01) (3.202282e-02 4.176184e+00 1.740658e+00)) ((-3.941634e+01 2.033746e-01 1.671372e-01) (-1.995224e-01 1.130579e-04 -3.458346e-03))
504.66        	((-2.425819e-01 1.569921e+02 8.536980e+01) (3.183067e-02 4.167696e+00 1.732482e+00)) ((-3.922138e+01 2.020924e-01 1.548786e-01) (-1.995041e-01 1.159997e-04 -3.538343e-03))
504.67        	((-2.204274e-01 1.564168e+02 8.492753e+01) (3.155795e-02 4.158913e+00 1.724148e+00)) ((-3.901753e+01 1.894631e-01 1.290533e-01) (-1.994337e-01 1.224595e-04 -3.614098e-03))
504.68        	((-4.345670e-01 1.551809e+02 8.347366e+01) (3.126654e-02 4.150383e+00 1.715962e+00)) ((-3.881549e+01 1.882872e-01 1.189384e-01) (-1.994058e-01 1.318725e-04 -3.688769e-03))
504.69        	((-4.131228e-01 1.546412e+02 8.305055e+01) (3.089677e-02 4.141595e+00 1.707607e+00)) ((-3.860563e+01 1.760394e-01 9.628864e-02) (-1.993206e-01 1.440382e-04 -3.756725e-03))
504.7         	((-6.284623e-01 1.534432e+02 8.161900e+01) (3.051103e-02 4.133082e+00 1.699389e+00)) ((-3.840113e+01 1.753824e-01 8.932922e-02) (-1.992714e-01 1.594281e-04 -3.822625e-03))
504.71        	((-6.063219e-01 1.529391e+02 8.121763e+01) (3.004985e-02 4.124356e+00 1.691005e+00)) ((-3.819131e+01 1.636772e-01 6.942074e-02) (-1.991601e-01 1.773108e-04 -3.880915e-03))
504.72        	((-8.064956e-01 1.517830e+02 7.979888e+01) (2.957913e-02 4.115937e+00 1.682758e+00)) ((-3.798598e+01 1.629173e-01 6.491753e-02) (-1.990817e-01 1.970020e-04 -3.934668e-03))
504.73        	((-7.547810e-01 1.513149e+02 7.939912e+01) (2.904796e-02 4.107348e+00 1.674341e+00)) ((-3.777478e+01 1.506873e-01 4.773612e-02) (-1.989374e-01 2.182802e-04 -3.979487e-03))
504.74        	((-9.287742e-01 1.502015e+02 7.799636e+01) (2.852842e-02 4.099096e+00 1.666052e+00)) ((-3.756556e+01 1.497074e-01 4.704912e-02) (-1.988214e-01 2.402252e-04 -4.019474e-03))
504.75        	((-8.662883e-01 1.497664e+02 7.761376e+01) (2.796323e-02 4.090714e+00 1.657596e+00)) ((-3.735289e+01 1.383204e-01 3.502379e-02) (-1.986353e-01 2.626779e-04 -4.050055e-03))
504.76        	((-1.039730e+00 1.486873e+02 7.644518e+01) (2.741519e-02 4.082713e+00 1.649943e+00)) ((-3.712877e+01 1.379573e-01 3.885855e-02) (-1.985336e-01 2.849703e-04 -4.074695e-03))
504.77        	((-9.680177e-01 1.482905e+02 7.612423e+01) (2.683072e-02 4.074628e+00 1.641408e+00)) ((-3.692012e+01 1.276964e-01 3.164949e-02) (-1.983103e-01 3.086126e-04 -4.088647e-03))
504.78        	((-1.114303e+00 1.472646e+02 7.466558e+01) (2.626633e-02 4.066917e+00 1.633007e+00)) ((-3.672567e+01 1.287102e-01 3.961358e-02) (-1.981050e-01 3.312895e-04 -4.096804e-03))
504.79        	((-1.011143e+00 1.468777e+02 7.416553e+01) (2.567382e-02 4.059150e+00 1.624471e+00)) ((-3.653114e+01 1.185809e-01 3.510431e-02) (-1.978307e-01 3.535064e-04 -4.096275e-03))
504.8         	((-1.135079e+00 1.458649e+02 7.276786e+01) (2.511883e-02 4.051778e+00 1.616094e+00)) ((-3.632123e+01 1.193153e-01 4.568126e-02) (-1.975834e-01 3.725053e-04 -4.092160e-03))
504.81        	((-1.018996e+00 1.454879e+02 7.242868e+01) (2.455301e-02 4.044364e+00 1.607580e+00)) ((-3.610936e+01 1.094262e-01 4.479185e-02) (-1.972637e-01 3.898179e-04 -4.080727e-03))
504.82        	((-1.139135e+00 1.445232e+02 7.118023e+01) (2.403378e-02 4.037344e+00 1.599196e+00)) ((-3.589412e+01 1.112078e-01 5.877856e-02) (-1.969659e-01 4.035330e-04 -4.066194e-03))
504.83        	((-1.018676e+00 1.441853e+02 7.086928e+01) (2.350690e-02 4.030303e+00 1.590667e+00)) ((-3.569704e+01 1.024721e-01 6.017359e-02) (-1.965992e-01 4.152219e-04 -4.045059e-03))
504.84        	((-1.119148e+00 1.432460e+02 6.955849e+01) (2.303187e-02 4.023663e+00 1.582269e+00)) ((-3.550089e+01 1.046057e-01 7.503012e-02) (-1.962634e-01 4.228853e-04 -4.025290e-03))
504.85        	((-9.754314e-01 1.429138e+02 6.918597e+01) (2.254241e-02 4.017026e+00 1.573733e+00)) ((-3.531258e+01 9.567505e-02 7.635343e-02) (-1.958610e-01 4.290387e-04 -3.994725e-03))
504.86        	((-1.067415e+00 1.419925e+02 6.788370e+01) (2.210350e-02 4.010789e+00 1.565331e+00)) ((-3.511082e+01 9.787967e-02 9.091125e-02) (-1.954866e-01 4.314618e-04 -3.961847e-03))
504.87        	((-9.251360e-01 1.416754e+02 6.756347e+01) (2.166985e-02 4.004538e+00 1.556796e+00)) ((-3.491607e+01 8.930503e-02 9.185855e-02) (-1.950441e-01 4.301682e-04 -3.933110e-03))
504.88        	((-1.018691e+00 1.407816e+02 6.632370e+01) (2.128871e-02 3.998655e+00 1.548406e+00)) ((-3.471474e+01 9.185082e-02 1.053599e-01) (-1.946274e-01 4.233697e-04 -3.910326e-03))
504.89        	((-8.743576e-01 1.404786e+02 6.603284e+01) (2.089757e-02 3.992766e+00 1.539901e+00)) ((-3.452907e+01 8.326528e-02 1.044349e-01) (-1.941420e-01 4.139539e-04 -3.885323e-03))
504.9         	((-9.632668e-01 1.396024e+02 6.479238e+01) (2.055683e-02 3.987240e+00 1.531546e+00)) ((-3.433787e+01 8.555183e-02 1.152778e-01) (-1.936869e-01 3.990214e-04 -3.868639e-03))
504.91        	((-8.149555e-01 1.393104e+02 6.449661e+01) (2.020542e-02 3.981704e+00 1.523075e+00)) ((-3.415726e+01 7.650527e-02 1.113763e-01) (-1.931671e-01 3.819837e-04 -3.853624e-03))
504.92        	((-9.090509e-01 1.384519e+02 6.326186e+01) (1.989965e-02 3.976515e+00 1.514748e+00)) ((-3.396679e+01 7.867523e-02 1.193352e-01) (-1.926781e-01 3.601328e-04 -3.846915e-03))
504.93        	((-7.689380e-01 1.381711e+02 6.298346e+01) (1.957320e-02 3.971302e+00 1.506301e+00)) ((-3.378581e+01 6.947875e-02 1.124755e-01) (-1.921244e-01 3.365726e-04 -3.843588e-03))
504.94        	((-8.743702e-01 1.373293e+02 6.177064e+01) (1.927698e-02 3.966414e+00 1.497994e+00)) ((-3.359762e+01 7.157344e-02 1.172476e-01) (-1.916019e-01 3.088998e-04 -3.848897e-03))
504.95        	((-7.426615e-01 1.370579e+02 6.150968e+01) (1.895166e-02 3.961511e+00 1.489579e+00)) ((-3.342084e+01 6.197063e-02 1.067218e-01) (-1.910149e-01 2.803120e-04 -3.858591e-03))
504.96        	((-8.570522e-01 1.362323e+02 6.030450e+01) (1.864972e-02 3.957176e+00 1.481405e+00)) ((-3.323850e+01 6.383682e-02 1.078170e-01) (-1.905079e-01 2.493491e-04 -3.877004e-03))
504.97        	((-6.958254e-01 1.364406e+02 6.097799e+01) (1.831126e-02 3.952619e+00 1.473185e+00)) ((-3.304610e+01 5.331839e-02 9.159383e-02) (-1.899681e-01 2.177347e-04 -3.902132e-03))
504.98        	((-8.364000e-01 1.355317e+02 5.960389e+01) (1.800518e-02 3.948442e+00 1.465366e+00)) ((-3.288599e+01 5.586388e-02 9.147412e-02) (-1.895186e-01 1.857855e-04 -3.935499e-03))
504.99        	((-7.083158e-01 1.349873e+02 5.874558e+01) (1.764958e-02 3.944283e+00 1.457352e+00)) ((-3.276679e+01 4.453846e-02 7.426622e-02) (-1.890014e-01 1.542192e-04 -3.973145e-03))
505           	((-8.626056e-01 1.339597e+02 5.704959e+01) (1.730152e-02 3.940701e+00 1.449345e+00)) ((-3.262213e+01 4.698017e-02 7.136413e-02) (-1.885762e-01 1.220793e-04 -4.016294e-03))
