# Forces      
# CofR        : (0.000000e+00 0.000000e+00 0.000000e+00)
# Time        forces(pressure viscous)	moments(pressure viscous)
500           	((2.537213e+00 4.352604e+03 -1.767149e+03) (1.282099e-05 3.977338e+00 -8.028680e-02)) ((-5.206898e+02 2.616632e-01 2.865633e-01) (-1.081302e-01 -3.551383e-05 -1.912898e-04))
500.01        	((9.842244e+00 3.076157e+03 -1.166096e+03) (1.742900e-04 3.065302e+00 3.288183e-01)) ((-2.052438e+02 1.371671e-01 -5.880312e-01) (7.789220e-03 -1.944960e-04 3.276562e-04))
500.02        	((9.650090e+00 2.822434e+02 5.365200e+02) (9.682295e-04 2.239974e+00 6.288995e-01)) ((3.053332e+02 -9.184125e-04 -1.100991e+00) (1.149496e-01 -1.778591e-04 4.173869e-04))
500.03        	((-2.914822e+00 -1.101228e+03 6.859205e+02) (1.697757e-03 2.207096e+00 6.186043e-01)) ((3.642419e+02 -6.163412e-01 6.221861e-01) (8.798774e-02 3.690728e-04 -1.758539e-04))
500.04        	((-5.903143e+00 -9.328538e+02 1.180727e+02) (1.842250e-03 3.119149e+00 2.357391e-01)) ((1.235782e+02 -9.425036e-01 2.332658e+00) (-1.074236e-01 2.074891e-04 -2.032278e-04))
500.05        	((-2.447579e+00 -7.777631e+01 -4.095614e+02) (1.548413e-03 4.132670e+00 -3.232410e-02)) ((-1.246511e+02 -7.036115e-01 2.020674e+00) (-2.420394e-01 1.305916e-04 7.473697e-04))
500.06        	((4.127505e+00 3.429456e+02 -6.191906e+00) (4.721936e-03 4.523399e+00 8.468926e-02)) ((-1.069052e+02 8.334679e-02 1.686403e-01) (-2.474687e-01 2.636143e-06 5.146370e-04))
500.07        	((4.934304e+00 5.329656e+02 2.968599e+02) (6.711197e-03 4.389600e+00 4.357806e-01)) ((2.766531e+01 4.922551e-01 -1.663828e+00) (-2.220322e-01 -7.234055e-05 9.091551e-05))
500.08        	((1.040683e+00 4.548651e+02 2.658575e+02) (7.039065e-03 4.198347e+00 7.586620e-01)) ((1.230599e+02 3.087456e-01 -1.379600e+00) (-1.772462e-01 3.923796e-04 -2.948393e-04))
500.09        	((1.447560e+00 3.342478e+02 -1.675940e+02) (3.463957e-03 4.156358e+00 7.983971e-01)) ((8.322404e+01 3.926422e-01 -9.874965e-01) (-1.394408e-01 5.918792e-04 3.438718e-04))
500.1         	((2.156950e+00 9.818802e+01 -3.771716e+02) (4.748207e-03 4.357390e+00 5.435589e-01)) ((1.115353e+01 3.693363e-01 -2.981600e-01) (-1.638107e-01 1.633632e-03 -1.177318e-03))
500.11        	((3.398873e+00 -9.618012e+01 -2.782237e+02) (6.125095e-03 4.614159e+00 2.732836e-01)) ((-2.576496e+01 3.739214e-01 -2.040376e-02) (-2.092498e-01 2.257409e-03 -1.282155e-03))
500.12        	((3.252940e+00 -1.145805e+02 -5.793065e+01) (6.772583e-03 4.751418e+00 1.786979e-01)) ((-1.057455e+01 5.304397e-01 -4.259907e-01) (-2.471940e-01 2.905055e-03 -1.747093e-03))
500.13        	((3.633017e+00 1.283973e+01 5.963516e+01) (6.679002e-03 4.717869e+00 2.361459e-01)) ((2.064990e+01 6.594358e-01 -9.187749e-01) (-2.775373e-01 3.469692e-03 -2.552485e-03))
500.14        	((3.229993e+00 1.360010e+02 1.532626e+01) (5.762625e-03 4.602048e+00 2.822947e-01)) ((3.113316e+01 6.015828e-01 -1.094718e+00) (-2.992352e-01 4.159911e-03 -3.592738e-03))
500.15        	((2.892521e+00 1.443235e+02 -1.090819e+02) (6.498421e-03 4.457848e+00 1.886133e-01)) ((1.917210e+01 4.856973e-01 -1.174182e+00) (-3.025108e-01 4.025109e-03 -4.561897e-03))
500.16        	((2.117095e+00 5.207059e+01 -2.008023e+02) (7.544081e-03 4.256662e+00 -4.455223e-02)) ((2.616344e+00 4.211807e-01 -1.159412e+00) (-2.771869e-01 3.987496e-03 -5.328861e-03))
500.17        	((1.428959e+00 -4.286633e+01 -2.230095e+02) (9.077394e-03 3.977773e+00 -3.077386e-01)) ((-6.479134e+00 4.498910e-01 -1.092606e+00) (-2.355169e-01 3.925603e-03 -5.787193e-03))
500.18        	((1.615028e+00 -7.543843e+01 -1.967047e+02) (1.051979e-02 3.640765e+00 -4.970944e-01)) ((-6.148992e+00 5.372844e-01 -9.038787e-01) (-2.006940e-01 3.889489e-03 -6.156253e-03))
500.19        	((2.630059e+00 -5.720916e+01 -1.546794e+02) (1.251033e-02 3.286400e+00 -6.129121e-01)) ((-1.883286e+00 6.354743e-01 -6.675630e-01) (-1.826093e-01 3.763580e-03 -5.728896e-03))
500.2         	((3.563436e+00 -3.658587e+01 -1.204505e+02) (1.446571e-02 2.951860e+00 -7.210808e-01)) ((1.666949e+00 7.109512e-01 -4.550732e-01) (-1.706456e-01 3.831599e-03 -5.283519e-03))
500.21        	((3.246145e+00 -4.026770e+01 -1.062386e+02) (1.477458e-02 2.640377e+00 -8.513267e-01)) ((2.478768e+00 7.290058e-01 -3.390807e-01) (-1.487630e-01 4.857807e-03 -4.938344e-03))
500.22        	((1.522125e+00 -5.970747e+01 -1.129547e+02) (1.485230e-02 2.326198e+00 -9.832973e-01)) ((7.940500e-01 7.434691e-01 -2.826567e-01) (-1.162303e-01 4.922170e-03 -4.821028e-03))
500.23        	((-7.792582e-01 -7.587419e+01 -1.292514e+02) (1.277532e-02 1.999728e+00 -1.086122e+00)) ((-1.808272e+00 8.336362e-01 -1.996009e-01) (-8.095658e-02 5.032837e-03 -4.516065e-03))
500.24        	((-2.764716e+00 -8.139629e+01 -1.373835e+02) (9.101546e-03 1.675757e+00 -1.165697e+00)) ((-3.985883e+00 1.003116e+00 -2.370321e-02) (-5.388150e-02 5.523450e-03 -4.015670e-03))
500.25        	((-4.196865e+00 -8.160418e+01 -1.272879e+02) (4.317560e-03 1.380242e+00 -1.239941e+00)) ((-5.931161e+00 1.143672e+00 2.678624e-01) (-4.118187e-02 5.583707e-03 -2.903904e-03))
500.26        	((-5.369212e+00 -8.308406e+01 -1.055512e+02) (-1.027613e-03 1.119905e+00 -1.313983e+00)) ((-8.743538e+00 1.183909e+00 5.979350e-01) (-3.928419e-02 5.625925e-03 -1.496602e-03))
500.27        	((-6.448867e+00 -8.698644e+01 -8.811626e+01) (-7.147353e-03 8.902008e-01 -1.382118e+00)) ((-1.274324e+01 1.125657e+00 8.902350e-01) (-3.933528e-02 6.420913e-03 2.754072e-04))
500.28        	((-7.148728e+00 -9.112144e+01 -8.412409e+01) (-1.404350e-02 6.820070e-01 -1.445736e+00)) ((-1.657025e+01 1.001548e+00 1.118329e+00) (-3.578014e-02 6.906469e-03 2.492234e-03))
500.29        	((-7.333187e+00 -9.404449e+01 -8.930596e+01) (-2.211182e-02 4.896926e-01 -1.506927e+00)) ((-1.840565e+01 8.508463e-01 1.323088e+00) (-2.736267e-02 7.726374e-03 4.781667e-03))
500.3         	((-6.984090e+00 -9.653755e+01 -9.245675e+01) (-3.117185e-02 3.117103e-01 -1.573833e+00)) ((-1.764736e+01 7.011214e-01 1.562930e+00) (-1.636411e-02 9.045369e-03 7.092087e-03))
500.31        	((-6.189834e+00 -9.965298e+01 -8.675587e+01) (-3.958699e-02 1.457756e-01 -1.647427e+00)) ((-1.551651e+01 5.627632e-01 1.824056e+00) (-8.181637e-03 1.051033e-02 9.408862e-03))
500.32        	((-5.046870e+00 -1.031712e+02 -7.442407e+01) (-4.715852e-02 -1.057826e-02 -1.727478e+00)) ((-1.393457e+01 4.384266e-01 2.040011e+00) (-4.620032e-03 1.220319e-02 1.189204e-02))
500.33        	((-3.614833e+00 -1.058967e+02 -6.212540e+01) (-5.309939e-02 -1.558597e-01 -1.809777e+00)) ((-1.379425e+01 3.164220e-01 2.171302e+00) (-5.893076e-03 1.404052e-02 1.422000e-02))
500.34        	((-2.053617e+00 -1.071698e+02 -5.429902e+01) (-5.753139e-02 -2.907431e-01 -1.891728e+00)) ((-1.428773e+01 2.140773e-01 2.206098e+00) (-8.453259e-03 1.582757e-02 1.641217e-02))
500.35        	((-5.438534e-01 -1.072440e+02 -5.089867e+01) (-6.106367e-02 -4.189647e-01 -1.969534e+00)) ((-1.400977e+01 1.226769e-01 2.206061e+00) (-9.844306e-03 1.749587e-02 1.846989e-02))
500.36        	((8.163898e-01 -1.067549e+02 -4.894798e+01) (-6.294274e-02 -5.425220e-01 -2.039773e+00)) ((-1.226550e+01 1.802886e-02 2.232204e+00) (-9.029219e-03 1.908193e-02 2.004238e-02))
500.37        	((2.104875e+00 -1.063804e+02 -4.604113e+01) (-6.316472e-02 -6.596460e-01 -2.099232e+00)) ((-9.759616e+00 -1.458484e-01 2.277869e+00) (-6.442200e-03 2.031203e-02 2.137843e-02))
500.38        	((3.438463e+00 -1.063267e+02 -4.140441e+01) (-6.141178e-02 -7.704799e-01 -2.146696e+00)) ((-7.447612e+00 -4.005871e-01 2.314045e+00) (-2.449820e-03 2.117670e-02 2.211880e-02))
500.39        	((4.819745e+00 -1.062926e+02 -3.561874e+01) (-5.814142e-02 -8.771158e-01 -2.183472e+00)) ((-5.681727e+00 -7.348728e-01 2.315748e+00) (1.200758e-03 2.142533e-02 2.247572e-02))
500.4         	((6.123473e+00 -1.059790e+02 -2.959181e+01) (-5.358632e-02 -9.835650e-01 -2.210769e+00)) ((-4.093368e+00 -1.092233e+00 2.276857e+00) (3.196720e-03 2.118965e-02 2.223748e-02))
500.41        	((7.173564e+00 -1.051705e+02 -2.451773e+01) (-4.804051e-02 -1.091224e+00 -2.228540e+00)) ((-2.248609e+00 -1.409600e+00 2.211815e+00) (4.466986e-03 2.054394e-02 2.162428e-02))
500.42        	((7.916199e+00 -1.041408e+02 -2.063507e+01) (-4.150138e-02 -1.199254e+00 -2.235262e+00)) ((1.361217e-02 -1.679521e+00 2.150191e+00) (5.939284e-03 1.969013e-02 2.047304e-02))
500.43        	((8.488583e+00 -1.034263e+02 -1.718738e+01) (-3.352504e-02 -1.304134e+00 -2.229881e+00)) ((2.512078e+00 -1.928465e+00 2.093488e+00) (8.149372e-03 1.895214e-02 1.792699e-02))
500.44        	((9.151571e+00 -1.032032e+02 -1.354292e+01) (-2.225092e-02 -1.405858e+00 -2.215249e+00)) ((4.950158e+00 -2.180795e+00 2.042943e+00) (1.182027e-02 1.758596e-02 1.567833e-02))
500.45        	((9.795122e+00 -1.039109e+02 -8.014931e+00) (-9.063523e-03 -1.500874e+00 -2.190718e+00)) ((7.422968e+00 -2.419601e+00 1.996833e+00) (1.578896e-02 1.629320e-02 1.230449e-02))
500.46        	((1.021704e+01 -1.052905e+02 -6.523795e-01) (5.754646e-03 -1.590196e+00 -2.156117e+00)) ((1.007620e+01 -2.593294e+00 1.947276e+00) (2.000605e-02 1.477082e-02 8.732958e-03))
500.47        	((1.029213e+01 -1.067462e+02 7.083840e+00) (2.144145e-02 -1.674051e+00 -2.110047e+00)) ((1.291895e+01 -2.685442e+00 1.910890e+00) (2.547424e-02 1.325514e-02 4.595244e-03))
500.48        	((1.004819e+01 -1.077696e+02 1.378140e+01) (3.857642e-02 -1.752571e+00 -2.051206e+00)) ((1.574338e+01 -2.696909e+00 1.848843e+00) (3.215341e-02 1.151235e-02 1.231975e-03))
500.49        	((9.716599e+00 -1.084561e+02 1.921233e+01) (5.357720e-02 -1.827296e+00 -1.982914e+00)) ((1.827906e+01 -2.657676e+00 1.774732e+00) (4.198516e-02 9.816568e-03 -2.915290e-03))
500.5         	((9.493256e+00 -1.091036e+02 2.396081e+01) (6.858936e-02 -1.897176e+00 -1.903830e+00)) ((2.042178e+01 -2.558463e+00 1.639745e+00) (5.338603e-02 7.936499e-03 -5.884525e-03))
500.51        	((9.516491e+00 -1.099313e+02 2.847568e+01) (8.171446e-02 -1.964028e+00 -1.817071e+00)) ((2.217764e+01 -2.406088e+00 1.497483e+00) (6.667061e-02 6.231776e-03 -8.851678e-03))
500.52        	((9.710019e+00 -1.107454e+02 3.251226e+01) (9.485522e-02 -2.028365e+00 -1.723158e+00)) ((2.357206e+01 -2.173069e+00 1.302397e+00) (8.114280e-02 4.625442e-03 -1.087750e-02))
500.53        	((1.014907e+01 -1.114703e+02 3.589808e+01) (1.060873e-01 -2.091800e+00 -1.625228e+00)) ((2.465402e+01 -1.895357e+00 1.096452e+00) (9.613663e-02 3.577673e-03 -1.320578e-02))
500.54        	((1.066366e+01 -1.116981e+02 3.817064e+01) (1.174080e-01 -2.154965e+00 -1.522569e+00)) ((2.541889e+01 -1.580596e+00 8.118817e-01) (1.120096e-01 2.520529e-03 -1.442350e-02))
500.55        	((1.127054e+01 -1.114468e+02 3.970871e+01) (1.269493e-01 -2.217080e+00 -1.416871e+00)) ((2.598542e+01 -1.284896e+00 5.346302e-01) (1.274990e-01 1.934188e-03 -1.628203e-02))
500.56        	((1.187457e+01 -1.110340e+02 4.115966e+01) (1.359688e-01 -2.277458e+00 -1.310096e+00)) ((2.648888e+01 -1.026607e+00 2.787104e-01) (1.415353e-01 1.414576e-03 -1.827977e-02))
500.57        	((1.241219e+01 -1.108327e+02 4.280932e+01) (1.444131e-01 -2.337478e+00 -1.204300e+00)) ((2.697073e+01 -8.137059e-01 5.403075e-02) (1.543143e-01 1.084183e-03 -2.046900e-02))
500.58        	((1.279274e+01 -1.107971e+02 4.445239e+01) (1.521952e-01 -2.396913e+00 -1.098727e+00)) ((2.742939e+01 -6.233401e-01 -1.319035e-01) (1.651617e-01 8.246053e-04 -2.283306e-02))
500.59        	((1.301566e+01 -1.107887e+02 4.578189e+01) (1.587647e-01 -2.456744e+00 -9.932991e-01)) ((2.782653e+01 -4.292391e-01 -2.555084e-01) (1.741580e-01 6.997418e-04 -2.549780e-02))
500.6         	((1.307602e+01 -1.106805e+02 4.673448e+01) (1.649401e-01 -2.518001e+00 -8.883312e-01)) ((2.815150e+01 -2.277167e-01 -3.405908e-01) (1.819042e-01 5.357548e-04 -2.758781e-02))
500.61        	((1.302681e+01 -1.104414e+02 4.749059e+01) (1.695134e-01 -2.581333e+00 -7.835384e-01)) ((2.841790e+01 -6.658459e-02 -3.447795e-01) (1.882591e-01 5.629909e-04 -2.953047e-02))
500.62        	((1.277585e+01 -1.101563e+02 4.830105e+01) (1.730705e-01 -2.647352e+00 -6.792665e-01)) ((2.867389e+01 4.245692e-02 -2.825507e-01) (1.932403e-01 5.411834e-04 -3.087839e-02))
500.63        	((1.225909e+01 -1.099068e+02 4.930745e+01) (1.755886e-01 -2.716365e+00 -5.758315e-01)) ((2.897702e+01 1.217285e-01 -1.808256e-01) (1.968557e-01 5.522835e-04 -3.161768e-02))
500.64        	((1.151758e+01 -1.096980e+02 5.047235e+01) (1.768037e-01 -2.788333e+00 -4.728467e-01)) ((2.936262e+01 1.913685e-01 -5.060571e-02) (1.992498e-01 6.051736e-04 -3.174048e-02))
500.65        	((1.065052e+01 -1.094624e+02 5.168730e+01) (1.765565e-01 -2.862794e+00 -3.699270e-01)) ((2.984110e+01 2.610597e-01 8.442116e-02) (2.005946e-01 7.030914e-04 -3.120191e-02))
500.66        	((9.674095e+00 -1.091084e+02 5.283902e+01) (1.751664e-01 -2.937392e+00 -2.671031e-01)) ((3.038719e+01 3.300416e-01 2.055336e-01) (2.020875e-01 8.085496e-04 -2.930763e-02))
500.67        	((8.605948e+00 -1.086242e+02 5.391770e+01) (1.718657e-01 -3.016192e+00 -1.633435e-01)) ((3.098381e+01 3.828045e-01 3.331384e-01) (2.009141e-01 1.006500e-03 -2.810332e-02))
500.68        	((7.488746e+00 -1.081094e+02 5.496600e+01) (1.674873e-01 -3.093533e+00 -5.999426e-02)) ((3.162541e+01 4.124192e-01 4.735733e-01) (1.998934e-01 1.328750e-03 -2.602983e-02))
500.69        	((6.319722e+00 -1.076263e+02 5.601139e+01) (1.619347e-01 -3.169169e+00 4.309569e-02)) ((3.231218e+01 4.257226e-01 6.124612e-01) (1.985269e-01 1.766533e-03 -2.358690e-02))
500.7         	((5.160780e+00 -1.072122e+02 5.700792e+01) (1.551315e-01 -3.242624e+00 1.458245e-01)) ((3.304957e+01 4.290172e-01 7.384334e-01) (1.966278e-01 2.331132e-03 -2.108199e-02))
500.71        	((4.050285e+00 -1.068364e+02 5.787716e+01) (1.474148e-01 -3.313189e+00 2.476080e-01)) ((3.381322e+01 4.247798e-01 8.480191e-01) (1.948153e-01 3.022256e-03 -1.842867e-02))
500.72        	((3.026187e+00 -1.063304e+02 5.816226e+01) (1.391244e-01 -3.380890e+00 3.480391e-01)) ((3.452129e+01 4.029680e-01 9.710628e-01) (1.928888e-01 3.750424e-03 -1.595129e-02))
500.73        	((2.058237e+00 -1.058163e+02 5.823581e+01) (1.302277e-01 -3.445040e+00 4.456097e-01)) ((3.524496e+01 3.706021e-01 1.102463e+00) (1.914991e-01 4.532446e-03 -1.335771e-02))
500.74        	((1.103967e+00 -1.053803e+02 5.841970e+01) (1.207054e-01 -3.506800e+00 5.406229e-01)) ((3.607840e+01 3.334883e-01 1.240106e+00) (1.896947e-01 5.353386e-03 -1.080324e-02))
500.75        	((1.588572e-01 -1.049983e+02 5.877707e+01) (1.109242e-01 -3.565097e+00 6.317737e-01)) ((3.703496e+01 2.960198e-01 1.366254e+00) (1.887945e-01 6.130079e-03 -8.202377e-03))
500.76        	((-7.242783e-01 -1.046445e+02 5.915689e+01) (1.008866e-01 -3.621596e+00 7.197627e-01)) ((3.810621e+01 2.597014e-01 1.465479e+00) (1.875026e-01 6.820154e-03 -5.698161e-03))
500.77        	((-1.525231e+00 -1.042616e+02 5.942705e+01) (9.079011e-02 -3.675351e+00 8.032211e-01)) ((3.923940e+01 2.233066e-01 1.531781e+00) (1.874939e-01 7.462422e-03 -3.195452e-03))
500.78        	((-2.222751e+00 -1.038648e+02 5.952565e+01) (8.058248e-02 -3.727958e+00 8.828600e-01)) ((4.042903e+01 1.870397e-01 1.567085e+00) (1.873233e-01 8.009865e-03 -8.485006e-04))
500.79        	((-2.820905e+00 -1.034608e+02 5.954080e+01) (7.057651e-02 -3.778111e+00 9.569573e-01)) ((4.166525e+01 1.540899e-01 1.565790e+00) (1.886425e-01 8.507546e-03 1.418814e-03))
500.8         	((-3.316845e+00 -1.030949e+02 5.951806e+01) (6.071060e-02 -3.827831e+00 1.026572e+00)) ((4.297626e+01 1.240291e-01 1.534598e+00) (1.896223e-01 8.918061e-03 3.375582e-03))
500.81        	((-3.729219e+00 -1.027595e+02 5.953009e+01) (5.118515e-02 -3.875659e+00 1.090006e+00)) ((4.436211e+01 9.714673e-02 1.473029e+00) (1.921735e-01 9.276714e-03 5.269864e-03))
500.82        	((-4.050786e+00 -1.024704e+02 5.953935e+01) (4.187965e-02 -3.923877e+00 1.148933e+00)) ((4.584376e+01 7.129558e-02 1.388378e+00) (1.941065e-01 9.521489e-03 6.825255e-03))
500.83        	((-4.290932e+00 -1.021783e+02 5.955166e+01) (3.315320e-02 -3.970717e+00 1.201543e+00)) ((4.740498e+01 4.686197e-02 1.280451e+00) (1.978535e-01 9.727046e-03 8.291512e-03))
500.84        	((-4.418184e+00 -1.018856e+02 5.950057e+01) (2.485041e-02 -4.018671e+00 1.249910e+00)) ((4.905918e+01 2.199397e-02 1.153494e+00) (2.007761e-01 9.819997e-03 9.353214e-03))
500.85        	((-4.428853e+00 -1.015254e+02 5.984982e+01) (1.700209e-02 -4.064470e+00 1.292250e+00)) ((5.085455e+01 8.178157e-04 9.969103e-01) (2.061017e-01 9.791597e-03 1.052812e-02))
500.86        	((-4.312836e+00 -1.011337e+02 6.007235e+01) (9.731567e-03 -4.112135e+00 1.332264e+00)) ((5.270440e+01 -2.174315e-02 8.213172e-01) (2.110173e-01 9.716883e-03 1.131138e-02))
500.87        	((-4.091301e+00 -1.007010e+02 5.997596e+01) (3.212281e-03 -4.158792e+00 1.367105e+00)) ((5.454676e+01 -4.696966e-02 6.287645e-01) (2.188120e-01 9.630245e-03 1.209715e-02))
500.88        	((-3.764104e+00 -1.002524e+02 5.962577e+01) (-2.698261e-03 -4.207644e+00 1.399412e+00)) ((5.644776e+01 -7.643726e-02 4.277619e-01) (2.256475e-01 9.430313e-03 1.254848e-02))
500.89        	((-3.368545e+00 -9.974373e+01 5.933042e+01) (-7.792019e-03 -4.255147e+00 1.426140e+00)) ((5.844373e+01 -1.091894e-01 2.241072e-01) (2.355111e-01 9.198107e-03 1.296821e-02))
500.9         	((-2.903648e+00 -9.920489e+01 5.922997e+01) (-1.222083e-02 -4.304985e+00 1.451084e+00)) ((6.061090e+01 -1.462377e-01 2.508070e-02) (2.442944e-01 8.866818e-03 1.310962e-02))
500.91        	((-2.373478e+00 -9.859298e+01 5.938344e+01) (-1.591794e-02 -4.353173e+00 1.471153e+00)) ((6.291978e+01 -1.869539e-01 -1.719448e-01) (2.564582e-01 8.509094e-03 1.325985e-02))
500.92        	((-1.778699e+00 -9.793772e+01 5.962333e+01) (-1.897568e-02 -4.403801e+00 1.490652e+00)) ((6.535706e+01 -2.337037e-01 -3.585720e-01) (2.675815e-01 8.038534e-03 1.320737e-02))
500.93        	((-1.136402e+00 -9.722192e+01 5.997364e+01) (-2.132271e-02 -4.452540e+00 1.506181e+00)) ((6.787338e+01 -2.867410e-01 -5.295777e-01) (2.824947e-01 7.481565e-03 1.309166e-02))
500.94        	((-4.654501e-01 -9.650874e+01 6.046850e+01) (-2.304691e-02 -4.503511e+00 1.521765e+00)) ((7.051713e+01 -3.452921e-01 -6.784072e-01) (2.963673e-01 6.856017e-03 1.279910e-02))
500.95        	((2.136771e-01 -9.575280e+01 6.127201e+01) (-2.412641e-02 -4.552174e+00 1.534136e+00)) ((7.328529e+01 -4.074659e-01 -8.043966e-01) (3.143202e-01 6.191146e-03 1.245319e-02))
500.96        	((8.908269e-01 -9.499789e+01 6.239828e+01) (-2.462293e-02 -4.602891e+00 1.547795e+00)) ((7.621076e+01 -4.708362e-01 -9.084703e-01) (3.317798e-01 5.470949e-03 1.199046e-02))
500.97        	((1.563715e+00 -9.422866e+01 6.393036e+01) (-2.457447e-02 -4.651258e+00 1.559624e+00)) ((7.924710e+01 -5.329238e-01 -9.984378e-01) (3.537898e-01 4.690262e-03 1.154566e-02))
500.98        	((2.209726e+00 -9.350643e+01 6.578445e+01) (-2.401418e-02 -4.701320e+00 1.573680e+00)) ((8.237829e+01 -5.937591e-01 -1.066257e+00) (3.756440e-01 3.860633e-03 1.104230e-02))
500.99        	((2.796704e+00 -9.282085e+01 6.796188e+01) (-2.299053e-02 -4.748686e+00 1.586373e+00)) ((8.551300e+01 -6.523185e-01 -1.105487e+00) (4.019009e-01 2.988773e-03 1.056515e-02))
501           	((3.302049e+00 -9.223739e+01 7.033209e+01) (-2.156589e-02 -4.798229e+00 1.602054e+00)) ((8.862396e+01 -7.070709e-01 -1.116767e+00) (4.279326e-01 2.084208e-03 1.012666e-02))
501.01        	((3.717627e+00 -9.175205e+01 7.298560e+01) (-1.987577e-02 -4.845645e+00 1.617443e+00)) ((9.166106e+01 -7.593488e-01 -1.102693e+00) (4.580610e-01 1.135472e-03 9.817123e-03))
501.02        	((4.029135e+00 -9.141182e+01 7.590536e+01) (-1.812543e-02 -4.894249e+00 1.635740e+00)) ((9.463202e+01 -8.132795e-01 -1.056127e+00) (4.878634e-01 1.578421e-04 9.674785e-03))
501.03        	((4.237809e+00 -9.117798e+01 7.910968e+01) (-1.627617e-02 -4.940856e+00 1.653369e+00)) ((9.748553e+01 -8.650635e-01 -9.875531e-01) (5.209318e-01 -8.446598e-04 9.640160e-03))
501.04        	((4.312917e+00 -9.108483e+01 8.244037e+01) (-1.423716e-02 -4.989217e+00 1.673314e+00)) ((1.002008e+02 -9.110622e-01 -9.011050e-01) (5.533852e-01 -1.807922e-03 9.571281e-03))
501.05        	((4.263605e+00 -9.111043e+01 8.583696e+01) (-1.243294e-02 -5.036195e+00 1.692909e+00)) ((1.026867e+02 -9.506887e-01 -8.091363e-01) (5.887942e-01 -2.850691e-03 9.733059e-03))
501.06        	((4.114874e+00 -9.129358e+01 8.918204e+01) (-1.074307e-02 -5.084640e+00 1.714644e+00)) ((1.048979e+02 -9.883750e-01 -7.169684e-01) (6.234512e-01 -3.878311e-03 1.000653e-02))
501.07        	((3.871176e+00 -9.160107e+01 9.245697e+01) (-9.493208e-03 -5.131624e+00 1.736039e+00)) ((1.067747e+02 -1.024856e+00 -6.258783e-01) (6.601592e-01 -4.942837e-03 1.056105e-02))
501.08        	((3.528923e+00 -9.201983e+01 9.555457e+01) (-8.540833e-03 -5.179869e+00 1.759111e+00)) ((1.083131e+02 -1.056684e+00 -5.407354e-01) (6.958577e-01 -5.955316e-03 1.123212e-02))
501.09        	((3.106468e+00 -9.249548e+01 9.846896e+01) (-8.030938e-03 -5.226950e+00 1.781739e+00)) ((1.095095e+02 -1.081997e+00 -4.651070e-01) (7.329355e-01 -6.952088e-03 1.200232e-02))
501.1         	((2.612639e+00 -9.303533e+01 1.011333e+02) (-8.016993e-03 -5.274923e+00 1.805757e+00)) ((1.103934e+02 -1.100092e+00 -4.015805e-01) (7.689507e-01 -7.928403e-03 1.292155e-02))
501.11        	((2.079037e+00 -9.360289e+01 1.035055e+02) (-8.469971e-03 -5.321623e+00 1.829285e+00)) ((1.109500e+02 -1.109947e+00 -3.560284e-01) (8.058547e-01 -8.869056e-03 1.387384e-02))
501.12        	((1.530404e+00 -9.419933e+01 1.054904e+02) (-9.381482e-03 -5.368593e+00 1.853688e+00)) ((1.111870e+02 -1.109921e+00 -3.327677e-01) (8.415351e-01 -9.774089e-03 1.489882e-02))
501.13        	((9.876682e-01 -9.479563e+01 1.071017e+02) (-1.072632e-02 -5.413946e+00 1.877432e+00)) ((1.111045e+02 -1.098967e+00 -3.324842e-01) (8.774279e-01 -1.065937e-02 1.593618e-02))
501.14        	((4.553651e-01 -9.538390e+01 1.083216e+02) (-1.246285e-02 -5.458791e+00 1.901566e+00)) ((1.107313e+02 -1.077591e+00 -3.499275e-01) (9.118410e-01 -1.152959e-02 1.700643e-02))
501.15        	((-5.888189e-02 -9.593115e+01 1.091965e+02) (-1.493319e-02 -5.501550e+00 1.924317e+00)) ((1.101108e+02 -1.047142e+00 -3.848390e-01) (9.455128e-01 -1.231611e-02 1.824732e-02))
501.16        	((-5.528507e-01 -9.641207e+01 1.096803e+02) (-1.805049e-02 -5.543031e+00 1.946303e+00)) ((1.092793e+02 -1.009420e+00 -4.390213e-01) (9.771414e-01 -1.298372e-02 1.960284e-02))
501.17        	((-1.023951e+00 -9.678413e+01 1.097473e+02) (-2.169082e-02 -5.582332e+00 1.966259e+00)) ((1.082485e+02 -9.656855e-01 -5.122798e-01) (1.007471e+00 -1.354861e-02 2.090779e-02))
501.18        	((-1.466905e+00 -9.702794e+01 1.093484e+02) (-2.576944e-02 -5.619653e+00 1.984270e+00)) ((1.070259e+02 -9.145002e-01 -6.022711e-01) (1.035441e+00 -1.402491e-02 2.219392e-02))
501.19        	((-1.878267e+00 -9.712486e+01 1.084853e+02) (-3.022766e-02 -5.654009e+00 1.999350e+00)) ((1.056215e+02 -8.557787e-01 -7.052176e-01) (1.061512e+00 -1.441047e-02 2.347447e-02))
501.2         	((-2.242004e+00 -9.710921e+01 1.072234e+02) (-3.495577e-02 -5.685717e+00 2.011526e+00)) ((1.040801e+02 -7.937383e-01 -8.147057e-01) (1.084912e+00 -1.470112e-02 2.479814e-02))
501.21        	((-2.554736e+00 -9.697765e+01 1.056214e+02) (-3.989982e-02 -5.714247e+00 2.020213e+00)) ((1.024173e+02 -7.315359e-01 -9.256687e-01) (1.105981e+00 -1.492638e-02 2.612618e-02))
501.22        	((-2.816251e+00 -9.671538e+01 1.036749e+02) (-4.503628e-02 -5.739566e+00 2.025257e+00)) ((1.006382e+02 -6.686252e-01 -1.040156e+00) (1.124254e+00 -1.509412e-02 2.741939e-02))
501.23        	((-3.028778e+00 -9.628510e+01 1.013308e+02) (-5.031818e-02 -5.761057e+00 2.026064e+00)) ((9.873255e+01 -6.040451e-01 -1.158465e+00) (1.139934e+00 -1.520710e-02 2.867002e-02))
501.24        	((-3.179755e+00 -9.567862e+01 9.857431e+01) (-5.569962e-02 -5.778771e+00 2.022507e+00)) ((9.670845e+01 -5.415079e-01 -1.280234e+00) (1.152849e+00 -1.524804e-02 2.981063e-02))
501.25        	((-3.260901e+00 -9.492527e+01 9.546793e+01) (-6.113271e-02 -5.792337e+00 2.014187e+00)) ((9.459003e+01 -4.846380e-01 -1.402301e+00) (1.163190e+00 -1.521169e-02 3.082890e-02))
501.26        	((-3.276334e+00 -9.405688e+01 9.208173e+01) (-6.647939e-02 -5.801779e+00 2.000931e+00)) ((9.239762e+01 -4.332769e-01 -1.517718e+00) (1.170819e+00 -1.510318e-02 3.172076e-02))
501.27        	((-3.237626e+00 -9.308684e+01 8.845123e+01) (-7.166139e-02 -5.806678e+00 1.982299e+00)) ((9.013843e+01 -3.819453e-01 -1.622721e+00) (1.175760e+00 -1.493235e-02 3.250448e-02))
501.28        	((-3.150971e+00 -9.200480e+01 8.454633e+01) (-7.665261e-02 -5.806825e+00 1.958103e+00)) ((8.780294e+01 -3.260373e-01 -1.718061e+00) (1.177910e+00 -1.470513e-02 3.320982e-02))
501.29        	((-3.017487e+00 -9.081922e+01 8.036492e+01) (-8.130667e-02 -5.802065e+00 1.928299e+00)) ((8.539280e+01 -2.664141e-01 -1.803582e+00) (1.177492e+00 -1.440655e-02 3.379385e-02))
501.3         	((-2.840650e+00 -8.954281e+01 7.590830e+01) (-8.555437e-02 -5.792417e+00 1.892901e+00)) ((8.289897e+01 -2.065324e-01 -1.879426e+00) (1.174576e+00 -1.403970e-02 3.422828e-02))
501.31        	((-2.631079e+00 -8.822256e+01 7.125171e+01) (-8.932468e-02 -5.777763e+00 1.851867e+00)) ((8.034756e+01 -1.508404e-01 -1.940982e+00) (1.169291e+00 -1.360895e-02 3.451904e-02))
501.32        	((-2.388735e+00 -8.688912e+01 6.646202e+01) (-9.263178e-02 -5.758001e+00 1.805269e+00)) ((7.776131e+01 -9.974246e-02 -1.988888e+00) (1.161688e+00 -1.312562e-02 3.468650e-02))
501.33        	((-2.115804e+00 -8.555053e+01 6.158108e+01) (-9.545576e-02 -5.732992e+00 1.753207e+00)) ((7.515151e+01 -4.894528e-02 -2.027355e+00) (1.151868e+00 -1.260452e-02 3.475613e-02))
501.34        	((-1.824882e+00 -8.422155e+01 5.663105e+01) (-9.767939e-02 -5.702792e+00 1.695842e+00)) ((7.252971e+01 4.420770e-03 -2.056464e+00) (1.139943e+00 -1.204095e-02 3.465850e-02))
501.35        	((-1.524130e+00 -8.291058e+01 5.159690e+01) (-9.921431e-02 -5.667507e+00 1.633481e+00)) ((6.988732e+01 6.036280e-02 -2.077861e+00) (1.126090e+00 -1.142871e-02 3.432233e-02))
501.36        	((-1.217652e+00 -8.163385e+01 4.649683e+01) (-1.000888e-01 -5.627392e+00 1.566382e+00)) ((6.722975e+01 1.175460e-01 -2.092203e+00) (1.110471e+00 -1.077031e-02 3.374542e-02))
501.37        	((-8.993294e-01 -8.040245e+01 4.136559e+01) (-1.003316e-01 -5.582742e+00 1.494798e+00)) ((6.456830e+01 1.744358e-01 -2.097145e+00) (1.093273e+00 -1.006716e-02 3.294510e-02))
501.38        	((-5.687386e-01 -7.922855e+01 3.622606e+01) (-9.995528e-02 -5.533787e+00 1.419037e+00)) ((6.191195e+01 2.296042e-01 -2.084844e+00) (1.074597e+00 -9.311017e-03 3.199189e-02))
501.39        	((-2.331085e-01 -7.813226e+01 3.108833e+01) (-9.897511e-02 -5.480715e+00 1.339491e+00)) ((5.926919e+01 2.831142e-01 -2.054438e+00) (1.054552e+00 -8.497592e-03 3.092254e-02))
501.4         	((1.107375e-01 -7.712805e+01 2.595789e+01) (-9.734051e-02 -5.423937e+00 1.256624e+00)) ((5.664537e+01 3.354737e-01 -2.012450e+00) (1.033325e+00 -7.641240e-03 2.967543e-02))
501.41        	((4.661299e-01 -7.621497e+01 2.081250e+01) (-9.501258e-02 -5.363673e+00 1.170735e+00)) ((5.403526e+01 3.891073e-01 -1.965903e+00) (1.011061e+00 -6.749929e-03 2.821474e-02))
501.42        	((8.280118e-01 -7.538584e+01 1.564153e+01) (-9.191453e-02 -5.300411e+00 1.082015e+00)) ((5.143733e+01 4.428354e-01 -1.913397e+00) (9.879162e-01 -5.812927e-03 2.652305e-02))
501.43        	((1.189583e+00 -7.464413e+01 1.046214e+01) (-8.807013e-02 -5.234784e+00 9.906898e-01)) ((4.886032e+01 4.924933e-01 -1.849423e+00) (9.640033e-01 -4.821275e-03 2.466037e-02))
501.44        	((1.553403e+00 -7.401498e+01 5.309708e+00) (-8.370724e-02 -5.166965e+00 8.971881e-01)) ((4.632317e+01 5.377200e-01 -1.774832e+00) (9.394066e-01 -3.830227e-03 2.264995e-02))
501.45        	((1.918970e+00 -7.351296e+01 1.938652e-01) (-7.884230e-02 -5.097261e+00 8.017348e-01)) ((4.383770e+01 5.801054e-01 -1.689979e+00) (9.142493e-01 -2.811527e-03 2.053313e-02))
501.46        	((2.286305e+00 -7.313123e+01 -4.897498e+00) (-7.351091e-02 -5.026160e+00 7.044973e-01)) ((4.140427e+01 6.220359e-01 -1.599894e+00) (8.886055e-01 -1.753379e-03 1.822471e-02))
501.47        	((2.657427e+00 -7.286922e+01 -9.979198e+00) (-6.767848e-02 -4.953938e+00 6.057518e-01)) ((3.901683e+01 6.655574e-01 -1.512338e+00) (8.625311e-01 -6.558213e-04 1.573185e-02))
501.48        	((3.027085e+00 -7.272695e+01 -1.507244e+01) (-6.133563e-02 -4.881088e+00 5.057904e-01)) ((3.666768e+01 7.082649e-01 -1.424678e+00) (8.362504e-01 4.343660e-04 1.314441e-02))
501.49        	((3.405522e+00 -7.269171e+01 -2.020418e+01) (-5.455234e-02 -4.808070e+00 4.048485e-01)) ((3.434629e+01 7.490399e-01 -1.342931e+00) (8.099049e-01 1.497278e-03 1.055024e-02))
501.5         	((3.804678e+00 -7.275959e+01 -2.537174e+01) (-4.734446e-02 -4.735103e+00 3.030736e-01)) ((3.205087e+01 7.877262e-01 -1.270516e+00) (7.834954e-01 2.524841e-03 7.951720e-03))
501.51        	((4.219870e+00 -7.292839e+01 -3.058759e+01) (-3.966464e-02 -4.662397e+00 2.003508e-01)) ((2.977898e+01 8.246011e-01 -1.204516e+00) (7.569402e-01 3.593055e-03 5.303756e-03))
501.52        	((4.629016e+00 -7.320546e+01 -3.579304e+01) (-3.151393e-02 -4.590514e+00 9.687306e-02)) ((2.754746e+01 8.575113e-01 -1.138438e+00) (7.303912e-01 4.704851e-03 2.586075e-03))
501.53        	((5.033156e+00 -7.358375e+01 -4.099376e+01) (-2.298476e-02 -4.519926e+00 -7.138988e-03)) ((2.535025e+01 8.875795e-01 -1.074125e+00) (7.040006e-01 5.846363e-03 -1.326607e-04))
501.54        	((5.445633e+00 -7.406634e+01 -4.622623e+01) (-1.402988e-02 -4.450708e+00 -1.118793e-01)) ((2.318196e+01 9.153712e-01 -1.014459e+00) (6.777024e-01 6.961550e-03 -2.921840e-03))
501.55        	((5.878874e+00 -7.465772e+01 -5.153243e+01) (-4.753270e-03 -4.383260e+00 -2.174361e-01)) ((2.103596e+01 9.437479e-01 -9.650205e-01) (6.516320e-01 8.068283e-03 -5.793535e-03))
501.56        	((6.326726e+00 -7.534906e+01 -5.691189e+01) (4.806065e-03 -4.317714e+00 -3.238890e-01)) ((1.890621e+01 9.749907e-01 -9.272775e-01) (6.258192e-01 9.232531e-03 -8.726452e-03))
501.57        	((6.776545e+00 -7.615431e+01 -6.236854e+01) (1.475291e-02 -4.254500e+00 -4.311965e-01)) ((1.677532e+01 1.009286e+00 -9.013076e-01) (6.004047e-01 1.049519e-02 -1.171931e-02))
501.58        	((7.231561e+00 -7.709221e+01 -6.792177e+01) (2.506104e-02 -4.193849e+00 -5.396836e-01)) ((1.461227e+01 1.047029e+00 -8.912409e-01) (5.753052e-01 1.185553e-02 -1.482620e-02))
501.59        	((7.701412e+00 -7.812908e+01 -7.361410e+01) (3.567803e-02 -4.135996e+00 -6.496010e-01)) ((1.241192e+01 1.090353e+00 -8.999081e-01) (5.505396e-01 1.332417e-02 -1.803553e-02))
501.6         	((8.183709e+00 -7.921668e+01 -7.937618e+01) (4.660033e-02 -4.081127e+00 -7.612596e-01)) ((1.020001e+01 1.137594e+00 -9.224949e-01) (5.261513e-01 1.493020e-02 -2.130245e-02))
501.61        	((8.684186e+00 -8.032617e+01 -8.521553e+01) (5.782473e-02 -4.029383e+00 -8.748980e-01)) ((7.973743e+00 1.190581e+00 -9.624906e-01) (5.021495e-01 1.667873e-02 -2.461990e-02))
501.62        	((9.197092e+00 -8.142096e+01 -9.124185e+01) (6.922733e-02 -3.980735e+00 -9.910514e-01)) ((5.686039e+00 1.247874e+00 -1.020229e+00) (4.784136e-01 1.851421e-02 -2.792127e-02))
501.63        	((9.723383e+00 -8.245414e+01 -9.760151e+01) (8.078333e-02 -3.935497e+00 -1.110216e+00)) ((3.276866e+00 1.311916e+00 -1.096778e+00) (4.548724e-01 2.045699e-02 -3.115930e-02))
501.64        	((1.024310e+01 -8.337040e+01 -1.044600e+02) (9.252065e-02 -3.893769e+00 -1.233028e+00)) ((6.856105e-01 1.385904e+00 -1.192591e+00) (4.312855e-01 2.250073e-02 -3.432052e-02))
501.65        	((1.074769e+01 -8.414168e+01 -1.118422e+02) (1.043618e-01 -3.855656e+00 -1.360252e+00)) ((-2.094677e+00 1.465719e+00 -1.306920e+00) (4.074900e-01 2.466985e-02 -3.751070e-02))
501.66        	((1.121832e+01 -8.470945e+01 -1.197915e+02) (1.162049e-01 -3.821475e+00 -1.493005e+00)) ((-5.076629e+00 1.544923e+00 -1.434794e+00) (3.831804e-01 2.694084e-02 -4.069180e-02))
501.67        	((1.163460e+01 -8.499130e+01 -1.283982e+02) (1.279916e-01 -3.791758e+00 -1.632329e+00)) ((-8.281955e+00 1.618547e+00 -1.568411e+00) (3.580675e-01 2.929690e-02 -4.386961e-02))
501.68        	((1.199959e+01 -8.491117e+01 -1.377751e+02) (1.397835e-01 -3.766876e+00 -1.779368e+00)) ((-1.175385e+01 1.683459e+00 -1.701940e+00) (3.317943e-01 3.173116e-02 -4.703834e-02))
501.69        	((1.230806e+01 -8.441252e+01 -1.479967e+02) (1.514746e-01 -3.746880e+00 -1.935234e+00)) ((-1.552613e+01 1.733174e+00 -1.825472e+00) (3.039492e-01 3.421110e-02 -5.016498e-02))
501.7         	((1.256046e+01 -8.353575e+01 -1.589481e+02) (1.629690e-01 -3.731274e+00 -2.101280e+00)) ((-1.955661e+01 1.760683e+00 -1.926139e+00) (2.739290e-01 3.662635e-02 -5.308659e-02))
501.71        	((1.273442e+01 -8.233322e+01 -1.704305e+02) (1.738966e-01 -3.720169e+00 -2.278561e+00)) ((-2.377869e+01 1.760574e+00 -1.998339e+00) (2.413129e-01 3.880137e-02 -5.561785e-02))
501.72        	((1.283369e+01 -8.085106e+01 -1.822866e+02) (1.840220e-01 -3.713712e+00 -2.468067e+00)) ((-2.811813e+01 1.742841e+00 -2.062114e+00) (2.058260e-01 4.057189e-02 -5.763819e-02))
501.73        	((1.287602e+01 -7.912946e+01 -1.943921e+02) (1.934828e-01 -3.711767e+00 -2.669913e+00)) ((-3.249670e+01 1.716472e+00 -2.141820e+00) (1.673072e-01 4.191160e-02 -5.935112e-02))
501.74        	((1.293355e+01 -7.710600e+01 -2.067693e+02) (2.022968e-01 -3.714687e+00 -2.883536e+00)) ((-3.695400e+01 1.690838e+00 -2.276959e+00) (1.259695e-01 4.275054e-02 -6.082086e-02))
501.75        	((1.303687e+01 -7.459593e+01 -2.196114e+02) (2.105899e-01 -3.723501e+00 -3.107809e+00)) ((-4.167449e+01 1.666689e+00 -2.465389e+00) (8.267354e-02 4.312375e-02 -6.219467e-02))
501.76        	((1.315572e+01 -7.135831e+01 -2.331794e+02) (2.185869e-01 -3.738678e+00 -3.341962e+00)) ((-4.692610e+01 1.626785e+00 -2.650849e+00) (3.771629e-02 4.310951e-02 -6.346695e-02))
501.77        	((1.319360e+01 -6.735342e+01 -2.475251e+02) (2.262304e-01 -3.760452e+00 -3.585837e+00)) ((-5.279736e+01 1.548272e+00 -2.760594e+00) (-9.033837e-03 4.271148e-02 -6.464030e-02))
501.78        	((1.313122e+01 -6.272922e+01 -2.623915e+02) (2.333040e-01 -3.787950e+00 -3.838156e+00)) ((-5.912672e+01 1.427840e+00 -2.793048e+00) (-5.730139e-02 4.190582e-02 -6.559866e-02))
501.79        	((1.303765e+01 -5.769333e+01 -2.774641e+02) (2.398211e-01 -3.820280e+00 -4.098042e+00)) ((-6.566355e+01 1.279859e+00 -2.807666e+00) (-1.073166e-01 4.070274e-02 -6.630230e-02))
501.8         	((1.298585e+01 -5.240806e+01 -2.923819e+02) (2.456476e-01 -3.856698e+00 -4.364555e+00)) ((-7.213761e+01 1.130149e+00 -2.850438e+00) (-1.590496e-01 3.918510e-02 -6.669759e-02))
501.81        	((1.298909e+01 -4.693874e+01 -3.069884e+02) (2.509266e-01 -3.896627e+00 -4.636697e+00)) ((-7.845168e+01 9.910464e-01 -2.907869e+00) (-2.124471e-01 3.745455e-02 -6.691154e-02))
501.82        	((1.301235e+01 -4.129196e+01 -3.212116e+02) (2.555908e-01 -3.939275e+00 -4.913608e+00)) ((-8.461391e+01 8.592381e-01 -2.940425e+00) (-2.676416e-01 3.551759e-02 -6.694125e-02))
501.83        	((1.301836e+01 -3.545577e+01 -3.350638e+02) (2.594086e-01 -3.983915e+00 -5.194401e+00)) ((-9.068146e+01 7.276976e-01 -2.923921e+00) (-3.248597e-01 3.338832e-02 -6.666955e-02))
501.84        	((1.298632e+01 -2.956966e+01 -3.485566e+02) (2.621672e-01 -4.029674e+00 -5.477891e+00)) ((-9.662456e+01 5.947248e-01 -2.862229e+00) (-3.842302e-01 3.105508e-02 -6.605584e-02))
501.85        	((1.294542e+01 -2.348709e+01 -3.615756e+02) (2.637700e-01 -4.075549e+00 -5.762272e+00)) ((-1.024627e+02 4.606793e-01 -2.775609e+00) (-4.452879e-01 2.852940e-02 -6.500354e-02))
501.86        	((1.289825e+01 -1.719415e+01 -3.738935e+02) (2.643523e-01 -4.120324e+00 -6.045592e+00)) ((-1.081126e+02 3.301212e-01 -2.674881e+00) (-5.076883e-01 2.567805e-02 -6.352256e-02))
501.87        	((1.282599e+01 -1.081430e+01 -3.853222e+02) (2.638490e-01 -4.162323e+00 -6.324808e+00)) ((-1.134630e+02 2.086080e-01 -2.562357e+00) (-5.706892e-01 2.285176e-02 -6.176573e-02))
501.88        	((1.269983e+01 -4.491836e+00 -3.957432e+02) (2.621963e-01 -4.200128e+00 -6.597526e+00)) ((-1.184427e+02 1.001501e-01 -2.434969e+00) (-6.335691e-01 2.016839e-02 -5.985025e-02))
501.89        	((1.249584e+01 1.731306e+00 -4.051309e+02) (2.593909e-01 -4.232297e+00 -6.861018e+00)) ((-1.230477e+02 5.503956e-03 -2.294811e+00) (-6.955271e-01 1.760759e-02 -5.774010e-02))
501.9         	((1.221406e+01 7.919424e+00 -4.134882e+02) (2.553641e-01 -4.257128e+00 -7.112319e+00)) ((-1.273104e+02 -7.965201e-02 -2.150930e+00) (-7.557957e-01 1.505645e-02 -5.553478e-02))
501.91        	((1.186168e+01 1.416220e+01 -4.208208e+02) (2.503511e-01 -4.273189e+00 -7.348305e+00)) ((-1.312578e+02 -1.576646e-01 -2.012499e+00) (-8.138132e-01 1.273421e-02 -5.318443e-02))
501.92        	((1.144877e+01 2.051769e+01 -4.270999e+02) (2.442672e-01 -4.278818e+00 -7.566970e+00)) ((-1.349002e+02 -2.269951e-01 -1.885054e+00) (-8.687458e-01 1.073077e-02 -5.093376e-02))
501.93        	((1.096386e+01 2.699884e+01 -4.323232e+02) (2.373413e-01 -4.272828e+00 -7.765706e+00)) ((-1.382357e+02 -2.868444e-01 -1.770741e+00) (-9.201411e-01 9.058744e-03 -4.857575e-02))
501.94        	((1.040469e+01 3.361114e+01 -4.365420e+02) (2.294994e-01 -4.253841e+00 -7.942868e+00)) ((-1.412767e+02 -3.424442e-01 -1.662559e+00) (-9.670852e-01 7.775320e-03 -4.638120e-02))
501.95        	((9.778534e+00 4.037991e+01 -4.398595e+02) (2.211659e-01 -4.221422e+00 -8.096673e+00)) ((-1.440499e+02 -3.949979e-01 -1.558825e+00) (-1.009474e+00 6.827669e-03 -4.402979e-02))
501.96        	((9.115008e+00 4.734833e+01 -4.423970e+02) (2.121219e-01 -4.174753e+00 -8.226585e+00)) ((-1.466078e+02 -4.449992e-01 -1.458532e+00) (-1.046487e+00 6.219868e-03 -4.189494e-02))
501.97        	((8.433587e+00 5.456387e+01 -4.443124e+02) (2.029122e-01 -4.114184e+00 -8.332010e+00)) ((-1.490061e+02 -4.903605e-01 -1.372001e+00) (-1.078462e+00 5.862432e-03 -3.958541e-02))
501.98        	((7.753095e+00 6.207056e+01 -4.457690e+02) (1.931634e-01 -4.039850e+00 -8.414177e+00)) ((-1.513086e+02 -5.321195e-01 -1.297006e+00) (-1.104585e+00 5.750767e-03 -3.764750e-02))
501.99        	((7.076285e+00 6.986772e+01 -4.469364e+02) (1.834866e-01 -3.953214e+00 -8.473757e+00)) ((-1.535810e+02 -5.678989e-01 -1.238526e+00) (-1.125864e+00 5.643422e-03 -3.533690e-02))
502           	((6.429200e+00 7.791873e+01 -4.479067e+02) (1.735563e-01 -3.855043e+00 -8.513415e+00)) ((-1.558606e+02 -5.966193e-01 -1.190518e+00) (-1.141729e+00 5.616502e-03 -3.337735e-02))
502.01        	((5.814489e+00 8.613508e+01 -4.487562e+02) (1.641889e-01 -3.747571e+00 -8.535156e+00)) ((-1.581498e+02 -6.150537e-01 -1.160019e+00) (-1.153412e+00 5.654214e-03 -3.122088e-02))
502.02        	((5.250175e+00 9.439902e+01 -4.495174e+02) (1.547831e-01 -3.632055e+00 -8.542796e+00)) ((-1.604445e+02 -6.249425e-01 -1.138150e+00) (-1.160348e+00 5.808593e-03 -2.978437e-02))
502.03        	((4.730061e+00 1.025665e+02 -4.501915e+02) (1.469755e-01 -3.512463e+00 -8.538145e+00)) ((-1.627047e+02 -6.188468e-01 -1.131130e+00) (-1.164968e+00 6.153723e-03 -2.757825e-02))
502.04        	((4.274762e+00 1.105179e+02 -4.506871e+02) (1.392408e-01 -3.389426e+00 -8.525762e+00)) ((-1.648768e+02 -6.012793e-01 -1.127860e+00) (-1.166081e+00 6.512437e-03 -2.605331e-02))
502.05        	((3.877786e+00 1.181165e+02 -4.509501e+02) (1.323119e-01 -3.265718e+00 -8.508526e+00)) ((-1.669212e+02 -5.758817e-01 -1.131187e+00) (-1.165353e+00 6.851014e-03 -2.430052e-02))
502.06        	((3.541210e+00 1.252403e+02 -4.509102e+02) (1.256361e-01 -3.143207e+00 -8.489451e+00)) ((-1.687891e+02 -5.478510e-01 -1.132922e+00) (-1.163434e+00 7.035830e-03 -2.289976e-02))
502.07        	((3.238362e+00 1.318056e+02 -4.505251e+02) (1.196933e-01 -3.022956e+00 -8.471587e+00)) ((-1.704433e+02 -5.152252e-01 -1.137574e+00) (-1.160705e+00 7.072593e-03 -2.132358e-02))
502.08        	((2.971074e+00 1.377635e+02 -4.497750e+02) (1.140482e-01 -2.906365e+00 -8.456729e+00)) ((-1.718482e+02 -4.787969e-01 -1.137670e+00) (-1.158625e+00 7.011178e-03 -2.007225e-02))
502.09        	((2.738319e+00 1.431199e+02 -4.486368e+02) (1.087838e-01 -2.793835e+00 -8.446877e+00)) ((-1.729851e+02 -4.383429e-01 -1.131020e+00) (-1.157176e+00 6.901879e-03 -1.894149e-02))
502.1         	((2.539914e+00 1.478950e+02 -4.470841e+02) (1.038352e-01 -2.685937e+00 -8.442779e+00)) ((-1.738462e+02 -3.997802e-01 -1.116362e+00) (-1.156917e+00 6.644950e-03 -1.791778e-02))
502.11        	((2.373663e+00 1.521220e+02 -4.450485e+02) (9.937265e-02 -2.583027e+00 -8.445369e+00)) ((-1.744251e+02 -3.638554e-01 -1.092272e+00) (-1.158174e+00 6.371335e-03 -1.701774e-02))
502.12        	((2.237965e+00 1.558398e+02 -4.424461e+02) (9.520273e-02 -2.484894e+00 -8.454674e+00)) ((-1.747093e+02 -3.311122e-01 -1.057400e+00) (-1.161132e+00 6.098388e-03 -1.615078e-02))
502.13        	((2.125585e+00 1.590871e+02 -4.392355e+02) (9.132092e-02 -2.391205e+00 -8.470136e+00)) ((-1.746853e+02 -3.056997e-01 -1.014442e+00) (-1.165901e+00 5.844925e-03 -1.532519e-02))
502.14        	((2.033558e+00 1.619132e+02 -4.354000e+02) (8.769807e-02 -2.301557e+00 -8.490751e+00)) ((-1.743481e+02 -2.883545e-01 -9.650807e-01) (-1.172402e+00 5.603408e-03 -1.453043e-02))
502.15        	((1.962650e+00 1.643847e+02 -4.309620e+02) (8.435309e-02 -2.215622e+00 -8.515585e+00)) ((-1.737065e+02 -2.761757e-01 -9.113391e-01) (-1.180507e+00 5.310596e-03 -1.371387e-02))
502.16        	((1.918970e+00 1.665596e+02 -4.259711e+02) (8.118721e-02 -2.132874e+00 -8.543487e+00)) ((-1.727796e+02 -2.645356e-01 -8.541997e-01) (-1.190008e+00 5.032556e-03 -1.289608e-02))
502.17        	((1.901017e+00 1.684813e+02 -4.204253e+02) (7.821534e-02 -2.052759e+00 -8.573047e+00)) ((-1.715797e+02 -2.543451e-01 -7.944497e-01) (-1.200525e+00 4.790200e-03 -1.205244e-02))
502.18        	((1.900119e+00 1.701812e+02 -4.142954e+02) (7.541199e-02 -1.974679e+00 -8.602888e+00)) ((-1.701155e+02 -2.489230e-01 -7.319647e-01) (-1.211730e+00 4.549784e-03 -1.115903e-02))
502.19        	((1.910715e+00 1.716905e+02 -4.075880e+02) (7.268765e-02 -1.898064e+00 -8.631733e+00)) ((-1.683973e+02 -2.489347e-01 -6.679093e-01) (-1.223364e+00 4.244198e-03 -1.019021e-02))
502.2         	((1.933391e+00 1.730393e+02 -4.003169e+02) (7.007294e-02 -1.822062e+00 -8.657890e+00)) ((-1.664263e+02 -2.503904e-01 -6.028694e-01) (-1.235268e+00 3.925916e-03 -9.149074e-03))
502.21        	((1.968702e+00 1.742627e+02 -3.925436e+02) (6.788185e-02 -1.745991e+00 -8.679547e+00)) ((-1.642060e+02 -2.500905e-01 -5.357258e-01) (-1.247146e+00 3.793139e-03 -8.125370e-03))
502.22        	((2.022832e+00 1.753746e+02 -3.843678e+02) (6.502020e-02 -1.669029e+00 -8.696202e+00)) ((-1.617528e+02 -2.507830e-01 -4.631044e-01) (-1.259100e+00 3.430865e-03 -6.855816e-03))
502.23        	((2.083227e+00 1.763887e+02 -3.757963e+02) (6.244978e-02 -1.590512e+00 -8.705685e+00)) ((-1.590774e+02 -2.516338e-01 -3.856639e-01) (-1.270733e+00 3.102516e-03 -5.674632e-03))
502.24        	((2.134143e+00 1.773031e+02 -3.668109e+02) (6.042995e-02 -1.509741e+00 -8.707540e+00)) ((-1.561916e+02 -2.531785e-01 -3.068272e-01) (-1.281944e+00 3.000133e-03 -4.646277e-03))
502.25        	((2.168728e+00 1.781163e+02 -3.574323e+02) (5.836734e-02 -1.426173e+00 -8.700668e+00)) ((-1.531191e+02 -2.587556e-01 -2.273215e-01) (-1.292464e+00 2.961591e-03 -3.592378e-03))
502.26        	((2.181963e+00 1.788558e+02 -3.477198e+02) (5.662137e-02 -1.339403e+00 -8.684129e+00)) ((-1.498678e+02 -2.672192e-01 -1.462605e-01) (-1.302138e+00 2.946231e-03 -2.571814e-03))
502.27        	((2.181672e+00 1.795092e+02 -3.377512e+02) (5.440478e-02 -1.248590e+00 -8.657367e+00)) ((-1.464506e+02 -2.792781e-01 -5.924009e-02) (-1.310941e+00 2.859060e-03 -1.342063e-03))
502.28        	((2.162555e+00 1.800514e+02 -3.275024e+02) (5.240283e-02 -1.153611e+00 -8.619949e+00)) ((-1.428664e+02 -2.909798e-01 3.048309e-02) (-1.318612e+00 2.743865e-03 -2.256284e-04))
502.29        	((2.114845e+00 1.804618e+02 -3.169317e+02) (5.043647e-02 -1.054147e+00 -8.571138e+00)) ((-1.391156e+02 -3.015567e-01 1.190630e-01) (-1.325063e+00 2.605205e-03 8.984909e-04))
502.3         	((2.037886e+00 1.807308e+02 -3.060794e+02) (4.819402e-02 -9.500560e-01 -8.510425e+00)) ((-1.352072e+02 -3.117709e-01 2.068375e-01) (-1.330376e+00 2.390720e-03 2.123853e-03))
502.31        	((1.933137e+00 1.808399e+02 -2.950374e+02) (4.674248e-02 -8.408031e-01 -8.437576e+00)) ((-1.311632e+02 -3.178044e-01 2.924591e-01) (-1.334693e+00 2.379815e-03 3.074641e-03))
502.32        	((1.798782e+00 1.807704e+02 -2.838058e+02) (4.451173e-02 -7.268718e-01 -8.352340e+00)) ((-1.269879e+02 -3.243401e-01 3.820814e-01) (-1.337782e+00 2.320614e-03 4.175989e-03))
502.33        	((1.635998e+00 1.804738e+02 -2.723244e+02) (4.240074e-02 -6.081483e-01 -8.254513e+00)) ((-1.226821e+02 -3.268010e-01 4.708222e-01) (-1.339694e+00 2.232608e-03 5.163242e-03))
502.34        	((1.448543e+00 1.799306e+02 -2.606546e+02) (3.925202e-02 -4.847456e-01 -8.143842e+00)) ((-1.182676e+02 -3.294550e-01 5.552376e-01) (-1.340344e+00 1.752991e-03 6.430567e-03))
502.35        	((1.239861e+00 1.791281e+02 -2.488463e+02) (3.681315e-02 -3.568830e-01 -8.020200e+00)) ((-1.137586e+02 -3.214055e-01 6.302526e-01) (-1.339866e+00 1.479180e-03 7.322085e-03))
502.36        	((1.004843e+00 1.780515e+02 -2.368629e+02) (3.311893e-02 -2.251707e-01 -7.883571e+00)) ((-1.091514e+02 -3.133788e-01 7.024405e-01) (-1.338236e+00 8.808868e-04 8.524041e-03))
502.37        	((7.453764e-01 1.766590e+02 -2.247287e+02) (3.009474e-02 -8.986102e-02 -7.734745e+00)) ((-1.044598e+02 -2.982770e-01 7.664264e-01) (-1.335596e+00 5.353298e-04 9.319091e-03))
502.38        	((4.727982e-01 1.749238e+02 -2.124965e+02) (2.619752e-02 4.816080e-02 -7.573973e+00)) ((-9.970190e+01 -2.856003e-01 8.262719e-01) (-1.331922e+00 7.939524e-05 1.035779e-02))
502.39        	((1.975783e-01 1.728198e+02 -2.001454e+02) (2.219305e-02 1.878872e-01 -7.401638e+00)) ((-9.488478e+01 -2.752457e-01 8.802442e-01) (-1.327188e+00 -3.837452e-04 1.133485e-02))
502.4         	((-7.899938e-02 1.703403e+02 -1.876352e+02) (1.789162e-02 3.286608e-01 -7.218097e+00)) ((-9.001097e+01 -2.672153e-01 9.277994e-01) (-1.321359e+00 -9.377783e-04 1.227308e-02))
502.41        	((-3.490572e-01 1.674625e+02 -1.750310e+02) (1.332984e-02 4.697060e-01 -7.023829e+00)) ((-8.510161e+01 -2.570307e-01 9.693765e-01) (-1.314413e+00 -1.553938e-03 1.316423e-02))
502.42        	((-5.987025e-01 1.641611e+02 -1.623452e+02) (8.726269e-03 6.101520e-01 -6.819556e+00)) ((-8.016784e+01 -2.386814e-01 1.005411e+00) (-1.306464e+00 -2.275885e-03 1.399565e-02))
502.43        	((-8.200980e-01 1.604353e+02 -1.495668e+02) (3.980118e-03 7.490767e-01 -6.605803e+00)) ((-7.522266e+01 -2.181907e-01 1.036811e+00) (-1.297472e+00 -3.085365e-03 1.480267e-02))
502.44        	((-1.008001e+00 1.562848e+02 -1.367351e+02) (-1.161275e-03 8.856035e-01 -6.383445e+00)) ((-7.028568e+01 -2.017180e-01 1.065738e+00) (-1.287582e+00 -4.026400e-03 1.565403e-02))
502.45        	((-1.160388e+00 1.517070e+02 -1.238707e+02) (-6.279143e-03 1.018937e+00 -6.153149e+00)) ((-6.536663e+01 -1.850437e-01 1.094352e+00) (-1.276771e+00 -5.027233e-03 1.645006e-02))
502.46        	((-1.268150e+00 1.467070e+02 -1.109115e+02) (-1.152723e-02 1.148120e+00 -5.915567e+00)) ((-6.046235e+01 -1.625315e-01 1.124562e+00) (-1.265061e+00 -6.139674e-03 1.741677e-02))
502.47        	((-1.311150e+00 1.413015e+02 -9.787508e+01) (-1.657961e-02 1.272111e+00 -5.671306e+00)) ((-5.559099e+01 -1.339353e-01 1.157526e+00) (-1.252406e+00 -7.238315e-03 1.833978e-02))
502.48        	((-1.278544e+00 1.355078e+02 -8.480514e+01) (-2.125941e-02 1.390248e+00 -5.421199e+00)) ((-5.076948e+01 -1.012436e-01 1.191648e+00) (-1.238864e+00 -8.334711e-03 1.921155e-02))
502.49        	((-1.218057e+00 1.290062e+02 -7.117128e+01) (-2.558430e-02 1.501454e+00 -5.159359e+00)) ((-4.581372e+01 -6.643749e-02 1.228386e+00) (-1.224223e+00 -9.254451e-03 2.015686e-02))
502.5         	((-1.017888e+00 1.225622e+02 -5.787605e+01) (-3.015725e-02 1.604940e+00 -4.902087e+00)) ((-4.108718e+01 -3.111735e-02 1.266427e+00) (-1.209430e+00 -1.018481e-02 2.172920e-02))
502.51        	((-7.116654e-01 1.157258e+02 -4.448085e+01) (-3.390793e-02 1.700128e+00 -4.634107e+00)) ((-3.642952e+01 1.303864e-02 1.313023e+00) (-1.193734e+00 -1.086383e-02 2.306607e-02))
502.52        	((-2.408511e-01 1.086528e+02 -3.093248e+01) (-3.679879e-02 1.786996e+00 -4.364580e+00)) ((-3.183479e+01 6.528387e-02 1.380068e+00) (-1.177806e+00 -1.099476e-02 2.467776e-02))
502.53        	((4.172043e-01 1.015646e+02 -1.732644e+01) (-3.914616e-02 1.865513e+00 -4.095391e+00)) ((-2.731703e+01 1.131479e-01 1.469821e+00) (-1.162484e+00 -1.008300e-02 2.709886e-02))
502.54        	((1.241329e+00 9.457705e+01 -3.746382e+00) (-4.067192e-02 1.935531e+00 -3.825819e+00)) ((-2.289470e+01 1.454252e-01 1.576810e+00) (-1.147887e+00 -9.210008e-03 2.976576e-02))
502.55        	((2.201339e+00 8.770771e+01 9.851829e+00) (-4.125409e-02 1.996970e+00 -3.555830e+00)) ((-1.858609e+01 1.630602e-01 1.702836e+00) (-1.134141e+00 -8.353438e-03 3.276020e-02))
502.56        	((3.304992e+00 8.095684e+01 2.361513e+01) (-4.042414e-02 2.048617e+00 -3.284495e+00)) ((-1.439825e+01 1.694641e-01 1.852269e+00) (-1.120522e+00 -7.744047e-03 3.573005e-02))
502.57        	((4.563926e+00 7.432822e+01 3.764664e+01) (-3.863431e-02 2.089875e+00 -3.010839e+00)) ((-1.034394e+01 1.574737e-01 2.040066e+00) (-1.107138e+00 -7.060323e-03 3.876278e-02))
502.58        	((5.958888e+00 6.784199e+01 5.207969e+01) (-3.568826e-02 2.120577e+00 -2.733974e+00)) ((-6.461513e+00 1.181359e-01 2.285247e+00) (-1.094773e+00 -6.277254e-03 4.219919e-02))
502.59        	((7.416367e+00 6.147749e+01 6.711275e+01) (-3.100022e-02 2.141581e+00 -2.456305e+00)) ((-2.761248e+00 4.711588e-02 2.572028e+00) (-1.086774e+00 -5.296314e-03 4.616749e-02))
502.6         	((8.948611e+00 5.516792e+01 8.301948e+01) (-2.484794e-02 2.148494e+00 -2.173956e+00)) ((7.687940e-01 -4.013618e-02 2.873220e+00) (-1.081951e+00 -4.201457e-03 5.069711e-02))
502.61        	((1.053182e+01 4.878392e+01 1.001309e+02) (-1.685010e-02 2.139045e+00 -1.884412e+00)) ((3.975985e+00 -9.762808e-02 3.160462e+00) (-1.080787e+00 -3.363651e-03 5.609642e-02))
502.62        	((1.210398e+01 4.196061e+01 1.191076e+02) (-7.349389e-03 2.112536e+00 -1.588176e+00)) ((6.610836e+00 -1.089898e-01 3.435921e+00) (-1.083645e+00 -3.148222e-03 6.158609e-02))
502.63        	((1.374705e+01 3.405298e+01 1.405656e+02) (3.674138e-03 2.065956e+00 -1.282903e+00)) ((8.599434e+00 -1.216605e-01 3.737647e+00) (-1.091741e+00 -3.233454e-03 6.732657e-02))
502.64        	((1.546603e+01 2.420968e+01 1.648843e+02) (1.660738e-02 1.997652e+00 -9.696906e-01)) ((1.016639e+01 -2.384439e-01 4.089756e+00) (-1.103209e+00 -3.362794e-03 7.294182e-02))
502.65        	((1.676258e+01 1.144194e+01 1.922960e+02) (3.087774e-02 1.909373e+00 -6.500470e-01)) ((1.147897e+01 -4.125585e-01 4.301497e+00) (-1.114912e+00 -3.555836e-03 7.805231e-02))
502.66        	((1.748721e+01 -4.650276e+00 2.227173e+02) (4.448661e-02 1.805014e+00 -3.261510e-01)) ((1.267609e+01 -6.319160e-01 4.290592e+00) (-1.124123e+00 -3.046019e-03 8.204752e-02))
502.67        	((1.811329e+01 -2.213213e+01 2.532631e+02) (5.828591e-02 1.686278e+00 9.087062e-03)) ((1.426854e+01 -9.166308e-01 4.248623e+00) (-1.131027e+00 -2.085568e-03 8.517074e-02))
502.68        	((1.883260e+01 -3.832620e+01 2.799977e+02) (7.384685e-02 1.555877e+00 3.574595e-01)) ((1.679246e+01 -1.232113e+00 4.424333e+00) (-1.135820e+00 -6.822542e-04 8.788532e-02))
502.69        	((1.967060e+01 -5.195872e+01 3.010818e+02) (9.521738e-02 1.418474e+00 7.226312e-01)) ((2.015509e+01 -1.569001e+00 4.853585e+00) (-1.138899e+00 7.856481e-04 9.138807e-02))
502.7         	((2.050264e+01 -6.336335e+01 3.172989e+02) (1.239790e-01 1.276975e+00 1.107904e+00)) ((2.371535e+01 -1.956329e+00 5.468806e+00) (-1.140708e+00 1.410128e-03 9.638182e-02))
502.71        	((2.132734e+01 -7.333559e+01 3.301468e+02) (1.598585e-01 1.132617e+00 1.513146e+00)) ((2.704893e+01 -2.435967e+00 6.193994e+00) (-1.139899e+00 9.294151e-04 1.022286e-01))
502.72        	((2.195531e+01 -8.241772e+01 3.403038e+02) (2.011012e-01 9.863762e-01 1.931192e+00)) ((3.005478e+01 -2.939628e+00 6.973362e+00) (-1.135155e+00 -5.060563e-04 1.085633e-01))
502.73        	((2.228431e+01 -9.080732e+01 3.475005e+02) (2.462108e-01 8.358401e-01 2.348498e+00)) ((3.291162e+01 -3.321858e+00 7.643113e+00) (-1.126225e+00 -2.125075e-03 1.139064e-01))
502.74        	((2.250673e+01 -9.789788e+01 3.499969e+02) (2.933720e-01 6.817471e-01 2.754970e+00)) ((3.529549e+01 -3.498575e+00 8.035974e+00) (-1.112181e+00 -3.203906e-03 1.177171e-01))
502.75        	((2.282898e+01 -1.027335e+02 3.458783e+02) (3.411476e-01 5.291586e-01 3.141109e+00)) ((3.648645e+01 -3.461077e+00 8.161238e+00) (-1.093004e+00 -3.712105e-03 1.197526e-01))
502.76        	((2.317770e+01 -1.047888e+02 3.347808e+02) (3.885477e-01 3.835005e-01 3.506876e+00)) ((3.603989e+01 -3.276810e+00 8.146807e+00) (-1.069443e+00 -3.328054e-03 1.206438e-01))
502.77        	((2.336008e+01 -1.041524e+02 3.185091e+02) (4.341410e-01 2.532620e-01 3.835420e+00)) ((3.421610e+01 -3.000319e+00 8.106955e+00) (-1.039489e+00 -2.883950e-03 1.203568e-01))
502.78        	((2.321877e+01 -1.012230e+02 2.994224e+02) (4.785454e-01 1.385700e-01 4.134601e+00)) ((3.170983e+01 -2.659981e+00 8.078339e+00) (-1.003636e+00 -1.952003e-03 1.193225e-01))
502.79        	((2.285398e+01 -9.654909e+01 2.793619e+02) (5.211996e-01 3.877371e-02 4.400588e+00)) ((2.912377e+01 -2.255558e+00 7.993619e+00) (-9.612006e-01 -7.393414e-04 1.176020e-01))
502.8         	((2.238386e+01 -9.069695e+01 2.589804e+02) (5.619905e-01 -4.896873e-02 4.628454e+00)) ((2.668466e+01 -1.815789e+00 7.780425e+00) (-9.128136e-01 1.234061e-03 1.149508e-01))
502.81        	((2.192033e+01 -8.418467e+01 2.385423e+02) (6.038979e-01 -1.239252e-01 4.820086e+00)) ((2.434885e+01 -1.383797e+00 7.428791e+00) (-8.585459e-01 5.496479e-04 1.105928e-01))
502.82        	((2.126632e+01 -7.750356e+01 2.176566e+02) (6.432071e-01 -1.865193e-01 4.969274e+00)) ((2.201105e+01 -9.851478e-01 6.996895e+00) (-8.012747e-01 -4.480856e-04 1.050754e-01))
502.83        	((2.033450e+01 -7.095107e+01 1.964038e+02) (6.796913e-01 -2.370761e-01 5.074932e+00)) ((1.962533e+01 -6.196893e-01 6.541934e+00) (-7.428257e-01 -1.648327e-03 9.827274e-02))
502.84        	((1.918827e+01 -6.466860e+01 1.753753e+02) (7.130233e-01 -2.764078e-01 5.136839e+00)) ((1.722706e+01 -2.854252e-01 6.110821e+00) (-6.853774e-01 -2.735661e-03 9.048713e-02))
502.85        	((1.793797e+01 -5.874419e+01 1.551857e+02) (7.434269e-01 -3.049932e-01 5.157366e+00)) ((1.485564e+01 7.876174e-03 5.742234e+00) (-6.298861e-01 -3.669245e-03 8.208884e-02))
502.86        	((1.665621e+01 -5.332669e+01 1.362475e+02) (7.703952e-01 -3.234745e-01 5.140713e+00)) ((1.252512e+01 2.380298e-01 5.470566e+00) (-5.766284e-01 -4.514470e-03 7.339921e-02))
502.87        	((1.532014e+01 -4.857648e+01 1.187519e+02) (7.941150e-01 -3.334215e-01 5.090719e+00)) ((1.024096e+01 3.863010e-01 5.317529e+00) (-5.261450e-01 -5.305220e-03 6.468200e-02))
502.88        	((1.385138e+01 -4.460041e+01 1.029508e+02) (8.144624e-01 -3.364970e-01 5.014462e+00)) ((8.030032e+00 4.607913e-01 5.271072e+00) (-4.794855e-01 -6.200793e-03 5.610716e-02))
502.89        	((1.231933e+01 -4.120299e+01 8.878995e+01) (8.313715e-01 -3.338414e-01 4.912865e+00)) ((5.890700e+00 4.769175e-01 5.329217e+00) (-4.363856e-01 -7.037083e-03 4.775686e-02))
502.9         	((1.091497e+01 -3.822648e+01 7.585624e+01) (8.447658e-01 -3.265937e-01 4.784748e+00)) ((3.812233e+00 4.434184e-01 5.479491e+00) (-3.961139e-01 -7.937059e-03 3.983940e-02))
502.91        	((9.595311e+00 -3.562061e+01 6.412788e+01) (8.548255e-01 -3.160333e-01 4.638525e+00)) ((1.883615e+00 3.745320e-01 5.676013e+00) (-3.601471e-01 -8.723893e-03 3.270251e-02))
502.92        	((8.249171e+00 -3.333828e+01 5.384704e+01) (8.617541e-01 -3.035052e-01 4.478488e+00)) ((1.838248e-01 2.759227e-01 5.892667e+00) (-3.283780e-01 -9.416440e-03 2.650357e-02))
502.93        	((6.851538e+00 -3.140264e+01 4.532718e+01) (8.653057e-01 -2.899318e-01 4.308157e+00)) ((-1.272992e+00 1.498800e-01 6.129703e+00) (-3.005854e-01 -1.005851e-02 2.140506e-02))
502.94        	((5.485567e+00 -2.982654e+01 3.862984e+01) (8.653931e-01 -2.757487e-01 4.130861e+00)) ((-2.523211e+00 2.807076e-03 6.379672e+00) (-2.765607e-01 -1.064358e-02 1.736095e-02))
502.95        	((4.249928e+00 -2.855943e+01 3.356204e+01) (8.621412e-01 -2.615497e-01 3.949932e+00)) ((-3.583514e+00 -1.583447e-01 6.627026e+00) (-2.560991e-01 -1.122665e-02 1.426391e-02))
502.96        	((3.187462e+00 -2.752860e+01 2.982343e+01) (8.560561e-01 -2.478002e-01 3.768585e+00)) ((-4.414294e+00 -3.324950e-01 6.846746e+00) (-2.389796e-01 -1.190806e-02 1.208987e-02))
502.97        	((2.300346e+00 -2.663388e+01 2.706663e+01) (8.476174e-01 -2.350236e-01 3.589366e+00)) ((-4.996545e+00 -5.139345e-01 7.021778e+00) (-2.247596e-01 -1.270775e-02 1.072603e-02))
502.98        	((1.586746e+00 -2.583215e+01 2.512410e+01) (8.371250e-01 -2.235286e-01 3.413966e+00)) ((-5.342392e+00 -6.933942e-01 7.151892e+00) (-2.130051e-01 -1.366014e-02 1.011618e-02))
502.99        	((1.080981e+00 -2.513749e+01 2.394919e+01) (8.248636e-01 -2.136203e-01 3.243335e+00)) ((-5.488857e+00 -8.605664e-01 7.235469e+00) (-2.032973e-01 -1.484532e-02 1.016744e-02))
503           	((8.081322e-01 -2.459118e+01 2.351973e+01) (8.110456e-01 -2.052429e-01 3.078756e+00)) ((-5.466587e+00 -1.013079e+00 7.280800e+00) (-1.951463e-01 -1.620930e-02 1.070618e-02))
503.01        	((7.371393e-01 -2.420615e+01 2.375247e+01) (7.960650e-01 -1.985851e-01 2.921638e+00)) ((-5.308020e+00 -1.157194e+00 7.306767e+00) (-1.882671e-01 -1.767272e-02 1.164371e-02))
503.02        	((8.401786e-01 -2.396981e+01 2.457219e+01) (7.803424e-01 -1.940722e-01 2.772692e+00)) ((-5.031067e+00 -1.301117e+00 7.324287e+00) (-1.825106e-01 -1.940242e-02 1.290043e-02))
503.03        	((1.095535e+00 -2.384246e+01 2.588211e+01) (7.642206e-01 -1.917593e-01 2.632613e+00)) ((-4.656607e+00 -1.448226e+00 7.334890e+00) (-1.775896e-01 -2.143939e-02 1.440875e-02))
503.04        	((1.510495e+00 -2.379551e+01 2.752737e+01) (7.479575e-01 -1.917077e-01 2.501778e+00)) ((-4.221177e+00 -1.595862e+00 7.335670e+00) (-1.732927e-01 -2.379267e-02 1.606234e-02))
503.05        	((2.092464e+00 -2.385145e+01 2.939946e+01) (7.317292e-01 -1.939608e-01 2.380375e+00)) ((-3.749838e+00 -1.736843e+00 7.328947e+00) (-1.694811e-01 -2.633953e-02 1.779308e-02))
503.06        	((2.833777e+00 -2.404753e+01 3.145993e+01) (7.157871e-01 -1.985345e-01 2.268246e+00)) ((-3.262309e+00 -1.865424e+00 7.323369e+00) (-1.661332e-01 -2.904784e-02 1.955643e-02))
503.07        	((3.723650e+00 -2.440015e+01 3.370559e+01) (7.004075e-01 -2.055814e-01 2.165290e+00)) ((-2.775799e+00 -1.981619e+00 7.323179e+00) (-1.632287e-01 -3.184395e-02 2.133053e-02))
503.08        	((4.735798e+00 -2.489813e+01 3.614892e+01) (6.858232e-01 -2.152423e-01 2.071528e+00)) ((-2.289729e+00 -2.087711e+00 7.329067e+00) (-1.607286e-01 -3.464134e-02 2.306871e-02))
503.09        	((5.838897e+00 -2.551411e+01 3.878595e+01) (6.721693e-01 -2.275236e-01 1.986914e+00)) ((-1.800758e+00 -2.187224e+00 7.338350e+00) (-1.586160e-01 -3.740659e-02 2.478050e-02))
503.1         	((7.009149e+00 -2.623216e+01 4.160084e+01) (6.594883e-01 -2.423959e-01 1.911342e+00)) ((-1.306808e+00 -2.282400e+00 7.347682e+00) (-1.568831e-01 -4.011694e-02 2.644913e-02))
503.11        	((8.230291e+00 -2.705364e+01 4.458464e+01) (6.478466e-01 -2.597850e-01 1.844684e+00)) ((-8.067231e-01 -2.372572e+00 7.358579e+00) (-1.554954e-01 -4.274300e-02 2.804299e-02))
503.12        	((9.490202e+00 -2.798161e+01 4.774337e+01) (6.373545e-01 -2.795842e-01 1.786852e+00)) ((-2.960891e-01 -2.454259e+00 7.371712e+00) (-1.543939e-01 -4.523414e-02 2.953884e-02))
503.13        	((1.078950e+01 -2.918301e+01 5.155039e+01) (6.280936e-01 -3.023760e-01 1.738042e+00)) ((2.955621e-01 -2.529055e+00 7.401277e+00) (-1.535313e-01 -4.754799e-02 3.092092e-02))
503.14        	((1.209224e+01 -3.044611e+01 5.548453e+01) (6.200914e-01 -3.275365e-01 1.698513e+00)) ((8.965946e-01 -2.590538e+00 7.425962e+00) (-1.527896e-01 -4.965932e-02 3.216133e-02))
503.15        	((1.335328e+01 -3.149690e+01 5.877331e+01) (6.133150e-01 -3.540651e-01 1.667244e+00)) ((1.401273e+00 -2.629875e+00 7.415301e+00) (-1.520529e-01 -5.152004e-02 3.318407e-02))
503.16        	((1.457603e+01 -3.250371e+01 6.193802e+01) (6.077016e-01 -3.822003e-01 1.642926e+00)) ((1.895419e+00 -2.651950e+00 7.383337e+00) (-1.512859e-01 -5.310868e-02 3.393285e-02))
503.17        	((1.577547e+01 -3.359180e+01 6.544912e+01) (6.032039e-01 -4.117809e-01 1.625315e+00)) ((2.462357e+00 -2.661024e+00 7.343121e+00) (-1.503886e-01 -5.442607e-02 3.438639e-02))
503.18        	((1.695879e+01 -3.474554e+01 6.934950e+01) (5.997671e-01 -4.427043e-01 1.614662e+00)) ((3.127747e+00 -2.655737e+00 7.292665e+00) (-1.492154e-01 -5.545576e-02 3.454133e-02))
503.19        	((1.810857e+01 -3.584260e+01 7.332829e+01) (5.973600e-01 -4.746930e-01 1.610974e+00)) ((3.875095e+00 -2.630538e+00 7.217675e+00) (-1.475533e-01 -5.616261e-02 3.436584e-02))
503.2         	((1.920117e+01 -3.677768e+01 7.708611e+01) (5.959183e-01 -5.074501e-01 1.613571e+00)) ((4.692248e+00 -2.582315e+00 7.105471e+00) (-1.451228e-01 -5.657161e-02 3.379502e-02))
503.21        	((2.020634e+01 -3.748260e+01 8.047778e+01) (5.952812e-01 -5.400255e-01 1.620854e+00)) ((5.574374e+00 -2.516258e+00 6.956677e+00) (-1.421511e-01 -5.667127e-02 3.284129e-02))
503.22        	((2.107841e+01 -3.791480e+01 8.349974e+01) (5.950778e-01 -5.719233e-01 1.631566e+00)) ((6.525117e+00 -2.441072e+00 6.785988e+00) (-1.385483e-01 -5.651932e-02 3.161407e-02))
503.23        	((2.180673e+01 -3.805105e+01 8.618349e+01) (5.950216e-01 -6.027226e-01 1.644665e+00)) ((7.531491e+00 -2.358290e+00 6.599001e+00) (-1.342977e-01 -5.614809e-02 3.018331e-02))
503.24        	((2.240758e+01 -3.787978e+01 8.847682e+01) (5.949699e-01 -6.319745e-01 1.659351e+00)) ((8.565469e+00 -2.262716e+00 6.388018e+00) (-1.293924e-01 -5.555452e-02 2.851937e-02))
503.25        	((2.286402e+01 -3.737386e+01 9.018103e+01) (5.947746e-01 -6.591935e-01 1.674929e+00)) ((9.571499e+00 -2.150414e+00 6.152096e+00) (-1.237225e-01 -5.474221e-02 2.665653e-02))
503.26        	((2.315261e+01 -3.652256e+01 9.106790e+01) (5.945402e-01 -6.839810e-01 1.690319e+00)) ((1.046714e+01 -2.024707e+00 5.904719e+00) (-1.173978e-01 -5.364707e-02 2.448520e-02))
503.27        	((2.325246e+01 -3.535862e+01 9.102964e+01) (5.941855e-01 -7.061058e-01 1.704463e+00)) ((1.117457e+01 -1.892451e+00 5.668346e+00) (-1.104981e-01 -5.224171e-02 2.199990e-02))
503.28        	((2.315552e+01 -3.394091e+01 9.003895e+01) (5.936491e-01 -7.255303e-01 1.716222e+00)) ((1.162876e+01 -1.760007e+00 5.457302e+00) (-1.032682e-01 -5.049652e-02 1.918963e-02))
503.29        	((2.287091e+01 -3.235898e+01 8.815924e+01) (5.927648e-01 -7.419852e-01 1.724498e+00)) ((1.180579e+01 -1.631527e+00 5.275612e+00) (-9.620464e-02 -4.844263e-02 1.615829e-02))
503.3         	((2.241869e+01 -3.068929e+01 8.545363e+01) (5.912639e-01 -7.556073e-01 1.728555e+00)) ((1.169544e+01 -1.507336e+00 5.120083e+00) (-8.959158e-02 -4.613587e-02 1.307898e-02))
503.31        	((2.181551e+01 -2.900422e+01 8.201926e+01) (5.890169e-01 -7.665139e-01 1.727977e+00)) ((1.131602e+01 -1.391725e+00 4.995050e+00) (-8.360576e-02 -4.363069e-02 1.003519e-02))
503.32        	((2.109480e+01 -2.734278e+01 7.794675e+01) (5.857917e-01 -7.750645e-01 1.722393e+00)) ((1.069406e+01 -1.284284e+00 4.891819e+00) (-7.836192e-02 -4.101758e-02 7.207787e-03))
503.33        	((2.028122e+01 -2.572411e+01 7.337766e+01) (5.815094e-01 -7.815436e-01 1.711508e+00)) ((9.878906e+00 -1.184620e+00 4.804343e+00) (-7.398662e-02 -3.834634e-02 4.668839e-03))
503.34        	((1.940066e+01 -2.416741e+01 6.847239e+01) (5.762225e-01 -7.863110e-01 1.695328e+00)) ((8.930488e+00 -1.089800e+00 4.724425e+00) (-7.042872e-02 -3.564252e-02 2.407218e-03))
503.35        	((1.847555e+01 -2.270288e+01 6.340922e+01) (5.699835e-01 -7.895546e-01 1.674003e+00)) ((7.915425e+00 -9.972057e-01 4.645405e+00) (-6.764117e-02 -3.292237e-02 4.407242e-04))
503.36        	((1.752731e+01 -2.135776e+01 5.834226e+01) (5.627907e-01 -7.912920e-01 1.647800e+00)) ((6.894417e+00 -9.058886e-01 4.564517e+00) (-6.562251e-02 -3.021197e-02 -1.191908e-03))
503.37        	((1.657618e+01 -2.014863e+01 5.340795e+01) (5.547289e-01 -7.916638e-01 1.617161e+00)) ((5.919213e+00 -8.156407e-01 4.479200e+00) (-6.427387e-02 -2.752056e-02 -2.501410e-03))
503.38        	((1.563696e+01 -1.907485e+01 4.868991e+01) (5.458774e-01 -7.907402e-01 1.582590e+00)) ((5.015784e+00 -7.261764e-01 4.386650e+00) (-6.347757e-02 -2.486334e-02 -3.490078e-03))
503.39        	((1.471439e+01 -1.813535e+01 4.423962e+01) (5.362834e-01 -7.886082e-01 1.544631e+00)) ((4.193916e+00 -6.381436e-01 4.288240e+00) (-6.309522e-02 -2.225536e-02 -4.168645e-03))
503.4         	((1.381053e+01 -1.733337e+01 4.008545e+01) (5.261111e-01 -7.853559e-01 1.504049e+00)) ((3.450800e+00 -5.517656e-01 4.186520e+00) (-6.291980e-02 -1.973092e-02 -4.615277e-03))
503.41        	((1.293538e+01 -1.667235e+01 3.625264e+01) (5.154575e-01 -7.811241e-01 1.461379e+00)) ((2.781721e+00 -4.668589e-01 4.082434e+00) (-6.291147e-02 -1.727102e-02 -4.868185e-03))
503.42        	((1.209988e+01 -1.614788e+01 3.275625e+01) (5.044434e-01 -7.760594e-01 1.417210e+00)) ((2.186457e+00 -3.833666e-01 3.975601e+00) (-6.299427e-02 -1.487221e-02 -4.967389e-03))
503.43        	((1.131744e+01 -1.574725e+01 2.958510e+01) (4.931844e-01 -7.703518e-01 1.372130e+00)) ((1.664487e+00 -3.007749e-01 3.863894e+00) (-6.311545e-02 -1.254249e-02 -4.946281e-03))
503.44        	((1.058652e+01 -1.546200e+01 2.672801e+01) (4.817973e-01 -7.641138e-01 1.326516e+00)) ((1.210093e+00 -2.200672e-01 3.751333e+00) (-6.326347e-02 -1.028114e-02 -4.830604e-03))
503.45        	((9.907645e+00 -1.528766e+01 2.418566e+01) (4.703995e-01 -7.575676e-01 1.280774e+00)) ((8.152354e-01 -1.417943e-01 3.640901e+00) (-6.341064e-02 -8.087633e-03 -4.646624e-03))
503.46        	((9.289797e+00 -1.522202e+01 2.197500e+01) (4.591061e-01 -7.508683e-01 1.235296e+00)) ((4.741619e-01 -6.676807e-02 3.532799e+00) (-6.355181e-02 -5.970734e-03 -4.437842e-03))
503.47        	((8.739790e+00 -1.526298e+01 2.011432e+01) (4.480273e-01 -7.441065e-01 1.190529e+00)) ((1.844887e-01 3.228568e-03 3.427979e+00) (-6.370149e-02 -3.961181e-03 -4.211222e-03))
503.48        	((8.260317e+00 -1.541220e+01 1.861594e+01) (4.371629e-01 -7.373911e-01 1.146852e+00)) ((-5.795267e-02 6.490929e-02 3.330090e+00) (-6.390957e-02 -2.078915e-03 -3.918604e-03))
503.49        	((7.860642e+00 -1.566330e+01 1.748105e+01) (4.266330e-01 -7.309518e-01 1.104672e+00)) ((-2.589981e-01 1.162409e-01 3.240371e+00) (-6.418888e-02 -3.218841e-04 -3.583103e-03))
503.5         	((7.542809e+00 -1.599381e+01 1.670603e+01) (4.165197e-01 -7.249819e-01 1.064373e+00)) ((-4.173467e-01 1.585491e-01 3.156845e+00) (-6.451384e-02 1.320935e-03 -3.246931e-03))
503.51        	((7.300864e+00 -1.638415e+01 1.628216e+01) (4.069852e-01 -7.195213e-01 1.026262e+00)) ((-5.261957e-01 1.953947e-01 3.076597e+00) (-6.487878e-02 2.863903e-03 -2.931387e-03))
503.52        	((7.122667e+00 -1.682351e+01 1.619778e+01) (3.980860e-01 -7.146920e-01 9.906239e-01)) ((-5.795178e-01 2.295129e-01 2.998833e+00) (-6.526769e-02 4.314471e-03 -2.649828e-03))
503.53        	((6.995802e+00 -1.731145e+01 1.642482e+01) (3.898205e-01 -7.105782e-01 9.576267e-01)) ((-5.772528e-01 2.621382e-01 2.926216e+00) (-6.564505e-02 5.692384e-03 -2.415179e-03))
503.54        	((6.915347e+00 -1.784457e+01 1.692776e+01) (3.821223e-01 -7.072654e-01 9.274353e-01)) ((-5.250828e-01 2.928118e-01 2.863924e+00) (-6.597619e-02 6.997536e-03 -2.228024e-03))
503.55        	((6.883831e+00 -1.841248e+01 1.767685e+01) (3.749785e-01 -7.048518e-01 9.001908e-01)) ((-4.284919e-01 3.205379e-01 2.814202e+00) (-6.625240e-02 8.224386e-03 -2.073435e-03))
503.56        	((6.902216e+00 -1.900062e+01 1.863742e+01) (3.684029e-01 -7.033207e-01 8.759709e-01)) ((-2.948307e-01 3.455229e-01 2.775572e+00) (-6.646290e-02 9.382327e-03 -1.958830e-03))
503.57        	((6.963063e+00 -1.960091e+01 1.978371e+01) (3.624067e-01 -7.026252e-01 8.547583e-01)) ((-1.273475e-01 3.683747e-01 2.745908e+00) (-6.662561e-02 1.045745e-02 -1.887959e-03))
503.58        	((7.051389e+00 -2.021198e+01 2.109441e+01) (3.570176e-01 -7.026336e-01 8.365190e-01)) ((7.053011e-02 3.888195e-01 2.725799e+00) (-6.676155e-02 1.145495e-02 -1.862762e-03))
503.59        	((7.163051e+00 -2.083237e+01 2.253960e+01) (3.521925e-01 -7.033275e-01 8.212633e-01)) ((2.927858e-01 4.069437e-01 2.715389e+00) (-6.684949e-02 1.238523e-02 -1.865738e-03))
503.6         	((7.301875e+00 -2.145579e+01 2.408677e+01) (3.478902e-01 -7.046798e-01 8.089036e-01)) ((5.312349e-01 4.233040e-01 2.713250e+00) (-6.690228e-02 1.324178e-02 -1.880464e-03))
503.61        	((7.470021e+00 -2.207646e+01 2.570844e+01) (3.440562e-01 -7.066674e-01 7.992739e-01)) ((7.820721e-01 4.386236e-01 2.716246e+00) (-6.696178e-02 1.400318e-02 -1.883897e-03))
503.62        	((7.666438e+00 -2.269283e+01 2.740045e+01) (3.406624e-01 -7.092575e-01 7.922778e-01)) ((1.046314e+00 4.521802e-01 2.724229e+00) (-6.703455e-02 1.466443e-02 -1.872830e-03))
503.63        	((7.884578e+00 -2.330303e+01 2.916446e+01) (3.376789e-01 -7.124610e-01 7.878085e-01)) ((1.324980e+00 4.622758e-01 2.738736e+00) (-6.710372e-02 1.522285e-02 -1.850424e-03))
503.64        	((8.117678e+00 -2.390655e+01 3.099912e+01) (3.350900e-01 -7.162810e-01 7.857818e-01)) ((1.617557e+00 4.678170e-01 2.760643e+00) (-6.715790e-02 1.567738e-02 -1.825736e-03))
503.65        	((8.365273e+00 -2.450531e+01 3.290148e+01) (3.328837e-01 -7.207186e-01 7.861172e-01)) ((1.923427e+00 4.684116e-01 2.789935e+00) (-6.718993e-02 1.602877e-02 -1.809208e-03))
503.66        	((8.627335e+00 -2.509683e+01 3.485238e+01) (3.310305e-01 -7.257667e-01 7.887051e-01)) ((2.243668e+00 4.653498e-01 2.823340e+00) (-6.720744e-02 1.627377e-02 -1.803345e-03))
503.67        	((8.907265e+00 -2.568134e+01 3.684220e+01) (3.295049e-01 -7.314023e-01 7.934509e-01)) ((2.579745e+00 4.593968e-01 2.858606e+00) (-6.720316e-02 1.641292e-02 -1.812723e-03))
503.68        	((9.206142e+00 -2.625551e+01 3.886406e+01) (3.282935e-01 -7.376002e-01 8.002411e-01)) ((2.933108e+00 4.507195e-01 2.894292e+00) (-6.716109e-02 1.645304e-02 -1.844000e-03))
503.69        	((9.520419e+00 -2.681050e+01 4.090704e+01) (3.273671e-01 -7.443199e-01 8.089857e-01)) ((3.306512e+00 4.394504e-01 2.929291e+00) (-6.707650e-02 1.639620e-02 -1.902559e-03))
503.7         	((9.839817e+00 -2.732875e+01 4.294859e+01) (3.267211e-01 -7.515038e-01 8.195676e-01)) ((3.702595e+00 4.262037e-01 2.961330e+00) (-6.692048e-02 1.625155e-02 -2.005242e-03))
503.71        	((1.016148e+01 -2.780077e+01 4.497743e+01) (3.263413e-01 -7.590550e-01 8.318287e-01)) ((4.123557e+00 4.118256e-01 2.988535e+00) (-6.665509e-02 1.602473e-02 -2.156416e-03))
503.72        	((1.048362e+01 -2.821534e+01 4.697270e+01) (3.261934e-01 -7.668812e-01 8.456188e-01)) ((4.569411e+00 3.970916e-01 3.008226e+00) (-6.623970e-02 1.572512e-02 -2.364744e-03))
503.73        	((1.080572e+01 -2.855822e+01 4.890339e+01) (3.262538e-01 -7.748652e-01 8.607615e-01)) ((5.037357e+00 3.826957e-01 3.016798e+00) (-6.562505e-02 1.536634e-02 -2.649807e-03))
503.74        	((1.113471e+01 -2.882335e+01 5.075619e+01) (3.265337e-01 -7.828887e-01 8.770566e-01)) ((5.524632e+00 3.688453e-01 3.013013e+00) (-6.476694e-02 1.496346e-02 -3.037154e-03))
503.75        	((1.145869e+01 -2.898713e+01 5.248510e+01) (3.270340e-01 -7.908161e-01 8.943065e-01)) ((6.024184e+00 3.557812e-01 2.996344e+00) (-6.366375e-02 1.451223e-02 -3.507651e-03))
503.76        	((1.175589e+01 -2.902250e+01 5.403547e+01) (3.277268e-01 -7.984779e-01 9.122145e-01)) ((6.529361e+00 3.439314e-01 2.967173e+00) (-6.230197e-02 1.402439e-02 -4.066255e-03))
503.77        	((1.199490e+01 -2.890220e+01 5.534739e+01) (3.285405e-01 -8.056670e-01 9.304581e-01)) ((7.030950e+00 3.343361e-01 2.926972e+00) (-6.065854e-02 1.351533e-02 -4.717859e-03))
503.78        	((1.217514e+01 -2.862197e+01 5.640060e+01) (3.294021e-01 -8.121809e-01 9.486720e-01)) ((7.524037e+00 3.285716e-01 2.873398e+00) (-5.871191e-02 1.300404e-02 -5.463365e-03))
503.79        	((1.231474e+01 -2.819419e+01 5.718684e+01) (3.302682e-01 -8.178376e-01 9.665246e-01)) ((7.998455e+00 3.273987e-01 2.803120e+00) (-5.645019e-02 1.250399e-02 -6.302099e-03))
503.8         	((1.242244e+01 -2.763318e+01 5.767647e+01) (3.311282e-01 -8.225316e-01 9.836615e-01)) ((8.434432e+00 3.300372e-01 2.717145e+00) (-5.389421e-02 1.202656e-02 -7.233666e-03))
503.81        	((1.248209e+01 -2.694762e+01 5.782071e+01) (3.319398e-01 -8.261696e-01 9.997689e-01)) ((8.806285e+00 3.350558e-01 2.622552e+00) (-5.109261e-02 1.157731e-02 -8.263215e-03))
503.82        	((1.247396e+01 -2.613666e+01 5.756924e+01) (3.326516e-01 -8.286831e-01 1.014447e+00)) ((9.089871e+00 3.415860e-01 2.525775e+00) (-4.812345e-02 1.116479e-02 -9.368460e-03))
503.83        	((1.238263e+01 -2.520485e+01 5.689596e+01) (3.332048e-01 -8.299848e-01 1.027270e+00)) ((9.267621e+00 3.486996e-01 2.433350e+00) (-4.508390e-02 1.079566e-02 -1.051880e-02))
503.84        	((1.220047e+01 -2.416872e+01 5.580545e+01) (3.335011e-01 -8.300054e-01 1.037845e+00)) ((9.333413e+00 3.562244e-01 2.349033e+00) (-4.205630e-02 1.047374e-02 -1.167489e-02))
503.85        	((1.193859e+01 -2.306450e+01 5.433683e+01) (3.334531e-01 -8.287172e-01 1.045816e+00)) ((9.288093e+00 3.641922e-01 2.274201e+00) (-3.912772e-02 1.020721e-02 -1.280710e-02))
503.86        	((1.161379e+01 -2.193682e+01 5.253933e+01) (3.330232e-01 -8.261783e-01 1.050965e+00)) ((9.130843e+00 3.723373e-01 2.210636e+00) (-3.636468e-02 1.000245e-02 -1.389274e-02))
503.87        	((1.123199e+01 -2.081984e+01 5.044640e+01) (3.322004e-01 -8.224827e-01 1.053151e+00)) ((8.859662e+00 3.798625e-01 2.160135e+00) (-3.385244e-02 9.863111e-03 -1.490253e-02))
503.88        	((1.079920e+01 -1.974162e+01 4.810162e+01) (3.309521e-01 -8.177753e-01 1.052300e+00)) ((8.480145e+00 3.855745e-01 2.124423e+00) (-3.167671e-02 9.786613e-03 -1.580099e-02))
503.89        	((1.032333e+01 -1.872229e+01 4.556544e+01) (3.292469e-01 -8.122074e-01 1.048330e+00)) ((8.009397e+00 3.887613e-01 2.103467e+00) (-2.989451e-02 9.767602e-03 -1.656968e-02))
503.9         	((9.814071e+00 -1.777931e+01 4.290654e+01) (3.270833e-01 -8.059238e-01 1.041276e+00)) ((7.470953e+00 3.893809e-01 2.095067e+00) (-2.853904e-02 9.785063e-03 -1.717105e-02))
503.91        	((9.283925e+00 -1.692904e+01 4.019893e+01) (3.244003e-01 -7.991031e-01 1.031299e+00)) ((6.889086e+00 3.876631e-01 2.096351e+00) (-2.761558e-02 9.839595e-03 -1.761279e-02))
503.92        	((8.747570e+00 -1.618893e+01 3.752009e+01) (3.212400e-01 -7.919262e-01 1.018572e+00)) ((6.287559e+00 3.840849e-01 2.104066e+00) (-2.710990e-02 9.919768e-03 -1.786855e-02))
503.93        	((8.220216e+00 -1.557319e+01 3.493504e+01) (3.176136e-01 -7.845491e-01 1.003384e+00)) ((5.686485e+00 3.793579e-01 2.114531e+00) (-2.700333e-02 1.001979e-02 -1.794168e-02))
503.94        	((7.715953e+00 -1.508800e+01 3.249410e+01) (3.135282e-01 -7.771533e-01 9.860836e-01)) ((5.103162e+00 3.742239e-01 2.124798e+00) (-2.725048e-02 1.013080e-02 -1.783576e-02))
503.95        	((7.245298e+00 -1.473396e+01 3.023670e+01) (3.090235e-01 -7.699015e-01 9.670535e-01)) ((4.550532e+00 3.695150e-01 2.131682e+00) (-2.779659e-02 1.023545e-02 -1.755824e-02))
503.96        	((6.816183e+00 -1.450259e+01 2.818119e+01) (3.041574e-01 -7.629143e-01 9.467049e-01)) ((4.036289e+00 3.659978e-01 2.133130e+00) (-2.859549e-02 1.032949e-02 -1.712632e-02))
503.97        	((6.432738e+00 -1.438398e+01 2.634553e+01) (2.990239e-01 -7.562770e-01 9.254191e-01)) ((3.567427e+00 3.642315e-01 2.128028e+00) (-2.959447e-02 1.042156e-02 -1.657657e-02))
503.98        	((6.097486e+00 -1.437332e+01 2.474898e+01) (2.936939e-01 -7.500754e-01 9.035708e-01)) ((3.149692e+00 3.644448e-01 2.115550e+00) (-3.073486e-02 1.051607e-02 -1.593725e-02))
503.99        	((5.812497e+00 -1.446794e+01 2.340535e+01) (2.882409e-01 -7.443554e-01 8.815362e-01)) ((2.785982e+00 3.662581e-01 2.096615e+00) (-3.198537e-02 1.061373e-02 -1.522346e-02))
504           	((5.576540e+00 -1.466315e+01 2.231636e+01) (2.827491e-01 -7.391640e-01 8.596619e-01)) ((2.475121e+00 3.690474e-01 2.072611e+00) (-3.331158e-02 1.072455e-02 -1.446238e-02))
504.01        	((5.386717e+00 -1.494694e+01 2.147494e+01) (2.772959e-01 -7.345449e-01 8.382749e-01)) ((2.214615e+00 3.725053e-01 2.044388e+00) (-3.468959e-02 1.084539e-02 -1.367146e-02))
504.02        	((5.239291e+00 -1.530382e+01 2.087405e+01) (2.719490e-01 -7.305447e-01 8.176416e-01)) ((2.003014e+00 3.765988e-01 2.012591e+00) (-3.609694e-02 1.097792e-02 -1.287446e-02))
504.03        	((5.132405e+00 -1.572004e+01 2.050505e+01) (2.667475e-01 -7.271831e-01 7.980097e-01)) ((1.840547e+00 3.814950e-01 1.977972e+00) (-3.751276e-02 1.111815e-02 -1.208064e-02))
504.04        	((5.061227e+00 -1.618155e+01 2.035456e+01) (2.617191e-01 -7.244425e-01 7.795718e-01)) ((1.725960e+00 3.871834e-01 1.942398e+00) (-3.891661e-02 1.126279e-02 -1.130263e-02))
504.05        	((5.018389e+00 -1.667483e+01 2.040832e+01) (2.569015e-01 -7.223221e-01 7.624832e-01)) ((1.656502e+00 3.930562e-01 1.908216e+00) (-4.028841e-02 1.141166e-02 -1.054859e-02))
504.06        	((5.000304e+00 -1.719008e+01 2.065512e+01) (2.523280e-01 -7.208364e-01 7.468726e-01)) ((1.628200e+00 3.983143e-01 1.876134e+00) (-4.160827e-02 1.156363e-02 -9.819068e-03))
504.07        	((5.004177e+00 -1.772075e+01 2.108594e+01) (2.480017e-01 -7.199676e-01 7.328704e-01)) ((1.637923e+00 4.026241e-01 1.846466e+00) (-4.286581e-02 1.171179e-02 -9.118268e-03))
504.08        	((5.028542e+00 -1.826379e+01 2.168887e+01) (2.439232e-01 -7.197390e-01 7.206122e-01)) ((1.682026e+00 4.060033e-01 1.820281e+00) (-4.405412e-02 1.184779e-02 -8.452612e-03))
504.09        	((5.068936e+00 -1.881225e+01 2.244794e+01) (2.401164e-01 -7.201257e-01 7.101447e-01)) ((1.757956e+00 4.083229e-01 1.798876e+00) (-4.516800e-02 1.197020e-02 -7.821954e-03))
504.1         	((5.121926e+00 -1.935955e+01 2.334559e+01) (2.365738e-01 -7.211001e-01 7.015038e-01)) ((1.862871e+00 4.092770e-01 1.783088e+00) (-4.620931e-02 1.207937e-02 -7.225580e-03))
504.11        	((5.186489e+00 -1.990282e+01 2.437300e+01) (2.332837e-01 -7.226415e-01 6.947065e-01)) ((1.995096e+00 4.087302e-01 1.772752e+00) (-4.717903e-02 1.217048e-02 -6.661299e-03))
504.12        	((5.261509e+00 -2.043744e+01 2.551666e+01) (2.302359e-01 -7.247197e-01 6.897672e-01)) ((2.151938e+00 4.068962e-01 1.766582e+00) (-4.807551e-02 1.223881e-02 -6.127220e-03))
504.13        	((5.347658e+00 -2.096041e+01 2.676697e+01) (2.274171e-01 -7.272928e-01 6.866941e-01)) ((2.330647e+00 4.036418e-01 1.764088e+00) (-4.889390e-02 1.227983e-02 -5.621979e-03))
504.14        	((5.442642e+00 -2.146685e+01 2.810665e+01) (2.248204e-01 -7.303121e-01 6.854782e-01)) ((2.529817e+00 3.990608e-01 1.764411e+00) (-4.962833e-02 1.229015e-02 -5.147775e-03))
504.15        	((5.544898e+00 -2.195477e+01 2.952385e+01) (2.224366e-01 -7.337410e-01 6.860880e-01)) ((2.748926e+00 3.930492e-01 1.767449e+00) (-5.027270e-02 1.226764e-02 -4.709143e-03))
504.16        	((5.654095e+00 -2.242252e+01 3.100805e+01) (2.202437e-01 -7.375277e-01 6.884765e-01)) ((2.987911e+00 3.857188e-01 1.772601e+00) (-5.082998e-02 1.220851e-02 -4.303411e-03))
504.17        	((5.770339e+00 -2.286638e+01 3.254821e+01) (2.182368e-01 -7.416198e-01 6.925929e-01)) ((3.246090e+00 3.772082e-01 1.779008e+00) (-5.129084e-02 1.211245e-02 -3.933197e-03))
504.18        	((5.892862e+00 -2.328307e+01 3.413178e+01) (2.164116e-01 -7.459611e-01 6.983728e-01)) ((3.522654e+00 3.676302e-01 1.785695e+00) (-5.164400e-02 1.197965e-02 -3.599832e-03))
504.19        	((6.019778e+00 -2.367018e+01 3.574430e+01) (2.147560e-01 -7.504962e-01 7.057437e-01)) ((3.816752e+00 3.571723e-01 1.791811e+00) (-5.188355e-02 1.180991e-02 -3.305393e-03))
504.2         	((6.149731e+00 -2.402184e+01 3.736595e+01) (2.132632e-01 -7.551687e-01 7.146196e-01)) ((4.127438e+00 3.460390e-01 1.796514e+00) (-5.200254e-02 1.160407e-02 -3.052622e-03))
504.21        	((6.280248e+00 -2.433031e+01 3.897579e+01) (2.119265e-01 -7.599214e-01 7.248871e-01)) ((4.454158e+00 3.344767e-01 1.799003e+00) (-5.198828e-02 1.136595e-02 -2.848353e-03))
504.22        	((6.406243e+00 -2.458720e+01 4.055103e+01) (2.107341e-01 -7.646763e-01 7.364106e-01)) ((4.795573e+00 3.228411e-01 1.798239e+00) (-5.182279e-02 1.109760e-02 -2.692888e-03))
504.23        	((6.527389e+00 -2.478826e+01 4.207600e+01) (2.096769e-01 -7.693580e-01 7.490486e-01)) ((5.149256e+00 3.113588e-01 1.793608e+00) (-5.148218e-02 1.080219e-02 -2.586844e-03))
504.24        	((6.638028e+00 -2.492066e+01 4.352030e+01) (2.087434e-01 -7.738786e-01 7.626375e-01)) ((5.510754e+00 3.004101e-01 1.784698e+00) (-5.095283e-02 1.048566e-02 -2.532613e-03))
504.25        	((6.727824e+00 -2.496529e+01 4.484257e+01) (2.079290e-01 -7.781402e-01 7.769899e-01)) ((5.875262e+00 2.907792e-01 1.770636e+00) (-5.021121e-02 1.015495e-02 -2.534645e-03))
504.26        	((6.799284e+00 -2.491847e+01 4.602568e+01) (2.072095e-01 -7.820106e-01 7.918696e-01)) ((6.239672e+00 2.829726e-01 1.749863e+00) (-4.925047e-02 9.819159e-03 -2.601144e-03))
504.27        	((6.855641e+00 -2.477512e+01 4.704472e+01) (2.065667e-01 -7.853718e-01 8.070016e-01)) ((6.598009e+00 2.773459e-01 1.720721e+00) (-4.808285e-02 9.480329e-03 -2.720743e-03))
504.28        	((6.898828e+00 -2.453721e+01 4.788117e+01) (2.059825e-01 -7.881203e-01 8.221327e-01)) ((6.941884e+00 2.735751e-01 1.683645e+00) (-4.670905e-02 9.142760e-03 -2.898442e-03))
504.29        	((6.923975e+00 -2.420243e+01 4.850452e+01) (2.054443e-01 -7.901568e-01 8.370132e-01)) ((7.259335e+00 2.714896e-01 1.639815e+00) (-4.513962e-02 8.812503e-03 -3.144721e-03))
504.3         	((6.926263e+00 -2.377239e+01 4.888789e+01) (2.049435e-01 -7.913942e-01 8.513797e-01)) ((7.538239e+00 2.710473e-01 1.591154e+00) (-4.339157e-02 8.494439e-03 -3.457965e-03))
504.31        	((6.895953e+00 -2.324321e+01 4.900175e+01) (2.044550e-01 -7.917622e-01 8.649484e-01)) ((7.765823e+00 2.724460e-01 1.539861e+00) (-4.150958e-02 8.192574e-03 -3.828028e-03))
504.32        	((6.827347e+00 -2.261690e+01 4.882544e+01) (2.039375e-01 -7.911876e-01 8.774215e-01)) ((7.931415e+00 2.752827e-01 1.488507e+00) (-3.953727e-02 7.917107e-03 -4.249576e-03))
504.33        	((6.719339e+00 -2.190928e+01 4.836135e+01) (2.033606e-01 -7.896311e-01 8.885033e-01)) ((8.027555e+00 2.788499e-01 1.440035e+00) (-3.751485e-02 7.672899e-03 -4.705349e-03))
504.34        	((6.570320e+00 -2.113643e+01 4.761609e+01) (2.026848e-01 -7.870795e-01 8.979390e-01)) ((8.049627e+00 2.828942e-01 1.396709e+00) (-3.549630e-02 7.463216e-03 -5.175429e-03))
504.35        	((6.385908e+00 -2.031891e+01 4.660604e+01) (2.018699e-01 -7.835403e-01 9.055333e-01)) ((7.995659e+00 2.874187e-01 1.359117e+00) (-3.353277e-02 7.284373e-03 -5.640814e-03))
504.36        	((6.174641e+00 -1.947930e+01 4.534898e+01) (2.008911e-01 -7.790402e-01 9.111038e-01)) ((7.862153e+00 2.925219e-01 1.326896e+00) (-3.167902e-02 7.136999e-03 -6.090302e-03))
504.37        	((5.940954e+00 -1.863780e+01 4.386962e+01) (1.997480e-01 -7.736288e-01 9.144984e-01)) ((7.648985e+00 2.975855e-01 1.300592e+00) (-3.000424e-02 7.027025e-03 -6.515594e-03))
504.38        	((5.685844e+00 -1.781582e+01 4.220785e+01) (1.984162e-01 -7.673816e-01 9.156244e-01)) ((7.362722e+00 3.014452e-01 1.281761e+00) (-2.855701e-02 6.950645e-03 -6.897737e-03))
504.39        	((5.410767e+00 -1.702828e+01 4.040485e+01) (1.968946e-01 -7.604296e-01 9.144394e-01)) ((7.013633e+00 3.038587e-01 1.270101e+00) (-2.737612e-02 6.900067e-03 -7.216349e-03))
504.4         	((5.122156e+00 -1.629057e+01 3.851062e+01) (1.951733e-01 -7.528736e-01 9.109724e-01)) ((6.616943e+00 3.050995e-01 1.264494e+00) (-2.648836e-02 6.870244e-03 -7.465068e-03))
504.41        	((4.826795e+00 -1.561724e+01 3.657403e+01) (1.932191e-01 -7.448605e-01 9.053210e-01)) ((6.187012e+00 3.055174e-01 1.263635e+00) (-2.590276e-02 6.854210e-03 -7.636971e-03))
504.42        	((4.532505e+00 -1.502136e+01 3.464324e+01) (1.910492e-01 -7.365382e-01 8.976207e-01)) ((5.738326e+00 3.050346e-01 1.266336e+00) (-2.561352e-02 6.850021e-03 -7.733442e-03))
504.43        	((4.245885e+00 -1.451239e+01 3.276427e+01) (1.886747e-01 -7.280155e-01 8.880466e-01)) ((5.284387e+00 3.036026e-01 1.271140e+00) (-2.561433e-02 6.854354e-03 -7.745584e-03))
504.44        	((3.973517e+00 -1.409418e+01 3.097314e+01) (1.861012e-01 -7.194166e-01 8.768433e-01)) ((4.836597e+00 3.013659e-01 1.276343e+00) (-2.588066e-02 6.859266e-03 -7.672560e-03))
504.45        	((3.721947e+00 -1.376790e+01 2.930017e+01) (1.833609e-01 -7.108763e-01 8.642878e-01)) ((4.405136e+00 2.987601e-01 1.279730e+00) (-2.638102e-02 6.861020e-03 -7.524493e-03))
504.46        	((3.496362e+00 -1.353417e+01 2.776729e+01) (1.804753e-01 -7.025129e-01 8.506684e-01)) ((3.997588e+00 2.960984e-01 1.280087e+00) (-2.707980e-02 6.853419e-03 -7.310181e-03))
504.47        	((3.298475e+00 -1.339284e+01 2.639622e+01) (1.774844e-01 -6.943999e-01 8.362712e-01)) ((3.620660e+00 2.937230e-01 1.277038e+00) (-2.794950e-02 6.835618e-03 -7.040462e-03))
504.48        	((3.128749e+00 -1.334025e+01 2.519982e+01) (1.744278e-01 -6.866180e-01 8.213794e-01)) ((3.278610e+00 2.916507e-01 1.270911e+00) (-2.896233e-02 6.810041e-03 -6.725456e-03))
504.49        	((2.985993e+00 -1.337012e+01 2.418660e+01) (1.713531e-01 -6.792221e-01 8.062664e-01)) ((2.974290e+00 2.896524e-01 1.262371e+00) (-3.008767e-02 6.779658e-03 -6.375733e-03))
504.5         	((2.869461e+00 -1.347435e+01 2.335909e+01) (1.682993e-01 -6.722677e-01 7.911880e-01)) ((2.709080e+00 2.877248e-01 1.251361e+00) (-3.129833e-02 6.745645e-03 -6.001509e-03))
504.51        	((2.780236e+00 -1.364450e+01 2.271576e+01) (1.653043e-01 -6.658100e-01 7.763957e-01)) ((2.484062e+00 2.860628e-01 1.237520e+00) (-3.256281e-02 6.709742e-03 -5.612754e-03))
504.52        	((2.717993e+00 -1.387193e+01 2.225343e+01) (1.624069e-01 -6.599050e-01 7.621159e-01)) ((2.299239e+00 2.847892e-01 1.220938e+00) (-3.384523e-02 6.676895e-03 -5.224780e-03))
504.53        	((2.679516e+00 -1.414772e+01 2.196700e+01) (1.596284e-01 -6.545825e-01 7.485217e-01)) ((2.154131e+00 2.837453e-01 1.202535e+00) (-3.513099e-02 6.643268e-03 -4.842602e-03))
504.54        	((2.661549e+00 -1.446377e+01 2.185012e+01) (1.569875e-01 -6.498587e-01 7.357742e-01)) ((2.046552e+00 2.826736e-01 1.183621e+00) (-3.640758e-02 6.608967e-03 -4.472961e-03))
504.55        	((2.661580e+00 -1.481260e+01 2.189381e+01) (1.544875e-01 -6.457387e-01 7.240114e-01)) ((1.974846e+00 2.813213e-01 1.165186e+00) (-3.766174e-02 6.570837e-03 -4.114811e-03))
504.56        	((2.676641e+00 -1.518419e+01 2.208655e+01) (1.521335e-01 -6.422314e-01 7.133482e-01)) ((1.935240e+00 2.795466e-01 1.148184e+00) (-3.887771e-02 6.528369e-03 -3.771948e-03))
504.57        	((2.704026e+00 -1.556915e+01 2.241713e+01) (1.499278e-01 -6.393356e-01 7.038765e-01)) ((1.925548e+00 2.773355e-01 1.133159e+00) (-4.004860e-02 6.479297e-03 -3.444711e-03))
504.58        	((2.743643e+00 -1.596077e+01 2.287528e+01) (1.478678e-01 -6.370312e-01 6.956692e-01)) ((1.944029e+00 2.747301e-01 1.119785e+00) (-4.116776e-02 6.421419e-03 -3.133090e-03))
504.59        	((2.795354e+00 -1.635687e+01 2.345630e+01) (1.459529e-01 -6.352998e-01 6.887870e-01)) ((1.990433e+00 2.716934e-01 1.108031e+00) (-4.222393e-02 6.354502e-03 -2.838124e-03))
504.6         	((2.857207e+00 -1.675485e+01 2.415073e+01) (1.441834e-01 -6.341206e-01 6.832794e-01)) ((2.063167e+00 2.682240e-01 1.098368e+00) (-4.320808e-02 6.277491e-03 -2.561179e-03))
504.61        	((2.927470e+00 -1.714970e+01 2.494650e+01) (1.425581e-01 -6.334665e-01 6.791791e-01)) ((2.159823e+00 2.643177e-01 1.091055e+00) (-4.411408e-02 6.190274e-03 -2.303611e-03))
504.62        	((3.005004e+00 -1.753473e+01 2.582912e+01) (1.410733e-01 -6.333031e-01 6.764914e-01)) ((2.277777e+00 2.599091e-01 1.085760e+00) (-4.494013e-02 6.091199e-03 -2.064106e-03))
504.63        	((3.089660e+00 -1.790592e+01 2.678926e+01) (1.397223e-01 -6.335855e-01 6.752158e-01)) ((2.414995e+00 2.548169e-01 1.082206e+00) (-4.568065e-02 5.978151e-03 -1.842037e-03))
504.64        	((3.180008e+00 -1.825815e+01 2.781603e+01) (1.385005e-01 -6.342575e-01 6.753350e-01)) ((2.570938e+00 2.491548e-01 1.079736e+00) (-4.633249e-02 5.849814e-03 -1.638599e-03))
504.65        	((3.275544e+00 -1.858830e+01 2.889874e+01) (1.374037e-01 -6.352704e-01 6.768209e-01)) ((2.744870e+00 2.431566e-01 1.077584e+00) (-4.688839e-02 5.706726e-03 -1.456602e-03))
504.66        	((3.375573e+00 -1.889393e+01 3.002525e+01) (1.364240e-01 -6.365677e-01 6.796380e-01)) ((2.935858e+00 2.369646e-01 1.075363e+00) (-4.734027e-02 5.548587e-03 -1.296389e-03))
504.67        	((3.477944e+00 -1.917066e+01 3.117994e+01) (1.355567e-01 -6.380925e-01 6.837355e-01)) ((3.142386e+00 2.305892e-01 1.073093e+00) (-4.767822e-02 5.376378e-03 -1.159699e-03))
504.68        	((3.580706e+00 -1.941310e+01 3.234761e+01) (1.347948e-01 -6.397811e-01 6.890410e-01)) ((3.363339e+00 2.240482e-01 1.070522e+00) (-4.789305e-02 5.190738e-03 -1.045639e-03))
504.69        	((3.682193e+00 -1.961695e+01 3.351341e+01) (1.341327e-01 -6.415657e-01 6.954550e-01)) ((3.597533e+00 2.175437e-01 1.066956e+00) (-4.797819e-02 4.992123e-03 -9.529680e-04))
504.7         	((3.781258e+00 -1.977791e+01 3.466090e+01) (1.335641e-01 -6.433741e-01 7.028727e-01)) ((3.842975e+00 2.112927e-01 1.061691e+00) (-4.792675e-02 4.782570e-03 -8.828804e-04))
504.71        	((3.877386e+00 -1.989242e+01 3.577272e+01) (1.330827e-01 -6.451456e-01 7.111896e-01)) ((4.097035e+00 2.054575e-01 1.054064e+00) (-4.772831e-02 4.564812e-03 -8.413423e-04))
504.72        	((3.968832e+00 -1.995692e+01 3.683007e+01) (1.326832e-01 -6.468211e-01 7.202864e-01)) ((4.356398e+00 2.001099e-01 1.043844e+00) (-4.737376e-02 4.338997e-03 -8.299777e-04))
504.73        	((4.052617e+00 -1.996616e+01 3.781132e+01) (1.323614e-01 -6.483145e-01 7.300052e-01)) ((4.616935e+00 1.953385e-01 1.031029e+00) (-4.686246e-02 4.110465e-03 -8.523840e-04))
504.74        	((4.126890e+00 -1.991359e+01 3.869343e+01) (1.321095e-01 -6.495426e-01 7.401708e-01)) ((4.874103e+00 1.913673e-01 1.015289e+00) (-4.619528e-02 3.884010e-03 -9.098037e-04))
504.75        	((4.191604e+00 -1.979929e+01 3.946454e+01) (1.319177e-01 -6.504392e-01 7.506138e-01)) ((5.123528e+00 1.882205e-01 9.966534e-01) (-4.537195e-02 3.663568e-03 -1.004296e-03))
504.76        	((4.244873e+00 -1.962189e+01 4.010572e+01) (1.317779e-01 -6.509329e-01 7.611466e-01)) ((5.359274e+00 1.858990e-01 9.754051e-01) (-4.440109e-02 3.451879e-03 -1.137657e-03))
504.77        	((4.286536e+00 -1.937786e+01 4.059069e+01) (1.316840e-01 -6.509583e-01 7.715736e-01)) ((5.573053e+00 1.846257e-01 9.512960e-01) (-4.329565e-02 3.252233e-03 -1.310763e-03))
504.78        	((4.312694e+00 -1.906380e+01 4.089643e+01) (1.316195e-01 -6.504447e-01 7.816733e-01)) ((5.758520e+00 1.845295e-01 9.248602e-01) (-4.208116e-02 3.066711e-03 -1.523558e-03))
504.79        	((4.319517e+00 -1.868599e+01 4.101527e+01) (1.315697e-01 -6.493383e-01 7.912347e-01)) ((5.909079e+00 1.852937e-01 8.978117e-01) (-4.077767e-02 2.901839e-03 -1.773436e-03))
504.8         	((4.303791e+00 -1.824838e+01 4.093847e+01) (1.315235e-01 -6.475999e-01 8.000424e-01)) ((6.019137e+00 1.866733e-01 8.712041e-01) (-3.941426e-02 2.758384e-03 -2.047970e-03))
504.81        	((4.264061e+00 -1.776042e+01 4.066641e+01) (1.314480e-01 -6.451982e-01 8.079010e-01)) ((6.083706e+00 1.882267e-01 8.468247e-01) (-3.802302e-02 2.638892e-03 -2.342588e-03))
504.82        	((4.201301e+00 -1.723028e+01 4.019643e+01) (1.313150e-01 -6.421198e-01 8.146285e-01)) ((6.097380e+00 1.900216e-01 8.254304e-01) (-3.664191e-02 2.543548e-03 -2.646594e-03))
504.83        	((4.119861e+00 -1.667017e+01 3.953776e+01) (1.311054e-01 -6.384092e-01 8.200621e-01)) ((6.058276e+00 1.920014e-01 8.071040e-01) (-3.529810e-02 2.468993e-03 -2.960632e-03))
504.84        	((4.023583e+00 -1.609450e+01 3.870656e+01) (1.308044e-01 -6.340610e-01 8.240577e-01)) ((5.966810e+00 1.941478e-01 7.916527e-01) (-3.403819e-02 2.418136e-03 -3.266438e-03))
504.85        	((3.913565e+00 -1.551523e+01 3.771576e+01) (1.304175e-01 -6.291314e-01 8.265257e-01)) ((5.823591e+00 1.963423e-01 7.788592e-01) (-3.288651e-02 2.386446e-03 -3.558231e-03))
504.86        	((3.791566e+00 -1.494632e+01 3.658863e+01) (1.299319e-01 -6.236765e-01 8.273889e-01)) ((5.631606e+00 1.982104e-01 7.690744e-01) (-3.187954e-02 2.370308e-03 -3.832256e-03))
504.87        	((3.657900e+00 -1.439892e+01 3.535238e+01) (1.293345e-01 -6.177798e-01 8.265980e-01)) ((5.396757e+00 1.995633e-01 7.628041e-01) (-3.104847e-02 2.366709e-03 -4.078892e-03))
504.88        	((3.515837e+00 -1.388530e+01 3.404134e+01) (1.286156e-01 -6.115110e-01 8.241388e-01)) ((5.128008e+00 2.001822e-01 7.601511e-01) (-3.041286e-02 2.370920e-03 -4.293594e-03))
504.89        	((3.367291e+00 -1.341492e+01 3.268974e+01) (1.277765e-01 -6.049833e-01 8.200728e-01)) ((4.834556e+00 2.002693e-01 7.606014e-01) (-2.998727e-02 2.384500e-03 -4.466156e-03))
504.9         	((3.216510e+00 -1.299626e+01 3.132899e+01) (1.268136e-01 -5.982905e-01 8.145180e-01)) ((4.525495e+00 1.999877e-01 7.631644e-01) (-2.977960e-02 2.411017e-03 -4.593916e-03))
504.91        	((3.068413e+00 -1.263476e+01 2.998691e+01) (1.257058e-01 -5.914948e-01 8.075492e-01)) ((4.209267e+00 1.991630e-01 7.670493e-01) (-2.977676e-02 2.440207e-03 -4.678146e-03))
504.92        	((2.925539e+00 -1.233364e+01 2.868721e+01) (1.245054e-01 -5.847153e-01 7.993408e-01)) ((3.893539e+00 1.977657e-01 7.713531e-01) (-2.997943e-02 2.464218e-03 -4.711784e-03))
504.93        	((2.790920e+00 -1.209527e+01 2.745583e+01) (1.232170e-01 -5.780289e-01 7.900556e-01)) ((3.586382e+00 1.959740e-01 7.752645e-01) (-3.036634e-02 2.487062e-03 -4.697328e-03))
504.94        	((2.667045e+00 -1.192041e+01 2.631442e+01) (1.218503e-01 -5.715085e-01 7.798975e-01)) ((3.294341e+00 1.938831e-01 7.783240e-01) (-3.090482e-02 2.506950e-03 -4.646347e-03))
504.95        	((2.556024e+00 -1.180893e+01 2.528108e+01) (1.204267e-01 -5.652242e-01 7.690845e-01)) ((3.022483e+00 1.916710e-01 7.802390e-01) (-3.156233e-02 2.523155e-03 -4.569055e-03))
504.96        	((2.459721e+00 -1.175947e+01 2.436929e+01) (1.189575e-01 -5.592149e-01 7.578281e-01)) ((2.774927e+00 1.895480e-01 7.806074e-01) (-3.232259e-02 2.533772e-03 -4.465116e-03))
504.97        	((2.378295e+00 -1.176900e+01 2.358720e+01) (1.174643e-01 -5.535322e-01 7.463328e-01)) ((2.553746e+00 1.875279e-01 7.796168e-01) (-3.316802e-02 2.540358e-03 -4.338106e-03))
504.98        	((2.312530e+00 -1.183248e+01 2.293862e+01) (1.159664e-01 -5.482157e-01 7.348025e-01)) ((2.360561e+00 1.855722e-01 7.771845e-01) (-3.407655e-02 2.543533e-03 -4.192342e-03))
504.99        	((2.262765e+00 -1.194339e+01 2.242511e+01) (1.144889e-01 -5.432967e-01 7.234250e-01)) ((2.195978e+00 1.836624e-01 7.730836e-01) (-3.502429e-02 2.545131e-03 -4.034651e-03))
505           	((2.227506e+00 -1.209491e+01 2.204406e+01) (1.130543e-01 -5.387936e-01 7.123779e-01)) ((2.060004e+00 1.818997e-01 7.677844e-01) (-3.599391e-02 2.545984e-03 -3.871710e-03))
