# Forces      
# CofR        : (0.000000e+00 0.000000e+00 0.000000e+00)
# Time        forces(pressure viscous)	moments(pressure viscous)
0             	((0.000000e+00 0.000000e+00 0.000000e+00) (1.937406e-04 4.354710e+00 8.418239e-02)) ((0.000000e+00 0.000000e+00 0.000000e+00) (-2.883214e-02 5.923092e-05 -4.527336e-04))
10            	((-2.027794e+01 9.275094e+03 1.073240e+04) (1.831534e-04 4.505113e+00 1.165807e-01)) ((-1.959964e+03 4.732171e+00 5.580943e+00) (-1.474484e-02 1.907411e-04 -8.805050e-04))
20            	((-2.380820e+00 5.264431e+03 7.875086e+03) (-9.472319e-04 3.235713e+00 6.909769e-02)) ((-1.383262e+03 6.283993e-01 3.638481e+00) (1.321579e-01 8.767274e-04 -2.971688e-03))
30            	((2.151680e+01 -1.318587e+03 3.066513e+02) (2.684365e-03 2.322942e+00 9.595717e-02)) ((-1.873331e+02 -3.720269e+00 -3.137149e+00) (1.997043e-01 1.337968e-03 -4.409768e-03))
40            	((1.763788e+01 -4.441958e+03 -3.509189e+03) (8.434170e-03 2.743255e+00 2.362799e-01)) ((3.549604e+02 -2.443327e+00 -2.815845e+00) (1.208028e-01 3.119282e-03 -6.831787e-03))
50            	((-2.969578e+00 -2.644548e+03 -1.772904e+03) (1.524430e-02 4.301258e+00 5.064565e-01)) ((9.116850e+01 9.184854e-01 1.531297e+00) (-6.811108e-02 5.381369e-03 -8.211725e-03))
60            	((-1.983751e+01 7.193789e+02 1.916289e+03) (1.921699e-02 5.928129e+00 7.002546e-01)) ((-4.167091e+02 2.526381e+00 4.250567e+00) (-2.202287e-01 3.366653e-03 -7.942174e-03))
70            	((-1.872302e+01 2.482349e+03 3.661310e+03) (2.308302e-02 6.109210e+00 7.192909e-01)) ((-6.549177e+02 9.208973e-01 2.341789e+00) (-1.858925e-01 1.785200e-03 -2.909549e-03))
80            	((1.053404e+00 1.826962e+03 2.843083e+03) (2.219945e-02 5.191143e+00 7.209474e-01)) ((-5.756886e+02 -1.237598e+00 -1.388289e+00) (-5.585239e-02 4.517974e-04 3.254954e-04))
90            	((1.234633e+01 1.601206e+02 1.230591e+03) (1.428747e-02 4.435509e+00 8.185533e-01)) ((-4.035076e+02 -1.510779e+00 -1.882897e+00) (1.968826e-02 1.248831e-03 3.259617e-04))
100           	((7.607688e+00 -8.959572e+02 4.200606e+02) (-4.298453e-03 4.541299e+00 1.038827e+00)) ((-2.949792e+02 -4.415794e-01 6.280800e-04) (-3.653301e-02 1.549023e-03 -4.748230e-03))
110           	((-3.777672e+00 -7.933458e+02 6.732798e+02) (-6.401713e-03 5.352611e+00 1.323295e+00)) ((-2.783859e+02 6.556365e-01 2.895534e+00) (-1.791784e-01 2.617413e-03 -1.223743e-02))
120           	((-9.842049e+00 -7.171468e+01 1.278716e+03) (-1.670364e-05 6.229518e+00 1.524821e+00)) ((-3.124453e+02 1.056104e+00 2.980198e+00) (-2.785012e-01 4.084338e-03 -1.510072e-02))
130           	((-7.036158e+00 5.083462e+02 1.583354e+03) (1.432219e-02 6.643446e+00 1.621500e+00)) ((-3.531560e+02 8.796184e-01 1.485663e+00) (-2.774678e-01 5.830501e-03 -1.505577e-02))
140           	((-1.378944e-01 5.654750e+02 1.482510e+03) (1.894833e-02 6.698038e+00 1.721998e+00)) ((-3.752688e+02 4.864259e-01 6.547031e-02) (-2.287701e-01 7.237440e-03 -1.356115e-02))
150           	((3.719953e+00 2.550492e+02 1.223991e+03) (1.812412e-02 6.742800e+00 1.883182e+00)) ((-3.681177e+02 5.294439e-01 5.388312e-01) (-2.103615e-01 6.891741e-03 -1.232954e-02))
160           	((2.868675e+00 -5.636649e+01 1.041313e+03) (1.032337e-02 6.984691e+00 2.115724e+00)) ((-3.365190e+02 6.892858e-01 1.774386e+00) (-2.404231e-01 5.294405e-03 -1.220739e-02))
170           	((-2.267398e-02 -1.378561e+02 9.973369e+02) (1.808979e-03 7.394231e+00 2.356793e+00)) ((-3.020970e+02 9.008074e-01 2.491810e+00) (-2.939657e-01 3.795135e-03 -1.256966e-02))
180           	((-1.712260e+00 -1.228816e+01 1.030998e+03) (-2.243452e-03 7.801158e+00 2.555738e+00)) ((-2.867791e+02 1.017581e+00 2.119880e+00) (-3.357256e-01 3.343145e-03 -1.344182e-02))
190           	((-1.059597e+00 1.544292e+02 1.066178e+03) (-1.575534e-04 8.089682e+00 2.723881e+00)) ((-2.938371e+02 1.054118e+00 1.357319e+00) (-3.522054e-01 3.402490e-03 -1.477378e-02))
200           	((8.438097e-01 2.265659e+02 1.068399e+03) (2.660040e-03 8.273795e+00 2.900845e+00)) ((-3.084137e+02 1.037537e+00 9.922074e-01) (-3.560184e-01 3.103440e-03 -1.510583e-02))
