# Forces      
# CofR        : (0.000000e+00 0.000000e+00 0.000000e+00)
# Time        forces(pressure viscous)	moments(pressure viscous)
500           	((-3.371689e-01 3.769356e+03 4.056083e+03) (1.386502e-04 3.949956e+00 1.002174e-01)) ((-1.001005e+03 3.317971e-02 2.012260e-01) (-9.343265e-02 -1.696870e-05 -2.180812e-04))
500.01        	((3.319022e+00 3.068691e+03 3.840598e+03) (-9.236566e-04 3.350732e+00 3.021530e-01)) ((-9.274417e+02 -1.237263e-01 1.254431e-01) (-1.838535e-02 -2.587852e-04 5.845156e-04))
500.02        	((6.656651e+00 8.800284e+02 1.325583e+03) (-1.592562e-03 2.558787e+00 4.980328e-01)) ((-4.267802e+02 -2.890610e-02 1.904558e-01) (4.483298e-02 1.278547e-05 6.822452e-04))
500.03        	((4.033859e+00 -7.241649e+02 -3.425410e+02) (4.045686e-04 2.413781e+00 6.532519e-01)) ((-1.202531e+02 3.540986e-01 3.969226e-01) (5.508248e-03 2.229795e-04 3.251989e-04))
500.04        	((-1.064779e+00 -9.367897e+02 -1.449583e+02) (1.206788e-02 3.208570e+00 7.275384e-01)) ((-1.372178e+02 5.265274e-01 4.708952e-01) (-1.388328e-01 -2.982503e-04 -7.624298e-04))
500.05        	((-3.529373e+00 -2.749701e+02 9.243642e+02) (1.381771e-02 4.181861e+00 8.876265e-01)) ((-3.055993e+02 4.171604e-01 4.761148e-02) (-3.251188e-01 2.490974e-04 -2.144981e-03))
500.06        	((-1.592825e+00 4.712891e+02 1.713072e+03) (6.000982e-03 4.605650e+00 1.065409e+00)) ((-4.503461e+02 2.073571e-01 -8.251335e-01) (-3.908568e-01 3.384796e-04 -1.562217e-03))
500.07        	((7.203734e-01 7.771056e+02 1.740425e+03) (2.166931e-03 4.457001e+00 1.319874e+00)) ((-5.147864e+02 1.792233e-01 -1.430384e+00) (-3.581180e-01 4.942508e-04 1.081509e-03))
500.08        	((1.313825e+00 6.211864e+02 1.407982e+03) (-2.590477e-03 4.126338e+00 1.519829e+00)) ((-5.187047e+02 2.010742e-01 -1.565555e+00) (-3.008694e-01 -1.124113e-04 1.277458e-03))
500.09        	((3.661953e-01 2.502972e+02 1.140795e+03) (-1.469227e-02 4.120489e+00 1.765941e+00)) ((-4.841813e+02 2.559868e-01 -5.414439e-01) (-3.306902e-01 1.812604e-04 8.799245e-04))
500.1         	((-8.295616e-01 -3.496574e+01 1.071244e+03) (-1.074929e-02 4.463736e+00 1.982827e+00)) ((-4.263920e+02 2.002676e-01 3.517801e-01) (-4.269644e-01 6.740050e-04 1.250347e-03))
500.11        	((-1.166755e+00 -9.871796e+01 1.117467e+03) (-1.566155e-02 4.993445e+00 2.137584e+00)) ((-3.778193e+02 7.834460e-02 1.969390e-01) (-5.311042e-01 2.031121e-03 4.850099e-04))
500.12        	((-1.571746e+00 1.913739e+01 1.176228e+03) (-1.975027e-03 5.218048e+00 2.323477e+00)) ((-3.643246e+02 1.348285e-02 -5.656672e-01) (-5.920956e-01 2.093159e-03 -1.697885e-04))
500.13        	((-1.614637e+00 1.704232e+02 1.170924e+03) (5.966494e-03 5.238426e+00 2.497059e+00)) ((-3.806887e+02 3.900110e-02 -1.106900e+00) (-6.049354e-01 1.892818e-03 -5.766783e-04))
500.14        	((-1.752845e+00 2.426022e+02 1.106842e+03) (3.949195e-03 5.245094e+00 2.687043e+00)) ((-3.983052e+02 1.215951e-01 -9.605971e-01) (-6.046853e-01 1.285361e-03 -2.859880e-04))
500.15        	((-1.378866e+00 2.204855e+02 1.018573e+03) (-6.204503e-04 5.250565e+00 2.904482e+00)) ((-3.925089e+02 1.472855e-01 -4.213185e-01) (-6.080551e-01 5.784009e-04 5.763983e-04))
500.16        	((-1.696647e+00 1.514936e+02 9.409535e+02) (-5.261341e-03 5.350638e+00 3.104815e+00)) ((-3.634604e+02 1.345745e-01 1.155059e-01) (-6.169866e-01 5.415042e-04 1.041380e-03))
500.17        	((-2.158138e+00 1.041967e+02 8.985883e+02) (1.190245e-03 5.477562e+00 3.235219e+00)) ((-3.303934e+02 6.733485e-02 2.833711e-01) (-6.209446e-01 6.590678e-04 5.782971e-04))
500.18        	((-2.623897e+00 1.103685e+02 8.867595e+02) (2.506670e-03 5.595767e+00 3.296513e+00)) ((-3.114770e+02 7.863903e-03 1.233813e-01) (-6.139260e-01 6.028627e-04 2.987615e-04))
500.19        	((-2.773441e+00 1.542717e+02 8.810855e+02) (-1.677480e-03 5.660575e+00 3.340991e+00)) ((-3.097849e+02 1.489586e-02 -1.254158e-01) (-5.995771e-01 1.254472e-03 -2.937384e-06))
500.2         	((-3.102937e+00 2.020599e+02 8.576809e+02) (9.867703e-04 5.658040e+00 3.401870e+00)) ((-3.138919e+02 5.293427e-02 -1.585382e-01) (-5.778683e-01 1.295649e-03 2.756609e-04))
500.21        	((-3.264065e+00 2.254745e+02 8.154516e+02) (3.204716e-03 5.629741e+00 3.477475e+00)) ((-3.118876e+02 9.827430e-02 1.176758e-02) (-5.611029e-01 1.197959e-03 6.863350e-04))
500.22        	((-3.184480e+00 2.198542e+02 7.717915e+02) (5.147523e-03 5.606591e+00 3.545295e+00)) ((-3.006656e+02 1.192671e-01 2.428222e-01) (-5.476350e-01 1.247189e-03 7.115945e-04))
500.23        	((-2.920857e+00 2.020808e+02 7.441661e+02) (5.399303e-03 5.592419e+00 3.589404e+00)) ((-2.859345e+02 1.202211e-01 3.904208e-01) (-5.327907e-01 1.244467e-03 8.816468e-04))
500.24        	((-2.723805e+00 1.907227e+02 7.376015e+02) (3.269078e-03 5.578397e+00 3.600554e+00)) ((-2.758307e+02 1.042257e-01 4.008905e-01) (-5.174593e-01 1.067426e-03 1.068507e-03))
500.25        	((-2.731285e+00 1.932018e+02 7.411472e+02) (1.251310e-03 5.563052e+00 3.595184e+00)) ((-2.728668e+02 9.155280e-02 3.293576e-01) (-5.015902e-01 1.044041e-03 9.548911e-04))
500.26        	((-2.842522e+00 2.043783e+02 7.400227e+02) (3.026379e-05 5.543253e+00 3.584839e+00)) ((-2.740375e+02 8.793917e-02 2.643651e-01) (-4.853538e-01 1.057748e-03 8.959655e-04))
500.27        	((-2.795286e+00 2.134360e+02 7.276359e+02) (-8.201150e-04 5.517390e+00 3.575937e+00)) ((-2.745356e+02 9.259947e-02 2.337479e-01) (-4.728942e-01 1.014741e-03 9.876128e-04))
500.28        	((-2.464249e+00 2.134869e+02 7.085832e+02) (-1.313888e-03 5.485818e+00 3.570932e+00)) ((-2.716072e+02 9.924547e-02 2.174599e-01) (-4.625784e-01 1.139969e-03 9.519182e-04))
500.29        	((-2.000759e+00 2.053771e+02 6.917152e+02) (-1.504461e-03 5.451724e+00 3.567551e+00)) ((-2.662790e+02 9.911002e-02 1.942945e-01) (-4.553521e-01 1.301395e-03 9.192578e-04))
500.3         	((-1.616912e+00 1.950785e+02 6.833658e+02) (-1.701574e-03 5.418493e+00 3.561186e+00)) ((-2.609815e+02 8.393746e-02 1.589607e-01) (-4.480948e-01 1.325638e-03 8.914129e-04))
500.31        	((-1.385676e+00 1.879776e+02 6.827147e+02) (-2.043769e-03 5.388752e+00 3.549151e+00)) ((-2.575264e+02 6.035985e-02 1.161608e-01) (-4.414022e-01 1.302568e-03 9.324273e-04))
500.32        	((-1.261906e+00 1.852715e+02 6.838849e+02) (-2.755420e-03 5.362650e+00 3.533609e+00)) ((-2.560675e+02 3.645103e-02 6.787095e-02) (-4.341845e-01 1.258115e-03 9.886895e-04))
500.33        	((-1.113397e+00 1.843831e+02 6.813847e+02) (-3.422375e-03 5.338099e+00 3.516646e+00)) ((-2.554618e+02 1.964287e-02 1.327037e-02) (-4.279701e-01 1.235492e-03 1.092930e-03))
500.34        	((-8.711729e-01 1.820914e+02 6.740817e+02) (-3.893095e-03 5.311772e+00 3.501887e+00)) ((-2.544044e+02 1.020673e-02 -4.853438e-02) (-4.225569e-01 1.251404e-03 1.144992e-03))
500.35        	((-5.759469e-01 1.770757e+02 6.648326e+02) (-4.179499e-03 5.282088e+00 3.488799e+00)) ((-2.522686e+02 5.081889e-03 -1.120171e-01) (-4.187028e-01 1.282229e-03 1.156555e-03))
500.36        	((-3.118499e-01 1.703580e+02 6.571683e+02) (-4.343445e-03 5.249523e+00 3.476503e+00)) ((-2.493644e+02 -3.043649e-03 -1.668760e-01) (-4.154137e-01 1.303595e-03 1.145605e-03))
500.37        	((-1.349457e-01 1.638620e+02 6.525623e+02) (-4.472618e-03 5.215653e+00 3.462870e+00)) ((-2.463914e+02 -1.670156e-02 -2.103234e-01) (-4.125357e-01 1.313411e-03 1.137980e-03))
500.38        	((-3.410867e-02 1.588201e+02 6.499255e+02) (-4.561143e-03 5.181224e+00 3.447645e+00)) ((-2.438506e+02 -3.344729e-02 -2.496150e-01) (-4.094128e-01 1.338840e-03 1.119530e-03))
500.39        	((4.496336e-02 1.551298e+02 6.471573e+02) (-4.611553e-03 5.146385e+00 3.430736e+00)) ((-2.418302e+02 -4.972905e-02 -2.909787e-01) (-4.062873e-01 1.362138e-03 1.119094e-03))
500.4         	((1.378494e-01 1.518523e+02 6.427894e+02) (-4.620731e-03 5.109976e+00 3.413156e+00)) ((-2.400025e+02 -6.261408e-02 -3.385824e-01) (-4.033750e-01 1.391144e-03 1.116995e-03))
500.41        	((2.400471e-01 1.481520e+02 6.368972e+02) (-4.583519e-03 5.071065e+00 3.395307e+00)) ((-2.380006e+02 -7.216737e-02 -3.875659e-01) (-4.009788e-01 1.403623e-03 1.117956e-03))
500.42        	((3.340685e-01 1.438678e+02 6.305790e+02) (-4.504451e-03 5.029431e+00 3.377024e+00)) ((-2.356763e+02 -7.900703e-02 -4.302856e-01) (-3.991219e-01 1.379982e-03 1.154586e-03))
500.43        	((4.004947e-01 1.394129e+02 6.248468e+02) (-4.454380e-03 4.985596e+00 3.357731e+00)) ((-2.331128e+02 -8.345828e-02 -4.642962e-01) (-3.975719e-01 1.331078e-03 1.203389e-03))
500.44        	((4.366287e-01 1.352956e+02 6.199194e+02) (-4.334957e-03 4.940560e+00 3.337136e+00)) ((-2.304828e+02 -8.765887e-02 -4.934337e-01) (-3.960020e-01 1.289420e-03 1.253424e-03))
500.45        	((4.566566e-01 1.317451e+02 6.153255e+02) (-4.284211e-03 4.894778e+00 3.315459e+00)) ((-2.279260e+02 -9.144521e-02 -5.227592e-01) (-3.942773e-01 1.224766e-03 1.300383e-03))
500.46        	((4.718375e-01 1.286484e+02 6.104867e+02) (-4.198084e-03 4.848469e+00 3.292931e+00)) ((-2.254815e+02 -9.374931e-02 -5.555677e-01) (-3.924276e-01 1.175103e-03 1.323138e-03))
500.47        	((4.850480e-01 1.257019e+02 6.051076e+02) (-4.116262e-03 4.801421e+00 3.269945e+00)) ((-2.230906e+02 -9.337484e-02 -5.893633e-01) (-3.905292e-01 1.124489e-03 1.333490e-03))
500.48        	((5.001242e-01 1.226878e+02 5.993151e+02) (-4.056735e-03 4.753362e+00 3.246635e+00)) ((-2.206667e+02 -9.101849e-02 -6.212007e-01) (-3.887387e-01 1.137889e-03 1.331472e-03))
500.49        	((5.093894e-01 1.195719e+02 5.934003e+02) (-3.968109e-03 4.704345e+00 3.222991e+00)) ((-2.181598e+02 -8.704362e-02 -6.482665e-01) (-3.870157e-01 1.158557e-03 1.344876e-03))
500.5         	((5.066742e-01 1.164781e+02 5.875876e+02) (-3.849825e-03 4.654768e+00 3.198890e+00)) ((-2.155790e+02 -8.206909e-02 -6.705724e-01) (-3.853782e-01 1.100727e-03 1.399965e-03))
500.51        	((4.917974e-01 1.135434e+02 5.818950e+02) (-3.730554e-03 4.604975e+00 3.174319e+00)) ((-2.129718e+02 -7.684863e-02 -6.891058e-01) (-3.836840e-01 1.065142e-03 1.422923e-03))
500.52        	((4.687520e-01 1.108311e+02 5.762099e+02) (-3.583915e-03 4.555169e+00 3.149398e+00)) ((-2.103813e+02 -7.208837e-02 -7.045851e-01) (-3.819252e-01 1.041497e-03 1.433218e-03))
500.53        	((4.377018e-01 1.082934e+02 5.703940e+02) (-3.397907e-03 4.505366e+00 3.124328e+00)) ((-2.078251e+02 -6.700411e-02 -7.166894e-01) (-3.801225e-01 1.021941e-03 1.436325e-03))
500.54        	((4.013993e-01 1.058399e+02 5.643985e+02) (-3.176286e-03 4.455497e+00 3.099221e+00)) ((-2.052937e+02 -6.049210e-02 -7.257038e-01) (-3.783040e-01 1.002448e-03 1.431585e-03))
500.55        	((3.611056e-01 1.033935e+02 5.582553e+02) (-2.930745e-03 4.405515e+00 3.074109e+00)) ((-2.027700e+02 -5.284082e-02 -7.314330e-01) (-3.764982e-01 9.735250e-04 1.426297e-03))
500.56        	((3.158604e-01 1.009475e+02 5.520441e+02) (-2.678173e-03 4.355488e+00 3.048953e+00)) ((-2.002413e+02 -4.488653e-02 -7.335542e-01) (-3.746958e-01 9.433784e-04 1.410641e-03))
500.57        	((2.657413e-01 9.853643e+01 5.458144e+02) (-2.417630e-03 4.305581e+00 3.023710e+00)) ((-1.977092e+02 -3.718291e-02 -7.321740e-01) (-3.728844e-01 9.194075e-04 1.380496e-03))
500.58        	((2.106399e-01 9.621205e+01 5.395811e+02) (-2.176692e-03 4.255896e+00 2.998383e+00)) ((-1.951822e+02 -2.958354e-02 -7.272730e-01) (-3.710455e-01 9.083772e-04 1.324865e-03))
500.59        	((1.519944e-01 9.398797e+01 5.333165e+02) (-1.938357e-03 4.206513e+00 2.973004e+00)) ((-1.926719e+02 -2.205833e-02 -7.188012e-01) (-3.691634e-01 8.988398e-04 1.265508e-03))
500.6         	((9.311254e-02 9.185481e+01 5.270000e+02) (-1.725795e-03 4.157382e+00 2.947696e+00)) ((-1.901830e+02 -1.457634e-02 -7.076224e-01) (-3.672289e-01 8.855686e-04 1.218454e-03))
500.61        	((3.458587e-02 8.977432e+01 5.206224e+02) (-1.451112e-03 4.108483e+00 2.922372e+00)) ((-1.877159e+02 -7.180128e-03 -6.940399e-01) (-3.652136e-01 8.828101e-04 1.162080e-03))
500.62        	((-2.295169e-02 8.772874e+01 5.142058e+02) (-1.220279e-03 4.059877e+00 2.897155e+00)) ((-1.852669e+02 1.178713e-04 -6.780017e-01) (-3.631731e-01 8.838644e-04 1.098901e-03))
500.63        	((-7.905247e-02 8.570571e+01 5.077661e+02) (-1.022930e-03 4.011284e+00 2.871923e+00)) ((-1.828337e+02 7.197776e-03 -6.601798e-01) (-3.610227e-01 8.854414e-04 1.048574e-03))
500.64        	((-1.339617e-01 8.372973e+01 5.013217e+02) (-8.726656e-04 3.963003e+00 2.846912e+00)) ((-1.804146e+02 1.427889e-02 -6.402839e-01) (-3.588914e-01 8.826131e-04 9.917583e-04))
500.65        	((-1.880843e-01 8.179543e+01 4.948814e+02) (-6.973935e-04 3.914608e+00 2.821597e+00)) ((-1.780122e+02 2.114932e-02 -6.186591e-01) (-3.565489e-01 8.857214e-04 9.454000e-04))
500.66        	((-2.380455e-01 7.993430e+01 4.884483e+02) (-6.130949e-04 3.866967e+00 2.796773e+00)) ((-1.756299e+02 2.767923e-02 -5.954404e-01) (-3.543999e-01 8.780117e-04 8.867653e-04))
500.67        	((-2.840204e-01 7.809949e+01 4.820208e+02) (-4.324371e-04 3.818521e+00 2.770947e+00)) ((-1.732670e+02 3.377023e-02 -5.720248e-01) (-3.517958e-01 8.873668e-04 8.642085e-04))
500.68        	((-3.254263e-01 7.633820e+01 4.755987e+02) (-4.357906e-04 3.771814e+00 2.746548e+00)) ((-1.709290e+02 3.931002e-02 -5.487025e-01) (-3.497890e-01 8.726016e-04 7.974928e-04))
500.69        	((-3.620153e-01 7.457453e+01 4.691854e+02) (-2.917437e-04 3.722555e+00 2.719652e+00)) ((-1.686081e+02 4.410194e-02 -5.248909e-01) (-3.466125e-01 8.847124e-04 7.873818e-04))
500.7         	((-3.980761e-01 7.287631e+01 4.628031e+02) (-3.806201e-04 3.677310e+00 2.696208e+00)) ((-1.663135e+02 4.821379e-02 -5.018303e-01) (-3.449565e-01 8.666637e-04 7.331895e-04))
500.71        	((-4.278359e-01 7.120999e+01 4.564349e+02) (-4.638275e-04 3.630410e+00 2.671160e+00)) ((-1.640317e+02 5.183640e-02 -4.765015e-01) (-3.425303e-01 8.494518e-04 6.687085e-04))
500.72        	((-4.614122e-01 6.958180e+01 4.500997e+02) (-2.318254e-04 3.583884e+00 2.646026e+00)) ((-1.617648e+02 5.480335e-02 -4.540954e-01) (-3.400768e-01 8.752336e-04 7.000464e-04))
500.73        	((-4.784386e-01 6.798731e+01 4.437991e+02) (-6.060647e-04 3.537718e+00 2.620953e+00)) ((-1.595167e+02 5.732430e-02 -4.263666e-01) (-3.376407e-01 8.119296e-04 5.574838e-04))
500.74        	((-5.132416e-01 6.642735e+01 4.375419e+02) (2.924091e-04 3.491670e+00 2.595720e+00)) ((-1.572878e+02 5.830428e-02 -4.103502e-01) (-3.351002e-01 9.497658e-04 7.832824e-04))
500.75        	((-5.107036e-01 6.490290e+01 4.313302e+02) (-1.201640e-03 3.446013e+00 2.570594e+00)) ((-1.550804e+02 5.940928e-02 -3.799374e-01) (-3.325580e-01 7.186180e-04 3.271174e-04))
500.76        	((-5.497041e-01 6.341169e+01 4.251704e+02) (1.660067e-03 3.399956e+00 2.544951e+00)) ((-1.528915e+02 5.925438e-02 -3.707290e-01) (-3.297197e-01 1.171785e-03 1.101392e-03))
500.77        	((-5.606042e-01 6.194268e+01 4.190718e+02) (-2.222027e-03 3.354666e+00 2.519630e+00)) ((-1.507230e+02 5.883447e-02 -3.483872e-01) (-3.270082e-01 5.450562e-04 2.932115e-05))
500.78        	((-5.517795e-01 6.052517e+01 4.130261e+02) (-7.429395e-04 3.311377e+00 2.495774e+00)) ((-1.485727e+02 6.037621e-02 -3.182835e-01) (-3.249360e-01 7.891761e-04 3.883745e-04))
500.79        	((-5.894435e-01 5.912853e+01 4.070232e+02) (6.005371e-04 3.266814e+00 2.470566e+00)) ((-1.464345e+02 5.970805e-02 -3.108335e-01) (-3.222015e-01 9.852825e-04 7.346501e-04))
500.8         	((-5.958743e-01 5.775793e+01 4.010782e+02) (-6.786029e-04 3.223191e+00 2.445856e+00)) ((-1.443114e+02 5.895293e-02 -2.904564e-01) (-3.196542e-01 7.933380e-04 3.287049e-04))
500.81        	((-6.256321e-01 5.640805e+01 3.951968e+02) (4.193224e-04 3.179534e+00 2.420781e+00)) ((-1.422073e+02 5.811592e-02 -2.827682e-01) (-3.169097e-01 9.465797e-04 6.099371e-04))
500.82        	((-6.180686e-01 5.508609e+01 3.893886e+02) (-1.612595e-03 3.136058e+00 2.395579e+00)) ((-1.401243e+02 5.870951e-02 -2.580253e-01) (-3.140577e-01 6.099310e-04 1.524455e-05))
500.83        	((-6.471342e-01 5.378630e+01 3.836562e+02) (9.975084e-04 3.093274e+00 2.370870e+00)) ((-1.380649e+02 5.905667e-02 -2.503377e-01) (-3.113530e-01 1.012080e-03 7.107676e-04))
500.84        	((-6.692362e-01 5.251877e+01 3.779896e+02) (-1.811136e-04 3.051606e+00 2.346801e+00)) ((-1.360251e+02 5.869078e-02 -2.386941e-01) (-3.089099e-01 8.088545e-04 3.477023e-04))
500.85        	((-6.910045e-01 5.126932e+01 3.723812e+02) (-2.739239e-05 3.009768e+00 2.322271e+00)) ((-1.340021e+02 5.890599e-02 -2.279662e-01) (-3.062223e-01 8.088565e-04 3.523027e-04))
500.86        	((-7.032695e-01 5.003519e+01 3.668449e+02) (-1.948755e-04 2.968223e+00 2.297535e+00)) ((-1.319963e+02 5.944475e-02 -2.141825e-01) (-3.034559e-01 7.622569e-04 2.644219e-04))
500.87        	((-7.244696e-01 4.882833e+01 3.613862e+02) (1.924075e-04 2.927437e+00 2.273156e+00)) ((-1.300128e+02 5.954105e-02 -2.062289e-01) (-3.008404e-01 8.021209e-04 3.524785e-04))
500.88        	((-7.255717e-01 4.762614e+01 3.560083e+02) (-1.335188e-03 2.885893e+00 2.247815e+00)) ((-1.280484e+02 6.023870e-02 -1.902040e-01) (-2.977446e-01 5.412864e-04 -1.049976e-04))
500.89        	((-7.313644e-01 4.645531e+01 3.507167e+02) (4.216759e-05 2.846544e+00 2.224149e+00)) ((-1.261117e+02 6.156970e-02 -1.776250e-01) (-2.953690e-01 7.414674e-04 2.387619e-04))
500.9         	((-7.574117e-01 4.533365e+01 3.455527e+02) (5.183036e-04 2.806812e+00 2.199899e+00)) ((-1.242011e+02 6.141445e-02 -1.747792e-01) (-2.926734e-01 7.916135e-04 3.456407e-04))
500.91        	((-7.534969e-01 4.421014e+01 3.404386e+02) (-1.153089e-03 2.766629e+00 2.174965e+00)) ((-1.223068e+02 6.162214e-02 -1.592976e-01) (-2.896166e-01 5.082428e-04 -1.539101e-04))
500.92        	((-7.607672e-01 4.309320e+01 3.353653e+02) (4.696711e-04 2.728243e+00 2.151437e+00)) ((-1.204309e+02 6.206230e-02 -1.507959e-01) (-2.871418e-01 7.477988e-04 2.728870e-04))
500.93        	((-7.728887e-01 4.199178e+01 3.303397e+02) (4.404180e-04 2.689863e+00 2.127670e+00)) ((-1.185734e+02 6.159742e-02 -1.453467e-01) (-2.845098e-01 7.291983e-04 2.453808e-04))
500.94        	((-7.752103e-01 4.088310e+01 3.253909e+02) (-2.348991e-04 2.650857e+00 2.103055e+00)) ((-1.167321e+02 6.151861e-02 -1.363107e-01) (-2.814402e-01 6.054917e-04 3.669297e-05))
500.95        	((-7.766842e-01 3.981533e+01 3.205342e+02) (3.063101e-04 2.613878e+00 2.079969e+00)) ((-1.149183e+02 6.199826e-02 -1.279428e-01) (-2.790031e-01 6.827514e-04 1.674906e-04))
500.96        	((-7.893582e-01 3.876356e+01 3.157524e+02) (6.557563e-04 2.576393e+00 2.056244e+00)) ((-1.131218e+02 6.201990e-02 -1.252957e-01) (-2.761944e-01 7.231573e-04 2.555909e-04))
500.97        	((-7.914519e-01 3.773882e+01 3.110462e+02) (2.997790e-04 2.539607e+00 2.032917e+00)) ((-1.113482e+02 6.214448e-02 -1.185984e-01) (-2.734894e-01 6.607690e-04 1.383406e-04))
500.98        	((-8.000866e-01 3.672803e+01 3.064131e+02) (5.495332e-04 2.502870e+00 2.009503e+00)) ((-1.095942e+02 6.218281e-02 -1.155400e-01) (-2.706571e-01 6.906301e-04 2.038209e-04))
500.99        	((-8.007810e-01 3.574103e+01 3.018520e+02) (2.767069e-04 2.466819e+00 1.986514e+00)) ((-1.078642e+02 6.235884e-02 -1.093802e-01) (-2.679382e-01 6.466749e-04 1.296457e-04))
501           	((-8.079225e-01 3.476812e+01 2.973575e+02) (4.390075e-04 2.430810e+00 1.963497e+00)) ((-1.061528e+02 6.262266e-02 -1.064010e-01) (-2.651044e-01 6.642938e-04 1.794141e-04))
501.01        	((-8.098992e-01 3.382180e+01 2.929295e+02) (2.380460e-04 2.395494e+00 1.940902e+00)) ((-1.044635e+02 6.312600e-02 -1.012378e-01) (-2.623774e-01 6.298189e-04 1.273993e-04))
501.02        	((-8.163885e-01 3.289380e+01 2.885703e+02) (3.722142e-04 2.360318e+00 1.918267e+00)) ((-1.027935e+02 6.367884e-02 -9.844023e-02) (-2.595401e-01 6.426185e-04 1.718764e-04))
501.03        	((-8.195343e-01 3.199507e+01 2.842829e+02) (2.655915e-04 2.325817e+00 1.896079e+00)) ((-1.011467e+02 6.432600e-02 -9.445184e-02) (-2.568071e-01 6.218634e-04 1.461692e-04))
501.04        	((-8.235707e-01 3.111212e+01 2.800652e+02) (3.067116e-04 2.291386e+00 1.873846e+00)) ((-9.951913e+01 6.501375e-02 -9.123484e-02) (-2.539418e-01 6.222694e-04 1.658961e-04))
501.05        	((-8.266901e-01 3.025800e+01 2.759142e+02) (3.191479e-04 2.257647e+00 1.852112e+00)) ((-9.791433e+01 6.566554e-02 -8.808773e-02) (-2.511922e-01 6.207513e-04 1.800813e-04))
501.06        	((-8.274989e-01 2.941767e+01 2.718264e+02) (2.411604e-04 2.223920e+00 1.830240e+00)) ((-9.632826e+01 6.631846e-02 -8.436217e-02) (-2.482775e-01 6.025756e-04 1.619051e-04))
501.07        	((-8.301397e-01 2.860882e+01 2.678034e+02) (3.766296e-04 2.191086e+00 1.808936e+00)) ((-9.476620e+01 6.685519e-02 -8.197840e-02) (-2.455315e-01 6.147703e-04 1.962012e-04))
501.08        	((-8.303791e-01 2.781263e+01 2.638431e+02) (3.555331e-04 2.158221e+00 1.787491e+00)) ((-9.322252e+01 6.720538e-02 -7.848630e-02) (-2.426177e-01 5.966881e-04 1.875793e-04))
501.09        	((-8.356557e-01 2.703893e+01 2.599510e+02) (1.389975e-03 2.125594e+00 1.765812e+00)) ((-9.170250e+01 6.769687e-02 -7.379374e-02) (-2.396078e-01 2.471638e-04 7.798145e-04))
501.1         	((-8.403188e-01 2.627032e+01 2.561249e+02) (-1.602219e-05 2.093715e+00 1.745063e+00)) ((-9.020159e+01 6.824332e-02 -6.863689e-02) (-2.367645e-01 7.475076e-04 -8.581893e-06))
501.11        	((-8.387256e-01 2.555055e+01 2.523672e+02) (3.566762e-04 2.062978e+00 1.725282e+00)) ((-8.872685e+01 6.941845e-02 -7.118486e-02) (-2.342025e-01 6.902150e-04 1.312786e-04))
501.12        	((-8.389559e-01 2.485363e+01 2.486697e+02) (6.737283e-04 2.032140e+00 1.704941e+00)) ((-8.727181e+01 6.951386e-02 -6.966833e-02) (-2.313683e-01 6.361100e-04 1.897780e-04))
501.13        	((-8.408546e-01 2.418773e+01 2.450378e+02) (4.271001e-04 2.001886e+00 1.685033e+00)) ((-8.584157e+01 7.060609e-02 -7.202997e-02) (-2.286171e-01 6.694240e-04 1.448887e-04))
501.14        	((-8.410774e-01 2.353548e+01 2.414627e+02) (6.320856e-04 1.971828e+00 1.665149e+00)) ((-8.442958e+01 6.856632e-02 -6.839265e-02) (-2.257702e-01 6.160290e-04 1.839632e-04))
501.15        	((-8.421276e-01 2.290845e+01 2.379481e+02) (4.830344e-04 1.942447e+00 1.645662e+00)) ((-8.304014e+01 6.814902e-02 -7.091463e-02) (-2.230120e-01 6.575260e-04 1.448968e-04))
501.16        	((-8.422842e-01 2.230045e+01 2.344961e+02) (7.147353e-04 1.913256e+00 1.626249e+00)) ((-8.167118e+01 6.621841e-02 -6.730499e-02) (-2.201768e-01 6.096303e-04 1.841343e-04))
501.17        	((-8.458195e-01 2.171982e+01 2.311085e+02) (5.721230e-04 1.884706e+00 1.607218e+00)) ((-8.032649e+01 6.714380e-02 -7.135021e-02) (-2.174072e-01 6.703450e-04 1.334042e-04))
501.18        	((-8.480024e-01 2.116099e+01 2.277850e+02) (7.685385e-04 1.856427e+00 1.588336e+00)) ((-7.900321e+01 6.605252e-02 -6.850223e-02) (-2.145789e-01 6.160154e-04 1.712600e-04))
501.19        	((-8.544343e-01 2.062635e+01 2.245242e+02) (6.924387e-04 1.828932e+00 1.569955e+00)) ((-7.770336e+01 6.690951e-02 -7.239330e-02) (-2.118208e-01 6.662977e-04 1.382679e-04))
501.2         	((-8.588064e-01 2.011155e+01 2.213266e+02) (8.244926e-04 1.801489e+00 1.551552e+00)) ((-7.642477e+01 6.593466e-02 -7.002843e-02) (-2.090069e-01 6.190809e-04 1.581897e-04))
501.21        	((-8.674888e-01 1.961801e+01 2.181911e+02) (7.992958e-04 1.774794e+00 1.533629e+00)) ((-7.516937e+01 6.660279e-02 -7.363712e-02) (-2.062667e-01 6.560941e-04 1.437427e-04))
501.22        	((-8.749889e-01 1.914464e+01 2.151180e+02) (8.936178e-04 1.748202e+00 1.515700e+00)) ((-7.393418e+01 6.608196e-02 -7.207191e-02) (-2.035002e-01 6.204574e-04 1.349532e-04))
501.23        	((-8.862830e-01 1.869156e+01 2.121075e+02) (8.995607e-04 1.722563e+00 1.498334e+00)) ((-7.272123e+01 6.689200e-02 -7.555581e-02) (-2.007457e-01 6.471395e-04 1.272135e-04))
501.24        	((-8.960963e-01 1.825922e+01 2.091593e+02) (9.563031e-04 1.696993e+00 1.480989e+00)) ((-7.153158e+01 6.679748e-02 -7.511027e-02) (-1.979787e-01 6.190088e-04 1.256212e-04))
501.25        	((-9.094161e-01 1.784463e+01 2.062717e+02) (9.919330e-04 1.671985e+00 1.463976e+00)) ((-7.036548e+01 6.775945e-02 -7.833452e-02) (-1.952372e-01 6.403673e-04 1.193243e-04))
501.26        	((-9.215588e-01 1.745050e+01 2.034474e+02) (1.025713e-03 1.647360e+00 1.447200e+00)) ((-6.922140e+01 6.818179e-02 -7.881452e-02) (-1.924759e-01 6.213382e-04 1.084898e-04))
501.27        	((-9.365258e-01 1.707255e+01 2.006833e+02) (1.091855e-03 1.623194e+00 1.430704e+00)) ((-6.809938e+01 6.923575e-02 -8.167301e-02) (-1.897622e-01 6.369318e-04 1.113631e-04))
501.28        	((-9.504105e-01 1.671532e+01 1.979829e+02) (1.127003e-03 1.599407e+00 1.414424e+00)) ((-6.699824e+01 7.016232e-02 -8.245439e-02) (-1.870752e-01 6.262878e-04 9.598706e-05))
501.29        	((-9.662033e-01 1.637676e+01 1.953477e+02) (1.218125e-03 1.575558e+00 1.398041e+00)) ((-6.591626e+01 7.155883e-02 -8.479753e-02) (-1.847385e-01 6.368063e-04 9.883092e-05))
501.3         	((-9.811375e-01 1.605740e+01 1.927803e+02) (1.244231e-03 1.553161e+00 1.382523e+00)) ((-6.485122e+01 7.297652e-02 -8.609656e-02) (-1.819199e-01 6.299076e-04 8.718579e-05))
501.31        	((-9.984905e-01 1.575239e+01 1.902730e+02) (1.330807e-03 1.530892e+00 1.367149e+00)) ((-6.380861e+01 7.472743e-02 -8.764305e-02) (-1.792586e-01 6.384597e-04 8.988442e-05))
501.32        	((-1.015275e+00 1.546427e+01 1.878220e+02) (1.364076e-03 1.509064e+00 1.352048e+00)) ((-6.279262e+01 7.662172e-02 -8.872090e-02) (-1.766024e-01 6.366134e-04 7.555965e-05))
501.33        	((-1.033050e+00 1.519018e+01 1.854235e+02) (1.438166e-03 1.487711e+00 1.337229e+00)) ((-6.180097e+01 7.865580e-02 -9.021162e-02) (-1.739834e-01 6.404715e-04 7.138805e-05))
501.34        	((-1.051174e+00 1.493381e+01 1.830842e+02) (1.485217e-03 1.466795e+00 1.322689e+00)) ((-6.082961e+01 8.090199e-02 -9.127539e-02) (-1.713753e-01 6.404374e-04 5.693285e-05))
501.35        	((-1.070087e+00 1.469290e+01 1.808085e+02) (1.554012e-03 1.446333e+00 1.308448e+00)) ((-5.987775e+01 8.326473e-02 -9.246844e-02) (-1.687799e-01 6.432511e-04 4.742395e-05))
501.36        	((-1.089843e+00 1.446969e+01 1.785955e+02) (1.614305e-03 1.426308e+00 1.294497e+00)) ((-5.894509e+01 8.574861e-02 -9.357298e-02) (-1.661992e-01 6.461249e-04 3.368163e-05))
501.37        	((-1.110998e+00 1.425967e+01 1.764405e+02) (1.680690e-03 1.406739e+00 1.280843e+00)) ((-5.803375e+01 8.833391e-02 -9.444313e-02) (-1.636347e-01 6.516962e-04 2.032971e-05))
501.38        	((-1.132809e+00 1.406599e+01 1.743426e+02) (1.754282e-03 1.387613e+00 1.267424e+00)) ((-5.714486e+01 9.097496e-02 -9.581722e-02) (-1.611353e-01 6.460912e-04 7.543776e-06))
501.39        	((-1.158438e+00 1.388502e+01 1.722985e+02) (1.830492e-03 1.368974e+00 1.254311e+00)) ((-5.627816e+01 9.376396e-02 -9.541020e-02) (-1.586488e-01 7.034892e-04 -1.904001e-05))
501.4         	((-1.184075e+00 1.372030e+01 1.703091e+02) (1.908486e-03 1.350809e+00 1.241705e+00)) ((-5.543236e+01 9.684171e-02 -9.602762e-02) (-1.560254e-01 6.823622e-04 -2.516012e-05))
501.41        	((-1.208806e+00 1.356772e+01 1.683735e+02) (1.972070e-03 1.332995e+00 1.229265e+00)) ((-5.460619e+01 9.993890e-02 -9.843292e-02) (-1.535272e-01 6.845164e-04 -3.632216e-05))
501.42        	((-1.235806e+00 1.343161e+01 1.664947e+02) (2.062867e-03 1.315607e+00 1.217113e+00)) ((-5.379952e+01 1.032535e-01 -1.004966e-01) (-1.510749e-01 7.028741e-04 -5.824163e-05))
501.43        	((-1.264345e+00 1.330873e+01 1.646723e+02) (2.161993e-03 1.298659e+00 1.205302e+00)) ((-5.301277e+01 1.066513e-01 -1.029280e-01) (-1.486194e-01 7.139684e-04 -6.374858e-05))
501.44        	((-1.294782e+00 1.320162e+01 1.629056e+02) (2.259277e-03 1.282117e+00 1.193769e+00)) ((-5.224486e+01 1.100085e-01 -1.056330e-01) (-1.462024e-01 7.269630e-04 -6.748358e-05))
501.45        	((-1.327048e+00 1.310668e+01 1.611931e+02) (2.355459e-03 1.265999e+00 1.182511e+00)) ((-5.149599e+01 1.131604e-01 -1.086851e-01) (-1.438146e-01 7.411057e-04 -7.301730e-05))
501.46        	((-1.360703e+00 1.302662e+01 1.595330e+02) (2.450141e-03 1.250296e+00 1.171538e+00)) ((-5.076577e+01 1.160631e-01 -1.124898e-01) (-1.414535e-01 7.583175e-04 -7.515222e-05))
501.47        	((-1.397528e+00 1.295836e+01 1.579258e+02) (2.530519e-03 1.235016e+00 1.160871e+00)) ((-5.005484e+01 1.189705e-01 -1.159898e-01) (-1.391053e-01 7.844255e-04 -7.137445e-05))
501.48        	((-1.436932e+00 1.290385e+01 1.563684e+02) (2.614924e-03 1.220174e+00 1.150534e+00)) ((-4.936197e+01 1.218164e-01 -1.192376e-01) (-1.367617e-01 8.097359e-04 -6.875309e-05))
501.49        	((-1.478188e+00 1.285903e+01 1.548583e+02) (2.704986e-03 1.205740e+00 1.140511e+00)) ((-4.868749e+01 1.245322e-01 -1.228779e-01) (-1.344307e-01 8.347331e-04 -6.731465e-05))
501.5         	((-1.520710e+00 1.282744e+01 1.533972e+02) (2.787096e-03 1.191712e+00 1.130786e+00)) ((-4.803137e+01 1.272188e-01 -1.270525e-01) (-1.321201e-01 8.577326e-04 -6.894259e-05))
501.51        	((-1.564642e+00 1.280509e+01 1.519829e+02) (2.863125e-03 1.178093e+00 1.121352e+00)) ((-4.739318e+01 1.299226e-01 -1.315591e-01) (-1.298338e-01 8.808101e-04 -7.142628e-05))
501.52        	((-1.609917e+00 1.279530e+01 1.506191e+02) (2.928889e-03 1.164884e+00 1.112210e+00)) ((-4.677272e+01 1.326091e-01 -1.362511e-01) (-1.275731e-01 9.039722e-04 -7.499777e-05))
501.53        	((-1.656399e+00 1.279409e+01 1.493032e+02) (2.986243e-03 1.152084e+00 1.103363e+00)) ((-4.616963e+01 1.352406e-01 -1.412462e-01) (-1.253367e-01 9.276515e-04 -7.878247e-05))
501.54        	((-1.703643e+00 1.280370e+01 1.480355e+02) (3.032211e-03 1.139690e+00 1.094809e+00)) ((-4.558324e+01 1.378344e-01 -1.467271e-01) (-1.231262e-01 9.510567e-04 -8.361221e-05))
501.55        	((-1.751373e+00 1.282048e+01 1.468135e+02) (3.067128e-03 1.127692e+00 1.086544e+00)) ((-4.501310e+01 1.404808e-01 -1.527898e-01) (-1.209431e-01 9.739004e-04 -8.916504e-05))
501.56        	((-1.799769e+00 1.284727e+01 1.456378e+02) (3.087853e-03 1.116087e+00 1.078567e+00)) ((-4.445883e+01 1.432276e-01 -1.589120e-01) (-1.187881e-01 9.963823e-04 -9.828294e-05))
501.57        	((-1.849215e+00 1.288148e+01 1.445072e+02) (3.098357e-03 1.104867e+00 1.070873e+00)) ((-4.392065e+01 1.460123e-01 -1.644389e-01) (-1.166603e-01 1.019669e-03 -1.101441e-04))
501.58        	((-1.899064e+00 1.292626e+01 1.434219e+02) (3.096879e-03 1.094028e+00 1.063460e+00)) ((-4.339833e+01 1.486860e-01 -1.694266e-01) (-1.145608e-01 1.042464e-03 -1.236829e-04))
501.59        	((-1.948839e+00 1.297855e+01 1.423804e+02) (3.087839e-03 1.083561e+00 1.056326e+00)) ((-4.289187e+01 1.512347e-01 -1.739681e-01) (-1.124880e-01 1.064627e-03 -1.400044e-04))
501.6         	((-1.998709e+00 1.304082e+01 1.413810e+02) (3.068870e-03 1.073464e+00 1.049470e+00)) ((-4.240102e+01 1.537100e-01 -1.778211e-01) (-1.104425e-01 1.086603e-03 -1.613125e-04))
501.61        	((-2.048672e+00 1.310933e+01 1.404218e+02) (3.039438e-03 1.063734e+00 1.042894e+00)) ((-4.192573e+01 1.561122e-01 -1.810199e-01) (-1.084226e-01 1.109062e-03 -1.876842e-04))
501.62        	((-2.098179e+00 1.318614e+01 1.395032e+02) (3.003225e-03 1.054371e+00 1.036596e+00)) ((-4.146559e+01 1.584851e-01 -1.836803e-01) (-1.064286e-01 1.132090e-03 -2.175511e-04))
501.63        	((-2.146786e+00 1.326845e+01 1.386249e+02) (2.959938e-03 1.045366e+00 1.030568e+00)) ((-4.102062e+01 1.609022e-01 -1.857443e-01) (-1.044602e-01 1.154546e-03 -2.494030e-04))
501.64        	((-2.194055e+00 1.335989e+01 1.377859e+02) (2.907730e-03 1.036705e+00 1.024804e+00)) ((-4.059025e+01 1.634093e-01 -1.871984e-01) (-1.025203e-01 1.175677e-03 -2.813143e-04))
501.65        	((-2.239760e+00 1.345797e+01 1.369843e+02) (2.847028e-03 1.028385e+00 1.019304e+00)) ((-4.017426e+01 1.659909e-01 -1.881242e-01) (-1.006094e-01 1.195386e-03 -3.126725e-04))
501.66        	((-2.283713e+00 1.356466e+01 1.362199e+02) (2.784459e-03 1.020400e+00 1.014064e+00)) ((-3.977214e+01 1.686185e-01 -1.886920e-01) (-9.872745e-02 1.215403e-03 -3.440511e-04))
501.67        	((-2.325711e+00 1.367631e+01 1.354920e+02) (2.718468e-03 1.012755e+00 1.009090e+00)) ((-3.938386e+01 1.712328e-01 -1.891025e-01) (-9.687440e-02 1.235319e-03 -3.757468e-04))
501.68        	((-2.365367e+00 1.379537e+01 1.347996e+02) (2.648056e-03 1.005448e+00 1.004381e+00)) ((-3.900853e+01 1.737751e-01 -1.895558e-01) (-9.504987e-02 1.254760e-03 -4.067095e-04))
501.69        	((-2.402422e+00 1.391949e+01 1.341425e+02) (2.575520e-03 9.984691e-01 9.999312e-01)) ((-3.864642e+01 1.762969e-01 -1.901898e-01) (-9.325295e-02 1.274637e-03 -4.376690e-04))
501.7         	((-2.436667e+00 1.405163e+01 1.335218e+02) (2.497736e-03 9.918126e-01 9.957364e-01)) ((-3.829767e+01 1.788131e-01 -1.909348e-01) (-9.148298e-02 1.293638e-03 -4.675878e-04))
501.71        	((-2.468271e+00 1.418918e+01 1.329366e+02) (2.409109e-03 9.854667e-01 9.917875e-01)) ((-3.796221e+01 1.813009e-01 -1.917612e-01) (-8.974109e-02 1.311877e-03 -4.966497e-04))
501.72        	((-2.497633e+00 1.433451e+01 1.323861e+02) (2.311826e-03 9.794161e-01 9.880802e-01)) ((-3.763957e+01 1.837434e-01 -1.925446e-01) (-8.802737e-02 1.328971e-03 -5.242778e-04))
501.73        	((-2.525099e+00 1.448399e+01 1.318679e+02) (2.200823e-03 9.736562e-01 9.845994e-01)) ((-3.732935e+01 1.861171e-01 -1.932068e-01) (-8.634332e-02 1.344694e-03 -5.531875e-04))
501.74        	((-2.550799e+00 1.464004e+01 1.313808e+02) (2.085980e-03 9.681885e-01 9.813485e-01)) ((-3.703114e+01 1.884076e-01 -1.938428e-01) (-8.469297e-02 1.358676e-03 -5.799792e-04))
501.75        	((-2.574674e+00 1.479969e+01 1.309236e+02) (1.972676e-03 9.629999e-01 9.783241e-01)) ((-3.674457e+01 1.906401e-01 -1.945982e-01) (-8.307587e-02 1.371874e-03 -6.053263e-04))
501.76        	((-2.596731e+00 1.496534e+01 1.304973e+02) (1.862612e-03 9.580857e-01 9.755236e-01)) ((-3.646947e+01 1.928366e-01 -1.955122e-01) (-8.149394e-02 1.382946e-03 -6.320254e-04))
501.77        	((-2.616749e+00 1.513430e+01 1.301018e+02) (1.746799e-03 9.534619e-01 9.729520e-01)) ((-3.620541e+01 1.950563e-01 -1.969199e-01) (-7.993824e-02 1.395313e-03 -6.555555e-04))
501.78        	((-2.634045e+00 1.530944e+01 1.297376e+02) (1.622521e-03 9.491432e-01 9.706612e-01)) ((-3.595177e+01 1.973060e-01 -1.990957e-01) (-7.837377e-02 1.410822e-03 -6.699144e-04))
501.79        	((-2.649009e+00 1.548794e+01 1.294042e+02) (1.512093e-03 9.450765e-01 9.686146e-01)) ((-3.570875e+01 1.994271e-01 -2.014974e-01) (-7.680987e-02 1.424111e-03 -6.906461e-04))
501.8         	((-2.662117e+00 1.567222e+01 1.290999e+02) (1.410529e-03 9.412470e-01 9.667892e-01)) ((-3.547692e+01 2.013747e-01 -2.036864e-01) (-7.527369e-02 1.433755e-03 -7.134612e-04))
501.81        	((-2.673948e+00 1.585891e+01 1.288228e+02) (1.302825e-03 9.376836e-01 9.651561e-01)) ((-3.525597e+01 2.032307e-01 -2.057139e-01) (-7.377053e-02 1.441535e-03 -7.365789e-04))
501.82        	((-2.684405e+00 1.605113e+01 1.285733e+02) (1.195902e-03 9.343626e-01 9.637264e-01)) ((-3.504520e+01 2.050667e-01 -2.077529e-01) (-7.230223e-02 1.447930e-03 -7.592791e-04))
501.83        	((-2.693105e+00 1.624562e+01 1.283517e+02) (1.097924e-03 9.312722e-01 9.624810e-01)) ((-3.484391e+01 2.069125e-01 -2.098739e-01) (-7.085794e-02 1.455373e-03 -7.813084e-04))
501.84        	((-2.699718e+00 1.644568e+01 1.281582e+02) (1.016724e-03 9.284186e-01 9.614518e-01)) ((-3.465210e+01 2.087429e-01 -2.119933e-01) (-6.944308e-02 1.463649e-03 -8.033929e-04))
501.85        	((-2.704328e+00 1.664730e+01 1.279910e+02) (9.436838e-04 9.258089e-01 9.606101e-01)) ((-3.446954e+01 2.105279e-01 -2.139613e-01) (-6.804929e-02 1.471870e-03 -8.246735e-04))
501.86        	((-2.707467e+00 1.685376e+01 1.278491e+02) (8.611942e-04 9.234526e-01 9.599805e-01)) ((-3.429637e+01 2.122923e-01 -2.158600e-01) (-6.668549e-02 1.480202e-03 -8.462098e-04))
501.87        	((-2.710028e+00 1.706084e+01 1.277313e+02) (7.896950e-04 9.213173e-01 9.595069e-01)) ((-3.413219e+01 2.140953e-01 -2.179106e-01) (-6.533827e-02 1.490297e-03 -8.654920e-04))
501.88        	((-2.711445e+00 1.727306e+01 1.276381e+02) (7.019670e-04 9.194141e-01 9.592425e-01)) ((-3.397728e+01 2.159263e-01 -2.200629e-01) (-6.402824e-02 1.498295e-03 -8.908902e-04))
501.89        	((-2.711128e+00 1.748627e+01 1.275694e+02) (6.223628e-04 9.177425e-01 9.591206e-01)) ((-3.383108e+01 2.178229e-01 -2.218662e-01) (-6.273792e-02 1.505365e-03 -9.158235e-04))
501.9         	((-2.709280e+00 1.770476e+01 1.275254e+02) (5.212488e-04 9.163123e-01 9.592110e-01)) ((-3.369363e+01 2.196869e-01 -2.235017e-01) (-6.148766e-02 1.508314e-03 -9.441180e-04))
501.91        	((-2.707476e+00 1.792259e+01 1.275036e+02) (4.609448e-04 9.150857e-01 9.594063e-01)) ((-3.356393e+01 2.217395e-01 -2.250348e-01) (-6.025437e-02 1.514158e-03 -9.658799e-04))
501.92        	((-2.705049e+00 1.814498e+01 1.275050e+02) (3.626573e-04 9.140979e-01 9.597839e-01)) ((-3.344293e+01 2.235515e-01 -2.264866e-01) (-5.910899e-02 1.507871e-03 -9.927275e-04))
501.93        	((-2.702168e+00 1.836668e+01 1.275286e+02) (3.047634e-04 9.133749e-01 9.603363e-01)) ((-3.332814e+01 2.257803e-01 -2.284752e-01) (-5.789763e-02 1.518734e-03 -1.001369e-03))
501.94        	((-2.697941e+00 1.859352e+01 1.275757e+02) (1.954263e-04 9.128669e-01 9.611992e-01)) ((-3.322103e+01 2.275018e-01 -2.301364e-01) (-5.670353e-02 1.501574e-03 -1.020985e-03))
501.95        	((-2.693450e+00 1.881900e+01 1.276427e+02) (1.569558e-04 9.124958e-01 9.621707e-01)) ((-3.312063e+01 2.298659e-01 -2.319779e-01) (-5.548253e-02 1.504919e-03 -1.028454e-03))
501.96        	((-2.687387e+00 1.904923e+01 1.277290e+02) (4.263021e-05 9.122756e-01 9.633498e-01)) ((-3.302805e+01 2.317723e-01 -2.337283e-01) (-5.432174e-02 1.484523e-03 -1.045653e-03))
501.97        	((-2.681876e+00 1.927751e+01 1.278359e+02) (1.574135e-05 9.122488e-01 9.645816e-01)) ((-3.294435e+01 2.344095e-01 -2.358449e-01) (-5.321587e-02 1.491928e-03 -1.059003e-03))
501.98        	((-2.675657e+00 1.951167e+01 1.279647e+02) (-9.074085e-05 9.124248e-01 9.659421e-01)) ((-3.286916e+01 2.365401e-01 -2.377496e-01) (-5.220894e-02 1.474765e-03 -1.080992e-03))
501.99        	((-2.670346e+00 1.974253e+01 1.281131e+02) (-1.124991e-04 9.128568e-01 9.674213e-01)) ((-3.279838e+01 2.391056e-01 -2.398450e-01) (-5.122128e-02 1.476489e-03 -1.096332e-03))
502           	((-2.664146e+00 1.997898e+01 1.282813e+02) (-2.349966e-04 9.135715e-01 9.691855e-01)) ((-3.273398e+01 2.412494e-01 -2.423871e-01) (-5.019557e-02 1.468138e-03 -1.109915e-03))
502.01        	((-2.659877e+00 2.021504e+01 1.284682e+02) (-2.516223e-04 9.144539e-01 9.711141e-01)) ((-3.267795e+01 2.436765e-01 -2.444752e-01) (-4.914251e-02 1.461844e-03 -1.122682e-03))
502.02        	((-2.655950e+00 2.045444e+01 1.286697e+02) (-3.525806e-04 9.154530e-01 9.732359e-01)) ((-3.262989e+01 2.461293e-01 -2.468744e-01) (-4.811999e-02 1.455467e-03 -1.151280e-03))
502.03        	((-2.653101e+00 2.069154e+01 1.288872e+02) (-3.748530e-04 9.165989e-01 9.754313e-01)) ((-3.258851e+01 2.486879e-01 -2.492509e-01) (-4.712367e-02 1.442732e-03 -1.157961e-03))
502.04        	((-2.651001e+00 2.093240e+01 1.291234e+02) (-4.598467e-04 9.179067e-01 9.777810e-01)) ((-3.255379e+01 2.515541e-01 -2.522837e-01) (-4.619798e-02 1.444098e-03 -1.191988e-03))
502.05        	((-2.650400e+00 2.118079e+01 1.293537e+02) (-4.773354e-04 9.193853e-01 9.801920e-01)) ((-3.252034e+01 2.542163e-01 -2.550351e-01) (-4.531351e-02 1.430937e-03 -1.206194e-03))
502.06        	((-2.650148e+00 2.143246e+01 1.296071e+02) (-5.722737e-04 9.211355e-01 9.827167e-01)) ((-3.249299e+01 2.569896e-01 -2.587551e-01) (-4.450216e-02 1.433231e-03 -1.232563e-03))
502.07        	((-2.651804e+00 2.167739e+01 1.298955e+02) (-5.737735e-04 9.231061e-01 9.855274e-01)) ((-3.247320e+01 2.594454e-01 -2.617607e-01) (-4.355476e-02 1.417047e-03 -1.254023e-03))
502.08        	((-2.654397e+00 2.192106e+01 1.302084e+02) (-6.479819e-04 9.251704e-01 9.884745e-01)) ((-3.246371e+01 2.621946e-01 -2.653368e-01) (-4.265806e-02 1.416273e-03 -1.286117e-03))
502.09        	((-2.658337e+00 2.216473e+01 1.305341e+02) (-6.609389e-04 9.273782e-01 9.915088e-01)) ((-3.246252e+01 2.648069e-01 -2.684618e-01) (-4.178717e-02 1.403567e-03 -1.302366e-03))
502.1         	((-2.663018e+00 2.241402e+01 1.308685e+02) (-7.321346e-04 9.297195e-01 9.946689e-01)) ((-3.246747e+01 2.677465e-01 -2.720603e-01) (-4.096671e-02 1.400878e-03 -1.333142e-03))
502.11        	((-2.668763e+00 2.266401e+01 1.312160e+02) (-7.530144e-04 9.322304e-01 9.978945e-01)) ((-3.247690e+01 2.705842e-01 -2.751824e-01) (-4.018929e-02 1.390244e-03 -1.352923e-03))
502.12        	((-2.675121e+00 2.291530e+01 1.315801e+02) (-8.204469e-04 9.349402e-01 1.001232e+00)) ((-3.249112e+01 2.736438e-01 -2.785416e-01) (-3.945887e-02 1.387150e-03 -1.381592e-03))
502.13        	((-2.682111e+00 2.316441e+01 1.319643e+02) (-8.531722e-04 9.378458e-01 1.004754e+00)) ((-3.251004e+01 2.766192e-01 -2.815246e-01) (-3.868463e-02 1.381387e-03 -1.401567e-03))
502.14        	((-2.689865e+00 2.341371e+01 1.323645e+02) (-9.081280e-04 9.408648e-01 1.008428e+00)) ((-3.253557e+01 2.797468e-01 -2.843769e-01) (-3.791705e-02 1.379367e-03 -1.428434e-03))
502.15        	((-2.698653e+00 2.366162e+01 1.327795e+02) (-9.331541e-04 9.440140e-01 1.012209e+00)) ((-3.256789e+01 2.828332e-01 -2.865969e-01) (-3.717388e-02 1.374953e-03 -1.453301e-03))
502.16        	((-2.708196e+00 2.391066e+01 1.332069e+02) (-9.617378e-04 9.472914e-01 1.016083e+00)) ((-3.260688e+01 2.860442e-01 -2.886329e-01) (-3.647776e-02 1.372268e-03 -1.478098e-03))
502.17        	((-2.718000e+00 2.415893e+01 1.336479e+02) (-9.794952e-04 9.507170e-01 1.020029e+00)) ((-3.265164e+01 2.892357e-01 -2.903900e-01) (-3.583343e-02 1.369700e-03 -1.501432e-03))
502.18        	((-2.726989e+00 2.440772e+01 1.341013e+02) (-1.017434e-03 9.543113e-01 1.024070e+00)) ((-3.270113e+01 2.924645e-01 -2.925229e-01) (-3.522211e-02 1.371619e-03 -1.513548e-03))
502.19        	((-2.736178e+00 2.465585e+01 1.345704e+02) (-1.041548e-03 9.580709e-01 1.028300e+00)) ((-3.275454e+01 2.956066e-01 -2.943163e-01) (-3.457591e-02 1.373936e-03 -1.532985e-03))
502.2         	((-2.745741e+00 2.490447e+01 1.350521e+02) (-1.077368e-03 9.619494e-01 1.032661e+00)) ((-3.281301e+01 2.986632e-01 -2.956753e-01) (-3.393610e-02 1.374606e-03 -1.554932e-03))
502.21        	((-2.755968e+00 2.515234e+01 1.355472e+02) (-1.116181e-03 9.659483e-01 1.037125e+00)) ((-3.287712e+01 3.016011e-01 -2.963631e-01) (-3.331916e-02 1.372285e-03 -1.581298e-03))
502.22        	((-2.766687e+00 2.540078e+01 1.360527e+02) (-1.157662e-03 9.700628e-01 1.041667e+00)) ((-3.294653e+01 3.044862e-01 -2.965672e-01) (-3.274118e-02 1.368179e-03 -1.609164e-03))
502.23        	((-2.777467e+00 2.564875e+01 1.365704e+02) (-1.198001e-03 9.743063e-01 1.046271e+00)) ((-3.302081e+01 3.073703e-01 -2.965957e-01) (-3.220874e-02 1.363781e-03 -1.637788e-03))
502.24        	((-2.786994e+00 2.589778e+01 1.370990e+02) (-1.250183e-03 9.786993e-01 1.050959e+00)) ((-3.309927e+01 3.102824e-01 -2.970584e-01) (-3.170456e-02 1.363882e-03 -1.656991e-03))
502.25        	((-2.795612e+00 2.614704e+01 1.376409e+02) (-1.295458e-03 9.832278e-01 1.055791e+00)) ((-3.318148e+01 3.131567e-01 -2.975008e-01) (-3.117835e-02 1.367117e-03 -1.679053e-03))
502.26        	((-2.803875e+00 2.639714e+01 1.381931e+02) (-1.336552e-03 9.878535e-01 1.060739e+00)) ((-3.326802e+01 3.159455e-01 -2.972259e-01) (-3.064999e-02 1.368780e-03 -1.704470e-03))
502.27        	((-2.812193e+00 2.664675e+01 1.387563e+02) (-1.371131e-03 9.925805e-01 1.065788e+00)) ((-3.335920e+01 3.186380e-01 -2.957762e-01) (-3.013298e-02 1.367561e-03 -1.730773e-03))
502.28        	((-2.820317e+00 2.689701e+01 1.393277e+02) (-1.402124e-03 9.974125e-01 1.070915e+00)) ((-3.345484e+01 3.213428e-01 -2.934576e-01) (-2.964630e-02 1.364981e-03 -1.755616e-03))
502.29        	((-2.827528e+00 2.714720e+01 1.399098e+02) (-1.433078e-03 1.002358e+00 1.076098e+00)) ((-3.355488e+01 3.240766e-01 -2.908984e-01) (-2.920019e-02 1.362431e-03 -1.778072e-03))
502.3         	((-2.832481e+00 2.739862e+01 1.405009e+02) (-1.474020e-03 1.007438e+00 1.081352e+00)) ((-3.365858e+01 3.268134e-01 -2.888580e-01) (-2.878574e-02 1.363793e-03 -1.791683e-03))
502.31        	((-2.834650e+00 2.765035e+01 1.411032e+02) (-1.523101e-03 1.012651e+00 1.086713e+00)) ((-3.376564e+01 3.295328e-01 -2.875454e-01) (-2.837249e-02 1.372754e-03 -1.794172e-03))
502.32        	((-2.836682e+00 2.790346e+01 1.417143e+02) (-1.540126e-03 1.017967e+00 1.092214e+00)) ((-3.387594e+01 3.320195e-01 -2.849009e-01) (-2.793638e-02 1.373625e-03 -1.813273e-03))
502.33        	((-2.838241e+00 2.815680e+01 1.423346e+02) (-1.573245e-03 1.023357e+00 1.097803e+00)) ((-3.399072e+01 3.344458e-01 -2.815511e-01) (-2.751442e-02 1.370397e-03 -1.820516e-03))
502.34        	((-2.839178e+00 2.841110e+01 1.429617e+02) (-1.613017e-03 1.028833e+00 1.103457e+00)) ((-3.410994e+01 3.369210e-01 -2.778320e-01) (-2.712271e-02 1.364584e-03 -1.826840e-03))
502.35        	((-2.839312e+00 2.866550e+01 1.435979e+02) (-1.650661e-03 1.034414e+00 1.109167e+00)) ((-3.423340e+01 3.394164e-01 -2.741974e-01) (-2.676916e-02 1.359180e-03 -1.831682e-03))
502.36        	((-2.837850e+00 2.892078e+01 1.442410e+02) (-1.693722e-03 1.040112e+00 1.114945e+00)) ((-3.436021e+01 3.418200e-01 -2.710500e-01) (-2.644335e-02 1.356654e-03 -1.832723e-03))
502.37        	((-2.834320e+00 2.917604e+01 1.448935e+02) (-1.742889e-03 1.045936e+00 1.120837e+00)) ((-3.449009e+01 3.440680e-01 -2.685302e-01) (-2.611973e-02 1.360166e-03 -1.828851e-03))
502.38        	((-2.830438e+00 2.943191e+01 1.455530e+02) (-1.782734e-03 1.051892e+00 1.126848e+00)) ((-3.462305e+01 3.459656e-01 -2.651027e-01) (-2.579085e-02 1.357067e-03 -1.845087e-03))
502.39        	((-2.827099e+00 2.968799e+01 1.462215e+02) (-1.811311e-03 1.057952e+00 1.132940e+00)) ((-3.476032e+01 3.476474e-01 -2.612162e-01) (-2.547102e-02 1.352704e-03 -1.856298e-03))
502.4         	((-2.824665e+00 2.994522e+01 1.468958e+02) (-1.822996e-03 1.064123e+00 1.139093e+00)) ((-3.490187e+01 3.492850e-01 -2.575048e-01) (-2.518118e-02 1.348986e-03 -1.865490e-03))
502.41        	((-2.821802e+00 3.020243e+01 1.475772e+02) (-1.836330e-03 1.070400e+00 1.145290e+00)) ((-3.504745e+01 3.508984e-01 -2.542126e-01) (-2.492820e-02 1.345300e-03 -1.875076e-03))
502.42        	((-2.817307e+00 3.046026e+01 1.482635e+02) (-1.853735e-03 1.076798e+00 1.151539e+00)) ((-3.519622e+01 3.524409e-01 -2.515583e-01) (-2.470689e-02 1.344681e-03 -1.882550e-03))
502.43        	((-2.810342e+00 3.071814e+01 1.489585e+02) (-1.883226e-03 1.083333e+00 1.157890e+00)) ((-3.534800e+01 3.537402e-01 -2.499548e-01) (-2.448581e-02 1.349628e-03 -1.876743e-03))
502.44        	((-2.803687e+00 3.097670e+01 1.496600e+02) (-1.880798e-03 1.089974e+00 1.164372e+00)) ((-3.550257e+01 3.546062e-01 -2.477734e-01) (-2.424612e-02 1.345174e-03 -1.883782e-03))
502.45        	((-2.797345e+00 3.123465e+01 1.503684e+02) (-1.892713e-03 1.096705e+00 1.170935e+00)) ((-3.566079e+01 3.554358e-01 -2.454794e-01) (-2.402005e-02 1.334248e-03 -1.883581e-03))
502.46        	((-2.791019e+00 3.149217e+01 1.510804e+02) (-1.903739e-03 1.103515e+00 1.177552e+00)) ((-3.582247e+01 3.563932e-01 -2.434499e-01) (-2.382566e-02 1.318871e-03 -1.881856e-03))
502.47        	((-2.784155e+00 3.174815e+01 1.517985e+02) (-1.923157e-03 1.110437e+00 1.184208e+00)) ((-3.598775e+01 3.575206e-01 -2.420510e-01) (-2.367421e-02 1.302788e-03 -1.880897e-03))
502.48        	((-2.776551e+00 3.200362e+01 1.525214e+02) (-1.934602e-03 1.117474e+00 1.190919e+00)) ((-3.615599e+01 3.587439e-01 -2.414436e-01) (-2.356063e-02 1.292151e-03 -1.883438e-03))
502.49        	((-2.767249e+00 3.225813e+01 1.532515e+02) (-1.975030e-03 1.124667e+00 1.197727e+00)) ((-3.632672e+01 3.597180e-01 -2.418776e-01) (-2.344995e-02 1.290656e-03 -1.874678e-03))
502.5         	((-2.759200e+00 3.251235e+01 1.539865e+02) (-1.946179e-03 1.131909e+00 1.204665e+00)) ((-3.649954e+01 3.602052e-01 -2.412368e-01) (-2.331288e-02 1.288800e-03 -1.889572e-03))
502.51        	((-2.752210e+00 3.276514e+01 1.547267e+02) (-1.970045e-03 1.139277e+00 1.211670e+00)) ((-3.667569e+01 3.603875e-01 -2.396590e-01) (-2.318887e-02 1.279765e-03 -1.896301e-03))
502.52        	((-2.746197e+00 3.301717e+01 1.554694e+02) (-1.959087e-03 1.146663e+00 1.218720e+00)) ((-3.685531e+01 3.605857e-01 -2.375253e-01) (-2.309215e-02 1.272532e-03 -1.907973e-03))
502.53        	((-2.740094e+00 3.326797e+01 1.562171e+02) (-1.959463e-03 1.154142e+00 1.225791e+00)) ((-3.703849e+01 3.609439e-01 -2.355101e-01) (-2.304124e-02 1.264942e-03 -1.919599e-03))
502.54        	((-2.732915e+00 3.351840e+01 1.569679e+02) (-1.968627e-03 1.161724e+00 1.232895e+00)) ((-3.722445e+01 3.614335e-01 -2.341405e-01) (-2.303274e-02 1.259993e-03 -1.930883e-03))
502.55        	((-2.723674e+00 3.376837e+01 1.577251e+02) (-2.001878e-03 1.169439e+00 1.240083e+00)) ((-3.741275e+01 3.619928e-01 -2.341436e-01) (-2.303036e-02 1.264128e-03 -1.928769e-03))
502.56        	((-2.715077e+00 3.401853e+01 1.584863e+02) (-2.005705e-03 1.177246e+00 1.247387e+00)) ((-3.760315e+01 3.623567e-01 -2.335438e-01) (-2.300680e-02 1.264377e-03 -1.943464e-03))
502.57        	((-2.707947e+00 3.426759e+01 1.592522e+02) (-2.013360e-03 1.185121e+00 1.254771e+00)) ((-3.779652e+01 3.626101e-01 -2.320106e-01) (-2.298196e-02 1.259746e-03 -1.954446e-03))
502.58        	((-2.702543e+00 3.451569e+01 1.600199e+02) (-2.014743e-03 1.193043e+00 1.262205e+00)) ((-3.799295e+01 3.628586e-01 -2.295858e-01) (-2.298093e-02 1.250953e-03 -1.965000e-03))
502.59        	((-2.697973e+00 3.476235e+01 1.607920e+02) (-2.023832e-03 1.201038e+00 1.269657e+00)) ((-3.819268e+01 3.632259e-01 -2.270445e-01) (-2.302360e-02 1.240810e-03 -1.973400e-03))
502.6         	((-2.693238e+00 3.500826e+01 1.615667e+02) (-2.028124e-03 1.209105e+00 1.277124e+00)) ((-3.839510e+01 3.637234e-01 -2.250616e-01) (-2.311506e-02 1.232762e-03 -1.981133e-03))
502.61        	((-2.687192e+00 3.525275e+01 1.623459e+02) (-2.058700e-03 1.217296e+00 1.284629e+00)) ((-3.859967e+01 3.643614e-01 -2.245081e-01) (-2.323067e-02 1.232439e-03 -1.975941e-03))
502.62        	((-2.680537e+00 3.549696e+01 1.631286e+02) (-2.070438e-03 1.225573e+00 1.292219e+00)) ((-3.880624e+01 3.650266e-01 -2.249732e-01) (-2.334380e-02 1.241023e-03 -1.966114e-03))
502.63        	((-2.676223e+00 3.574007e+01 1.639164e+02) (-2.065707e-03 1.233941e+00 1.299935e+00)) ((-3.901473e+01 3.655984e-01 -2.244850e-01) (-2.340939e-02 1.241181e-03 -1.971227e-03))
502.64        	((-2.674564e+00 3.598196e+01 1.647053e+02) (-2.045667e-03 1.242312e+00 1.307721e+00)) ((-3.922569e+01 3.661409e-01 -2.229562e-01) (-2.348343e-02 1.236381e-03 -1.971625e-03))
502.65        	((-2.674790e+00 3.622193e+01 1.654971e+02) (-2.047177e-03 1.250741e+00 1.315501e+00)) ((-3.944000e+01 3.668685e-01 -2.211345e-01) (-2.360257e-02 1.228601e-03 -1.969729e-03))
502.66        	((-2.675574e+00 3.646061e+01 1.662905e+02) (-2.031788e-03 1.259203e+00 1.323283e+00)) ((-3.965714e+01 3.676570e-01 -2.197730e-01) (-2.378478e-02 1.220238e-03 -1.967703e-03))
502.67        	((-2.676342e+00 3.669741e+01 1.670860e+02) (-2.032558e-03 1.267773e+00 1.331027e+00)) ((-3.987642e+01 3.686743e-01 -2.194452e-01) (-2.402391e-02 1.214865e-03 -1.970161e-03))
502.68        	((-2.674620e+00 3.693369e+01 1.678846e+02) (-2.070380e-03 1.276460e+00 1.338882e+00)) ((-4.009716e+01 3.696737e-01 -2.217013e-01) (-2.425805e-02 1.227221e-03 -1.933733e-03))
502.69        	((-2.675679e+00 3.716888e+01 1.686857e+02) (-2.042659e-03 1.285210e+00 1.346843e+00)) ((-4.031897e+01 3.707674e-01 -2.231482e-01) (-2.442762e-02 1.236454e-03 -1.943069e-03))
502.7         	((-2.678440e+00 3.740386e+01 1.694888e+02) (-2.030451e-03 1.294000e+00 1.354907e+00)) ((-4.054361e+01 3.712820e-01 -2.232571e-01) (-2.460827e-02 1.232801e-03 -1.938712e-03))
502.71        	((-2.683805e+00 3.763709e+01 1.702902e+02) (-1.998460e-03 1.302741e+00 1.362925e+00)) ((-4.077011e+01 3.724955e-01 -2.226932e-01) (-2.479091e-02 1.245010e-03 -1.948208e-03))
502.72        	((-2.688671e+00 3.787016e+01 1.710943e+02) (-2.004811e-03 1.311600e+00 1.371010e+00)) ((-4.100010e+01 3.729712e-01 -2.215992e-01) (-2.506361e-02 1.228793e-03 -1.940793e-03))
502.73        	((-2.693449e+00 3.810075e+01 1.718963e+02) (-1.985665e-03 1.320414e+00 1.378961e+00)) ((-4.123055e+01 3.742476e-01 -2.215676e-01) (-2.535120e-02 1.246030e-03 -1.950733e-03))
502.74        	((-2.696255e+00 3.833182e+01 1.727033e+02) (-2.005440e-03 1.329463e+00 1.387043e+00)) ((-4.146403e+01 3.750537e-01 -2.221526e-01) (-2.574149e-02 1.228548e-03 -1.946296e-03))
502.75        	((-2.695967e+00 3.856131e+01 1.735076e+02) (-2.056779e-03 1.338438e+00 1.395051e+00)) ((-4.169658e+01 3.760894e-01 -2.246610e-01) (-2.602738e-02 1.247879e-03 -1.914467e-03))
502.76        	((-2.697426e+00 3.879233e+01 1.743174e+02) (-2.026456e-03 1.347659e+00 1.403403e+00)) ((-4.193164e+01 3.768414e-01 -2.249226e-01) (-2.631836e-02 1.246617e-03 -1.936906e-03))
502.77        	((-2.701290e+00 3.901993e+01 1.751224e+02) (-1.995527e-03 1.356709e+00 1.411616e+00)) ((-4.216659e+01 3.777437e-01 -2.230994e-01) (-2.654521e-02 1.257062e-03 -1.960532e-03))
502.78        	((-2.705698e+00 3.924711e+01 1.759314e+02) (-1.984610e-03 1.365919e+00 1.419999e+00)) ((-4.240636e+01 3.783139e-01 -2.196857e-01) (-2.691271e-02 1.250082e-03 -1.973328e-03))
502.79        	((-2.708411e+00 3.947108e+01 1.767307e+02) (-2.016304e-03 1.374893e+00 1.428089e+00)) ((-4.264584e+01 3.787953e-01 -2.159409e-01) (-2.724920e-02 1.234706e-03 -1.971818e-03))
502.8         	((-2.709319e+00 3.970015e+01 1.775460e+02) (-2.006364e-03 1.384236e+00 1.436351e+00)) ((-4.289042e+01 3.798051e-01 -2.126460e-01) (-2.777256e-02 1.224287e-03 -2.008134e-03))
502.81        	((-2.705682e+00 3.992557e+01 1.783569e+02) (-2.052758e-03 1.393527e+00 1.444525e+00)) ((-4.313223e+01 3.816674e-01 -2.131700e-01) (-2.818495e-02 1.275776e-03 -2.004024e-03))
502.82        	((-2.698628e+00 4.014845e+01 1.791664e+02) (-2.125122e-03 1.403040e+00 1.452917e+00)) ((-4.337520e+01 3.821983e-01 -2.142224e-01) (-2.869177e-02 1.307954e-03 -1.974686e-03))
502.83        	((-2.695779e+00 4.036739e+01 1.799660e+02) (-2.068862e-03 1.412409e+00 1.461321e+00)) ((-4.361604e+01 3.829935e-01 -2.120238e-01) (-2.900264e-02 1.350669e-03 -2.009352e-03))
502.84        	((-2.694705e+00 4.058596e+01 1.807681e+02) (-2.092368e-03 1.421905e+00 1.469814e+00)) ((-4.386182e+01 3.833703e-01 -2.077152e-01) (-2.939513e-02 1.303707e-03 -2.002309e-03))
502.85        	((-2.694435e+00 4.080165e+01 1.815622e+02) (-2.160506e-03 1.431088e+00 1.478036e+00)) ((-4.410869e+01 3.836801e-01 -2.027951e-01) (-2.973434e-02 1.260817e-03 -1.982791e-03))
502.86        	((-2.692969e+00 4.101853e+01 1.823617e+02) (-2.154302e-03 1.440665e+00 1.486510e+00)) ((-4.436008e+01 3.842348e-01 -1.990194e-01) (-3.029166e-02 1.258216e-03 -2.006835e-03))
502.87        	((-2.693854e+00 4.123053e+01 1.831566e+02) (-2.096690e-03 1.450074e+00 1.494741e+00)) ((-4.460952e+01 3.863847e-01 -1.966211e-01) (-3.082163e-02 1.296803e-03 -2.057293e-03))
502.88        	((-2.696119e+00 4.144058e+01 1.839554e+02) (-2.098215e-03 1.459685e+00 1.503140e+00)) ((-4.485891e+01 3.872767e-01 -1.930001e-01) (-3.148596e-02 1.292566e-03 -2.087718e-03))
502.89        	((-2.695952e+00 4.164815e+01 1.847494e+02) (-2.160934e-03 1.469190e+00 1.511500e+00)) ((-4.510534e+01 3.888745e-01 -1.934529e-01) (-3.198485e-02 1.350904e-03 -2.057649e-03))
502.9         	((-2.691949e+00 4.185488e+01 1.855446e+02) (-2.280664e-03 1.478834e+00 1.519927e+00)) ((-4.535476e+01 3.889719e-01 -1.966041e-01) (-3.253497e-02 1.333758e-03 -1.993488e-03))
502.91        	((-2.692026e+00 4.205842e+01 1.863312e+02) (-2.264988e-03 1.488393e+00 1.528334e+00)) ((-4.560453e+01 3.896331e-01 -1.994806e-01) (-3.300951e-02 1.365719e-03 -1.999109e-03))
502.92        	((-2.697331e+00 4.226173e+01 1.871180e+02) (-2.274975e-03 1.498071e+00 1.536827e+00)) ((-4.585903e+01 3.897190e-01 -1.998212e-01) (-3.353912e-02 1.337614e-03 -1.989725e-03))
502.93        	((-2.708461e+00 4.246195e+01 1.878953e+02) (-2.246270e-03 1.507534e+00 1.545193e+00)) ((-4.611227e+01 3.906510e-01 -1.988740e-01) (-3.403669e-02 1.347479e-03 -2.003235e-03))
502.94        	((-2.720685e+00 4.266216e+01 1.886754e+02) (-2.268937e-03 1.517158e+00 1.553613e+00)) ((-4.636705e+01 3.914877e-01 -1.981421e-01) (-3.465017e-02 1.303509e-03 -1.991195e-03))
502.95        	((-2.732470e+00 4.285851e+01 1.894469e+02) (-2.261514e-03 1.526572e+00 1.561839e+00)) ((-4.661826e+01 3.930254e-01 -1.994639e-01) (-3.523532e-02 1.319154e-03 -1.999070e-03))
502.96        	((-2.744097e+00 4.305449e+01 1.902226e+02) (-2.255534e-03 1.536182e+00 1.570179e+00)) ((-4.687086e+01 3.941828e-01 -2.014141e-01) (-3.593837e-02 1.284677e-03 -2.011911e-03))
502.97        	((-2.756764e+00 4.324695e+01 1.909903e+02) (-2.252970e-03 1.545659e+00 1.578350e+00)) ((-4.712110e+01 3.947225e-01 -2.031764e-01) (-3.660932e-02 1.271439e-03 -2.038065e-03))
502.98        	((-2.766610e+00 4.344112e+01 1.917427e+02) (-2.308385e-03 1.555363e+00 1.586653e+00)) ((-4.736678e+01 3.952518e-01 -2.066689e-01) (-3.725725e-02 1.272915e-03 -2.026295e-03))
502.99        	((-2.773348e+00 4.363189e+01 1.924764e+02) (-2.397178e-03 1.564832e+00 1.594847e+00)) ((-4.760950e+01 3.954794e-01 -2.111853e-01) (-3.782016e-02 1.254883e-03 -2.004418e-03))
503           	((-2.778515e+00 4.382315e+01 1.932193e+02) (-2.442016e-03 1.574448e+00 1.603169e+00)) ((-4.786016e+01 3.963106e-01 -2.166787e-01) (-3.847845e-02 1.303387e-03 -1.995796e-03))
503.01        	((-2.782990e+00 4.401152e+01 1.939648e+02) (-2.499635e-03 1.583888e+00 1.611318e+00)) ((-4.811452e+01 3.970487e-01 -2.214591e-01) (-3.913717e-02 1.311653e-03 -1.975937e-03))
503.02        	((-2.788082e+00 4.420032e+01 1.947204e+02) (-2.499245e-03 1.593528e+00 1.619554e+00)) ((-4.837193e+01 3.980094e-01 -2.242045e-01) (-3.988647e-02 1.338666e-03 -1.972370e-03))
503.03        	((-2.793936e+00 4.438606e+01 1.954662e+02) (-2.475092e-03 1.603069e+00 1.627731e+00)) ((-4.862347e+01 3.991353e-01 -2.243139e-01) (-4.058316e-02 1.341403e-03 -1.990232e-03))
503.04        	((-2.799376e+00 4.457082e+01 1.962076e+02) (-2.488706e-03 1.612710e+00 1.635935e+00)) ((-4.887245e+01 4.000421e-01 -2.220919e-01) (-4.127693e-02 1.319454e-03 -2.014941e-03))
503.05        	((-2.802679e+00 4.475096e+01 1.969350e+02) (-2.486419e-03 1.622232e+00 1.644095e+00)) ((-4.911903e+01 4.016166e-01 -2.199113e-01) (-4.197269e-02 1.320642e-03 -2.046727e-03))
503.06        	((-2.802153e+00 4.492849e+01 1.976597e+02) (-2.506636e-03 1.631825e+00 1.652233e+00)) ((-4.936941e+01 4.025778e-01 -2.180590e-01) (-4.272895e-02 1.322604e-03 -2.075662e-03))
503.07        	((-2.800673e+00 4.510207e+01 1.983800e+02) (-2.486781e-03 1.641358e+00 1.660313e+00)) ((-4.962160e+01 4.041044e-01 -2.168539e-01) (-4.352766e-02 1.344846e-03 -2.111325e-03))
503.08        	((-2.798524e+00 4.527258e+01 1.990996e+02) (-2.487399e-03 1.650943e+00 1.668361e+00)) ((-4.987506e+01 4.043084e-01 -2.139371e-01) (-4.436633e-02 1.354034e-03 -2.142188e-03))
503.09        	((-2.796140e+00 4.543956e+01 1.998143e+02) (-2.487322e-03 1.660541e+00 1.676363e+00)) ((-5.012688e+01 4.049665e-01 -2.103675e-01) (-4.521363e-02 1.357993e-03 -2.166183e-03))
503.1         	((-2.790623e+00 4.560339e+01 2.005205e+02) (-2.535045e-03 1.670190e+00 1.684400e+00)) ((-5.037653e+01 4.056158e-01 -2.075186e-01) (-4.602545e-02 1.364601e-03 -2.152239e-03))
503.11        	((-2.781873e+00 4.576409e+01 2.012208e+02) (-2.596080e-03 1.679820e+00 1.692473e+00)) ((-5.062543e+01 4.061995e-01 -2.068342e-01) (-4.680483e-02 1.371226e-03 -2.123255e-03))
503.12        	((-2.773311e+00 4.592088e+01 2.019131e+02) (-2.631591e-03 1.689364e+00 1.700486e+00)) ((-5.087492e+01 4.069821e-01 -2.078233e-01) (-4.758327e-02 1.386537e-03 -2.105693e-03))
503.13        	((-2.767943e+00 4.607318e+01 2.025993e+02) (-2.641747e-03 1.698824e+00 1.708394e+00)) ((-5.112624e+01 4.081132e-01 -2.093889e-01) (-4.839027e-02 1.414080e-03 -2.103054e-03))
503.14        	((-2.765886e+00 4.622130e+01 2.032779e+02) (-2.640297e-03 1.708241e+00 1.716217e+00)) ((-5.137775e+01 4.093871e-01 -2.111960e-01) (-4.924125e-02 1.447524e-03 -2.103044e-03))
503.15        	((-2.765928e+00 4.636602e+01 2.039524e+02) (-2.637149e-03 1.717636e+00 1.723986e+00)) ((-5.162819e+01 4.104447e-01 -2.136479e-01) (-5.012452e-02 1.471265e-03 -2.087598e-03))
503.16        	((-2.766624e+00 4.650767e+01 2.046212e+02) (-2.652577e-03 1.727009e+00 1.731744e+00)) ((-5.187596e+01 4.106490e-01 -2.169564e-01) (-5.102450e-02 1.459900e-03 -2.053905e-03))
503.17        	((-2.769002e+00 4.664690e+01 2.052849e+02) (-2.658916e-03 1.736296e+00 1.739442e+00)) ((-5.212263e+01 4.106772e-01 -2.215445e-01) (-5.191198e-02 1.439679e-03 -2.026232e-03))
503.18        	((-2.773336e+00 4.678344e+01 2.059396e+02) (-2.667678e-03 1.745506e+00 1.747066e+00)) ((-5.236831e+01 4.107838e-01 -2.271563e-01) (-5.279072e-02 1.423425e-03 -2.008191e-03))
503.19        	((-2.780047e+00 4.691739e+01 2.065868e+02) (-2.672371e-03 1.754645e+00 1.754612e+00)) ((-5.261305e+01 4.111397e-01 -2.330085e-01) (-5.367076e-02 1.421778e-03 -2.007833e-03))
503.2         	((-2.789553e+00 4.704882e+01 2.072251e+02) (-2.673019e-03 1.763705e+00 1.762105e+00)) ((-5.285516e+01 4.116855e-01 -2.382801e-01) (-5.454963e-02 1.435277e-03 -2.022393e-03))
503.21        	((-2.803011e+00 4.717912e+01 2.078589e+02) (-2.668619e-03 1.772684e+00 1.769556e+00)) ((-5.309589e+01 4.122408e-01 -2.429160e-01) (-5.542347e-02 1.452408e-03 -2.038712e-03))
503.22        	((-2.818794e+00 4.730858e+01 2.084867e+02) (-2.666347e-03 1.781591e+00 1.776943e+00)) ((-5.333555e+01 4.125481e-01 -2.470473e-01) (-5.629560e-02 1.456384e-03 -2.043373e-03))
503.23        	((-2.833397e+00 4.743622e+01 2.091052e+02) (-2.696710e-03 1.790371e+00 1.784241e+00)) ((-5.357084e+01 4.124412e-01 -2.507379e-01) (-5.716777e-02 1.439725e-03 -2.036418e-03))
503.24        	((-2.847545e+00 4.755856e+01 2.097061e+02) (-2.733848e-03 1.799082e+00 1.791446e+00)) ((-5.380050e+01 4.123664e-01 -2.544061e-01) (-5.805210e-02 1.417291e-03 -2.032107e-03))
503.25        	((-2.861808e+00 4.768017e+01 2.103055e+02) (-2.780931e-03 1.807707e+00 1.798580e+00)) ((-5.402906e+01 4.127155e-01 -2.580732e-01) (-5.894475e-02 1.404963e-03 -2.038152e-03))
503.26        	((-2.875897e+00 4.780360e+01 2.109046e+02) (-2.825377e-03 1.816288e+00 1.805654e+00)) ((-5.425747e+01 4.135768e-01 -2.616376e-01) (-5.984448e-02 1.409583e-03 -2.055454e-03))
503.27        	((-2.888673e+00 4.792695e+01 2.114991e+02) (-2.877082e-03 1.824830e+00 1.812677e+00)) ((-5.448496e+01 4.146394e-01 -2.647570e-01) (-6.075374e-02 1.425262e-03 -2.073512e-03))
503.28        	((-2.899059e+00 4.804809e+01 2.120834e+02) (-2.923150e-03 1.833348e+00 1.819644e+00)) ((-5.471050e+01 4.155129e-01 -2.671089e-01) (-6.167190e-02 1.438117e-03 -2.080308e-03))
503.29        	((-2.906855e+00 4.816336e+01 2.126526e+02) (-2.973623e-03 1.841820e+00 1.826551e+00)) ((-5.493082e+01 4.159392e-01 -2.687030e-01) (-6.259605e-02 1.436580e-03 -2.073211e-03))
503.3         	((-2.913011e+00 4.827401e+01 2.132136e+02) (-3.013419e-03 1.850263e+00 1.833397e+00)) ((-5.515049e+01 4.161815e-01 -2.699034e-01) (-6.352850e-02 1.426224e-03 -2.060567e-03))
503.31        	((-2.917984e+00 4.837951e+01 2.137658e+02) (-3.037251e-03 1.858680e+00 1.840189e+00)) ((-5.536876e+01 4.166181e-01 -2.712625e-01) (-6.447170e-02 1.420620e-03 -2.051602e-03))
503.32        	((-2.922162e+00 4.848165e+01 2.143103e+02) (-3.059173e-03 1.867124e+00 1.846923e+00)) ((-5.558609e+01 4.174447e-01 -2.731335e-01) (-6.543141e-02 1.425748e-03 -2.056620e-03))
503.33        	((-2.926483e+00 4.858075e+01 2.148462e+02) (-3.059008e-03 1.875580e+00 1.853606e+00)) ((-5.580260e+01 4.184938e-01 -2.757951e-01) (-6.640855e-02 1.443715e-03 -2.067241e-03))
503.34        	((-2.931487e+00 4.867787e+01 2.153737e+02) (-3.037671e-03 1.883994e+00 1.860226e+00)) ((-5.601918e+01 4.193864e-01 -2.792629e-01) (-6.739523e-02 1.465470e-03 -2.075199e-03))
503.35        	((-2.936877e+00 4.877079e+01 2.158901e+02) (-3.005110e-03 1.892345e+00 1.866780e+00)) ((-5.623464e+01 4.198189e-01 -2.831977e-01) (-6.838796e-02 1.481133e-03 -2.075205e-03))
503.36        	((-2.942235e+00 4.885893e+01 2.163968e+02) (-2.968895e-03 1.900614e+00 1.873258e+00)) ((-5.644962e+01 4.198559e-01 -2.871386e-01) (-6.938318e-02 1.487629e-03 -2.068705e-03))
503.37        	((-2.948339e+00 4.894121e+01 2.168939e+02) (-2.919396e-03 1.908800e+00 1.879664e+00)) ((-5.666357e+01 4.198764e-01 -2.910594e-01) (-7.038142e-02 1.492121e-03 -2.062348e-03))
503.38        	((-2.956059e+00 4.901840e+01 2.173820e+02) (-2.861225e-03 1.916924e+00 1.886001e+00)) ((-5.687698e+01 4.201379e-01 -2.951557e-01) (-7.138281e-02 1.500768e-03 -2.060753e-03))
503.39        	((-2.965600e+00 4.909059e+01 2.178600e+02) (-2.791158e-03 1.924971e+00 1.892266e+00)) ((-5.708886e+01 4.206343e-01 -2.994711e-01) (-7.238789e-02 1.517186e-03 -2.061434e-03))
503.4         	((-2.975548e+00 4.915941e+01 2.183273e+02) (-2.711210e-03 1.932929e+00 1.898449e+00)) ((-5.729887e+01 4.211488e-01 -3.037047e-01) (-7.339508e-02 1.538145e-03 -2.062945e-03))
503.41        	((-2.984879e+00 4.922547e+01 2.187842e+02) (-2.627389e-03 1.940760e+00 1.904530e+00)) ((-5.750693e+01 4.215210e-01 -3.074324e-01) (-7.439510e-02 1.556863e-03 -2.062398e-03))
503.42        	((-2.993920e+00 4.928932e+01 2.192322e+02) (-2.553785e-03 1.948428e+00 1.910485e+00)) ((-5.771311e+01 4.217688e-01 -3.104744e-01) (-7.538178e-02 1.568960e-03 -2.062448e-03))
503.43        	((-3.002756e+00 4.935043e+01 2.196714e+02) (-2.494683e-03 1.955936e+00 1.916322e+00)) ((-5.791623e+01 4.219633e-01 -3.124599e-01) (-7.635601e-02 1.576365e-03 -2.067886e-03))
503.44        	((-3.011724e+00 4.940896e+01 2.201022e+02) (-2.440556e-03 1.963312e+00 1.922059e+00)) ((-5.811588e+01 4.222605e-01 -3.132633e-01) (-7.732431e-02 1.585008e-03 -2.079348e-03))
503.45        	((-3.020844e+00 4.946449e+01 2.205233e+02) (-2.397135e-03 1.970535e+00 1.927695e+00)) ((-5.831145e+01 4.227655e-01 -3.128723e-01) (-7.828456e-02 1.597372e-03 -2.097642e-03))
503.46        	((-3.029308e+00 4.951791e+01 2.209351e+02) (-2.374921e-03 1.977604e+00 1.933223e+00)) ((-5.850281e+01 4.234464e-01 -3.112557e-01) (-7.923344e-02 1.611857e-03 -2.120277e-03))
503.47        	((-3.037042e+00 4.956967e+01 2.213380e+02) (-2.380803e-03 1.984526e+00 1.938642e+00)) ((-5.868986e+01 4.242169e-01 -3.087386e-01) (-8.017208e-02 1.625341e-03 -2.144599e-03))
503.48        	((-3.044716e+00 4.962048e+01 2.217338e+02) (-2.430168e-03 1.991314e+00 1.943957e+00)) ((-5.887328e+01 4.249864e-01 -3.056500e-01) (-8.110341e-02 1.634236e-03 -2.164991e-03))
503.49        	((-3.052569e+00 4.967069e+01 2.221219e+02) (-2.461093e-03 1.998011e+00 1.949154e+00)) ((-5.905340e+01 4.258072e-01 -3.019192e-01) (-8.203368e-02 1.641844e-03 -2.186838e-03))
503.5         	((-3.060868e+00 4.972010e+01 2.224990e+02) (-2.530265e-03 2.004593e+00 1.954257e+00)) ((-5.922849e+01 4.265757e-01 -2.975340e-01) (-8.295461e-02 1.640336e-03 -2.195548e-03))
503.51        	((-3.072786e+00 4.976742e+01 2.228641e+02) (-2.583640e-03 2.011081e+00 1.959244e+00)) ((-5.939855e+01 4.274591e-01 -2.936122e-01) (-8.387436e-02 1.638035e-03 -2.201053e-03))
503.52        	((-3.089078e+00 4.981209e+01 2.232167e+02) (-2.636530e-03 2.017426e+00 1.964115e+00)) ((-5.956307e+01 4.284712e-01 -2.910756e-01) (-8.478292e-02 1.634426e-03 -2.196878e-03))
503.53        	((-3.111259e+00 4.985322e+01 2.235585e+02) (-2.694085e-03 2.023668e+00 1.968909e+00)) ((-5.972223e+01 4.296958e-01 -2.907655e-01) (-8.568948e-02 1.630342e-03 -2.186395e-03))
503.54        	((-3.138640e+00 4.988888e+01 2.238932e+02) (-2.769838e-03 2.029829e+00 1.973651e+00)) ((-5.987813e+01 4.311126e-01 -2.926895e-01) (-8.659921e-02 1.625270e-03 -2.175130e-03))
503.55        	((-3.168116e+00 4.991985e+01 2.242202e+02) (-2.830161e-03 2.035869e+00 1.978288e+00)) ((-6.003271e+01 4.325475e-01 -2.962589e-01) (-8.750058e-02 1.617780e-03 -2.156208e-03))
503.56        	((-3.197818e+00 4.994852e+01 2.245372e+02) (-2.868974e-03 2.041862e+00 1.982842e+00)) ((-6.018614e+01 4.339780e-01 -3.012415e-01) (-8.840505e-02 1.610783e-03 -2.131131e-03))
503.57        	((-3.228717e+00 4.997453e+01 2.248424e+02) (-2.875724e-03 2.047783e+00 1.987319e+00)) ((-6.033757e+01 4.355085e-01 -3.079529e-01) (-8.931002e-02 1.607034e-03 -2.098833e-03))
503.58        	((-3.262692e+00 4.999505e+01 2.251352e+02) (-2.841035e-03 2.053634e+00 1.991732e+00)) ((-6.048620e+01 4.371787e-01 -3.166064e-01) (-9.021816e-02 1.609539e-03 -2.062870e-03))
503.59        	((-3.299892e+00 5.000686e+01 2.254174e+02) (-2.746028e-03 2.059457e+00 1.996108e+00)) ((-6.063272e+01 4.389172e-01 -3.268607e-01) (-9.114024e-02 1.622774e-03 -2.026450e-03))
503.6         	((-3.338443e+00 5.001150e+01 2.256891e+02) (-2.652114e-03 2.065311e+00 2.000434e+00)) ((-6.077811e+01 4.406347e-01 -3.382732e-01) (-9.208211e-02 1.637736e-03 -2.006409e-03))
503.61        	((-3.376781e+00 5.001271e+01 2.259500e+02) (-2.550189e-03 2.071140e+00 2.004674e+00)) ((-6.092292e+01 4.423076e-01 -3.504852e-01) (-9.303217e-02 1.651876e-03 -1.996027e-03))
503.62        	((-3.411781e+00 5.001328e+01 2.261974e+02) (-2.435840e-03 2.076843e+00 2.008810e+00)) ((-6.106596e+01 4.438385e-01 -3.624763e-01) (-9.397694e-02 1.666288e-03 -1.991444e-03))
503.63        	((-3.441343e+00 5.001288e+01 2.264326e+02) (-2.309341e-03 2.082409e+00 2.012841e+00)) ((-6.120703e+01 4.451069e-01 -3.732898e-01) (-9.491351e-02 1.683915e-03 -1.996409e-03))
503.64        	((-3.465721e+00 5.001059e+01 2.266585e+02) (-2.185408e-03 2.087906e+00 2.016782e+00)) ((-6.134633e+01 4.460701e-01 -3.821664e-01) (-9.584864e-02 1.705629e-03 -2.015973e-03))
503.65        	((-3.485398e+00 5.000369e+01 2.268739e+02) (-2.082581e-03 2.093270e+00 2.020620e+00)) ((-6.148271e+01 4.466689e-01 -3.886254e-01) (-9.677344e-02 1.728916e-03 -2.047149e-03))
503.66        	((-3.500132e+00 4.999049e+01 2.270763e+02) (-1.999191e-03 2.098523e+00 2.024362e+00)) ((-6.161501e+01 4.467923e-01 -3.922884e-01) (-9.769119e-02 1.754727e-03 -2.090086e-03))
503.67        	((-3.508464e+00 4.997226e+01 2.272656e+02) (-1.940004e-03 2.103632e+00 2.027993e+00)) ((-6.174416e+01 4.463935e-01 -3.928986e-01) (-9.859676e-02 1.781115e-03 -2.139991e-03))
503.68        	((-3.510806e+00 4.995164e+01 2.274447e+02) (-1.906049e-03 2.108533e+00 2.031489e+00)) ((-6.187089e+01 4.456400e-01 -3.905747e-01) (-9.948016e-02 1.806205e-03 -2.191011e-03))
503.69        	((-3.507401e+00 4.992959e+01 2.276161e+02) (-1.904373e-03 2.113259e+00 2.034868e+00)) ((-6.199515e+01 4.447116e-01 -3.854771e-01) (-1.003463e-01 1.830639e-03 -2.243322e-03))
503.7         	((-3.498863e+00 4.990659e+01 2.277813e+02) (-1.927254e-03 2.117838e+00 2.038128e+00)) ((-6.211671e+01 4.436669e-01 -3.779118e-01) (-1.011991e-01 1.855354e-03 -2.294347e-03))
503.71        	((-3.485742e+00 4.988200e+01 2.279396e+02) (-1.977921e-03 2.122271e+00 2.041263e+00)) ((-6.223528e+01 4.425106e-01 -3.681529e-01) (-1.020367e-01 1.879600e-03 -2.340803e-03))
503.72        	((-3.468378e+00 4.985576e+01 2.280876e+02) (-2.053396e-03 2.126546e+00 2.044270e+00)) ((-6.234914e+01 4.412796e-01 -3.565151e-01) (-1.028574e-01 1.901264e-03 -2.378545e-03))
503.73        	((-3.449346e+00 4.982692e+01 2.282255e+02) (-2.120887e-03 2.130644e+00 2.047078e+00)) ((-6.245762e+01 4.402064e-01 -3.438570e-01) (-1.036604e-01 1.922677e-03 -2.400317e-03))
503.74        	((-3.431429e+00 4.979428e+01 2.283540e+02) (-2.204036e-03 2.134699e+00 2.049850e+00)) ((-6.256055e+01 4.394228e-01 -3.313725e-01) (-1.044611e-01 1.939072e-03 -2.406392e-03))
503.75        	((-3.417832e+00 4.975699e+01 2.284737e+02) (-2.287337e-03 2.138478e+00 2.052408e+00)) ((-6.265814e+01 4.390437e-01 -3.204507e-01) (-1.052268e-01 1.952838e-03 -2.397100e-03))
503.76        	((-3.410409e+00 4.971511e+01 2.285837e+02) (-2.382244e-03 2.142165e+00 2.054941e+00)) ((-6.275046e+01 4.390806e-01 -3.121739e-01) (-1.059853e-01 1.961734e-03 -2.373713e-03))
503.77        	((-3.410299e+00 4.967024e+01 2.286885e+02) (-2.465726e-03 2.145592e+00 2.057285e+00)) ((-6.284058e+01 4.395448e-01 -3.072974e-01) (-1.067150e-01 1.966370e-03 -2.333691e-03))
503.78        	((-3.415475e+00 4.962510e+01 2.287865e+02) (-2.529242e-03 2.149024e+00 2.059611e+00)) ((-6.292909e+01 4.402159e-01 -3.057919e-01) (-1.074503e-01 1.966058e-03 -2.276298e-03))
503.79        	((-3.425891e+00 4.958053e+01 2.288711e+02) (-2.559101e-03 2.152292e+00 2.061743e+00)) ((-6.301390e+01 4.409080e-01 -3.080998e-01) (-1.081646e-01 1.962371e-03 -2.205076e-03))
503.8         	((-3.442982e+00 4.953497e+01 2.289399e+02) (-2.556673e-03 2.155536e+00 2.063859e+00)) ((-6.309278e+01 4.416908e-01 -3.147102e-01) (-1.088783e-01 1.955775e-03 -2.123947e-03))
503.81        	((-3.469175e+00 4.948381e+01 2.290025e+02) (-2.535138e-03 2.158603e+00 2.065868e+00)) ((-6.316803e+01 4.427677e-01 -3.259640e-01) (-1.095765e-01 1.949538e-03 -2.041749e-03))
503.82        	((-3.500997e+00 4.942776e+01 2.290625e+02) (-2.505148e-03 2.161655e+00 2.067906e+00)) ((-6.324188e+01 4.440652e-01 -3.410598e-01) (-1.102805e-01 1.940344e-03 -1.962069e-03))
503.83        	((-3.535229e+00 4.937032e+01 2.291166e+02) (-2.472184e-03 2.164497e+00 2.069818e+00)) ((-6.331446e+01 4.454880e-01 -3.589435e-01) (-1.109641e-01 1.928276e-03 -1.885257e-03))
503.84        	((-3.570778e+00 4.931291e+01 2.291598e+02) (-2.406046e-03 2.167280e+00 2.071751e+00)) ((-6.338421e+01 4.468523e-01 -3.785623e-01) (-1.116483e-01 1.919211e-03 -1.811699e-03))
503.85        	((-3.607567e+00 4.925176e+01 2.291911e+02) (-2.317461e-03 2.169879e+00 2.073563e+00)) ((-6.345047e+01 4.479532e-01 -3.986961e-01) (-1.123160e-01 1.916087e-03 -1.751744e-03))
503.86        	((-3.643469e+00 4.918388e+01 2.292103e+02) (-2.163332e-03 2.172507e+00 2.075427e+00)) ((-6.351309e+01 4.485511e-01 -4.178187e-01) (-1.130022e-01 1.926843e-03 -1.706438e-03))
503.87        	((-3.675095e+00 4.911254e+01 2.292180e+02) (-2.074979e-03 2.175086e+00 2.077151e+00)) ((-6.357319e+01 4.485939e-01 -4.349671e-01) (-1.136877e-01 1.932743e-03 -1.703387e-03))
503.88        	((-3.699111e+00 4.904211e+01 2.292133e+02) (-1.988849e-03 2.177637e+00 2.078828e+00)) ((-6.362986e+01 4.481320e-01 -4.493592e-01) (-1.143743e-01 1.939256e-03 -1.723655e-03))
503.89        	((-3.712838e+00 4.897495e+01 2.291960e+02) (-1.906838e-03 2.179960e+00 2.080331e+00)) ((-6.368228e+01 4.471987e-01 -4.593951e-01) (-1.150334e-01 1.948508e-03 -1.761624e-03))
503.9         	((-3.717861e+00 4.891000e+01 2.291691e+02) (-1.837268e-03 2.182249e+00 2.081806e+00)) ((-6.372992e+01 4.458375e-01 -4.643801e-01) (-1.156954e-01 1.961586e-03 -1.817016e-03))
503.91        	((-3.716180e+00 4.884366e+01 2.291329e+02) (-1.789968e-03 2.184390e+00 2.083113e+00)) ((-6.377249e+01 4.440126e-01 -4.644368e-01) (-1.163358e-01 1.976681e-03 -1.887808e-03))
503.92        	((-3.707275e+00 4.877298e+01 2.290844e+02) (-1.757556e-03 2.186552e+00 2.084389e+00)) ((-6.381012e+01 4.415902e-01 -4.597260e-01) (-1.169791e-01 1.995422e-03 -1.971584e-03))
503.93        	((-3.689280e+00 4.869764e+01 2.290267e+02) (-1.749248e-03 2.188556e+00 2.085499e+00)) ((-6.384522e+01 4.383991e-01 -4.504618e-01) (-1.175977e-01 2.015976e-03 -2.059767e-03))
503.94        	((-3.662628e+00 4.861929e+01 2.289663e+02) (-1.790867e-03 2.190506e+00 2.086574e+00)) ((-6.388008e+01 4.345135e-01 -4.365419e-01) (-1.182071e-01 2.032578e-03 -2.145835e-03))
503.95        	((-3.631192e+00 4.853898e+01 2.289020e+02) (-1.880157e-03 2.192323e+00 2.087533e+00)) ((-6.391381e+01 4.303243e-01 -4.186592e-01) (-1.187957e-01 2.047202e-03 -2.221479e-03))
503.96        	((-3.598429e+00 4.845812e+01 2.288282e+02) (-1.993221e-03 2.194095e+00 2.088467e+00)) ((-6.394372e+01 4.262030e-01 -3.981486e-01) (-1.193766e-01 2.061397e-03 -2.282182e-03))
503.97        	((-3.566657e+00 4.837511e+01 2.287444e+02) (-2.121514e-03 2.195693e+00 2.089255e+00)) ((-6.396764e+01 4.223342e-01 -3.769249e-01) (-1.199299e-01 2.074915e-03 -2.326610e-03))
503.98        	((-3.536856e+00 4.828789e+01 2.286510e+02) (-2.250722e-03 2.197213e+00 2.090004e+00)) ((-6.398714e+01 4.189964e-01 -3.564115e-01) (-1.204709e-01 2.086831e-03 -2.353245e-03))
503.99        	((-3.508888e+00 4.819213e+01 2.285474e+02) (-2.353292e-03 2.198561e+00 2.090618e+00)) ((-6.400124e+01 4.161578e-01 -3.372064e-01) (-1.209873e-01 2.098690e-03 -2.361092e-03))
504           	((-3.482941e+00 4.809207e+01 2.284495e+02) (-2.413635e-03 2.199872e+00 2.091193e+00)) ((-6.401512e+01 4.138314e-01 -3.192768e-01) (-1.214963e-01 2.111083e-03 -2.342969e-03))
504.01        	((-3.464072e+00 4.798839e+01 2.283506e+02) (-2.431747e-03 2.201014e+00 2.091624e+00)) ((-6.402906e+01 4.121528e-01 -3.039959e-01) (-1.219795e-01 2.122666e-03 -2.301553e-03))
504.02        	((-3.456830e+00 4.788218e+01 2.282395e+02) (-2.427296e-03 2.202073e+00 2.092019e+00)) ((-6.404184e+01 4.112800e-01 -2.928054e-01) (-1.224531e-01 2.129892e-03 -2.243035e-03))
504.03        	((-3.461628e+00 4.777229e+01 2.281196e+02) (-2.398742e-03 2.202965e+00 2.092295e+00)) ((-6.405403e+01 4.108182e-01 -2.874664e-01) (-1.229044e-01 2.132740e-03 -2.169654e-03))
504.04        	((-3.476612e+00 4.766366e+01 2.279887e+02) (-2.346514e-03 2.203804e+00 2.092544e+00)) ((-6.406504e+01 4.107185e-01 -2.872480e-01) (-1.233502e-01 2.129712e-03 -2.085147e-03))
504.05        	((-3.498011e+00 4.755776e+01 2.278479e+02) (-2.271167e-03 2.204566e+00 2.092720e+00)) ((-6.407182e+01 4.108780e-01 -2.911659e-01) (-1.237859e-01 2.120647e-03 -1.996107e-03))
504.06        	((-3.523381e+00 4.745419e+01 2.277004e+02) (-2.165763e-03 2.205223e+00 2.092818e+00)) ((-6.407323e+01 4.111018e-01 -2.981837e-01) (-1.242074e-01 2.108672e-03 -1.906856e-03))
504.07        	((-3.552259e+00 4.734964e+01 2.275490e+02) (-2.056122e-03 2.205735e+00 2.092861e+00)) ((-6.407034e+01 4.113480e-01 -3.073919e-01) (-1.246111e-01 2.094780e-03 -1.826453e-03))
504.08        	((-3.582904e+00 4.724451e+01 2.273956e+02) (-1.949000e-03 2.206086e+00 2.092875e+00)) ((-6.406553e+01 4.115945e-01 -3.179278e-01) (-1.249977e-01 2.081568e-03 -1.757624e-03))
504.09        	((-3.612289e+00 4.714202e+01 2.272378e+02) (-1.841491e-03 2.206264e+00 2.092847e+00)) ((-6.405943e+01 4.117451e-01 -3.285606e-01) (-1.253638e-01 2.069248e-03 -1.700614e-03))
504.1         	((-3.638611e+00 4.704294e+01 2.270722e+02) (-1.720342e-03 2.206263e+00 2.092792e+00)) ((-6.405091e+01 4.116206e-01 -3.379628e-01) (-1.257097e-01 2.062803e-03 -1.655278e-03))
504.11        	((-3.660917e+00 4.694499e+01 2.268999e+02) (-1.574884e-03 2.206189e+00 2.092748e+00)) ((-6.403879e+01 4.110796e-01 -3.450923e-01) (-1.260551e-01 2.066960e-03 -1.627436e-03))
504.12        	((-3.677487e+00 4.684556e+01 2.267208e+02) (-1.492028e-03 2.206068e+00 2.092619e+00)) ((-6.402217e+01 4.100430e-01 -3.490108e-01) (-1.263887e-01 2.065957e-03 -1.631941e-03))
504.13        	((-3.685138e+00 4.674503e+01 2.265322e+02) (-1.415551e-03 2.205886e+00 2.092427e+00)) ((-6.400071e+01 4.084080e-01 -3.489035e-01) (-1.267108e-01 2.068451e-03 -1.657918e-03))
504.14        	((-3.682027e+00 4.664600e+01 2.263347e+02) (-1.344571e-03 2.205657e+00 2.092178e+00)) ((-6.397446e+01 4.062498e-01 -3.446208e-01) (-1.270243e-01 2.075454e-03 -1.702789e-03))
504.15        	((-3.668474e+00 4.654714e+01 2.261288e+02) (-1.288222e-03 2.205436e+00 2.091881e+00)) ((-6.394320e+01 4.037813e-01 -3.362719e-01) (-1.273375e-01 2.087450e-03 -1.765521e-03))
504.16        	((-3.642956e+00 4.644735e+01 2.259190e+02) (-1.280248e-03 2.205171e+00 2.091502e+00)) ((-6.390855e+01 4.008803e-01 -3.233624e-01) (-1.276381e-01 2.096090e-03 -1.840214e-03))
504.17        	((-3.607196e+00 4.634476e+01 2.257101e+02) (-1.293409e-03 2.204905e+00 2.091038e+00)) ((-6.387172e+01 3.971410e-01 -3.058402e-01) (-1.279397e-01 2.103695e-03 -1.917324e-03))
504.18        	((-3.564584e+00 4.624477e+01 2.254916e+02) (-1.329706e-03 2.204661e+00 2.090572e+00)) ((-6.383269e+01 3.927955e-01 -2.853273e-01) (-1.282346e-01 2.110859e-03 -1.991293e-03))
504.19        	((-3.520274e+00 4.614145e+01 2.252661e+02) (-1.394963e-03 2.204373e+00 2.090008e+00)) ((-6.379015e+01 3.879225e-01 -2.631702e-01) (-1.285127e-01 2.116111e-03 -2.053999e-03))
504.2         	((-3.477880e+00 4.603290e+01 2.250331e+02) (-1.492933e-03 2.204047e+00 2.089411e+00)) ((-6.374397e+01 3.829840e-01 -2.410422e-01) (-1.287779e-01 2.118932e-03 -2.104034e-03))
504.21        	((-3.437449e+00 4.591883e+01 2.247972e+02) (-1.608011e-03 2.203676e+00 2.088800e+00)) ((-6.369588e+01 3.781665e-01 -2.200086e-01) (-1.290342e-01 2.120359e-03 -2.141229e-03))
504.22        	((-3.397500e+00 4.580140e+01 2.245615e+02) (-1.720722e-03 2.203268e+00 2.088173e+00)) ((-6.364739e+01 3.735966e-01 -2.004680e-01) (-1.292833e-01 2.120826e-03 -2.161934e-03))
504.23        	((-3.359259e+00 4.568069e+01 2.243218e+02) (-1.808340e-03 2.202800e+00 2.087482e+00)) ((-6.359791e+01 3.695413e-01 -1.831856e-01) (-1.295143e-01 2.121448e-03 -2.157635e-03))
504.24        	((-3.327352e+00 4.555613e+01 2.240779e+02) (-1.850564e-03 2.202278e+00 2.086745e+00)) ((-6.354741e+01 3.660535e-01 -1.694205e-01) (-1.297318e-01 2.121987e-03 -2.128024e-03))
504.25        	((-3.303931e+00 4.542852e+01 2.238279e+02) (-1.865412e-03 2.201683e+00 2.085962e+00)) ((-6.349627e+01 3.632140e-01 -1.595063e-01) (-1.299328e-01 2.116004e-03 -2.077667e-03))
504.26        	((-3.290481e+00 4.530067e+01 2.235764e+02) (-1.867221e-03 2.200973e+00 2.085136e+00)) ((-6.344628e+01 3.609681e-01 -1.538468e-01) (-1.301135e-01 2.101478e-03 -2.011864e-03))
504.27        	((-3.288933e+00 4.517467e+01 2.233237e+02) (-1.829435e-03 2.200203e+00 2.084287e+00)) ((-6.339808e+01 3.595510e-01 -1.531879e-01) (-1.302870e-01 2.088109e-03 -1.935901e-03))
504.28        	((-3.294674e+00 4.505207e+01 2.230642e+02) (-1.772965e-03 2.199359e+00 2.083393e+00)) ((-6.334921e+01 3.585268e-01 -1.568484e-01) (-1.304491e-01 2.072816e-03 -1.855992e-03))
504.29        	((-3.301485e+00 4.493092e+01 2.227924e+02) (-1.694720e-03 2.198404e+00 2.082424e+00)) ((-6.329653e+01 3.577429e-01 -1.631527e-01) (-1.305898e-01 2.055731e-03 -1.775993e-03))
504.3         	((-3.307948e+00 4.481217e+01 2.225153e+02) (-1.607168e-03 2.197327e+00 2.081388e+00)) ((-6.323943e+01 3.567557e-01 -1.706651e-01) (-1.307045e-01 2.036035e-03 -1.699191e-03))
504.31        	((-3.315229e+00 4.469491e+01 2.222385e+02) (-1.496358e-03 2.196144e+00 2.080320e+00)) ((-6.317931e+01 3.560492e-01 -1.789638e-01) (-1.307995e-01 2.017537e-03 -1.630646e-03))
504.32        	((-3.321673e+00 4.457960e+01 2.219638e+02) (-1.400754e-03 2.194865e+00 2.079265e+00)) ((-6.311793e+01 3.549963e-01 -1.870527e-01) (-1.308824e-01 1.996910e-03 -1.575119e-03))
504.33        	((-3.324642e+00 4.446815e+01 2.216917e+02) (-1.276025e-03 2.193477e+00 2.078211e+00)) ((-6.305617e+01 3.541809e-01 -1.946941e-01) (-1.309502e-01 1.983293e-03 -1.530431e-03))
504.34        	((-3.320715e+00 4.436069e+01 2.214154e+02) (-1.183398e-03 2.191952e+00 2.077135e+00)) ((-6.299171e+01 3.522051e-01 -2.001360e-01) (-1.309954e-01 1.966109e-03 -1.495491e-03))
504.35        	((-3.312163e+00 4.425662e+01 2.211355e+02) (-1.058103e-03 2.190370e+00 2.076044e+00)) ((-6.292409e+01 3.506469e-01 -2.035335e-01) (-1.310314e-01 1.963714e-03 -1.478520e-03))
504.36        	((-3.295983e+00 4.415275e+01 2.208490e+02) (-1.024245e-03 2.188658e+00 2.074904e+00)) ((-6.285158e+01 3.472090e-01 -2.028787e-01) (-1.310382e-01 1.947703e-03 -1.473001e-03))
504.37        	((-3.275778e+00 4.404928e+01 2.205631e+02) (-9.378193e-04 2.186975e+00 2.073764e+00)) ((-6.277614e+01 3.449679e-01 -2.002546e-01) (-1.310469e-01 1.950427e-03 -1.488768e-03))
504.38        	((-3.245889e+00 4.394391e+01 2.202729e+02) (-1.000962e-03 2.185208e+00 2.072557e+00)) ((-6.269710e+01 3.401423e-01 -1.934141e-01) (-1.310202e-01 1.905293e-03 -1.494883e-03))
504.39        	((-3.210271e+00 4.384032e+01 2.199875e+02) (-9.343581e-04 2.183670e+00 2.071447e+00)) ((-6.261883e+01 3.374397e-01 -1.850292e-01) (-1.310488e-01 1.930264e-03 -1.549480e-03))
504.4         	((-3.165529e+00 4.373734e+01 2.196935e+02) (-1.058444e-03 2.181987e+00 2.070149e+00)) ((-6.253695e+01 3.316569e-01 -1.722839e-01) (-1.309996e-01 1.846173e-03 -1.564033e-03))
504.41        	((-3.119593e+00 4.363721e+01 2.194003e+02) (-1.013237e-03 2.180567e+00 2.069076e+00)) ((-6.245438e+01 3.277115e-01 -1.590394e-01) (-1.310488e-01 1.902025e-03 -1.636872e-03))
504.42        	((-3.072528e+00 4.353440e+01 2.191010e+02) (-1.114773e-03 2.179039e+00 2.067850e+00)) ((-6.236810e+01 3.214377e-01 -1.439473e-01) (-1.310317e-01 1.868490e-03 -1.682735e-03))
504.43        	((-3.030697e+00 4.342966e+01 2.188058e+02) (-1.132924e-03 2.177631e+00 2.066741e+00)) ((-6.228197e+01 3.171456e-01 -1.304319e-01) (-1.310541e-01 1.907836e-03 -1.735253e-03))
504.44        	((-2.988978e+00 4.332078e+01 2.185027e+02) (-1.347475e-03 2.176052e+00 2.065471e+00)) ((-6.219286e+01 3.097371e-01 -1.160181e-01) (-1.309942e-01 1.842913e-03 -1.722068e-03))
504.45        	((-2.954341e+00 4.321135e+01 2.182033e+02) (-1.344675e-03 2.174744e+00 2.064324e+00)) ((-6.210568e+01 3.056023e-01 -1.053681e-01) (-1.310002e-01 1.877390e-03 -1.755946e-03))
504.46        	((-2.924823e+00 4.309714e+01 2.178985e+02) (-1.436192e-03 2.173334e+00 2.063073e+00)) ((-6.201692e+01 3.001153e-01 -9.570888e-02) (-1.309554e-01 1.838107e-03 -1.754491e-03))
504.47        	((-2.904312e+00 4.298258e+01 2.175968e+02) (-1.434002e-03 2.171964e+00 2.061969e+00)) ((-6.193012e+01 2.970688e-01 -8.983278e-02) (-1.309548e-01 1.880108e-03 -1.750976e-03))
504.48        	((-2.887491e+00 4.286953e+01 2.172901e+02) (-1.528500e-03 2.170461e+00 2.060774e+00)) ((-6.184316e+01 2.925601e-01 -8.592509e-02) (-1.308992e-01 1.855101e-03 -1.700202e-03))
504.49        	((-2.878574e+00 4.276037e+01 2.169865e+02) (-1.476692e-03 2.169044e+00 2.059586e+00)) ((-6.175828e+01 2.914620e-01 -8.658064e-02) (-1.308502e-01 1.847607e-03 -1.656370e-03))
504.5         	((-2.869487e+00 4.265244e+01 2.166750e+02) (-1.624684e-03 2.167306e+00 2.058174e+00)) ((-6.167089e+01 2.873065e-01 -8.765771e-02) (-1.306885e-01 1.702457e-03 -1.530750e-03))
504.51        	((-2.864414e+00 4.254707e+01 2.163636e+02) (-1.460123e-03 2.165848e+00 2.057057e+00)) ((-6.158348e+01 2.862395e-01 -9.211634e-02) (-1.306542e-01 1.760766e-03 -1.511658e-03))
504.52        	((-2.860585e+00 4.243988e+01 2.160512e+02) (-1.384541e-03 2.164239e+00 2.055805e+00)) ((-6.149456e+01 2.846243e-01 -9.657241e-02) (-1.305593e-01 1.748175e-03 -1.471801e-03))
504.53        	((-2.860869e+00 4.233294e+01 2.157393e+02) (-1.224451e-03 2.162538e+00 2.054624e+00)) ((-6.140457e+01 2.852883e-01 -1.026928e-01) (-1.304700e-01 1.797504e-03 -1.431151e-03))
504.54        	((-2.856149e+00 4.223011e+01 2.154297e+02) (-1.204093e-03 2.160703e+00 2.053380e+00)) ((-6.131390e+01 2.831580e-01 -1.073022e-01) (-1.303345e-01 1.777470e-03 -1.366044e-03))
504.55        	((-2.849931e+00 4.213364e+01 2.151235e+02) (-1.025187e-03 2.158837e+00 2.052112e+00)) ((-6.122330e+01 2.843787e-01 -1.132353e-01) (-1.301749e-01 1.784625e-03 -1.332621e-03))
504.56        	((-2.833158e+00 4.204176e+01 2.148123e+02) (-1.103984e-03 2.156787e+00 2.050750e+00)) ((-6.112969e+01 2.806305e-01 -1.152124e-01) (-1.299536e-01 1.679606e-03 -1.247124e-03))
504.57        	((-2.816268e+00 4.195434e+01 2.145017e+02) (-7.978587e-04 2.154803e+00 2.049495e+00)) ((-6.103434e+01 2.816953e-01 -1.186028e-01) (-1.297641e-01 1.796901e-03 -1.298510e-03))
504.58        	((-2.792677e+00 4.186891e+01 2.141964e+02) (-8.218498e-04 2.152927e+00 2.048329e+00)) ((-6.093790e+01 2.783767e-01 -1.169890e-01) (-1.296058e-01 1.735678e-03 -1.273251e-03))
504.59        	((-2.769018e+00 4.178161e+01 2.138940e+02) (-6.929200e-04 2.150976e+00 2.047181e+00)) ((-6.083950e+01 2.775201e-01 -1.150413e-01) (-1.294317e-01 1.817039e-03 -1.290988e-03))
504.6         	((-2.736257e+00 4.169379e+01 2.135916e+02) (-8.075063e-04 2.148990e+00 2.046078e+00)) ((-6.073956e+01 2.721917e-01 -1.088260e-01) (-1.292557e-01 1.740230e-03 -1.269444e-03))
504.61        	((-2.704178e+00 4.160892e+01 2.132900e+02) (-6.893323e-04 2.147025e+00 2.044910e+00)) ((-6.063923e+01 2.715211e-01 -1.038324e-01) (-1.290516e-01 1.776570e-03 -1.321379e-03))
504.62        	((-2.664081e+00 4.152774e+01 2.129898e+02) (-8.804074e-04 2.145116e+00 2.043664e+00)) ((-6.053891e+01 2.652780e-01 -9.445439e-02) (-1.288175e-01 1.675948e-03 -1.300261e-03))
504.63        	((-2.628144e+00 4.144743e+01 2.126885e+02) (-7.783992e-04 2.143344e+00 2.042505e+00)) ((-6.043757e+01 2.637638e-01 -8.766940e-02) (-1.286122e-01 1.791196e-03 -1.379834e-03))
504.64        	((-2.590000e+00 4.136605e+01 2.123883e+02) (-9.522160e-04 2.141708e+00 2.041454e+00)) ((-6.033553e+01 2.578749e-01 -7.839056e-02) (-1.284422e-01 1.693828e-03 -1.376849e-03))
504.65        	((-2.559159e+00 4.128267e+01 2.120883e+02) (-8.876402e-04 2.140061e+00 2.040390e+00)) ((-6.023285e+01 2.559231e-01 -7.192490e-02) (-1.282527e-01 1.768121e-03 -1.424209e-03))
504.66        	((-2.526490e+00 4.119859e+01 2.117876e+02) (-1.120207e-03 2.138394e+00 2.039324e+00)) ((-6.013002e+01 2.487641e-01 -6.346852e-02) (-1.280462e-01 1.649267e-03 -1.381231e-03))
504.67        	((-2.503371e+00 4.111514e+01 2.114880e+02) (-1.008934e-03 2.136820e+00 2.038246e+00)) ((-6.002819e+01 2.471506e-01 -5.964265e-02) (-1.278311e-01 1.733263e-03 -1.438781e-03))
504.68        	((-2.481587e+00 4.103093e+01 2.111905e+02) (-1.146560e-03 2.135398e+00 2.037272e+00)) ((-5.992769e+01 2.417416e-01 -5.442420e-02) (-1.276525e-01 1.645601e-03 -1.416794e-03))
504.69        	((-2.468080e+00 4.094504e+01 2.108926e+02) (-1.085200e-03 2.133934e+00 2.036306e+00)) ((-5.982750e+01 2.403009e-01 -5.305968e-02) (-1.274556e-01 1.710553e-03 -1.422076e-03))
504.7         	((-2.453655e+00 4.086062e+01 2.105967e+02) (-1.241626e-03 2.132453e+00 2.035387e+00)) ((-5.972869e+01 2.351086e-01 -5.137825e-02) (-1.272564e-01 1.611320e-03 -1.355601e-03))
504.71        	((-2.447134e+00 4.077764e+01 2.102979e+02) (-1.064509e-03 2.130894e+00 2.034391e+00)) ((-5.962844e+01 2.358718e-01 -5.446689e-02) (-1.270091e-01 1.681518e-03 -1.379491e-03))
504.72        	((-2.437541e+00 4.069756e+01 2.100031e+02) (-1.192161e-03 2.129441e+00 2.033458e+00)) ((-5.952903e+01 2.322163e-01 -5.552326e-02) (-1.267814e-01 1.566213e-03 -1.286190e-03))
504.73        	((-2.431039e+00 4.061731e+01 2.097128e+02) (-1.090719e-03 2.128052e+00 2.032616e+00)) ((-5.943055e+01 2.324742e-01 -5.990223e-02) (-1.265759e-01 1.614024e-03 -1.253515e-03))
504.74        	((-2.419914e+00 4.053749e+01 2.094236e+02) (-1.154463e-03 2.126538e+00 2.031768e+00)) ((-5.933200e+01 2.296240e-01 -6.292139e-02) (-1.263407e-01 1.505719e-03 -1.173348e-03))
504.75        	((-2.411952e+00 4.046150e+01 2.091368e+02) (-9.811340e-04 2.125031e+00 2.030991e+00)) ((-5.923431e+01 2.310477e-01 -6.796465e-02) (-1.261174e-01 1.546102e-03 -1.167188e-03))
504.76        	((-2.398477e+00 4.038929e+01 2.088613e+02) (-1.022660e-03 2.123449e+00 2.030141e+00)) ((-5.913982e+01 2.280864e-01 -6.961429e-02) (-1.258412e-01 1.490764e-03 -1.109641e-03))
504.77        	((-2.387329e+00 4.032111e+01 2.085892e+02) (-7.572695e-04 2.121775e+00 2.029278e+00)) ((-5.904455e+01 2.300693e-01 -7.324337e-02) (-1.255271e-01 1.632094e-03 -1.158440e-03))
504.78        	((-2.367903e+00 4.025684e+01 2.083171e+02) (-8.282778e-04 2.120277e+00 2.028578e+00)) ((-5.894772e+01 2.274450e-01 -7.285821e-02) (-1.252663e-01 1.524671e-03 -1.079327e-03))
504.79        	((-2.346572e+00 4.019350e+01 2.080445e+02) (-7.041946e-04 2.118844e+00 2.027938e+00)) ((-5.884916e+01 2.274834e-01 -7.332527e-02) (-1.250157e-01 1.568104e-03 -1.070092e-03))
504.8         	((-2.318396e+00 4.012992e+01 2.077697e+02) (-7.630391e-04 2.117308e+00 2.027286e+00)) ((-5.874860e+01 2.238348e-01 -7.070741e-02) (-1.247320e-01 1.476391e-03 -1.034722e-03))
504.81        	((-2.292588e+00 4.006850e+01 2.075000e+02) (-6.332381e-04 2.115814e+00 2.026696e+00)) ((-5.864872e+01 2.237455e-01 -6.894139e-02) (-1.244557e-01 1.530568e-03 -1.077460e-03))
504.82        	((-2.261266e+00 4.001001e+01 2.072374e+02) (-7.489600e-04 2.114335e+00 2.026030e+00)) ((-5.855032e+01 2.189387e-01 -6.325641e-02) (-1.241406e-01 1.472951e-03 -1.060454e-03))
504.83        	((-2.234586e+00 3.995400e+01 2.069781e+02) (-6.092421e-04 2.112875e+00 2.025378e+00)) ((-5.845246e+01 2.185766e-01 -5.958029e-02) (-1.238138e-01 1.594583e-03 -1.140492e-03))
504.84        	((-2.204603e+00 3.989974e+01 2.067204e+02) (-7.775457e-04 2.111635e+00 2.024865e+00)) ((-5.835476e+01 2.137887e-01 -5.299026e-02) (-1.235387e-01 1.494609e-03 -1.102578e-03))
504.85        	((-2.178283e+00 3.984469e+01 2.064655e+02) (-7.623356e-04 2.110506e+00 2.024409e+00)) ((-5.825751e+01 2.119828e-01 -4.880550e-02) (-1.232765e-01 1.534213e-03 -1.119869e-03))
504.86        	((-2.149286e+00 3.978858e+01 2.062111e+02) (-9.222975e-04 2.109326e+00 2.023946e+00)) ((-5.816019e+01 2.066230e-01 -4.319068e-02) (-1.229887e-01 1.430413e-03 -1.089213e-03))
504.87        	((-2.127168e+00 3.973323e+01 2.059588e+02) (-8.474602e-04 2.108211e+00 2.023535e+00)) ((-5.806390e+01 2.054375e-01 -4.047833e-02) (-1.227093e-01 1.482780e-03 -1.137299e-03))
504.88        	((-2.104130e+00 3.967997e+01 2.057130e+02) (-9.830230e-04 2.107167e+00 2.023102e+00)) ((-5.796951e+01 2.001899e-01 -3.591593e-02) (-1.224153e-01 1.417822e-03 -1.112954e-03))
504.89        	((-2.088864e+00 3.962677e+01 2.054678e+02) (-8.929702e-04 2.106138e+00 2.022702e+00)) ((-5.787605e+01 1.991406e-01 -3.489994e-02) (-1.221157e-01 1.499003e-03 -1.147741e-03))
504.9         	((-2.072317e+00 3.957378e+01 2.052217e+02) (-1.041238e-03 2.105163e+00 2.022368e+00)) ((-5.778304e+01 1.941878e-01 -3.282780e-02) (-1.218256e-01 1.388779e-03 -1.081975e-03))
504.91        	((-2.062306e+00 3.952108e+01 2.049771e+02) (-9.300997e-04 2.104270e+00 2.022075e+00)) ((-5.769069e+01 1.937437e-01 -3.446736e-02) (-1.215417e-01 1.452794e-03 -1.102949e-03))
504.92        	((-2.050734e+00 3.946916e+01 2.047370e+02) (-1.010998e-03 2.103463e+00 2.021863e+00)) ((-5.759939e+01 1.900627e-01 -3.468471e-02) (-1.212734e-01 1.369679e-03 -1.057056e-03))
504.93        	((-2.044807e+00 3.941831e+01 2.045005e+02) (-8.785738e-04 2.102604e+00 2.021649e+00)) ((-5.750905e+01 1.905717e-01 -3.773550e-02) (-1.209800e-01 1.438749e-03 -1.066829e-03))
504.94        	((-2.034403e+00 3.937039e+01 2.042684e+02) (-9.815858e-04 2.101757e+00 2.021476e+00)) ((-5.742000e+01 1.871851e-01 -3.880665e-02) (-1.206835e-01 1.335936e-03 -9.866980e-04))
504.95        	((-2.026447e+00 3.932461e+01 2.040385e+02) (-8.475752e-04 2.100965e+00 2.021342e+00)) ((-5.733126e+01 1.881378e-01 -4.262836e-02) (-1.203899e-01 1.393978e-03 -9.918630e-04))
504.96        	((-2.012978e+00 3.928049e+01 2.038116e+02) (-8.918857e-04 2.100197e+00 2.021271e+00)) ((-5.724279e+01 1.858244e-01 -4.411854e-02) (-1.200997e-01 1.315788e-03 -9.393753e-04))
504.97        	((-2.001684e+00 3.923852e+01 2.035869e+02) (-7.081179e-04 2.099359e+00 2.021191e+00)) ((-5.715412e+01 1.874878e-01 -4.718181e-02) (-1.197774e-01 1.401991e-03 -9.643302e-04))
504.98        	((-1.983084e+00 3.920063e+01 2.033679e+02) (-7.803917e-04 2.098595e+00 2.021173e+00)) ((-5.706631e+01 1.846745e-01 -4.678218e-02) (-1.194641e-01 1.306650e-03 -8.894110e-04))
504.99        	((-1.964632e+00 3.916497e+01 2.031554e+02) (-6.479082e-04 2.097948e+00 2.021236e+00)) ((-5.697951e+01 1.851599e-01 -4.775830e-02) (-1.191692e-01 1.360581e-03 -8.969787e-04))
505           	((-1.940463e+00 3.913007e+01 2.029470e+02) (-6.809803e-04 2.097303e+00 2.021351e+00)) ((-5.689303e+01 1.824084e-01 -4.590673e-02) (-1.188687e-01 1.291316e-03 -8.688622e-04))
