# Forces      
# CofR        : (0.000000e+00 0.000000e+00 0.000000e+00)
# Time        forces(pressure viscous)	moments(pressure viscous)
500           	((4.895452e+00 1.211702e+04 -4.487011e+03) (1.059010e-04 4.226175e+00 -1.352927e-01)) ((-2.432719e+03 -2.126924e-01 6.083652e-01) (-3.249669e-01 -1.908938e-05 -1.774140e-04))
500.01        	((1.236899e+00 8.272092e+03 -3.072662e+03) (-7.414287e-04 2.410125e+00 2.772535e-01)) ((-1.347645e+03 6.619977e-01 5.911772e-02) (6.009494e-02 -3.189226e-05 7.050583e-04))
500.02        	((-3.628113e+00 5.638702e+02 -4.646070e+01) (-1.069285e-03 7.823983e-01 7.097520e-01)) ((4.994058e+02 9.269271e-01 -3.900061e-01) (4.427540e-01 -4.690905e-04 1.303975e-03))
500.03        	((-2.629925e+00 -3.717315e+03 1.585563e+03) (-1.366452e-04 8.254359e-01 8.585117e-01)) ((1.355589e+03 4.713345e-01 -5.656323e-01) (4.350208e-01 -3.409956e-04 6.479842e-04))
500.04        	((2.897588e+00 -2.728104e+03 1.138626e+03) (6.977432e-03 2.547634e+00 6.969013e-01)) ((7.358149e+02 -7.748314e-01 -4.387068e-01) (6.619432e-02 -3.238855e-03 -5.323314e-03))
500.05        	((5.677140e+00 5.482842e+02 -2.075968e+02) (6.760080e-03 4.875999e+00 2.727793e-01)) ((-2.934593e+02 -2.427574e+00 1.939956e-01) (-5.704098e-01 -1.274689e-03 -4.308834e-03))
500.06        	((2.183373e+00 2.749013e+03 -1.138404e+03) (7.472720e-03 5.532750e+00 -5.927789e-02)) ((-7.359421e+02 -2.335724e+00 1.165809e+00) (-7.377935e-01 4.553867e-04 -6.699147e-03))
500.07        	((-3.584821e+00 3.103981e+03 -1.211993e+03) (8.463346e-03 4.455513e+00 -5.788661e-02)) ((-4.895159e+02 2.417091e-02 6.803744e-01) (-2.492197e-01 4.826338e-03 -3.756590e-03))
500.08        	((-6.271146e+00 2.107226e+03 -7.152648e+02) (1.178599e-02 3.406178e+00 4.097347e-02)) ((9.697623e+00 1.660274e+00 -9.391358e-02) (2.296882e-01 9.241480e-03 -6.611923e-03))
500.09        	((-1.785172e+00 9.456753e+02 -2.167107e+02) (-4.508109e-03 3.237117e+00 1.097834e-01)) ((2.751064e+02 1.763983e+00 -8.653701e-01) (3.519986e-01 8.728509e-04 -1.180996e-03))
500.1         	((2.584878e+00 4.558152e+02 -5.352640e+01) (-8.162177e-03 3.842267e+00 5.086374e-02)) ((1.772952e+02 3.875392e-01 -6.906894e-01) (1.311803e-01 -3.038665e-03 2.905348e-03))
500.11        	((3.420863e+00 7.373816e+02 -2.188893e+02) (-1.270654e-02 4.564867e+00 -8.420469e-02)) ((-7.996668e+01 -8.496299e-01 -7.604926e-02) (-1.405399e-01 -6.434626e-03 3.503541e-03))
500.12        	((1.031214e+00 1.381950e+03 -4.967741e+02) (-1.220653e-02 5.030309e+00 -2.277515e-01)) ((-2.444103e+02 -8.896108e-01 2.045669e-01) (-3.116675e-01 -7.149052e-03 2.095263e-03))
500.13        	((-2.056981e+00 1.906266e+03 -6.708477e+02) (-7.407312e-03 5.173072e+00 -3.388050e-01)) ((-2.300773e+02 -4.633986e-01 1.717473e-01) (-3.012785e-01 -4.884054e-03 1.259828e-03))
500.14        	((-3.637043e+00 2.034859e+03 -6.569955e+02) (-2.291488e-03 5.213089e+00 -3.932208e-01)) ((-1.058042e+02 1.359168e-01 3.951528e-02) (-2.121497e-01 -1.801401e-03 6.297851e-04))
500.15        	((-2.743384e+00 1.852922e+03 -5.266816e+02) (1.615124e-03 5.278922e+00 -4.013171e-01)) ((3.531545e+00 4.327410e-01 -8.030028e-02) (-1.503898e-01 1.535642e-03 -1.602826e-03))
500.16        	((-1.233822e+00 1.651950e+03 -4.175327e+02) (4.484773e-03 5.419771e+00 -3.892717e-01)) ((1.901388e+01 1.966508e-01 -1.157559e-01) (-1.612282e-01 2.438077e-03 -2.992873e-03))
500.17        	((1.626270e-01 1.661265e+03 -4.122543e+02) (5.286305e-03 5.584539e+00 -3.784026e-01)) ((-4.531109e+01 -3.366347e-01 -2.851123e-02) (-2.139919e-01 2.575162e-03 -3.798042e-03))
500.18        	((2.107184e-01 1.877694e+03 -4.913855e+02) (4.336557e-03 5.756377e+00 -3.806913e-01)) ((-1.196944e+02 -5.188959e-01 -1.763418e-02) (-2.689729e-01 2.817577e-03 -2.359507e-03))
500.19        	((-4.623653e-01 2.154578e+03 -5.812149e+02) (4.146118e-03 5.962265e+00 -3.818620e-01)) ((-1.496244e+02 -6.201156e-01 4.648374e-02) (-3.008210e-01 2.670994e-03 -3.264064e-03))
500.2         	((-1.200458e+00 2.337198e+03 -6.180915e+02) (3.184867e-03 6.196957e+00 -3.681708e-01)) ((-1.279553e+02 -6.014532e-01 1.102769e-01) (-3.120800e-01 2.388744e-03 -3.173220e-03))
500.21        	((-1.478712e+00 2.391207e+03 -5.922395e+02) (2.161501e-03 6.428185e+00 -3.321679e-01)) ((-8.817390e+01 -6.372846e-01 1.883305e-01) (-3.147611e-01 1.849195e-03 -2.847626e-03))
500.22        	((-1.191335e+00 2.382235e+03 -5.421075e+02) (2.388421e-03 6.655942e+00 -2.721824e-01)) ((-6.765503e+01 -8.549625e-01 2.649220e-01) (-3.208881e-01 1.811183e-03 -2.685434e-03))
500.23        	((-4.806098e-01 2.405205e+03 -5.058253e+02) (5.925854e-04 6.880327e+00 -1.939337e-01)) ((-8.128141e+01 -1.152068e+00 3.282634e-01) (-3.271490e-01 1.567707e-03 -2.404902e-03))
500.24        	((2.143611e-01 2.478226e+03 -4.939423e+02) (2.687186e-04 7.136741e+00 -1.022756e-01)) ((-1.146837e+02 -1.412669e+00 3.945382e-01) (-3.250518e-01 1.393838e-03 -2.295750e-03))
500.25        	((5.728790e-01 2.563851e+03 -4.830986e+02) (-4.173564e-04 7.454609e+00 -4.625365e-03)) ((-1.448707e+02 -1.640442e+00 4.924551e-01) (-2.980476e-01 1.295604e-03 -2.170545e-03))
500.26        	((8.215945e-01 2.609138e+03 -4.522723e+02) (-1.916459e-03 7.843847e+00 1.028650e-01)) ((-1.597306e+02 -1.752039e+00 5.820784e-01) (-2.436327e-01 1.089835e-03 -1.519999e-03))
500.27        	((1.035539e+00 2.594717e+03 -3.896366e+02) (-3.518375e-03 8.315947e+00 2.312449e-01)) ((-1.621876e+02 -1.781950e+00 6.659521e-01) (-1.562726e-01 1.118584e-03 -1.225594e-03))
500.28        	((1.235508e+00 2.532423e+03 -3.048123e+02) (-4.465291e-03 8.875346e+00 3.907063e-01)) ((-1.643465e+02 -1.802054e+00 7.412398e-01) (-3.993761e-02 1.202066e-03 -1.045389e-03))
500.29        	((1.102426e+00 2.449878e+03 -2.102562e+02) (-4.159100e-03 9.529046e+00 5.947787e-01)) ((-1.749828e+02 -1.820368e+00 7.840991e-01) (9.588339e-02 1.039596e-03 -1.121686e-03))
500.3         	((1.428773e+00 2.365506e+03 -1.173623e+02) (-7.930325e-03 1.027955e+01 8.462592e-01)) ((-1.942242e+02 -1.802658e+00 7.989102e-01) (2.364763e-01 -7.649842e-05 -2.376018e-04))
500.31        	((1.289744e+00 2.264532e+03 -1.899961e+01) (-8.205122e-03 1.112838e+01 1.157395e+00)) ((-2.142133e+02 -1.832463e+00 8.380968e-01) (3.654188e-01 -2.422406e-04 -2.483798e-04))
500.32        	((1.477524e+00 2.151434e+03 8.041596e+01) (-9.753556e-03 1.205712e+01 1.535980e+00)) ((-2.288355e+02 -1.782073e+00 8.777981e-01) (4.653284e-01 -5.277164e-04 4.683849e-04))
500.33        	((1.109557e+00 2.010861e+03 1.872883e+02) (-1.101562e-02 1.304676e+01 1.994377e+00)) ((-2.335043e+02 -1.729478e+00 9.332646e-01) (5.134207e-01 -8.440422e-04 -2.157561e-04))
500.34        	((7.911646e-01 1.860140e+03 2.920227e+02) (-1.253290e-02 1.404132e+01 2.538968e+00)) ((-2.306326e+02 -1.680050e+00 1.003480e+00) (4.872527e-01 -8.873960e-04 -7.359484e-04))
500.35        	((1.982284e-01 1.695384e+03 3.945024e+02) (-1.398014e-02 1.501174e+01 3.166843e+00)) ((-2.223880e+02 -1.607350e+00 1.039192e+00) (3.799569e-01 -6.929454e-04 -9.641250e-04))
500.36        	((-8.252759e-02 1.535379e+03 4.854061e+02) (-1.586905e-02 1.593453e+01 3.867381e+00)) ((-2.120777e+02 -1.480460e+00 1.031459e+00) (1.975928e-01 -3.759388e-04 -9.283039e-04))
500.37        	((-8.127409e-01 1.382967e+03 5.610761e+02) (-1.744833e-02 1.679784e+01 4.626529e+00)) ((-1.996565e+02 -1.313339e+00 9.850054e-01) (-4.047804e-02 -6.761857e-05 -6.711421e-04))
500.38        	((-1.260848e+00 1.279151e+03 6.144668e+02) (-1.932590e-02 1.758113e+01 5.429487e+00)) ((-1.881717e+02 -1.067585e+00 8.991241e-01) (-3.143253e-01 5.913440e-04 -2.942633e-04))
500.39        	((-1.303824e+00 1.189343e+03 6.497481e+02) (-2.128627e-02 1.829394e+01 6.250124e+00)) ((-1.696181e+02 -8.161200e-01 7.848856e-01) (-5.999903e-01 1.300885e-03 3.401086e-04))
500.4         	((-1.157644e+00 1.097886e+03 6.754785e+02) (-2.469255e-02 1.893602e+01 7.070566e+00)) ((-1.413374e+02 -5.614782e-01 6.834953e-01) (-8.695003e-01 1.669117e-03 2.032176e-03))
500.41        	((-1.444898e+00 1.013324e+03 6.902546e+02) (-2.705110e-02 1.952625e+01 7.878255e+00)) ((-1.091297e+02 -3.387850e-01 6.227982e-01) (-1.110488e+00 2.357750e-03 2.731361e-03))
500.42        	((-1.251992e+00 9.423317e+02 6.983275e+02) (-3.035837e-02 2.006464e+01 8.657989e+00)) ((-8.030973e+01 -1.476664e-01 5.911393e-01) (-1.311199e+00 3.251755e-03 3.286187e-03))
500.43        	((-1.570306e+00 8.818158e+02 6.902652e+02) (-3.369173e-02 2.055674e+01 9.396679e+00)) ((-5.600135e+01 4.682552e-02 5.351613e-01) (-1.471566e+00 3.590280e-03 4.154386e-03))
500.44        	((-1.106229e+00 8.283440e+02 6.724831e+02) (-3.650194e-02 2.097533e+01 1.007241e+01)) ((-3.544657e+01 2.541693e-01 4.591720e-01) (-1.594530e+00 4.287060e-03 4.903665e-03))
500.45        	((-1.279591e+00 7.841771e+02 6.384019e+02) (-3.866091e-02 2.130545e+01 1.065641e+01)) ((-1.615944e+01 4.277250e-01 3.650375e-01) (-1.683868e+00 4.782258e-03 5.884235e-03))
500.46        	((-2.503955e-01 7.452403e+02 6.035413e+02) (-4.049064e-02 2.155297e+01 1.113149e+01)) ((2.001495e+00 6.191783e-01 2.678363e-01) (-1.740712e+00 4.804991e-03 7.146749e-03))
500.47        	((-2.782951e-01 7.172559e+02 5.648801e+02) (-4.170803e-02 2.171796e+01 1.148718e+01)) ((1.703163e+01 6.871359e-01 1.904328e-01) (-1.767349e+00 4.379081e-03 7.709252e-03))
500.48        	((-4.163692e-01 6.977376e+02 5.217360e+02) (-4.254020e-02 2.180034e+01 1.171390e+01)) ((2.819864e+01 6.809665e-01 1.306438e-01) (-1.765926e+00 4.187239e-03 7.841693e-03))
500.49        	((-1.155368e+00 6.949512e+02 4.644342e+02) (-4.355592e-02 2.180866e+01 1.180376e+01)) ((3.463953e+01 6.375463e-01 5.933300e-02) (-1.741899e+00 3.959891e-03 7.810283e-03))
500.5         	((-1.077663e+00 7.047107e+02 3.963051e+02) (-4.466385e-02 2.174645e+01 1.174322e+01)) ((3.798293e+01 6.952903e-01 -4.389723e-02) (-1.699802e+00 3.628862e-03 7.471937e-03))
500.51        	((-7.041320e-01 7.226678e+02 3.216288e+02) (-4.552720e-02 2.160719e+01 1.151904e+01)) ((3.919653e+01 7.777290e-01 -1.535857e-01) (-1.642064e+00 2.851928e-03 7.019848e-03))
500.52        	((-3.600339e-02 7.441853e+02 2.444631e+02) (-4.583499e-02 2.137992e+01 1.112855e+01)) ((3.861999e+01 8.219477e-01 -2.469101e-01) (-1.570092e+00 1.841750e-03 6.545783e-03))
500.53        	((4.949998e-01 7.682289e+02 1.665698e+02) (-4.580117e-02 2.105397e+01 1.057855e+01)) ((3.584534e+01 7.939535e-01 -3.125841e-01) (-1.486587e+00 4.853156e-04 6.225105e-03))
500.54        	((9.317515e-01 7.955074e+02 8.992146e+01) (-4.489440e-02 2.063538e+01 9.887945e+00)) ((3.031657e+01 7.082631e-01 -3.524626e-01) (-1.400185e+00 -9.955137e-04 6.221875e-03))
500.55        	((1.242979e+00 8.247512e+02 1.420314e+01) (-4.322866e-02 2.011104e+01 9.076933e+00)) ((2.280699e+01 6.246884e-01 -4.001437e-01) (-1.315473e+00 -2.184969e-03 6.084656e-03))
500.56        	((1.559993e+00 8.543042e+02 -5.940565e+01) (-4.072743e-02 1.948489e+01 8.175983e+00)) ((1.415519e+01 5.816844e-01 -4.448265e-01) (-1.238481e+00 -2.957526e-03 5.700314e-03))
500.57        	((1.903386e+00 8.823643e+02 -1.288936e+02) (-3.789681e-02 1.876732e+01 7.226585e+00)) ((5.168603e+00 5.871951e-01 -4.801552e-01) (-1.172193e+00 -3.513752e-03 5.365358e-03))
500.58        	((2.310600e+00 9.079167e+02 -1.921557e+02) (-3.478260e-02 1.798275e+01 6.275472e+00)) ((-3.634042e+00 6.156662e-01 -5.024705e-01) (-1.119177e+00 -3.791288e-03 5.050925e-03))
500.59        	((2.610227e+00 9.296489e+02 -2.471770e+02) (-3.100019e-02 1.714299e+01 5.364585e+00)) ((-1.149647e+01 6.227068e-01 -4.983863e-01) (-1.074441e+00 -3.571441e-03 4.274067e-03))
500.6         	((2.809897e+00 9.469533e+02 -2.928174e+02) (-2.790154e-02 1.627761e+01 4.518678e+00)) ((-1.808479e+01 6.032326e-01 -4.764787e-01) (-1.040925e+00 -3.445118e-03 4.388706e-03))
500.61        	((2.912614e+00 9.597748e+02 -3.286536e+02) (-2.449232e-02 1.539725e+01 3.755942e+00)) ((-2.323649e+01 5.684866e-01 -4.494085e-01) (-1.011250e+00 -2.875014e-03 4.040304e-03))
500.62        	((2.977146e+00 9.694191e+02 -3.555425e+02) (-2.147283e-02 1.452381e+01 3.080209e+00)) ((-2.741781e+01 5.513394e-01 -4.228065e-01) (-9.838857e-01 -2.357370e-03 3.729952e-03))
500.63        	((3.024701e+00 9.773846e+02 -3.746432e+02) (-1.908803e-02 1.366927e+01 2.486026e+00)) ((-3.100494e+01 5.647210e-01 -4.067178e-01) (-9.561007e-01 -2.019422e-03 3.439225e-03))
500.64        	((3.073602e+00 9.845195e+02 -3.873246e+02) (-1.714907e-02 1.284814e+01 1.967932e+00)) ((-3.410899e+01 5.975585e-01 -3.947019e-01) (-9.268192e-01 -1.730652e-03 3.205484e-03))
500.65        	((3.096681e+00 9.912922e+02 -3.951244e+02) (-1.533064e-02 1.207227e+01 1.519420e+00)) ((-3.681733e+01 6.267417e-01 -3.826413e-01) (-8.950856e-01 -1.410722e-03 2.875908e-03))
500.66        	((3.107432e+00 9.977536e+02 -3.994006e+02) (-1.342634e-02 1.135075e+01 1.134070e+00)) ((-3.929533e+01 6.336760e-01 -3.653462e-01) (-8.604621e-01 -9.993625e-04 2.399379e-03))
500.67        	((3.116286e+00 1.003999e+03 -4.009840e+02) (-1.195068e-02 1.068707e+01 8.042718e-01)) ((-4.182032e+01 6.095799e-01 -3.432322e-01) (-8.230481e-01 -4.171893e-04 1.766654e-03))
500.68        	((3.083366e+00 1.009495e+03 -3.999275e+02) (-9.699420e-03 1.008560e+01 5.285430e-01)) ((-4.428345e+01 5.899800e-01 -3.318851e-01) (-7.822349e-01 -2.831678e-04 1.623058e-03))
500.69        	((3.087701e+00 1.014907e+03 -3.973265e+02) (-8.536807e-03 9.543891e+00 2.950465e-01)) ((-4.700638e+01 5.412271e-01 -3.117012e-01) (-7.403097e-01 2.331855e-04 1.253061e-03))
500.7         	((3.071481e+00 1.020706e+03 -3.937967e+02) (-7.348907e-03 9.053850e+00 9.996257e-02)) ((-4.993881e+01 4.712201e-01 -2.857844e-01) (-6.982798e-01 4.162375e-04 8.285122e-04))
500.71        	((3.049874e+00 1.027236e+03 -3.896721e+02) (-5.761098e-03 8.621166e+00 -6.000340e-02)) ((-5.307267e+01 3.832410e-01 -2.446441e-01) (-6.588244e-01 8.380540e-04 5.714059e-04))
500.72        	((3.028014e+00 1.034617e+03 -3.849675e+02) (-4.499947e-03 8.228138e+00 -1.903127e-01)) ((-5.647661e+01 2.693596e-01 -2.034352e-01) (-6.194311e-01 1.016447e-03 -4.006197e-04))
500.73        	((3.040268e+00 1.042162e+03 -3.789030e+02) (-3.338663e-03 7.877670e+00 -2.904302e-01)) ((-5.978197e+01 1.300074e-01 -1.362369e-01) (-5.819674e-01 1.071972e-03 -2.628899e-04))
500.74        	((3.067312e+00 1.049752e+03 -3.716819e+02) (-3.120726e-03 7.560316e+00 -3.685305e-01)) ((-6.292915e+01 -4.459349e-03 -7.339125e-02) (-5.458747e-01 1.298401e-03 -3.080096e-04))
500.75        	((3.130084e+00 1.057648e+03 -3.641837e+02) (-2.307305e-03 7.288473e+00 -4.299827e-01)) ((-6.599556e+01 -1.492982e-01 -1.168902e-02) (-5.164561e-01 1.352368e-03 -5.615610e-05))
500.76        	((3.183751e+00 1.066074e+03 -3.569679e+02) (-2.020757e-03 7.050428e+00 -4.721563e-01)) ((-6.904336e+01 -2.923482e-01 4.088926e-02) (-4.885165e-01 1.031434e-03 -2.693529e-04))
500.77        	((3.302448e+00 1.075182e+03 -3.498421e+02) (-1.628583e-03 6.842597e+00 -4.982926e-01)) ((-7.198375e+01 -4.470656e-01 1.016996e-01) (-4.611161e-01 1.022826e-03 1.652302e-04))
500.78        	((3.426478e+00 1.084695e+03 -3.427078e+02) (-8.534130e-04 6.654151e+00 -5.095270e-01)) ((-7.478249e+01 -6.054499e-01 1.650445e-01) (-4.311774e-01 7.289655e-04 -1.227213e-03))
500.79        	((3.601376e+00 1.094228e+03 -3.355135e+02) (-5.099037e-04 6.503068e+00 -5.121079e-01)) ((-7.738046e+01 -7.531340e-01 2.510868e-01) (-4.064525e-01 6.867236e-04 -8.315511e-04))
500.8         	((3.882962e+00 1.103350e+03 -3.281506e+02) (-2.640948e-04 6.373406e+00 -5.066422e-01)) ((-7.965060e+01 -9.125796e-01 3.434278e-01) (-3.823534e-01 5.001813e-04 -4.278087e-04))
500.81        	((4.218341e+00 1.112175e+03 -3.207615e+02) (1.574085e-04 6.262379e+00 -4.946036e-01)) ((-8.162018e+01 -1.076513e+00 4.318506e-01) (-3.578529e-01 4.032428e-04 -3.965099e-04))
500.82        	((4.548836e+00 1.120654e+03 -3.133112e+02) (6.542336e-04 6.169262e+00 -4.751467e-01)) ((-8.325743e+01 -1.242369e+00 5.077311e-01) (-3.332765e-01 4.585759e-04 -5.340564e-04))
500.83        	((4.888450e+00 1.128653e+03 -3.057913e+02) (1.369767e-03 6.102702e+00 -4.552152e-01)) ((-8.452809e+01 -1.417283e+00 5.826585e-01) (-3.132802e-01 3.778637e-04 -5.704450e-04))
500.84        	((5.199334e+00 1.136102e+03 -2.979781e+02) (1.696830e-03 6.050199e+00 -4.299495e-01)) ((-8.547753e+01 -1.603667e+00 6.611882e-01) (-2.929291e-01 2.998503e-04 -6.285706e-04))
500.85        	((5.542037e+00 1.143082e+03 -2.900418e+02) (2.907667e-03 6.012140e+00 -4.010361e-01)) ((-8.622185e+01 -1.789864e+00 7.441938e-01) (-2.727807e-01 2.602625e-04 -7.981646e-04))
500.86        	((5.933243e+00 1.149400e+03 -2.822620e+02) (3.731884e-03 5.987564e+00 -3.700822e-01)) ((-8.685891e+01 -1.973551e+00 8.303727e-01) (-2.539582e-01 1.940535e-04 -9.396998e-04))
500.87        	((6.339179e+00 1.154311e+03 -2.744280e+02) (4.202900e-03 5.975743e+00 -3.381891e-01)) ((-8.708315e+01 -2.147684e+00 9.176454e-01) (-2.367477e-01 -1.871915e-04 -1.013629e-03))
500.88        	((6.745445e+00 1.157721e+03 -2.663226e+02) (4.900293e-03 5.974388e+00 -3.062886e-01)) ((-8.683987e+01 -2.312023e+00 1.009355e+00) (-2.210826e-01 -2.585982e-04 -1.170385e-03))
500.89        	((7.089926e+00 1.160040e+03 -2.580191e+02) (5.842473e-03 5.980757e+00 -2.720642e-01)) ((-8.631728e+01 -2.437432e+00 1.091731e+00) (-2.062533e-01 -4.112251e-04 -1.438555e-03))
500.9         	((7.335911e+00 1.161856e+03 -2.496786e+02) (5.919249e-03 5.997298e+00 -2.367623e-01)) ((-8.584028e+01 -2.531275e+00 1.145640e+00) (-1.902821e-01 -4.841610e-04 -1.098525e-03))
500.91        	((7.583117e+00 1.163270e+03 -2.414928e+02) (7.337469e-03 6.022658e+00 -2.003396e-01)) ((-8.550970e+01 -2.631609e+00 1.188513e+00) (-1.746494e-01 -4.369773e-04 -1.309702e-03))
500.92        	((7.771772e+00 1.163668e+03 -2.333915e+02) (8.225523e-03 6.054170e+00 -1.637899e-01)) ((-8.508259e+01 -2.731067e+00 1.226919e+00) (-1.603323e-01 -6.109929e-04 -1.461761e-03))
500.93        	((7.841635e+00 1.162628e+03 -2.252941e+02) (9.451907e-03 6.093692e+00 -1.273980e-01)) ((-8.433972e+01 -2.785069e+00 1.265271e+00) (-1.470625e-01 -7.361162e-04 -1.523837e-03))
500.94        	((7.773678e+00 1.160152e+03 -2.171184e+02) (1.044288e-02 6.138511e+00 -9.246140e-02)) ((-8.331849e+01 -2.783847e+00 1.290517e+00) (-1.346846e-01 -1.067509e-03 -1.515640e-03))
500.95        	((7.599880e+00 1.156562e+03 -2.090465e+02) (1.120589e-02 6.189774e+00 -5.752895e-02)) ((-8.215283e+01 -2.742960e+00 1.296046e+00) (-1.227529e-01 -1.147972e-03 -1.600174e-03))
500.96        	((7.314644e+00 1.152094e+03 -2.011673e+02) (1.179135e-02 6.244894e+00 -2.386068e-02)) ((-8.099450e+01 -2.671494e+00 1.280846e+00) (-1.115568e-01 -1.252627e-03 -1.717060e-03))
500.97        	((6.863943e+00 1.146824e+03 -1.936267e+02) (1.335594e-02 6.304375e+00 1.010883e-02)) ((-7.983836e+01 -2.559535e+00 1.248010e+00) (-1.008517e-01 -1.515133e-03 -1.769489e-03))
500.98        	((6.287736e+00 1.140627e+03 -1.866412e+02) (1.351159e-02 6.367424e+00 4.423923e-02)) ((-7.856365e+01 -2.412641e+00 1.192613e+00) (-9.048651e-02 -1.514996e-03 -1.861781e-03))
500.99        	((5.587440e+00 1.133734e+03 -1.801314e+02) (1.355534e-02 6.432764e+00 7.787465e-02)) ((-7.721075e+01 -2.219012e+00 1.119956e+00) (-8.072056e-02 -1.547963e-03 -1.881439e-03))
501           	((4.805185e+00 1.126424e+03 -1.741590e+02) (1.363960e-02 6.500185e+00 1.113475e-01)) ((-7.583325e+01 -1.980748e+00 1.027702e+00) (-7.129388e-02 -1.643476e-03 -1.905744e-03))
501.01        	((3.942784e+00 1.118823e+03 -1.688108e+02) (1.342399e-02 6.569115e+00 1.441453e-01)) ((-7.447706e+01 -1.716670e+00 9.194877e-01) (-6.248134e-02 -1.646017e-03 -1.968644e-03))
501.02        	((2.928473e+00 1.111194e+03 -1.642395e+02) (1.292116e-02 6.638395e+00 1.755609e-01)) ((-7.320790e+01 -1.439390e+00 8.013620e-01) (-5.438952e-02 -1.613081e-03 -2.003174e-03))
501.03        	((1.797044e+00 1.103525e+03 -1.604986e+02) (1.211395e-02 6.707314e+00 2.055425e-01)) ((-7.199759e+01 -1.153273e+00 6.765265e-01) (-4.710651e-02 -1.505253e-03 -2.061407e-03))
501.04        	((6.071586e-01 1.095774e+03 -1.575795e+02) (1.125601e-02 6.775006e+00 2.336063e-01)) ((-7.079063e+01 -8.592267e-01 5.442834e-01) (-4.065864e-02 -1.400945e-03 -2.108947e-03))
501.05        	((-6.248355e-01 1.087812e+03 -1.553328e+02) (1.006364e-02 6.840677e+00 2.594874e-01)) ((-6.957770e+01 -5.559347e-01 4.046001e-01) (-3.514909e-02 -1.218885e-03 -2.155340e-03))
501.06        	((-1.859229e+00 1.079965e+03 -1.538899e+02) (8.502937e-03 6.903793e+00 2.829661e-01)) ((-6.837725e+01 -2.526895e-01 2.633544e-01) (-3.047906e-02 -9.976270e-04 -2.196986e-03))
501.07        	((-3.061023e+00 1.072555e+03 -1.533557e+02) (6.682512e-03 6.964043e+00 3.036768e-01)) ((-6.725626e+01 3.780561e-02 1.286860e-01) (-2.647795e-02 -7.205089e-04 -2.292607e-03))
501.08        	((-4.214899e+00 1.065776e+03 -1.537691e+02) (4.665349e-03 7.020844e+00 3.211187e-01)) ((-6.627357e+01 3.044552e-01 6.960367e-03) (-2.297414e-02 -4.204376e-04 -2.427973e-03))
501.09        	((-5.289839e+00 1.059664e+03 -1.550681e+02) (2.466329e-03 7.074034e+00 3.349830e-01)) ((-6.542461e+01 5.486431e-01 -1.037420e-01) (-2.002568e-02 -1.262578e-04 -2.514684e-03))
501.1         	((-6.245194e+00 1.054108e+03 -1.571561e+02) (1.656295e-04 7.123812e+00 3.452672e-01)) ((-6.467016e+01 7.658110e-01 -2.050446e-01) (-1.742610e-02 1.479841e-04 -2.549538e-03))
501.11        	((-7.073020e+00 1.049054e+03 -1.599231e+02) (-2.186324e-03 7.169862e+00 3.521537e-01)) ((-6.398375e+01 9.482448e-01 -2.939711e-01) (-1.519947e-02 3.519916e-04 -2.519630e-03))
501.12        	((-7.755079e+00 1.044545e+03 -1.632604e+02) (-4.583521e-03 7.211354e+00 3.546168e-01)) ((-6.337952e+01 1.090188e+00 -3.677120e-01) (-1.329475e-02 5.381459e-04 -2.445934e-03))
501.13        	((-8.281789e+00 1.040709e+03 -1.671259e+02) (-6.796484e-03 7.248787e+00 3.535749e-01)) ((-6.288810e+01 1.188830e+00 -4.202830e-01) (-1.147973e-02 6.692621e-04 -2.405890e-03))
501.14        	((-8.628278e+00 1.037619e+03 -1.714453e+02) (-9.153743e-03 7.281911e+00 3.483886e-01)) ((-6.254342e+01 1.243486e+00 -4.497965e-01) (-9.832488e-03 7.552725e-04 -2.322232e-03))
501.15        	((-8.792450e+00 1.035308e+03 -1.761710e+02) (-1.123627e-02 7.311095e+00 3.396028e-01)) ((-6.234515e+01 1.256903e+00 -4.571379e-01) (-8.192564e-03 7.267709e-04 -2.238148e-03))
501.16        	((-8.766457e+00 1.033712e+03 -1.811857e+02) (-1.333260e-02 7.336220e+00 3.267635e-01)) ((-6.226940e+01 1.226862e+00 -4.431782e-01) (-6.591281e-03 6.465650e-04 -2.116775e-03))
501.17        	((-8.552958e+00 1.032757e+03 -1.863732e+02) (-1.518808e-02 7.357448e+00 3.103945e-01)) ((-6.229457e+01 1.152574e+00 -4.079060e-01) (-4.974553e-03 4.742088e-04 -1.936763e-03))
501.18        	((-8.148771e+00 1.032366e+03 -1.916063e+02) (-1.700526e-02 7.374795e+00 2.904867e-01)) ((-6.241290e+01 1.038543e+00 -3.547900e-01) (-3.248299e-03 3.087804e-04 -1.731230e-03))
501.19        	((-7.565136e+00 1.032496e+03 -1.968029e+02) (-1.825849e-02 7.388788e+00 2.676314e-01)) ((-6.262549e+01 8.912541e-01 -2.869277e-01) (-1.324327e-03 1.206513e-04 -1.559620e-03))
501.2         	((-6.808840e+00 1.033111e+03 -2.018869e+02) (-1.934859e-02 7.399863e+00 2.418661e-01)) ((-6.293550e+01 7.140933e-01 -2.063537e-01) (7.662747e-04 -4.999037e-05 -1.385799e-03))
501.21        	((-5.904616e+00 1.034192e+03 -2.068128e+02) (-1.978369e-02 7.408657e+00 2.138374e-01)) ((-6.334041e+01 5.107178e-01 -1.135368e-01) (3.042947e-03 -2.635959e-04 -1.241483e-03))
501.22        	((-4.871168e+00 1.035666e+03 -2.115121e+02) (-2.007550e-02 7.415634e+00 1.837454e-01)) ((-6.382132e+01 2.877606e-01 -1.172005e-02) (5.466139e-03 -4.632632e-04 -1.067504e-03))
501.23        	((-3.737466e+00 1.037462e+03 -2.159213e+02) (-1.967278e-02 7.421501e+00 1.523674e-01)) ((-6.435358e+01 5.431581e-02 9.419082e-02) (8.085929e-03 -6.587759e-04 -9.317869e-04))
501.24        	((-2.560865e+00 1.039534e+03 -2.199975e+02) (-1.914202e-02 7.426702e+00 1.198338e-01)) ((-6.492466e+01 -1.756791e-01 1.948266e-01) (1.080703e-02 -8.187273e-04 -7.781634e-04))
501.25        	((-1.316870e+00 1.041885e+03 -2.237056e+02) (-1.810305e-02 7.431902e+00 8.689277e-02)) ((-6.553004e+01 -3.968925e-01 2.896666e-01) (1.366370e-02 -9.586280e-04 -6.614574e-04))
501.26        	((9.117356e-03 1.044543e+03 -2.269201e+02) (-1.687025e-02 7.437468e+00 5.351341e-02)) ((-6.619877e+01 -6.039500e-01 3.771284e-01) (1.648256e-02 -1.073199e-03 -5.398894e-04))
501.27        	((1.376158e+00 1.047425e+03 -2.297488e+02) (-1.530097e-02 7.443356e+00 1.966129e-02)) ((-6.691331e+01 -8.004524e-01 4.563449e-01) (1.913386e-02 -1.232391e-03 -4.090630e-04))
501.28        	((2.745916e+00 1.050459e+03 -2.322802e+02) (-1.356491e-02 7.450931e+00 -1.270704e-02)) ((-6.764229e+01 -9.879128e-01 5.265503e-01) (2.194574e-02 -1.385852e-03 -2.657588e-04))
501.29        	((4.074237e+00 1.053582e+03 -2.345034e+02) (-1.152503e-02 7.459303e+00 -4.370802e-02)) ((-6.834995e+01 -1.161817e+00 5.864846e-01) (2.477814e-02 -1.579355e-03 -9.984172e-05))
501.3         	((5.335470e+00 1.056731e+03 -2.363110e+02) (-9.372865e-03 7.469173e+00 -7.383145e-02)) ((-6.901407e+01 -1.315326e+00 6.346351e-01) (2.748036e-02 -1.764395e-03 8.476173e-05))
501.31        	((6.514406e+00 1.059943e+03 -2.376976e+02) (-7.004272e-03 7.480876e+00 -1.023645e-01)) ((-6.964256e+01 -1.448308e+00 6.695547e-01) (3.008626e-02 -1.925600e-03 2.477742e-04))
501.32        	((7.597659e+00 1.063197e+03 -2.386828e+02) (-4.468345e-03 7.494608e+00 -1.288621e-01)) ((-7.024900e+01 -1.562086e+00 6.921270e-01) (3.258238e-02 -2.058528e-03 3.859805e-04))
501.33        	((8.587920e+00 1.066497e+03 -2.393483e+02) (-1.846084e-03 7.510432e+00 -1.531411e-01)) ((-7.083037e+01 -1.661826e+00 7.058354e-01) (3.496818e-02 -2.158163e-03 5.137581e-04))
501.34        	((9.455949e+00 1.069768e+03 -2.396750e+02) (8.592013e-04 7.529210e+00 -1.751447e-01)) ((-7.139041e+01 -1.746924e+00 7.113843e-01) (3.716238e-02 -2.236296e-03 6.374532e-04))
501.35        	((1.017407e+01 1.072932e+03 -2.396597e+02) (3.655450e-03 7.550045e+00 -1.947583e-01)) ((-7.192127e+01 -1.812940e+00 7.076692e-01) (3.905222e-02 -2.319932e-03 7.609058e-04))
501.36        	((1.073820e+01 1.075930e+03 -2.393198e+02) (6.204391e-03 7.573162e+00 -2.118195e-01)) ((-7.240086e+01 -1.857924e+00 6.968112e-01) (4.068203e-02 -2.291621e-03 8.884828e-04))
501.37        	((1.115561e+01 1.078722e+03 -2.386896e+02) (8.552131e-03 7.598467e+00 -2.262947e-01)) ((-7.282375e+01 -1.886947e+00 6.795625e-01) (4.203858e-02 -2.115837e-03 9.958397e-04))
501.38        	((1.143229e+01 1.081303e+03 -2.378045e+02) (1.113733e-02 7.625885e+00 -2.381416e-01)) ((-7.319037e+01 -1.904561e+00 6.518167e-01) (4.318801e-02 -1.979919e-03 1.121314e-03))
501.39        	((1.156072e+01 1.083683e+03 -2.367024e+02) (1.372947e-02 7.654867e+00 -2.473696e-01)) ((-7.351394e+01 -1.907983e+00 6.116516e-01) (4.422044e-02 -1.848720e-03 1.434014e-03))
501.4         	((1.150353e+01 1.085865e+03 -2.353911e+02) (1.637445e-02 7.686141e+00 -2.539271e-01)) ((-7.379692e+01 -1.884090e+00 5.627633e-01) (4.476852e-02 -1.567060e-03 1.293666e-03))
501.41        	((1.127183e+01 1.087828e+03 -2.339076e+02) (1.843535e-02 7.719092e+00 -2.579673e-01)) ((-7.403102e+01 -1.827883e+00 5.195508e-01) (4.501937e-02 -1.454899e-03 7.876518e-04))
501.42        	((1.090133e+01 1.089547e+03 -2.322637e+02) (1.992452e-02 7.755277e+00 -2.596549e-01)) ((-7.420104e+01 -1.751755e+00 4.794994e-01) (4.442119e-02 -1.364995e-03 8.182974e-04))
501.43        	((1.038712e+01 1.090983e+03 -2.304922e+02) (2.151408e-02 7.793090e+00 -2.589818e-01)) ((-7.430943e+01 -1.665537e+00 4.282007e-01) (4.350459e-02 -1.132975e-03 7.928431e-04))
501.44        	((9.714479e+00 1.092128e+03 -2.286155e+02) (2.295374e-02 7.832854e+00 -2.560157e-01)) ((-7.436848e+01 -1.566872e+00 3.647745e-01) (4.219833e-02 -8.077208e-04 6.317021e-04))
501.45        	((8.890038e+00 1.092987e+03 -2.266513e+02) (2.422532e-02 7.873811e+00 -2.508975e-01)) ((-7.439089e+01 -1.446005e+00 2.952010e-01) (4.050447e-02 -6.175455e-04 5.258684e-04))
501.46        	((7.933615e+00 1.093573e+03 -2.246101e+02) (2.504073e-02 7.916348e+00 -2.439666e-01)) ((-7.437060e+01 -1.302384e+00 2.247635e-01) (3.837645e-02 -3.554374e-04 3.876751e-04))
501.47        	((6.837669e+00 1.093873e+03 -2.225224e+02) (2.562250e-02 7.959848e+00 -2.353195e-01)) ((-7.430074e+01 -1.135828e+00 1.501770e-01) (3.586368e-02 -9.799073e-05 2.807460e-04))
501.48        	((5.627877e+00 1.093880e+03 -2.204025e+02) (2.574646e-02 8.004351e+00 -2.252874e-01)) ((-7.417592e+01 -9.532337e-01 7.182571e-02) (3.308717e-02 2.114431e-04 1.553040e-04))
501.49        	((4.330960e+00 1.093581e+03 -2.182674e+02) (2.552061e-02 8.049334e+00 -2.139270e-01)) ((-7.400676e+01 -7.600028e-01 -9.182193e-03) (3.002232e-02 5.215592e-04 2.117689e-06))
501.5         	((2.971876e+00 1.093019e+03 -2.161538e+02) (2.495243e-02 8.094805e+00 -2.015238e-01)) ((-7.380416e+01 -5.578957e-01 -9.266198e-02) (2.678687e-02 8.245906e-04 -1.794753e-04))
501.51        	((1.563909e+00 1.092200e+03 -2.140828e+02) (2.403356e-02 8.140354e+00 -1.881688e-01)) ((-7.357938e+01 -3.472045e-01 -1.772834e-01) (2.328022e-02 1.103916e-03 -3.644258e-04))
501.52        	((1.222499e-01 1.091158e+03 -2.120901e+02) (2.275000e-02 8.186003e+00 -1.741945e-01)) ((-7.333220e+01 -1.293745e-01 -2.611015e-01) (1.965076e-02 1.362109e-03 -5.358382e-04))
501.53        	((-1.336128e+00 1.089894e+03 -2.102032e+02) (2.110887e-02 8.231293e+00 -1.596712e-01)) ((-7.306647e+01 9.354451e-02 -3.430465e-01) (1.585803e-02 1.604895e-03 -6.998670e-04))
501.54        	((-2.797334e+00 1.088435e+03 -2.084519e+02) (1.912871e-02 8.276147e+00 -1.449564e-01)) ((-7.277911e+01 3.185851e-01 -4.225860e-01) (1.202841e-02 1.832912e-03 -8.632414e-04))
501.55        	((-4.238744e+00 1.086799e+03 -2.068506e+02) (1.684121e-02 8.320214e+00 -1.301174e-01)) ((-7.248020e+01 5.417705e-01 -4.986765e-01) (8.078114e-03 2.040259e-03 -1.030521e-03))
501.56        	((-5.639469e+00 1.085034e+03 -2.054220e+02) (1.423539e-02 8.363419e+00 -1.154927e-01)) ((-7.217334e+01 7.602996e-01 -5.702678e-01) (4.167274e-03 2.215970e-03 -1.180092e-03))
501.57        	((-6.983387e+00 1.083165e+03 -2.041841e+02) (1.140575e-02 8.405392e+00 -1.011279e-01)) ((-7.186856e+01 9.709491e-01 -6.362043e-01) (2.561959e-04 2.389821e-03 -1.339799e-03))
501.58        	((-8.258123e+00 1.081226e+03 -2.031527e+02) (8.403426e-03 8.446162e+00 -8.727192e-02)) ((-7.156258e+01 1.172406e+00 -6.957876e-01) (-3.469029e-03 2.583645e-03 -1.521127e-03))
501.59        	((-9.449074e+00 1.079234e+03 -2.023424e+02) (5.224703e-03 8.485396e+00 -7.403997e-02)) ((-7.126361e+01 1.365417e+00 -7.494069e-01) (-7.153097e-03 2.746189e-03 -1.693302e-03))
501.6         	((-1.054278e+01 1.077235e+03 -2.017644e+02) (1.885082e-03 8.523295e+00 -6.174921e-02)) ((-7.097338e+01 1.548582e+00 -7.974657e-01) (-1.069173e-02 2.877397e-03 -1.853248e-03))
501.61        	((-1.152741e+01 1.075260e+03 -2.014180e+02) (-1.531704e-03 8.559480e+00 -5.042441e-02)) ((-7.069974e+01 1.720075e+00 -8.400487e-01) (-1.417188e-02 2.975618e-03 -1.999900e-03))
501.62        	((-1.239339e+01 1.073333e+03 -2.012951e+02) (-5.034175e-03 8.594136e+00 -4.030447e-02)) ((-7.043824e+01 1.877088e+00 -8.763908e-01) (-1.741845e-02 3.060214e-03 -2.145576e-03))
501.63        	((-1.313546e+01 1.071476e+03 -2.013864e+02) (-8.506640e-03 8.626949e+00 -3.135888e-02)) ((-7.019376e+01 2.018759e+00 -9.061602e-01) (-2.053539e-02 3.096647e-03 -2.280242e-03))
501.64        	((-1.374722e+01 1.069732e+03 -2.016890e+02) (-1.198497e-02 8.658037e+00 -2.379448e-02)) ((-6.997394e+01 2.143775e+00 -9.284051e-01) (-2.341418e-02 3.109364e-03 -2.399859e-03))
501.65        	((-1.421451e+01 1.068126e+03 -2.021937e+02) (-1.550058e-02 8.687468e+00 -1.757646e-02)) ((-6.977814e+01 2.246333e+00 -9.402983e-01) (-2.600628e-02 3.132454e-03 -2.502829e-03))
501.66        	((-1.453684e+01 1.066669e+03 -2.028822e+02) (-1.890336e-02 8.715142e+00 -1.285928e-02)) ((-6.961043e+01 2.327290e+00 -9.432850e-01) (-2.832849e-02 3.133202e-03 -2.580088e-03))
501.67        	((-1.471796e+01 1.065367e+03 -2.037325e+02) (-2.216413e-02 8.741041e+00 -9.655640e-03)) ((-6.947294e+01 2.389218e+00 -9.391774e-01) (-3.043052e-02 3.105952e-03 -2.647071e-03))
501.68        	((-1.475739e+01 1.064234e+03 -2.047250e+02) (-2.531421e-02 8.765317e+00 -7.934430e-03)) ((-6.936444e+01 2.431231e+00 -9.268733e-01) (-3.227718e-02 3.066999e-03 -2.699881e-03))
501.69        	((-1.465583e+01 1.063284e+03 -2.058437e+02) (-2.830650e-02 8.788108e+00 -7.705869e-03)) ((-6.928439e+01 2.452600e+00 -9.054981e-01) (-3.384867e-02 3.018629e-03 -2.724974e-03))
501.7         	((-1.441818e+01 1.062524e+03 -2.070669e+02) (-3.108900e-02 8.809506e+00 -8.939882e-03)) ((-6.923193e+01 2.454275e+00 -8.757435e-01) (-3.516450e-02 2.940343e-03 -2.717914e-03))
501.71        	((-1.403945e+01 1.061964e+03 -2.083699e+02) (-3.360664e-02 8.829637e+00 -1.155342e-02)) ((-6.920558e+01 2.436694e+00 -8.386245e-01) (-3.624823e-02 2.830664e-03 -2.675263e-03))
501.72        	((-1.354885e+01 1.061591e+03 -2.097269e+02) (-3.592321e-02 8.848630e+00 -1.546492e-02)) ((-6.920527e+01 2.400872e+00 -7.951366e-01) (-3.710319e-02 2.697239e-03 -2.605457e-03))
501.73        	((-1.296671e+01 1.061395e+03 -2.111144e+02) (-3.801131e-02 8.866626e+00 -2.058096e-02)) ((-6.923152e+01 2.348786e+00 -7.461636e-01) (-3.775143e-02 2.538788e-03 -2.504834e-03))
501.74        	((-1.229660e+01 1.061379e+03 -2.125131e+02) (-3.984615e-02 8.883771e+00 -2.677587e-02)) ((-6.928545e+01 2.282619e+00 -6.923301e-01) (-3.821631e-02 2.357690e-03 -2.376788e-03))
501.75        	((-1.153657e+01 1.061548e+03 -2.139066e+02) (-4.141474e-02 8.900237e+00 -3.391281e-02)) ((-6.936608e+01 2.204317e+00 -6.342093e-01) (-3.852222e-02 2.157210e-03 -2.218566e-03))
501.76        	((-1.069138e+01 1.061895e+03 -2.152770e+02) (-4.270290e-02 8.916199e+00 -4.184440e-02)) ((-6.947067e+01 2.115406e+00 -5.726667e-01) (-3.869504e-02 1.940472e-03 -2.032768e-03))
501.77        	((-9.774200e+00 1.062403e+03 -2.166074e+02) (-4.371046e-02 8.931822e+00 -5.043294e-02)) ((-6.959532e+01 2.016863e+00 -5.084985e-01) (-3.876621e-02 1.709795e-03 -1.821757e-03))
501.78        	((-8.806174e+00 1.063055e+03 -2.178758e+02) (-4.444830e-02 8.947244e+00 -5.953802e-02)) ((-6.973677e+01 1.910214e+00 -4.428134e-01) (-3.875944e-02 1.469523e-03 -1.588315e-03))
501.79        	((-7.782835e+00 1.063835e+03 -2.190701e+02) (-4.491609e-02 8.962595e+00 -6.901045e-02)) ((-6.989325e+01 1.794894e+00 -3.748693e-01) (-3.870088e-02 1.221064e-03 -1.330504e-03))
501.8         	((-6.728858e+00 1.064731e+03 -2.201802e+02) (-4.513394e-02 8.977998e+00 -7.869355e-02)) ((-7.006465e+01 1.675121e+00 -3.071755e-01) (-3.861563e-02 9.710183e-04 -1.053443e-03))
501.81        	((-5.667315e+00 1.065730e+03 -2.211951e+02) (-4.510940e-02 8.993577e+00 -8.843507e-02)) ((-7.024887e+01 1.555025e+00 -2.422249e-01) (-3.853201e-02 7.267803e-04 -7.619962e-04))
501.82        	((-4.615648e+00 1.066816e+03 -2.221052e+02) (-4.485366e-02 9.009436e+00 -9.808319e-02)) ((-7.044288e+01 1.436957e+00 -1.809529e-01) (-3.846711e-02 4.927319e-04 -4.607625e-04))
501.83        	((-3.582713e+00 1.067968e+03 -2.229037e+02) (-4.438545e-02 9.025673e+00 -1.074969e-01)) ((-7.064229e+01 1.321252e+00 -1.230670e-01) (-3.844093e-02 2.714419e-04 -1.525455e-04))
501.84        	((-2.576241e+00 1.069166e+03 -2.235846e+02) (-4.371712e-02 9.042368e+00 -1.165380e-01)) ((-7.084317e+01 1.208127e+00 -6.851074e-02) (-3.846720e-02 6.736481e-05 1.565066e-04))
501.85        	((-1.603544e+00 1.070397e+03 -2.241447e+02) (-4.287433e-02 9.059592e+00 -1.250846e-01)) ((-7.104378e+01 1.098872e+00 -1.767197e-02) (-3.856453e-02 -1.203490e-04 4.650582e-04))
501.86        	((-6.764562e-01 1.071644e+03 -2.245811e+02) (-4.187399e-02 9.077403e+00 -1.330367e-01)) ((-7.124173e+01 9.948457e-01 2.877594e-02) (-3.875687e-02 -2.860317e-04 7.680084e-04))
501.87        	((1.934597e-01 1.072893e+03 -2.248950e+02) (-4.074094e-02 9.095825e+00 -1.402951e-01)) ((-7.143450e+01 8.968503e-01 7.053789e-02) (-3.905279e-02 -4.294495e-04 1.063605e-03))
501.88        	((9.951776e-01 1.074123e+03 -2.250845e+02) (-3.950152e-02 9.114874e+00 -1.467753e-01)) ((-7.161873e+01 8.055742e-01 1.071814e-01) (-3.945664e-02 -5.498928e-04 1.350411e-03))
501.89        	((1.719862e+00 1.075319e+03 -2.251505e+02) (-3.817454e-02 9.134566e+00 -1.524093e-01)) ((-7.179192e+01 7.219896e-01 1.382131e-01) (-3.997698e-02 -6.481405e-04 1.624681e-03))
501.9         	((2.365372e+00 1.076469e+03 -2.250991e+02) (-3.678586e-02 9.154882e+00 -1.571478e-01)) ((-7.195329e+01 6.465962e-01 1.637373e-01) (-4.061874e-02 -7.237228e-04 1.882646e-03))
501.91        	((2.928648e+00 1.077561e+03 -2.249346e+02) (-3.535789e-02 9.175809e+00 -1.609488e-01)) ((-7.210097e+01 5.797568e-01 1.839069e-01) (-4.138429e-02 -7.754423e-04 2.122403e-03))
501.92        	((3.406828e+00 1.078582e+03 -2.246640e+02) (-3.391347e-02 9.197325e+00 -1.637919e-01)) ((-7.223293e+01 5.217524e-01 1.988340e-01) (-4.227910e-02 -8.032287e-04 2.342422e-03))
501.93        	((3.798359e+00 1.079522e+03 -2.242946e+02) (-3.246894e-02 9.219389e+00 -1.656621e-01)) ((-7.234780e+01 4.729969e-01 2.084143e-01) (-4.330133e-02 -8.055875e-04 2.539115e-03))
501.94        	((4.102762e+00 1.080374e+03 -2.238339e+02) (-3.104190e-02 9.241954e+00 -1.665627e-01)) ((-7.244450e+01 4.336615e-01 2.127719e-01) (-4.444821e-02 -7.827792e-04 2.710222e-03))
501.95        	((4.321327e+00 1.081132e+03 -2.232910e+02) (-2.964990e-02 9.264976e+00 -1.665168e-01)) ((-7.252213e+01 4.033416e-01 2.122041e-01) (-4.571806e-02 -7.354985e-04 2.854324e-03))
501.96        	((4.456097e+00 1.081791e+03 -2.226766e+02) (-2.828010e-02 9.288407e+00 -1.655521e-01)) ((-7.257954e+01 3.819382e-01 2.067709e-01) (-4.710583e-02 -6.785716e-04 2.972106e-03))
501.97        	((4.511179e+00 1.082346e+03 -2.220026e+02) (-2.699406e-02 9.312153e+00 -1.637173e-01)) ((-7.261666e+01 3.690182e-01 1.967698e-01) (-4.861794e-02 -5.893374e-04 3.062012e-03))
501.98        	((4.491170e+00 1.082795e+03 -2.212814e+02) (-2.577857e-02 9.336166e+00 -1.610699e-01)) ((-7.263370e+01 3.640417e-01 1.826722e-01) (-5.024117e-02 -4.818179e-04 3.123810e-03))
501.99        	((4.401926e+00 1.083138e+03 -2.205240e+02) (-2.466812e-02 9.360375e+00 -1.576707e-01)) ((-7.263068e+01 3.665637e-01 1.651351e-01) (-5.197038e-02 -3.594244e-04 3.162525e-03))
502           	((4.249452e+00 1.083378e+03 -2.197414e+02) (-2.366228e-02 9.384704e+00 -1.535977e-01)) ((-7.260896e+01 3.759319e-01 1.446973e-01) (-5.379665e-02 -2.224388e-04 3.176879e-03))
502.01        	((4.039624e+00 1.083518e+03 -2.189460e+02) (-2.275311e-02 9.409082e+00 -1.489176e-01)) ((-7.257007e+01 3.911538e-01 1.217098e-01) (-5.570694e-02 -7.246840e-05 3.165931e-03))
502.02        	((3.779297e+00 1.083566e+03 -2.181504e+02) (-2.195100e-02 9.433437e+00 -1.437015e-01)) ((-7.251541e+01 4.112329e-01 9.655463e-02) (-5.769001e-02 8.750273e-05 3.131680e-03))
502.03        	((3.476048e+00 1.083525e+03 -2.173672e+02) (-2.125746e-02 9.457699e+00 -1.380297e-01)) ((-7.244623e+01 4.352998e-01 6.973956e-02) (-5.973241e-02 2.574748e-04 3.073310e-03))
502.04        	((3.138431e+00 1.083403e+03 -2.166079e+02) (-2.069259e-02 9.481808e+00 -1.319990e-01)) ((-7.236427e+01 4.630161e-01 4.191177e-02) (-6.182824e-02 4.274171e-04 3.000915e-03))
502.05        	((2.774535e+00 1.083207e+03 -2.158837e+02) (-2.025666e-02 9.505690e+00 -1.257044e-01)) ((-7.227132e+01 4.938354e-01 1.360928e-02) (-6.396458e-02 5.952203e-04 2.915996e-03))
502.06        	((2.391399e+00 1.082942e+03 -2.152013e+02) (-1.994506e-02 9.529274e+00 -1.192384e-01)) ((-7.216831e+01 5.269082e-01 -1.498436e-02) (-6.612579e-02 7.587754e-04 2.820003e-03))
502.07        	((1.995755e+00 1.082624e+03 -2.145709e+02) (-1.974934e-02 9.552499e+00 -1.126923e-01)) ((-7.205800e+01 5.614230e-01 -4.356455e-02) (-6.829807e-02 9.171404e-04 2.713437e-03))
502.08        	((1.593415e+00 1.082260e+03 -2.139977e+02) (-1.966135e-02 9.575304e+00 -1.061511e-01)) ((-7.194224e+01 5.966117e-01 -7.185125e-02) (-7.046727e-02 1.067167e-03 2.598396e-03))
502.09        	((1.190808e+00 1.081861e+03 -2.134902e+02) (-1.966300e-02 9.597644e+00 -9.969572e-02)) ((-7.182322e+01 6.317987e-01 -9.953459e-02) (-7.262056e-02 1.207868e-03 2.475036e-03))
502.1         	((7.932618e-01 1.081438e+03 -2.130551e+02) (-1.973937e-02 9.619471e+00 -9.340346e-02)) ((-7.170345e+01 6.666434e-01 -1.263898e-01) (-7.474384e-02 1.333042e-03 2.347121e-03))
502.11        	((4.052282e-01 1.081001e+03 -2.126935e+02) (-1.989244e-02 9.640730e+00 -8.734426e-02)) ((-7.158444e+01 7.008715e-01 -1.521733e-01) (-7.682500e-02 1.447129e-03 2.215707e-03))
502.12        	((3.126855e-02 1.080564e+03 -2.124083e+02) (-2.012074e-02 9.661389e+00 -8.158493e-02)) ((-7.146817e+01 7.340438e-01 -1.766021e-01) (-7.885269e-02 1.552083e-03 2.081531e-03))
502.13        	((-3.247568e-01 1.080137e+03 -2.122014e+02) (-2.040604e-02 9.681429e+00 -7.618690e-02)) ((-7.135660e+01 7.656483e-01 -1.993509e-01) (-8.081892e-02 1.644113e-03 1.945168e-03))
502.14        	((-6.609883e-01 1.079727e+03 -2.120710e+02) (-2.073620e-02 9.700830e+00 -7.119986e-02)) ((-7.125037e+01 7.950833e-01 -2.201451e-01) (-8.271179e-02 1.721837e-03 1.809922e-03))
502.15        	((-9.748953e-01 1.079345e+03 -2.120167e+02) (-2.110527e-02 9.719583e+00 -6.666871e-02)) ((-7.115045e+01 8.218585e-01 -2.387689e-01) (-8.452515e-02 1.785592e-03 1.676928e-03))
502.16        	((-1.264339e+00 1.079000e+03 -2.120361e+02) (-2.151157e-02 9.737688e+00 -6.262825e-02)) ((-7.105849e+01 8.457052e-01 -2.549669e-01) (-8.625148e-02 1.837239e-03 1.548948e-03))
502.17        	((-1.528244e+00 1.078699e+03 -2.121242e+02) (-2.194232e-02 9.755148e+00 -5.910565e-02)) ((-7.097570e+01 8.664605e-01 -2.686043e-01) (-8.788719e-02 1.877171e-03 1.425382e-03))
502.18        	((-1.766205e+00 1.078450e+03 -2.122760e+02) (-2.239301e-02 9.771972e+00 -5.611895e-02)) ((-7.090375e+01 8.839208e-01 -2.795779e-01) (-8.942932e-02 1.904908e-03 1.308747e-03))
502.19        	((-1.978578e+00 1.078257e+03 -2.124857e+02) (-2.286188e-02 9.788184e+00 -5.367595e-02)) ((-7.084281e+01 8.981019e-01 -2.877535e-01) (-9.087728e-02 1.918561e-03 1.201642e-03))
502.2         	((-2.165644e+00 1.078127e+03 -2.127479e+02) (-2.334596e-02 9.803810e+00 -5.177313e-02)) ((-7.079282e+01 9.089687e-01 -2.929625e-01) (-9.223027e-02 1.917257e-03 1.106597e-03))
502.21        	((-2.328333e+00 1.078060e+03 -2.130551e+02) (-2.383930e-02 9.818886e+00 -5.040182e-02)) ((-7.075324e+01 9.163942e-01 -2.951978e-01) (-9.348988e-02 1.900717e-03 1.024084e-03))
502.22        	((-2.467458e+00 1.078059e+03 -2.133994e+02) (-2.434118e-02 9.833446e+00 -4.954536e-02)) ((-7.072433e+01 9.202148e-01 -2.945172e-01) (-9.465853e-02 1.869852e-03 9.554256e-04))
502.23        	((-2.584214e+00 1.078125e+03 -2.137728e+02) (-2.484899e-02 9.847532e+00 -4.917745e-02)) ((-7.070675e+01 9.203557e-01 -2.909259e-01) (-9.574181e-02 1.824341e-03 9.013827e-04))
502.24        	((-2.679693e+00 1.078259e+03 -2.141671e+02) (-2.536208e-02 9.861187e+00 -4.926097e-02)) ((-7.070030e+01 9.168703e-01 -2.844145e-01) (-9.674318e-02 1.763165e-03 8.633970e-04))
502.25        	((-2.755262e+00 1.078458e+03 -2.145744e+02) (-2.587294e-02 9.874462e+00 -4.975301e-02)) ((-7.070424e+01 9.099304e-01 -2.750097e-01) (-9.766886e-02 1.687461e-03 8.403647e-04))
502.26        	((-2.812195e+00 1.078721e+03 -2.149870e+02) (-2.638295e-02 9.887411e+00 -5.060798e-02)) ((-7.071724e+01 8.996889e-01 -2.626842e-01) (-9.852793e-02 1.596081e-03 8.340139e-04))
502.27        	((-2.852266e+00 1.079045e+03 -2.153979e+02) (-2.688909e-02 9.900084e+00 -5.177690e-02)) ((-7.073916e+01 8.864500e-01 -2.475384e-01) (-9.932943e-02 1.490319e-03 8.436303e-04))
502.28        	((-2.876931e+00 1.079421e+03 -2.157967e+02) (-2.739058e-02 9.912526e+00 -5.321009e-02)) ((-7.076815e+01 8.703854e-01 -2.298564e-01) (-1.000813e-01 1.371189e-03 8.692182e-04))
502.29        	((-2.887476e+00 1.079845e+03 -2.161794e+02) (-2.788546e-02 9.924779e+00 -5.485392e-02)) ((-7.080407e+01 8.515356e-01 -2.098630e-01) (-1.007915e-01 1.239929e-03 9.099529e-04))
502.3         	((-2.885952e+00 1.080317e+03 -2.165400e+02) (-2.837271e-02 9.936891e+00 -5.665109e-02)) ((-7.084690e+01 8.300300e-01 -1.877023e-01) (-1.014686e-01 1.097506e-03 9.654064e-04))
502.31        	((-2.874194e+00 1.080828e+03 -2.168713e+02) (-2.885021e-02 9.948904e+00 -5.854408e-02)) ((-7.089529e+01 8.060247e-01 -1.633707e-01) (-1.021213e-01 9.455664e-04 1.034444e-03))
502.32        	((-2.852718e+00 1.081373e+03 -2.171689e+02) (-2.931575e-02 9.960857e+00 -6.047619e-02)) ((-7.094781e+01 7.799481e-01 -1.372370e-01) (-1.027578e-01 7.859844e-04 1.115850e-03))
502.33        	((-2.822620e+00 1.081942e+03 -2.174282e+02) (-2.976740e-02 9.972786e+00 -6.239139e-02)) ((-7.100285e+01 7.521432e-01 -1.095606e-01) (-1.033867e-01 6.201229e-04 1.208382e-03))
502.34        	((-2.785335e+00 1.082527e+03 -2.176461e+02) (-3.020353e-02 9.984720e+00 -6.423642e-02)) ((-7.105949e+01 7.228408e-01 -8.059117e-02) (-1.040140e-01 4.493500e-04 1.310772e-03))
502.35        	((-2.742405e+00 1.083122e+03 -2.178199e+02) (-3.062254e-02 9.996686e+00 -6.596104e-02)) ((-7.111684e+01 6.922657e-01 -5.057280e-02) (-1.046482e-01 2.758548e-04 1.421381e-03))
502.36        	((-2.694966e+00 1.083721e+03 -2.179487e+02) (-3.102295e-02 1.000871e+01 -6.752050e-02)) ((-7.117393e+01 6.607205e-01 -1.976629e-02) (-1.052965e-01 1.010285e-04 1.538940e-03))
502.37        	((-2.643888e+00 1.084317e+03 -2.180315e+02) (-3.140502e-02 1.002080e+01 -6.887422e-02)) ((-7.122952e+01 6.285081e-01 1.157138e-02) (-1.059646e-01 -7.459132e-05 1.662399e-03))
502.38        	((-2.589895e+00 1.084903e+03 -2.180677e+02) (-3.176863e-02 1.003299e+01 -6.998792e-02)) ((-7.128273e+01 5.959617e-01 4.313808e-02) (-1.066590e-01 -2.500935e-04 1.790762e-03))
502.39        	((-2.533833e+00 1.085473e+03 -2.180580e+02) (-3.211237e-02 1.004526e+01 -7.082857e-02)) ((-7.133306e+01 5.634195e-01 7.464341e-02) (-1.073824e-01 -4.238635e-04 1.922259e-03))
502.4         	((-2.476525e+00 1.086021e+03 -2.180038e+02) (-3.243591e-02 1.005785e+01 -7.136785e-02)) ((-7.137976e+01 5.312556e-01 1.057794e-01) (-1.081570e-01 -5.948975e-04 2.056233e-03))
502.41        	((-2.419304e+00 1.086545e+03 -2.179076e+02) (-3.274218e-02 1.007052e+01 -7.159010e-02)) ((-7.142259e+01 4.995237e-01 1.364244e-01) (-1.089627e-01 -7.630593e-04 2.192256e-03))
502.42        	((-2.363521e+00 1.087037e+03 -2.177712e+02) (-3.303232e-02 1.008326e+01 -7.148109e-02)) ((-7.146019e+01 4.682252e-01 1.665023e-01) (-1.098004e-01 -9.280041e-04 2.329604e-03))
502.43        	((-2.310498e+00 1.087493e+03 -2.175980e+02) (-3.330590e-02 1.009607e+01 -7.103579e-02)) ((-7.149202e+01 4.372910e-01 1.959671e-01) (-1.106741e-01 -1.087930e-03 2.466590e-03))
502.44        	((-2.261343e+00 1.087912e+03 -2.173921e+02) (-3.356248e-02 1.010894e+01 -7.025579e-02)) ((-7.151742e+01 4.067618e-01 2.247520e-01) (-1.115863e-01 -1.240888e-03 2.601513e-03))
502.45        	((-2.217233e+00 1.088291e+03 -2.171575e+02) (-3.380276e-02 1.012186e+01 -6.914614e-02)) ((-7.153671e+01 3.766098e-01 2.528018e-01) (-1.125353e-01 -1.386249e-03 2.733488e-03))
502.46        	((-2.179011e+00 1.088628e+03 -2.168981e+02) (-3.403176e-02 1.013460e+01 -6.772610e-02)) ((-7.154938e+01 3.469108e-01 2.800314e-01) (-1.135061e-01 -1.526028e-03 2.862707e-03))
502.47        	((-2.147181e+00 1.088922e+03 -2.166180e+02) (-3.425547e-02 1.014736e+01 -6.601066e-02)) ((-7.155485e+01 3.181427e-01 3.061806e-01) (-1.145194e-01 -1.663707e-03 2.990532e-03))
502.48        	((-2.121928e+00 1.089173e+03 -2.163219e+02) (-3.447023e-02 1.016011e+01 -6.401404e-02)) ((-7.155318e+01 2.910389e-01 3.308900e-01) (-1.155665e-01 -1.794998e-03 3.114498e-03))
502.49        	((-2.103157e+00 1.089381e+03 -2.160149e+02) (-3.467418e-02 1.017283e+01 -6.175636e-02)) ((-7.154474e+01 2.663497e-01 3.537702e-01) (-1.166443e-01 -1.916881e-03 3.232870e-03))
502.5         	((-2.090396e+00 1.089549e+03 -2.157018e+02) (-3.486865e-02 1.018550e+01 -5.925904e-02)) ((-7.152992e+01 2.449563e-01 3.744089e-01) (-1.177463e-01 -2.028265e-03 3.344913e-03))
502.51        	((-2.083745e+00 1.089679e+03 -2.153873e+02) (-3.505370e-02 1.019807e+01 -5.654594e-02)) ((-7.150936e+01 2.271534e-01 3.926515e-01) (-1.188631e-01 -2.127216e-03 3.449057e-03))
502.52        	((-2.083770e+00 1.089771e+03 -2.150758e+02) (-3.523288e-02 1.021052e+01 -5.364982e-02)) ((-7.148330e+01 2.127987e-01 4.085624e-01) (-1.199891e-01 -2.214865e-03 3.545447e-03))
502.53        	((-2.091086e+00 1.089831e+03 -2.147714e+02) (-3.540992e-02 1.022283e+01 -5.060366e-02)) ((-7.145205e+01 2.016067e-01 4.222689e-01) (-1.211195e-01 -2.292753e-03 3.634285e-03))
502.54        	((-2.105828e+00 1.089860e+03 -2.144787e+02) (-3.558975e-02 1.023496e+01 -4.744110e-02)) ((-7.141613e+01 1.935179e-01 4.338661e-01) (-1.222473e-01 -2.362572e-03 3.716802e-03))
502.55        	((-2.127080e+00 1.089863e+03 -2.142010e+02) (-3.577661e-02 1.024688e+01 -4.419898e-02)) ((-7.137586e+01 1.890112e-01 4.432057e-01) (-1.233713e-01 -2.426345e-03 3.794836e-03))
502.56        	((-2.154327e+00 1.089843e+03 -2.139414e+02) (-3.597063e-02 1.025858e+01 -4.091117e-02)) ((-7.133262e+01 1.882655e-01 4.501332e-01) (-1.244812e-01 -2.482373e-03 3.867394e-03))
502.57        	((-2.187073e+00 1.089807e+03 -2.137035e+02) (-3.617235e-02 1.027002e+01 -3.761216e-02)) ((-7.128737e+01 1.913902e-01 4.547293e-01) (-1.255724e-01 -2.529878e-03 3.933458e-03))
502.58        	((-2.225663e+00 1.089755e+03 -2.134882e+02) (-3.638733e-02 1.028119e+01 -3.433745e-02)) ((-7.124021e+01 1.976534e-01 4.572681e-01) (-1.266439e-01 -2.572459e-03 3.994824e-03))
502.59        	((-2.269793e+00 1.089694e+03 -2.132981e+02) (-3.660470e-02 1.029207e+01 -3.110861e-02)) ((-7.119174e+01 2.066743e-01 4.580769e-01) (-1.276816e-01 -2.599622e-03 4.045393e-03))
502.6         	((-2.318818e+00 1.089628e+03 -2.131361e+02) (-3.681822e-02 1.030264e+01 -2.795012e-02)) ((-7.114230e+01 2.182042e-01 4.572849e-01) (-1.286734e-01 -2.606236e-03 4.082087e-03))
502.61        	((-2.371898e+00 1.089554e+03 -2.130052e+02) (-3.704305e-02 1.031288e+01 -2.489945e-02)) ((-7.109060e+01 2.320820e-01 4.549459e-01) (-1.296196e-01 -2.604793e-03 4.112284e-03))
502.62        	((-2.427895e+00 1.089484e+03 -2.129026e+02) (-3.728100e-02 1.032282e+01 -2.198990e-02)) ((-7.104004e+01 2.481821e-01 4.512136e-01) (-1.305285e-01 -2.597433e-03 4.137336e-03))
502.63        	((-2.486177e+00 1.089428e+03 -2.128270e+02) (-3.752954e-02 1.033247e+01 -1.924120e-02)) ((-7.099290e+01 2.662394e-01 4.462801e-01) (-1.313996e-01 -2.582764e-03 4.156379e-03))
502.64        	((-2.546139e+00 1.089386e+03 -2.127785e+02) (-3.778403e-02 1.034181e+01 -1.666233e-02)) ((-7.094928e+01 2.858049e-01 4.403780e-01) (-1.322277e-01 -2.557212e-03 4.167267e-03))
502.65        	((-2.606985e+00 1.089358e+03 -2.127570e+02) (-3.804802e-02 1.035085e+01 -1.426074e-02)) ((-7.090862e+01 3.064325e-01 4.337405e-01) (-1.330064e-01 -2.524813e-03 4.172269e-03))
502.66        	((-2.667870e+00 1.089343e+03 -2.127611e+02) (-3.832767e-02 1.035962e+01 -1.207047e-02)) ((-7.087115e+01 3.277514e-01 4.265679e-01) (-1.337541e-01 -2.491098e-03 4.175122e-03))
502.67        	((-2.727785e+00 1.089346e+03 -2.127879e+02) (-3.864373e-02 1.036813e+01 -1.015817e-02)) ((-7.083801e+01 3.495547e-01 4.189937e-01) (-1.345176e-01 -2.474111e-03 4.186682e-03))
502.68        	((-2.786578e+00 1.089368e+03 -2.128351e+02) (-3.898691e-02 1.037639e+01 -8.476121e-03)) ((-7.080851e+01 3.710370e-01 4.114330e-01) (-1.352533e-01 -2.469135e-03 4.203357e-03))
502.69        	((-2.844007e+00 1.089411e+03 -2.129008e+02) (-3.934264e-02 1.038439e+01 -7.006063e-03)) ((-7.078258e+01 3.914955e-01 4.042251e-01) (-1.359409e-01 -2.466101e-03 4.219150e-03))
502.7         	((-2.899504e+00 1.089478e+03 -2.129834e+02) (-3.970671e-02 1.039216e+01 -5.743961e-03)) ((-7.076103e+01 4.107034e-01 3.975283e-01) (-1.365829e-01 -2.463074e-03 4.233225e-03))
502.71        	((-2.952184e+00 1.089569e+03 -2.130794e+02) (-4.007659e-02 1.039984e+01 -4.678307e-03)) ((-7.074397e+01 4.285313e-01 3.914075e-01) (-1.371979e-01 -2.459953e-03 4.245768e-03))
502.72        	((-3.000822e+00 1.089682e+03 -2.131852e+02) (-4.045072e-02 1.040730e+01 -3.802068e-03)) ((-7.073129e+01 4.449992e-01 3.858749e-01) (-1.377746e-01 -2.456642e-03 4.257211e-03))
502.73        	((-3.044709e+00 1.089819e+03 -2.132974e+02) (-4.082638e-02 1.041458e+01 -3.099965e-03)) ((-7.072317e+01 4.602539e-01 3.808363e-01) (-1.383161e-01 -2.453014e-03 4.267487e-03))
502.74        	((-3.083484e+00 1.089979e+03 -2.134132e+02) (-4.120154e-02 1.042169e+01 -2.555158e-03)) ((-7.072004e+01 4.741496e-01 3.763749e-01) (-1.388261e-01 -2.449540e-03 4.276892e-03))
502.75        	((-3.116390e+00 1.090159e+03 -2.135307e+02) (-4.157402e-02 1.042865e+01 -2.148469e-03)) ((-7.072102e+01 4.868411e-01 3.724668e-01) (-1.393076e-01 -2.446644e-03 4.286032e-03))
502.76        	((-3.142874e+00 1.090357e+03 -2.136476e+02) (-4.194133e-02 1.043548e+01 -1.860932e-03)) ((-7.072557e+01 4.983911e-01 3.690948e-01) (-1.397638e-01 -2.444649e-03 4.295112e-03))
502.77        	((-3.163012e+00 1.090574e+03 -2.137612e+02) (-4.230162e-02 1.044220e+01 -1.672347e-03)) ((-7.073324e+01 5.086827e-01 3.663055e-01) (-1.401979e-01 -2.443567e-03 4.304298e-03))
502.78        	((-3.176475e+00 1.090811e+03 -2.138710e+02) (-4.265332e-02 1.044883e+01 -1.561599e-03)) ((-7.074334e+01 5.179202e-01 3.639955e-01) (-1.406113e-01 -2.443454e-03 4.313901e-03))
502.79        	((-3.183491e+00 1.091061e+03 -2.139719e+02) (-4.299498e-02 1.045539e+01 -1.507649e-03)) ((-7.075549e+01 5.259974e-01 3.621961e-01) (-1.410087e-01 -2.444250e-03 4.323967e-03))
502.8         	((-3.184339e+00 1.091320e+03 -2.140609e+02) (-4.332529e-02 1.046189e+01 -1.487248e-03)) ((-7.076968e+01 5.329545e-01 3.608726e-01) (-1.413940e-01 -2.445710e-03 4.334628e-03))
502.81        	((-3.179290e+00 1.091586e+03 -2.141366e+02) (-4.364334e-02 1.046823e+01 -1.481427e-03)) ((-7.078598e+01 5.388896e-01 3.599809e-01) (-1.417592e-01 -2.447642e-03 4.345958e-03))
502.82        	((-3.168670e+00 1.091856e+03 -2.141989e+02) (-4.394809e-02 1.047454e+01 -1.465867e-03)) ((-7.080418e+01 5.438181e-01 3.595296e-01) (-1.421205e-01 -2.449986e-03 4.358000e-03))
502.83        	((-3.152985e+00 1.092131e+03 -2.142470e+02) (-4.423861e-02 1.048095e+01 -1.420203e-03)) ((-7.082357e+01 5.477817e-01 3.595062e-01) (-1.424925e-01 -2.452687e-03 4.370814e-03))
502.84        	((-3.132790e+00 1.092406e+03 -2.142802e+02) (-4.451747e-02 1.048733e+01 -1.331421e-03)) ((-7.084325e+01 5.509006e-01 3.598466e-01) (-1.428651e-01 -2.456852e-03 4.385631e-03))
502.85        	((-3.108734e+00 1.092680e+03 -2.142976e+02) (-4.478509e-02 1.049370e+01 -1.183316e-03)) ((-7.086262e+01 5.532393e-01 3.605123e-01) (-1.432404e-01 -2.462818e-03 4.402646e-03))
502.86        	((-3.081546e+00 1.092949e+03 -2.142984e+02) (-4.504060e-02 1.050005e+01 -9.608885e-04)) ((-7.088129e+01 5.548714e-01 3.614624e-01) (-1.436191e-01 -2.469927e-03 4.421347e-03))
502.87        	((-3.051910e+00 1.093209e+03 -2.142826e+02) (-4.528073e-02 1.050638e+01 -6.520370e-04)) ((-7.089931e+01 5.559218e-01 3.626397e-01) (-1.439982e-01 -2.475798e-03 4.440661e-03))
502.88        	((-3.020261e+00 1.093460e+03 -2.142506e+02) (-4.550350e-02 1.051268e+01 -2.468876e-04)) ((-7.091657e+01 5.566378e-01 3.639350e-01) (-1.443773e-01 -2.478706e-03 4.459637e-03))
502.89        	((-2.987135e+00 1.093699e+03 -2.142031e+02) (-4.571240e-02 1.051886e+01 2.604279e-04)) ((-7.093238e+01 5.573021e-01 3.652263e-01) (-1.447566e-01 -2.480328e-03 4.478546e-03))
502.9         	((-2.953552e+00 1.093925e+03 -2.141411e+02) (-4.591001e-02 1.052504e+01 8.785686e-04)) ((-7.094616e+01 5.578262e-01 3.665820e-01) (-1.451508e-01 -2.482032e-03 4.497885e-03))
502.91        	((-2.920516e+00 1.094138e+03 -2.140663e+02) (-4.609844e-02 1.053120e+01 1.610007e-03)) ((-7.095794e+01 5.580819e-01 3.680631e-01) (-1.455610e-01 -2.484387e-03 4.517986e-03))
502.92        	((-2.888865e+00 1.094335e+03 -2.139794e+02) (-4.627877e-02 1.053733e+01 2.455234e-03)) ((-7.096732e+01 5.580625e-01 3.696641e-01) (-1.459867e-01 -2.487238e-03 4.538667e-03))
502.93        	((-2.859189e+00 1.094515e+03 -2.138816e+02) (-4.645125e-02 1.054344e+01 3.413271e-03)) ((-7.097431e+01 5.578349e-01 3.713627e-01) (-1.464260e-01 -2.489933e-03 4.559426e-03))
502.94        	((-2.831920e+00 1.094679e+03 -2.137741e+02) (-4.661630e-02 1.054951e+01 4.480413e-03)) ((-7.097869e+01 5.575286e-01 3.731218e-01) (-1.468770e-01 -2.491783e-03 4.579827e-03))
502.95        	((-2.807446e+00 1.094825e+03 -2.136591e+02) (-4.677484e-02 1.055553e+01 5.651477e-03)) ((-7.098072e+01 5.572712e-01 3.748938e-01) (-1.473381e-01 -2.492374e-03 4.599585e-03))
502.96        	((-2.786186e+00 1.094956e+03 -2.135385e+02) (-4.692807e-02 1.056149e+01 6.919305e-03)) ((-7.098049e+01 5.571079e-01 3.766727e-01) (-1.478079e-01 -2.491529e-03 4.618540e-03))
502.97        	((-2.768472e+00 1.095071e+03 -2.134141e+02) (-4.707760e-02 1.056739e+01 8.274997e-03)) ((-7.097798e+01 5.571110e-01 3.784147e-01) (-1.482846e-01 -2.489248e-03 4.636713e-03))
502.98        	((-2.754560e+00 1.095170e+03 -2.132875e+02) (-4.722497e-02 1.057321e+01 9.708158e-03)) ((-7.097308e+01 5.573300e-01 3.800955e-01) (-1.487665e-01 -2.485732e-03 4.654075e-03))
502.99        	((-2.744506e+00 1.095254e+03 -2.131603e+02) (-4.737218e-02 1.057894e+01 1.120773e-02)) ((-7.096590e+01 5.578327e-01 3.816830e-01) (-1.492518e-01 -2.481137e-03 4.670758e-03))
503           	((-2.738360e+00 1.095325e+03 -2.130343e+02) (-4.752067e-02 1.058460e+01 1.276173e-02)) ((-7.095655e+01 5.586730e-01 3.831518e-01) (-1.497384e-01 -2.475629e-03 4.686707e-03))
503.01        	((-2.736036e+00 1.095383e+03 -2.129113e+02) (-4.767141e-02 1.059015e+01 1.435764e-02)) ((-7.094538e+01 5.599091e-01 3.844784e-01) (-1.502245e-01 -2.469370e-03 4.701852e-03))
503.02        	((-2.737487e+00 1.095432e+03 -2.127927e+02) (-4.782543e-02 1.059560e+01 1.598266e-02)) ((-7.093271e+01 5.615606e-01 3.856602e-01) (-1.507082e-01 -2.462485e-03 4.716169e-03))
503.03        	((-2.742460e+00 1.095471e+03 -2.126801e+02) (-4.798373e-02 1.060095e+01 1.762366e-02)) ((-7.091884e+01 5.636632e-01 3.866943e-01) (-1.511876e-01 -2.455075e-03 4.729733e-03))
503.04        	((-2.750976e+00 1.095504e+03 -2.125749e+02) (-4.814705e-02 1.060619e+01 1.926767e-02)) ((-7.090409e+01 5.661778e-01 3.875539e-01) (-1.516608e-01 -2.447175e-03 4.742557e-03))
503.05        	((-2.762595e+00 1.095531e+03 -2.124770e+02) (-4.831606e-02 1.061131e+01 2.090156e-02)) ((-7.088810e+01 5.691017e-01 3.883093e-01) (-1.521262e-01 -2.438900e-03 4.754746e-03))
503.06        	((-2.776969e+00 1.095552e+03 -2.123875e+02) (-4.849084e-02 1.061632e+01 2.251355e-02)) ((-7.087116e+01 5.723974e-01 3.889277e-01) (-1.525818e-01 -2.430408e-03 4.766214e-03))
503.07        	((-2.794112e+00 1.095566e+03 -2.123089e+02) (-4.867185e-02 1.062119e+01 2.409213e-02)) ((-7.085304e+01 5.760220e-01 3.894241e-01) (-1.530241e-01 -2.421865e-03 4.776897e-03))
503.08        	((-2.813557e+00 1.095581e+03 -2.122404e+02) (-4.885912e-02 1.062596e+01 2.562385e-02)) ((-7.083528e+01 5.799384e-01 3.898472e-01) (-1.534544e-01 -2.413352e-03 4.787101e-03))
503.09        	((-2.834786e+00 1.095601e+03 -2.121813e+02) (-4.905258e-02 1.063060e+01 2.710008e-02)) ((-7.081887e+01 5.841205e-01 3.901953e-01) (-1.538718e-01 -2.405058e-03 4.796832e-03))
503.1         	((-2.857521e+00 1.095626e+03 -2.121322e+02) (-4.925204e-02 1.063514e+01 2.851524e-02)) ((-7.080354e+01 5.885219e-01 3.905032e-01) (-1.542752e-01 -2.397042e-03 4.806111e-03))
503.11        	((-2.881190e+00 1.095655e+03 -2.120931e+02) (-4.945742e-02 1.063956e+01 2.986416e-02)) ((-7.078885e+01 5.930857e-01 3.907872e-01) (-1.546635e-01 -2.389455e-03 4.815017e-03))
503.12        	((-2.905759e+00 1.095688e+03 -2.120637e+02) (-4.966840e-02 1.064388e+01 3.114124e-02)) ((-7.077429e+01 5.977533e-01 3.910891e-01) (-1.550361e-01 -2.382295e-03 4.823629e-03))
503.13        	((-2.930842e+00 1.095724e+03 -2.120432e+02) (-4.988459e-02 1.064808e+01 3.234145e-02)) ((-7.076021e+01 6.024170e-01 3.914351e-01) (-1.553924e-01 -2.375642e-03 4.831983e-03))
503.14        	((-2.956042e+00 1.095766e+03 -2.120306e+02) (-5.010514e-02 1.065218e+01 3.346213e-02)) ((-7.074723e+01 6.070415e-01 3.918260e-01) (-1.557328e-01 -2.369654e-03 4.840167e-03))
503.15        	((-2.981186e+00 1.095816e+03 -2.120255e+02) (-5.032911e-02 1.065618e+01 3.450261e-02)) ((-7.073558e+01 6.115544e-01 3.922860e-01) (-1.560575e-01 -2.364488e-03 4.848251e-03))
503.16        	((-3.005835e+00 1.095874e+03 -2.120273e+02) (-5.055593e-02 1.066009e+01 3.546403e-02)) ((-7.072589e+01 6.159936e-01 3.927857e-01) (-1.563669e-01 -2.360129e-03 4.856308e-03))
503.17        	((-3.029753e+00 1.095940e+03 -2.120343e+02) (-5.078504e-02 1.066390e+01 3.634861e-02)) ((-7.071729e+01 6.203088e-01 3.933871e-01) (-1.566615e-01 -2.356601e-03 4.864438e-03))
503.18        	((-3.052796e+00 1.096013e+03 -2.120460e+02) (-5.101577e-02 1.066763e+01 3.715936e-02)) ((-7.070982e+01 6.245342e-01 3.940657e-01) (-1.569418e-01 -2.353790e-03 4.872679e-03))
503.19        	((-3.074625e+00 1.096094e+03 -2.120609e+02) (-5.124744e-02 1.067129e+01 3.790088e-02)) ((-7.070358e+01 6.285727e-01 3.948378e-01) (-1.572081e-01 -2.351693e-03 4.881076e-03))
503.2         	((-3.095002e+00 1.096183e+03 -2.120784e+02) (-5.147928e-02 1.067487e+01 3.857870e-02)) ((-7.069893e+01 6.323741e-01 3.956970e-01) (-1.574617e-01 -2.350331e-03 4.889666e-03))
503.21        	((-3.113857e+00 1.096279e+03 -2.120971e+02) (-5.171064e-02 1.067838e+01 3.919894e-02)) ((-7.069535e+01 6.359088e-01 3.966974e-01) (-1.577037e-01 -2.349615e-03 4.898458e-03))
503.22        	((-3.131115e+00 1.096381e+03 -2.121160e+02) (-5.194126e-02 1.068183e+01 3.976850e-02)) ((-7.069315e+01 6.392203e-01 3.977736e-01) (-1.579353e-01 -2.349551e-03 4.907558e-03))
503.23        	((-3.146637e+00 1.096490e+03 -2.121345e+02) (-5.217077e-02 1.068522e+01 4.029455e-02)) ((-7.069202e+01 6.423245e-01 3.988998e-01) (-1.581577e-01 -2.350087e-03 4.917043e-03))
503.24        	((-3.160368e+00 1.096605e+03 -2.121513e+02) (-5.239846e-02 1.068856e+01 4.078461e-02)) ((-7.069193e+01 6.452067e-01 4.001118e-01) (-1.583719e-01 -2.351131e-03 4.926975e-03))
503.25        	((-3.172237e+00 1.096723e+03 -2.121655e+02) (-5.262374e-02 1.069186e+01 4.124668e-02)) ((-7.069274e+01 6.478169e-01 4.014330e-01) (-1.585790e-01 -2.352640e-03 4.937273e-03))
503.26        	((-3.182133e+00 1.096845e+03 -2.121762e+02) (-5.284603e-02 1.069512e+01 4.168881e-02)) ((-7.069440e+01 6.501372e-01 4.028616e-01) (-1.587800e-01 -2.354621e-03 4.947935e-03))
503.27        	((-3.190092e+00 1.096974e+03 -2.121838e+02) (-5.306491e-02 1.069835e+01 4.211899e-02)) ((-7.069721e+01 6.522452e-01 4.044014e-01) (-1.589761e-01 -2.357001e-03 4.959083e-03))
503.28        	((-3.196416e+00 1.097106e+03 -2.121870e+02) (-5.328018e-02 1.070155e+01 4.254569e-02)) ((-7.070037e+01 6.541382e-01 4.060171e-01) (-1.591683e-01 -2.359780e-03 4.970595e-03))
503.29        	((-3.201232e+00 1.097236e+03 -2.121848e+02) (-5.349162e-02 1.070472e+01 4.297656e-02)) ((-7.070339e+01 6.558140e-01 4.076779e-01) (-1.593576e-01 -2.362894e-03 4.982470e-03))
503.3         	((-3.204595e+00 1.097364e+03 -2.121765e+02) (-5.369884e-02 1.070787e+01 4.341811e-02)) ((-7.070633e+01 6.572707e-01 4.093780e-01) (-1.595453e-01 -2.366239e-03 4.994682e-03))
503.31        	((-3.206578e+00 1.097489e+03 -2.121618e+02) (-5.390172e-02 1.071100e+01 4.387617e-02)) ((-7.070959e+01 6.584902e-01 4.111589e-01) (-1.597324e-01 -2.369699e-03 5.007215e-03))
503.32        	((-3.207242e+00 1.097612e+03 -2.121410e+02) (-5.410012e-02 1.071410e+01 4.435628e-02)) ((-7.071319e+01 6.595109e-01 4.130207e-01) (-1.599197e-01 -2.373228e-03 5.020007e-03))
503.33        	((-3.206728e+00 1.097733e+03 -2.121145e+02) (-5.429375e-02 1.071719e+01 4.486353e-02)) ((-7.071673e+01 6.603887e-01 4.149290e-01) (-1.601079e-01 -2.376822e-03 5.033009e-03))
503.34        	((-3.205181e+00 1.097851e+03 -2.120825e+02) (-5.448277e-02 1.072027e+01 4.540229e-02)) ((-7.071988e+01 6.611142e-01 4.168913e-01) (-1.602977e-01 -2.380429e-03 5.046233e-03))
503.35        	((-3.202794e+00 1.097964e+03 -2.120450e+02) (-5.466727e-02 1.072332e+01 4.597585e-02)) ((-7.072233e+01 6.617156e-01 4.188847e-01) (-1.604894e-01 -2.384010e-03 5.059662e-03))
503.36        	((-3.199743e+00 1.098071e+03 -2.120019e+02) (-5.484754e-02 1.072636e+01 4.658642e-02)) ((-7.072410e+01 6.622026e-01 4.209074e-01) (-1.606835e-01 -2.387586e-03 5.073327e-03))
503.37        	((-3.196202e+00 1.098172e+03 -2.119535e+02) (-5.502381e-02 1.072938e+01 4.723558e-02)) ((-7.072524e+01 6.626000e-01 4.229540e-01) (-1.608803e-01 -2.391193e-03 5.087266e-03))
503.38        	((-3.192358e+00 1.098267e+03 -2.119005e+02) (-5.519618e-02 1.073238e+01 4.792400e-02)) ((-7.072577e+01 6.629369e-01 4.250155e-01) (-1.610800e-01 -2.394777e-03 5.101480e-03))
503.39        	((-3.188384e+00 1.098355e+03 -2.118436e+02) (-5.536491e-02 1.073536e+01 4.865140e-02)) ((-7.072559e+01 6.632380e-01 4.270775e-01) (-1.612827e-01 -2.398283e-03 5.115951e-03))
503.4         	((-3.184428e+00 1.098436e+03 -2.117833e+02) (-5.553000e-02 1.073832e+01 4.941656e-02)) ((-7.072454e+01 6.635083e-01 4.291395e-01) (-1.614885e-01 -2.401557e-03 5.130615e-03))
503.41        	((-3.180532e+00 1.098511e+03 -2.117204e+02) (-5.569210e-02 1.074125e+01 5.021741e-02)) ((-7.072251e+01 6.637572e-01 4.312112e-01) (-1.616970e-01 -2.404792e-03 5.145536e-03))
503.42        	((-3.176879e+00 1.098579e+03 -2.116554e+02) (-5.585159e-02 1.074416e+01 5.105099e-02)) ((-7.071949e+01 6.640019e-01 4.332813e-01) (-1.619077e-01 -2.408015e-03 5.160673e-03))
503.43        	((-3.173569e+00 1.098640e+03 -2.115889e+02) (-5.600881e-02 1.074703e+01 5.191403e-02)) ((-7.071559e+01 6.642592e-01 4.353385e-01) (-1.621203e-01 -2.411222e-03 5.175939e-03))
503.44        	((-3.170676e+00 1.098696e+03 -2.115218e+02) (-5.616414e-02 1.074987e+01 5.280296e-02)) ((-7.071092e+01 6.645454e-01 4.373758e-01) (-1.623341e-01 -2.414501e-03 5.191319e-03))
503.45        	((-3.168269e+00 1.098746e+03 -2.114549e+02) (-5.631792e-02 1.075267e+01 5.371365e-02)) ((-7.070553e+01 6.648673e-01 4.393886e-01) (-1.625486e-01 -2.417822e-03 5.206813e-03))
503.46        	((-3.166411e+00 1.098791e+03 -2.113890e+02) (-5.647029e-02 1.075543e+01 5.464142e-02)) ((-7.069947e+01 6.652247e-01 4.413786e-01) (-1.627633e-01 -2.421231e-03 5.222412e-03))
503.47        	((-3.165156e+00 1.098831e+03 -2.113245e+02) (-5.662156e-02 1.075815e+01 5.558126e-02)) ((-7.069295e+01 6.656468e-01 4.433438e-01) (-1.629776e-01 -2.424710e-03 5.238151e-03))
503.48        	((-3.164561e+00 1.098867e+03 -2.112619e+02) (-5.677193e-02 1.076083e+01 5.652807e-02)) ((-7.068595e+01 6.661283e-01 4.452752e-01) (-1.631906e-01 -2.428238e-03 5.253983e-03))
503.49        	((-3.164718e+00 1.098901e+03 -2.112017e+02) (-5.692169e-02 1.076346e+01 5.747705e-02)) ((-7.067851e+01 6.666391e-01 4.471578e-01) (-1.634018e-01 -2.431835e-03 5.269945e-03))
503.5         	((-3.165206e+00 1.098927e+03 -2.111449e+02) (-5.707080e-02 1.076604e+01 5.842288e-02)) ((-7.066935e+01 6.671324e-01 4.490514e-01) (-1.636091e-01 -2.435518e-03 5.285829e-03))
503.51        	((-3.166233e+00 1.098950e+03 -2.110910e+02) (-5.721901e-02 1.076856e+01 5.935904e-02)) ((-7.065978e+01 6.676945e-01 4.509210e-01) (-1.638132e-01 -2.439352e-03 5.301699e-03))
503.52        	((-3.167765e+00 1.098975e+03 -2.110406e+02) (-5.736648e-02 1.077104e+01 6.028176e-02)) ((-7.065110e+01 6.683198e-01 4.527573e-01) (-1.640137e-01 -2.443369e-03 5.317544e-03))
503.53        	((-3.169748e+00 1.099003e+03 -2.109945e+02) (-5.751339e-02 1.077347e+01 6.118804e-02)) ((-7.064314e+01 6.689796e-01 4.545712e-01) (-1.642101e-01 -2.447502e-03 5.333431e-03))
503.54        	((-3.172064e+00 1.099031e+03 -2.109529e+02) (-5.765999e-02 1.077584e+01 6.207480e-02)) ((-7.063522e+01 6.696403e-01 4.563638e-01) (-1.644017e-01 -2.451808e-03 5.349329e-03))
503.55        	((-3.174399e+00 1.099058e+03 -2.109152e+02) (-5.780626e-02 1.077817e+01 6.293831e-02)) ((-7.062704e+01 6.702950e-01 4.581360e-01) (-1.645878e-01 -2.456277e-03 5.365321e-03))
503.56        	((-3.176980e+00 1.099085e+03 -2.108817e+02) (-5.795198e-02 1.078044e+01 6.377481e-02)) ((-7.061877e+01 6.709954e-01 4.598774e-01) (-1.647679e-01 -2.460893e-03 5.381262e-03))
503.57        	((-3.179810e+00 1.099113e+03 -2.108514e+02) (-5.809720e-02 1.078265e+01 6.458173e-02)) ((-7.061060e+01 6.716830e-01 4.616141e-01) (-1.649417e-01 -2.465671e-03 5.397197e-03))
503.58        	((-3.182712e+00 1.099143e+03 -2.108241e+02) (-5.824171e-02 1.078482e+01 6.535768e-02)) ((-7.060280e+01 6.723507e-01 4.633377e-01) (-1.651092e-01 -2.470566e-03 5.413030e-03))
503.59        	((-3.185541e+00 1.099175e+03 -2.108005e+02) (-5.838540e-02 1.078694e+01 6.610207e-02)) ((-7.059565e+01 6.730434e-01 4.650266e-01) (-1.652703e-01 -2.475568e-03 5.428835e-03))
503.6         	((-3.188309e+00 1.099210e+03 -2.107803e+02) (-5.852796e-02 1.078901e+01 6.681425e-02)) ((-7.058892e+01 6.737593e-01 4.666865e-01) (-1.654249e-01 -2.480638e-03 5.444490e-03))
503.61        	((-3.190838e+00 1.099248e+03 -2.107633e+02) (-5.866924e-02 1.079104e+01 6.749397e-02)) ((-7.058277e+01 6.744309e-01 4.683231e-01) (-1.655730e-01 -2.485704e-03 5.460015e-03))
503.62        	((-3.193161e+00 1.099288e+03 -2.107486e+02) (-5.880906e-02 1.079302e+01 6.814151e-02)) ((-7.057713e+01 6.750564e-01 4.699157e-01) (-1.657148e-01 -2.490784e-03 5.475352e-03))
503.63        	((-3.195174e+00 1.099331e+03 -2.107351e+02) (-5.894731e-02 1.079496e+01 6.875816e-02)) ((-7.057185e+01 6.756670e-01 4.714683e-01) (-1.658503e-01 -2.495884e-03 5.490477e-03))
503.64        	((-3.196921e+00 1.099375e+03 -2.107229e+02) (-5.908389e-02 1.079686e+01 6.934565e-02)) ((-7.056694e+01 6.762640e-01 4.729886e-01) (-1.659798e-01 -2.500960e-03 5.505395e-03))
503.65        	((-3.198309e+00 1.099423e+03 -2.107119e+02) (-5.921862e-02 1.079872e+01 6.990632e-02)) ((-7.056271e+01 6.768288e-01 4.745007e-01) (-1.661035e-01 -2.505963e-03 5.520178e-03))
503.66        	((-3.199180e+00 1.099473e+03 -2.107018e+02) (-5.935115e-02 1.080055e+01 7.044247e-02)) ((-7.055893e+01 6.773681e-01 4.759895e-01) (-1.662220e-01 -2.510866e-03 5.534725e-03))
503.67        	((-3.199419e+00 1.099524e+03 -2.106919e+02) (-5.948139e-02 1.080234e+01 7.095634e-02)) ((-7.055559e+01 6.778714e-01 4.774699e-01) (-1.663357e-01 -2.515638e-03 5.549035e-03))
503.68        	((-3.199045e+00 1.099577e+03 -2.106818e+02) (-5.960901e-02 1.080410e+01 7.145058e-02)) ((-7.055268e+01 6.783200e-01 4.789288e-01) (-1.664449e-01 -2.520231e-03 5.563056e-03))
503.69        	((-3.198346e+00 1.099633e+03 -2.106711e+02) (-5.973400e-02 1.080583e+01 7.192831e-02)) ((-7.055050e+01 6.787693e-01 4.803353e-01) (-1.665500e-01 -2.524698e-03 5.576762e-03))
503.7         	((-3.197310e+00 1.099689e+03 -2.106597e+02) (-5.985642e-02 1.080754e+01 7.239263e-02)) ((-7.054870e+01 6.791323e-01 4.817006e-01) (-1.666516e-01 -2.529114e-03 5.590311e-03))
503.71        	((-3.195648e+00 1.099745e+03 -2.106469e+02) (-5.997616e-02 1.080923e+01 7.284657e-02)) ((-7.054694e+01 6.794716e-01 4.830226e-01) (-1.667501e-01 -2.533383e-03 5.603644e-03))
503.72        	((-3.193279e+00 1.099801e+03 -2.106326e+02) (-6.009299e-02 1.081089e+01 7.329280e-02)) ((-7.054537e+01 6.797454e-01 4.843420e-01) (-1.668463e-01 -2.537496e-03 5.616815e-03))
503.73        	((-3.190306e+00 1.099857e+03 -2.106168e+02) (-6.020677e-02 1.081252e+01 7.373411e-02)) ((-7.054412e+01 6.799452e-01 4.856791e-01) (-1.669402e-01 -2.541393e-03 5.629647e-03))
503.74        	((-3.186863e+00 1.099913e+03 -2.105992e+02) (-6.031757e-02 1.081414e+01 7.417306e-02)) ((-7.054311e+01 6.800588e-01 4.870428e-01) (-1.670324e-01 -2.545139e-03 5.642319e-03))
503.75        	((-3.182980e+00 1.099968e+03 -2.105797e+02) (-6.042558e-02 1.081574e+01 7.461256e-02)) ((-7.054227e+01 6.801135e-01 4.884055e-01) (-1.671234e-01 -2.548909e-03 5.654855e-03))
503.76        	((-3.178640e+00 1.100022e+03 -2.105582e+02) (-6.053085e-02 1.081733e+01 7.505494e-02)) ((-7.054138e+01 6.801249e-01 4.897378e-01) (-1.672135e-01 -2.552645e-03 5.667272e-03))
503.77        	((-3.173810e+00 1.100074e+03 -2.105347e+02) (-6.063329e-02 1.081889e+01 7.550218e-02)) ((-7.054041e+01 6.800708e-01 4.910479e-01) (-1.673030e-01 -2.556352e-03 5.679473e-03))
503.78        	((-3.168558e+00 1.100124e+03 -2.105091e+02) (-6.073289e-02 1.082044e+01 7.595568e-02)) ((-7.053930e+01 6.799486e-01 4.923359e-01) (-1.673922e-01 -2.560070e-03 5.691619e-03))
503.79        	((-3.162904e+00 1.100171e+03 -2.104817e+02) (-6.082958e-02 1.082197e+01 7.641671e-02)) ((-7.053823e+01 6.797264e-01 4.936468e-01) (-1.674816e-01 -2.563758e-03 5.703663e-03))
503.8         	((-3.156916e+00 1.100216e+03 -2.104526e+02) (-6.092366e-02 1.082349e+01 7.688618e-02)) ((-7.053708e+01 6.794259e-01 4.949747e-01) (-1.675713e-01 -2.567466e-03 5.715718e-03))
503.81        	((-3.150618e+00 1.100259e+03 -2.104219e+02) (-6.101503e-02 1.082498e+01 7.736472e-02)) ((-7.053570e+01 6.790770e-01 4.963086e-01) (-1.676613e-01 -2.571217e-03 5.727660e-03))
503.82        	((-3.144032e+00 1.100299e+03 -2.103894e+02) (-6.110391e-02 1.082647e+01 7.785275e-02)) ((-7.053392e+01 6.786899e-01 4.976368e-01) (-1.677519e-01 -2.575051e-03 5.739617e-03))
503.83        	((-3.137147e+00 1.100336e+03 -2.103561e+02) (-6.119016e-02 1.082793e+01 7.835033e-02)) ((-7.053189e+01 6.782619e-01 4.989658e-01) (-1.678430e-01 -2.578980e-03 5.751484e-03))
503.84        	((-3.130053e+00 1.100370e+03 -2.103218e+02) (-6.127398e-02 1.082938e+01 7.885685e-02)) ((-7.052962e+01 6.777826e-01 5.002915e-01) (-1.679347e-01 -2.583042e-03 5.763414e-03))
503.85        	((-3.122821e+00 1.100401e+03 -2.102868e+02) (-6.135521e-02 1.083080e+01 7.937166e-02)) ((-7.052705e+01 6.772534e-01 5.016122e-01) (-1.680266e-01 -2.587231e-03 5.775196e-03))
503.86        	((-3.115471e+00 1.100429e+03 -2.102512e+02) (-6.143406e-02 1.083221e+01 7.989375e-02)) ((-7.052409e+01 6.766712e-01 5.029372e-01) (-1.681189e-01 -2.591584e-03 5.787038e-03))
503.87        	((-3.107994e+00 1.100455e+03 -2.102156e+02) (-6.151044e-02 1.083360e+01 8.042200e-02)) ((-7.052105e+01 6.760819e-01 5.042503e-01) (-1.682114e-01 -2.596044e-03 5.798792e-03))
503.88        	((-3.100459e+00 1.100478e+03 -2.101802e+02) (-6.158460e-02 1.083496e+01 8.095477e-02)) ((-7.051782e+01 6.754844e-01 5.055550e-01) (-1.683041e-01 -2.600585e-03 5.810650e-03))
503.89        	((-3.092878e+00 1.100499e+03 -2.101453e+02) (-6.165654e-02 1.083631e+01 8.149049e-02)) ((-7.051449e+01 6.748592e-01 5.068739e-01) (-1.683968e-01 -2.605252e-03 5.822540e-03))
503.9         	((-3.085374e+00 1.100518e+03 -2.101109e+02) (-6.172650e-02 1.083763e+01 8.202740e-02)) ((-7.051065e+01 6.741933e-01 5.081887e-01) (-1.684889e-01 -2.610152e-03 5.834561e-03))
503.91        	((-3.078022e+00 1.100535e+03 -2.100774e+02) (-6.179447e-02 1.083892e+01 8.256394e-02)) ((-7.050653e+01 6.735317e-01 5.094834e-01) (-1.685804e-01 -2.615305e-03 5.846606e-03))
503.92        	((-3.070516e+00 1.100551e+03 -2.100453e+02) (-6.186065e-02 1.084020e+01 8.309841e-02)) ((-7.050254e+01 6.728874e-01 5.107705e-01) (-1.686712e-01 -2.620694e-03 5.858806e-03))
503.93        	((-3.063155e+00 1.100564e+03 -2.100142e+02) (-6.192490e-02 1.084144e+01 8.362893e-02)) ((-7.049816e+01 6.722252e-01 5.120601e-01) (-1.687607e-01 -2.626277e-03 5.871010e-03))
503.94        	((-3.055990e+00 1.100577e+03 -2.099848e+02) (-6.198751e-02 1.084267e+01 8.415370e-02)) ((-7.049368e+01 6.715391e-01 5.133635e-01) (-1.688488e-01 -2.632054e-03 5.883331e-03))
503.95        	((-3.049034e+00 1.100589e+03 -2.099565e+02) (-6.204837e-02 1.084386e+01 8.467085e-02)) ((-7.048919e+01 6.708568e-01 5.146568e-01) (-1.689351e-01 -2.638049e-03 5.895670e-03))
503.96        	((-3.042286e+00 1.100601e+03 -2.099304e+02) (-6.210752e-02 1.084503e+01 8.517852e-02)) ((-7.048487e+01 6.702116e-01 5.159204e-01) (-1.690197e-01 -2.644221e-03 5.908076e-03))
503.97        	((-3.035693e+00 1.100612e+03 -2.099062e+02) (-6.216481e-02 1.084618e+01 8.567524e-02)) ((-7.048048e+01 6.696009e-01 5.171627e-01) (-1.691022e-01 -2.650469e-03 5.920458e-03))
503.98        	((-3.029380e+00 1.100623e+03 -2.098840e+02) (-6.222038e-02 1.084730e+01 8.615960e-02)) ((-7.047624e+01 6.690063e-01 5.183638e-01) (-1.691826e-01 -2.656803e-03 5.932847e-03))
503.99        	((-3.023282e+00 1.100634e+03 -2.098631e+02) (-6.227417e-02 1.084839e+01 8.663047e-02)) ((-7.047192e+01 6.684194e-01 5.195355e-01) (-1.692602e-01 -2.663119e-03 5.945062e-03))
504           	((-3.017342e+00 1.100642e+03 -2.098432e+02) (-6.232646e-02 1.084945e+01 8.708719e-02)) ((-7.046681e+01 6.678523e-01 5.206724e-01) (-1.693348e-01 -2.669511e-03 5.957116e-03))
504.01        	((-3.011662e+00 1.100651e+03 -2.098258e+02) (-6.237693e-02 1.085049e+01 8.752796e-02)) ((-7.046247e+01 6.673155e-01 5.217847e-01) (-1.694070e-01 -2.675911e-03 5.968923e-03))
504.02        	((-3.006306e+00 1.100664e+03 -2.098106e+02) (-6.242572e-02 1.085150e+01 8.795175e-02)) ((-7.045902e+01 6.667829e-01 5.228638e-01) (-1.694769e-01 -2.682240e-03 5.980756e-03))
504.03        	((-3.001210e+00 1.100678e+03 -2.097972e+02) (-6.247285e-02 1.085249e+01 8.835910e-02)) ((-7.045607e+01 6.662327e-01 5.239627e-01) (-1.695441e-01 -2.688417e-03 5.992352e-03))
504.04        	((-2.996336e+00 1.100695e+03 -2.097848e+02) (-6.251851e-02 1.085346e+01 8.875053e-02)) ((-7.045328e+01 6.657090e-01 5.250331e-01) (-1.696085e-01 -2.694361e-03 6.003771e-03))
504.05        	((-2.991483e+00 1.100710e+03 -2.097738e+02) (-6.256267e-02 1.085440e+01 8.912602e-02)) ((-7.045020e+01 6.651988e-01 5.260852e-01) (-1.696700e-01 -2.700280e-03 6.015038e-03))
504.06        	((-2.986917e+00 1.100725e+03 -2.097632e+02) (-6.260600e-02 1.085533e+01 8.948558e-02)) ((-7.044700e+01 6.647103e-01 5.270959e-01) (-1.697284e-01 -2.706189e-03 6.026340e-03))
504.07        	((-2.982445e+00 1.100741e+03 -2.097536e+02) (-6.264830e-02 1.085623e+01 8.982965e-02)) ((-7.044402e+01 6.642772e-01 5.280555e-01) (-1.697841e-01 -2.711982e-03 6.037496e-03))
504.08        	((-2.978318e+00 1.100758e+03 -2.097446e+02) (-6.268983e-02 1.085711e+01 9.015897e-02)) ((-7.044167e+01 6.638804e-01 5.289679e-01) (-1.698374e-01 -2.717697e-03 6.048582e-03))
504.09        	((-2.974333e+00 1.100777e+03 -2.097363e+02) (-6.273034e-02 1.085797e+01 9.047451e-02)) ((-7.043967e+01 6.635425e-01 5.298442e-01) (-1.698883e-01 -2.723293e-03 6.059508e-03))
504.1         	((-2.970249e+00 1.100795e+03 -2.097286e+02) (-6.277010e-02 1.085882e+01 9.077749e-02)) ((-7.043787e+01 6.632245e-01 5.306871e-01) (-1.699369e-01 -2.728815e-03 6.070367e-03))
504.11        	((-2.966507e+00 1.100815e+03 -2.097211e+02) (-6.280877e-02 1.085965e+01 9.106923e-02)) ((-7.043635e+01 6.629653e-01 5.314887e-01) (-1.699832e-01 -2.734203e-03 6.080950e-03))
504.12        	((-2.962867e+00 1.100835e+03 -2.097131e+02) (-6.284651e-02 1.086046e+01 9.135049e-02)) ((-7.043486e+01 6.628188e-01 5.322038e-01) (-1.700275e-01 -2.739547e-03 6.091434e-03))
504.13        	((-2.959474e+00 1.100854e+03 -2.097048e+02) (-6.288331e-02 1.086125e+01 9.162311e-02)) ((-7.043354e+01 6.627060e-01 5.328862e-01) (-1.700700e-01 -2.744795e-03 6.101670e-03))
504.14        	((-2.956133e+00 1.100874e+03 -2.096961e+02) (-6.291973e-02 1.086204e+01 9.188801e-02)) ((-7.043236e+01 6.626824e-01 5.335202e-01) (-1.701111e-01 -2.749810e-03 6.111843e-03))
504.15        	((-2.952806e+00 1.100894e+03 -2.096872e+02) (-6.295486e-02 1.086281e+01 9.214641e-02)) ((-7.043139e+01 6.627069e-01 5.341174e-01) (-1.701511e-01 -2.754397e-03 6.121673e-03))
504.16        	((-2.949536e+00 1.100913e+03 -2.096778e+02) (-6.298875e-02 1.086356e+01 9.240016e-02)) ((-7.043053e+01 6.627735e-01 5.346773e-01) (-1.701899e-01 -2.758934e-03 6.130800e-03))
504.17        	((-2.946313e+00 1.100932e+03 -2.096679e+02) (-6.302345e-02 1.086431e+01 9.265157e-02)) ((-7.042979e+01 6.628680e-01 5.351913e-01) (-1.702265e-01 -2.764213e-03 6.140628e-03))
504.18        	((-2.943193e+00 1.100951e+03 -2.096574e+02) (-6.305609e-02 1.086504e+01 9.290058e-02)) ((-7.042920e+01 6.629919e-01 5.356790e-01) (-1.702619e-01 -2.768905e-03 6.149879e-03))
504.19        	((-2.940131e+00 1.100969e+03 -2.096463e+02) (-6.308840e-02 1.086576e+01 9.314824e-02)) ((-7.042877e+01 6.631564e-01 5.361484e-01) (-1.702970e-01 -2.773569e-03 6.159258e-03))
504.2         	((-2.937119e+00 1.100986e+03 -2.096346e+02) (-6.311979e-02 1.086647e+01 9.339590e-02)) ((-7.042847e+01 6.633583e-01 5.366069e-01) (-1.703310e-01 -2.778149e-03 6.168134e-03))
504.21        	((-2.934136e+00 1.101002e+03 -2.096224e+02) (-6.315207e-02 1.086716e+01 9.364522e-02)) ((-7.042835e+01 6.635571e-01 5.370856e-01) (-1.703596e-01 -2.783569e-03 6.176919e-03))
504.22        	((-2.931246e+00 1.101017e+03 -2.096099e+02) (-6.318485e-02 1.086783e+01 9.389737e-02)) ((-7.042845e+01 6.637659e-01 5.375791e-01) (-1.703806e-01 -2.790008e-03 6.184964e-03))
504.23        	((-2.928471e+00 1.101032e+03 -2.095971e+02) (-6.321829e-02 1.086849e+01 9.415175e-02)) ((-7.042873e+01 6.639348e-01 5.381104e-01) (-1.703976e-01 -2.797154e-03 6.193016e-03))
504.24        	((-2.925889e+00 1.101045e+03 -2.095841e+02) (-6.325100e-02 1.086913e+01 9.440816e-02)) ((-7.042917e+01 6.640210e-01 5.387038e-01) (-1.704129e-01 -2.804448e-03 6.200616e-03))
504.25        	((-2.923517e+00 1.101057e+03 -2.095709e+02) (-6.328357e-02 1.086976e+01 9.466721e-02)) ((-7.042975e+01 6.640110e-01 5.393795e-01) (-1.704274e-01 -2.812131e-03 6.207852e-03))
504.26        	((-2.921307e+00 1.101068e+03 -2.095578e+02) (-6.331701e-02 1.087038e+01 9.492935e-02)) ((-7.043050e+01 6.639015e-01 5.401309e-01) (-1.704421e-01 -2.820536e-03 6.215974e-03))
504.27        	((-2.919239e+00 1.101077e+03 -2.095444e+02) (-6.334886e-02 1.087100e+01 9.519352e-02)) ((-7.043126e+01 6.637080e-01 5.409335e-01) (-1.704571e-01 -2.828649e-03 6.223884e-03))
504.28        	((-2.917404e+00 1.101086e+03 -2.095315e+02) (-6.337981e-02 1.087160e+01 9.545917e-02)) ((-7.043240e+01 6.634372e-01 5.418275e-01) (-1.704738e-01 -2.836559e-03 6.231898e-03))
504.29        	((-2.915690e+00 1.101094e+03 -2.095191e+02) (-6.340973e-02 1.087219e+01 9.572621e-02)) ((-7.043373e+01 6.631255e-01 5.428012e-01) (-1.704912e-01 -2.844572e-03 6.239411e-03))
504.3         	((-2.913905e+00 1.101100e+03 -2.095070e+02) (-6.344049e-02 1.087278e+01 9.599398e-02)) ((-7.043495e+01 6.627008e-01 5.438456e-01) (-1.705101e-01 -2.853217e-03 6.247949e-03))
504.31        	((-2.912104e+00 1.101106e+03 -2.094955e+02) (-6.346934e-02 1.087335e+01 9.626149e-02)) ((-7.043609e+01 6.622817e-01 5.449091e-01) (-1.705297e-01 -2.861527e-03 6.256194e-03))
504.32        	((-2.910430e+00 1.101109e+03 -2.094837e+02) (-6.349805e-02 1.087392e+01 9.652748e-02)) ((-7.043708e+01 6.618416e-01 5.459559e-01) (-1.705509e-01 -2.869883e-03 6.264979e-03))
504.33        	((-2.908836e+00 1.101112e+03 -2.094721e+02) (-6.352541e-02 1.087447e+01 9.679158e-02)) ((-7.043800e+01 6.613930e-01 5.469824e-01) (-1.705731e-01 -2.877946e-03 6.273361e-03))
504.34        	((-2.907116e+00 1.101114e+03 -2.094608e+02) (-6.355241e-02 1.087501e+01 9.705302e-02)) ((-7.043901e+01 6.609780e-01 5.480131e-01) (-1.705957e-01 -2.886081e-03 6.281705e-03))
504.35        	((-2.905246e+00 1.101114e+03 -2.094498e+02) (-6.357940e-02 1.087554e+01 9.731169e-02)) ((-7.043968e+01 6.605768e-01 5.490433e-01) (-1.706192e-01 -2.894650e-03 6.290518e-03))
504.36        	((-2.903230e+00 1.101115e+03 -2.094400e+02) (-6.360504e-02 1.087606e+01 9.756623e-02)) ((-7.044060e+01 6.602011e-01 5.500545e-01) (-1.706429e-01 -2.903013e-03 6.299400e-03))
504.37        	((-2.900547e+00 1.101113e+03 -2.094310e+02) (-6.362984e-02 1.087656e+01 9.781566e-02)) ((-7.044092e+01 6.599378e-01 5.509735e-01) (-1.706658e-01 -2.911275e-03 6.308067e-03))
504.38        	((-2.897952e+00 1.101110e+03 -2.094223e+02) (-6.365352e-02 1.087705e+01 9.805793e-02)) ((-7.044116e+01 6.596237e-01 5.518897e-01) (-1.706878e-01 -2.919401e-03 6.316748e-03))
504.39        	((-2.895851e+00 1.101109e+03 -2.094143e+02) (-6.367627e-02 1.087752e+01 9.829342e-02)) ((-7.044176e+01 6.591684e-01 5.528743e-01) (-1.707091e-01 -2.927439e-03 6.325354e-03))
504.4         	((-2.893760e+00 1.101109e+03 -2.094073e+02) (-6.369825e-02 1.087799e+01 9.852271e-02)) ((-7.044288e+01 6.587762e-01 5.537896e-01) (-1.707299e-01 -2.935545e-03 6.333949e-03))
504.41        	((-2.891623e+00 1.101111e+03 -2.094021e+02) (-6.371957e-02 1.087844e+01 9.874574e-02)) ((-7.044427e+01 6.584298e-01 5.547168e-01) (-1.707497e-01 -2.943672e-03 6.342531e-03))
504.42        	((-2.889115e+00 1.101111e+03 -2.093971e+02) (-6.374016e-02 1.087888e+01 9.896145e-02)) ((-7.044523e+01 6.581240e-01 5.556212e-01) (-1.707683e-01 -2.951798e-03 6.351086e-03))
504.43        	((-2.886599e+00 1.101109e+03 -2.093926e+02) (-6.375978e-02 1.087930e+01 9.916933e-02)) ((-7.044585e+01 6.577855e-01 5.565297e-01) (-1.707857e-01 -2.959914e-03 6.359640e-03))
504.44        	((-2.884207e+00 1.101107e+03 -2.093887e+02) (-6.377865e-02 1.087971e+01 9.936929e-02)) ((-7.044651e+01 6.574197e-01 5.574409e-01) (-1.708019e-01 -2.967978e-03 6.368195e-03))
504.45        	((-2.881924e+00 1.101106e+03 -2.093855e+02) (-6.379672e-02 1.088012e+01 9.956091e-02)) ((-7.044746e+01 6.570612e-01 5.583410e-01) (-1.708173e-01 -2.976031e-03 6.376695e-03))
504.46        	((-2.879688e+00 1.101105e+03 -2.093830e+02) (-6.381407e-02 1.088050e+01 9.974417e-02)) ((-7.044859e+01 6.567497e-01 5.592186e-01) (-1.708318e-01 -2.984015e-03 6.385109e-03))
504.47        	((-2.877517e+00 1.101105e+03 -2.093811e+02) (-6.383095e-02 1.088088e+01 9.991922e-02)) ((-7.044972e+01 6.564846e-01 5.600592e-01) (-1.708452e-01 -2.991891e-03 6.393538e-03))
504.48        	((-2.875264e+00 1.101105e+03 -2.093797e+02) (-6.384709e-02 1.088125e+01 1.000862e-01)) ((-7.045093e+01 6.562847e-01 5.608664e-01) (-1.708575e-01 -2.999609e-03 6.401844e-03))
504.49        	((-2.873067e+00 1.101104e+03 -2.093785e+02) (-6.386263e-02 1.088161e+01 1.002449e-01)) ((-7.045216e+01 6.561013e-01 5.616278e-01) (-1.708690e-01 -3.007180e-03 6.410165e-03))
504.5         	((-2.870965e+00 1.101104e+03 -2.093775e+02) (-6.387752e-02 1.088195e+01 1.003961e-01)) ((-7.045347e+01 6.559629e-01 5.623452e-01) (-1.708795e-01 -3.014483e-03 6.418354e-03))
504.51        	((-2.868953e+00 1.101104e+03 -2.093769e+02) (-6.389175e-02 1.088229e+01 1.005400e-01)) ((-7.045485e+01 6.558616e-01 5.630201e-01) (-1.708894e-01 -3.021614e-03 6.426461e-03))
504.52        	((-2.866963e+00 1.101105e+03 -2.093765e+02) (-6.390535e-02 1.088261e+01 1.006772e-01)) ((-7.045628e+01 6.558316e-01 5.636592e-01) (-1.708985e-01 -3.028534e-03 6.434274e-03))
504.53        	((-2.864943e+00 1.101105e+03 -2.093762e+02) (-6.391844e-02 1.088293e+01 1.008078e-01)) ((-7.045777e+01 6.558650e-01 5.642624e-01) (-1.709070e-01 -3.035296e-03 6.441953e-03))
504.54        	((-2.862889e+00 1.101105e+03 -2.093760e+02) (-6.393095e-02 1.088323e+01 1.009325e-01)) ((-7.045931e+01 6.559453e-01 5.648280e-01) (-1.709150e-01 -3.041847e-03 6.449402e-03))
504.55        	((-2.860818e+00 1.101104e+03 -2.093756e+02) (-6.394304e-02 1.088353e+01 1.010515e-01)) ((-7.046091e+01 6.560593e-01 5.653527e-01) (-1.709226e-01 -3.048165e-03 6.456762e-03))
504.56        	((-2.858720e+00 1.101104e+03 -2.093751e+02) (-6.395448e-02 1.088382e+01 1.011654e-01)) ((-7.046259e+01 6.562127e-01 5.658369e-01) (-1.709298e-01 -3.054268e-03 6.463877e-03))
504.57        	((-2.856655e+00 1.101104e+03 -2.093745e+02) (-6.396537e-02 1.088411e+01 1.012749e-01)) ((-7.046426e+01 6.563988e-01 5.662664e-01) (-1.709366e-01 -3.060157e-03 6.470858e-03))
504.58        	((-2.854680e+00 1.101103e+03 -2.093737e+02) (-6.397572e-02 1.088438e+01 1.013804e-01)) ((-7.046585e+01 6.566227e-01 5.666368e-01) (-1.709432e-01 -3.065777e-03 6.477688e-03))
504.59        	((-2.852547e+00 1.101102e+03 -2.093728e+02) (-6.398560e-02 1.088465e+01 1.014827e-01)) ((-7.046748e+01 6.568873e-01 5.669875e-01) (-1.709499e-01 -3.071187e-03 6.484365e-03))
504.6         	((-2.850301e+00 1.101101e+03 -2.093716e+02) (-6.399494e-02 1.088491e+01 1.015815e-01)) ((-7.046913e+01 6.571933e-01 5.673083e-01) (-1.709569e-01 -3.076414e-03 6.491010e-03))
504.61        	((-2.847977e+00 1.101098e+03 -2.093701e+02) (-6.400379e-02 1.088516e+01 1.016775e-01)) ((-7.047077e+01 6.575264e-01 5.675926e-01) (-1.709638e-01 -3.081467e-03 6.497449e-03))
504.62        	((-2.845632e+00 1.101096e+03 -2.093683e+02) (-6.401219e-02 1.088541e+01 1.017709e-01)) ((-7.047239e+01 6.578807e-01 5.678347e-01) (-1.709706e-01 -3.086287e-03 6.503721e-03))
504.63        	((-2.843253e+00 1.101092e+03 -2.093662e+02) (-6.401994e-02 1.088565e+01 1.018621e-01)) ((-7.047395e+01 6.582541e-01 5.680362e-01) (-1.709774e-01 -3.090925e-03 6.509746e-03))
504.64        	((-2.840762e+00 1.101089e+03 -2.093640e+02) (-6.402716e-02 1.088588e+01 1.019515e-01)) ((-7.047550e+01 6.586527e-01 5.682110e-01) (-1.709841e-01 -3.095357e-03 6.515614e-03))
504.65        	((-2.838276e+00 1.101084e+03 -2.093614e+02) (-6.403371e-02 1.088611e+01 1.020390e-01)) ((-7.047693e+01 6.590693e-01 5.683420e-01) (-1.709908e-01 -3.099583e-03 6.521230e-03))
504.66        	((-2.835778e+00 1.101079e+03 -2.093587e+02) (-6.403966e-02 1.088633e+01 1.021250e-01)) ((-7.047827e+01 6.595025e-01 5.684384e-01) (-1.709975e-01 -3.103527e-03 6.526653e-03))
504.67        	((-2.833233e+00 1.101073e+03 -2.093559e+02) (-6.404491e-02 1.088654e+01 1.022095e-01)) ((-7.047956e+01 6.599700e-01 5.685092e-01) (-1.710044e-01 -3.107249e-03 6.531813e-03))
504.68        	((-2.830558e+00 1.101066e+03 -2.093528e+02) (-6.404956e-02 1.088674e+01 1.022926e-01)) ((-7.048080e+01 6.604333e-01 5.685657e-01) (-1.710114e-01 -3.110742e-03 6.536772e-03))
504.69        	((-2.827760e+00 1.101059e+03 -2.093496e+02) (-6.405331e-02 1.088694e+01 1.023741e-01)) ((-7.048195e+01 6.608915e-01 5.686033e-01) (-1.710185e-01 -3.114017e-03 6.541415e-03))
504.7         	((-2.824958e+00 1.101050e+03 -2.093463e+02) (-6.405633e-02 1.088713e+01 1.024540e-01)) ((-7.048305e+01 6.613628e-01 5.686099e-01) (-1.710258e-01 -3.116981e-03 6.545907e-03))
504.71        	((-2.822280e+00 1.101042e+03 -2.093433e+02) (-6.405865e-02 1.088732e+01 1.025321e-01)) ((-7.048416e+01 6.618905e-01 5.685793e-01) (-1.710329e-01 -3.119748e-03 6.550055e-03))
504.72        	((-2.819438e+00 1.101032e+03 -2.093402e+02) (-6.406048e-02 1.088750e+01 1.026081e-01)) ((-7.048510e+01 6.624418e-01 5.685130e-01) (-1.710404e-01 -3.122304e-03 6.554137e-03))
504.73        	((-2.816498e+00 1.101022e+03 -2.093371e+02) (-6.406141e-02 1.088767e+01 1.026819e-01)) ((-7.048593e+01 6.629839e-01 5.684336e-01) (-1.710477e-01 -3.124695e-03 6.557816e-03))
504.74        	((-2.813530e+00 1.101011e+03 -2.093341e+02) (-6.406190e-02 1.088783e+01 1.027532e-01)) ((-7.048670e+01 6.635091e-01 5.683388e-01) (-1.710553e-01 -3.126821e-03 6.561515e-03))
504.75        	((-2.810598e+00 1.100999e+03 -2.093313e+02) (-6.406143e-02 1.088798e+01 1.028219e-01)) ((-7.048740e+01 6.640496e-01 5.682081e-01) (-1.710631e-01 -3.128664e-03 6.565248e-03))
504.76        	((-2.807665e+00 1.100987e+03 -2.093288e+02) (-6.406007e-02 1.088813e+01 1.028877e-01)) ((-7.048808e+01 6.646011e-01 5.680519e-01) (-1.710706e-01 -3.130314e-03 6.568556e-03))
504.77        	((-2.804743e+00 1.100975e+03 -2.093267e+02) (-6.405785e-02 1.088827e+01 1.029500e-01)) ((-7.048872e+01 6.651380e-01 5.678847e-01) (-1.710783e-01 -3.131666e-03 6.571786e-03))
504.78        	((-2.801727e+00 1.100962e+03 -2.093247e+02) (-6.405480e-02 1.088840e+01 1.030089e-01)) ((-7.048927e+01 6.657357e-01 5.676731e-01) (-1.710858e-01 -3.132794e-03 6.574656e-03))
504.79        	((-2.798672e+00 1.100948e+03 -2.093231e+02) (-6.405130e-02 1.088852e+01 1.030636e-01)) ((-7.048972e+01 6.663755e-01 5.674168e-01) (-1.710931e-01 -3.133694e-03 6.577415e-03))
504.8         	((-2.795590e+00 1.100935e+03 -2.093217e+02) (-6.404680e-02 1.088864e+01 1.031141e-01)) ((-7.049016e+01 6.669927e-01 5.671506e-01) (-1.711000e-01 -3.134337e-03 6.579584e-03))
504.81        	((-2.792515e+00 1.100921e+03 -2.093208e+02) (-6.404203e-02 1.088875e+01 1.031600e-01)) ((-7.049058e+01 6.675848e-01 5.668711e-01) (-1.711069e-01 -3.134768e-03 6.581832e-03))
504.82        	((-2.789455e+00 1.100906e+03 -2.093203e+02) (-6.403622e-02 1.088885e+01 1.032013e-01)) ((-7.049098e+01 6.681844e-01 5.665665e-01) (-1.711134e-01 -3.134976e-03 6.583708e-03))
504.83        	((-2.786383e+00 1.100892e+03 -2.093201e+02) (-6.403004e-02 1.088894e+01 1.032375e-01)) ((-7.049134e+01 6.688158e-01 5.662295e-01) (-1.711198e-01 -3.134989e-03 6.585622e-03))
504.84        	((-2.783276e+00 1.100877e+03 -2.093204e+02) (-6.402284e-02 1.088903e+01 1.032688e-01)) ((-7.049173e+01 6.694660e-01 5.658689e-01) (-1.711258e-01 -3.134763e-03 6.587136e-03))
504.85        	((-2.780165e+00 1.100863e+03 -2.093210e+02) (-6.401528e-02 1.088911e+01 1.032948e-01)) ((-7.049209e+01 6.701521e-01 5.654650e-01) (-1.711316e-01 -3.134335e-03 6.588795e-03))
504.86        	((-2.777045e+00 1.100848e+03 -2.093220e+02) (-6.400664e-02 1.088918e+01 1.033157e-01)) ((-7.049246e+01 6.708531e-01 5.650288e-01) (-1.711368e-01 -3.133668e-03 6.589920e-03))
504.87        	((-2.773918e+00 1.100833e+03 -2.093234e+02) (-6.399781e-02 1.088924e+01 1.033310e-01)) ((-7.049284e+01 6.715547e-01 5.645704e-01) (-1.711418e-01 -3.132807e-03 6.591139e-03))
504.88        	((-2.770803e+00 1.100818e+03 -2.093250e+02) (-6.398801e-02 1.088930e+01 1.033412e-01)) ((-7.049325e+01 6.722588e-01 5.640948e-01) (-1.711462e-01 -3.131718e-03 6.591811e-03))
504.89        	((-2.767634e+00 1.100803e+03 -2.093270e+02) (-6.397778e-02 1.088935e+01 1.033456e-01)) ((-7.049368e+01 6.729846e-01 5.635952e-01) (-1.711493e-01 -3.130225e-03 6.592391e-03))
504.9         	((-2.764345e+00 1.100788e+03 -2.093292e+02) (-6.396623e-02 1.088939e+01 1.033446e-01)) ((-7.049411e+01 6.738224e-01 5.630263e-01) (-1.711514e-01 -3.128150e-03 6.592473e-03))
504.91        	((-2.761090e+00 1.100773e+03 -2.093317e+02) (-6.395444e-02 1.088942e+01 1.033382e-01)) ((-7.049461e+01 6.746527e-01 5.624400e-01) (-1.711531e-01 -3.125763e-03 6.592668e-03))
504.92        	((-2.757813e+00 1.100758e+03 -2.093345e+02) (-6.394169e-02 1.088945e+01 1.033266e-01)) ((-7.049513e+01 6.755209e-01 5.618178e-01) (-1.711547e-01 -3.123211e-03 6.592485e-03))
504.93        	((-2.754512e+00 1.100742e+03 -2.093374e+02) (-6.392935e-02 1.088947e+01 1.033102e-01)) ((-7.049564e+01 6.764315e-01 5.611648e-01) (-1.711567e-01 -3.120842e-03 6.592494e-03))
504.94        	((-2.751196e+00 1.100727e+03 -2.093404e+02) (-6.391652e-02 1.088949e+01 1.032891e-01)) ((-7.049618e+01 6.773592e-01 5.604908e-01) (-1.711586e-01 -3.118449e-03 6.592055e-03))
504.95        	((-2.747901e+00 1.100712e+03 -2.093435e+02) (-6.390367e-02 1.088950e+01 1.032630e-01)) ((-7.049673e+01 6.782750e-01 5.598067e-01) (-1.711607e-01 -3.115969e-03 6.591741e-03))
504.96        	((-2.745602e+00 1.100694e+03 -2.093462e+02) (-6.389020e-02 1.088950e+01 1.032326e-01)) ((-7.049711e+01 6.790235e-01 5.591947e-01) (-1.711621e-01 -3.113221e-03 6.591002e-03))
504.97        	((-2.742200e+00 1.100677e+03 -2.093492e+02) (-6.387675e-02 1.088950e+01 1.031974e-01)) ((-7.049766e+01 6.800454e-01 5.584260e-01) (-1.711641e-01 -3.110256e-03 6.590415e-03))
504.98        	((-2.738474e+00 1.100661e+03 -2.093527e+02) (-6.386242e-02 1.088949e+01 1.031583e-01)) ((-7.049835e+01 6.810233e-01 5.576822e-01) (-1.711657e-01 -3.107128e-03 6.589398e-03))
504.99        	((-2.736091e+00 1.100644e+03 -2.093558e+02) (-6.384830e-02 1.088948e+01 1.031157e-01)) ((-7.049903e+01 6.817974e-01 5.570256e-01) (-1.711672e-01 -3.103965e-03 6.588531e-03))
505           	((-2.733072e+00 1.100628e+03 -2.093592e+02) (-6.383306e-02 1.088946e+01 1.030693e-01)) ((-7.049973e+01 6.826221e-01 5.563374e-01) (-1.711685e-01 -3.100492e-03 6.586996e-03))
