# Forces      
# CofR        : (0.000000e+00 0.000000e+00 0.000000e+00)
# Time        forces(pressure viscous)	moments(pressure viscous)
500           	((3.373476e+00 6.021765e+03 -3.597570e+03) (3.976944e-05 4.015684e+00 -1.228770e-01)) ((-1.106078e+03 1.552006e-01 4.371479e-01) (-1.717583e-01 -3.108883e-05 -1.740259e-04))
500.01        	((6.362200e+00 4.281194e+03 -2.480187e+03) (-5.172222e-04 2.886354e+00 3.588141e-01)) ((-5.257810e+02 2.542906e-01 -3.833017e-01) (3.822163e-02 -3.203508e-04 5.655832e-04))
500.02        	((2.785516e+00 1.701826e+02 4.584031e+02) (-6.415693e-04 1.951472e+00 7.066528e-01)) ((4.467831e+02 3.061776e-01 -1.234105e+00) (2.076343e-01 -3.621616e-04 9.976999e-04))
500.03        	((-1.967627e-01 -1.483745e+03 1.096876e+03) (-6.425350e-04 2.039038e+00 7.253325e-01)) ((6.716395e+02 -5.753615e-01 -7.544890e-02) (1.803491e-01 -1.810665e-04 5.967891e-04))
500.04        	((7.219541e+00 -1.021668e+03 4.108168e+02) (2.848701e-03 3.290865e+00 2.504437e-01)) ((2.443678e+02 -1.225351e+00 1.413279e+00) (-1.027936e-01 2.258983e-04 -1.448604e-04))
500.05        	((6.709466e+00 -9.304970e+01 -2.635801e+02) (2.492156e-03 4.643489e+00 -1.452843e-01)) ((-1.791870e+02 -1.092529e+00 1.482376e+00) (-3.304532e-01 -1.121665e-03 1.587025e-03))
500.06        	((-3.146825e+00 4.408006e+02 -2.819760e+02) (-5.440792e-04 4.894395e+00 -6.917559e-02)) ((-2.522215e+02 -7.165193e-01 6.241007e-01) (-3.055628e-01 -1.024283e-03 2.544796e-03))
500.07        	((-6.399484e+00 6.192498e+02 -3.682374e+01) (-7.272896e-03 4.450416e+00 2.990503e-01)) ((-6.480073e+01 4.372654e-02 -7.843861e-01) (-1.520662e-01 -2.742380e-03 5.518463e-03))
500.08        	((-2.358592e+00 6.579881e+02 -9.481180e+01) (-1.237024e-02 3.954727e+00 6.095051e-01)) ((1.008838e+02 5.144111e-01 -7.085161e-01) (1.959430e-02 -3.322990e-03 6.826654e-03))
500.09        	((5.646454e+00 6.868657e+02 -5.130879e+02) (-8.084159e-03 3.859876e+00 6.020581e-01)) ((7.064464e+01 1.804968e+00 -1.234294e+00) (1.002307e-01 -1.287284e-03 4.136194e-03))
500.1         	((6.995052e+00 3.708069e+02 -5.310794e+02) (-3.152164e-03 4.217136e+00 2.491162e-01)) ((-4.337162e+00 2.045812e-01 -2.959627e-01) (2.182906e-02 5.221950e-04 2.634989e-03))
500.11        	((-2.378568e+00 1.527364e+01 -3.233959e+02) (1.799550e-04 4.650931e+00 -9.619168e-02)) ((-4.889564e+01 -1.435307e+00 3.533000e-01) (-8.792227e-02 5.505303e-05 2.211749e-03))
500.12        	((-8.899894e+00 -1.242406e+02 -1.002230e+02) (1.332840e-03 4.809093e+00 -2.043091e-01)) ((-2.829686e+01 -1.391017e+00 1.031284e-01) (-1.320406e-01 -3.439034e-04 1.096953e-03))
500.13        	((-7.567897e+00 2.507799e+01 -8.687218e+01) (-6.652719e-03 4.661100e+00 -1.806947e-01)) ((1.067470e+01 -3.231827e-01 2.046289e-01) (-1.390033e-01 -1.406841e-03 2.583425e-03))
500.14        	((-4.600149e+00 2.544679e+02 -2.290070e+02) (-9.102021e-03 4.453192e+00 -2.093137e-01)) ((2.087420e+01 2.133775e-01 7.251251e-01) (-1.214752e-01 -1.406191e-03 2.393300e-03))
500.15        	((-5.207164e+00 3.497418e+02 -3.662481e+02) (-7.845938e-03 4.341404e+00 -3.961228e-01)) ((-1.620523e+00 3.247547e-01 6.880604e-01) (-1.013339e-01 -7.503483e-04 1.430074e-03))
500.16        	((-1.057739e+01 2.832477e+02 -4.119128e+02) (-9.731702e-03 4.289039e+00 -6.622157e-01)) ((-2.688859e+01 5.713333e-01 1.385477e-01) (-9.856279e-02 -5.438904e-04 1.848670e-03))
500.17        	((-1.630512e+01 1.883201e+02 -4.046440e+02) (-1.648050e-02 4.189260e+00 -8.672995e-01)) ((-3.431394e+01 1.326579e+00 -7.117063e-01) (-1.044136e-01 -1.598715e-04 2.422520e-03))
500.18        	((-2.304904e+01 1.755846e+02 -4.116930e+02) (-2.561809e-02 4.012262e+00 -9.833498e-01)) ((-2.362771e+01 2.238369e+00 -1.446025e+00) (-1.098268e-01 7.896566e-04 2.123371e-03))
500.19        	((-3.211405e+01 2.329802e+02 -4.348535e+02) (-3.688829e-02 3.827917e+00 -1.070185e+00)) ((-8.014022e+00 3.179666e+00 -2.465143e+00) (-1.090521e-01 2.174912e-03 1.228132e-03))
500.2         	((-4.241409e+01 2.793191e+02 -4.345989e+02) (-5.200960e-02 3.693902e+00 -1.189999e+00)) ((-2.740646e-02 4.027396e+00 -4.267570e+00) (-1.002976e-01 3.820547e-03 9.417595e-05))
500.21        	((-5.038660e+01 2.657368e+02 -3.884330e+02) (-7.049258e-02 3.611576e+00 -1.340839e+00)) ((-4.705148e+00 4.867147e+00 -6.547600e+00) (-8.351115e-02 5.358529e-03 -1.393834e-03))
500.22        	((-5.725163e+01 2.271473e+02 -3.442055e+02) (-9.034217e-02 3.539387e+00 -1.478515e+00)) ((-1.980388e+01 5.467664e+00 -8.346771e+00) (-6.269510e-02 6.581524e-03 -3.436404e-03))
500.23        	((-6.510371e+01 2.118115e+02 -3.416017e+02) (-1.118157e-01 3.450734e+00 -1.575628e+00)) ((-3.412301e+01 5.898160e+00 -9.229163e+00) (-4.357216e-02 7.455526e-03 -5.920276e-03))
500.24        	((-7.380090e+01 2.279853e+02 -3.683993e+02) (-1.353803e-01 3.356456e+00 -1.644850e+00)) ((-3.865844e+01 6.529103e+00 -9.509906e+00) (-2.941079e-02 7.735898e-03 -8.086263e-03))
500.25        	((-8.089598e+01 2.478479e+02 -3.832099e+02) (-1.625396e-01 3.287397e+00 -1.718308e+00)) ((-3.403715e+01 7.624846e+00 -9.739320e+00) (-1.687733e-02 8.564545e-03 -1.027173e-02))
500.26        	((-8.457361e+01 2.472213e+02 -3.649016e+02) (-1.933333e-01 3.256480e+00 -1.812134e+00)) ((-2.884390e+01 9.057436e+00 -1.008969e+01) (-3.551683e-03 1.024566e-02 -1.279602e-02))
500.27        	((-8.555923e+01 2.284950e+02 -3.288904e+02) (-2.273139e-01 3.256527e+00 -1.920712e+00)) ((-3.098099e+01 1.036766e+01 -1.022393e+01) (1.146141e-02 1.298828e-02 -1.611700e-02))
500.28        	((-8.606434e+01 2.103007e+02 -3.036333e+02) (-2.629929e-01 3.266821e+00 -2.028491e+00)) ((-4.084821e+01 1.120396e+01 -9.746187e+00) (2.598248e-02 1.615425e-02 -1.975865e-02))
500.29        	((-8.762028e+01 2.048769e+02 -3.015072e+02) (-3.001096e-01 3.273631e+00 -2.125116e+00)) ((-5.207269e+01 1.160507e+01 -8.612669e+00) (3.589514e-02 1.939606e-02 -2.291000e-02))
500.3         	((-8.999751e+01 2.084821e+02 -3.123271e+02) (-3.408346e-01 3.282538e+00 -2.219001e+00)) ((-5.796145e+01 1.189404e+01 -7.143297e+00) (4.311884e-02 2.234334e-02 -2.557915e-02))
500.31        	((-9.162710e+01 2.094128e+02 -3.179817e+02) (-3.852214e-01 3.297031e+00 -2.314988e+00)) ((-5.711235e+01 1.232034e+01 -5.671343e+00) (4.355946e-02 2.502181e-02 -2.741141e-02))
500.32        	((-9.108986e+01 2.010455e+02 -3.094245e+02) (-4.335494e-01 3.325109e+00 -2.420391e+00)) ((-5.342654e+01 1.284154e+01 -4.252792e+00) (3.986305e-02 2.819679e-02 -2.817680e-02))
500.33        	((-8.811107e+01 1.861113e+02 -2.909221e+02) (-4.838975e-01 3.362323e+00 -2.530578e+00)) ((-5.178873e+01 1.320706e+01 -2.776062e+00) (3.077277e-02 3.103846e-02 -2.759917e-02))
500.34        	((-8.351069e+01 1.718017e+02 -2.726510e+02) (-5.357821e-01 3.403959e+00 -2.642441e+00)) ((-5.388000e+01 1.324029e+01 -1.101133e+00) (1.785462e-02 3.408113e-02 -2.624843e-02))
500.35        	((-7.853536e+01 1.624074e+02 -2.608445e+02) (-5.867847e-01 3.440938e+00 -2.749073e+00)) ((-5.784484e+01 1.300055e+01 6.934495e-01) (-3.002116e-05 3.566383e-02 -2.290980e-02))
500.36        	((-7.381595e+01 1.565894e+02 -2.541941e+02) (-6.394140e-01 3.475205e+00 -2.851202e+00)) ((-6.055520e+01 1.266313e+01 2.442222e+00) (-2.023570e-02 3.731587e-02 -1.831945e-02))
500.37        	((-6.932359e+01 1.499345e+02 -2.469439e+02) (-6.919825e-01 3.504201e+00 -2.949306e+00)) ((-6.042341e+01 1.237219e+01 3.936818e+00) (-4.391223e-02 3.768609e-02 -1.199287e-02))
500.38        	((-6.456650e+01 1.396900e+02 -2.350074e+02) (-7.455567e-01 3.534462e+00 -3.047096e+00)) ((-5.804521e+01 1.214940e+01 5.101917e+00) (-7.221778e-02 3.748468e-02 -4.082038e-03))
500.39        	((-5.930413e+01 1.268938e+02 -2.187606e+02) (-7.984759e-01 3.560845e+00 -3.140328e+00)) ((-5.516665e+01 1.195141e+01 5.928701e+00) (-1.059348e-01 3.644940e-02 5.918375e-03))
500.4         	((-5.380049e+01 1.148803e+02 -2.018181e+02) (-8.503699e-01 3.579327e+00 -3.225102e+00)) ((-5.304208e+01 1.172664e+01 6.496024e+00) (-1.435329e-01 3.503436e-02 1.696622e-02))
500.41        	((-4.883202e+01 1.060677e+02 -1.874016e+02) (-9.014335e-01 3.587563e+00 -3.298173e+00)) ((-5.182720e+01 1.152756e+01 6.825468e+00) (-1.819301e-01 3.325483e-02 2.914603e-02))
500.42        	((-4.495259e+01 1.003435e+02 -1.762847e+02) (-9.506750e-01 3.588787e+00 -3.360768e+00)) ((-5.087321e+01 1.142557e+01 6.944788e+00) (-2.224466e-01 3.138946e-02 4.172495e-02))
500.43        	((-4.234817e+01 9.578646e+01 -1.670016e+02) (-9.984320e-01 3.584408e+00 -3.412789e+00)) ((-4.950595e+01 1.146632e+01 6.869468e+00) (-2.643586e-01 2.923967e-02 5.465898e-02))
500.44        	((-4.075210e+01 9.095290e+01 -1.579745e+02) (-1.046337e+00 3.574554e+00 -3.453278e+00)) ((-4.752721e+01 1.164042e+01 6.602433e+00) (-3.070379e-01 2.751340e-02 6.857553e-02))
500.45        	((-3.988418e+01 8.609038e+01 -1.490039e+02) (-1.093731e+00 3.557150e+00 -3.480660e+00)) ((-4.516475e+01 1.185289e+01 6.194165e+00) (-3.500491e-01 2.607674e-02 8.303443e-02))
500.46        	((-3.959160e+01 8.265157e+01 -1.415663e+02) (-1.141857e+00 3.534234e+00 -3.494754e+00)) ((-4.291379e+01 1.203707e+01 5.714172e+00) (-3.926815e-01 2.500622e-02 9.806174e-02))
500.47        	((-3.993599e+01 8.166536e+01 -1.373559e+02) (-1.188656e+00 3.506076e+00 -3.495000e+00)) ((-4.119445e+01 1.218711e+01 5.222053e+00) (-4.333818e-01 2.400756e-02 1.134012e-01))
500.48        	((-4.088812e+01 8.315577e+01 -1.370784e+02) (-1.234404e+00 3.474609e+00 -3.483919e+00)) ((-4.016887e+01 1.231501e+01 4.776365e+00) (-4.710090e-01 2.350372e-02 1.287060e-01))
500.49        	((-4.232100e+01 8.635975e+01 -1.403016e+02) (-1.279753e+00 3.443965e+00 -3.468139e+00)) ((-3.974824e+01 1.240994e+01 4.441409e+00) (-5.041636e-01 2.323010e-02 1.437020e-01))
500.5         	((-4.410277e+01 9.083392e+01 -1.462624e+02) (-1.324648e+00 3.415148e+00 -3.450218e+00)) ((-3.982287e+01 1.246462e+01 4.239720e+00) (-5.335244e-01 2.302228e-02 1.586837e-01))
500.51        	((-4.610409e+01 9.668427e+01 -1.544473e+02) (-1.368872e+00 3.389345e+00 -3.433130e+00)) ((-4.029663e+01 1.248012e+01 4.154928e+00) (-5.587952e-01 2.318869e-02 1.733877e-01))
500.52        	((-4.837824e+01 1.041933e+02 -1.646710e+02) (-1.412875e+00 3.368218e+00 -3.419822e+00)) ((-4.112179e+01 1.248386e+01 4.149677e+00) (-5.793452e-01 2.357144e-02 1.879956e-01))
500.53        	((-5.113162e+01 1.130738e+02 -1.764712e+02) (-1.456816e+00 3.354245e+00 -3.413574e+00)) ((-4.218187e+01 1.251988e+01 4.204093e+00) (-5.949861e-01 2.437600e-02 2.022031e-01))
500.54        	((-5.452121e+01 1.224240e+02 -1.888985e+02) (-1.501781e+00 3.349080e+00 -3.417034e+00)) ((-4.331711e+01 1.265096e+01 4.300333e+00) (-6.055749e-01 2.581647e-02 2.159041e-01))
500.55        	((-5.828853e+01 1.311208e+02 -2.013049e+02) (-1.548649e+00 3.353836e+00 -3.433679e+00)) ((-4.456418e+01 1.288343e+01 4.423851e+00) (-6.117803e-01 2.810753e-02 2.289361e-01))
500.56        	((-6.221565e+01 1.396446e+02 -2.136792e+02) (-1.597804e+00 3.368582e+00 -3.462483e+00)) ((-4.582386e+01 1.322430e+01 4.540588e+00) (-6.142573e-01 3.133137e-02 2.412694e-01))
500.57        	((-6.603101e+01 1.490756e+02 -2.269102e+02) (-1.649013e+00 3.393721e+00 -3.505090e+00)) ((-4.711015e+01 1.363730e+01 4.632870e+00) (-6.134218e-01 3.544235e-02 2.527931e-01))
500.58        	((-6.950647e+01 1.601993e+02 -2.420357e+02) (-1.702159e+00 3.430963e+00 -3.564217e+00)) ((-4.849351e+01 1.406270e+01 4.718967e+00) (-6.095711e-01 4.017537e-02 2.636984e-01))
500.59        	((-7.249735e+01 1.730604e+02 -2.593697e+02) (-1.755497e+00 3.481549e+00 -3.642437e+00)) ((-4.994062e+01 1.444781e+01 4.839293e+00) (-6.028950e-01 4.507157e-02 2.742221e-01))
500.6         	((-7.497482e+01 1.871972e+02 -2.784249e+02) (-1.807570e+00 3.546934e+00 -3.741936e+00)) ((-5.135611e+01 1.477553e+01 5.021780e+00) (-5.934826e-01 4.958615e-02 2.845656e-01))
500.61        	((-7.694284e+01 2.021379e+02 -2.984595e+02) (-1.857548e+00 3.627570e+00 -3.863383e+00)) ((-5.266578e+01 1.506226e+01 5.269507e+00) (-5.814308e-01 5.380827e-02 2.942953e-01))
500.62        	((-7.839328e+01 2.176581e+02 -3.190372e+02) (-1.903761e+00 3.723331e+00 -4.006282e+00)) ((-5.392534e+01 1.533023e+01 5.550157e+00) (-5.670081e-01 5.696024e-02 3.040068e-01))
500.63        	((-7.916394e+01 2.337519e+02 -3.401385e+02) (-1.946312e+00 3.833338e+00 -4.170291e+00)) ((-5.520087e+01 1.556180e+01 5.869657e+00) (-5.502413e-01 5.926997e-02 3.131116e-01))
500.64        	((-7.910102e+01 2.504194e+02 -3.617538e+02) (-1.983190e+00 3.957343e+00 -4.353740e+00)) ((-5.658572e+01 1.571536e+01 6.253907e+00) (-5.315155e-01 6.007683e-02 3.218268e-01))
500.65        	((-7.801155e+01 2.674567e+02 -3.835973e+02) (-2.014658e+00 4.094364e+00 -4.555224e+00)) ((-5.806581e+01 1.572582e+01 6.789435e+00) (-5.112210e-01 6.014221e-02 3.288709e-01))
500.66        	((-7.588723e+01 2.843800e+02 -4.049902e+02) (-2.038114e+00 4.242195e+00 -4.771064e+00)) ((-5.962074e+01 1.557167e+01 7.494013e+00) (-4.899424e-01 5.826646e-02 3.351762e-01))
500.67        	((-7.280710e+01 3.006647e+02 -4.252735e+02) (-2.053935e+00 4.397700e+00 -4.997205e+00)) ((-6.122211e+01 1.526276e+01 8.374355e+00) (-4.676761e-01 5.541978e-02 3.394850e-01))
500.68        	((-6.894023e+01 3.158138e+02 -4.439379e+02) (-2.061150e+00 4.557272e+00 -5.227999e+00)) ((-6.292458e+01 1.484104e+01 9.365263e+00) (-4.447450e-01 5.123293e-02 3.423277e-01))
500.69        	((-6.437497e+01 3.295629e+02 -4.613148e+02) (-2.060599e+00 4.716252e+00 -5.464646e+00)) ((-6.493294e+01 1.434050e+01 1.043054e+01) (-4.204848e-01 4.736094e-02 3.431571e-01))
500.7         	((-5.939037e+01 3.419153e+02 -4.768996e+02) (-2.050968e+00 4.872298e+00 -5.687848e+00)) ((-6.708717e+01 1.382929e+01 1.143475e+01) (-3.991485e-01 4.165986e-02 3.408390e-01))
500.71        	((-5.404635e+01 3.526224e+02 -4.910222e+02) (-2.033392e+00 5.018477e+00 -5.905503e+00)) ((-6.950356e+01 1.331799e+01 1.236506e+01) (-3.787796e-01 3.630139e-02 3.360652e-01))
500.72        	((-4.849745e+01 3.617233e+02 -5.037191e+02) (-2.008154e+00 5.150016e+00 -6.104599e+00)) ((-7.208557e+01 1.282934e+01 1.318179e+01) (-3.609025e-01 3.105289e-02 3.287608e-01))
500.73        	((-4.306083e+01 3.693198e+02 -5.145618e+02) (-1.975293e+00 5.262345e+00 -6.273830e+00)) ((-7.460174e+01 1.236998e+01 1.385533e+01) (-3.465224e-01 2.589945e-02 3.192818e-01))
500.74        	((-3.756523e+01 3.752193e+02 -5.241406e+02) (-1.935102e+00 5.352650e+00 -6.425399e+00)) ((-7.720942e+01 1.189957e+01 1.444689e+01) (-3.354165e-01 2.185403e-02 3.082362e-01))
500.75        	((-3.207226e+01 3.797408e+02 -5.328126e+02) (-1.888405e+00 5.417291e+00 -6.548465e+00)) ((-7.987435e+01 1.140514e+01 1.499231e+01) (-3.279745e-01 1.874762e-02 2.963346e-01))
500.76        	((-2.683355e+01 3.832583e+02 -5.402736e+02) (-1.836287e+00 5.454152e+00 -6.634558e+00)) ((-8.237856e+01 1.088173e+01 1.550120e+01) (-3.238944e-01 1.647297e-02 2.842218e-01))
500.77        	((-2.179216e+01 3.857651e+02 -5.465921e+02) (-1.780086e+00 5.463551e+00 -6.693478e+00)) ((-8.467845e+01 1.032479e+01 1.599600e+01) (-3.226818e-01 1.526996e-02 2.725167e-01))
500.78        	((-1.690005e+01 3.874072e+02 -5.520249e+02) (-1.720599e+00 5.446807e+00 -6.726401e+00)) ((-8.679237e+01 9.728827e+00 1.649318e+01) (-3.238825e-01 1.507923e-02 2.617067e-01))
500.79        	((-1.221645e+01 3.884780e+02 -5.568012e+02) (-1.660422e+00 5.406550e+00 -6.736317e+00)) ((-8.872328e+01 9.085514e+00 1.702078e+01) (-3.263892e-01 1.643205e-02 2.515363e-01))
500.8         	((-7.874866e+00 3.892840e+02 -5.610133e+02) (-1.600946e+00 5.345964e+00 -6.726987e+00)) ((-9.046878e+01 8.390441e+00 1.760694e+01) (-3.286549e-01 1.868109e-02 2.422832e-01))
500.81        	((-4.001074e+00 3.899982e+02 -5.646058e+02) (-1.543854e+00 5.269059e+00 -6.702228e+00)) ((-9.203271e+01 7.659090e+00 1.825867e+01) (-3.296278e-01 2.180926e-02 2.333856e-01))
500.82        	((-6.610824e-01 3.906411e+02 -5.674772e+02) (-1.489647e+00 5.180207e+00 -6.666060e+00)) ((-9.341170e+01 6.907273e+00 1.896015e+01) (-3.289628e-01 2.516544e-02 2.247739e-01))
500.83        	((2.171486e+00 3.911937e+02 -5.695938e+02) (-1.439905e+00 5.083380e+00 -6.623085e+00)) ((-9.457471e+01 6.141793e+00 1.970213e+01) (-3.256952e-01 2.892779e-02 2.162257e-01))
500.84        	((4.503864e+00 3.916920e+02 -5.710841e+02) (-1.394977e+00 4.982588e+00 -6.576683e+00)) ((-9.553652e+01 5.367770e+00 2.048048e+01) (-3.196546e-01 3.286904e-02 2.077519e-01))
500.85        	((6.318951e+00 3.922361e+02 -5.722243e+02) (-1.354945e+00 4.881074e+00 -6.529650e+00)) ((-9.635980e+01 4.597735e+00 2.129213e+01) (-3.107136e-01 3.671334e-02 1.994730e-01))
500.86        	((7.625609e+00 3.928819e+02 -5.731780e+02) (-1.319873e+00 4.781394e+00 -6.484074e+00)) ((-9.708729e+01 3.845946e+00 2.213046e+01) (-2.989032e-01 4.033618e-02 1.913961e-01))
500.87        	((8.469811e+00 3.936141e+02 -5.739995e+02) (-1.289824e+00 4.685330e+00 -6.441519e+00)) ((-9.772136e+01 3.121184e+00 2.298516e+01) (-2.845578e-01 4.368073e-02 1.835293e-01))
500.88        	((9.056057e+00 3.942546e+02 -5.741777e+02) (-1.264390e+00 4.594920e+00 -6.403285e+00)) ((-9.817455e+01 2.437932e+00 2.383123e+01) (-2.684585e-01 4.665154e-02 1.759899e-01))
500.89        	((9.276278e+00 3.949246e+02 -5.742868e+02) (-1.244071e+00 4.511148e+00 -6.369282e+00)) ((-9.852000e+01 1.788477e+00 2.467502e+01) (-2.508907e-01 4.924751e-02 1.687896e-01))
500.9         	((9.072508e+00 3.956864e+02 -5.746609e+02) (-1.227843e+00 4.434858e+00 -6.340171e+00)) ((-9.883165e+01 1.171411e+00 2.551863e+01) (-2.324223e-01 5.133064e-02 1.618210e-01))
500.91        	((8.506517e+00 3.965542e+02 -5.752438e+02) (-1.216375e+00 4.366632e+00 -6.317445e+00)) ((-9.911995e+01 5.937358e-01 2.635742e+01) (-2.139415e-01 5.320373e-02 1.555259e-01))
500.92        	((7.659900e+00 3.975143e+02 -5.758630e+02) (-1.208655e+00 4.306074e+00 -6.299712e+00)) ((-9.937005e+01 6.886720e-02 2.717618e+01) (-1.952965e-01 5.468928e-02 1.495132e-01))
500.93        	((6.581490e+00 3.985391e+02 -5.763648e+02) (-1.205861e+00 4.252974e+00 -6.287877e+00)) ((-9.957767e+01 -3.957654e-01 2.796459e+01) (-1.774411e-01 5.608055e-02 1.444844e-01))
500.94        	((5.265723e+00 3.996070e+02 -5.767786e+02) (-1.206491e+00 4.207115e+00 -6.280352e+00)) ((-9.976099e+01 -7.956284e-01 2.871646e+01) (-1.601807e-01 5.716882e-02 1.401383e-01))
500.95        	((3.707579e+00 4.006910e+02 -5.771722e+02) (-1.209843e+00 4.167379e+00 -6.275883e+00)) ((-9.992896e+01 -1.131574e+00 2.943345e+01) (-1.435478e-01 5.795618e-02 1.359063e-01))
500.96        	((1.920835e+00 4.018289e+02 -5.775989e+02) (-1.216912e+00 4.135439e+00 -6.276488e+00)) ((-1.000811e+02 -1.410686e+00 3.012179e+01) (-1.288994e-01 5.893895e-02 1.329659e-01))
500.97        	((-1.162371e-01 4.030365e+02 -5.780854e+02) (-1.227055e+00 4.109846e+00 -6.280793e+00)) ((-1.002146e+02 -1.637337e+00 3.077686e+01) (-1.153289e-01 5.982161e-02 1.305575e-01))
500.98        	((-2.420594e+00 4.043107e+02 -5.786253e+02) (-1.239760e+00 4.089661e+00 -6.288210e+00)) ((-1.003378e+02 -1.807425e+00 3.138861e+01) (-1.030189e-01 6.062458e-02 1.286023e-01))
500.99        	((-4.982279e+00 4.056335e+02 -5.792020e+02) (-1.254958e+00 4.074227e+00 -6.298266e+00)) ((-1.004591e+02 -1.919072e+00 3.195383e+01) (-9.197510e-02 6.136579e-02 1.270759e-01))
501           	((-7.805007e+00 4.069955e+02 -5.798095e+02) (-1.272559e+00 4.062977e+00 -6.310047e+00)) ((-1.005831e+02 -1.976986e+00 3.247361e+01) (-8.198008e-02 6.210441e-02 1.260447e-01))
501.01        	((-1.089687e+01 4.083977e+02 -5.804627e+02) (-1.292412e+00 4.055498e+00 -6.323907e+00)) ((-1.007167e+02 -1.986657e+00 3.295690e+01) (-7.312003e-02 6.284678e-02 1.255558e-01))
501.02        	((-1.440336e+01 4.098631e+02 -5.813743e+02) (-1.314372e+00 4.051868e+00 -6.340094e+00)) ((-1.008959e+02 -1.955382e+00 3.341818e+01) (-6.550609e-02 6.349520e-02 1.253376e-01))
501.03        	((-1.822883e+01 4.113626e+02 -5.823211e+02) (-1.338331e+00 4.051502e+00 -6.357395e+00)) ((-1.010769e+02 -1.884441e+00 3.385298e+01) (-5.877363e-02 6.419392e-02 1.254432e-01))
501.04        	((-2.232015e+01 4.128863e+02 -5.832004e+02) (-1.364449e+00 4.053867e+00 -6.375802e+00)) ((-1.012294e+02 -1.768868e+00 3.424774e+01) (-5.281033e-02 6.485798e-02 1.259153e-01))
501.05        	((-2.672767e+01 4.144396e+02 -5.840833e+02) (-1.392631e+00 4.058592e+00 -6.394998e+00)) ((-1.013694e+02 -1.619576e+00 3.461317e+01) (-4.758333e-02 6.543300e-02 1.266515e-01))
501.06        	((-3.149360e+01 4.159892e+02 -5.850452e+02) (-1.422792e+00 4.065406e+00 -6.414560e+00)) ((-1.015150e+02 -1.442516e+00 3.495930e+01) (-4.294043e-02 6.595703e-02 1.276912e-01))
501.07        	((-3.664011e+01 4.175458e+02 -5.861144e+02) (-1.454935e+00 4.074106e+00 -6.434294e+00)) ((-1.016761e+02 -1.248422e+00 3.529679e+01) (-3.898130e-02 6.635633e-02 1.289842e-01))
501.08        	((-4.215175e+01 4.191491e+02 -5.873002e+02) (-1.488953e+00 4.084514e+00 -6.454122e+00)) ((-1.018493e+02 -1.030809e+00 3.562026e+01) (-3.540497e-02 6.679655e-02 1.304739e-01))
501.09        	((-4.799738e+01 4.208364e+02 -5.886053e+02) (-1.525189e+00 4.096406e+00 -6.473150e+00)) ((-1.020390e+02 -7.925349e-01 3.592826e+01) (-3.222890e-02 6.735442e-02 1.325996e-01))
501.1         	((-5.415803e+01 4.225910e+02 -5.899924e+02) (-1.563767e+00 4.109695e+00 -6.493475e+00)) ((-1.022162e+02 -5.395380e-01 3.623353e+01) (-2.986958e-02 6.721367e-02 1.348961e-01))
501.11        	((-6.063199e+01 4.244255e+02 -5.914624e+02) (-1.604188e+00 4.124152e+00 -6.512952e+00)) ((-1.023858e+02 -2.751290e-01 3.653745e+01) (-2.765085e-02 6.722107e-02 1.374577e-01))
501.12        	((-6.741511e+01 4.263567e+02 -5.930764e+02) (-1.646905e+00 4.139771e+00 -6.532184e+00)) ((-1.025723e+02 -4.541296e-03 3.684102e+01) (-2.580299e-02 6.703595e-02 1.403634e-01))
501.13        	((-7.450294e+01 4.283747e+02 -5.948028e+02) (-1.691628e+00 4.156090e+00 -6.550855e+00)) ((-1.027809e+02 2.689983e-01 3.714572e+01) (-2.423259e-02 6.680694e-02 1.435896e-01))
501.14        	((-8.189100e+01 4.304871e+02 -5.966546e+02) (-1.738443e+00 4.173270e+00 -6.569484e+00)) ((-1.030166e+02 5.424917e-01 3.745204e+01) (-2.295389e-02 6.639206e-02 1.470849e-01))
501.15        	((-8.957823e+01 4.326692e+02 -5.986005e+02) (-1.787498e+00 4.191612e+00 -6.588326e+00)) ((-1.032585e+02 8.181132e-01 3.775911e+01) (-2.191112e-02 6.556734e-02 1.506657e-01))
501.16        	((-9.753718e+01 4.348911e+02 -6.006324e+02) (-1.838666e+00 4.210917e+00 -6.607113e+00)) ((-1.034925e+02 1.096342e+00 3.807873e+01) (-2.104471e-02 6.442790e-02 1.543511e-01))
501.17        	((-1.057044e+02 4.371449e+02 -6.027538e+02) (-1.891774e+00 4.231306e+00 -6.625470e+00)) ((-1.037146e+02 1.379493e+00 3.841377e+01) (-2.018365e-02 6.310022e-02 1.582431e-01))
501.18        	((-1.140240e+02 4.394499e+02 -6.049881e+02) (-1.946924e+00 4.252516e+00 -6.643319e+00)) ((-1.039345e+02 1.665936e+00 3.876039e+01) (-1.932621e-02 6.166875e-02 1.623664e-01))
501.19        	((-1.224467e+02 4.418231e+02 -6.073505e+02) (-2.004051e+00 4.274162e+00 -6.660915e+00)) ((-1.041710e+02 1.953441e+00 3.911022e+01) (-1.858539e-02 6.007557e-02 1.667445e-01))
501.2         	((-1.309379e+02 4.442428e+02 -6.098448e+02) (-2.062924e+00 4.296004e+00 -6.677906e+00)) ((-1.044336e+02 2.231295e+00 3.945791e+01) (-1.776474e-02 5.832905e-02 1.713021e-01))
501.21        	((-1.394901e+02 4.466797e+02 -6.124420e+02) (-2.123803e+00 4.319357e+00 -6.695958e+00)) ((-1.047143e+02 2.501247e+00 3.980826e+01) (-1.759145e-02 5.565787e-02 1.758077e-01))
501.22        	((-1.480860e+02 4.490967e+02 -6.150969e+02) (-2.186469e+00 4.343190e+00 -6.713948e+00)) ((-1.049879e+02 2.762660e+00 4.016635e+01) (-1.767139e-02 5.300263e-02 1.807452e-01))
501.23        	((-1.566941e+02 4.514708e+02 -6.177998e+02) (-2.250581e+00 4.367644e+00 -6.732810e+00)) ((-1.052462e+02 3.003576e+00 4.053320e+01) (-1.764539e-02 4.997745e-02 1.856137e-01))
501.24        	((-1.652948e+02 4.537883e+02 -6.204458e+02) (-2.315814e+00 4.393004e+00 -6.753264e+00)) ((-1.054944e+02 3.242879e+00 4.089141e+01) (-1.856863e-02 4.585003e-02 1.905615e-01))
501.25        	((-1.737950e+02 4.559892e+02 -6.230052e+02) (-2.381877e+00 4.418021e+00 -6.773052e+00)) ((-1.057281e+02 3.503199e+00 4.123635e+01) (-1.907422e-02 4.191283e-02 1.959636e-01))
501.26        	((-1.821301e+02 4.580518e+02 -6.254805e+02) (-2.448901e+00 4.442971e+00 -6.792690e+00)) ((-1.059440e+02 3.771180e+00 4.157816e+01) (-1.949605e-02 3.802819e-02 2.016754e-01))
501.27        	((-1.902700e+02 4.599561e+02 -6.278753e+02) (-2.516695e+00 4.467712e+00 -6.812329e+00)) ((-1.061439e+02 4.031574e+00 4.191587e+01) (-1.995041e-02 3.413762e-02 2.077398e-01))
501.28        	((-1.980529e+02 4.618147e+02 -6.302271e+02) (-2.585158e+00 4.492066e+00 -6.832369e+00)) ((-1.063438e+02 4.264420e+00 4.225833e+01) (-2.074641e-02 3.012434e-02 2.140231e-01))
501.29        	((-2.054290e+02 4.633464e+02 -6.322358e+02) (-2.654027e+00 4.516218e+00 -6.852716e+00)) ((-1.064480e+02 4.496403e+00 4.258126e+01) (-2.169100e-02 2.580267e-02 2.204081e-01))
501.3         	((-2.124161e+02 4.643685e+02 -6.337327e+02) (-2.723205e+00 4.539933e+00 -6.872861e+00)) ((-1.064080e+02 4.735718e+00 4.287160e+01) (-2.257529e-02 2.101873e-02 2.265325e-01))
501.31        	((-2.189610e+02 4.648681e+02 -6.347209e+02) (-2.792050e+00 4.562559e+00 -6.892766e+00)) ((-1.062402e+02 4.977777e+00 4.313303e+01) (-2.343256e-02 1.599867e-02 2.326705e-01))
501.32        	((-2.249345e+02 4.648986e+02 -6.351820e+02) (-2.860493e+00 4.583778e+00 -6.912259e+00)) ((-1.059614e+02 5.215993e+00 4.336729e+01) (-2.457530e-02 1.083702e-02 2.389774e-01))
501.33        	((-2.302723e+02 4.644939e+02 -6.351261e+02) (-2.928013e+00 4.602888e+00 -6.930895e+00)) ((-1.055764e+02 5.440195e+00 4.357660e+01) (-2.581997e-02 5.535607e-03 2.453947e-01))
501.34        	((-2.345564e+02 4.633782e+02 -6.344337e+02) (-2.991759e+00 4.619795e+00 -6.948055e+00)) ((-1.050641e+02 5.665519e+00 4.373677e+01) (-2.718207e-02 6.626111e-05 2.516599e-01))
501.35        	((-2.382045e+02 4.617219e+02 -6.331141e+02) (-3.054546e+00 4.633910e+00 -6.963777e+00)) ((-1.044245e+02 5.860917e+00 4.387921e+01) (-2.855237e-02 -5.551211e-03 2.578157e-01))
501.36        	((-2.414941e+02 4.595633e+02 -6.311007e+02) (-3.115854e+00 4.645341e+00 -6.977398e+00)) ((-1.036545e+02 6.037428e+00 4.398998e+01) (-3.019851e-02 -1.148182e-02 2.640483e-01))
501.37        	((-2.443581e+02 4.568523e+02 -6.283708e+02) (-3.175770e+00 4.654264e+00 -6.990161e+00)) ((-1.027393e+02 6.206005e+00 4.407260e+01) (-3.075605e-02 -1.687434e-02 2.699665e-01))
501.38        	((-2.466417e+02 4.534423e+02 -6.248310e+02) (-3.232345e+00 4.659534e+00 -6.999400e+00)) ((-1.017215e+02 6.417293e+00 4.403929e+01) (-3.223971e-02 -2.316481e-02 2.763836e-01))
501.39        	((-2.480119e+02 4.493391e+02 -6.204920e+02) (-3.287409e+00 4.661101e+00 -7.008519e+00)) ((-1.005297e+02 6.614114e+00 4.398109e+01) (-3.206756e-02 -2.801275e-02 2.818346e-01))
501.4         	((-2.484948e+02 4.444755e+02 -6.152288e+02) (-3.337428e+00 4.657813e+00 -7.012315e+00)) ((-9.922772e+01 6.830383e+00 4.379931e+01) (-3.250883e-02 -3.371778e-02 2.878537e-01))
501.41        	((-2.480340e+02 4.389678e+02 -6.090928e+02) (-3.384656e+00 4.650077e+00 -7.013829e+00)) ((-9.776304e+01 7.022908e+00 4.357740e+01) (-3.264397e-02 -3.881382e-02 2.932512e-01))
501.42        	((-2.468125e+02 4.328714e+02 -6.020877e+02) (-3.427374e+00 4.638125e+00 -7.011317e+00)) ((-9.621471e+01 7.230501e+00 4.323968e+01) (-3.329864e-02 -4.446080e-02 2.989826e-01))
501.43        	((-2.447620e+02 4.262986e+02 -5.943003e+02) (-3.466716e+00 4.621865e+00 -7.006750e+00)) ((-9.454788e+01 7.413951e+00 4.287590e+01) (-3.334323e-02 -4.927351e-02 3.039302e-01))
501.44        	((-2.419256e+02 4.192199e+02 -5.857019e+02) (-3.500997e+00 4.601456e+00 -6.997026e+00)) ((-9.281433e+01 7.619277e+00 4.240576e+01) (-3.389442e-02 -5.448028e-02 3.090950e-01))
501.45        	((-2.381982e+02 4.116159e+02 -5.762718e+02) (-3.530796e+00 4.576496e+00 -6.983565e+00)) ((-9.095596e+01 7.821693e+00 4.188726e+01) (-3.440870e-02 -5.900117e-02 3.136437e-01))
501.46        	((-2.338016e+02 4.030553e+02 -5.656575e+02) (-3.555104e+00 4.546785e+00 -6.964829e+00)) ((-8.891828e+01 8.051323e+00 4.127440e+01) (-3.539378e-02 -6.360298e-02 3.182343e-01))
501.47        	((-2.291239e+02 3.927944e+02 -5.532540e+02) (-3.573862e+00 4.511266e+00 -6.941705e+00)) ((-8.655494e+01 8.287631e+00 4.062076e+01) (-3.655497e-02 -6.782794e-02 3.224730e-01))
501.48        	((-2.243793e+02 3.808695e+02 -5.391175e+02) (-3.588767e+00 4.470339e+00 -6.912253e+00)) ((-8.389691e+01 8.537889e+00 3.993548e+01) (-3.770639e-02 -7.139157e-02 3.263826e-01))
501.49        	((-2.196920e+02 3.680508e+02 -5.239865e+02) (-3.599167e+00 4.421940e+00 -6.877005e+00)) ((-8.115567e+01 8.798807e+00 3.921238e+01) (-3.906404e-02 -7.450793e-02 3.299841e-01))
501.5         	((-2.151376e+02 3.554066e+02 -5.089776e+02) (-3.605396e+00 4.366916e+00 -6.834964e+00)) ((-7.856186e+01 9.099454e+00 3.840587e+01) (-4.128464e-02 -7.756221e-02 3.330611e-01))
501.51        	((-2.106824e+02 3.437621e+02 -4.949712e+02) (-3.608064e+00 4.306003e+00 -6.788325e+00)) ((-7.623931e+01 9.447325e+00 3.750689e+01) (-4.345497e-02 -8.017122e-02 3.353864e-01))
501.52        	((-2.063229e+02 3.333012e+02 -4.822279e+02) (-3.606406e+00 4.240619e+00 -6.735825e+00)) ((-7.420215e+01 9.867049e+00 3.646234e+01) (-4.594544e-02 -8.272823e-02 3.369587e-01))
501.53        	((-2.020133e+02 3.236128e+02 -4.703395e+02) (-3.602658e+00 4.172201e+00 -6.680334e+00)) ((-7.230111e+01 1.033978e+01 3.528901e+01) (-4.852636e-02 -8.431135e-02 3.380425e-01))
501.54        	((-1.978306e+02 3.141262e+02 -4.586982e+02) (-3.595527e+00 4.101542e+00 -6.622351e+00)) ((-7.042748e+01 1.086038e+01 3.396666e+01) (-5.195664e-02 -8.586090e-02 3.382737e-01))
501.55        	((-1.937316e+02 3.046405e+02 -4.470006e+02) (-3.585706e+00 4.027388e+00 -6.561131e+00)) ((-6.850734e+01 1.138822e+01 3.256212e+01) (-5.506648e-02 -8.643399e-02 3.374980e-01))
501.56        	((-1.896943e+02 2.951423e+02 -4.351607e+02) (-3.572481e+00 3.949988e+00 -6.495354e+00)) ((-6.658617e+01 1.194001e+01 3.105275e+01) (-5.844590e-02 -8.668608e-02 3.362886e-01))
501.57        	((-1.855567e+02 2.859416e+02 -4.234738e+02) (-3.557066e+00 3.869736e+00 -6.427144e+00)) ((-6.471406e+01 1.249132e+01 2.950228e+01) (-6.121805e-02 -8.588141e-02 3.339778e-01))
501.58        	((-1.812162e+02 2.773754e+02 -4.122681e+02) (-3.538925e+00 3.788500e+00 -6.357028e+00)) ((-6.299675e+01 1.305313e+01 2.789895e+01) (-6.438721e-02 -8.513021e-02 3.312440e-01))
501.59        	((-1.764244e+02 2.697493e+02 -4.018094e+02) (-3.517919e+00 3.706758e+00 -6.286132e+00)) ((-6.145206e+01 1.360249e+01 2.630504e+01) (-6.709496e-02 -8.342250e-02 3.275437e-01))
501.6         	((-1.710544e+02 2.631714e+02 -3.921207e+02) (-3.492803e+00 3.626100e+00 -6.213685e+00)) ((-6.011114e+01 1.415804e+01 2.469920e+01) (-7.026325e-02 -8.166474e-02 3.238132e-01))
501.61        	((-1.649509e+02 2.576779e+02 -3.831772e+02) (-3.464283e+00 3.547382e+00 -6.141863e+00)) ((-5.892389e+01 1.468843e+01 2.315042e+01) (-7.316436e-02 -7.902595e-02 3.194205e-01))
501.62        	((-1.581437e+02 2.531999e+02 -3.748762e+02) (-3.431140e+00 3.472184e+00 -6.069723e+00)) ((-5.789656e+01 1.520522e+01 2.164117e+01) (-7.660625e-02 -7.637399e-02 3.150966e-01))
501.63        	((-1.505759e+02 2.497352e+02 -3.672200e+02) (-3.394266e+00 3.401404e+00 -5.999050e+00)) ((-5.698651e+01 1.567771e+01 2.023342e+01) (-7.974812e-02 -7.281197e-02 3.102683e-01))
501.64        	((-1.423389e+02 2.472344e+02 -3.602010e+02) (-3.352402e+00 3.336711e+00 -5.928842e+00)) ((-5.622346e+01 1.612168e+01 1.889229e+01) (-8.323787e-02 -6.920701e-02 3.055682e-01))
501.65        	((-1.334124e+02 2.457064e+02 -3.538689e+02) (-3.306405e+00 3.278512e+00 -5.860588e+00)) ((-5.557154e+01 1.651548e+01 1.766826e+01) (-8.623760e-02 -6.448611e-02 3.003489e-01))
501.66        	((-1.238970e+02 2.451044e+02 -3.482300e+02) (-3.254961e+00 3.227908e+00 -5.791659e+00)) ((-5.505570e+01 1.688381e+01 1.651510e+01) (-8.945325e-02 -5.943310e-02 2.953264e-01))
501.67        	((-1.137761e+02 2.454196e+02 -3.433180e+02) (-3.200063e+00 3.185390e+00 -5.725418e+00)) ((-5.462758e+01 1.720207e+01 1.547812e+01) (-9.235544e-02 -5.320335e-02 2.900621e-01))
501.68        	((-1.032232e+02 2.465317e+02 -3.390690e+02) (-3.140307e+00 3.151985e+00 -5.659996e+00)) ((-5.429717e+01 1.748887e+01 1.450754e+01) (-9.555897e-02 -4.691806e-02 2.849855e-01))
501.69        	((-9.229406e+01 2.483701e+02 -3.354469e+02) (-3.077554e+00 3.127585e+00 -5.597881e+00)) ((-5.400536e+01 1.771972e+01 1.364340e+01) (-9.808591e-02 -3.961487e-02 2.794461e-01))
501.7         	((-8.121572e+01 2.507834e+02 -3.323398e+02) (-3.010787e+00 3.112702e+00 -5.537164e+00)) ((-5.376804e+01 1.791906e+01 1.282323e+01) (-1.009756e-01 -3.236444e-02 2.742515e-01))
501.71        	((-7.006573e+01 2.536799e+02 -3.297017e+02) (-2.941961e+00 3.106922e+00 -5.479881e+00)) ((-5.353552e+01 1.806115e+01 1.208244e+01) (-1.029140e-01 -2.396374e-02 2.684836e-01))
501.72        	((-5.906790e+01 2.569188e+02 -3.274408e+02) (-2.870640e+00 3.110514e+00 -5.424124e+00)) ((-5.334389e+01 1.817698e+01 1.134902e+01) (-1.051966e-01 -1.570455e-02 2.629850e-01))
501.73        	((-4.830442e+01 2.604258e+02 -3.255385e+02) (-2.798760e+00 3.123076e+00 -5.372464e+00)) ((-5.315381e+01 1.824651e+01 1.066237e+01) (-1.065482e-01 -6.357094e-03 2.567578e-01))
501.74        	((-3.799881e+01 2.640793e+02 -3.239263e+02) (-2.726061e+00 3.144602e+00 -5.323020e+00)) ((-5.299717e+01 1.830349e+01 9.958366e+00) (-1.081865e-01 2.843049e-03 2.505753e-01))
501.75        	((-2.788146e+01 2.678453e+02 -3.224454e+02) (-2.654532e+00 3.176688e+00 -5.278440e+00)) ((-5.288613e+01 1.832634e+01 9.287361e+00) (-1.091091e-01 1.317806e-02 2.438690e-01))
501.76        	((-1.845975e+01 2.717229e+02 -3.212129e+02) (-2.583574e+00 3.217049e+00 -5.236489e+00)) ((-5.281560e+01 1.835955e+01 8.579434e+00) (-1.102679e-01 2.343928e-02 2.369890e-01))
501.77        	((-1.002049e+01 2.756375e+02 -3.203151e+02) (-2.515337e+00 3.265318e+00 -5.199441e+00)) ((-5.271977e+01 1.838914e+01 7.861944e+00) (-1.104005e-01 3.458014e-02 2.292815e-01))
501.78        	((-2.689117e+00 2.793505e+02 -3.196034e+02) (-2.449826e+00 3.321135e+00 -5.165468e+00)) ((-5.263280e+01 1.843536e+01 7.086500e+00) (-1.105582e-01 4.547526e-02 2.213042e-01))
501.79        	((3.669019e+00 2.827037e+02 -3.188867e+02) (-2.388424e+00 3.383697e+00 -5.136101e+00)) ((-5.255248e+01 1.848418e+01 6.291320e+00) (-1.094826e-01 5.689804e-02 2.124765e-01))
501.8         	((9.078107e+00 2.856294e+02 -3.180186e+02) (-2.332269e+00 3.455302e+00 -5.112381e+00)) ((-5.249622e+01 1.856233e+01 5.453610e+00) (-1.103523e-01 6.816771e-02 2.040740e-01))
501.81        	((1.352682e+01 2.882698e+02 -3.170460e+02) (-2.281323e+00 3.532908e+00 -5.093434e+00)) ((-5.245154e+01 1.867202e+01 4.588640e+00) (-1.108931e-01 7.974709e-02 1.951154e-01))
501.82        	((1.687740e+01 2.906563e+02 -3.160363e+02) (-2.235639e+00 3.615942e+00 -5.077950e+00)) ((-5.241307e+01 1.881894e+01 3.694905e+00) (-1.116358e-01 9.133301e-02 1.857243e-01))
501.83        	((1.910770e+01 2.927835e+02 -3.149782e+02) (-2.197892e+00 3.707569e+00 -5.071079e+00)) ((-5.236923e+01 1.898660e+01 2.797235e+00) (-1.119280e-01 1.032829e-01 1.760209e-01))
501.84        	((2.027076e+01 2.945680e+02 -3.137786e+02) (-2.167117e+00 3.805070e+00 -5.068358e+00)) ((-5.231889e+01 1.917595e+01 1.887091e+00) (-1.131910e-01 1.147029e-01 1.662234e-01))
501.85        	((2.046861e+01 2.959429e+02 -3.122815e+02) (-2.143692e+00 3.907883e+00 -5.069208e+00)) ((-5.225316e+01 1.937082e+01 9.863061e-01) (-1.153246e-01 1.257909e-01 1.562394e-01))
501.86        	((1.978370e+01 2.968470e+02 -3.103455e+02) (-2.127638e+00 4.016626e+00 -5.073396e+00)) ((-5.214645e+01 1.956186e+01 1.123142e-01) (-1.194375e-01 1.362774e-01 1.459906e-01))
501.87        	((1.829201e+01 2.972788e+02 -3.079274e+02) (-2.118686e+00 4.129534e+00 -5.079493e+00)) ((-5.196615e+01 1.974925e+01 -7.239866e-01) (-1.249722e-01 1.464175e-01 1.357641e-01))
501.88        	((1.604978e+01 2.972376e+02 -3.049879e+02) (-2.116749e+00 4.246367e+00 -5.086638e+00)) ((-5.167972e+01 1.992962e+01 -1.528164e+00) (-1.324653e-01 1.559212e-01 1.256989e-01))
501.89        	((1.310150e+01 2.967782e+02 -3.015238e+02) (-2.121473e+00 4.366037e+00 -5.093478e+00)) ((-5.131315e+01 2.008596e+01 -2.300894e+00) (-1.415199e-01 1.647241e-01 1.157745e-01))
501.9         	((9.472972e+00 2.959884e+02 -2.974795e+02) (-2.133787e+00 4.489122e+00 -5.100830e+00)) ((-5.091310e+01 2.019855e+01 -3.040360e+00) (-1.532876e-01 1.726952e-01 1.065113e-01))
501.91        	((5.187882e+00 2.948852e+02 -2.927928e+02) (-2.152642e+00 4.614600e+00 -5.106204e+00)) ((-5.050457e+01 2.023669e+01 -3.735449e+00) (-1.671998e-01 1.796776e-01 9.763927e-02))
501.92        	((2.733483e-01 2.934632e+02 -2.874193e+02) (-2.177969e+00 4.742173e+00 -5.108818e+00)) ((-5.009840e+01 2.016962e+01 -4.367929e+00) (-1.836921e-01 1.855031e-01 8.924289e-02))
501.93        	((-5.183250e+00 2.916375e+02 -2.813340e+02) (-2.209475e+00 4.871270e+00 -5.107134e+00)) ((-4.966859e+01 2.000506e+01 -4.929169e+00) (-2.025951e-01 1.901657e-01 8.144989e-02))
501.94        	((-1.099046e+01 2.893022e+02 -2.744603e+02) (-2.246923e+00 5.000978e+00 -5.099928e+00)) ((-4.918583e+01 1.978545e+01 -5.434675e+00) (-2.241449e-01 1.934911e-01 7.440759e-02))
501.95        	((-1.696853e+01 2.863566e+02 -2.665951e+02) (-2.289882e+00 5.130280e+00 -5.086283e+00)) ((-4.860155e+01 1.955806e+01 -5.903201e+00) (-2.483301e-01 1.954781e-01 6.798155e-02))
501.96        	((-2.303384e+01 2.827401e+02 -2.575579e+02) (-2.337616e+00 5.258050e+00 -5.064405e+00)) ((-4.788917e+01 1.934189e+01 -6.348139e+00) (-2.746471e-01 1.962820e-01 6.221258e-02))
501.97        	((-2.920212e+01 2.784439e+02 -2.472188e+02) (-2.389929e+00 5.385220e+00 -5.034495e+00)) ((-4.705057e+01 1.910606e+01 -6.764014e+00) (-3.044607e-01 1.960472e-01 5.748414e-02))
501.98        	((-3.554376e+01 2.735250e+02 -2.355906e+02) (-2.446356e+00 5.508694e+00 -4.994069e+00)) ((-4.614400e+01 1.879128e+01 -7.140419e+00) (-3.365041e-01 1.946745e-01 5.352207e-02))
501.99        	((-4.210867e+01 2.680288e+02 -2.227430e+02) (-2.506068e+00 5.628597e+00 -4.942578e+00)) ((-4.524840e+01 1.835375e+01 -7.464756e+00) (-3.713335e-01 1.915590e-01 5.010865e-02))
502           	((-4.884468e+01 2.619767e+02 -2.086895e+02) (-2.568826e+00 5.743916e+00 -4.878573e+00)) ((-4.441101e+01 1.778602e+01 -7.736047e+00) (-4.090510e-01 1.867757e-01 4.731999e-02))
502.01        	((-5.558150e+01 2.552691e+02 -1.932195e+02) (-2.634507e+00 5.854102e+00 -4.800826e+00)) ((-4.357553e+01 1.712271e+01 -7.969922e+00) (-4.496517e-01 1.804332e-01 4.513307e-02))
502.02        	((-6.207582e+01 2.477161e+02 -1.760776e+02) (-2.702322e+00 5.957887e+00 -4.707632e+00)) ((-4.266356e+01 1.640717e+01 -8.189363e+00) (-4.932116e-01 1.725528e-01 4.373753e-02))
502.03        	((-6.821618e+01 2.392394e+02 -1.571238e+02) (-2.771707e+00 6.053718e+00 -4.597466e+00)) ((-4.165153e+01 1.563773e+01 -8.403810e+00) (-5.396440e-01 1.632047e-01 4.306214e-02))
502.04        	((-7.399109e+01 2.298757e+02 -1.363524e+02) (-2.842289e+00 6.141138e+00 -4.469235e+00)) ((-4.056855e+01 1.477202e+01 -8.599940e+00) (-5.890698e-01 1.523086e-01 4.273914e-02))
502.05        	((-7.960168e+01 2.191009e+02 -1.129781e+02) (-2.913710e+00 6.218648e+00 -4.314088e+00)) ((-3.948325e+01 1.374303e+01 -8.772531e+00) (-6.430701e-01 1.394597e-01 4.274633e-02))
502.06        	((-8.480562e+01 2.074583e+02 -8.721136e+01) (-2.984836e+00 6.285035e+00 -4.137437e+00)) ((-3.826035e+01 1.252468e+01 -8.876398e+00) (-7.012712e-01 1.245786e-01 4.310365e-02))
502.07        	((-8.931844e+01 1.954520e+02 -5.967872e+01) (-3.055344e+00 6.339646e+00 -3.937161e+00)) ((-3.688456e+01 1.111634e+01 -8.886493e+00) (-7.642529e-01 1.073920e-01 4.370940e-02))
502.08        	((-9.289934e+01 1.830324e+02 -3.071659e+01) (-3.124956e+00 6.384891e+00 -3.712053e+00)) ((-3.537018e+01 9.524853e+00 -8.770580e+00) (-8.334043e-01 8.744447e-02 4.465725e-02))
502.09        	((-9.550530e+01 1.699357e+02 -5.235201e-01) (-3.190089e+00 6.414561e+00 -3.457533e+00)) ((-3.364430e+01 7.781156e+00 -8.528508e+00) (-9.085952e-01 6.429197e-02 4.622700e-02))
502.1         	((-9.733579e+01 1.561137e+02 3.058963e+01) (-3.248518e+00 6.427008e+00 -3.172865e+00)) ((-3.151816e+01 5.938977e+00 -8.168636e+00) (-9.897975e-01 3.767489e-02 4.824797e-02))
502.11        	((-9.867300e+01 1.419283e+02 6.199913e+01) (-3.299459e+00 6.420780e+00 -2.858558e+00)) ((-2.877751e+01 4.107551e+00 -7.753801e+00) (-1.076197e+00 7.151941e-03 5.105274e-02))
502.12        	((-9.972367e+01 1.279136e+02 9.287060e+01) (-3.341128e+00 6.395705e+00 -2.517511e+00)) ((-2.532792e+01 2.390011e+00 -7.306562e+00) (-1.166398e+00 -2.677991e-02 5.458577e-02))
502.13        	((-1.002544e+02 1.148774e+02 1.210481e+02) (-3.372617e+00 6.349932e+00 -2.153090e+00)) ((-2.158147e+01 8.534170e-01 -6.741744e+00) (-1.257250e+00 -6.396071e-02 5.988088e-02))
502.14        	((-1.006092e+02 1.021395e+02 1.477070e+02) (-3.391353e+00 6.283584e+00 -1.769432e+00)) ((-1.733380e+01 -3.737576e-01 -6.171158e+00) (-1.346631e+00 -1.035374e-01 6.690080e-02))
502.15        	((-1.008728e+02 8.929555e+01 1.735327e+02) (-3.396747e+00 6.197730e+00 -1.369256e+00)) ((-1.252818e+01 -1.226261e+00 -5.733286e+00) (-1.433114e+00 -1.454384e-01 7.532397e-02))
502.16        	((-1.010383e+02 7.638237e+01 1.981630e+02) (-3.390082e+00 6.091169e+00 -9.547373e-01)) ((-7.398285e+00 -1.700814e+00 -5.586176e+00) (-1.513936e+00 -1.881190e-01 8.490147e-02))
502.17        	((-1.007698e+02 6.373054e+01 2.209041e+02) (-3.373132e+00 5.964930e+00 -5.332570e-01)) ((-2.298813e+00 -1.917084e+00 -5.678484e+00) (-1.585522e+00 -2.300131e-01 9.353222e-02))
502.18        	((-9.971642e+01 5.164300e+01 2.411428e+02) (-3.346628e+00 5.826618e+00 -1.122446e-01)) ((2.663084e+00 -2.036692e+00 -5.779802e+00) (-1.645167e+00 -2.710130e-01 1.002451e-01))
502.19        	((-9.756867e+01 4.020411e+01 2.587785e+02) (-3.307679e+00 5.678029e+00 3.031532e-01)) ((7.578598e+00 -2.159054e+00 -5.720207e+00) (-1.692192e+00 -3.122057e-01 1.069768e-01))
502.2         	((-9.438889e+01 2.940899e+01 2.739296e+02) (-3.258763e+00 5.518544e+00 7.104118e-01)) ((1.251826e+01 -2.278457e+00 -5.526644e+00) (-1.725808e+00 -3.505726e-01 1.130949e-01))
502.21        	((-9.036204e+01 1.910003e+01 2.869954e+02) (-3.202185e+00 5.350558e+00 1.106258e+00)) ((1.747230e+01 -2.342611e+00 -5.265762e+00) (-1.746145e+00 -3.844612e-01 1.182775e-01))
502.22        	((-8.569864e+01 9.281414e+00 2.980707e+02) (-3.139827e+00 5.175926e+00 1.487361e+00)) ((2.229659e+01 -2.311357e+00 -4.988787e+00) (-1.753741e+00 -4.138300e-01 1.242814e-01))
502.23        	((-8.040293e+01 1.460120e-02 3.071876e+02) (-3.073302e+00 4.996932e+00 1.851620e+00)) ((2.682357e+01 -2.213362e+00 -4.675632e+00) (-1.749410e+00 -4.390029e-01 1.316707e-01))
502.24        	((-7.437887e+01 -8.923175e+00 3.146278e+02) (-3.004927e+00 4.817294e+00 2.197333e+00)) ((3.091678e+01 -2.128581e+00 -4.259536e+00) (-1.733675e+00 -4.602997e-01 1.407048e-01))
502.25        	((-6.770340e+01 -1.755987e+01 3.201872e+02) (-2.934005e+00 4.639073e+00 2.522531e+00)) ((3.451746e+01 -2.074554e+00 -3.739249e+00) (-1.706985e+00 -4.778159e-01 1.516083e-01))
502.26        	((-6.049015e+01 -2.552200e+01 3.231477e+02) (-2.860232e+00 4.464677e+00 2.824917e+00)) ((3.765921e+01 -1.970296e+00 -3.134498e+00) (-1.670554e+00 -4.918135e-01 1.646246e-01))
502.27        	((-5.284235e+01 -3.219127e+01 3.226860e+02) (-2.783111e+00 4.292791e+00 3.103554e+00)) ((4.040268e+01 -1.734005e+00 -2.472729e+00) (-1.625859e+00 -5.026453e-01 1.798748e-01))
502.28        	((-4.496823e+01 -3.709910e+01 3.185710e+02) (-2.703663e+00 4.122831e+00 3.357048e+00)) ((4.273525e+01 -1.361199e+00 -1.808551e+00) (-1.574277e+00 -5.105514e-01 1.972200e-01))
502.29        	((-3.716119e+01 -4.020043e+01 3.114140e+02) (-2.622490e+00 3.954431e+00 3.584905e+00)) ((4.454611e+01 -8.971955e-01 -1.174145e+00) (-1.517179e+00 -5.155200e-01 2.152146e-01))
502.3         	((-2.968057e+01 -4.172258e+01 3.021823e+02) (-2.540497e+00 3.788098e+00 3.786763e+00)) ((4.575286e+01 -3.854438e-01 -5.875930e-01) (-1.455990e+00 -5.175563e-01 2.327711e-01))
502.31        	((-2.256976e+01 -4.208226e+01 2.915823e+02) (-2.458232e+00 3.624707e+00 3.961729e+00)) ((4.634127e+01 1.330908e-01 -7.586912e-02) (-1.391830e+00 -5.172741e-01 2.496068e-01))
502.32        	((-1.576120e+01 -4.152494e+01 2.795995e+02) (-2.376201e+00 3.465823e+00 4.109012e+00)) ((4.627878e+01 5.972823e-01 3.342928e-01) (-1.325834e+00 -5.150970e-01 2.653256e-01))
502.33        	((-9.303494e+00 -3.995247e+01 2.658645e+02) (-2.294134e+00 3.312712e+00 4.227984e+00)) ((4.553386e+01 9.529743e-01 6.370721e-01) (-1.258981e+00 -5.113524e-01 2.797433e-01))
502.34        	((-3.297531e+00 -3.722895e+01 2.502834e+02) (-2.213008e+00 3.168351e+00 4.319746e+00)) ((4.414260e+01 1.157132e+00 8.416523e-01) (-1.192078e+00 -5.066800e-01 2.927284e-01))
502.35        	((2.206348e+00 -3.339929e+01 2.332560e+02) (-2.133725e+00 3.035646e+00 4.384818e+00)) ((4.221221e+01 1.217924e+00 9.634773e-01) (-1.126066e+00 -5.006863e-01 3.037397e-01))
502.36        	((7.247548e+00 -2.863555e+01 2.153813e+02) (-2.055488e+00 2.914783e+00 4.424488e+00)) ((3.983385e+01 1.169410e+00 1.013833e+00) (-1.061426e+00 -4.934120e-01 3.124732e-01))
502.37        	((1.193853e+01 -2.311833e+01 1.970889e+02) (-1.977775e+00 2.805765e+00 4.440853e+00)) ((3.703510e+01 1.035694e+00 9.850141e-01) (-9.985097e-01 -4.848077e-01 3.188765e-01))
502.38        	((1.646237e+01 -1.705748e+01 1.786506e+02) (-1.899831e+00 2.707551e+00 4.435349e+00)) ((3.387600e+01 8.381458e-01 8.738181e-01) (-9.375353e-01 -4.749608e-01 3.229502e-01))
502.39        	((2.091310e+01 -1.066734e+01 1.602755e+02) (-1.820571e+00 2.618583e+00 4.409692e+00)) ((3.046196e+01 6.000929e-01 7.038852e-01) (-8.784830e-01 -4.639648e-01 3.247831e-01))
502.4         	((2.520510e+01 -4.197488e+00 1.422395e+02) (-1.739044e+00 2.537643e+00 4.365120e+00)) ((2.694770e+01 3.625176e-01 5.378545e-01) (-8.216065e-01 -4.520690e-01 3.243610e-01))
502.41        	((2.918830e+01 2.205472e+00 1.247778e+02) (-1.654590e+00 2.463674e+00 4.302815e+00)) ((2.346145e+01 1.666750e-01 4.329945e-01) (-7.672494e-01 -4.393857e-01 3.216460e-01))
502.42        	((3.280075e+01 8.412507e+00 1.081297e+02) (-1.567029e+00 2.395535e+00 4.223767e+00)) ((2.008820e+01 3.272136e-02 4.055521e-01) (-7.158469e-01 -4.259641e-01 3.168260e-01))
502.43        	((3.606373e+01 1.435480e+01 9.243032e+01) (-1.476514e+00 2.332168e+00 4.129013e+00)) ((1.686335e+01 -4.996611e-02 4.383914e-01) (-6.677480e-01 -4.119362e-01 3.101853e-01))
502.44        	((3.898317e+01 1.997829e+01 7.773518e+01) (-1.383062e+00 2.272540e+00 4.019628e+00)) ((1.380341e+01 -1.093467e-01 5.063948e-01) (-6.231440e-01 -3.974848e-01 3.019490e-01))
502.45        	((4.149335e+01 2.540939e+01 6.389737e+01) (-1.287026e+00 2.215957e+00 3.896746e+00)) ((1.090379e+01 -1.746845e-01 6.009070e-01) (-5.821263e-01 -3.828058e-01 2.923397e-01))
502.46        	((4.355674e+01 3.059669e+01 5.095285e+01) (-1.189072e+00 2.162029e+00 3.761544e+00)) ((8.199315e+00 -2.584576e-01 7.102466e-01) (-5.446768e-01 -3.680638e-01 2.816067e-01))
502.47        	((4.509336e+01 3.545601e+01 3.898268e+01) (-1.089940e+00 2.110449e+00 3.615222e+00)) ((5.726368e+00 -3.597351e-01 8.304547e-01) (-5.107243e-01 -3.534461e-01 2.699816e-01))
502.48        	((4.603088e+01 3.999669e+01 2.797231e+01) (-9.905486e-01 2.061048e+00 3.459129e+00)) ((3.461871e+00 -4.762133e-01 9.500996e-01) (-4.802212e-01 -3.391630e-01 2.576724e-01))
502.49        	((4.640111e+01 4.428855e+01 1.785180e+01) (-8.918111e-01 2.013818e+00 3.294525e+00)) ((1.366525e+00 -6.098983e-01 1.050901e+00) (-4.531357e-01 -3.254188e-01 2.448303e-01))
502.5         	((4.625482e+01 4.840997e+01 8.558264e+00) (-7.945520e-01 1.968871e+00 3.122613e+00)) ((-5.842142e-01 -7.740617e-01 1.130769e+00) (-4.293964e-01 -3.123849e-01 2.316007e-01))
502.51        	((4.556528e+01 5.242040e+01 3.639420e-02) (-6.996039e-01 1.926595e+00 2.944690e+00)) ((-2.414454e+00 -9.836627e-01 1.203192e+00) (-4.088824e-01 -3.002242e-01 2.181299e-01))
502.52        	((4.426731e+01 5.636128e+01 -7.751076e+00) (-6.077797e-01 1.887578e+00 2.762019e+00)) ((-4.143620e+00 -1.259199e+00 1.288238e+00) (-3.914143e-01 -2.891117e-01 2.046026e-01))
502.53        	((4.230447e+01 6.028385e+01 -1.492060e+01) (-5.198485e-01 1.852393e+00 2.575756e+00)) ((-5.808027e+00 -1.611265e+00 1.394207e+00) (-3.768067e-01 -2.791656e-01 1.911719e-01))
502.54        	((3.969326e+01 6.424545e+01 -2.165424e+01) (-4.365474e-01 1.821651e+00 2.387084e+00)) ((-7.451325e+00 -2.031537e+00 1.512217e+00) (-3.649124e-01 -2.704863e-01 1.780450e-01))
502.55        	((3.647704e+01 6.827931e+01 -2.808672e+01) (-3.587478e-01 1.795925e+00 2.196997e+00)) ((-9.097132e+00 -2.503670e+00 1.625046e+00) (-3.556133e-01 -2.631090e-01 1.653377e-01))
502.56        	((3.271977e+01 7.239500e+01 -3.429521e+01) (-2.872503e-01 1.776082e+00 2.006569e+00)) ((-1.076240e+01 -3.013713e+00 1.722847e+00) (-3.488643e-01 -2.569478e-01 1.530464e-01))
502.57        	((2.857036e+01 7.665809e+01 -4.041746e+01) (-2.227313e-01 1.762967e+00 1.816998e+00)) ((-1.250418e+01 -3.544404e+00 1.771551e+00) (-3.445752e-01 -2.517996e-01 1.411436e-01))
502.58        	((2.418131e+01 8.113722e+01 -4.650566e+01) (-1.655836e-01 1.757627e+00 1.629306e+00)) ((-1.436603e+01 -4.075028e+00 1.725545e+00) (-3.427210e-01 -2.474562e-01 1.294758e-01))
502.59        	((1.967612e+01 8.577115e+01 -5.244599e+01) (-1.157408e-01 1.760976e+00 1.444604e+00)) ((-1.632139e+01 -4.599986e+00 1.573364e+00) (-3.433189e-01 -2.436348e-01 1.178341e-01))
502.6         	((1.517726e+01 9.042551e+01 -5.813430e+01) (-7.293400e-02 1.774122e+00 1.263794e+00)) ((-1.830084e+01 -5.122537e+00 1.334142e+00) (-3.464666e-01 -2.399514e-01 1.058260e-01))
502.61        	((1.088793e+01 9.499157e+01 -6.371677e+01) (-3.621105e-02 1.797221e+00 1.088110e+00)) ((-2.024459e+01 -5.641670e+00 1.041190e+00) (-3.521712e-01 -2.361658e-01 9.313648e-02))
502.62        	((7.016015e+00 9.933529e+01 -6.923793e+01) (-4.354630e-03 1.830653e+00 9.172208e-01)) ((-2.210296e+01 -6.151355e+00 7.206877e-01) (-3.603996e-01 -2.320290e-01 7.963953e-02))
502.63        	((3.688344e+00 1.033980e+02 -7.475839e+01) (2.420366e-02 1.874529e+00 7.511581e-01)) ((-2.385305e+01 -6.630475e+00 3.732804e-01) (-3.709322e-01 -2.274079e-01 6.514148e-02))
502.64        	((8.896668e-01 1.071877e+02 -8.025364e+01) (5.034182e-02 1.927495e+00 5.893345e-01)) ((-2.548074e+01 -7.042895e+00 -2.811890e-02) (-3.834462e-01 -2.221190e-01 4.949790e-02))
502.65        	((-1.507522e+00 1.107179e+02 -8.567909e+01) (7.475583e-02 1.988890e+00 4.307842e-01)) ((-2.700294e+01 -7.365373e+00 -4.926597e-01) (-3.980904e-01 -2.162412e-01 3.272063e-02))
502.66        	((-3.286308e+00 1.138650e+02 -9.070471e+01) (9.856822e-02 2.056409e+00 2.753487e-01)) ((-2.832521e+01 -7.585496e+00 -9.836100e-01) (-4.144431e-01 -2.096812e-01 1.512525e-02))
502.67        	((-4.214246e+00 1.164243e+02 -9.502307e+01) (1.232651e-01 2.128133e+00 1.231025e-01)) ((-2.940629e+01 -7.709913e+00 -1.455460e+00) (-4.322903e-01 -2.023906e-01 -2.764650e-03))
502.68        	((-4.224177e+00 1.182326e+02 -9.845376e+01) (1.505594e-01 2.202562e+00 -2.570520e-02)) ((-3.027672e+01 -7.760529e+00 -1.875077e+00) (-4.512404e-01 -1.947053e-01 -2.046459e-02))
502.69        	((-3.452887e+00 1.192321e+02 -1.008858e+02) (1.815738e-01 2.278355e+00 -1.703654e-01)) ((-3.097478e+01 -7.740870e+00 -2.241971e+00) (-4.711352e-01 -1.867137e-01 -3.770299e-02))
502.7         	((-2.092053e+00 1.194650e+02 -1.021968e+02) (2.164348e-01 2.354255e+00 -3.097498e-01)) ((-3.151365e+01 -7.644300e+00 -2.562989e+00) (-4.916692e-01 -1.784863e-01 -5.429398e-02))
502.71        	((-2.836463e-01 1.189992e+02 -1.022502e+02) (2.551125e-01 2.429080e+00 -4.425901e-01)) ((-3.186822e+01 -7.470062e+00 -2.840279e+00) (-5.127283e-01 -1.698159e-01 -7.019659e-02))
502.72        	((1.933551e+00 1.178601e+02 -1.009306e+02) (2.968792e-01 2.501983e+00 -5.673244e-01)) ((-3.201333e+01 -7.224062e+00 -3.082998e+00) (-5.344077e-01 -1.606555e-01 -8.546783e-02))
502.73        	((4.511628e+00 1.160816e+02 -9.822472e+01) (3.413385e-01 2.572655e+00 -6.823402e-01)) ((-3.195175e+01 -6.914515e+00 -3.298857e+00) (-5.567683e-01 -1.509188e-01 -1.002641e-01))
502.74        	((7.354077e+00 1.137133e+02 -9.416844e+01) (3.881102e-01 2.640710e+00 -7.863212e-01)) ((-3.169280e+01 -6.548454e+00 -3.496880e+00) (-5.799413e-01 -1.405786e-01 -1.146519e-01))
502.75        	((1.031596e+01 1.108114e+02 -8.882013e+01) (4.370065e-01 2.705859e+00 -8.778385e-01)) ((-3.123333e+01 -6.130931e+00 -3.685781e+00) (-6.039107e-01 -1.296919e-01 -1.285288e-01))
502.76        	((1.325912e+01 1.074372e+02 -8.225800e+01) (4.874230e-01 2.767538e+00 -9.557533e-01)) ((-3.056769e+01 -5.668426e+00 -3.872966e+00) (-6.286851e-01 -1.182820e-01 -1.419717e-01))
502.77        	((1.609369e+01 1.036665e+02 -7.459697e+01) (5.390352e-01 2.825793e+00 -1.019075e+00)) ((-2.969357e+01 -5.171390e+00 -4.063309e+00) (-6.542796e-01 -1.064053e-01 -1.549015e-01))
502.78        	((1.876886e+01 9.958537e+01 -6.599009e+01) (5.913032e-01 2.880467e+00 -1.067069e+00)) ((-2.861711e+01 -4.654247e+00 -4.257688e+00) (-6.806690e-01 -9.413894e-02 -1.673295e-01))
502.79        	((2.124173e+01 9.526914e+01 -5.661023e+01) (6.438804e-01 2.931595e+00 -1.099242e+00)) ((-2.734769e+01 -4.131366e+00 -4.449562e+00) (-7.077962e-01 -8.152057e-02 -1.792772e-01))
502.8         	((2.347864e+01 9.079477e+01 -4.663144e+01) (6.963774e-01 2.979181e+00 -1.115488e+00)) ((-2.589723e+01 -3.616008e+00 -4.627775e+00) (-7.355130e-01 -6.859260e-02 -1.907606e-01))
502.81        	((2.550653e+01 8.648921e+01 -3.695356e+01) (7.483280e-01 3.022494e+00 -1.116073e+00)) ((-2.445041e+01 -3.127923e+00 -4.804738e+00) (-7.635300e-01 -5.545562e-02 -2.018110e-01))
502.82        	((2.728373e+01 8.219967e+01 -2.700485e+01) (7.994063e-01 3.062640e+00 -1.101950e+00)) ((-2.286241e+01 -2.678813e+00 -4.939023e+00) (-7.919762e-01 -4.217512e-02 -2.123941e-01))
502.83        	((2.880667e+01 7.786510e+01 -1.648842e+01) (8.493624e-01 3.099545e+00 -1.073235e+00)) ((-2.104179e+01 -2.275729e+00 -5.004640e+00) (-8.206417e-01 -2.879040e-02 -2.223653e-01))
502.84        	((3.011707e+01 7.356155e+01 -5.665196e+00) (8.978787e-01 3.132929e+00 -1.029680e+00)) ((-1.903496e+01 -1.931354e+00 -4.992169e+00) (-8.492312e-01 -1.538731e-02 -2.316364e-01))
502.85        	((3.126915e+01 6.940387e+01 4.960844e+00) (9.453689e-01 3.162643e+00 -9.720289e-01)) ((-1.696162e+01 -1.660134e+00 -4.900419e+00) (-8.774502e-01 -1.838153e-03 -2.400465e-01))
502.86        	((3.229642e+01 6.549398e+01 1.500469e+01) (9.909531e-01 3.188215e+00 -9.014617e-01)) ((-1.492019e+01 -1.470281e+00 -4.735501e+00) (-9.049444e-01 1.156932e-02 -2.476121e-01))
502.87        	((3.323276e+01 6.186526e+01 2.437570e+01) (1.034437e+00 3.209487e+00 -8.197923e-01)) ((-1.293913e+01 -1.357187e+00 -4.505438e+00) (-9.313976e-01 2.483258e-02 -2.543975e-01))
502.88        	((3.411178e+01 5.850926e+01 3.313460e+01) (1.075347e+00 3.226336e+00 -7.287382e-01)) ((-1.100146e+01 -1.308948e+00 -4.222569e+00) (-9.564384e-01 3.783563e-02 -2.604151e-01))
502.89        	((3.494150e+01 5.538505e+01 4.129620e+01) (1.113430e+00 3.238642e+00 -6.294630e-01)) ((-9.087610e+00 -1.319558e+00 -3.899651e+00) (-9.797824e-01 5.067198e-02 -2.657939e-01))
502.9         	((3.571958e+01 5.248198e+01 4.875192e+01) (1.148654e+00 3.246455e+00 -5.235971e-01)) ((-7.234370e+00 -1.381128e+00 -3.547667e+00) (-1.000924e+00 6.323348e-02 -2.706219e-01))
502.91        	((3.644364e+01 4.975550e+01 5.537584e+01) (1.180792e+00 3.249090e+00 -4.123185e-01)) ((-5.508628e+00 -1.483757e+00 -3.177463e+00) (-1.019629e+00 7.536462e-02 -2.747892e-01))
502.92        	((3.708791e+01 4.717708e+01 6.109869e+01) (1.209554e+00 3.246299e+00 -2.970947e-01)) ((-3.933847e+00 -1.613314e+00 -2.817223e+00) (-1.035779e+00 8.703153e-02 -2.783429e-01))
502.93        	((3.762908e+01 4.475289e+01 6.590357e+01) (1.234597e+00 3.238060e+00 -1.794488e-01)) ((-2.504265e+00 -1.758924e+00 -2.492192e+00) (-1.049296e+00 9.817168e-02 -2.813286e-01))
502.94        	((3.803940e+01 4.252564e+01 6.977045e+01) (1.255793e+00 3.224602e+00 -6.100573e-02)) ((-1.208368e+00 -1.906802e+00 -2.233681e+00) (-1.060081e+00 1.087618e-01 -2.838369e-01))
502.95        	((3.830802e+01 4.051996e+01 7.269200e+01) (1.273185e+00 3.206553e+00 5.660222e-02)) ((-4.964904e-02 -2.048072e+00 -2.062249e+00) (-1.068204e+00 1.188659e-01 -2.860008e-01))
502.96        	((3.841972e+01 3.871374e+01 7.469967e+01) (1.286828e+00 3.184359e+00 1.719591e-01)) ((9.599920e-01 -2.175683e+00 -1.985798e+00) (-1.073479e+00 1.284871e-01 -2.878912e-01))
502.97        	((3.835075e+01 3.708296e+01 7.583341e+01) (1.296588e+00 3.158278e+00 2.839246e-01)) ((1.821331e+00 -2.281268e+00 -2.012437e+00) (-1.076060e+00 1.376856e-01 -2.897823e-01))
502.98        	((3.811906e+01 3.562966e+01 7.611200e+01) (1.302598e+00 3.128631e+00 3.915802e-01)) ((2.526352e+00 -2.358859e+00 -2.139867e+00) (-1.076152e+00 1.463974e-01 -2.917004e-01))
502.99        	((3.776283e+01 3.435964e+01 7.558102e+01) (1.305036e+00 3.096011e+00 4.937404e-01)) ((3.089444e+00 -2.402826e+00 -2.361245e+00) (-1.073890e+00 1.546869e-01 -2.937440e-01))
503           	((3.732203e+01 3.325599e+01 7.430567e+01) (1.304120e+00 3.060858e+00 5.893605e-01)) ((3.510556e+00 -2.416471e+00 -2.660332e+00) (-1.069386e+00 1.625649e-01 -2.959773e-01))
503.01        	((3.679453e+01 3.231047e+01 7.237275e+01) (1.300156e+00 3.023677e+00 6.774950e-01)) ((3.796222e+00 -2.403816e+00 -3.022862e+00) (-1.062783e+00 1.700712e-01 -2.984858e-01))
503.02        	((3.617051e+01 3.151244e+01 6.988315e+01) (1.293562e+00 2.984802e+00 7.575637e-01)) ((3.959620e+00 -2.365807e+00 -3.433467e+00) (-1.054300e+00 1.771843e-01 -3.012964e-01))
503.03        	((3.547201e+01 3.083690e+01 6.694448e+01) (1.284750e+00 2.944632e+00 8.290444e-01)) ((4.022332e+00 -2.299418e+00 -3.879905e+00) (-1.044153e+00 1.839315e-01 -3.044007e-01))
503.04        	((3.474177e+01 3.027320e+01 6.363044e+01) (1.274083e+00 2.903545e+00 8.915891e-01)) ((3.994627e+00 -2.202081e+00 -4.349406e+00) (-1.032520e+00 1.903212e-01 -3.077813e-01))
503.05        	((3.403418e+01 2.982855e+01 5.999127e+01) (1.262020e+00 2.862137e+00 9.451130e-01)) ((3.881086e+00 -2.072230e+00 -4.829584e+00) (-1.019624e+00 1.964254e-01 -3.114064e-01))
503.06        	((3.337132e+01 2.951329e+01 5.607606e+01) (1.248905e+00 2.820477e+00 9.895569e-01)) ((3.686435e+00 -1.909883e+00 -5.307345e+00) (-1.005619e+00 2.022929e-01 -3.152415e-01))
503.07        	((3.275052e+01 2.933974e+01 5.194866e+01) (1.235092e+00 2.778653e+00 1.024871e+00)) ((3.410984e+00 -1.716953e+00 -5.772586e+00) (-9.906968e-01 2.079779e-01 -3.192521e-01))
503.08        	((3.215940e+01 2.932032e+01 4.766511e+01) (1.220843e+00 2.736768e+00 1.051142e+00)) ((3.058544e+00 -1.494170e+00 -6.218108e+00) (-9.750779e-01 2.135380e-01 -3.233664e-01))
503.09        	((3.160661e+01 2.946494e+01 4.325249e+01) (1.206379e+00 2.695225e+00 1.068528e+00)) ((2.633672e+00 -1.243147e+00 -6.640056e+00) (-9.589897e-01 2.190164e-01 -3.275197e-01))
503.1         	((3.111191e+01 2.981090e+01 3.873032e+01) (1.191904e+00 2.654225e+00 1.077251e+00)) ((2.141637e+00 -9.714923e-01 -7.030234e+00) (-9.426419e-01 2.244584e-01 -3.316604e-01))
503.11        	((3.069953e+01 3.039951e+01 3.410112e+01) (1.177568e+00 2.613875e+00 1.077614e+00)) ((1.578876e+00 -6.846275e-01 -7.388076e+00) (-9.262149e-01 2.298621e-01 -3.357110e-01))
503.12        	((3.037505e+01 3.126990e+01 2.937711e+01) (1.163438e+00 2.574510e+00 1.069946e+00)) ((9.375802e-01 -3.886948e-01 -7.711252e+00) (-9.098363e-01 2.351915e-01 -3.395498e-01))
503.13        	((3.014582e+01 3.240580e+01 2.463223e+01) (1.149666e+00 2.536671e+00 1.054652e+00)) ((2.161317e-01 -8.988288e-02 -7.999975e+00) (-8.936656e-01 2.404261e-01 -3.430581e-01))
503.14        	((3.001100e+01 3.379280e+01 1.994505e+01) (1.136359e+00 2.500823e+00 1.032254e+00)) ((-5.839489e-01 2.056757e-01 -8.252838e+00) (-8.778880e-01 2.454980e-01 -3.460835e-01))
503.15        	((2.997813e+01 3.544429e+01 1.531767e+01) (1.123520e+00 2.467301e+00 1.003225e+00)) ((-1.465022e+00 4.909601e-01 -8.467852e+00) (-8.626436e-01 2.503650e-01 -3.486041e-01))
503.16        	((3.006068e+01 3.737310e+01 1.074658e+01) (1.111313e+00 2.436527e+00 9.680415e-01)) ((-2.416775e+00 7.575659e-01 -8.641237e+00) (-8.480844e-01 2.549535e-01 -3.505494e-01))
503.17        	((3.029131e+01 3.958333e+01 6.220741e+00) (1.099818e+00 2.408815e+00 9.271493e-01)) ((-3.429047e+00 1.002798e+00 -8.774194e+00) (-8.342454e-01 2.591869e-01 -3.518291e-01))
503.18        	((3.070376e+01 4.207850e+01 1.715805e+00) (1.089149e+00 2.384512e+00 8.810681e-01)) ((-4.500738e+00 1.227382e+00 -8.867258e+00) (-8.211655e-01 2.630028e-01 -3.523705e-01))
503.19        	((3.132729e+01 4.485919e+01 -2.791952e+00) (1.079478e+00 2.363952e+00 8.303886e-01)) ((-5.637019e+00 1.432283e+00 -8.914438e+00) (-8.088830e-01 2.663375e-01 -3.521111e-01))
503.2         	((3.217314e+01 4.794260e+01 -7.343751e+00) (1.071030e+00 2.347469e+00 7.755926e-01)) ((-6.856168e+00 1.612502e+00 -8.904432e+00) (-7.975509e-01 2.691573e-01 -3.509140e-01))
503.21        	((3.319784e+01 5.129942e+01 -1.195817e+01) (1.063939e+00 2.335420e+00 7.170085e-01)) ((-8.149415e+00 1.756601e+00 -8.820518e+00) (-7.872714e-01 2.714588e-01 -3.486911e-01))
503.22        	((3.433499e+01 5.481273e+01 -1.655506e+01) (1.058147e+00 2.328022e+00 6.549358e-01)) ((-9.466134e+00 1.855611e+00 -8.651465e+00) (-7.781573e-01 2.732220e-01 -3.453663e-01))
503.23        	((3.554787e+01 5.833273e+01 -2.098431e+01) (1.053564e+00 2.325411e+00 5.897977e-01)) ((-1.074488e+01 1.906220e+00 -8.393984e+00) (-7.701602e-01 2.744014e-01 -3.409142e-01))
503.24        	((3.680005e+01 6.177491e+01 -2.517060e+01) (1.050081e+00 2.327455e+00 5.223283e-01)) ((-1.194992e+01 1.907779e+00 -8.051338e+00) (-7.631975e-01 2.749531e-01 -3.353279e-01))
503.25        	((3.803840e+01 6.510961e+01 -2.909807e+01) (1.047379e+00 2.333975e+00 4.531948e-01)) ((-1.307456e+01 1.863710e+00 -7.634107e+00) (-7.572767e-01 2.748850e-01 -3.286563e-01))
503.26        	((3.921177e+01 6.830397e+01 -3.275211e+01) (1.045160e+00 2.344721e+00 3.828246e-01)) ((-1.412477e+01 1.777308e+00 -7.151080e+00) (-7.523251e-01 2.742221e-01 -3.209751e-01))
503.27        	((4.027931e+01 7.132336e+01 -3.610185e+01) (1.043100e+00 2.359400e+00 3.115925e-01)) ((-1.510211e+01 1.653894e+00 -6.614380e+00) (-7.482929e-01 2.729184e-01 -3.123722e-01))
503.28        	((4.120348e+01 7.412993e+01 -3.910757e+01) (1.040893e+00 2.377743e+00 2.397455e-01)) ((-1.599438e+01 1.501680e+00 -6.039936e+00) (-7.451612e-01 2.709841e-01 -3.029744e-01))
503.29        	((4.195765e+01 7.669289e+01 -4.173263e+01) (1.038328e+00 2.399453e+00 1.675487e-01)) ((-1.678557e+01 1.327844e+00 -5.446249e+00) (-7.428584e-01 2.684521e-01 -2.928824e-01))
503.3         	((4.251548e+01 7.900278e+01 -4.395512e+01) (1.035013e+00 2.423933e+00 9.538437e-02)) ((-1.747553e+01 1.140892e+00 -4.851001e+00) (-7.412902e-01 2.653074e-01 -2.823038e-01))
503.31        	((4.286862e+01 8.104873e+01 -4.576143e+01) (1.030695e+00 2.450545e+00 2.349646e-02)) ((-1.806580e+01 9.430961e-01 -4.264805e+00) (-7.403846e-01 2.615518e-01 -2.713879e-01))
503.32        	((4.300963e+01 8.281780e+01 -4.713772e+01) (1.025285e+00 2.478916e+00 -4.769900e-02)) ((-1.856094e+01 7.382670e-01 -3.699408e+00) (-7.401012e-01 2.572193e-01 -2.602476e-01))
503.33        	((4.293651e+01 8.430637e+01 -4.805512e+01) (1.018594e+00 2.508545e+00 -1.178691e-01)) ((-1.896301e+01 5.326864e-01 -3.164746e+00) (-7.404277e-01 2.523312e-01 -2.489893e-01))
503.34        	((4.266173e+01 8.550587e+01 -4.849395e+01) (1.010620e+00 2.538865e+00 -1.866143e-01)) ((-1.927314e+01 3.358900e-01 -2.671267e+00) (-7.413446e-01 2.469394e-01 -2.377919e-01))
503.35        	((4.220090e+01 8.640055e+01 -4.843668e+01) (1.001314e+00 2.569268e+00 -2.534280e-01)) ((-1.948791e+01 1.558389e-01 -2.225398e+00) (-7.428300e-01 2.410922e-01 -2.268260e-01))
503.36        	((4.157480e+01 8.697689e+01 -4.787815e+01) (9.907030e-01 2.599259e+00 -3.177631e-01)) ((-1.960445e+01 -3.672190e-03 -1.830654e+00) (-7.448745e-01 2.348468e-01 -2.161678e-01))
503.37        	((4.080498e+01 8.723057e+01 -4.681751e+01) (9.788594e-01 2.628262e+00 -3.790886e-01)) ((-1.962100e+01 -1.408414e-01 -1.488196e+00) (-7.474378e-01 2.282659e-01 -2.059020e-01))
503.38        	((3.991033e+01 8.716529e+01 -4.524991e+01) (9.659222e-01 2.655915e+00 -4.367533e-01)) ((-1.953822e+01 -2.550309e-01 -1.194731e+00) (-7.505373e-01 2.214186e-01 -1.960770e-01))
503.39        	((3.890812e+01 8.677848e+01 -4.316517e+01) (9.520029e-01 2.681972e+00 -4.900405e-01)) ((-1.935322e+01 -3.463993e-01 -9.435897e-01) (-7.541724e-01 2.143517e-01 -1.867363e-01))
503.4         	((3.782343e+01 8.606050e+01 -4.055225e+01) (9.372327e-01 2.706192e+00 -5.382627e-01)) ((-1.905988e+01 -4.155255e-01 -7.288425e-01) (-7.583480e-01 2.071220e-01 -1.778996e-01))
503.41        	((3.668613e+01 8.501670e+01 -3.742345e+01) (9.217657e-01 2.728294e+00 -5.806943e-01)) ((-1.865393e+01 -4.634682e-01 -5.469761e-01) (-7.630735e-01 1.997847e-01 -1.695804e-01))
503.42        	((3.552287e+01 8.365194e+01 -3.379143e+01) (9.058284e-01 2.748108e+00 -6.166701e-01)) ((-1.813262e+01 -4.917524e-01 -3.937331e-01) (-7.683475e-01 1.924115e-01 -1.617834e-01))
503.43        	((3.435793e+01 8.199074e+01 -2.968655e+01) (8.896934e-01 2.765498e+00 -6.456056e-01)) ((-1.750003e+01 -5.019412e-01 -2.642029e-01) (-7.741621e-01 1.850938e-01 -1.544935e-01))
503.44        	((3.320851e+01 8.004998e+01 -2.512273e+01) (8.735927e-01 2.780420e+00 -6.669591e-01)) ((-1.676097e+01 -4.965688e-01 -1.524486e-01) (-7.805429e-01 1.779162e-01 -1.476910e-01))
503.45        	((3.208059e+01 7.782987e+01 -2.010090e+01) (8.576606e-01 2.792850e+00 -6.802683e-01)) ((-1.590994e+01 -4.787807e-01 -5.343652e-02) (-7.874861e-01 1.709621e-01 -1.413721e-01))
503.46        	((3.097810e+01 7.535414e+01 -1.467545e+01) (8.420648e-01 2.802676e+00 -6.851801e-01)) ((-1.494925e+01 -4.516522e-01 3.684122e-02) (-7.949828e-01 1.642856e-01 -1.355161e-01))
503.47        	((2.991302e+01 7.265671e+01 -8.936596e+00) (8.268791e-01 2.809802e+00 -6.814783e-01)) ((-1.388775e+01 -4.193325e-01 1.218372e-01) (-8.029660e-01 1.579473e-01 -1.301044e-01))
503.48        	((2.890785e+01 6.978573e+01 -2.988807e+00) (8.121895e-01 2.814197e+00 -6.691416e-01)) ((-1.273580e+01 -3.844828e-01 2.024386e-01) (-8.113545e-01 1.519878e-01 -1.251018e-01))
503.49        	((2.798451e+01 6.676292e+01 3.097195e+00) (7.980718e-01 2.815754e+00 -6.483900e-01)) ((-1.149872e+01 -3.518893e-01 2.813180e-01) (-8.200582e-01 1.464266e-01 -1.204793e-01))
503.5         	((2.714565e+01 6.361614e+01 9.241612e+00) (7.846191e-01 2.814357e+00 -6.195707e-01)) ((-1.019002e+01 -3.237005e-01 3.595498e-01) (-8.289657e-01 1.412914e-01 -1.162182e-01))
503.51        	((2.637594e+01 6.037604e+01 1.534333e+01) (7.718746e-01 2.809945e+00 -5.830746e-01)) ((-8.831530e+00 -3.027688e-01 4.372921e-01) (-8.379163e-01 1.365832e-01 -1.123109e-01))
503.52        	((2.567984e+01 5.710349e+01 2.125202e+01) (7.598046e-01 2.802453e+00 -5.394740e-01)) ((-7.459379e+00 -2.922062e-01 5.134339e-01) (-8.467958e-01 1.322830e-01 -1.087147e-01))
503.53        	((2.507206e+01 5.385674e+01 2.684505e+01) (7.483457e-01 2.791843e+00 -4.896071e-01)) ((-6.108377e+00 -2.900212e-01 5.818174e-01) (-8.554651e-01 1.283720e-01 -1.054246e-01))
503.54        	((2.456294e+01 5.067867e+01 3.204147e+01) (7.374805e-01 2.778028e+00 -4.343822e-01)) ((-4.798323e+00 -2.952103e-01 6.402934e-01) (-8.638308e-01 1.248468e-01 -1.024402e-01))
503.55        	((2.413338e+01 4.763274e+01 3.674588e+01) (7.272534e-01 2.761034e+00 -3.748017e-01)) ((-3.552942e+00 -3.093614e-01 6.895160e-01) (-8.717302e-01 1.216587e-01 -9.974784e-02))
503.56        	((2.375837e+01 4.475403e+01 4.089759e+01) (7.176312e-01 2.740999e+00 -3.119563e-01)) ((-2.392612e+00 -3.381152e-01 7.326624e-01) (-8.789846e-01 1.187457e-01 -9.733783e-02))
503.57        	((2.342478e+01 4.206191e+01 4.444680e+01) (7.085283e-01 2.717998e+00 -2.468387e-01)) ((-1.333101e+00 -3.807749e-01 7.674709e-01) (-8.854858e-01 1.160501e-01 -9.520181e-02))
503.58        	((2.311650e+01 3.959496e+01 4.733361e+01) (6.998926e-01 2.692280e+00 -1.804552e-01)) ((-3.958794e-01 -4.332817e-01 7.872329e-01) (-8.911182e-01 1.135216e-01 -9.333645e-02))
503.59        	((2.282518e+01 3.739863e+01 4.950380e+01) (6.916832e-01 2.664192e+00 -1.138616e-01)) ((4.022214e-01 -4.927012e-01 7.865790e-01) (-8.958225e-01 1.111462e-01 -9.172324e-02))
503.6         	((2.255365e+01 3.548620e+01 5.095561e+01) (6.838928e-01 2.634128e+00 -4.805011e-02)) ((1.058540e+00 -5.575110e-01 7.650483e-01) (-8.995017e-01 1.088798e-01 -9.037666e-02))
503.61        	((2.228666e+01 3.385632e+01 5.172245e+01) (6.764381e-01 2.602436e+00 1.600323e-02)) ((1.582239e+00 -6.267796e-01 7.238161e-01) (-9.021330e-01 1.067188e-01 -8.935042e-02))
503.62        	((2.200286e+01 3.251692e+01 5.182688e+01) (6.691613e-01 2.569444e+00 7.744185e-02)) ((1.979932e+00 -6.987177e-01 6.628163e-01) (-9.037261e-01 1.046428e-01 -8.866773e-02))
503.63        	((2.169600e+01 3.147019e+01 5.129642e+01) (6.620349e-01 2.535650e+00 1.354769e-01)) ((2.257035e+00 -7.692640e-01 5.808727e-01) (-9.042331e-01 1.026510e-01 -8.829874e-02))
503.64        	((2.136678e+01 3.071765e+01 5.016700e+01) (6.549521e-01 2.501529e+00 1.893691e-01)) ((2.420132e+00 -8.344981e-01 4.761420e-01) (-9.036574e-01 1.007802e-01 -8.825752e-02))
503.65        	((2.101753e+01 3.023567e+01 4.850265e+01) (6.478793e-01 2.467538e+00 2.384856e-01)) ((2.484496e+00 -8.920732e-01 3.489175e-01) (-9.020102e-01 9.904111e-02 -8.855901e-02))
503.66        	((2.065013e+01 2.998769e+01 4.637874e+01) (6.407838e-01 2.434140e+00 2.822871e-01)) ((2.464167e+00 -9.391330e-01 2.013333e-01) (-8.993355e-01 9.744770e-02 -8.918950e-02))
503.67        	((2.025615e+01 2.994589e+01 4.386726e+01) (6.336582e-01 2.401745e+00 3.204144e-01)) ((2.366564e+00 -9.729172e-01 3.559079e-02) (-8.956741e-01 9.602320e-02 -9.012385e-02))
503.68        	((1.983455e+01 3.009653e+01 4.102889e+01) (6.265116e-01 2.370710e+00 3.525801e-01)) ((2.196285e+00 -9.937932e-01 -1.422065e-01) (-8.910796e-01 9.479666e-02 -9.135488e-02))
503.69        	((1.939247e+01 3.043165e+01 3.792283e+01) (6.193106e-01 2.341321e+00 3.786400e-01)) ((1.961526e+00 -1.002605e+00 -3.265991e-01) (-8.856313e-01 9.379751e-02 -9.287219e-02))
503.7         	((1.894105e+01 3.094344e+01 3.459826e+01) (6.120755e-01 2.313781e+00 3.985577e-01)) ((1.668014e+00 -9.986199e-01 -5.143110e-01) (-8.794281e-01 9.303846e-02 -9.461921e-02))
503.71        	((1.847757e+01 3.161725e+01 3.111253e+01) (6.048157e-01 2.288294e+00 4.123876e-01)) ((1.319855e+00 -9.812038e-01 -7.017322e-01) (-8.725584e-01 9.252958e-02 -9.654491e-02))
503.72        	((1.799333e+01 3.244103e+01 2.751749e+01) (5.974969e-01 2.265017e+00 4.202805e-01)) ((9.189172e-01 -9.521202e-01 -8.828605e-01) (-8.651418e-01 9.228543e-02 -9.860070e-02))
503.73        	((1.747977e+01 3.341412e+01 2.385503e+01) (5.900645e-01 2.244029e+00 4.225032e-01)) ((4.656477e-01 -9.136540e-01 -1.052127e+00) (-8.573040e-01 9.230615e-02 -1.007390e-01))
503.74        	((1.694184e+01 3.454881e+01 2.014937e+01) (5.824714e-01 2.225444e+00 4.193348e-01)) ((-3.656452e-02 -8.679939e-01 -1.206277e+00) (-8.491847e-01 9.258279e-02 -1.029051e-01))
503.75        	((1.638436e+01 3.585475e+01 1.642726e+01) (5.746779e-01 2.209404e+00 4.110880e-01)) ((-5.830558e-01 -8.176104e-01 -1.342428e+00) (-8.409082e-01 9.309298e-02 -1.050254e-01))
503.76        	((1.580699e+01 3.733115e+01 1.271410e+01) (5.666809e-01 2.196008e+00 3.981081e-01)) ((-1.169465e+00 -7.649013e-01 -1.459005e+00) (-8.325904e-01 9.380232e-02 -1.070157e-01))
503.77        	((1.519989e+01 3.898730e+01 9.013758e+00) (5.584356e-01 2.185382e+00 3.807359e-01)) ((-1.793677e+00 -7.126547e-01 -1.554025e+00) (-8.243124e-01 9.469076e-02 -1.088368e-01))
503.78        	((1.455946e+01 4.083547e+01 5.312556e+00) (5.498706e-01 2.177660e+00 3.592970e-01)) ((-2.456410e+00 -6.637824e-01 -1.626439e+00) (-8.161463e-01 9.571505e-02 -1.104461e-01))
503.79        	((1.389617e+01 4.288321e+01 1.612338e+00) (5.409114e-01 2.173069e+00 3.341105e-01)) ((-3.160379e+00 -6.218131e-01 -1.675348e+00) (-8.081697e-01 9.682062e-02 -1.117937e-01))
503.8         	((1.322412e+01 4.512293e+01 -2.081302e+00) (5.315214e-01 2.171845e+00 3.054987e-01)) ((-3.905462e+00 -5.896736e-01 -1.700754e+00) (-8.004682e-01 9.794237e-02 -1.128317e-01))
503.81        	((1.255742e+01 4.754502e+01 -5.779359e+00) (5.216869e-01 2.174184e+00 2.737702e-01)) ((-4.693547e+00 -5.692873e-01 -1.702339e+00) (-7.931356e-01 9.900859e-02 -1.135142e-01))
503.82        	((1.190491e+01 5.012577e+01 -9.489081e+00) (5.114200e-01 2.180127e+00 2.391797e-01)) ((-5.517964e+00 -5.613410e-01 -1.680025e+00) (-7.862466e-01 9.994916e-02 -1.138307e-01))
503.83        	((1.129051e+01 5.284651e+01 -1.322272e+01) (5.007489e-01 2.189717e+00 2.018972e-01)) ((-6.363384e+00 -5.620689e-01 -1.635506e+00) (-7.798223e-01 1.007061e-01 -1.137761e-01))
503.84        	((1.076193e+01 5.569751e+01 -1.700059e+01) (4.897101e-01 2.203020e+00 1.619946e-01)) ((-7.226154e+00 -5.636949e-01 -1.571873e+00) (-7.738631e-01 1.012532e-01 -1.133481e-01))
503.85        	((1.035524e+01 5.865392e+01 -2.080671e+01) (4.784352e-01 2.220109e+00 1.195813e-01)) ((-8.101270e+00 -5.606767e-01 -1.492128e+00) (-7.683536e-01 1.015806e-01 -1.125360e-01))
503.86        	((1.006122e+01 6.164530e+01 -2.455016e+01) (4.670676e-01 2.240881e+00 7.479391e-02)) ((-8.971628e+00 -5.545031e-01 -1.394390e+00) (-7.632911e-01 1.016964e-01 -1.113341e-01))
503.87        	((9.857341e+00 6.458985e+01 -2.813196e+01) (4.557047e-01 2.265094e+00 2.798296e-02)) ((-9.812551e+00 -5.476855e-01 -1.275853e+00) (-7.586759e-01 1.015820e-01 -1.097148e-01))
503.88        	((9.717475e+00 6.743329e+01 -3.149137e+01) (4.444181e-01 2.292288e+00 -2.041895e-02)) ((-1.060575e+01 -5.386256e-01 -1.141104e+00) (-7.544994e-01 1.012103e-01 -1.076722e-01))
503.89        	((9.632331e+00 7.014609e+01 -3.459787e+01) (4.331588e-01 2.321984e+00 -7.010666e-02)) ((-1.134038e+01 -5.249914e-01 -9.968883e-01) (-7.507272e-01 1.005665e-01 -1.052150e-01))
503.9         	((9.604172e+00 7.272566e+01 -3.745259e+01) (4.219105e-01 2.353722e+00 -1.207784e-01)) ((-1.201120e+01 -5.066982e-01 -8.470978e-01) (-7.473550e-01 9.964452e-02 -1.023734e-01))
503.91        	((9.617829e+00 7.515362e+01 -4.002548e+01) (4.106652e-01 2.387139e+00 -1.722497e-01)) ((-1.261526e+01 -4.879279e-01 -6.926139e-01) (-7.443325e-01 9.844790e-02 -9.917113e-02))
503.92        	((9.662185e+00 7.740420e+01 -4.226695e+01) (3.994380e-01 2.421818e+00 -2.242153e-01)) ((-1.315103e+01 -4.696532e-01 -5.350679e-01) (-7.416463e-01 9.697863e-02 -9.563646e-02))
503.93        	((9.730744e+00 7.944656e+01 -4.413176e+01) (3.881599e-01 2.457192e+00 -2.763741e-01)) ((-1.361663e+01 -4.490135e-01 -3.793880e-01) (-7.393755e-01 9.525748e-02 -9.183416e-02))
503.94        	((9.810202e+00 8.124221e+01 -4.558396e+01) (3.767897e-01 2.492830e+00 -3.283622e-01)) ((-1.400572e+01 -4.254316e-01 -2.273805e-01) (-7.374642e-01 9.328839e-02 -8.777697e-02))
503.95        	((9.878121e+00 8.277501e+01 -4.661497e+01) (3.652260e-01 2.528321e+00 -3.798645e-01)) ((-1.431534e+01 -3.983721e-01 -7.988403e-02) (-7.358733e-01 9.108108e-02 -8.351279e-02))
503.96        	((9.918866e+00 8.403680e+01 -4.721726e+01) (3.534180e-01 2.563242e+00 -4.306072e-01)) ((-1.454696e+01 -3.687727e-01 6.250229e-02) (-7.345636e-01 8.865665e-02 -7.911407e-02))
503.97        	((9.921156e+00 8.501433e+01 -4.737892e+01) (3.413254e-01 2.597321e+00 -4.802373e-01)) ((-1.470275e+01 -3.349312e-01 1.970519e-01) (-7.335231e-01 8.605575e-02 -7.463149e-02))
503.98        	((9.881861e+00 8.570512e+01 -4.710142e+01) (3.289363e-01 2.630291e+00 -5.283086e-01)) ((-1.478274e+01 -2.942203e-01 3.191679e-01) (-7.327235e-01 8.329728e-02 -7.008833e-02))
503.99        	((9.791647e+00 8.609349e+01 -4.637898e+01) (3.162626e-01 2.661929e+00 -5.743630e-01)) ((-1.478154e+01 -2.450542e-01 4.256833e-01) (-7.321408e-01 8.040549e-02 -6.552038e-02))
504           	((9.636020e+00 8.616866e+01 -4.520661e+01) (3.033043e-01 2.691975e+00 -6.179037e-01)) ((-1.469668e+01 -1.885066e-01 5.157389e-01) (-7.317751e-01 7.742351e-02 -6.098131e-02))
504.01        	((9.407620e+00 8.593009e+01 -4.358575e+01) (2.900629e-01 2.720255e+00 -6.583896e-01)) ((-1.453020e+01 -1.243618e-01 5.873488e-01) (-7.316472e-01 7.438291e-02 -5.649475e-02))
504.02        	((9.104173e+00 8.538610e+01 -4.152461e+01) (2.766152e-01 2.746537e+00 -6.952577e-01)) ((-1.428520e+01 -5.289471e-02 6.403162e-01) (-7.318611e-01 7.129538e-02 -5.207249e-02))
504.03        	((8.739543e+00 8.453243e+01 -3.901198e+01) (2.630102e-01 2.770754e+00 -7.279344e-01)) ((-1.396202e+01 2.413067e-02 6.757151e-01) (-7.324403e-01 6.821903e-02 -4.775995e-02))
504.04        	((8.321375e+00 8.330709e+01 -3.582778e+01) (2.493724e-01 2.793311e+00 -7.557091e-01)) ((-1.351894e+01 1.073994e-01 6.948999e-01) (-7.335036e-01 6.518188e-02 -4.359417e-02))
504.05        	((7.848713e+00 8.181769e+01 -3.242861e+01) (2.357460e-01 2.812858e+00 -7.778801e-01)) ((-1.304511e+01 1.910742e-01 6.992816e-01) (-7.349765e-01 6.220507e-02 -3.957269e-02))
504.06        	((7.332257e+00 8.011107e+01 -2.882418e+01) (2.221818e-01 2.830069e+00 -7.943681e-01)) ((-1.254023e+01 2.739487e-01 6.902886e-01) (-7.370163e-01 5.931733e-02 -3.572381e-02))
504.07        	((6.785677e+00 7.819854e+01 -2.490413e+01) (2.087893e-01 2.845060e+00 -8.050602e-01)) ((-1.197193e+01 3.547638e-01 6.710193e-01) (-7.397109e-01 5.652285e-02 -3.203647e-02))
504.08        	((6.217339e+00 7.606040e+01 -2.057399e+01) (1.955995e-01 2.857864e+00 -8.095520e-01)) ((-1.130878e+01 4.321172e-01 6.437406e-01) (-7.430942e-01 5.382364e-02 -2.851813e-02))
504.09        	((5.632509e+00 7.368081e+01 -1.585956e+01) (1.826657e-01 2.868432e+00 -8.073565e-01)) ((-1.055371e+01 5.044945e-01 6.097515e-01) (-7.471684e-01 5.121928e-02 -2.517701e-02))
504.1         	((5.038987e+00 7.106981e+01 -1.086499e+01) (1.700466e-01 2.876650e+00 -7.981512e-01)) ((-9.728632e+00 5.690128e-01 5.711661e-01) (-7.519335e-01 4.870471e-02 -2.199075e-02))
504.11        	((4.448716e+00 6.829612e+01 -5.740879e+00) (1.577987e-01 2.882414e+00 -7.819299e-01)) ((-8.860340e+00 6.237534e-01 5.290547e-01) (-7.574085e-01 4.626293e-02 -1.895121e-02))
504.12        	((3.880628e+00 6.544413e+01 -6.027336e-01) (1.459605e-01 2.885686e+00 -7.589672e-01)) ((-7.961658e+00 6.680754e-01 4.845956e-01) (-7.635859e-01 4.388233e-02 -1.607853e-02))
504.13        	((3.354790e+00 6.258134e+01 4.488882e+00) (1.345734e-01 2.886422e+00 -7.296965e-01)) ((-7.029714e+00 7.017418e-01 4.407239e-01) (-7.704418e-01 4.155661e-02 -1.336946e-02))
504.14        	((2.861863e+00 5.972902e+01 9.516091e+00) (1.236681e-01 2.884556e+00 -6.944960e-01)) ((-6.061419e+00 7.252297e-01 3.987644e-01) (-7.778890e-01 3.927351e-02 -1.082796e-02))
504.15        	((2.390117e+00 5.687782e+01 1.447396e+01) (1.132482e-01 2.880041e+00 -6.537676e-01)) ((-5.064751e+00 7.384865e-01 3.591156e-01) (-7.857707e-01 3.703102e-02 -8.440826e-03))
504.16        	((1.954168e+00 5.405137e+01 1.928219e+01) (1.033092e-01 2.872793e+00 -6.079329e-01)) ((-4.068968e+00 7.407034e-01 3.210028e-01) (-7.939748e-01 3.483957e-02 -6.223460e-03))
504.17        	((1.571542e+00 5.133896e+01 2.377232e+01) (9.384788e-02 2.862697e+00 -5.575774e-01)) ((-3.119267e+00 7.326691e-01 2.829922e-01) (-8.023846e-01 3.269106e-02 -4.184832e-03))
504.18        	((1.254189e+00 4.881872e+01 2.783377e+01) (8.492837e-02 2.849794e+00 -5.035376e-01)) ((-2.242996e+00 7.144532e-01 2.470191e-01) (-8.109064e-01 3.057470e-02 -2.311087e-03))
504.19        	((1.002181e+00 4.651595e+01 3.144471e+01) (7.657652e-02 2.834184e+00 -4.467055e-01)) ((-1.439308e+00 6.855378e-01 2.170593e-01) (-8.193981e-01 2.849254e-02 -6.132452e-04))
504.2         	((8.004157e-01 4.446158e+01 3.456922e+01) (6.878637e-02 2.815985e+00 -3.879501e-01)) ((-7.115879e-01 6.475295e-01 1.922339e-01) (-8.276716e-01 2.644546e-02 9.317947e-04))
504.21        	((6.259372e-01 4.266999e+01 3.717598e+01) (6.152493e-02 2.795428e+00 -3.280680e-01)) ((-6.867328e-02 6.038975e-01 1.692020e-01) (-8.355319e-01 2.440940e-02 2.336019e-03))
504.22        	((4.773894e-01 4.113079e+01 3.924428e+01) (5.476439e-02 2.772801e+00 -2.678891e-01)) ((4.806415e-01 5.572317e-01 1.459959e-01) (-8.427877e-01 2.238465e-02 3.592441e-03))
504.23        	((3.651277e-01 3.983976e+01 4.075056e+01) (4.847448e-02 2.748343e+00 -2.082399e-01)) ((9.294656e-01 5.087825e-01 1.214406e-01) (-8.493120e-01 2.040013e-02 4.686313e-03))
504.24        	((2.876024e-01 3.879969e+01 4.167353e+01) (4.262417e-02 2.722387e+00 -1.499122e-01)) ((1.272801e+00 4.594505e-01 9.510865e-02) (-8.549912e-01 1.848119e-02 5.587835e-03))
504.25        	((2.298274e-01 3.801524e+01 4.200484e+01) (3.714801e-02 2.695241e+00 -9.360704e-02)) ((1.515138e+00 4.116228e-01 6.654762e-02) (-8.597248e-01 1.663778e-02 6.287554e-03))
504.26        	((1.737312e-01 3.746923e+01 4.177783e+01) (3.198879e-02 2.667264e+00 -3.998364e-02)) ((1.670511e+00 3.676022e-01 3.428779e-02) (-8.634491e-01 1.488260e-02 6.767376e-03))
504.27        	((1.201976e-01 3.713966e+01 4.104044e+01) (2.709485e-02 2.638803e+00 1.033963e-02)) ((1.752172e+00 3.281018e-01 -7.018870e-04) (-8.661081e-01 1.322546e-02 7.028770e-03))
504.28        	((8.013567e-02 3.702323e+01 3.981677e+01) (2.244395e-02 2.610236e+00 5.685537e-02)) ((1.761704e+00 2.926289e-01 -3.825793e-02) (-8.676536e-01 1.166932e-02 7.093761e-03))
504.29        	((4.444959e-02 3.708258e+01 3.815577e+01) (1.804872e-02 2.581982e+00 9.916699e-02)) ((1.705262e+00 2.616397e-01 -7.888340e-02) (-8.680729e-01 1.022658e-02 6.965000e-03))
504.3         	((7.421353e-03 3.726480e+01 3.612848e+01) (1.387603e-02 2.554248e+00 1.369198e-01)) ((1.592063e+00 2.351914e-01 -1.219498e-01) (-8.673880e-01 8.898714e-03 6.635588e-03))
504.31        	((-2.851284e-02 3.754308e+01 3.379139e+01) (9.926778e-03 2.527271e+00 1.698934e-01)) ((1.426450e+00 2.135655e-01 -1.664361e-01) (-8.656517e-01 7.686178e-03 6.111732e-03))
504.32        	((-6.328686e-02 3.792128e+01 3.118676e+01) (6.212580e-03 2.501230e+00 1.979199e-01)) ((1.205019e+00 1.960898e-01 -2.112304e-01) (-8.629267e-01 6.580821e-03 5.426227e-03))
504.33        	((-9.847067e-02 3.841055e+01 2.835515e+01) (2.729773e-03 2.476252e+00 2.208999e-01)) ((9.265663e-01 1.827959e-01 -2.565294e-01) (-8.593013e-01 5.592001e-03 4.587729e-03))
504.34        	((-1.315164e-01 3.901272e+01 2.534379e+01) (-5.117456e-04 2.452458e+00 2.388062e-01)) ((5.968826e-01 1.730992e-01 -3.010953e-01) (-8.548764e-01 4.719272e-03 3.617455e-03))
504.35        	((-1.601317e-01 3.971974e+01 2.220577e+01) (-3.508549e-03 2.429974e+00 2.516596e-01)) ((2.254846e-01 1.653654e-01 -3.431330e-01) (-8.497520e-01 3.959713e-03 2.528247e-03))
504.36        	((-1.914859e-01 4.051797e+01 1.899007e+01) (-6.258798e-03 2.408922e+00 2.595347e-01)) ((-1.838347e-01 1.589962e-01 -3.816293e-01) (-8.440272e-01 3.306719e-03 1.336600e-03))
504.37        	((-2.262199e-01 4.140937e+01 1.573399e+01) (-8.756215e-03 2.389323e+00 2.626061e-01)) ((-6.332524e-01 1.544779e-01 -4.167154e-01) (-8.378052e-01 2.749355e-03 6.864496e-05))
504.38        	((-2.638178e-01 4.241278e+01 1.244603e+01) (-1.099950e-02 2.371240e+00 2.610918e-01)) ((-1.129455e+00 1.516519e-01 -4.487659e-01) (-8.312045e-01 2.284850e-03 -1.251040e-03))
504.39        	((-3.001528e-01 4.356714e+01 9.127551e+00) (-1.298603e-02 2.354806e+00 2.552059e-01)) ((-1.672347e+00 1.498859e-01 -4.769539e-01) (-8.243500e-01 1.906634e-03 -2.598844e-03))
504.4         	((-3.399657e-01 4.490160e+01 5.775065e+00) (-1.471387e-02 2.340252e+00 2.451607e-01)) ((-2.250295e+00 1.476626e-01 -4.999548e-01) (-8.173352e-01 1.607033e-03 -3.950250e-03))
504.41        	((-3.847832e-01 4.641450e+01 2.414819e+00) (-1.620209e-02 2.327854e+00 2.311848e-01)) ((-2.856557e+00 1.440292e-01 -5.163647e-01) (-8.102197e-01 1.367999e-03 -5.264584e-03))
504.42        	((-4.437406e-01 4.808192e+01 -9.292559e-01) (-1.745853e-02 2.317865e+00 2.135566e-01)) ((-3.494647e+00 1.394432e-01 -5.266473e-01) (-8.030749e-01 1.177718e-03 -6.521086e-03))
504.43        	((-5.225137e-01 4.988547e+01 -4.250621e+00) (-1.851033e-02 2.310431e+00 1.926111e-01)) ((-4.178536e+00 1.350200e-01 -5.328410e-01) (-7.959983e-01 1.029460e-03 -7.712483e-03))
504.44        	((-6.095097e-01 5.182299e+01 -7.554050e+00) (-1.939976e-02 2.305683e+00 1.686830e-01)) ((-4.916793e+00 1.306038e-01 -5.350632e-01) (-7.891214e-01 9.133658e-04 -8.823134e-03))
504.45        	((-6.904061e-01 5.389031e+01 -1.084572e+01) (-2.014049e-02 2.303764e+00 1.420776e-01)) ((-5.703266e+00 1.266996e-01 -5.345529e-01) (-7.825657e-01 8.232961e-04 -9.843723e-03))
504.46        	((-7.578103e-01 5.607597e+01 -1.412917e+01) (-2.071406e-02 2.304798e+00 1.130057e-01)) ((-6.519162e+00 1.225350e-01 -5.300889e-01) (-7.764176e-01 7.584359e-04 -1.076294e-02))
504.47        	((-8.130393e-01 5.835192e+01 -1.739228e+01) (-2.110952e-02 2.308869e+00 8.163240e-02)) ((-7.342614e+00 1.169793e-01 -5.198212e-01) (-7.707031e-01 7.101707e-04 -1.156528e-02))
504.48        	((-8.606772e-01 6.067008e+01 -2.060139e+01) (-2.131350e-02 2.315965e+00 4.812507e-02)) ((-8.156390e+00 1.102357e-01 -5.038132e-01) (-7.654354e-01 6.661085e-04 -1.223200e-02))
504.49        	((-9.060981e-01 6.296854e+01 -2.368797e+01) (-2.134319e-02 2.325969e+00 1.270465e-02)) ((-8.944604e+00 1.029598e-01 -4.831623e-01) (-7.606034e-01 6.365384e-04 -1.275271e-02))
504.5         	((-9.565658e-01 6.519478e+01 -2.658492e+01) (-2.121602e-02 2.338658e+00 -2.437350e-02)) ((-9.694631e+00 9.537187e-02 -4.593781e-01) (-7.562142e-01 6.174258e-04 -1.313479e-02))
504.51        	((-1.007885e+00 6.730684e+01 -2.923397e+01) (-2.099322e-02 2.353753e+00 -6.277388e-02)) ((-1.039185e+01 8.852155e-02 -4.343464e-01) (-7.522971e-01 6.059637e-04 -1.337258e-02))
504.52        	((-1.051141e+00 6.927407e+01 -3.159461e+01) (-2.068466e-02 2.370835e+00 -1.021657e-01)) ((-1.102386e+01 8.196721e-02 -4.080824e-01) (-7.488637e-01 6.032363e-04 -1.346745e-02))
504.53        	((-1.081215e+00 7.106922e+01 -3.363330e+01) (-2.031798e-02 2.389583e+00 -1.422000e-01)) ((-1.158392e+01 7.486805e-02 -3.791882e-01) (-7.459004e-01 6.151886e-04 -1.342777e-02))
504.54        	((-1.093850e+00 7.267068e+01 -3.532813e+01) (-1.990395e-02 2.409618e+00 -1.825568e-01)) ((-1.206941e+01 6.782993e-02 -3.476739e-01) (-7.433721e-01 6.366324e-04 -1.326417e-02))
504.55        	((-1.093714e+00 7.406586e+01 -3.666418e+01) (-1.943092e-02 2.430527e+00 -2.229853e-01)) ((-1.247978e+01 6.168540e-02 -3.137412e-01) (-7.412655e-01 6.623952e-04 -1.297330e-02))
504.56        	((-1.086171e+00 7.522784e+01 -3.760880e+01) (-1.891267e-02 2.451935e+00 -2.631992e-01)) ((-1.281250e+01 5.693854e-02 -2.780716e-01) (-7.395799e-01 6.960747e-04 -1.256045e-02))
504.57        	((-1.071531e+00 7.612321e+01 -3.812556e+01) (-1.838089e-02 2.473430e+00 -3.028456e-01)) ((-1.306441e+01 5.269165e-02 -2.405110e-01) (-7.383190e-01 7.464785e-04 -1.204787e-02))
504.58        	((-1.052058e+00 7.672317e+01 -3.819164e+01) (-1.785369e-02 2.494613e+00 -3.415688e-01)) ((-1.323290e+01 4.784847e-02 -2.006069e-01) (-7.374884e-01 8.179477e-04 -1.145711e-02))
504.59        	((-1.026003e+00 7.701416e+01 -3.780079e+01) (-1.735062e-02 2.515115e+00 -3.789501e-01)) ((-1.331462e+01 4.331101e-02 -1.590632e-01) (-7.370880e-01 9.020692e-04 -1.080104e-02))
504.6         	((-9.943481e-01 7.698438e+01 -3.695515e+01) (-1.689397e-02 2.534586e+00 -4.145974e-01)) ((-1.330961e+01 4.067732e-02 -1.177874e-01) (-7.371159e-01 9.996131e-04 -1.009075e-02))
504.61        	((-9.640835e-01 7.663311e+01 -3.565873e+01) (-1.651099e-02 2.552728e+00 -4.480824e-01)) ((-1.321973e+01 3.983135e-02 -7.771991e-02) (-7.375754e-01 1.114774e-03 -9.339965e-03))
504.62        	((-9.404073e-01 7.595611e+01 -3.391031e+01) (-1.621884e-02 2.569269e+00 -4.789618e-01)) ((-1.304502e+01 4.063739e-02 -3.963074e-02) (-7.384798e-01 1.246747e-03 -8.554107e-03))
504.63        	((-9.220780e-01 7.494687e+01 -3.170426e+01) (-1.603745e-02 2.583890e+00 -5.067733e-01)) ((-1.278300e+01 4.361818e-02 -4.867204e-03) (-7.398522e-01 1.395850e-03 -7.742867e-03))
504.64        	((-9.114248e-01 7.354154e+01 -2.886429e+01) (-1.598188e-02 2.596478e+00 -5.309097e-01)) ((-1.240221e+01 4.936739e-02 2.580038e-02) (-7.417670e-01 1.553676e-03 -6.909082e-03))
504.65        	((-9.135774e-01 7.179839e+01 -2.554465e+01) (-1.606371e-02 2.606465e+00 -5.506636e-01)) ((-1.193206e+01 5.746377e-02 5.161260e-02) (-7.441965e-01 1.714389e-03 -6.074704e-03))
504.66        	((-9.380712e-01 6.987161e+01 -2.214266e+01) (-1.631667e-02 2.613467e+00 -5.657156e-01)) ((-1.145895e+01 6.684161e-02 7.137979e-02) (-7.471144e-01 1.871364e-03 -5.266362e-03))
504.67        	((-9.843377e-01 6.774528e+01 -1.849959e+01) (-1.676907e-02 2.617775e+00 -5.761029e-01)) ((-1.094967e+01 7.721917e-02 8.640364e-02) (-7.506221e-01 2.013827e-03 -4.491466e-03))
504.68        	((-1.046968e+00 6.538680e+01 -1.443920e+01) (-1.741797e-02 2.619449e+00 -5.814985e-01)) ((-1.035182e+01 8.852430e-02 9.737914e-02) (-7.547336e-01 2.134404e-03 -3.741543e-03))
504.69        	((-1.119670e+00 6.280360e+01 -9.949589e+00) (-1.827473e-02 2.618484e+00 -5.813200e-01)) ((-9.651130e+00 1.005103e-01 1.037623e-01) (-7.593925e-01 2.228948e-03 -3.017240e-03))
504.7         	((-1.199673e+00 6.003994e+01 -5.160860e+00) (-1.932978e-02 2.614802e+00 -5.750964e-01)) ((-8.871437e+00 1.137279e-01 1.051892e-01) (-7.645384e-01 2.288093e-03 -2.316641e-03))
504.71        	((-1.293887e+00 5.715366e+01 -2.355817e-01) (-2.058754e-02 2.608364e+00 -5.627151e-01)) ((-8.048864e+00 1.285375e-01 1.014671e-01) (-7.701058e-01 2.306356e-03 -1.638337e-03))
504.72        	((-1.403777e+00 5.419728e+01 4.729340e+00) (-2.206474e-02 2.599165e+00 -5.443052e-01)) ((-7.196433e+00 1.422232e-01 9.492810e-02) (-7.760623e-01 2.278223e-03 -9.801151e-04))
504.73        	((-1.525979e+00 5.122156e+01 9.687410e+00) (-2.373468e-02 2.587287e+00 -5.201067e-01)) ((-6.314881e+00 1.533943e-01 8.728273e-02) (-7.823472e-01 2.201056e-03 -3.400855e-04))
504.74        	((-1.657489e+00 4.828654e+01 1.457911e+01) (-2.557302e-02 2.572782e+00 -4.903860e-01)) ((-5.415387e+00 1.631088e-01 7.737765e-02) (-7.888550e-01 2.074202e-03 2.678031e-04))
504.75        	((-1.784387e+00 4.545901e+01 1.929962e+01) (-2.755101e-02 2.555776e+00 -4.555018e-01)) ((-4.520979e+00 1.712712e-01 6.525675e-02) (-7.954549e-01 1.894247e-03 8.550686e-04))
504.76        	((-1.893073e+00 4.279886e+01 2.373467e+01) (-2.964917e-02 2.536493e+00 -4.159794e-01)) ((-3.658937e+00 1.781844e-01 5.150305e-02) (-8.020116e-01 1.657775e-03 1.420228e-03))
504.77        	((-1.980586e+00 4.031678e+01 2.782965e+01) (-3.181830e-02 2.515101e+00 -3.725136e-01)) ((-2.840761e+00 1.838749e-01 3.773802e-02) (-8.084300e-01 1.355132e-03 1.994586e-03))
504.78        	((-2.058466e+00 3.802396e+01 3.154961e+01) (-3.401649e-02 2.491734e+00 -3.258037e-01)) ((-2.068758e+00 1.878952e-01 2.426536e-02) (-8.145984e-01 9.922926e-04 2.593644e-03))
504.79        	((-2.124966e+00 3.596952e+01 3.481312e+01) (-3.623013e-02 2.466617e+00 -2.765860e-01)) ((-1.354221e+00 1.893791e-01 1.191945e-02) (-8.203445e-01 5.778764e-04 3.203389e-03))
504.8         	((-2.177765e+00 3.421436e+01 3.751531e+01) (-3.843367e-02 2.440023e+00 -2.257130e-01)) ((-7.218680e-01 1.883429e-01 4.854659e-04) (-8.255176e-01 1.122223e-04 3.808005e-03))
504.81        	((-2.210524e+00 3.276392e+01 3.962085e+01) (-4.060529e-02 2.412311e+00 -1.740405e-01)) ((-1.832807e-01 1.873733e-01 -9.977782e-03) (-8.300019e-01 -4.025161e-04 4.415145e-03))
504.82        	((-2.219444e+00 3.158363e+01 4.114959e+01) (-4.273287e-02 2.383763e+00 -1.223668e-01)) ((2.695630e-01 1.855103e-01 -1.832222e-02) (-8.337091e-01 -9.445786e-04 5.034321e-03))
504.83        	((-2.209393e+00 3.065887e+01 4.210726e+01) (-4.477855e-02 2.354693e+00 -7.141100e-02)) ((6.430963e-01 1.818418e-01 -2.444845e-02) (-8.365620e-01 -1.506248e-03 5.651985e-03))
504.84        	((-2.183808e+00 2.998736e+01 4.249203e+01) (-4.671096e-02 2.325402e+00 -2.191820e-02)) ((9.383496e-01 1.778843e-01 -2.969804e-02) (-8.384860e-01 -2.070499e-03 6.242094e-03))
504.85        	((-2.142254e+00 2.955117e+01 4.231326e+01) (-4.853131e-02 2.296201e+00 2.540169e-02)) ((1.157295e+00 1.748114e-01 -3.317714e-02) (-8.394355e-01 -2.633126e-03 6.809780e-03))
504.86        	((-2.086010e+00 2.931659e+01 4.160972e+01) (-5.022676e-02 2.267459e+00 6.996030e-02)) ((1.307243e+00 1.734062e-01 -3.557189e-02) (-8.393865e-01 -3.178603e-03 7.323396e-03))
504.87        	((-2.015351e+00 2.924779e+01 4.044517e+01) (-5.177894e-02 2.239434e+00 1.112141e-01)) ((1.395759e+00 1.736954e-01 -3.806477e-02) (-8.383421e-01 -3.696841e-03 7.799257e-03))
504.88        	((-1.931544e+00 2.934260e+01 3.886095e+01) (-5.316340e-02 2.212385e+00 1.487442e-01)) ((1.420487e+00 1.746175e-01 -4.037064e-02) (-8.363243e-01 -4.183223e-03 8.238398e-03))
504.89        	((-1.832981e+00 2.959237e+01 3.690341e+01) (-5.439048e-02 2.186531e+00 1.821706e-01)) ((1.380425e+00 1.761606e-01 -4.257074e-02) (-8.333773e-01 -4.633552e-03 8.638937e-03))
504.9         	((-1.721531e+00 2.997252e+01 3.463157e+01) (-5.543904e-02 2.162055e+00 2.111776e-01)) ((1.280172e+00 1.794215e-01 -4.540633e-02) (-8.295690e-01 -5.042936e-03 8.999156e-03))
504.91        	((-1.598894e+00 3.044896e+01 3.210998e+01) (-5.628493e-02 2.139008e+00 2.355450e-01)) ((1.126988e+00 1.844369e-01 -4.835440e-02) (-8.249791e-01 -5.415217e-03 9.315801e-03))
504.92        	((-1.468626e+00 3.100424e+01 2.939720e+01) (-5.694063e-02 2.117523e+00 2.551305e-01)) ((9.218312e-01 1.911259e-01 -5.237990e-02) (-8.196596e-01 -5.743664e-03 9.587064e-03))
504.93        	((-1.329215e+00 3.164277e+01 2.654036e+01) (-5.741018e-02 2.097588e+00 2.699286e-01)) ((6.648392e-01 1.990572e-01 -5.759140e-02) (-8.137207e-01 -6.019086e-03 9.788997e-03))
504.94        	((-1.181716e+00 3.237542e+01 2.358126e+01) (-5.766910e-02 2.079268e+00 2.800106e-01)) ((3.585101e-01 2.074708e-01 -6.353048e-02) (-8.072696e-01 -6.241276e-03 9.933469e-03))
504.95        	((-1.033102e+00 3.320989e+01 2.055721e+01) (-5.770288e-02 2.062657e+00 2.854972e-01)) ((7.472506e-03 2.160845e-01 -7.002612e-02) (-8.004078e-01 -6.416032e-03 1.001524e-02))
504.96        	((-8.853539e-01 3.415319e+01 1.748778e+01) (-5.749381e-02 2.047792e+00 2.865342e-01)) ((-3.899751e-01 2.249346e-01 -7.693059e-02) (-7.932429e-01 -6.550829e-03 1.005006e-02))
504.97        	((-7.398855e-01 3.521807e+01 1.438852e+01) (-5.704998e-02 2.034661e+00 2.833055e-01)) ((-8.366466e-01 2.340626e-01 -8.480963e-02) (-7.858826e-01 -6.650212e-03 1.003126e-02))
504.98        	((-5.994844e-01 3.643332e+01 1.126022e+01) (-5.638354e-02 2.023320e+00 2.760126e-01)) ((-1.333134e+00 2.430897e-01 -9.350290e-02) (-7.784371e-01 -6.711474e-03 9.964743e-03))
504.99        	((-4.680329e-01 3.783707e+01 8.090512e+00) (-5.550755e-02 2.013923e+00 2.648286e-01)) ((-1.872897e+00 2.514523e-01 -1.025068e-01) (-7.709930e-01 -6.735817e-03 9.857020e-03))
505           	((-3.430918e-01 3.944584e+01 4.893201e+00) (-5.443737e-02 2.006719e+00 2.499480e-01)) ((-2.444640e+00 2.574551e-01 -1.099552e-01) (-7.636072e-01 -6.727821e-03 9.717420e-03))
