# Forces      
# CofR        : (0.000000e+00 0.000000e+00 0.000000e+00)
# Time        forces(pressure viscous)	moments(pressure viscous)
500           	((4.791314e+00 1.129273e+04 -4.902026e+03) (9.647391e-05 4.189052e+00 -1.458153e-01)) ((-2.292740e+03 -1.529535e-01 6.067646e-01) (-3.057692e-01 -2.031598e-05 -1.777078e-04))
500.01        	((1.463207e+00 7.691496e+03 -3.302372e+03) (-4.936437e-04 2.477937e+00 2.971058e-01)) ((-1.233992e+03 5.798479e-01 -5.291219e-02) (5.957032e-02 -4.286525e-05 3.784115e-04))
500.02        	((-2.584132e+00 5.067680e+02 2.063751e+01) (-2.604433e-04 9.730405e-01 7.295157e-01)) ((5.280432e+02 9.829908e-01 -7.508052e-01) (4.128889e-01 -2.416317e-04 8.216089e-04))
500.03        	((-1.359681e+00 -3.253592e+03 1.655801e+03) (-7.929716e-03 1.048022e+00 8.759478e-01)) ((1.277271e+03 4.167490e-01 -9.501255e-01) (4.091840e-01 -1.397935e-03 1.106531e-03))
500.04        	((3.525788e+00 -2.267724e+03 1.069434e+03) (-7.824971e-03 2.902537e+00 6.466759e-01)) ((6.452835e+02 -9.227409e-01 -6.954872e-01) (-3.913744e-02 -2.366348e-03 6.300482e-05))
500.05        	((6.845947e+00 6.594249e+02 -4.013359e+02) (-6.266600e-03 5.164231e+00 1.920341e-01)) ((-3.099142e+02 -1.646021e+00 2.121263e-01) (-6.575035e-01 -2.204587e-03 1.099140e-03))
500.06        	((4.342253e+00 2.659598e+03 -1.340934e+03) (-8.156654e-03 5.576793e+00 -4.768570e-02)) ((-7.051426e+02 -8.038639e-01 6.215919e-01) (-6.713329e-01 -1.416333e-03 2.418572e-03))
500.07        	((5.084238e-01 2.880217e+03 -1.327351e+03) (-7.475436e-03 4.585330e+00 -4.021734e-02)) ((-4.443604e+02 1.141540e+00 2.596804e-01) (-2.737748e-01 7.854722e-04 1.904811e-03))
500.08        	((-7.078177e-01 1.894862e+03 -7.413215e+02) (3.557900e-04 3.595869e+00 4.883852e-02)) ((4.476178e+01 2.443319e+00 -5.207411e-01) (1.474669e-01 5.075940e-03 -1.944604e-03))
500.09        	((2.528897e+00 7.960509e+02 -2.174338e+02) (-5.581043e-03 3.333772e+00 1.228189e-01)) ((3.013757e+02 2.161293e+00 -1.310352e+00) (3.330928e-01 2.897484e-03 -8.139867e-04))
500.1         	((5.537298e+00 3.744485e+02 -1.013313e+02) (2.739946e-03 3.863573e+00 7.407874e-02)) ((1.991516e+02 7.210742e-01 -1.189214e+00) (2.006695e-01 4.133494e-03 -6.189354e-03))
500.11        	((5.411658e+00 7.090249e+02 -3.312409e+02) (-5.147969e-03 4.693570e+00 -6.335048e-02)) ((-6.312175e+01 -3.932109e-01 -8.731344e-01) (-1.043626e-01 1.499473e-03 -1.260673e-03))
500.12        	((3.574718e+00 1.358760e+03 -6.523803e+02) (4.884237e-03 5.179679e+00 -2.465663e-01)) ((-2.240060e+02 6.148188e-02 -5.995906e-01) (-2.880721e-01 3.116342e-03 -4.307775e-03))
500.13        	((1.963136e+00 1.845846e+03 -8.370964e+02) (7.834811e-03 5.304022e+00 -3.876755e-01)) ((-1.986676e+02 1.225957e+00 -6.340897e-01) (-2.809508e-01 3.995722e-03 -3.288515e-03))
500.14        	((2.271845e+00 1.937128e+03 -8.208613e+02) (1.022407e-02 5.308269e+00 -4.640390e-01)) ((-6.752760e+01 2.318203e+00 -9.373730e-01) (-1.860120e-01 4.829750e-03 -4.463127e-03))
500.15        	((2.865203e+00 1.763964e+03 -6.950842e+02) (9.998276e-03 5.370931e+00 -5.071251e-01)) ((3.664251e+01 2.354297e+00 -1.143031e+00) (-1.248445e-01 4.795593e-03 -4.890445e-03))
500.16        	((3.848085e+00 1.614061e+03 -6.100293e+02) (3.485431e-03 5.523799e+00 -5.310390e-01)) ((3.999970e+01 1.854044e+00 -1.228105e+00) (-1.316462e-01 3.253837e-03 -2.231069e-03))
500.17        	((4.586910e+00 1.680195e+03 -6.421913e+02) (3.288845e-03 5.733753e+00 -5.662328e-01)) ((-3.315897e+01 1.352824e+00 -1.114988e+00) (-1.905995e-01 3.057793e-03 -2.344670e-03))
500.18        	((4.435544e+00 1.939623e+03 -7.662319e+02) (3.738368e-03 5.943711e+00 -6.088205e-01)) ((-1.087486e+02 1.241577e+00 -1.008625e+00) (-2.430424e-01 2.156232e-03 -1.548981e-03))
500.19        	((3.825556e+00 2.234403e+03 -8.945387e+02) (2.072615e-03 6.164208e+00 -6.544807e-01)) ((-1.348096e+02 1.429024e+00 -9.984221e-01) (-2.648884e-01 1.870879e-03 -2.021940e-03))
500.2         	((3.335293e+00 2.421612e+03 -9.558634e+02) (1.798084e-03 6.426524e+00 -7.003471e-01)) ((-1.109851e+02 1.655536e+00 -1.054811e+00) (-2.736156e-01 2.229909e-03 -1.920989e-03))
500.21        	((3.310665e+00 2.479815e+03 -9.453457e+02) (2.080312e-03 6.705267e+00 -7.349921e-01)) ((-7.550265e+01 1.735522e+00 -1.124925e+00) (-2.706485e-01 2.716713e-03 -2.247117e-03))
500.22        	((3.631929e+00 2.488024e+03 -9.053406e+02) (2.006530e-03 7.000905e+00 -7.533726e-01)) ((-6.621126e+01 1.708182e+00 -1.179716e+00) (-2.574629e-01 2.771085e-03 -2.356317e-03))
500.23        	((4.063965e+00 2.519225e+03 -8.812959e+02) (1.003777e-03 7.342979e+00 -7.524395e-01)) ((-9.176468e+01 1.632672e+00 -1.196844e+00) (-2.316440e-01 2.582637e-03 -2.013463e-03))
500.24        	((4.285703e+00 2.604402e+03 -8.823257e+02) (1.050205e-03 7.761898e+00 -7.501011e-01)) ((-1.374131e+02 1.592114e+00 -1.191857e+00) (-1.784401e-01 2.422753e-03 -1.951061e-03))
500.25        	((4.385090e+00 2.694107e+03 -8.820895e+02) (-7.745670e-04 8.276360e+00 -7.488517e-01)) ((-1.783667e+02 1.620546e+00 -1.189658e+00) (-9.534274e-02 1.763893e-03 -1.527248e-03))
500.26        	((4.214969e+00 2.739915e+03 -8.520207e+02) (-7.561847e-04 8.938326e+00 -7.469967e-01)) ((-2.031897e+02 1.655896e+00 -1.181172e+00) (3.032038e-02 1.676630e-03 -1.615329e-03))
500.27        	((4.311691e+00 2.719967e+03 -7.819664e+02) (-1.817020e-03 9.728400e+00 -7.310410e-01)) ((-2.153923e+02 1.772064e+00 -1.205592e+00) (1.773695e-01 1.475486e-03 -1.625839e-03))
500.28        	((4.623041e+00 2.651557e+03 -6.808022e+02) (-9.019824e-03 1.064003e+01 -6.826524e-01)) ((-2.273562e+02 1.950548e+00 -1.260196e+00) (3.371583e-01 -2.487803e-04 3.590387e-05))
500.29        	((5.007742e+00 2.560885e+03 -5.663126e+02) (-5.782494e-03 1.167799e+01 -5.816136e-01)) ((-2.471972e+02 2.081247e+00 -1.284990e+00) (4.850367e-01 6.327867e-04 -1.506904e-03))
500.3         	((5.075476e+00 2.458925e+03 -4.444226e+02) (-6.615227e-03 1.281194e+01 -4.171327e-01)) ((-2.736537e+02 2.082687e+00 -1.247565e+00) (5.968082e-01 5.513521e-04 -1.963796e-03))
500.31        	((5.179113e+00 2.345725e+03 -3.163281e+02) (-8.305963e-03 1.400425e+01 -1.676214e-01)) ((-2.988631e+02 2.001791e+00 -1.168826e+00) (6.406436e-01 4.866141e-04 -2.504434e-03))
500.32        	((5.267702e+00 2.210852e+03 -1.770266e+02) (-1.319855e-02 1.518745e+01 1.766581e-01)) ((-3.146904e+02 1.974838e+00 -1.106510e+00) (5.898398e-01 -2.943932e-04 -2.077671e-03))
500.33        	((5.337348e+00 2.055012e+03 -2.883384e+01) (-1.158703e-02 1.632296e+01 6.278403e-01)) ((-3.186451e+02 1.995911e+00 -1.039869e+00) (4.381706e-01 5.478124e-04 -3.339665e-03))
500.34        	((5.236847e+00 1.881360e+03 1.248816e+02) (-1.182636e-02 1.736852e+01 1.178287e+00)) ((-3.125745e+02 2.048487e+00 -9.856043e-01) (1.936357e-01 8.600427e-04 -3.724659e-03))
500.35        	((5.107117e+00 1.700408e+03 2.780200e+02) (-1.240349e-02 1.829087e+01 1.824865e+00)) ((-2.998977e+02 2.100285e+00 -9.517068e-01) (-1.244349e-01 1.427818e-03 -3.974397e-03))
500.36        	((4.771878e+00 1.519633e+03 4.270768e+02) (-1.235276e-02 1.906851e+01 2.545667e+00)) ((-2.819276e+02 2.130530e+00 -9.488988e-01) (-4.863482e-01 2.043233e-03 -4.038356e-03))
500.37        	((4.357965e+00 1.351397e+03 5.644314e+02) (-1.232352e-02 1.970110e+01 3.323038e+00)) ((-2.591470e+02 2.154169e+00 -9.792993e-01) (-8.653920e-01 2.685582e-03 -3.835710e-03))
500.38        	((3.783861e+00 1.223649e+03 6.801516e+02) (-1.215718e-02 2.018254e+01 4.123833e+00)) ((-2.349594e+02 2.197286e+00 -1.017148e+00) (-1.239721e+00 3.287352e-03 -3.836318e-03))
500.39        	((3.066338e+00 1.131569e+03 7.745984e+02) (-1.178729e-02 2.055565e+01 4.959191e+00)) ((-2.091091e+02 2.294293e+00 -1.079819e+00) (-1.593579e+00 4.145611e-03 -4.276366e-03))
500.4         	((2.272698e+00 1.015620e+03 8.637516e+02) (-1.293939e-02 2.081545e+01 5.785150e+00)) ((-1.745132e+02 2.459700e+00 -1.166654e+00) (-1.901513e+00 6.614567e-03 -4.996586e-03))
500.41        	((1.772552e+00 8.932278e+02 9.461741e+02) (-1.211717e-02 2.099283e+01 6.643136e+00)) ((-1.362078e+02 2.715711e+00 -1.289044e+00) (-2.160043e+00 7.280219e-03 -4.326882e-03))
500.42        	((1.193401e+00 7.576000e+02 1.021083e+03) (-1.096275e-02 2.103143e+01 7.494160e+00)) ((-9.497663e+01 2.838225e+00 -1.326728e+00) (-2.380166e+00 7.912551e-03 -3.754703e-03))
500.43        	((8.238353e-01 6.462464e+02 1.077243e+03) (-9.286495e-03 2.093373e+01 8.303795e+00)) ((-5.777977e+01 2.843304e+00 -1.279703e+00) (-2.572263e+00 8.147537e-03 -3.207353e-03))
500.44        	((5.304451e-01 5.489274e+02 1.108751e+03) (-8.159078e-03 2.072096e+01 9.075037e+00)) ((-2.347812e+01 2.776506e+00 -1.179582e+00) (-2.727842e+00 9.035202e-03 -2.684789e-03))
500.45        	((7.213590e-01 4.725013e+02 1.118198e+03) (-7.597098e-03 2.041190e+01 9.787974e+00)) ((8.756494e+00 2.664815e+00 -1.007532e+00) (-2.844657e+00 9.314345e-03 -1.708250e-03))
500.46        	((1.158305e+00 4.074218e+02 1.102603e+03) (-6.117015e-03 2.003538e+01 1.043012e+01)) ((4.194546e+01 2.540288e+00 -7.698190e-01) (-2.924713e+00 9.140677e-03 -5.846668e-04))
500.47        	((1.753291e+00 3.507503e+02 1.072906e+03) (-4.142869e-03 1.961370e+01 1.098360e+01)) ((7.554290e+01 2.373535e+00 -4.867639e-01) (-2.962674e+00 9.037904e-03 4.748907e-04))
500.48        	((2.291880e+00 3.110993e+02 1.021798e+03) (-2.145266e-03 1.916339e+01 1.142088e+01)) ((1.053837e+02 2.151283e+00 -2.226476e-01) (-2.948863e+00 8.966432e-03 1.826074e-03))
500.49        	((2.969234e+00 2.823025e+02 9.627824e+02) (-6.907433e-04 1.872997e+01 1.174566e+01)) ((1.285333e+02 1.951995e+00 -1.509862e-02) (-2.888038e+00 8.141475e-03 3.448595e-03))
500.5         	((3.799579e+00 2.699204e+02 8.913845e+02) (-4.537144e-04 1.830108e+01 1.194921e+01)) ((1.416626e+02 1.796382e+00 1.001703e-01) (-2.783879e+00 6.886723e-03 5.248226e-03))
500.51        	((4.477161e+00 2.672931e+02 8.127434e+02) (-1.448363e-03 1.789205e+01 1.203340e+01)) ((1.474937e+02 1.673946e+00 1.525548e-01) (-2.656479e+00 5.171627e-03 7.213840e-03))
500.52        	((5.046685e+00 2.778362e+02 7.268782e+02) (-2.568898e-03 1.750671e+01 1.201152e+01)) ((1.476279e+02 1.597032e+00 1.675241e-01) (-2.519387e+00 3.713235e-03 8.905904e-03))
500.53        	((5.389168e+00 2.990341e+02 6.390657e+02) (-2.829812e-03 1.715117e+01 1.189116e+01)) ((1.442465e+02 1.566164e+00 1.257937e-01) (-2.375691e+00 3.082954e-03 1.013540e-02))
500.54        	((5.780806e+00 3.307195e+02 5.515970e+02) (-2.334639e-03 1.684679e+01 1.168066e+01)) ((1.377429e+02 1.603671e+00 4.748212e-03) (-2.232531e+00 2.694157e-03 1.117403e-02))
500.55        	((6.257401e+00 3.704489e+02 4.607744e+02) (-7.276634e-04 1.659761e+01 1.139188e+01)) ((1.294475e+02 1.682665e+00 -1.809398e-01) (-2.093428e+00 2.791959e-03 1.149392e-02))
500.56        	((6.646762e+00 4.187518e+02 3.632336e+02) (5.879637e-04 1.640031e+01 1.102716e+01)) ((1.192995e+02 1.759985e+00 -3.972677e-01) (-1.955398e+00 3.065137e-03 1.169525e-02))
500.57        	((6.863986e+00 4.721822e+02 2.612011e+02) (2.359814e-03 1.623870e+01 1.056771e+01)) ((1.070751e+02 1.809255e+00 -5.961313e-01) (-1.815345e+00 3.783520e-03 1.130616e-02))
500.58        	((6.894963e+00 5.262854e+02 1.587950e+02) (3.363155e-03 1.608791e+01 9.981586e+00)) ((9.237921e+01 1.799467e+00 -7.394566e-01) (-1.676698e+00 4.039543e-03 1.092981e-02))
500.59        	((6.767775e+00 5.774998e+02 5.859945e+01) (3.692454e-03 1.591373e+01 9.252049e+00)) ((7.505503e+01 1.726314e+00 -8.261038e-01) (-1.545203e+00 4.116790e-03 1.044760e-02))
500.6         	((6.570943e+00 6.226868e+02 -3.470936e+01) (3.480032e-03 1.568022e+01 8.409665e+00)) ((5.648446e+01 1.605174e+00 -8.707053e-01) (-1.428915e+00 3.885791e-03 9.701512e-03))
500.61        	((6.364748e+00 6.609269e+02 -1.216656e+02) (2.770412e-03 1.536580e+01 7.472864e+00)) ((3.776433e+01 1.477322e+00 -9.044890e-01) (-1.331807e+00 3.435721e-03 8.771721e-03))
500.62        	((6.166904e+00 6.922086e+02 -2.024268e+02) (1.694108e-03 1.496005e+01 6.491264e+00)) ((1.980936e+01 1.378125e+00 -9.510464e-01) (-1.254369e+00 3.006167e-03 7.669961e-03))
500.63        	((5.962010e+00 7.167888e+02 -2.756389e+02) (7.911936e-04 1.447270e+01 5.514368e+00)) ((3.264820e+00 1.322535e+00 -1.005855e+00) (-1.194549e+00 2.633120e-03 6.511365e-03))
500.64        	((5.730271e+00 7.347865e+02 -3.391889e+02) (3.088724e-04 1.391576e+01 4.580440e+00)) ((-1.135465e+01 1.281776e+00 -1.054591e+00) (-1.148954e+00 2.490321e-03 5.368031e-03))
500.65        	((5.490994e+00 7.461374e+02 -3.906703e+02) (1.753052e-04 1.330378e+01 3.717282e+00)) ((-2.352552e+01 1.238315e+00 -1.086853e+00) (-1.111158e+00 2.546909e-03 4.261878e-03))
500.66        	((5.271468e+00 7.516050e+02 -4.288289e+02) (1.522607e-04 1.265953e+01 2.938758e+00)) ((-3.289716e+01 1.199965e+00 -1.086855e+00) (-1.078704e+00 2.784664e-03 3.314403e-03))
500.67        	((5.067814e+00 7.529247e+02 -4.535431e+02) (1.465737e-04 1.200025e+01 2.248636e+00)) ((-3.917998e+01 1.199597e+00 -1.064347e+00) (-1.047967e+00 2.951207e-03 2.670793e-03))
500.68        	((4.885523e+00 7.530357e+02 -4.671407e+02) (-9.471625e-04 1.134707e+01 1.643130e+00)) ((-4.293155e+01 1.231252e+00 -1.022460e+00) (-1.011485e+00 3.135922e-03 2.097821e-03))
500.69        	((4.695427e+00 7.545387e+02 -4.731339e+02) (-2.026211e-03 1.070920e+01 1.119664e+00)) ((-4.524944e+01 1.279159e+00 -9.768876e-01) (-9.763023e-01 3.895345e-03 2.474263e-03))
500.7         	((4.491224e+00 7.584481e+02 -4.748749e+02) (-2.373140e-03 1.011484e+01 6.595003e-01)) ((-4.714725e+01 1.303745e+00 -9.216346e-01) (-9.231768e-01 2.933764e-03 1.761616e-03))
500.71        	((4.275503e+00 7.641447e+02 -4.744155e+02) (-3.033907e-03 9.549816e+00 2.666854e-01)) ((-4.918359e+01 1.348781e+00 -8.967634e-01) (-8.715015e-01 2.327861e-03 1.458806e-03))
500.72        	((4.152069e+00 7.704348e+02 -4.726245e+02) (-4.797787e-03 9.026073e+00 -6.743753e-02)) ((-5.157228e+01 1.337103e+00 -8.497513e-01) (-8.156364e-01 2.814717e-03 1.462340e-03))
500.73        	((4.007256e+00 7.764270e+02 -4.696429e+02) (-4.039223e-03 8.546320e+00 -3.504322e-01)) ((-5.418010e+01 1.349859e+00 -8.367734e-01) (-7.562550e-01 1.506223e-03 1.692622e-03))
500.74        	((3.959997e+00 7.822032e+02 -4.658200e+02) (-4.912438e-03 8.113050e+00 -5.890418e-01)) ((-5.673454e+01 1.305033e+00 -7.856534e-01) (-6.939821e-01 1.655350e-03 1.852463e-03))
500.75        	((3.884243e+00 7.880723e+02 -4.615351e+02) (-4.656404e-03 7.724336e+00 -7.888947e-01)) ((-5.879356e+01 1.263272e+00 -7.480011e-01) (-6.307370e-01 1.134132e-03 2.026762e-03))
500.76        	((3.825411e+00 7.962006e+02 -4.586556e+02) (-4.453267e-03 7.388030e+00 -9.560972e-01)) ((-6.093312e+01 1.176134e+00 -6.967801e-01) (-5.701716e-01 1.127843e-03 2.027640e-03))
500.77        	((3.856524e+00 8.063806e+02 -4.568442e+02) (-4.930515e-03 7.097407e+00 -1.090791e+00)) ((-6.300131e+01 1.038855e+00 -6.352381e-01) (-5.130499e-01 1.495493e-03 1.390274e-03))
500.78        	((3.839167e+00 8.178104e+02 -4.553288e+02) (-3.132526e-03 6.847579e+00 -1.194291e+00)) ((-6.477111e+01 9.456037e-01 -5.975446e-01) (-4.583074e-01 9.661070e-04 1.721164e-03))
500.79        	((4.007543e+00 8.299455e+02 -4.534863e+02) (-4.219203e-03 6.635044e+00 -1.270281e+00)) ((-6.629380e+01 7.888356e-01 -5.373503e-01) (-4.059638e-01 2.184196e-03 4.528507e-04))
500.8         	((4.134161e+00 8.426359e+02 -4.510343e+02) (-2.887229e-03 6.451417e+00 -1.319488e+00)) ((-6.763580e+01 6.891966e-01 -4.924545e-01) (-3.520980e-01 1.799127e-03 7.885260e-04))
500.81        	((4.372751e+00 8.560485e+02 -4.478814e+02) (-3.675018e-03 6.308333e+00 -1.355937e+00)) ((-6.889861e+01 5.270295e-01 -4.238498e-01) (-3.090386e-01 2.254520e-03 -2.945832e-04))
500.82        	((4.527020e+00 8.703923e+02 -4.441091e+02) (-2.144572e-03 6.193712e+00 -1.376657e+00)) ((-6.999675e+01 4.405008e-01 -3.618208e-01) (-2.658659e-01 1.233261e-03 -1.407470e-04))
500.83        	((4.691102e+00 8.856651e+02 -4.397921e+02) (-1.280278e-03 6.116676e+00 -1.389197e+00)) ((-7.074822e+01 3.256169e-01 -2.967375e-01) (-2.314312e-01 1.483905e-03 -1.045423e-04))
500.84        	((4.795448e+00 9.019790e+02 -4.347576e+02) (-5.442917e-04 6.056718e+00 -1.392193e+00)) ((-7.115749e+01 2.376837e-01 -2.477814e-01) (-1.980495e-01 1.480357e-03 -4.548904e-04))
500.85        	((4.931387e+00 9.194266e+02 -4.293582e+02) (-1.717703e-03 5.999534e+00 -1.350830e+00)) ((-7.147916e+01 1.196801e-01 -1.844218e-01) (-1.476400e-01 1.924030e-03 3.733664e-04))
500.86        	((5.006503e+00 9.375657e+02 -4.233840e+02) (3.354992e-05 5.996318e+00 -1.358445e+00)) ((-7.156379e+01 2.061875e-02 -1.182507e-01) (-1.299210e-01 2.073765e-03 1.647404e-04))
500.87        	((5.058707e+00 9.554690e+02 -4.185248e+02) (1.047983e-03 6.013625e+00 -1.345097e+00)) ((-7.167554e+01 -1.165514e-01 -4.876998e-02) (-1.098801e-01 2.090211e-03 -7.015393e-04))
500.88        	((5.025035e+00 9.728047e+02 -4.143867e+02) (1.480595e-03 6.032075e+00 -1.320307e+00)) ((-7.158465e+01 -2.564049e-01 3.864115e-03) (-8.483637e-02 2.251892e-03 -1.067943e-03))
500.89        	((5.015636e+00 9.904326e+02 -4.110645e+02) (2.219626e-03 6.070205e+00 -1.289029e+00)) ((-7.165667e+01 -4.087345e-01 6.972285e-02) (-6.004990e-02 2.219759e-03 -1.273048e-03))
500.9         	((4.961967e+00 1.008290e+03 -4.078654e+02) (2.895823e-03 6.120586e+00 -1.257261e+00)) ((-7.172370e+01 -5.217244e-01 1.185173e-01) (-3.625797e-02 2.039221e-03 -1.416272e-03))
500.91        	((4.982164e+00 1.026098e+03 -4.047520e+02) (2.795722e-03 6.185411e+00 -1.223786e+00)) ((-7.175517e+01 -6.510085e-01 1.867847e-01) (-1.386743e-02 1.976107e-03 -1.467366e-03))
500.92        	((4.914002e+00 1.043764e+03 -4.014665e+02) (3.333774e-03 6.260656e+00 -1.190778e+00)) ((-7.169811e+01 -7.317844e-01 2.501667e-01) (7.680992e-03 1.799185e-03 -1.394014e-03))
500.93        	((4.811938e+00 1.061397e+03 -3.983567e+02) (3.637844e-03 6.350856e+00 -1.158954e+00)) ((-7.183096e+01 -8.634907e-01 2.803154e-01) (2.653712e-02 1.689048e-03 -1.813012e-03))
500.94        	((4.720516e+00 1.079155e+03 -3.953068e+02) (3.068001e-03 6.456296e+00 -1.130235e+00)) ((-7.228762e+01 -9.551226e-01 3.255916e-01) (4.396502e-02 2.184881e-03 -1.410341e-03))
500.95        	((4.725628e+00 1.096828e+03 -3.918685e+02) (3.386270e-03 6.574130e+00 -1.102936e+00)) ((-7.291739e+01 -1.083400e+00 3.604731e-01) (6.197635e-02 2.089589e-03 -1.961152e-03))
500.96        	((4.566540e+00 1.113838e+03 -3.876662e+02) (4.969126e-03 6.702414e+00 -1.073979e+00)) ((-7.343611e+01 -1.072687e+00 3.565772e-01) (7.869932e-02 8.822554e-04 -1.337446e-03))
500.97        	((4.610386e+00 1.130053e+03 -3.827844e+02) (4.164913e-03 6.842054e+00 -1.043766e+00)) ((-7.378055e+01 -1.185753e+00 3.972794e-01) (9.491699e-02 1.489733e-03 -1.962995e-03))
500.98        	((4.525554e+00 1.145580e+03 -3.773033e+02) (5.414991e-03 6.992089e+00 -1.012190e+00)) ((-7.406390e+01 -1.182012e+00 4.002950e-01) (1.104033e-01 8.749371e-04 -1.360942e-03))
500.99        	((4.575299e+00 1.160483e+03 -3.712262e+02) (5.535428e-03 7.150081e+00 -9.768192e-01)) ((-7.443731e+01 -1.254226e+00 4.163200e-01) (1.256504e-01 1.319252e-03 -1.703870e-03))
501           	((4.477922e+00 1.174724e+03 -3.645194e+02) (6.544080e-03 7.313849e+00 -9.373492e-01)) ((-7.493846e+01 -1.254742e+00 4.012671e-01) (1.407744e-01 8.617395e-04 -1.509060e-03))
501.01        	((4.451288e+00 1.188123e+03 -3.572270e+02) (6.514758e-03 7.482141e+00 -8.921061e-01)) ((-7.553788e+01 -1.278175e+00 3.971654e-01) (1.554111e-01 1.299699e-03 -1.833225e-03))
501.02        	((4.350542e+00 1.200360e+03 -3.492618e+02) (7.830723e-03 7.657516e+00 -8.414494e-01)) ((-7.608078e+01 -1.214103e+00 3.700809e-01) (1.688955e-01 5.100756e-04 -1.454131e-03))
501.03        	((4.319111e+00 1.211109e+03 -3.405040e+02) (8.167784e-03 7.836635e+00 -7.871828e-01)) ((-7.648473e+01 -1.184626e+00 3.541045e-01) (1.798644e-01 3.753799e-04 -1.426905e-03))
501.04        	((4.286930e+00 1.220226e+03 -3.309117e+02) (8.963714e-03 8.017287e+00 -7.288677e-01)) ((-7.671171e+01 -1.172917e+00 3.464015e-01) (1.884492e-01 -1.229172e-04 -1.234695e-03))
501.05        	((4.225529e+00 1.227584e+03 -3.205163e+02) (9.985207e-03 8.198472e+00 -6.661645e-01)) ((-7.673596e+01 -1.159935e+00 3.446728e-01) (1.944589e-01 -5.918790e-04 -1.026342e-03))
501.06        	((4.128704e+00 1.233144e+03 -3.093831e+02) (1.094576e-02 8.379114e+00 -5.995215e-01)) ((-7.655214e+01 -1.127865e+00 3.418973e-01) (1.980442e-01 -9.406092e-04 -8.846942e-04))
501.07        	((4.021646e+00 1.236769e+03 -2.975491e+02) (1.170169e-02 8.557820e+00 -5.287084e-01)) ((-7.618284e+01 -1.091015e+00 3.424174e-01) (1.992848e-01 -1.201511e-03 -8.022114e-04))
501.08        	((3.931576e+00 1.238214e+03 -2.849635e+02) (1.235333e-02 8.732297e+00 -4.541335e-01)) ((-7.563398e+01 -1.077198e+00 3.511642e-01) (1.980322e-01 -1.382388e-03 -7.575948e-04))
501.09        	((3.857977e+00 1.237332e+03 -2.716301e+02) (1.287685e-02 8.901315e+00 -3.756952e-01)) ((-7.486448e+01 -1.089793e+00 3.661386e-01) (1.941749e-01 -1.511197e-03 -7.570864e-04))
501.1         	((3.773470e+00 1.234098e+03 -2.576374e+02) (1.375326e-02 9.066094e+00 -2.924935e-01)) ((-7.384673e+01 -1.103839e+00 3.809364e-01) (1.873692e-01 -1.747561e-03 -6.442451e-04))
501.11        	((3.670404e+00 1.228603e+03 -2.431943e+02) (1.448603e-02 9.224472e+00 -2.058997e-01)) ((-7.259146e+01 -1.099586e+00 3.928966e-01) (1.783048e-01 -1.730980e-03 -6.623803e-04))
501.12        	((3.560090e+00 1.220884e+03 -2.285365e+02) (1.506025e-02 9.375251e+00 -1.167009e-01)) ((-7.114890e+01 -1.075277e+00 4.006281e-01) (1.674624e-01 -1.692961e-03 -6.061186e-04))
501.13        	((3.429851e+00 1.210802e+03 -2.137727e+02) (1.603179e-02 9.515954e+00 -2.590384e-02)) ((-6.951884e+01 -1.041014e+00 3.972957e-01) (1.545958e-01 -1.807063e-03 -4.413635e-04))
501.14        	((3.274313e+00 1.198343e+03 -1.990572e+02) (1.709035e-02 9.646760e+00 6.624914e-02)) ((-6.766585e+01 -1.015813e+00 3.906982e-01) (1.398808e-01 -1.760736e-03 -4.356700e-04))
501.15        	((3.075469e+00 1.183555e+03 -1.844639e+02) (1.901909e-02 9.762627e+00 1.575083e-01)) ((-6.554903e+01 -9.978912e-01 3.804467e-01) (1.248436e-01 -1.786042e-03 -4.543435e-04))
501.16        	((2.836645e+00 1.166777e+03 -1.701500e+02) (2.067465e-02 9.877774e+00 2.501678e-01)) ((-6.316374e+01 -9.758479e-01 3.615937e-01) (1.056131e-01 -1.661896e-03 -5.441120e-04))
501.17        	((2.595032e+00 1.148856e+03 -1.564705e+02) (2.150928e-02 9.980189e+00 3.429723e-01)) ((-6.064796e+01 -9.417717e-01 3.308838e-01) (8.771997e-02 -1.568407e-03 -6.334446e-04))
501.18        	((2.440724e+00 1.130286e+03 -1.435698e+02) (2.149088e-02 1.007169e+01 4.352364e-01)) ((-5.804575e+01 -8.906556e-01 2.865073e-01) (6.950397e-02 -1.564724e-03 -5.427793e-04))
501.19        	((2.308798e+00 1.111434e+03 -1.315801e+02) (2.226616e-02 1.014824e+01 5.239751e-01)) ((-5.546708e+01 -8.390520e-01 2.371834e-01) (5.092728e-02 -1.452646e-03 -6.031491e-04))
501.2         	((2.150758e+00 1.092918e+03 -1.208832e+02) (2.220016e-02 1.021434e+01 6.111057e-01)) ((-5.303863e+01 -7.995534e-01 1.993371e-01) (3.164159e-02 -1.511516e-03 -4.744304e-04))
501.21        	((1.933136e+00 1.073985e+03 -1.115865e+02) (2.245445e-02 1.026684e+01 6.935930e-01)) ((-5.056407e+01 -7.757194e-01 1.678694e-01) (1.263072e-02 -1.621377e-03 -3.814639e-04))
501.22        	((1.694051e+00 1.054364e+03 -1.035967e+02) (2.207266e-02 1.030799e+01 7.687910e-01)) ((-4.783898e+01 -7.564893e-01 1.328970e-01) (-6.885122e-03 -1.732000e-03 -2.019483e-04))
501.23        	((1.464739e+00 1.035454e+03 -9.724095e+01) (2.250491e-02 1.033562e+01 8.366849e-01)) ((-4.507988e+01 -7.479532e-01 1.009071e-01) (-2.549811e-02 -1.546596e-03 -2.753525e-04))
501.24        	((1.188129e+00 1.017268e+03 -9.251989e+01) (2.293125e-02 1.035217e+01 8.973263e-01)) ((-4.231370e+01 -7.394313e-01 7.404149e-02) (-4.331385e-02 -1.403401e-03 -5.737465e-04))
501.25        	((8.529252e-01 9.997128e+02 -8.944284e+01) (2.325435e-02 1.035625e+01 9.501975e-01)) ((-3.960997e+01 -7.244402e-01 5.579582e-02) (-5.938651e-02 -1.269229e-03 -9.543204e-04))
501.26        	((5.773767e-01 9.833961e+02 -8.822446e+01) (2.323836e-02 1.034909e+01 9.941759e-01)) ((-3.705871e+01 -7.036095e-01 4.302370e-02) (-7.440924e-02 -1.093384e-03 -1.204332e-03))
501.27        	((2.720964e-01 9.685790e+02 -8.892421e+01) (2.350607e-02 1.033008e+01 1.028830e+00)) ((-3.470149e+01 -6.791992e-01 2.429421e-02) (-8.778894e-02 -9.282587e-04 -1.428313e-03))
501.28        	((-4.806230e-02 9.552283e+02 -9.151622e+01) (2.347853e-02 1.030068e+01 1.053530e+00)) ((-3.252788e+01 -6.509175e-01 2.990381e-04) (-9.986302e-02 -7.440858e-04 -1.615011e-03))
501.29        	((-3.601056e-01 9.438578e+02 -9.598072e+01) (2.342982e-02 1.026211e+01 1.068277e+00)) ((-3.067107e+01 -6.196460e-01 -2.941714e-02) (-1.105267e-01 -5.684284e-04 -1.782381e-03))
501.3         	((-6.627746e-01 9.343479e+02 -1.021660e+02) (2.301439e-02 1.021482e+01 1.072368e+00)) ((-2.916492e+01 -5.873200e-01 -6.089979e-02) (-1.198579e-01 -2.971576e-04 -2.021470e-03))
501.31        	((-9.651949e-01 9.265290e+02 -1.099572e+02) (2.256654e-02 1.015933e+01 1.065288e+00)) ((-2.802828e+01 -5.497052e-01 -8.995556e-02) (-1.277500e-01 1.818069e-05 -2.319810e-03))
501.32        	((-1.260333e+00 9.204356e+02 -1.191850e+02) (2.196537e-02 1.009685e+01 1.047070e+00)) ((-2.727701e+01 -4.936580e-01 -1.211585e-01) (-1.341058e-01 2.516726e-04 -2.507782e-03))
501.33        	((-1.537614e+00 9.161441e+02 -1.296363e+02) (2.109846e-02 1.002862e+01 1.018728e+00)) ((-2.691356e+01 -4.225289e-01 -1.558613e-01) (-1.386995e-01 4.084652e-04 -2.599231e-03))
501.34        	((-1.794888e+00 9.139067e+02 -1.410931e+02) (1.974876e-02 9.955756e+00 9.801770e-01)) ((-2.696193e+01 -3.516773e-01 -1.901671e-01) (-1.418369e-01 3.974420e-04 -2.477435e-03))
501.35        	((-2.041508e+00 9.136047e+02 -1.532686e+02) (1.825406e-02 9.879075e+00 9.321213e-01)) ((-2.737578e+01 -2.950713e-01 -2.210567e-01) (-1.433545e-01 4.003402e-04 -2.390485e-03))
501.36        	((-2.293013e+00 9.149092e+02 -1.658509e+02) (1.654585e-02 9.799773e+00 8.756100e-01)) ((-2.808325e+01 -2.604508e-01 -2.365356e-01) (-1.431087e-01 3.661760e-04 -2.278829e-03))
501.37        	((-2.531264e+00 9.174107e+02 -1.785198e+02) (1.458259e-02 9.719691e+00 8.117718e-01)) ((-2.898608e+01 -2.402914e-01 -2.377241e-01) (-1.414291e-01 2.232411e-04 -2.166325e-03))
501.38        	((-2.736890e+00 9.207947e+02 -1.909499e+02) (1.272469e-02 9.639901e+00 7.413616e-01)) ((-3.000997e+01 -2.205676e-01 -2.306577e-01) (-1.383705e-01 1.805112e-04 -2.101074e-03))
501.39        	((-2.904746e+00 9.249498e+02 -2.029007e+02) (1.100232e-02 9.561775e+00 6.654558e-01)) ((-3.113076e+01 -1.988018e-01 -2.211184e-01) (-1.342263e-01 1.737900e-04 -2.051322e-03))
501.4         	((-3.027337e+00 9.298584e+02 -2.142070e+02) (9.132116e-03 9.486181e+00 5.857725e-01)) ((-3.235183e+01 -1.776166e-01 -2.117391e-01) (-1.287851e-01 1.005221e-04 -1.834658e-03))
501.41        	((-3.098968e+00 9.353740e+02 -2.247097e+02) (7.086709e-03 9.414403e+00 5.037136e-01)) ((-3.367915e+01 -1.642639e-01 -2.004773e-01) (-1.222534e-01 -1.162267e-04 -1.448901e-03))
501.42        	((-3.144490e+00 9.414301e+02 -2.343616e+02) (5.151159e-03 9.347806e+00 4.199333e-01)) ((-3.507024e+01 -1.662026e-01 -1.839836e-01) (-1.152537e-01 -3.603521e-04 -1.082016e-03))
501.43        	((-3.164219e+00 9.479170e+02 -2.431190e+02) (3.381217e-03 9.287027e+00 3.355026e-01)) ((-3.648521e+01 -1.779017e-01 -1.630564e-01) (-1.079534e-01 -5.936539e-04 -7.394086e-04))
501.44        	((-3.135433e+00 9.546757e+02 -2.509032e+02) (1.848204e-03 9.232887e+00 2.515200e-01)) ((-3.790908e+01 -1.907720e-01 -1.426664e-01) (-1.004934e-01 -7.243698e-04 -5.375130e-04))
501.45        	((-3.054140e+00 9.615492e+02 -2.576116e+02) (4.627695e-04 9.185794e+00 1.687490e-01)) ((-3.932635e+01 -2.052108e-01 -1.226231e-01) (-9.314162e-02 -7.904322e-04 -4.351531e-04))
501.46        	((-2.931768e+00 9.685075e+02 -2.630571e+02) (-9.546174e-04 9.146563e+00 8.874485e-02)) ((-4.079216e+01 -2.201463e-01 -1.047004e-01) (-8.616781e-02 -8.501913e-04 -2.771532e-04))
501.47        	((-2.804520e+00 9.753204e+02 -2.674062e+02) (-1.949449e-03 9.114713e+00 1.294099e-02)) ((-4.223099e+01 -2.376358e-01 -9.101914e-02) (-7.937140e-02 -9.254585e-04 -1.673017e-04))
501.48        	((-2.653360e+00 9.818496e+02 -2.707123e+02) (-2.782458e-03 9.089519e+00 -5.897369e-02)) ((-4.359733e+01 -2.605997e-01 -7.866330e-02) (-7.271427e-02 -9.655806e-04 -7.910966e-05))
501.49        	((-2.470919e+00 9.881594e+02 -2.730569e+02) (-3.676825e-03 9.070831e+00 -1.260641e-01)) ((-4.490599e+01 -2.887260e-01 -5.974197e-02) (-6.611124e-02 -8.930807e-04 -7.552408e-05))
501.5         	((-2.267152e+00 9.943523e+02 -2.744948e+02) (-4.124923e-03 9.058553e+00 -1.873769e-01)) ((-4.619493e+01 -3.264646e-01 -3.127059e-02) (-5.980487e-02 -8.484914e-04 -1.707699e-04))
501.51        	((-2.047444e+00 1.000462e+03 -2.751075e+02) (-4.557420e-03 9.052315e+00 -2.425122e-01)) ((-4.751202e+01 -3.685228e-01 4.292326e-03) (-5.386880e-02 -8.239703e-04 -2.362003e-04))
501.52        	((-1.817884e+00 1.006324e+03 -2.749017e+02) (-4.769521e-03 9.052233e+00 -2.908252e-01)) ((-4.882526e+01 -4.065110e-01 4.081985e-02) (-4.847345e-02 -7.056469e-04 -3.558439e-04))
501.53        	((-1.584981e+00 1.012070e+03 -2.740404e+02) (-4.801008e-03 9.058171e+00 -3.323027e-01)) ((-5.011898e+01 -4.344664e-01 7.325122e-02) (-4.358480e-02 -5.545133e-04 -4.633681e-04))
501.54        	((-1.351204e+00 1.017460e+03 -2.724415e+02) (-4.842806e-03 9.069766e+00 -3.670342e-01)) ((-5.137619e+01 -4.561862e-01 9.976204e-02) (-3.939386e-02 -4.236056e-04 -5.122671e-04))
501.55        	((-1.110112e+00 1.022328e+03 -2.700970e+02) (-4.778942e-03 9.085861e+00 -3.949086e-01)) ((-5.257204e+01 -4.785963e-01 1.229816e-01) (-3.592408e-02 -2.951038e-04 -5.317971e-04))
501.56        	((-8.792590e-01 1.026516e+03 -2.670246e+02) (-4.740532e-03 9.106930e+00 -4.162851e-01)) ((-5.368221e+01 -5.053134e-01 1.434390e-01) (-3.331577e-02 -2.251997e-04 -5.217757e-04))
501.57        	((-6.549641e-01 1.030257e+03 -2.634142e+02) (-4.804230e-03 9.133128e+00 -4.309374e-01)) ((-5.475010e+01 -5.348524e-01 1.620146e-01) (-3.130254e-02 -1.823251e-04 -4.931885e-04))
501.58        	((-4.390340e-01 1.033609e+03 -2.593920e+02) (-4.859989e-03 9.163366e+00 -4.389928e-01)) ((-5.575578e+01 -5.539069e-01 1.763112e-01) (-3.009516e-02 -1.114663e-04 -4.583563e-04))
501.59        	((-2.304243e-01 1.036489e+03 -2.550423e+02) (-4.895066e-03 9.197609e+00 -4.410149e-01)) ((-5.667087e+01 -5.670509e-01 1.858847e-01) (-2.992373e-02 -3.256156e-05 -4.331300e-04))
501.6         	((-2.828713e-02 1.038759e+03 -2.504210e+02) (-4.843414e-03 9.235192e+00 -4.373618e-01)) ((-5.746373e+01 -5.779417e-01 1.938251e-01) (-3.067015e-02 5.815863e-05 -4.178285e-04))
501.61        	((1.469693e-01 1.040334e+03 -2.455735e+02) (-4.693552e-03 9.275097e+00 -4.282664e-01)) ((-5.811520e+01 -5.866647e-01 1.962517e-01) (-3.204365e-02 1.675792e-04 -3.641278e-04))
501.62        	((2.693624e-01 1.041222e+03 -2.404718e+02) (-4.621047e-03 9.317520e+00 -4.145212e-01)) ((-5.861038e+01 -5.800606e-01 1.918144e-01) (-3.429643e-02 2.399628e-04 -4.549979e-04))
501.63        	((3.625503e-01 1.041428e+03 -2.350948e+02) (-4.464273e-03 9.362371e+00 -3.961896e-01)) ((-5.893870e+01 -5.631481e-01 1.776248e-01) (-3.711285e-02 3.074870e-04 -3.558785e-04))
501.64        	((4.358487e-01 1.040974e+03 -2.295273e+02) (-4.052424e-03 9.408572e+00 -3.742029e-01)) ((-5.912231e+01 -5.373529e-01 1.529845e-01) (-4.037103e-02 3.744294e-04 -2.075755e-04))
501.65        	((4.920143e-01 1.039926e+03 -2.238795e+02) (-3.662148e-03 9.455430e+00 -3.484987e-01)) ((-5.919776e+01 -5.055362e-01 1.209099e-01) (-4.439081e-02 4.642596e-04 -9.483367e-05))
501.66        	((5.515718e-01 1.038343e+03 -2.182397e+02) (-3.785848e-03 9.503533e+00 -3.197017e-01)) ((-5.916238e+01 -4.809986e-01 9.134896e-02) (-4.865899e-02 6.774454e-04 -1.544281e-04))
501.67        	((5.964936e-01 1.036254e+03 -2.126733e+02) (-3.575357e-03 9.551667e+00 -2.881858e-01)) ((-5.900553e+01 -4.607399e-01 6.456841e-02) (-5.336170e-02 7.990785e-04 -1.327685e-04))
501.68        	((6.178106e-01 1.033675e+03 -2.072336e+02) (-3.417556e-03 9.599197e+00 -2.544232e-01)) ((-5.872389e+01 -4.420868e-01 3.682365e-02) (-5.817456e-02 9.401726e-04 8.242205e-05))
501.69        	((6.017664e-01 1.030631e+03 -2.019505e+02) (-2.752788e-03 9.646504e+00 -2.187189e-01)) ((-5.831721e+01 -4.181256e-01 7.951180e-03) (-6.318216e-02 1.196805e-03 1.698414e-05))
501.7         	((5.557691e-01 1.027144e+03 -1.968711e+02) (-2.318337e-03 9.693309e+00 -1.816495e-01)) ((-5.780279e+01 -3.864079e-01 -1.598923e-02) (-6.823406e-02 1.354904e-03 -4.447942e-04))
501.71        	((5.139136e-01 1.023272e+03 -1.920404e+02) (-2.612500e-03 9.739110e+00 -1.437457e-01)) ((-5.718309e+01 -3.532519e-01 -3.609263e-02) (-7.322839e-02 1.349302e-03 -4.565957e-04))
501.72        	((4.730302e-01 1.019097e+03 -1.875193e+02) (-2.466383e-03 9.784190e+00 -1.056754e-01)) ((-5.647266e+01 -3.244121e-01 -5.673845e-02) (-7.837077e-02 1.430281e-03 -4.701558e-04))
501.73        	((4.230871e-01 1.014708e+03 -1.833688e+02) (-2.185201e-03 9.826149e+00 -6.760992e-02)) ((-5.569585e+01 -3.003412e-01 -7.669178e-02) (-8.288456e-02 1.577765e-03 -7.113568e-04))
501.74        	((3.549181e-01 1.010193e+03 -1.796081e+02) (-2.378441e-03 9.867345e+00 -3.101328e-02)) ((-5.486878e+01 -2.783606e-01 -8.728090e-02) (-8.783703e-02 1.649981e-03 -1.961665e-04))
501.75        	((2.637925e-01 1.005635e+03 -1.763392e+02) (-2.229565e-03 9.905616e+00 5.149021e-03)) ((-5.402569e+01 -2.524465e-01 -9.694746e-02) (-9.213874e-02 1.628676e-03 -3.209870e-04))
501.76        	((1.951589e-01 1.001154e+03 -1.736956e+02) (-2.339402e-03 9.942564e+00 3.924974e-02)) ((-5.315308e+01 -2.327544e-01 -1.120805e-01) (-9.666271e-02 1.676692e-03 -3.579839e-04))
501.77        	((1.307595e-01 9.967780e+02 -1.715850e+02) (-2.395025e-03 9.976205e+00 7.230957e-02)) ((-5.226703e+01 -2.158815e-01 -1.208297e-01) (-1.004655e-01 1.666502e-03 -3.889819e-04))
501.78        	((6.437401e-02 9.924023e+02 -1.698494e+02) (-2.407365e-03 1.000826e+01 1.016206e-01)) ((-5.137722e+01 -2.019426e-01 -1.252256e-01) (-1.049322e-01 1.685800e-03 -2.693760e-04))
501.79        	((9.487940e-03 9.881131e+02 -1.686486e+02) (-2.415890e-03 1.003714e+01 1.297443e-01)) ((-5.050766e+01 -1.932445e-01 -1.291954e-01) (-1.086919e-01 1.738748e-03 -1.719398e-04))
501.8         	((-4.033974e-02 9.840506e+02 -1.680822e+02) (-2.492906e-03 1.006352e+01 1.538840e-01)) ((-4.968202e+01 -1.866725e-01 -1.275900e-01) (-1.126428e-01 1.719332e-03 -2.914690e-04))
501.81        	((-7.963102e-02 9.803258e+02 -1.682154e+02) (-2.613057e-03 1.008693e+01 1.766037e-01)) ((-4.892380e+01 -1.842580e-01 -1.203998e-01) (-1.158533e-01 1.661585e-03 -6.044877e-04))
501.82        	((-1.031178e-01 9.769665e+02 -1.690011e+02) (-2.887010e-03 1.010899e+01 1.949518e-01)) ((-4.822391e+01 -1.899993e-01 -1.107976e-01) (-1.196143e-01 1.698361e-03 -2.441847e-04))
501.83        	((-1.152131e-01 9.739721e+02 -1.703811e+02) (-3.106581e-03 1.012788e+01 2.112389e-01)) ((-4.758502e+01 -2.065309e-01 -1.002193e-01) (-1.226126e-01 1.769846e-03 1.787345e-04))
501.84        	((-1.292951e-01 9.713289e+02 -1.723091e+02) (-2.034052e-03 1.014387e+01 2.238873e-01)) ((-4.702046e+01 -2.257212e-01 -8.276360e-02) (-1.253961e-01 1.709998e-03 -5.792351e-04))
501.85        	((-1.235867e-01 9.690512e+02 -1.747226e+02) (-3.324425e-03 1.015762e+01 2.324728e-01)) ((-4.654562e+01 -2.492271e-01 -5.876398e-02) (-1.282432e-01 1.604533e-03 -3.897640e-04))
501.86        	((-1.066556e-01 9.671898e+02 -1.776191e+02) (-4.051270e-03 1.016674e+01 2.395488e-01)) ((-4.619013e+01 -2.776770e-01 -3.708436e-02) (-1.296493e-01 1.633914e-03 2.559702e-04))
501.87        	((-8.767640e-02 9.658062e+02 -1.809023e+02) (-2.957097e-03 1.017430e+01 2.399463e-01)) ((-4.594332e+01 -3.055216e-01 -1.512951e-02) (-1.320146e-01 1.559905e-03 -3.224387e-04))
501.88        	((-5.311141e-02 9.649199e+02 -1.845701e+02) (-1.794302e-03 1.017706e+01 2.395185e-01)) ((-4.580950e+01 -3.296062e-01 1.060203e-02) (-1.326164e-01 1.313927e-03 -1.332903e-03))
501.89        	((5.573264e-03 9.645533e+02 -1.885296e+02) (-3.969987e-03 1.017835e+01 2.336090e-01)) ((-4.578319e+01 -3.561391e-01 3.496859e-02) (-1.337801e-01 1.343038e-03 1.833481e-04))
501.9         	((6.204890e-02 9.646486e+02 -1.927041e+02) (-2.401351e-03 1.017739e+01 2.240985e-01)) ((-4.585072e+01 -3.824399e-01 5.304700e-02) (-1.347228e-01 1.333874e-03 -2.507294e-04))
501.91        	((1.310517e-01 9.651732e+02 -1.969890e+02) (-2.200076e-03 1.017367e+01 2.120701e-01)) ((-4.600318e+01 -4.086723e-01 7.247910e-02) (-1.349032e-01 1.203716e-03 -3.250615e-04))
501.92        	((2.123059e-01 9.660852e+02 -2.013047e+02) (-2.467511e-03 1.016809e+01 1.970145e-01)) ((-4.623090e+01 -4.378258e-01 8.769137e-02) (-1.347850e-01 1.127620e-03 -5.988130e-05))
501.93        	((2.969183e-01 9.673468e+02 -2.055563e+02) (-2.161295e-03 1.016118e+01 1.786931e-01)) ((-4.651489e+01 -4.661024e-01 1.009950e-01) (-1.346119e-01 1.069964e-03 -5.368678e-05))
501.94        	((3.805565e-01 9.689305e+02 -2.096790e+02) (-2.240102e-03 1.015363e+01 1.580625e-01)) ((-4.684718e+01 -4.914989e-01 1.143593e-01) (-1.343992e-01 9.786270e-04 1.512768e-04))
501.95        	((4.660765e-01 9.708079e+02 -2.136099e+02) (-2.058663e-03 1.014567e+01 1.351787e-01)) ((-4.721667e+01 -5.142626e-01 1.229327e-01) (-1.342209e-01 9.077851e-04 1.685320e-04))
501.96        	((5.494821e-01 9.729075e+02 -2.172801e+02) (-1.836468e-03 1.013747e+01 1.105443e-01)) ((-4.760712e+01 -5.334615e-01 1.249473e-01) (-1.339964e-01 8.580890e-04 6.571445e-05))
501.97        	((6.247021e-01 9.751862e+02 -2.206525e+02) (-1.638429e-03 1.012925e+01 8.460085e-02)) ((-4.801160e+01 -5.462227e-01 1.235948e-01) (-1.336900e-01 8.048604e-04 -1.494137e-05))
501.98        	((6.951084e-01 9.776101e+02 -2.237122e+02) (-1.395549e-03 1.012126e+01 5.785533e-02)) ((-4.843201e+01 -5.513945e-01 1.211143e-01) (-1.332621e-01 7.538887e-04 -6.768333e-05))
501.99        	((7.690087e-01 9.800707e+02 -2.263863e+02) (-1.121797e-03 1.011382e+01 3.080309e-02)) ((-4.884413e+01 -5.505457e-01 1.170937e-01) (-1.327144e-01 7.222707e-04 -1.195474e-04))
502           	((8.433100e-01 9.825550e+02 -2.286622e+02) (-8.541433e-04 1.010726e+01 3.871443e-03)) ((-4.924173e+01 -5.445272e-01 1.122187e-01) (-1.320976e-01 7.105416e-04 -1.646508e-04))
502.01        	((9.090565e-01 9.850281e+02 -2.305317e+02) (-5.916137e-04 1.010188e+01 -2.249995e-02)) ((-4.962148e+01 -5.341500e-01 1.073503e-01) (-1.314491e-01 7.001582e-04 -1.959303e-04))
502.02        	((9.614146e-01 9.874588e+02 -2.320039e+02) (-3.981498e-04 1.009775e+01 -4.794524e-02)) ((-4.998582e+01 -5.214047e-01 1.011887e-01) (-1.307499e-01 6.729944e-04 -2.106314e-04))
502.03        	((9.988128e-01 9.897990e+02 -2.330869e+02) (-2.422340e-04 1.009504e+01 -7.220449e-02)) ((-5.033348e+01 -5.090061e-01 9.459136e-02) (-1.300557e-01 6.557769e-04 -2.326092e-04))
502.04        	((1.021753e+00 9.920409e+02 -2.338131e+02) (-1.338935e-04 1.009401e+01 -9.489149e-02)) ((-5.067058e+01 -4.950946e-01 8.883329e-02) (-1.294131e-01 6.336043e-04 -2.376898e-04))
502.05        	((1.032124e+00 9.941363e+02 -2.341958e+02) (-2.582431e-05 1.009461e+01 -1.157955e-01)) ((-5.098438e+01 -4.778301e-01 8.318605e-02) (-1.288442e-01 6.102069e-04 -2.515110e-04))
502.06        	((1.034914e+00 9.960769e+02 -2.342418e+02) (3.625763e-05 1.009700e+01 -1.347709e-01)) ((-5.126874e+01 -4.596679e-01 7.744012e-02) (-1.284209e-01 6.033676e-04 -2.716315e-04))
502.07        	((1.029111e+00 9.978353e+02 -2.339802e+02) (1.285482e-04 1.010125e+01 -1.515420e-01)) ((-5.152552e+01 -4.427117e-01 7.279788e-02) (-1.281390e-01 6.179209e-04 -3.015579e-04))
502.08        	((1.010785e+00 9.994167e+02 -2.334419e+02) (2.553514e-04 1.010716e+01 -1.660235e-01)) ((-5.176635e+01 -4.273530e-01 6.767158e-02) (-1.279760e-01 6.539757e-04 -3.628387e-04))
502.09        	((9.762478e-01 1.000805e+03 -2.326635e+02) (3.404047e-04 1.011467e+01 -1.780961e-01)) ((-5.199132e+01 -4.122416e-01 6.285556e-02) (-1.279578e-01 6.905291e-04 -4.146777e-04))
502.1         	((9.273412e-01 1.002017e+03 -2.316874e+02) (3.794417e-04 1.012376e+01 -1.876483e-01)) ((-5.220069e+01 -3.963201e-01 5.852366e-02) (-1.280881e-01 7.176947e-04 -4.464574e-04))
502.11        	((8.726285e-01 1.003006e+03 -2.305382e+02) (3.676350e-04 1.013429e+01 -1.947288e-01)) ((-5.238472e+01 -3.819982e-01 5.495840e-02) (-1.283893e-01 7.441297e-04 -4.833446e-04))
502.12        	((8.159807e-01 1.003758e+03 -2.292423e+02) (2.816066e-04 1.014609e+01 -1.993957e-01)) ((-5.254378e+01 -3.723131e-01 5.407827e-02) (-1.289165e-01 7.814165e-04 -5.451931e-04))
502.13        	((7.515810e-01 1.004273e+03 -2.278305e+02) (2.466871e-04 1.015929e+01 -2.015365e-01)) ((-5.267599e+01 -3.638635e-01 5.590874e-02) (-1.295741e-01 7.598860e-04 -5.694158e-04))
502.14        	((6.735078e-01 1.004582e+03 -2.263421e+02) (3.419294e-04 1.017364e+01 -2.016913e-01)) ((-5.278513e+01 -3.508244e-01 5.822726e-02) (-1.303109e-01 7.141995e-04 -5.426930e-04))
502.15        	((5.867418e-01 1.004697e+03 -2.248069e+02) (4.169676e-04 1.018868e+01 -1.999338e-01)) ((-5.287507e+01 -3.350618e-01 6.057747e-02) (-1.312650e-01 6.778685e-04 -5.147546e-04))
502.16        	((5.018723e-01 1.004628e+03 -2.232483e+02) (4.570627e-04 1.020431e+01 -1.961685e-01)) ((-5.294894e+01 -3.216074e-01 6.279683e-02) (-1.324761e-01 6.542059e-04 -4.755957e-04))
502.17        	((4.323743e-01 1.004389e+03 -2.216886e+02) (3.254306e-04 1.022072e+01 -1.905524e-01)) ((-5.300287e+01 -3.156648e-01 6.573407e-02) (-1.337842e-01 6.971024e-04 -4.848603e-04))
502.18        	((3.783511e-01 1.003999e+03 -2.201548e+02) (7.657016e-05 1.023763e+01 -1.836170e-01)) ((-5.303417e+01 -3.172148e-01 7.036035e-02) (-1.352050e-01 7.396985e-04 -4.903677e-04))
502.19        	((3.256841e-01 1.003465e+03 -2.186687e+02) (-1.607460e-04 1.025475e+01 -1.754988e-01)) ((-5.304416e+01 -3.190804e-01 7.580206e-02) (-1.367863e-01 7.253871e-04 -4.471938e-04))
502.2         	((2.674585e-01 1.002798e+03 -2.172474e+02) (-3.708042e-04 1.027185e+01 -1.663867e-01)) ((-5.303429e+01 -3.168912e-01 8.040798e-02) (-1.385141e-01 6.774391e-04 -3.788785e-04))
502.21        	((2.082732e-01 1.002021e+03 -2.159056e+02) (-5.792341e-04 1.028882e+01 -1.563712e-01)) ((-5.300671e+01 -3.114488e-01 8.432032e-02) (-1.403608e-01 6.075642e-04 -2.783257e-04))
502.22        	((1.587955e-01 1.001151e+03 -2.146589e+02) (-8.023099e-04 1.030557e+01 -1.455537e-01)) ((-5.296007e+01 -3.070106e-01 8.764039e-02) (-1.422413e-01 5.371858e-04 -1.796684e-04))
502.23        	((1.302584e-01 1.000209e+03 -2.135151e+02) (-1.134084e-03 1.032200e+01 -1.343605e-01)) ((-5.288954e+01 -3.080536e-01 9.064014e-02) (-1.440811e-01 4.793811e-04 -1.028395e-04))
502.24        	((1.171124e-01 9.992264e+02 -2.124854e+02) (-1.437065e-03 1.033808e+01 -1.231634e-01)) ((-5.280264e+01 -3.128335e-01 9.377940e-02) (-1.459701e-01 4.021062e-04 -5.424176e-05))
502.25        	((1.124294e-01 9.982106e+02 -2.115780e+02) (-1.702348e-03 1.035361e+01 -1.119269e-01)) ((-5.270588e+01 -3.174419e-01 9.512088e-02) (-1.478705e-01 3.247424e-04 -1.703945e-05))
502.26        	((1.109304e-01 9.971637e+02 -2.107865e+02) (-1.978860e-03 1.036826e+01 -1.008887e-01)) ((-5.259478e+01 -3.184101e-01 9.633217e-02) (-1.497243e-01 2.400399e-04 8.586741e-05))
502.27        	((1.101219e-01 9.961118e+02 -2.101133e+02) (-2.150641e-03 1.038227e+01 -9.021899e-02)) ((-5.246918e+01 -3.145076e-01 9.777079e-02) (-1.516024e-01 1.467497e-04 2.066645e-04))
502.28        	((1.209599e-01 9.950748e+02 -2.095740e+02) (-2.268822e-03 1.039574e+01 -7.982177e-02)) ((-5.233061e+01 -3.105039e-01 9.513456e-02) (-1.534247e-01 1.184023e-04 2.362650e-04))
502.29        	((1.492806e-01 9.940409e+02 -2.091529e+02) (-2.494032e-03 1.040828e+01 -7.015615e-02)) ((-5.217303e+01 -3.081358e-01 9.126867e-02) (-1.550916e-01 1.068365e-04 2.779163e-04))
502.3         	((1.861123e-01 9.930488e+02 -2.088495e+02) (-2.639970e-03 1.042004e+01 -6.146629e-02)) ((-5.200601e+01 -3.039980e-01 8.828940e-02) (-1.567343e-01 5.605098e-05 3.439212e-04))
502.31        	((2.305955e-01 9.921190e+02 -2.086799e+02) (-2.707627e-03 1.043105e+01 -5.344475e-02)) ((-5.184009e+01 -2.980118e-01 8.038815e-02) (-1.583171e-01 4.460411e-05 3.326625e-04))
502.32        	((2.782631e-01 9.912493e+02 -2.086279e+02) (-2.821716e-03 1.044092e+01 -4.634012e-02)) ((-5.167023e+01 -2.886500e-01 7.091026e-02) (-1.597533e-01 3.294399e-05 3.769410e-04))
502.33        	((3.206200e-01 9.904562e+02 -2.086826e+02) (-2.815503e-03 1.044999e+01 -4.031941e-02)) ((-5.149835e+01 -2.740145e-01 6.329837e-02) (-1.611282e-01 -1.657318e-05 4.716416e-04))
502.34        	((3.713965e-01 9.897528e+02 -2.088630e+02) (-2.747196e-03 1.045861e+01 -3.510438e-02)) ((-5.133229e+01 -2.605806e-01 5.083345e-02) (-1.623963e-01 1.293627e-05 4.129722e-04))
502.35        	((4.349333e-01 9.891291e+02 -2.091525e+02) (-2.819170e-03 1.046624e+01 -3.100399e-02)) ((-5.116714e+01 -2.497474e-01 3.677276e-02) (-1.634529e-01 4.307636e-05 3.863119e-04))
502.36        	((4.951360e-01 9.885908e+02 -2.095253e+02) (-2.832195e-03 1.047292e+01 -2.818100e-02)) ((-5.100418e+01 -2.357722e-01 2.578459e-02) (-1.644062e-01 1.653510e-05 4.423532e-04))
502.37        	((5.512436e-01 9.881600e+02 -2.099954e+02) (-2.776666e-03 1.047913e+01 -2.620459e-02)) ((-5.085737e+01 -2.190688e-01 1.339966e-02) (-1.653058e-01 -3.260702e-06 4.440712e-04))
502.38        	((6.080630e-01 9.878388e+02 -2.105620e+02) (-2.772801e-03 1.048469e+01 -2.498310e-02)) ((-5.072911e+01 -2.021497e-01 -1.640382e-03) (-1.660402e-01 6.043150e-06 4.387926e-04))
502.39        	((6.614121e-01 9.876215e+02 -2.112008e+02) (-2.741360e-03 1.048954e+01 -2.478104e-02)) ((-5.061395e+01 -1.851235e-01 -1.559197e-02) (-1.666423e-01 2.354984e-05 4.549911e-04))
502.4         	((7.085423e-01 9.875113e+02 -2.119035e+02) (-2.647269e-03 1.049399e+01 -2.555668e-02)) ((-5.051559e+01 -1.680468e-01 -2.806493e-02) (-1.671887e-01 2.881078e-05 4.633692e-04))
502.41        	((7.546110e-01 9.875097e+02 -2.126728e+02) (-2.552727e-03 1.049815e+01 -2.703002e-02)) ((-5.044101e+01 -1.525638e-01 -4.169635e-02) (-1.676539e-01 5.559062e-05 4.303194e-04))
502.42        	((7.998621e-01 9.876057e+02 -2.134900e+02) (-2.510854e-03 1.050184e+01 -2.921128e-02)) ((-5.038905e+01 -1.377971e-01 -5.465387e-02) (-1.679785e-01 8.236722e-05 4.219913e-04))
502.43        	((8.402263e-01 9.877962e+02 -2.143345e+02) (-2.443857e-03 1.050518e+01 -3.215536e-02)) ((-5.035951e+01 -1.223089e-01 -6.587246e-02) (-1.682179e-01 9.927600e-05 4.274981e-04))
502.44        	((8.768309e-01 9.880832e+02 -2.152023e+02) (-2.359731e-03 1.050843e+01 -3.563189e-02)) ((-5.035762e+01 -1.076256e-01 -7.750364e-02) (-1.684193e-01 1.343580e-04 3.941469e-04))
502.45        	((9.094874e-01 9.884517e+02 -2.160831e+02) (-2.325289e-03 1.051146e+01 -3.951559e-02)) ((-5.038067e+01 -9.461398e-02 -8.863813e-02) (-1.685178e-01 1.734314e-04 3.714379e-04))
502.46        	((9.360224e-01 9.888911e+02 -2.169546e+02) (-2.299158e-03 1.051425e+01 -4.386948e-02)) ((-5.042444e+01 -8.230271e-02 -9.802936e-02) (-1.685354e-01 1.998296e-04 3.671944e-04))
502.47        	((9.580740e-01 9.894000e+02 -2.178094e+02) (-2.264157e-03 1.051707e+01 -4.853063e-02)) ((-5.049236e+01 -7.093630e-02 -1.071316e-01) (-1.685313e-01 2.314183e-04 3.406489e-04))
502.48        	((9.771016e-01 9.899605e+02 -2.186335e+02) (-2.276048e-03 1.051981e+01 -5.334484e-02)) ((-5.058034e+01 -6.015032e-02 -1.155060e-01) (-1.684575e-01 2.613702e-04 3.289747e-04))
502.49        	((9.912057e-01 9.905664e+02 -2.194100e+02) (-2.290428e-03 1.052246e+01 -5.838366e-02)) ((-5.068434e+01 -4.930956e-02 -1.223508e-01) (-1.683406e-01 2.781283e-04 3.374300e-04))
502.5         	((1.001601e+00 9.912145e+02 -2.201331e+02) (-2.278452e-03 1.052528e+01 -6.347224e-02)) ((-5.080698e+01 -3.916850e-02 -1.293887e-01) (-1.682468e-01 3.031088e-04 3.208137e-04))
502.51        	((1.009071e+00 9.918844e+02 -2.207901e+02) (-2.310415e-03 1.052815e+01 -6.845811e-02)) ((-5.094242e+01 -2.982649e-02 -1.356373e-01) (-1.681159e-01 3.245572e-04 3.213606e-04))
502.52        	((1.011956e+00 9.925617e+02 -2.213652e+02) (-2.333551e-03 1.053106e+01 -7.344293e-02)) ((-5.108453e+01 -2.061757e-02 -1.403484e-01) (-1.679826e-01 3.298279e-04 3.401738e-04))
502.53        	((1.012159e+00 9.932447e+02 -2.218594e+02) (-2.328172e-03 1.053430e+01 -7.823340e-02)) ((-5.123392e+01 -1.236345e-02 -1.454981e-01) (-1.679079e-01 3.440960e-04 3.303844e-04))
502.54        	((1.010443e+00 9.939116e+02 -2.222650e+02) (-2.360169e-03 1.053766e+01 -8.273009e-02)) ((-5.138294e+01 -5.106498e-03 -1.499051e-01) (-1.678271e-01 3.567531e-04 3.372432e-04))
502.55        	((1.004847e+00 9.945574e+02 -2.225733e+02) (-2.364134e-03 1.054115e+01 -8.707001e-02)) ((-5.152725e+01 1.726785e-03 -1.529705e-01) (-1.677914e-01 3.584818e-04 3.542663e-04))
502.56        	((9.978285e-01 9.951789e+02 -2.227896e+02) (-2.341321e-03 1.054508e+01 -9.102326e-02)) ((-5.166890e+01 7.085555e-03 -1.567050e-01) (-1.678602e-01 3.754639e-04 3.364255e-04))
502.57        	((9.899436e-01 9.957578e+02 -2.229122e+02) (-2.354343e-03 1.054920e+01 -9.451979e-02)) ((-5.180139e+01 1.139890e-02 -1.595927e-01) (-1.679542e-01 3.903379e-04 3.383012e-04))
502.58        	((9.792983e-01 9.962951e+02 -2.229349e+02) (-2.341985e-03 1.055354e+01 -9.771460e-02)) ((-5.192106e+01 1.564147e-02 -1.613437e-01) (-1.681342e-01 3.952477e-04 3.511511e-04))
502.59        	((9.686185e-01 9.967885e+02 -2.228744e+02) (-2.308623e-03 1.055836e+01 -1.003751e-01)) ((-5.203175e+01 1.917486e-02 -1.640594e-01) (-1.684376e-01 4.121290e-04 3.338284e-04))
502.6         	((9.580501e-01 9.972142e+02 -2.227339e+02) (-2.306693e-03 1.056334e+01 -1.024900e-01)) ((-5.212597e+01 2.188424e-02 -1.664238e-01) (-1.687638e-01 4.251956e-04 3.316724e-04))
502.61        	((9.463508e-01 9.975757e+02 -2.225143e+02) (-2.290911e-03 1.056851e+01 -1.042342e-01)) ((-5.220198e+01 2.422775e-02 -1.677996e-01) (-1.691660e-01 4.286707e-04 3.408619e-04))
502.62        	((9.355082e-01 9.978826e+02 -2.222368e+02) (-2.255511e-03 1.057412e+01 -1.053719e-01)) ((-5.226487e+01 2.616338e-02 -1.696424e-01) (-1.696750e-01 4.376867e-04 3.269626e-04))
502.63        	((9.273848e-01 9.981232e+02 -2.219085e+02) (-2.247629e-03 1.057981e+01 -1.059320e-01)) ((-5.230904e+01 2.877603e-02 -1.715076e-01) (-1.701806e-01 4.436386e-04 3.233574e-04))
502.64        	((9.201894e-01 9.983025e+02 -2.215294e+02) (-2.232761e-03 1.058562e+01 -1.061402e-01)) ((-5.233389e+01 3.256989e-02 -1.730241e-01) (-1.707456e-01 4.386815e-04 3.355814e-04))
502.65        	((9.138500e-01 9.984309e+02 -2.211247e+02) (-2.194277e-03 1.059180e+01 -1.057340e-01)) ((-5.234722e+01 3.626257e-02 -1.755999e-01) (-1.713948e-01 4.395088e-04 3.277146e-04))
502.66        	((9.083778e-01 9.984953e+02 -2.206992e+02) (-2.171203e-03 1.059794e+01 -1.048022e-01)) ((-5.234356e+01 3.940868e-02 -1.786019e-01) (-1.720124e-01 4.392837e-04 3.274804e-04))
502.67        	((9.021516e-01 9.985096e+02 -2.202540e+02) (-2.137198e-03 1.060410e+01 -1.036164e-01)) ((-5.232475e+01 4.296104e-02 -1.811419e-01) (-1.726912e-01 4.252580e-04 3.525578e-04))
502.68        	((8.988421e-01 9.984902e+02 -2.198189e+02) (-2.094777e-03 1.061066e+01 -1.018163e-01)) ((-5.230027e+01 4.588080e-02 -1.840751e-01) (-1.734229e-01 4.365931e-04 3.422974e-04))
502.69        	((9.039382e-01 9.984258e+02 -2.193973e+02) (-2.127830e-03 1.061714e+01 -9.968627e-02)) ((-5.226281e+01 4.629738e-02 -1.866184e-01) (-1.740445e-01 4.676956e-04 3.045035e-04))
502.7         	((9.137403e-01 9.983290e+02 -2.189850e+02) (-2.189077e-03 1.062353e+01 -9.761884e-02)) ((-5.221502e+01 4.577549e-02 -1.876387e-01) (-1.747117e-01 4.731782e-04 2.978640e-04))
502.71        	((9.216911e-01 9.982145e+02 -2.186106e+02) (-2.180163e-03 1.063012e+01 -9.513428e-02)) ((-5.216940e+01 4.681071e-02 -1.889226e-01) (-1.754683e-01 4.639902e-04 2.926723e-04))
502.72        	((9.268548e-01 9.980682e+02 -2.182710e+02) (-2.135997e-03 1.063636e+01 -9.232661e-02)) ((-5.211732e+01 4.984979e-02 -1.916240e-01) (-1.761531e-01 4.644506e-04 2.863284e-04))
502.73        	((9.305268e-01 9.979077e+02 -2.179570e+02) (-2.107039e-03 1.064250e+01 -8.956264e-02)) ((-5.205868e+01 5.410476e-02 -1.944665e-01) (-1.768823e-01 4.660299e-04 3.123065e-04))
502.74        	((9.379899e-01 9.977556e+02 -2.177033e+02) (-2.055168e-03 1.064901e+01 -8.636706e-02)) ((-5.200534e+01 5.697307e-02 -1.974340e-01) (-1.775971e-01 4.932006e-04 2.900949e-04))
502.75        	((9.538583e-01 9.975937e+02 -2.175001e+02) (-2.021199e-03 1.065509e+01 -8.320668e-02)) ((-5.194820e+01 5.672399e-02 -2.010266e-01) (-1.781374e-01 5.307617e-04 2.311128e-04))
502.76        	((9.724955e-01 9.974386e+02 -2.173296e+02) (-2.069360e-03 1.066093e+01 -8.050411e-02)) ((-5.189113e+01 5.628291e-02 -2.031434e-01) (-1.787380e-01 5.340924e-04 2.457386e-04))
502.77        	((9.851922e-01 9.973031e+02 -2.172225e+02) (-2.003901e-03 1.066689e+01 -7.753961e-02)) ((-5.184810e+01 5.880932e-02 -2.051164e-01) (-1.793973e-01 5.209831e-04 2.547437e-04))
502.78        	((9.946051e-01 9.971640e+02 -2.171625e+02) (-1.908873e-03 1.067229e+01 -7.456478e-02)) ((-5.180423e+01 6.316664e-02 -2.091869e-01) (-1.799210e-01 5.252113e-04 2.421087e-04))
502.79        	((1.005632e+00 9.970472e+02 -2.171362e+02) (-1.912044e-03 1.067748e+01 -7.207901e-02)) ((-5.175842e+01 6.708931e-02 -2.135022e-01) (-1.804595e-01 5.513169e-04 2.586661e-04))
502.8         	((1.018579e+00 9.969755e+02 -2.171748e+02) (-1.890986e-03 1.068300e+01 -6.944736e-02)) ((-5.172682e+01 6.957595e-02 -2.160947e-01) (-1.809941e-01 5.690142e-04 2.567089e-04))
502.81        	((1.035167e+00 9.969139e+02 -2.172524e+02) (-1.874600e-03 1.068791e+01 -6.712146e-02)) ((-5.169591e+01 7.007279e-02 -2.191136e-01) (-1.813628e-01 5.821158e-04 2.254295e-04))
502.82        	((1.051863e+00 9.968679e+02 -2.173388e+02) (-1.851152e-03 1.069232e+01 -6.548328e-02)) ((-5.166478e+01 7.071494e-02 -2.230989e-01) (-1.817501e-01 5.975976e-04 1.937091e-04))
502.83        	((1.062360e+00 9.968646e+02 -2.174697e+02) (-1.818800e-03 1.069711e+01 -6.369945e-02)) ((-5.165115e+01 7.423104e-02 -2.254727e-01) (-1.822509e-01 5.934824e-04 2.271494e-04))
502.84        	((1.067493e+00 9.968750e+02 -2.176323e+02) (-1.738081e-03 1.070132e+01 -6.205153e-02)) ((-5.163858e+01 7.942401e-02 -2.280632e-01) (-1.825912e-01 5.927964e-04 2.385456e-04))
502.85        	((1.075219e+00 9.969054e+02 -2.177949e+02) (-1.681212e-03 1.070509e+01 -6.098388e-02)) ((-5.161959e+01 8.270650e-02 -2.323383e-01) (-1.828624e-01 6.236224e-04 2.003522e-04))
502.86        	((1.086674e+00 9.969831e+02 -2.179872e+02) (-1.690004e-03 1.070932e+01 -6.004517e-02)) ((-5.161185e+01 8.357385e-02 -2.356763e-01) (-1.832226e-01 6.556341e-04 1.871687e-04))
502.87        	((1.096469e+00 9.970761e+02 -2.181993e+02) (-1.682186e-03 1.071306e+01 -5.931168e-02)) ((-5.160664e+01 8.420012e-02 -2.368908e-01) (-1.834495e-01 6.580282e-04 1.873407e-04))
502.88        	((1.103073e+00 9.971798e+02 -2.183981e+02) (-1.647635e-03 1.071627e+01 -5.915895e-02)) ((-5.159677e+01 8.537296e-02 -2.384318e-01) (-1.836490e-01 6.583513e-04 1.732528e-04))
502.89        	((1.106072e+00 9.973202e+02 -2.186051e+02) (-1.631648e-03 1.071985e+01 -5.902032e-02)) ((-5.159741e+01 8.732406e-02 -2.400214e-01) (-1.839727e-01 6.657588e-04 1.803285e-04))
502.9         	((1.104922e+00 9.974757e+02 -2.188170e+02) (-1.604997e-03 1.072309e+01 -5.890833e-02)) ((-5.159924e+01 8.964507e-02 -2.409475e-01) (-1.841766e-01 6.624976e-04 1.962928e-04))
502.91        	((1.102918e+00 9.976436e+02 -2.190085e+02) (-1.559607e-03 1.072594e+01 -5.927475e-02)) ((-5.159483e+01 9.074304e-02 -2.424453e-01) (-1.843358e-01 6.663218e-04 1.879011e-04))
502.92        	((1.102838e+00 9.978450e+02 -2.192033e+02) (-1.563648e-03 1.072925e+01 -5.964057e-02)) ((-5.159986e+01 8.979148e-02 -2.437231e-01) (-1.845924e-01 6.847811e-04 1.799738e-04))
502.93        	((1.102725e+00 9.980479e+02 -2.193954e+02) (-1.578954e-03 1.073227e+01 -6.004014e-02)) ((-5.160546e+01 8.790180e-02 -2.430999e-01) (-1.847259e-01 6.871676e-04 1.830076e-04))
502.94        	((1.101473e+00 9.982536e+02 -2.195595e+02) (-1.568823e-03 1.073490e+01 -6.087789e-02)) ((-5.160653e+01 8.594280e-02 -2.424111e-01) (-1.848391e-01 6.867214e-04 1.734990e-04))
502.95        	((1.097671e+00 9.984818e+02 -2.197199e+02) (-1.573185e-03 1.073797e+01 -6.160530e-02)) ((-5.161727e+01 8.477221e-02 -2.416385e-01) (-1.850847e-01 6.875678e-04 1.836530e-04))
502.96        	((1.090716e+00 9.987098e+02 -2.198745e+02) (-1.559842e-03 1.074078e+01 -6.219198e-02)) ((-5.162849e+01 8.440948e-02 -2.405508e-01) (-1.852260e-01 6.824908e-04 1.981002e-04))
502.97        	((1.084099e+00 9.989350e+02 -2.199977e+02) (-1.539855e-03 1.074332e+01 -6.308351e-02)) ((-5.163378e+01 8.330858e-02 -2.403983e-01) (-1.853406e-01 6.900773e-04 1.891484e-04))
502.98        	((1.079162e+00 9.991787e+02 -2.201175e+02) (-1.559546e-03 1.074641e+01 -6.378378e-02)) ((-5.164855e+01 8.117266e-02 -2.397218e-01) (-1.855668e-01 6.968382e-04 1.982647e-04))
502.99        	((1.075671e+00 9.994104e+02 -2.202313e+02) (-1.564002e-03 1.074926e+01 -6.434642e-02)) ((-5.166369e+01 7.838337e-02 -2.385762e-01) (-1.856770e-01 6.968268e-04 1.972410e-04))
503           	((1.073886e+00 9.996333e+02 -2.203106e+02) (-1.581495e-03 1.075182e+01 -6.522703e-02)) ((-5.167398e+01 7.518600e-02 -2.381896e-01) (-1.857846e-01 7.037210e-04 1.829390e-04))
503.01        	((1.069544e+00 9.998706e+02 -2.203863e+02) (-1.603686e-03 1.075494e+01 -6.580954e-02)) ((-5.169576e+01 7.345795e-02 -2.366424e-01) (-1.860408e-01 6.888967e-04 2.195687e-04))
503.02        	((1.063167e+00 1.000090e+03 -2.204543e+02) (-1.578815e-03 1.075779e+01 -6.614737e-02)) ((-5.171654e+01 7.268273e-02 -2.358607e-01) (-1.861906e-01 6.808604e-04 2.315060e-04))
503.03        	((1.060100e+00 1.000296e+03 -2.204913e+02) (-1.579743e-03 1.076043e+01 -6.669563e-02)) ((-5.173069e+01 7.089303e-02 -2.367164e-01) (-1.863232e-01 6.969342e-04 2.125537e-04))
503.04        	((1.059608e+00 1.000515e+03 -2.205291e+02) (-1.618007e-03 1.076367e+01 -6.695804e-02)) ((-5.175456e+01 6.854409e-02 -2.364243e-01) (-1.865798e-01 6.993722e-04 2.340369e-04))
503.05        	((1.060119e+00 1.000714e+03 -2.205621e+02) (-1.617119e-03 1.076665e+01 -6.702658e-02)) ((-5.177729e+01 6.612257e-02 -2.359907e-01) (-1.867263e-01 6.969936e-04 2.348431e-04))
503.06        	((1.062082e+00 1.000895e+03 -2.205629e+02) (-1.620007e-03 1.076933e+01 -6.734367e-02)) ((-5.179362e+01 6.378603e-02 -2.367941e-01) (-1.868822e-01 7.038357e-04 2.177406e-04))
503.07        	((1.061890e+00 1.001084e+03 -2.205625e+02) (-1.629228e-03 1.077258e+01 -6.729009e-02)) ((-5.181921e+01 6.317403e-02 -2.365717e-01) (-1.871884e-01 6.926043e-04 2.545626e-04))
503.08        	((1.061053e+00 1.001250e+03 -2.205579e+02) (-1.597372e-03 1.077558e+01 -6.697313e-02)) ((-5.184110e+01 6.326228e-02 -2.369861e-01) (-1.873796e-01 6.924760e-04 2.598914e-04))
503.09        	((1.064922e+00 1.001400e+03 -2.205257e+02) (-1.593308e-03 1.077836e+01 -6.689581e-02)) ((-5.185343e+01 6.184944e-02 -2.388247e-01) (-1.875512e-01 7.165629e-04 2.265097e-04))
503.1         	((1.070888e+00 1.001558e+03 -2.204976e+02) (-1.622999e-03 1.078169e+01 -6.656071e-02)) ((-5.187280e+01 6.008213e-02 -2.393240e-01) (-1.878580e-01 7.189352e-04 2.419270e-04))
503.11        	((1.075535e+00 1.001692e+03 -2.204675e+02) (-1.598037e-03 1.078470e+01 -6.603695e-02)) ((-5.188802e+01 5.922108e-02 -2.396054e-01) (-1.880660e-01 7.123566e-04 2.439425e-04))
503.12        	((1.080507e+00 1.001808e+03 -2.204093e+02) (-1.573703e-03 1.078743e+01 -6.576219e-02)) ((-5.189376e+01 5.872580e-02 -2.412714e-01) (-1.882850e-01 7.243368e-04 2.206043e-04))
503.13        	((1.083594e+00 1.001932e+03 -2.203573e+02) (-1.563639e-03 1.079072e+01 -6.514669e-02)) ((-5.190601e+01 5.947819e-02 -2.419036e-01) (-1.886479e-01 7.188431e-04 2.503568e-04))
503.14        	((1.087031e+00 1.002036e+03 -2.203082e+02) (-1.529189e-03 1.079373e+01 -6.432078e-02)) ((-5.191179e+01 6.011475e-02 -2.426356e-01) (-1.888796e-01 7.256082e-04 2.466742e-04))
503.15        	((1.095506e+00 1.002124e+03 -2.202374e+02) (-1.520212e-03 1.079648e+01 -6.383824e-02)) ((-5.190600e+01 5.879399e-02 -2.445797e-01) (-1.890899e-01 7.500600e-04 2.034279e-04))
503.16        	((1.104336e+00 1.002224e+03 -2.201777e+02) (-1.540968e-03 1.079973e+01 -6.313961e-02)) ((-5.190647e+01 5.761122e-02 -2.451647e-01) (-1.894441e-01 7.478692e-04 2.192241e-04))
503.17        	((1.109409e+00 1.002302e+03 -2.201241e+02) (-1.506829e-03 1.080264e+01 -6.226387e-02)) ((-5.190227e+01 5.804118e-02 -2.452182e-01) (-1.896923e-01 7.350673e-04 2.297358e-04))
503.18        	((1.114428e+00 1.002367e+03 -2.200503e+02) (-1.474549e-03 1.080523e+01 -6.169205e-02)) ((-5.188770e+01 5.866039e-02 -2.468475e-01) (-1.899380e-01 7.457563e-04 2.079975e-04))
503.19        	((1.118820e+00 1.002447e+03 -2.199929e+02) (-1.474617e-03 1.080840e+01 -6.082320e-02)) ((-5.187958e+01 5.969853e-02 -2.474565e-01) (-1.903103e-01 7.431828e-04 2.368659e-04))
503.2         	((1.123948e+00 1.002513e+03 -2.199479e+02) (-1.458539e-03 1.081125e+01 -5.982150e-02)) ((-5.186577e+01 6.014491e-02 -2.476534e-01) (-1.905338e-01 7.442133e-04 2.387274e-04))
503.21        	((1.133202e+00 1.002570e+03 -2.198885e+02) (-1.457302e-03 1.081377e+01 -5.924472e-02)) ((-5.184180e+01 5.871714e-02 -2.490762e-01) (-1.907330e-01 7.571141e-04 2.035837e-04))
503.22        	((1.141425e+00 1.002643e+03 -2.198481e+02) (-1.478464e-03 1.081680e+01 -5.847475e-02)) ((-5.182690e+01 5.786579e-02 -2.494753e-01) (-1.910797e-01 7.484867e-04 2.275227e-04))
503.23        	((1.145032e+00 1.002702e+03 -2.198224e+02) (-1.454475e-03 1.081948e+01 -5.753892e-02)) ((-5.180962e+01 5.872569e-02 -2.489592e-01) (-1.913065e-01 7.332991e-04 2.490710e-04))
503.24        	((1.148434e+00 1.002755e+03 -2.197845e+02) (-1.430557e-03 1.082181e+01 -5.696310e-02)) ((-5.178389e+01 5.952921e-02 -2.497736e-01) (-1.915108e-01 7.319902e-04 2.423645e-04))
503.25        	((1.152774e+00 1.002833e+03 -2.197692e+02) (-1.438305e-03 1.082472e+01 -5.616166e-02)) ((-5.176735e+01 5.983586e-02 -2.503123e-01) (-1.918352e-01 7.352890e-04 2.593088e-04))
503.26        	((1.158208e+00 1.002905e+03 -2.197733e+02) (-1.440871e-03 1.082733e+01 -5.527202e-02)) ((-5.174949e+01 5.939391e-02 -2.500462e-01) (-1.920113e-01 7.343216e-04 2.636988e-04))
503.27        	((1.165696e+00 1.002971e+03 -2.197665e+02) (-1.453749e-03 1.082956e+01 -5.482865e-02)) ((-5.172453e+01 5.787778e-02 -2.503260e-01) (-1.921585e-01 7.346078e-04 2.510777e-04))
503.28        	((1.171207e+00 1.003056e+03 -2.197791e+02) (-1.465974e-03 1.083228e+01 -5.422737e-02)) ((-5.171052e+01 5.720194e-02 -2.501025e-01) (-1.924491e-01 7.222705e-04 2.740570e-04))
503.29        	((1.173362e+00 1.003136e+03 -2.198090e+02) (-1.453275e-03 1.083469e+01 -5.346370e-02)) ((-5.169789e+01 5.770447e-02 -2.496264e-01) (-1.926194e-01 7.105877e-04 2.921767e-04))
503.3         	((1.175239e+00 1.003210e+03 -2.198260e+02) (-1.434661e-03 1.083673e+01 -5.308647e-02)) ((-5.167917e+01 5.805702e-02 -2.501920e-01) (-1.927593e-01 7.064574e-04 2.910424e-04))
503.31        	((1.177693e+00 1.003309e+03 -2.198627e+02) (-1.435793e-03 1.083931e+01 -5.253793e-02)) ((-5.167101e+01 5.797656e-02 -2.507924e-01) (-1.930198e-01 7.071439e-04 3.045339e-04))
503.32        	((1.180767e+00 1.003405e+03 -2.199160e+02) (-1.439370e-03 1.084161e+01 -5.189467e-02)) ((-5.166386e+01 5.741310e-02 -2.505222e-01) (-1.931435e-01 7.054928e-04 3.125360e-04))
503.33        	((1.185353e+00 1.003505e+03 -2.199572e+02) (-1.446090e-03 1.084357e+01 -5.167987e-02)) ((-5.165189e+01 5.609570e-02 -2.504006e-01) (-1.932359e-01 7.040194e-04 3.065155e-04))
503.34        	((1.188845e+00 1.003622e+03 -2.200107e+02) (-1.450272e-03 1.084596e+01 -5.134701e-02)) ((-5.165060e+01 5.527709e-02 -2.502543e-01) (-1.934629e-01 6.952793e-04 3.191309e-04))
503.35        	((1.189883e+00 1.003731e+03 -2.200735e+02) (-1.443679e-03 1.084807e+01 -5.085984e-02)) ((-5.165053e+01 5.549397e-02 -2.499107e-01) (-1.935795e-01 6.870080e-04 3.343133e-04))
503.36        	((1.190025e+00 1.003835e+03 -2.201183e+02) (-1.422293e-03 1.084985e+01 -5.074123e-02)) ((-5.164479e+01 5.593116e-02 -2.502362e-01) (-1.936731e-01 6.806991e-04 3.380639e-04))
503.37        	((1.191253e+00 1.003962e+03 -2.201744e+02) (-1.418565e-03 1.085214e+01 -5.045725e-02)) ((-5.164886e+01 5.574689e-02 -2.509977e-01) (-1.938818e-01 6.866919e-04 3.387939e-04))
503.38        	((1.193508e+00 1.004085e+03 -2.202391e+02) (-1.425827e-03 1.085416e+01 -5.008350e-02)) ((-5.165296e+01 5.506170e-02 -2.510060e-01) (-1.939662e-01 6.883586e-04 3.414888e-04))
503.39        	((1.196273e+00 1.004207e+03 -2.202843e+02) (-1.426138e-03 1.085587e+01 -5.010821e-02)) ((-5.165090e+01 5.413404e-02 -2.508856e-01) (-1.940325e-01 6.851778e-04 3.396920e-04))
503.4         	((1.198146e+00 1.004347e+03 -2.203353e+02) (-1.419939e-03 1.085802e+01 -4.998590e-02)) ((-5.165787e+01 5.365471e-02 -2.509413e-01) (-1.942323e-01 6.811611e-04 3.433029e-04))
503.41        	((1.198528e+00 1.004476e+03 -2.203886e+02) (-1.411358e-03 1.085991e+01 -4.970572e-02)) ((-5.166398e+01 5.391449e-02 -2.509576e-01) (-1.943273e-01 6.775976e-04 3.498096e-04))
503.42        	((1.198242e+00 1.004595e+03 -2.204168e+02) (-1.390536e-03 1.086150e+01 -4.977274e-02)) ((-5.166250e+01 5.437654e-02 -2.513851e-01) (-1.944080e-01 6.742933e-04 3.499898e-04))
503.43        	((1.198539e+00 1.004730e+03 -2.204503e+02) (-1.377098e-03 1.086359e+01 -4.964952e-02)) ((-5.166922e+01 5.450508e-02 -2.521866e-01) (-1.946122e-01 6.776244e-04 3.492748e-04))
503.44        	((1.199525e+00 1.004855e+03 -2.204864e+02) (-1.372686e-03 1.086543e+01 -4.939288e-02)) ((-5.167396e+01 5.428449e-02 -2.523971e-01) (-1.946978e-01 6.793173e-04 3.490007e-04))
503.45        	((1.201658e+00 1.004973e+03 -2.204982e+02) (-1.373733e-03 1.086698e+01 -4.950029e-02)) ((-5.167080e+01 5.357425e-02 -2.524537e-01) (-1.947656e-01 6.812064e-04 3.426894e-04))
503.46        	((1.203414e+00 1.005105e+03 -2.205146e+02) (-1.370160e-03 1.086901e+01 -4.943702e-02)) ((-5.167554e+01 5.313713e-02 -2.523941e-01) (-1.949697e-01 6.764658e-04 3.464548e-04))
503.47        	((1.203839e+00 1.005224e+03 -2.205335e+02) (-1.361584e-03 1.087077e+01 -4.919165e-02)) ((-5.167848e+01 5.330269e-02 -2.522985e-01) (-1.950694e-01 6.709988e-04 3.509357e-04))
503.48        	((1.203906e+00 1.005333e+03 -2.205276e+02) (-1.345711e-03 1.087224e+01 -4.927159e-02)) ((-5.167295e+01 5.357005e-02 -2.526955e-01) (-1.951572e-01 6.678337e-04 3.482833e-04))
503.49        	((1.204601e+00 1.005456e+03 -2.205285e+02) (-1.341733e-03 1.087425e+01 -4.912021e-02)) ((-5.167496e+01 5.351210e-02 -2.531980e-01) (-1.953705e-01 6.706528e-04 3.498685e-04))
503.5         	((1.205945e+00 1.005566e+03 -2.205337e+02) (-1.342991e-03 1.087601e+01 -4.881388e-02)) ((-5.167445e+01 5.310032e-02 -2.530237e-01) (-1.954617e-01 6.698464e-04 3.509877e-04))
503.51        	((1.208452e+00 1.005664e+03 -2.205159e+02) (-1.347165e-03 1.087746e+01 -4.885540e-02)) ((-5.166553e+01 5.218125e-02 -2.528400e-01) (-1.955350e-01 6.686779e-04 3.455354e-04))
503.52        	((1.210443e+00 1.005776e+03 -2.205058e+02) (-1.347032e-03 1.087942e+01 -4.869577e-02)) ((-5.166493e+01 5.159500e-02 -2.525282e-01) (-1.957480e-01 6.614498e-04 3.538252e-04))
503.53        	((1.211146e+00 1.005874e+03 -2.205026e+02) (-1.341634e-03 1.088112e+01 -4.832922e-02)) ((-5.166318e+01 5.157051e-02 -2.521055e-01) (-1.958532e-01 6.540168e-04 3.620229e-04))
503.54        	((1.211754e+00 1.005962e+03 -2.204784e+02) (-1.326049e-03 1.088253e+01 -4.828116e-02)) ((-5.165315e+01 5.149608e-02 -2.521839e-01) (-1.959411e-01 6.483893e-04 3.604396e-04))
503.55        	((1.213649e+00 1.006065e+03 -2.204651e+02) (-1.326403e-03 1.088449e+01 -4.800343e-02)) ((-5.165102e+01 5.092092e-02 -2.525013e-01) (-1.961526e-01 6.517369e-04 3.606058e-04))
503.56        	((1.216014e+00 1.006155e+03 -2.204609e+02) (-1.333685e-03 1.088619e+01 -4.757059e-02)) ((-5.164755e+01 5.002734e-02 -2.519596e-01) (-1.962434e-01 6.489566e-04 3.654665e-04))
503.57        	((1.218726e+00 1.006234e+03 -2.204375e+02) (-1.333459e-03 1.088757e+01 -4.747764e-02)) ((-5.163652e+01 4.893512e-02 -2.513343e-01) (-1.963155e-01 6.428677e-04 3.651601e-04))
503.58        	((1.221186e+00 1.006327e+03 -2.204242e+02) (-1.329610e-03 1.088945e+01 -4.719186e-02)) ((-5.163396e+01 4.812753e-02 -2.509533e-01) (-1.965223e-01 6.375943e-04 3.698331e-04))
503.59        	((1.222626e+00 1.006409e+03 -2.204214e+02) (-1.326826e-03 1.089109e+01 -4.671135e-02)) ((-5.163124e+01 4.778041e-02 -2.504386e-01) (-1.966232e-01 6.311080e-04 3.793499e-04))
503.6         	((1.223555e+00 1.006482e+03 -2.204015e+02) (-1.306108e-03 1.089243e+01 -4.654671e-02)) ((-5.162121e+01 4.755223e-02 -2.502297e-01) (-1.967045e-01 6.229264e-04 3.822568e-04))
503.61        	((1.225916e+00 1.006571e+03 -2.203935e+02) (-1.297374e-03 1.089427e+01 -4.618465e-02)) ((-5.161902e+01 4.676176e-02 -2.505836e-01) (-1.969025e-01 6.279664e-04 3.769741e-04))
503.62        	((1.228935e+00 1.006649e+03 -2.203963e+02) (-1.306150e-03 1.089588e+01 -4.568172e-02)) ((-5.161603e+01 4.565742e-02 -2.500990e-01) (-1.969848e-01 6.273530e-04 3.820000e-04))
503.63        	((1.231530e+00 1.006719e+03 -2.203822e+02) (-1.295602e-03 1.089717e+01 -4.552551e-02)) ((-5.160613e+01 4.468337e-02 -2.492853e-01) (-1.970490e-01 6.185589e-04 3.860376e-04))
503.64        	((1.234291e+00 1.006803e+03 -2.203788e+02) (-1.280826e-03 1.089893e+01 -4.520079e-02)) ((-5.160466e+01 4.382813e-02 -2.492407e-01) (-1.972400e-01 6.179905e-04 3.807671e-04))
503.65        	((1.236283e+00 1.006878e+03 -2.203856e+02) (-1.280048e-03 1.090045e+01 -4.470701e-02)) ((-5.160291e+01 4.339421e-02 -2.489644e-01) (-1.973280e-01 6.151214e-04 3.890764e-04))
503.66        	((1.236853e+00 1.006945e+03 -2.203758e+02) (-1.252481e-03 1.090167e+01 -4.453813e-02)) ((-5.159411e+01 4.342363e-02 -2.485942e-01) (-1.973974e-01 6.053123e-04 3.975366e-04))
503.67        	((1.238850e+00 1.007029e+03 -2.203772e+02) (-1.229601e-03 1.090337e+01 -4.419961e-02)) ((-5.159284e+01 4.289945e-02 -2.492257e-01) (-1.975804e-01 6.122178e-04 3.849327e-04))
503.68        	((1.241791e+00 1.007104e+03 -2.203885e+02) (-1.235796e-03 1.090483e+01 -4.373052e-02)) ((-5.159063e+01 4.202095e-02 -2.492025e-01) (-1.976521e-01 6.150396e-04 3.874656e-04))
503.69        	((1.243802e+00 1.007172e+03 -2.203825e+02) (-1.220188e-03 1.090600e+01 -4.360976e-02)) ((-5.158140e+01 4.144998e-02 -2.485494e-01) (-1.977048e-01 6.065912e-04 3.947826e-04))
503.7         	((1.246201e+00 1.007254e+03 -2.203860e+02) (-1.197897e-03 1.090760e+01 -4.334865e-02)) ((-5.158002e+01 4.090705e-02 -2.488838e-01) (-1.978792e-01 6.082672e-04 3.832650e-04))
503.71        	((1.248140e+00 1.007325e+03 -2.203982e+02) (-1.199629e-03 1.090896e+01 -4.293313e-02)) ((-5.157811e+01 4.070740e-02 -2.490056e-01) (-1.979547e-01 6.077361e-04 3.892397e-04))
503.72        	((1.248250e+00 1.007388e+03 -2.203928e+02) (-1.174809e-03 1.091004e+01 -4.283734e-02)) ((-5.156913e+01 4.112899e-02 -2.487662e-01) (-1.980120e-01 5.981043e-04 4.006150e-04))
503.73        	((1.249451e+00 1.007469e+03 -2.203966e+02) (-1.148832e-03 1.091157e+01 -4.259166e-02)) ((-5.156719e+01 4.105644e-02 -2.495848e-01) (-1.981794e-01 6.048247e-04 3.862976e-04))
503.74        	((1.251698e+00 1.007544e+03 -2.204104e+02) (-1.157632e-03 1.091289e+01 -4.221520e-02)) ((-5.156480e+01 4.060105e-02 -2.499134e-01) (-1.982412e-01 6.083997e-04 3.882490e-04))
503.75        	((1.252785e+00 1.007612e+03 -2.204071e+02) (-1.141060e-03 1.091392e+01 -4.217338e-02)) ((-5.155564e+01 4.052203e-02 -2.495050e-01) (-1.982842e-01 5.994612e-04 3.971189e-04))
503.76        	((1.254443e+00 1.007695e+03 -2.204127e+02) (-1.116911e-03 1.091538e+01 -4.199200e-02)) ((-5.155380e+01 4.029451e-02 -2.501635e-01) (-1.984422e-01 6.032991e-04 3.814197e-04))
503.77        	((1.255891e+00 1.007769e+03 -2.204261e+02) (-1.123253e-03 1.091661e+01 -4.165988e-02)) ((-5.155155e+01 4.029004e-02 -2.504632e-01) (-1.985032e-01 6.041301e-04 3.866951e-04))
503.78        	((1.255262e+00 1.007835e+03 -2.204216e+02) (-1.099574e-03 1.091757e+01 -4.163607e-02)) ((-5.154245e+01 4.098438e-02 -2.501529e-01) (-1.985472e-01 5.937119e-04 4.001434e-04))
503.79        	((1.255815e+00 1.007915e+03 -2.204259e+02) (-1.072646e-03 1.091898e+01 -4.146106e-02)) ((-5.154034e+01 4.111048e-02 -2.510175e-01) (-1.986990e-01 6.013876e-04 3.820724e-04))
503.8         	((1.257593e+00 1.007989e+03 -2.204395e+02) (-1.084654e-03 1.092017e+01 -4.115192e-02)) ((-5.153806e+01 4.080712e-02 -2.514590e-01) (-1.987492e-01 6.054749e-04 3.831846e-04))
503.81        	((1.257959e+00 1.008056e+03 -2.204361e+02) (-1.069776e-03 1.092110e+01 -4.115955e-02)) ((-5.152942e+01 4.093901e-02 -2.510251e-01) (-1.987822e-01 5.957433e-04 3.940490e-04))
503.82        	((1.258889e+00 1.008137e+03 -2.204411e+02) (-1.045458e-03 1.092244e+01 -4.102475e-02)) ((-5.152815e+01 4.080664e-02 -2.516489e-01) (-1.989268e-01 6.001599e-04 3.764617e-04))
503.83        	((1.259979e+00 1.008210e+03 -2.204538e+02) (-1.054476e-03 1.092358e+01 -4.073769e-02)) ((-5.152679e+01 4.074308e-02 -2.519575e-01) (-1.989772e-01 6.014721e-04 3.802760e-04))
503.84        	((1.259169e+00 1.008276e+03 -2.204497e+02) (-1.035310e-03 1.092446e+01 -4.074248e-02)) ((-5.151914e+01 4.132261e-02 -2.515519e-01) (-1.990112e-01 5.912420e-04 3.935222e-04))
503.85        	((1.259376e+00 1.008355e+03 -2.204539e+02) (-1.009614e-03 1.092576e+01 -4.059828e-02)) ((-5.151846e+01 4.139043e-02 -2.522293e-01) (-1.991509e-01 5.975326e-04 3.763526e-04))
503.86        	((1.260721e+00 1.008427e+03 -2.204665e+02) (-1.021453e-03 1.092687e+01 -4.031339e-02)) ((-5.151762e+01 4.106384e-02 -2.525374e-01) (-1.991938e-01 6.007326e-04 3.778021e-04))
503.87        	((1.260882e+00 1.008492e+03 -2.204625e+02) (-1.007979e-03 1.092772e+01 -4.032584e-02)) ((-5.151079e+01 4.110328e-02 -2.520242e-01) (-1.992202e-01 5.917103e-04 3.879604e-04))
503.88        	((1.261774e+00 1.008569e+03 -2.204664e+02) (-9.846325e-04 1.092898e+01 -4.019923e-02)) ((-5.151117e+01 4.082808e-02 -2.525149e-01) (-1.993543e-01 5.961100e-04 3.709666e-04))
503.89        	((1.262885e+00 1.008639e+03 -2.204776e+02) (-9.934955e-04 1.093004e+01 -3.992233e-02)) ((-5.151146e+01 4.056958e-02 -2.526593e-01) (-1.993980e-01 5.972025e-04 3.744019e-04))
503.9         	((1.262262e+00 1.008700e+03 -2.204717e+02) (-9.741940e-04 1.093085e+01 -3.992461e-02)) ((-5.150553e+01 4.090856e-02 -2.521298e-01) (-1.994273e-01 5.873382e-04 3.865210e-04))
503.91        	((1.262757e+00 1.008775e+03 -2.204739e+02) (-9.483801e-04 1.093208e+01 -3.978036e-02)) ((-5.150636e+01 4.074963e-02 -2.526770e-01) (-1.995592e-01 5.941493e-04 3.685190e-04))
503.92        	((1.264339e+00 1.008842e+03 -2.204837e+02) (-9.590714e-04 1.093311e+01 -3.949791e-02)) ((-5.150691e+01 4.025424e-02 -2.528386e-01) (-1.995981e-01 5.973245e-04 3.698450e-04))
503.93        	((1.264621e+00 1.008902e+03 -2.204772e+02) (-9.426773e-04 1.093389e+01 -3.950172e-02)) ((-5.150146e+01 4.018318e-02 -2.522220e-01) (-1.996229e-01 5.881697e-04 3.795957e-04))
503.94        	((1.265615e+00 1.008973e+03 -2.204774e+02) (-9.166656e-04 1.093507e+01 -3.936702e-02)) ((-5.150249e+01 3.976750e-02 -2.526506e-01) (-1.997522e-01 5.936556e-04 3.614324e-04))
503.95        	((1.267097e+00 1.009037e+03 -2.204854e+02) (-9.242414e-04 1.093606e+01 -3.908630e-02)) ((-5.150354e+01 3.936415e-02 -2.527383e-01) (-1.997933e-01 5.954322e-04 3.645390e-04))
503.96        	((1.266803e+00 1.009093e+03 -2.204759e+02) (-9.026435e-04 1.093681e+01 -3.907808e-02)) ((-5.149803e+01 3.958933e-02 -2.521331e-01) (-1.998213e-01 5.857450e-04 3.762436e-04))
503.97        	((1.267567e+00 1.009162e+03 -2.204745e+02) (-8.736359e-04 1.093795e+01 -3.892894e-02)) ((-5.149898e+01 3.930814e-02 -2.526632e-01) (-1.999491e-01 5.932167e-04 3.569276e-04))
503.98        	((1.269328e+00 1.009223e+03 -2.204802e+02) (-8.830963e-04 1.093891e+01 -3.864373e-02)) ((-5.149927e+01 3.874880e-02 -2.527908e-01) (-1.999875e-01 5.966054e-04 3.585819e-04))
503.99        	((1.269616e+00 1.009275e+03 -2.204694e+02) (-8.641296e-04 1.093963e+01 -3.863493e-02)) ((-5.149318e+01 3.868785e-02 -2.521159e-01) (-2.000120e-01 5.872165e-04 3.692071e-04))
504           	((1.270828e+00 1.009339e+03 -2.204658e+02) (-8.352146e-04 1.094073e+01 -3.849423e-02)) ((-5.149329e+01 3.826171e-02 -2.525927e-01) (-2.001371e-01 5.935922e-04 3.491040e-04))
504.01        	((1.272515e+00 1.009396e+03 -2.204696e+02) (-8.429172e-04 1.094165e+01 -3.821303e-02)) ((-5.149305e+01 3.782214e-02 -2.527233e-01) (-2.001766e-01 5.958884e-04 3.520830e-04))
504.02        	((1.272314e+00 1.009446e+03 -2.204579e+02) (-8.208333e-04 1.094233e+01 -3.819711e-02)) ((-5.148671e+01 3.804573e-02 -2.520869e-01) (-2.002030e-01 5.858612e-04 3.645885e-04))
504.03        	((1.273188e+00 1.009507e+03 -2.204536e+02) (-7.903971e-04 1.094340e+01 -3.804833e-02)) ((-5.148626e+01 3.778984e-02 -2.526264e-01) (-2.003259e-01 5.934985e-04 3.442892e-04))
504.04        	((1.275004e+00 1.009562e+03 -2.204570e+02) (-7.997389e-04 1.094429e+01 -3.776784e-02)) ((-5.148523e+01 3.727978e-02 -2.528076e-01) (-2.003622e-01 5.968578e-04 3.462034e-04))
504.05        	((1.275204e+00 1.009609e+03 -2.204454e+02) (-7.806962e-04 1.094494e+01 -3.775394e-02)) ((-5.147815e+01 3.732501e-02 -2.521631e-01) (-2.003849e-01 5.871242e-04 3.580887e-04))
504.06        	((1.276301e+00 1.009668e+03 -2.204409e+02) (-7.514002e-04 1.094597e+01 -3.761592e-02)) ((-5.147698e+01 3.701246e-02 -2.526729e-01) (-2.005040e-01 5.936018e-04 3.384640e-04))
504.07        	((1.277946e+00 1.009719e+03 -2.204443e+02) (-7.606456e-04 1.094682e+01 -3.734408e-02)) ((-5.147554e+01 3.664431e-02 -2.528612e-01) (-2.005404e-01 5.958164e-04 3.421260e-04))
504.08        	((1.277734e+00 1.009764e+03 -2.204334e+02) (-7.410338e-04 1.094744e+01 -3.732794e-02)) ((-5.146835e+01 3.692576e-02 -2.522763e-01) (-2.005637e-01 5.856165e-04 3.556305e-04))
504.09        	((1.278475e+00 1.009821e+03 -2.204298e+02) (-7.117679e-04 1.094843e+01 -3.719055e-02)) ((-5.146688e+01 3.676973e-02 -2.528744e-01) (-2.006798e-01 5.923444e-04 3.368125e-04))
504.1         	((1.280095e+00 1.009872e+03 -2.204349e+02) (-7.225375e-04 1.094925e+01 -3.692570e-02)) ((-5.146528e+01 3.645507e-02 -2.531570e-01) (-2.007138e-01 5.945569e-04 3.410507e-04))
504.11        	((1.280072e+00 1.009916e+03 -2.204256e+02) (-7.054904e-04 1.094985e+01 -3.691287e-02)) ((-5.145808e+01 3.671851e-02 -2.526301e-01) (-2.007343e-01 5.844184e-04 3.548030e-04))
504.12        	((1.281002e+00 1.009972e+03 -2.204234e+02) (-6.789382e-04 1.095080e+01 -3.678630e-02)) ((-5.145658e+01 3.653075e-02 -2.532390e-01) (-2.008450e-01 5.909191e-04 3.361449e-04))
504.13        	((1.282697e+00 1.010021e+03 -2.204293e+02) (-6.923282e-04 1.095158e+01 -3.653652e-02)) ((-5.145512e+01 3.625358e-02 -2.535291e-01) (-2.008758e-01 5.922871e-04 3.414915e-04))
504.14        	((1.282562e+00 1.010065e+03 -2.204216e+02) (-6.772799e-04 1.095215e+01 -3.652970e-02)) ((-5.144843e+01 3.664444e-02 -2.530358e-01) (-2.008942e-01 5.815512e-04 3.571195e-04))
504.15        	((1.283306e+00 1.010119e+03 -2.204210e+02) (-6.516607e-04 1.095308e+01 -3.641196e-02)) ((-5.144737e+01 3.661755e-02 -2.537049e-01) (-2.010025e-01 5.877604e-04 3.387972e-04))
504.16        	((1.284969e+00 1.010169e+03 -2.204281e+02) (-6.670995e-04 1.095383e+01 -3.617359e-02)) ((-5.144629e+01 3.643414e-02 -2.540915e-01) (-2.010320e-01 5.892576e-04 3.443474e-04))
504.17        	((1.285004e+00 1.010212e+03 -2.204220e+02) (-6.543134e-04 1.095438e+01 -3.617509e-02)) ((-5.144016e+01 3.686758e-02 -2.536787e-01) (-2.010500e-01 5.783657e-04 3.601302e-04))
504.18        	((1.285998e+00 1.010266e+03 -2.204224e+02) (-6.312308e-04 1.095527e+01 -3.606773e-02)) ((-5.143954e+01 3.685279e-02 -2.544096e-01) (-2.011530e-01 5.844693e-04 3.429614e-04))
504.19        	((1.287878e+00 1.010315e+03 -2.204298e+02) (-6.501095e-04 1.095599e+01 -3.584424e-02)) ((-5.143888e+01 3.670549e-02 -2.548005e-01) (-2.011794e-01 5.858052e-04 3.493615e-04))
504.2         	((1.288148e+00 1.010358e+03 -2.204242e+02) (-6.400305e-04 1.095651e+01 -3.585736e-02)) ((-5.143330e+01 3.718438e-02 -2.543792e-01) (-2.011951e-01 5.746558e-04 3.653330e-04))
504.21        	((1.289466e+00 1.010412e+03 -2.204251e+02) (-6.203802e-04 1.095737e+01 -3.576195e-02)) ((-5.143324e+01 3.717697e-02 -2.551577e-01) (-2.012938e-01 5.812863e-04 3.477037e-04))
504.22        	((1.291788e+00 1.010461e+03 -2.204325e+02) (-6.448904e-04 1.095807e+01 -3.555329e-02)) ((-5.143299e+01 3.699814e-02 -2.555644e-01) (-2.013171e-01 5.830843e-04 3.542424e-04))
504.23        	((1.292526e+00 1.010503e+03 -2.204266e+02) (-6.399486e-04 1.095857e+01 -3.558002e-02)) ((-5.142776e+01 3.743316e-02 -2.551100e-01) (-2.013298e-01 5.720843e-04 3.703561e-04))
504.24        	((1.294453e+00 1.010556e+03 -2.204270e+02) (-6.260605e-04 1.095940e+01 -3.549892e-02)) ((-5.142795e+01 3.731812e-02 -2.559036e-01) (-2.014244e-01 5.798064e-04 3.510558e-04))
504.25        	((1.297572e+00 1.010600e+03 -2.204327e+02) (-6.587566e-04 1.096006e+01 -3.530611e-02)) ((-5.142766e+01 3.701459e-02 -2.562637e-01) (-2.014434e-01 5.828727e-04 3.566063e-04))
504.26        	((1.299266e+00 1.010638e+03 -2.204252e+02) (-6.618918e-04 1.096053e+01 -3.534719e-02)) ((-5.142250e+01 3.730245e-02 -2.557132e-01) (-2.014524e-01 5.728364e-04 3.725349e-04))
504.27        	((1.301942e+00 1.010687e+03 -2.204241e+02) (-6.552917e-04 1.096133e+01 -3.528017e-02)) ((-5.142274e+01 3.705375e-02 -2.564472e-01) (-2.015429e-01 5.819754e-04 3.512128e-04))
504.28        	((1.305667e+00 1.010732e+03 -2.204293e+02) (-6.942316e-04 1.096197e+01 -3.509736e-02)) ((-5.142275e+01 3.661879e-02 -2.567859e-01) (-2.015593e-01 5.863176e-04 3.553688e-04))
504.29        	((1.307694e+00 1.010773e+03 -2.204218e+02) (-7.023389e-04 1.096242e+01 -3.514596e-02)) ((-5.141799e+01 3.686784e-02 -2.562202e-01) (-2.015654e-01 5.778188e-04 3.709316e-04))
504.3         	((1.310706e+00 1.010825e+03 -2.204205e+02) (-6.981732e-04 1.096319e+01 -3.508417e-02)) ((-5.141841e+01 3.664384e-02 -2.569728e-01) (-2.016548e-01 5.877789e-04 3.499098e-04))
504.31        	((1.314789e+00 1.010870e+03 -2.204246e+02) (-7.396357e-04 1.096381e+01 -3.490607e-02)) ((-5.141811e+01 3.626272e-02 -2.573826e-01) (-2.016723e-01 5.928725e-04 3.547241e-04))
504.32        	((1.316960e+00 1.010907e+03 -2.204156e+02) (-7.493395e-04 1.096423e+01 -3.495603e-02)) ((-5.141274e+01 3.662589e-02 -2.569331e-01) (-2.016797e-01 5.840899e-04 3.717298e-04))
504.33        	((1.319762e+00 1.010955e+03 -2.204125e+02) (-7.443582e-04 1.096497e+01 -3.489183e-02)) ((-5.141254e+01 3.660388e-02 -2.578100e-01) (-2.017711e-01 5.924565e-04 3.540629e-04))
504.34        	((1.323299e+00 1.010997e+03 -2.204156e+02) (-7.837392e-04 1.096557e+01 -3.471403e-02)) ((-5.141214e+01 3.650394e-02 -2.583810e-01) (-2.017908e-01 5.960722e-04 3.610146e-04))
504.35        	((1.325028e+00 1.011034e+03 -2.204063e+02) (-7.895715e-04 1.096597e+01 -3.475487e-02)) ((-5.140701e+01 3.713268e-02 -2.581240e-01) (-2.018006e-01 5.852057e-04 3.803325e-04))
504.36        	((1.327396e+00 1.011081e+03 -2.204026e+02) (-7.799490e-04 1.096669e+01 -3.469014e-02)) ((-5.140689e+01 3.739363e-02 -2.591773e-01) (-2.018918e-01 5.916464e-04 3.642332e-04))
504.37        	((1.330526e+00 1.011123e+03 -2.204052e+02) (-8.128866e-04 1.096726e+01 -3.450734e-02)) ((-5.140636e+01 3.756481e-02 -2.598973e-01) (-2.019129e-01 5.925482e-04 3.736306e-04))
504.38        	((1.331699e+00 1.011158e+03 -2.203954e+02) (-8.121635e-04 1.096764e+01 -3.453752e-02)) ((-5.140101e+01 3.848390e-02 -2.597798e-01) (-2.019232e-01 5.795857e-04 3.939548e-04))
504.39        	((1.333677e+00 1.011203e+03 -2.203914e+02) (-7.965085e-04 1.096833e+01 -3.446772e-02)) ((-5.140055e+01 3.895067e-02 -2.610009e-01) (-2.020114e-01 5.849291e-04 3.780860e-04))
504.4         	((1.336516e+00 1.011243e+03 -2.203937e+02) (-8.246930e-04 1.096888e+01 -3.428490e-02)) ((-5.139997e+01 3.928697e-02 -2.618509e-01) (-2.020310e-01 5.849342e-04 3.878353e-04))
504.41        	((1.337382e+00 1.011277e+03 -2.203839e+02) (-8.189987e-04 1.096926e+01 -3.430846e-02)) ((-5.139491e+01 4.035555e-02 -2.618012e-01) (-2.020411e-01 5.711846e-04 4.083996e-04))
504.42        	((1.339112e+00 1.011321e+03 -2.203801e+02) (-7.979630e-04 1.096993e+01 -3.423470e-02)) ((-5.139467e+01 4.092643e-02 -2.630818e-01) (-2.021255e-01 5.763694e-04 3.915080e-04))
504.43        	((1.341687e+00 1.011359e+03 -2.203826e+02) (-8.228395e-04 1.097046e+01 -3.405258e-02)) ((-5.139420e+01 4.132823e-02 -2.639649e-01) (-2.021428e-01 5.765138e-04 4.005978e-04))
504.44        	((1.342436e+00 1.011393e+03 -2.203737e+02) (-8.135062e-04 1.097082e+01 -3.407356e-02)) ((-5.138936e+01 4.243739e-02 -2.639208e-01) (-2.021517e-01 5.628016e-04 4.206127e-04))
504.45        	((1.344053e+00 1.011436e+03 -2.203707e+02) (-7.888299e-04 1.097147e+01 -3.399683e-02)) ((-5.138928e+01 4.301055e-02 -2.652136e-01) (-2.022330e-01 5.684214e-04 4.022739e-04))
504.46        	((1.346552e+00 1.011474e+03 -2.203738e+02) (-8.113458e-04 1.097198e+01 -3.381459e-02)) ((-5.138891e+01 4.339568e-02 -2.661220e-01) (-2.022475e-01 5.690483e-04 4.100054e-04))
504.47        	((1.347076e+00 1.011506e+03 -2.203654e+02) (-7.997521e-04 1.097233e+01 -3.383655e-02)) ((-5.138423e+01 4.446587e-02 -2.660624e-01) (-2.022547e-01 5.561424e-04 4.292474e-04))
504.48        	((1.348431e+00 1.011548e+03 -2.203631e+02) (-7.733314e-04 1.097296e+01 -3.375867e-02)) ((-5.138440e+01 4.501108e-02 -2.673158e-01) (-2.023337e-01 5.622250e-04 4.103077e-04))
504.49        	((1.350685e+00 1.011585e+03 -2.203669e+02) (-7.947074e-04 1.097345e+01 -3.357800e-02)) ((-5.138426e+01 4.536556e-02 -2.681975e-01) (-2.023455e-01 5.633467e-04 4.171730e-04))
504.5         	((1.351015e+00 1.011617e+03 -2.203591e+02) (-7.824656e-04 1.097378e+01 -3.360395e-02)) ((-5.137980e+01 4.638510e-02 -2.681203e-01) (-2.023508e-01 5.508959e-04 4.355805e-04))
504.51        	((1.352140e+00 1.011658e+03 -2.203575e+02) (-7.557920e-04 1.097441e+01 -3.352813e-02)) ((-5.138021e+01 4.687812e-02 -2.693410e-01) (-2.024286e-01 5.573147e-04 4.162028e-04))
504.52        	((1.354109e+00 1.011695e+03 -2.203620e+02) (-7.768381e-04 1.097488e+01 -3.334925e-02)) ((-5.138024e+01 4.718230e-02 -2.701829e-01) (-2.024385e-01 5.586952e-04 4.225590e-04))
504.53        	((1.354150e+00 1.011726e+03 -2.203545e+02) (-7.645899e-04 1.097519e+01 -3.337906e-02)) ((-5.137583e+01 4.814467e-02 -2.700708e-01) (-2.024416e-01 5.465225e-04 4.403437e-04))
504.54        	((1.354986e+00 1.011766e+03 -2.203531e+02) (-7.381586e-04 1.097580e+01 -3.330757e-02)) ((-5.137630e+01 4.858073e-02 -2.712524e-01) (-2.025180e-01 5.532577e-04 4.205490e-04))
504.55        	((1.356655e+00 1.011802e+03 -2.203577e+02) (-7.594618e-04 1.097626e+01 -3.313198e-02)) ((-5.137645e+01 4.883275e-02 -2.720422e-01) (-2.025268e-01 5.547967e-04 4.267114e-04))
504.56        	((1.356406e+00 1.011832e+03 -2.203503e+02) (-7.473834e-04 1.097655e+01 -3.316449e-02)) ((-5.137215e+01 4.973855e-02 -2.718770e-01) (-2.025281e-01 5.427178e-04 4.441369e-04))
504.57        	((1.356990e+00 1.011872e+03 -2.203488e+02) (-7.207995e-04 1.097714e+01 -3.309818e-02)) ((-5.137267e+01 5.009770e-02 -2.730279e-01) (-2.026030e-01 5.498221e-04 4.238153e-04))
504.58        	((1.358361e+00 1.011907e+03 -2.203532e+02) (-7.423952e-04 1.097758e+01 -3.292754e-02)) ((-5.137282e+01 5.028760e-02 -2.737375e-01) (-2.026108e-01 5.515067e-04 4.303579e-04))
504.59        	((1.357855e+00 1.011937e+03 -2.203459e+02) (-7.307849e-04 1.097786e+01 -3.295912e-02)) ((-5.136859e+01 5.112975e-02 -2.734878e-01) (-2.026095e-01 5.390491e-04 4.479944e-04))
504.6         	((1.358224e+00 1.011976e+03 -2.203439e+02) (-7.043629e-04 1.097842e+01 -3.289955e-02)) ((-5.136896e+01 5.140650e-02 -2.745937e-01) (-2.026824e-01 5.463734e-04 4.261780e-04))
504.61        	((1.359424e+00 1.012010e+03 -2.203481e+02) (-7.269509e-04 1.097886e+01 -3.273469e-02)) ((-5.136912e+01 5.150066e-02 -2.752542e-01) (-2.026917e-01 5.482177e-04 4.329563e-04))
504.62        	((1.358726e+00 1.012038e+03 -2.203409e+02) (-7.151891e-04 1.097913e+01 -3.276300e-02)) ((-5.136503e+01 5.226077e-02 -2.749213e-01) (-2.026904e-01 5.355470e-04 4.507677e-04))
504.63        	((1.358972e+00 1.012076e+03 -2.203388e+02) (-6.879898e-04 1.097968e+01 -3.270781e-02)) ((-5.136533e+01 5.243740e-02 -2.760121e-01) (-2.027610e-01 5.431924e-04 4.276365e-04))
504.64        	((1.360083e+00 1.012109e+03 -2.203422e+02) (-7.135573e-04 1.098010e+01 -3.254921e-02)) ((-5.136534e+01 5.244952e-02 -2.765987e-01) (-2.027707e-01 5.445988e-04 4.346526e-04))
504.65        	((1.359223e+00 1.012137e+03 -2.203350e+02) (-7.001478e-04 1.098036e+01 -3.257619e-02)) ((-5.136129e+01 5.316651e-02 -2.761859e-01) (-2.027701e-01 5.315009e-04 4.529016e-04))
504.66        	((1.359478e+00 1.012173e+03 -2.203328e+02) (-6.723757e-04 1.098089e+01 -3.252088e-02)) ((-5.136154e+01 5.324143e-02 -2.773062e-01) (-2.028372e-01 5.404944e-04 4.285235e-04))
504.67        	((1.360555e+00 1.012205e+03 -2.203360e+02) (-7.015211e-04 1.098130e+01 -3.236520e-02)) ((-5.136147e+01 5.317894e-02 -2.777994e-01) (-2.028458e-01 5.418901e-04 4.374766e-04))
504.68        	((1.359481e+00 1.012232e+03 -2.203287e+02) (-6.859394e-04 1.098155e+01 -3.239201e-02)) ((-5.135750e+01 5.388555e-02 -2.772332e-01) (-2.028441e-01 5.276396e-04 4.567011e-04))
504.69        	((1.359754e+00 1.012267e+03 -2.203266e+02) (-6.569464e-04 1.098206e+01 -3.233801e-02)) ((-5.135781e+01 5.386950e-02 -2.783930e-01) (-2.029088e-01 5.375086e-04 4.298310e-04))
504.7         	((1.361032e+00 1.012298e+03 -2.203299e+02) (-6.894506e-04 1.098246e+01 -3.218297e-02)) ((-5.135791e+01 5.368796e-02 -2.789016e-01) (-2.029182e-01 5.394466e-04 4.386667e-04))
504.71        	((1.359872e+00 1.012324e+03 -2.203229e+02) (-6.737477e-04 1.098270e+01 -3.220618e-02)) ((-5.135404e+01 5.439659e-02 -2.782123e-01) (-2.029149e-01 5.243505e-04 4.597401e-04))
504.72        	((1.360086e+00 1.012358e+03 -2.203207e+02) (-6.421634e-04 1.098319e+01 -3.215602e-02)) ((-5.135424e+01 5.436519e-02 -2.793410e-01) (-2.029774e-01 5.345617e-04 4.307907e-04))
504.73        	((1.361471e+00 1.012388e+03 -2.203241e+02) (-6.766037e-04 1.098358e+01 -3.200310e-02)) ((-5.135443e+01 5.412600e-02 -2.798402e-01) (-2.029872e-01 5.365298e-04 4.395381e-04))
504.74        	((1.360384e+00 1.012412e+03 -2.203176e+02) (-6.607738e-04 1.098381e+01 -3.201903e-02)) ((-5.135077e+01 5.480336e-02 -2.791170e-01) (-2.029817e-01 5.214578e-04 4.610886e-04))
504.75        	((1.360656e+00 1.012445e+03 -2.203152e+02) (-6.282604e-04 1.098428e+01 -3.197371e-02)) ((-5.135087e+01 5.475418e-02 -2.802404e-01) (-2.030419e-01 5.322036e-04 4.312770e-04))
504.76        	((1.362091e+00 1.012474e+03 -2.203187e+02) (-6.639145e-04 1.098467e+01 -3.182614e-02)) ((-5.135129e+01 5.449380e-02 -2.807139e-01) (-2.030533e-01 5.337712e-04 4.413525e-04))
504.77        	((1.361066e+00 1.012498e+03 -2.203132e+02) (-6.479854e-04 1.098489e+01 -3.183354e-02)) ((-5.134799e+01 5.515252e-02 -2.800206e-01) (-2.030492e-01 5.190014e-04 4.609966e-04))
504.78        	((1.361442e+00 1.012530e+03 -2.203106e+02) (-6.157206e-04 1.098534e+01 -3.179344e-02)) ((-5.134794e+01 5.509197e-02 -2.811483e-01) (-2.031044e-01 5.301945e-04 4.308924e-04))
504.79        	((1.362887e+00 1.012558e+03 -2.203137e+02) (-6.531637e-04 1.098572e+01 -3.165224e-02)) ((-5.134841e+01 5.486928e-02 -2.815096e-01) (-2.031181e-01 5.311962e-04 4.421273e-04))
504.8         	((1.361846e+00 1.012581e+03 -2.203086e+02) (-6.351821e-04 1.098594e+01 -3.165173e-02)) ((-5.134529e+01 5.556589e-02 -2.807757e-01) (-2.031124e-01 5.159912e-04 4.621589e-04))
504.81        	((1.362426e+00 1.012611e+03 -2.203062e+02) (-6.009657e-04 1.098635e+01 -3.161820e-02)) ((-5.134512e+01 5.545363e-02 -2.820211e-01) (-2.031636e-01 5.289976e-04 4.287669e-04))
504.82        	((1.364009e+00 1.012639e+03 -2.203096e+02) (-6.433313e-04 1.098673e+01 -3.148284e-02)) ((-5.134582e+01 5.522597e-02 -2.823172e-01) (-2.031795e-01 5.292092e-04 4.432551e-04))
504.83        	((1.362860e+00 1.012661e+03 -2.203051e+02) (-6.217139e-04 1.098694e+01 -3.147165e-02)) ((-5.134298e+01 5.598323e-02 -2.815252e-01) (-2.031717e-01 5.132049e-04 4.635447e-04))
504.84        	((1.363585e+00 1.012689e+03 -2.203021e+02) (-5.863122e-04 1.098733e+01 -3.144940e-02)) ((-5.134252e+01 5.582837e-02 -2.829103e-01) (-2.032190e-01 5.287569e-04 4.257895e-04))
504.85        	((1.365238e+00 1.012717e+03 -2.203052e+02) (-6.350021e-04 1.098771e+01 -3.132042e-02)) ((-5.134335e+01 5.563535e-02 -2.831052e-01) (-2.032400e-01 5.275223e-04 4.448716e-04))
504.86        	((1.363891e+00 1.012738e+03 -2.203018e+02) (-6.090190e-04 1.098792e+01 -3.129492e-02)) ((-5.134087e+01 5.648102e-02 -2.822100e-01) (-2.032310e-01 5.100656e-04 4.647160e-04))
504.87        	((1.364871e+00 1.012764e+03 -2.202983e+02) (-5.697066e-04 1.098826e+01 -3.128756e-02)) ((-5.133995e+01 5.622029e-02 -2.838545e-01) (-2.032711e-01 5.298684e-04 4.200420e-04))
504.88        	((1.366655e+00 1.012788e+03 -2.203004e+02) (-6.281441e-04 1.098863e+01 -3.116690e-02)) ((-5.134078e+01 5.606382e-02 -2.838792e-01) (-2.032981e-01 5.265275e-04 4.468407e-04))
504.89        	((1.365010e+00 1.012805e+03 -2.202971e+02) (-5.945127e-04 1.098883e+01 -3.112172e-02)) ((-5.133836e+01 5.702097e-02 -2.828677e-01) (-2.032867e-01 5.072882e-04 4.675118e-04))
504.9         	((1.366231e+00 1.012827e+03 -2.202921e+02) (-5.556491e-04 1.098913e+01 -3.113089e-02)) ((-5.133680e+01 5.663984e-02 -2.847343e-01) (-2.033192e-01 5.292235e-04 4.156619e-04))
504.91        	((1.368106e+00 1.012852e+03 -2.202943e+02) (-6.179312e-04 1.098950e+01 -3.102592e-02)) ((-5.133796e+01 5.643965e-02 -2.848115e-01) (-2.033526e-01 5.270431e-04 4.449914e-04))
504.92        	((1.366128e+00 1.012873e+03 -2.202939e+02) (-5.851224e-04 1.098971e+01 -3.096682e-02)) ((-5.133665e+01 5.754115e-02 -2.835825e-01) (-2.033435e-01 5.070194e-04 4.688340e-04))
504.93        	((1.367022e+00 1.012896e+03 -2.202899e+02) (-5.430710e-04 1.098998e+01 -3.097929e-02)) ((-5.133515e+01 5.728102e-02 -2.853145e-01) (-2.033688e-01 5.268267e-04 4.165967e-04))
504.94        	((1.369125e+00 1.012920e+03 -2.202916e+02) (-6.017934e-04 1.099034e+01 -3.088894e-02)) ((-5.133593e+01 5.695405e-02 -2.856860e-01) (-2.034031e-01 5.279216e-04 4.409992e-04))
504.95        	((1.367409e+00 1.012939e+03 -2.202913e+02) (-5.790926e-04 1.099055e+01 -3.082486e-02)) ((-5.133456e+01 5.795849e-02 -2.844125e-01) (-2.033968e-01 5.089147e-04 4.680732e-04))
504.96        	((1.367738e+00 1.012959e+03 -2.202876e+02) (-5.346799e-04 1.099080e+01 -3.083416e-02)) ((-5.133296e+01 5.786706e-02 -2.857192e-01) (-2.034186e-01 5.230982e-04 4.224261e-04))
504.97        	((1.369751e+00 1.012982e+03 -2.202886e+02) (-5.827211e-04 1.099114e+01 -3.075652e-02)) ((-5.133359e+01 5.747377e-02 -2.863320e-01) (-2.034505e-01 5.277449e-04 4.359836e-04))
504.98        	((1.368528e+00 1.013001e+03 -2.202888e+02) (-5.736526e-04 1.099135e+01 -3.069198e-02)) ((-5.133263e+01 5.829200e-02 -2.852193e-01) (-2.034461e-01 5.106425e-04 4.655007e-04))
504.99        	((1.368471e+00 1.013021e+03 -2.202858e+02) (-5.268400e-04 1.099158e+01 -3.069951e-02)) ((-5.133123e+01 5.835831e-02 -2.862161e-01) (-2.034647e-01 5.196086e-04 4.278517e-04))
505           	((1.370411e+00 1.013044e+03 -2.202870e+02) (-5.625625e-04 1.099190e+01 -3.063437e-02)) ((-5.133175e+01 5.791092e-02 -2.871319e-01) (-2.034950e-01 5.286287e-04 4.302182e-04))
