# Forces      
# CofR        : (0.000000e+00 0.000000e+00 0.000000e+00)
# Time        forces(pressure viscous)	moments(pressure viscous)
500           	((-2.347229e+00 1.156710e+04 8.464931e+03) (-1.468931e-04 4.065511e+00 2.136980e-01)) ((2.847360e+03 -1.634194e-01 2.932553e-01) (2.867138e-01 2.677510e-05 -5.544880e-06))
500.01        	((3.014761e+00 8.873181e+03 6.526395e+03) (-2.135341e-03 3.014589e+00 6.046803e-02)) ((1.799594e+03 -2.134235e-01 -1.603898e-01) (-2.375191e-02 3.250668e-04 9.478095e-04))
500.02        	((7.512631e+00 1.340701e+03 4.648119e+02) (-3.688641e-03 2.032313e+00 -1.952802e-01)) ((-4.144949e+02 5.781216e-01 -2.770630e-01) (-3.394282e-01 6.708274e-04 1.510845e-03))
500.03        	((7.388798e+00 -3.621966e+03 -3.259308e+03) (3.874818e-03 1.969797e+00 -3.381458e-01)) ((-1.730509e+03 6.850703e-01 -8.790230e-01) (-3.516723e-01 -1.467024e-03 -1.592216e-03))
500.04        	((3.516382e+00 -3.060663e+03 -2.553255e+03) (5.937245e-03 3.143839e+00 -2.930583e-01)) ((-1.210286e+03 8.695540e-01 -6.029212e-01) (5.302067e-03 -4.078421e-04 -9.937662e-04))
500.05        	((-1.733675e-01 1.548024e+02 2.756856e+02) (-4.067711e-04 4.679395e+00 1.490967e-02)) ((2.463072e+01 1.233021e+00 3.594760e-01) (4.684190e-01 3.046867e-03 2.038868e-03))
500.06        	((-7.266207e-01 2.608623e+03 2.270225e+03) (-1.260386e-02 5.255420e+00 3.197644e-01)) ((7.723268e+02 1.398269e+00 1.170853e+00) (5.469443e-01 6.042121e-03 6.405636e-03))
500.07        	((4.233153e-01 2.913274e+03 2.303919e+03) (-6.863663e-03 4.666663e+00 5.045650e-01)) ((6.298518e+02 8.680456e-01 1.084483e+00) (2.145174e-01 1.508331e-03 2.525311e-03))
500.08        	((-1.608836e-01 1.821136e+03 1.216892e+03) (-1.664654e-02 3.667669e+00 4.980902e-01)) ((3.186958e+01 1.012225e+00 8.018237e-01) (-3.002254e-01 4.132515e-03 2.012228e-03))
500.09        	((-2.205470e+00 6.998328e+02 3.063755e+02) (-2.011763e-02 3.457999e+00 4.295925e-01)) ((-4.112212e+02 1.957283e+00 8.353468e-01) (-5.039450e-01 7.898646e-03 3.713141e-03))
500.1         	((-2.500940e+00 2.839909e+02 1.326189e+02) (1.305082e-02 4.119203e+00 4.668900e-01)) ((-4.363251e+02 2.138006e+00 6.223003e-01) (-3.288606e-01 -3.493221e-03 -3.918962e-03))
500.11        	((-5.897220e-01 5.792285e+02 5.081629e+02) (4.258272e-02 5.110750e+00 6.846691e-01)) ((-1.675423e+02 1.087961e+00 4.099763e-02) (2.788077e-02 -1.393129e-02 -1.305020e-02))
500.12        	((-3.172593e-01 1.021382e+03 8.691987e+02) (5.282747e-02 5.860047e+00 9.735332e-01)) ((7.594164e+01 3.652825e-01 -2.585825e-02) (3.087185e-01 -1.741466e-02 -1.929252e-02))
500.13        	((-1.660034e+00 1.271739e+03 9.436971e+02) (2.696318e-02 5.787313e+00 1.188102e+00)) ((1.339066e+02 1.863002e-01 5.009390e-01) (2.350434e-01 -7.469698e-03 -1.051133e-02))
500.14        	((-2.508830e+00 1.259406e+03 7.946329e+02) (2.490943e-03 5.574029e+00 1.277038e+00)) ((2.810346e+01 1.509269e-02 5.273436e-01) (6.358372e-02 2.046383e-03 -1.376575e-03))
500.15        	((-3.445749e+00 1.124628e+03 6.200911e+02) (-3.886600e-03 5.474028e+00 1.277110e+00)) ((-1.091266e+02 2.851658e-01 3.336053e-01) (-8.403393e-02 3.946667e-03 -1.909895e-03))
500.16        	((-3.674193e+00 1.013944e+03 5.307995e+02) (-2.729383e-03 5.560987e+00 1.270025e+00)) ((-1.715329e+02 6.674264e-01 1.522239e-01) (-1.321923e-01 3.381062e-03 -3.167480e-03))
500.17        	((-4.165355e+00 9.779210e+02 5.071925e+02) (3.315109e-03 5.864704e+00 1.301764e+00)) ((-1.449251e+02 1.264687e+00 5.549485e-01) (-5.880404e-02 4.605934e-04 -4.529815e-03))
500.18        	((-3.309723e+00 9.942209e+02 4.829003e+02) (5.230310e-03 6.203325e+00 1.351640e+00)) ((-8.136942e+01 9.701787e-01 4.424439e-01) (5.383706e-02 -8.990676e-04 -3.771454e-03))
500.19        	((-2.615106e+00 1.022446e+03 4.304271e+02) (2.154987e-03 6.428137e+00 1.369231e+00)) ((-4.090223e+01 4.018088e-01 2.249965e-01) (1.222843e-01 1.281954e-04 -1.179405e-03))
500.2         	((-2.684524e+00 1.047233e+03 3.733312e+02) (-4.769803e-04 6.537796e+00 1.336255e+00)) ((-4.548664e+01 4.161133e-02 1.107479e-01) (1.341354e-01 1.102544e-03 1.995812e-04))
500.21        	((-3.345736e+00 1.068728e+03 3.397085e+02) (-2.487300e-03 6.613588e+00 1.271494e+00)) ((-7.818547e+01 7.793251e-02 1.611138e-01) (1.228394e-01 1.747232e-03 1.478371e-03))
500.22        	((-3.781934e+00 1.082184e+03 3.292615e+02) (-2.618709e-03 6.712933e+00 1.204752e+00)) ((-1.094227e+02 2.383684e-01 1.885985e-01) (1.193929e-01 2.445714e-03 -4.681614e-04))
500.23        	((-3.794887e+00 1.079586e+03 3.184747e+02) (-3.326426e-03 6.863787e+00 1.154925e+00)) ((-1.217414e+02 3.294364e-01 1.207629e-01) (1.393022e-01 2.178061e-03 4.326359e-04))
500.24        	((-3.379122e+00 1.059424e+03 2.895003e+02) (-3.864334e-03 7.026688e+00 1.104862e+00)) ((-1.173628e+02 2.841260e-01 -8.735478e-03) (1.690891e-01 2.043536e-03 8.049716e-04))
500.25        	((-3.022056e+00 1.036939e+03 2.481747e+02) (-4.227581e-03 7.171376e+00 1.039069e+00)) ((-1.091159e+02 1.985227e-01 -8.095144e-02) (1.947826e-01 1.992085e-03 9.087851e-04))
500.26        	((-2.924868e+00 1.031367e+03 2.153497e+02) (-4.489265e-03 7.285587e+00 9.532560e-01)) ((-1.074321e+02 1.671041e-01 -4.481576e-02) (2.100913e-01 1.828455e-03 1.120931e-03))
500.27        	((-2.980681e+00 1.048945e+03 2.059052e+02) (-4.675471e-03 7.380262e+00 8.559667e-01)) ((-1.144811e+02 1.871235e-01 3.112831e-02) (2.170393e-01 1.802988e-03 1.417948e-03))
500.28        	((-2.958690e+00 1.078983e+03 2.177675e+02) (-4.335157e-03 7.475361e+00 7.622923e-01)) ((-1.259966e+02 2.180780e-01 6.063403e-02) (2.228203e-01 1.485009e-03 1.155246e-03))
500.29        	((-2.808855e+00 1.105766e+03 2.377531e+02) (-4.869580e-03 7.578749e+00 6.819477e-01)) ((-1.364207e+02 2.230943e-01 1.838061e-02) (2.293414e-01 1.732545e-03 1.453449e-03))
500.3         	((-2.585349e+00 1.122273e+03 2.546962e+02) (-4.444966e-03 7.690908e+00 6.146262e-01)) ((-1.427079e+02 2.366727e-01 -3.517502e-02) (2.370664e-01 1.342608e-03 9.671230e-04))
500.31        	((-2.347697e+00 1.133465e+03 2.670727e+02) (-4.715951e-03 7.802398e+00 5.532856e-01)) ((-1.453154e+02 2.598489e-01 -5.567085e-02) (2.435725e-01 1.559743e-03 1.266829e-03))
500.32        	((-2.181175e+00 1.151337e+03 2.815450e+02) (-4.760896e-03 7.906487e+00 4.924413e-01)) ((-1.461735e+02 3.571988e-01 -1.909135e-02) (2.476866e-01 1.500023e-03 1.080859e-03))
500.33        	((-2.050926e+00 1.181465e+03 3.041649e+02) (-4.684992e-03 8.003338e+00 4.317179e-01)) ((-1.477292e+02 4.328364e-01 5.953945e-02) (2.493138e-01 1.610680e-03 1.422837e-03))
500.34        	((-2.011955e+00 1.227782e+03 3.432329e+02) (-4.402389e-03 8.099130e+00 3.782918e-01)) ((-1.496340e+02 5.383424e-01 1.073013e-01) (2.504538e-01 1.419641e-03 1.172952e-03))
500.35        	((-1.895768e+00 1.279820e+03 3.898796e+02) (-4.089850e-03 8.200579e+00 3.372855e-01)) ((-1.520998e+02 5.858861e-01 1.167192e-01) (2.523160e-01 1.401716e-03 1.454936e-03))
500.36        	((-1.719569e+00 1.332221e+03 4.382966e+02) (-3.655392e-03 8.305060e+00 3.112590e-01)) ((-1.539186e+02 6.701693e-01 9.215072e-02) (2.542485e-01 1.173424e-03 9.708877e-04))
500.37        	((-1.512782e+00 1.387853e+03 4.890871e+02) (-3.076396e-03 8.417197e+00 2.963701e-01)) ((-1.536513e+02 7.076821e-01 8.061804e-02) (2.557941e-01 1.112422e-03 1.101510e-03))
500.38        	((-1.424562e+00 1.446796e+03 5.399534e+02) (-2.407720e-03 8.529437e+00 2.910617e-01)) ((-1.524058e+02 7.939377e-01 8.259505e-02) (2.568362e-01 7.903680e-04 4.424573e-04))
500.39        	((-1.450884e+00 1.501112e+03 5.839981e+02) (-1.796970e-03 8.645807e+00 2.909699e-01)) ((-1.534294e+02 8.389911e-01 9.887672e-02) (2.578630e-01 6.880326e-04 5.519163e-04))
500.4         	((-1.449476e+00 1.545974e+03 6.211238e+02) (-1.387568e-03 8.758340e+00 2.989741e-01)) ((-1.586151e+02 8.843547e-01 9.751687e-02) (2.578933e-01 5.450319e-04 3.847818e-04))
500.41        	((-1.345594e+00 1.585868e+03 6.557241e+02) (-8.848420e-04 8.875443e+00 3.107238e-01)) ((-1.654866e+02 8.883890e-01 7.058528e-02) (2.580184e-01 5.047684e-04 4.896246e-04))
500.42        	((-1.210310e+00 1.625053e+03 6.900636e+02) (-7.514366e-05 8.990928e+00 3.304065e-01)) ((-1.714415e+02 8.952120e-01 2.472544e-02) (2.587048e-01 2.478943e-04 2.684185e-04))
500.43        	((-1.112581e+00 1.665164e+03 7.248760e+02) (4.660301e-04 9.113773e+00 3.556473e-01)) ((-1.753048e+02 8.924899e-01 -2.498713e-02) (2.598385e-01 1.061658e-04 1.796453e-04))
500.44        	((-1.061746e+00 1.706281e+03 7.588382e+02) (9.217081e-04 9.235826e+00 3.874707e-01)) ((-1.777188e+02 8.927499e-01 -6.846824e-02) (2.606743e-01 -1.982403e-05 3.292430e-05))
500.45        	((-1.006684e+00 1.754668e+03 7.968447e+02) (1.464369e-03 9.363285e+00 4.220238e-01)) ((-1.784798e+02 8.894023e-01 -1.068123e-01) (2.613335e-01 -1.835646e-04 -1.163589e-04))
500.46        	((-1.033245e+00 1.813769e+03 8.410991e+02) (2.081735e-03 9.489774e+00 4.613544e-01)) ((-1.779693e+02 9.005794e-01 -1.365120e-01) (2.622235e-01 -3.924707e-04 -3.362027e-04))
500.47        	((-1.017211e+00 1.861541e+03 8.741331e+02) (2.642906e-03 9.622940e+00 5.027333e-01)) ((-1.815157e+02 9.028017e-01 -1.680267e-01) (2.639284e-01 -5.570490e-04 -4.327581e-04))
500.48        	((-9.286190e-01 1.897685e+03 8.968745e+02) (3.248532e-03 9.754248e+00 5.464772e-01)) ((-1.881662e+02 9.071501e-01 -1.999409e-01) (2.660874e-01 -8.134568e-04 -6.713765e-04))
500.49        	((-8.065100e-01 1.933177e+03 9.199586e+02) (3.610397e-03 9.889199e+00 5.893182e-01)) ((-1.939281e+02 9.083865e-01 -2.282665e-01) (2.686008e-01 -8.783206e-04 -6.656116e-04))
500.5         	((-6.699168e-01 1.972273e+03 9.464490e+02) (4.182776e-03 1.002403e+01 6.346632e-01)) ((-1.973580e+02 9.270446e-01 -2.435016e-01) (2.718649e-01 -1.132671e-03 -8.903579e-04))
500.51        	((-5.604861e-01 2.012197e+03 9.723654e+02) (4.354846e-03 1.016452e+01 6.796396e-01)) ((-1.995574e+02 9.490397e-01 -2.468928e-01) (2.759026e-01 -1.074947e-03 -7.243227e-04))
500.52        	((-6.714132e-01 2.049821e+03 9.936132e+02) (4.964825e-03 1.030350e+01 7.262385e-01)) ((-2.021983e+02 9.974708e-01 -2.368664e-01) (2.805101e-01 -1.387326e-03 -9.821599e-04))
500.53        	((-8.732118e-01 2.085215e+03 1.011437e+03) (4.990586e-03 1.044555e+01 7.693690e-01)) ((-2.057679e+02 1.036906e+00 -2.330309e-01) (2.849485e-01 -1.235969e-03 -7.410573e-04))
500.54        	((-1.142001e+00 2.121548e+03 1.031180e+03) (5.507712e-03 1.058508e+01 8.130210e-01)) ((-2.096170e+02 1.072795e+00 -2.359941e-01) (2.902155e-01 -1.599269e-03 -9.688667e-04))
500.55        	((-1.307653e+00 2.158248e+03 1.052674e+03) (5.360144e-03 1.072801e+01 8.536401e-01)) ((-2.133328e+02 1.074022e+00 -2.527456e-01) (2.961738e-01 -1.418653e-03 -6.655692e-04))
500.56        	((-1.254540e+00 2.192464e+03 1.071114e+03) (5.990791e-03 1.086606e+01 8.948177e-01)) ((-2.172375e+02 1.069277e+00 -2.671843e-01) (3.025410e-01 -1.757701e-03 -9.191282e-04))
500.57        	((-1.109253e+00 2.225033e+03 1.088059e+03) (5.815024e-03 1.100573e+01 9.336950e-01)) ((-2.209828e+02 1.060365e+00 -2.920008e-01) (3.092400e-01 -1.623699e-03 -7.207277e-04))
500.58        	((-1.127382e+00 2.256798e+03 1.104590e+03) (6.540762e-03 1.114224e+01 9.724048e-01)) ((-2.243533e+02 1.054202e+00 -3.087238e-01) (3.162447e-01 -2.009995e-03 -1.046723e-03))
500.59        	((-1.493648e+00 2.289249e+03 1.122575e+03) (6.286682e-03 1.127894e+01 1.008501e+00)) ((-2.270960e+02 1.053482e+00 -3.421065e-01) (3.232874e-01 -1.820714e-03 -7.988488e-04))
500.6         	((-1.733988e+00 2.324102e+03 1.143130e+03) (6.870436e-03 1.141341e+01 1.043928e+00)) ((-2.291325e+02 1.031820e+00 -3.772982e-01) (3.304579e-01 -2.175384e-03 -1.088366e-03))
500.61        	((-1.789890e+00 2.360679e+03 1.165451e+03) (6.501468e-03 1.154809e+01 1.077835e+00)) ((-2.308163e+02 1.007436e+00 -4.307606e-01) (3.378464e-01 -1.980936e-03 -8.853558e-04))
500.62        	((-1.858155e+00 2.397023e+03 1.187609e+03) (7.227827e-03 1.168083e+01 1.111479e+00)) ((-2.326234e+02 9.802185e-01 -4.651827e-01) (3.453369e-01 -2.420107e-03 -1.339787e-03))
500.63        	((-2.037203e+00 2.431922e+03 1.208837e+03) (6.827243e-03 1.181261e+01 1.143404e+00)) ((-2.346272e+02 9.648740e-01 -5.072467e-01) (3.528383e-01 -2.085166e-03 -1.017546e-03))
500.64        	((-2.283497e+00 2.465184e+03 1.229056e+03) (7.310333e-03 1.194070e+01 1.174261e+00)) ((-2.367204e+02 9.734654e-01 -5.151415e-01) (3.599377e-01 -2.516143e-03 -1.191309e-03))
500.65        	((-2.482728e+00 2.497792e+03 1.249484e+03) (6.956785e-03 1.206784e+01 1.203734e+00)) ((-2.385540e+02 9.996016e-01 -5.294606e-01) (3.671278e-01 -2.228644e-03 -9.913400e-04))
500.66        	((-2.607184e+00 2.529411e+03 1.269725e+03) (7.627395e-03 1.219350e+01 1.233577e+00)) ((-2.403133e+02 1.034398e+00 -5.232434e-01) (3.745650e-01 -2.709937e-03 -1.506988e-03))
500.67        	((-2.598601e+00 2.559975e+03 1.289807e+03) (7.209006e-03 1.231720e+01 1.261916e+00)) ((-2.420544e+02 1.058572e+00 -5.321534e-01) (3.817725e-01 -2.451475e-03 -1.254309e-03))
500.68        	((-2.612098e+00 2.589260e+03 1.309288e+03) (7.870897e-03 1.243747e+01 1.289797e+00)) ((-2.438849e+02 1.093650e+00 -5.354684e-01) (3.886013e-01 -2.924301e-03 -1.774544e-03))
500.69        	((-2.671191e+00 2.617545e+03 1.328301e+03) (7.438264e-03 1.255672e+01 1.316948e+00)) ((-2.456965e+02 1.120919e+00 -5.404154e-01) (3.954362e-01 -2.615961e-03 -1.359625e-03))
500.7         	((-2.794551e+00 2.644703e+03 1.346300e+03) (8.131676e-03 1.267282e+01 1.343791e+00)) ((-2.475646e+02 1.160936e+00 -5.110311e-01) (4.019081e-01 -3.036281e-03 -1.861434e-03))
500.71        	((-2.897782e+00 2.671518e+03 1.364519e+03) (7.520414e-03 1.278716e+01 1.369607e+00)) ((-2.491946e+02 1.188348e+00 -4.728275e-01) (4.082136e-01 -2.561932e-03 -1.422261e-03))
500.72        	((-3.008746e+00 2.698031e+03 1.383088e+03) (8.154207e-03 1.289883e+01 1.395488e+00)) ((-2.505270e+02 1.230531e+00 -4.290774e-01) (4.144824e-01 -2.991346e-03 -1.843665e-03))
500.73        	((-3.090024e+00 2.723998e+03 1.401775e+03) (7.412710e-03 1.300775e+01 1.420279e+00)) ((-2.516462e+02 1.264395e+00 -4.073279e-01) (4.202007e-01 -2.497210e-03 -1.232303e-03))
500.74        	((-3.184388e+00 2.748994e+03 1.419958e+03) (7.767803e-03 1.311396e+01 1.445451e+00)) ((-2.527375e+02 1.302638e+00 -3.851900e-01) (4.259367e-01 -2.797625e-03 -1.506595e-03))
500.75        	((-3.237570e+00 2.772910e+03 1.437435e+03) (6.740768e-03 1.321820e+01 1.470042e+00)) ((-2.538552e+02 1.317729e+00 -3.794822e-01) (4.314775e-01 -2.201218e-03 -5.658804e-04))
500.76        	((-3.305247e+00 2.795851e+03 1.454207e+03) (7.203379e-03 1.332039e+01 1.495164e+00)) ((-2.549478e+02 1.340585e+00 -3.655939e-01) (4.370150e-01 -2.590537e-03 -7.275743e-04))
500.77        	((-3.359515e+00 2.817972e+03 1.470507e+03) (6.584923e-03 1.342069e+01 1.519455e+00)) ((-2.559240e+02 1.348372e+00 -3.592317e-01) (4.423560e-01 -2.067675e-03 -2.091155e-04))
500.78        	((-3.459100e+00 2.839359e+03 1.486412e+03) (7.252039e-03 1.351735e+01 1.543505e+00)) ((-2.567281e+02 1.366396e+00 -3.367535e-01) (4.471668e-01 -2.526770e-03 -8.142574e-04))
500.79        	((-3.550575e+00 2.860124e+03 1.502075e+03) (6.806790e-03 1.361135e+01 1.566371e+00)) ((-2.573624e+02 1.364064e+00 -3.208638e-01) (4.513593e-01 -1.937745e-03 -5.999172e-04))
500.8         	((-3.642492e+00 2.880133e+03 1.517238e+03) (6.810875e-03 1.370431e+01 1.590184e+00)) ((-2.579231e+02 1.377188e+00 -2.974216e-01) (4.561040e-01 -2.295292e-03 -6.435032e-04))
500.81        	((-3.713471e+00 2.899437e+03 1.531978e+03) (6.085452e-03 1.379488e+01 1.612865e+00)) ((-2.583860e+02 1.387320e+00 -2.873628e-01) (4.602702e-01 -1.819575e-03 1.154692e-05))
500.82        	((-3.810878e+00 2.917927e+03 1.546143e+03) (6.277464e-03 1.388268e+01 1.635675e+00)) ((-2.587853e+02 1.420812e+00 -2.670660e-01) (4.642004e-01 -2.351650e-03 -6.737078e-05))
500.83        	((-3.931885e+00 2.935598e+03 1.559712e+03) (6.050984e-03 1.396904e+01 1.657783e+00)) ((-2.590963e+02 1.440140e+00 -2.551528e-01) (4.680239e-01 -1.927891e-03 1.908793e-04))
500.84        	((-4.040600e+00 2.952295e+03 1.572557e+03) (6.250455e-03 1.405279e+01 1.680265e+00)) ((-2.593513e+02 1.461538e+00 -2.395847e-01) (4.717811e-01 -2.394046e-03 -9.847682e-05))
500.85        	((-4.134030e+00 2.970146e+03 1.586546e+03) (6.074940e-03 1.413667e+01 1.701931e+00)) ((-2.592192e+02 1.463829e+00 -2.351374e-01) (4.754820e-01 -1.945465e-03 1.337117e-05))
500.86        	((-4.197237e+00 2.987143e+03 1.599916e+03) (6.013583e-03 1.421702e+01 1.723384e+00)) ((-2.590999e+02 1.484076e+00 -2.259007e-01) (4.786076e-01 -2.396206e-03 -1.430103e-04))
500.87        	((-4.267513e+00 3.001964e+03 1.611492e+03) (5.821352e-03 1.429548e+01 1.744418e+00)) ((-2.592503e+02 1.499495e+00 -2.197900e-01) (4.817926e-01 -1.896801e-03 -5.217097e-06))
500.88        	((-4.345977e+00 3.014790e+03 1.621599e+03) (6.132697e-03 1.437015e+01 1.764858e+00)) ((-2.595341e+02 1.523445e+00 -2.004736e-01) (4.842223e-01 -2.422429e-03 -2.348045e-04))
500.89        	((-4.453307e+00 3.026736e+03 1.631279e+03) (5.829044e-03 1.444347e+01 1.784805e+00)) ((-2.596623e+02 1.518173e+00 -1.908208e-01) (4.867742e-01 -1.914480e-03 2.132303e-04))
500.9         	((-4.557088e+00 3.038584e+03 1.641236e+03) (6.367434e-03 1.451393e+01 1.804494e+00)) ((-2.594505e+02 1.526950e+00 -1.929061e-01) (4.888231e-01 -2.503291e-03 -2.480100e-04))
500.91        	((-4.639675e+00 3.050224e+03 1.651260e+03) (5.800314e-03 1.458299e+01 1.823981e+00)) ((-2.590522e+02 1.520627e+00 -2.094040e-01) (4.909898e-01 -1.951274e-03 1.435672e-04))
500.92        	((-4.734053e+00 3.061164e+03 1.660855e+03) (6.400203e-03 1.464908e+01 1.843301e+00)) ((-2.586393e+02 1.521402e+00 -2.080249e-01) (4.926521e-01 -2.501342e-03 -3.607944e-04))
500.93        	((-4.801731e+00 3.071114e+03 1.669746e+03) (5.919701e-03 1.471390e+01 1.862158e+00)) ((-2.583045e+02 1.500914e+00 -2.082520e-01) (4.943752e-01 -2.019739e-03 7.570258e-05))
500.94        	((-4.887216e+00 3.080067e+03 1.677934e+03) (6.809085e-03 1.477575e+01 1.880897e+00)) ((-2.579852e+02 1.490653e+00 -1.956966e-01) (4.956877e-01 -2.653026e-03 -6.372205e-04))
500.95        	((-4.950660e+00 3.088231e+03 1.685641e+03) (6.011863e-03 1.483585e+01 1.898971e+00)) ((-2.576049e+02 1.468671e+00 -1.921211e-01) (4.968703e-01 -2.061900e-03 -9.533640e-05))
500.96        	((-5.035139e+00 3.095901e+03 1.693126e+03) (6.909111e-03 1.489312e+01 1.917075e+00)) ((-2.570666e+02 1.458257e+00 -1.815331e-01) (4.977268e-01 -2.653165e-03 -8.959247e-04))
500.97        	((-5.075611e+00 3.102036e+03 1.699510e+03) (6.065808e-03 1.494755e+01 1.934625e+00)) ((-2.565811e+02 1.432550e+00 -1.849090e-01) (4.983489e-01 -2.012495e-03 -3.920023e-04))
500.98        	((-5.152319e+00 3.107642e+03 1.705637e+03) (6.941637e-03 1.499939e+01 1.952274e+00)) ((-2.559990e+02 1.419785e+00 -1.792885e-01) (4.986507e-01 -2.552525e-03 -1.280347e-03))
500.99        	((-5.218270e+00 3.113427e+03 1.711973e+03) (6.062040e-03 1.504994e+01 1.969366e+00)) ((-2.552322e+02 1.392463e+00 -1.803440e-01) (4.988307e-01 -1.838384e-03 -8.306741e-04))
501           	((-5.282328e+00 3.119186e+03 1.718321e+03) (6.768049e-03 1.509923e+01 1.986948e+00)) ((-2.543854e+02 1.377416e+00 -1.686301e-01) (4.992564e-01 -2.359136e-03 -1.315517e-03))
501.01        	((-5.314438e+00 3.124378e+03 1.724174e+03) (5.703861e-03 1.514727e+01 2.004159e+00)) ((-2.535778e+02 1.356550e+00 -1.708029e-01) (4.996466e-01 -1.702102e-03 -4.306888e-04))
501.02        	((-5.382458e+00 3.128656e+03 1.729294e+03) (6.377640e-03 1.519294e+01 2.021501e+00)) ((-2.528508e+02 1.357870e+00 -1.683217e-01) (4.997761e-01 -2.258599e-03 -9.186636e-04))
501.03        	((-5.442411e+00 3.132034e+03 1.733792e+03) (5.255703e-03 1.523712e+01 2.038244e+00)) ((-2.521671e+02 1.350905e+00 -1.788287e-01) (4.997464e-01 -1.563187e-03 -1.302121e-04))
501.04        	((-5.518427e+00 3.134805e+03 1.737904e+03) (5.886561e-03 1.527900e+01 2.055142e+00)) ((-2.514336e+02 1.352197e+00 -1.810440e-01) (4.994916e-01 -2.082124e-03 -7.279661e-04))
501.05        	((-5.553472e+00 3.137259e+03 1.741850e+03) (4.757179e-03 1.531971e+01 2.071554e+00)) ((-2.506062e+02 1.333958e+00 -1.946663e-01) (4.991740e-01 -1.381791e-03 4.615631e-06))
501.06        	((-5.596664e+00 3.139419e+03 1.745609e+03) (5.421239e-03 1.535845e+01 2.088260e+00)) ((-2.497101e+02 1.325394e+00 -1.992753e-01) (4.987231e-01 -1.925877e-03 -5.878550e-04))
501.07        	((-5.603205e+00 3.141136e+03 1.749051e+03) (4.336582e-03 1.539619e+01 2.104540e+00)) ((-2.488208e+02 1.306990e+00 -2.149551e-01) (4.982264e-01 -1.261311e-03 1.913319e-04))
501.08        	((-5.643227e+00 3.142328e+03 1.752121e+03) (5.031114e-03 1.543135e+01 2.121019e+00)) ((-2.479552e+02 1.308504e+00 -2.217663e-01) (4.976430e-01 -1.837953e-03 -3.319112e-04))
501.09        	((-5.653849e+00 3.142938e+03 1.754807e+03) (3.940325e-03 1.546522e+01 2.136886e+00)) ((-2.471161e+02 1.303251e+00 -2.414039e-01) (4.968457e-01 -1.207272e-03 5.663772e-04))
501.1         	((-5.691148e+00 3.143041e+03 1.757143e+03) (4.645089e-03 1.549728e+01 2.152926e+00)) ((-2.462554e+02 1.313708e+00 -2.564041e-01) (4.958999e-01 -1.804282e-03 4.753377e-05))
501.11        	((-5.734952e+00 3.142837e+03 1.759256e+03) (3.735657e-03 1.552885e+01 2.168587e+00)) ((-2.453557e+02 1.310263e+00 -2.811964e-01) (4.951151e-01 -1.152354e-03 5.550107e-04))
501.12        	((-5.796480e+00 3.142334e+03 1.761195e+03) (4.902364e-03 1.555828e+01 2.184366e+00)) ((-2.443945e+02 1.305921e+00 -2.950297e-01) (4.940080e-01 -1.740986e-03 -5.369310e-04))
501.13        	((-5.797906e+00 3.141461e+03 1.762875e+03) (3.770133e-03 1.558752e+01 2.200038e+00)) ((-2.434408e+02 1.276643e+00 -3.155238e-01) (4.932275e-01 -1.043303e-03 2.062961e-04))
501.14        	((-5.810495e+00 3.140172e+03 1.764259e+03) (4.635154e-03 1.561498e+01 2.216045e+00)) ((-2.424919e+02 1.258337e+00 -3.250089e-01) (4.922893e-01 -1.653788e-03 -4.857940e-04))
501.15        	((-5.803962e+00 3.138384e+03 1.765284e+03) (3.603369e-03 1.564175e+01 2.231621e+00)) ((-2.415830e+02 1.235391e+00 -3.424819e-01) (4.913545e-01 -1.015925e-03 2.752287e-04))
501.16        	((-5.836322e+00 3.136282e+03 1.766081e+03) (4.429621e-03 1.566711e+01 2.247535e+00)) ((-2.406432e+02 1.234012e+00 -3.527131e-01) (4.903623e-01 -1.613931e-03 -3.583107e-04))
501.17        	((-5.853281e+00 3.133986e+03 1.766812e+03) (3.405442e-03 1.569161e+01 2.262978e+00)) ((-2.396629e+02 1.222809e+00 -3.727458e-01) (4.892860e-01 -9.674329e-04 3.783300e-04))
501.18        	((-5.878340e+00 3.131432e+03 1.767328e+03) (4.170863e-03 1.571506e+01 2.278875e+00)) ((-2.386481e+02 1.221040e+00 -3.868248e-01) (4.882653e-01 -1.537495e-03 -2.535882e-04))
501.19        	((-5.882566e+00 3.128436e+03 1.767513e+03) (3.149840e-03 1.573613e+01 2.293998e+00)) ((-2.376874e+02 1.203320e+00 -4.075598e-01) (4.872679e-01 -8.990682e-04 4.748518e-04))
501.2         	((-5.890992e+00 3.125046e+03 1.767335e+03) (3.918292e-03 1.575661e+01 2.309590e+00)) ((-2.367359e+02 1.196133e+00 -4.236116e-01) (4.864420e-01 -1.478251e-03 -1.667528e-04))
501.21        	((-5.864708e+00 3.121325e+03 1.766970e+03) (2.924161e-03 1.577550e+01 2.324470e+00)) ((-2.358054e+02 1.176061e+00 -4.468311e-01) (4.852228e-01 -8.553978e-04 5.465960e-04))
501.22        	((-5.868279e+00 3.117521e+03 1.766536e+03) (3.712038e-03 1.579392e+01 2.339907e+00)) ((-2.347877e+02 1.173850e+00 -4.620790e-01) (4.842256e-01 -1.441108e-03 -8.498551e-05))
501.23        	((-5.845428e+00 3.113407e+03 1.765929e+03) (2.722610e-03 1.581096e+01 2.354658e+00)) ((-2.337935e+02 1.161143e+00 -4.864082e-01) (4.829065e-01 -8.173721e-04 6.225836e-04))
501.24        	((-5.855996e+00 3.109006e+03 1.765073e+03) (3.493012e-03 1.582478e+01 2.369303e+00)) ((-2.327719e+02 1.163352e+00 -5.031760e-01) (4.822269e-01 -1.403309e-03 3.848080e-06))
501.25        	((-5.834393e+00 3.103953e+03 1.763729e+03) (2.483372e-03 1.583735e+01 2.383164e+00)) ((-2.318608e+02 1.151066e+00 -5.299796e-01) (4.812307e-01 -7.719703e-04 7.324393e-04))
501.26        	((-5.806699e+00 3.098964e+03 1.762454e+03) (3.263051e-03 1.584874e+01 2.397313e+00)) ((-2.308531e+02 1.146510e+00 -5.496969e-01) (4.801674e-01 -1.357016e-03 1.353108e-04))
501.27        	((-5.770508e+00 3.093747e+03 1.761057e+03) (2.299273e-03 1.585939e+01 2.410856e+00)) ((-2.298382e+02 1.131393e+00 -5.764973e-01) (4.789755e-01 -7.356793e-04 8.620035e-04))
501.28        	((-5.761265e+00 3.088150e+03 1.759364e+03) (3.153391e-03 1.586879e+01 2.424696e+00)) ((-2.288464e+02 1.129320e+00 -5.922515e-01) (4.777217e-01 -1.346552e-03 2.285375e-04))
501.29        	((-5.714260e+00 3.082510e+03 1.757683e+03) (2.232827e-03 1.587786e+01 2.438066e+00)) ((-2.278020e+02 1.114299e+00 -6.167273e-01) (4.765071e-01 -7.352440e-04 9.296713e-04))
501.3         	((-5.699914e+00 3.076175e+03 1.755446e+03) (3.125990e-03 1.588561e+01 2.451705e+00)) ((-2.268678e+02 1.110365e+00 -6.302020e-01) (4.752012e-01 -1.347522e-03 3.049948e-04))
501.31        	((-5.649593e+00 3.069697e+03 1.753140e+03) (2.341949e-03 1.589328e+01 2.464860e+00)) ((-2.259102e+02 1.088853e+00 -6.536684e-01) (4.740435e-01 -7.740082e-04 9.002946e-04))
501.32        	((-5.619740e+00 3.063145e+03 1.750816e+03) (3.317861e-03 1.590212e+01 2.479024e+00)) ((-2.249099e+02 1.075435e+00 -6.675605e-01) (4.722680e-01 -1.389842e-03 1.506106e-04))
501.33        	((-5.579802e+00 3.056289e+03 1.748255e+03) (2.443095e-03 1.591081e+01 2.492894e+00)) ((-2.239427e+02 1.050953e+00 -6.865922e-01) (4.705660e-01 -7.596864e-04 7.388462e-04))
501.34        	((-5.573185e+00 3.049254e+03 1.745573e+03) (3.365589e-03 1.591950e+01 2.507466e+00)) ((-2.229738e+02 1.037834e+00 -6.929140e-01) (4.684424e-01 -1.335967e-03 -3.903202e-05))
501.35        	((-5.544120e+00 3.042109e+03 1.742815e+03) (2.482497e-03 1.592824e+01 2.521817e+00)) ((-2.220010e+02 1.010062e+00 -7.059038e-01) (4.663596e-01 -6.827675e-04 5.167809e-04))
501.36        	((-5.536900e+00 3.034821e+03 1.739947e+03) (3.389350e-03 1.593606e+01 2.536628e+00)) ((-2.210248e+02 9.891488e-01 -7.085575e-01) (4.641319e-01 -1.244114e-03 -2.584245e-04))
501.37        	((-5.503783e+00 3.027352e+03 1.736923e+03) (2.512850e-03 1.594409e+01 2.551257e+00)) ((-2.200672e+02 9.521431e-01 -7.180087e-01) (4.619154e-01 -5.928453e-04 3.110451e-04))
501.38        	((-5.496603e+00 3.019702e+03 1.733751e+03) (3.417055e-03 1.595126e+01 2.566353e+00)) ((-2.191214e+02 9.248623e-01 -7.145036e-01) (4.595058e-01 -1.154483e-03 -4.373482e-04))
501.39        	((-5.475590e+00 3.011877e+03 1.730430e+03) (2.531675e-03 1.595862e+01 2.581231e+00)) ((-2.181979e+02 8.877357e-01 -7.148977e-01) (4.570643e-01 -5.004340e-04 1.450833e-04))
501.4         	((-5.488819e+00 3.003908e+03 1.726984e+03) (3.439274e-03 1.596537e+01 2.596529e+00)) ((-2.172807e+02 8.636750e-01 -7.034290e-01) (4.545114e-01 -1.063479e-03 -6.781494e-04))
501.41        	((-5.483456e+00 2.995811e+03 1.723414e+03) (2.575650e-03 1.597261e+01 2.611601e+00)) ((-2.163757e+02 8.264412e-01 -7.002038e-01) (4.520679e-01 -4.114040e-04 -2.566843e-04))
501.42        	((-5.504483e+00 2.987609e+03 1.719743e+03) (3.383142e-03 1.597913e+01 2.627143e+00)) ((-2.154666e+02 7.989883e-01 -6.867661e-01) (4.495292e-01 -9.093551e-04 -1.138241e-03))
501.43        	((-5.513339e+00 2.979298e+03 1.715964e+03) (2.632939e-03 1.598575e+01 2.642623e+00)) ((-2.145651e+02 7.625450e-01 -6.776928e-01) (4.470814e-01 -2.320003e-04 -8.038919e-04))
501.44        	((-5.559455e+00 2.970889e+03 1.712101e+03) (3.755214e-03 1.599115e+01 2.658264e+00)) ((-2.136565e+02 7.422341e-01 -6.551129e-01) (4.442579e-01 -8.381887e-04 -1.807112e-03))
501.45        	((-5.587673e+00 2.962377e+03 1.708159e+03) (3.046378e-03 1.599642e+01 2.673375e+00)) ((-2.127462e+02 7.117022e-01 -6.396476e-01) (4.413071e-01 -2.489678e-04 -1.439690e-03))
501.46        	((-5.633936e+00 2.953780e+03 1.704152e+03) (4.124079e-03 1.600024e+01 2.688782e+00)) ((-2.118222e+02 6.899675e-01 -6.158081e-01) (4.380470e-01 -8.670090e-04 -2.286368e-03))
501.47        	((-5.655394e+00 2.945090e+03 1.700069e+03) (3.380791e-03 1.600377e+01 2.703768e+00)) ((-2.109007e+02 6.560296e-01 -5.991003e-01) (4.347149e-01 -2.590772e-04 -1.710732e-03))
501.48        	((-5.705366e+00 2.936325e+03 1.695929e+03) (4.360844e-03 1.600605e+01 2.718910e+00)) ((-2.099701e+02 6.374810e-01 -5.702776e-01) (4.311922e-01 -8.361930e-04 -2.389528e-03))
501.49        	((-5.733848e+00 2.927484e+03 1.691724e+03) (3.533637e-03 1.600826e+01 2.733584e+00)) ((-2.090418e+02 6.120543e-01 -5.477367e-01) (4.277193e-01 -1.923163e-04 -1.720194e-03))
501.5         	((-5.776865e+00 2.918584e+03 1.687465e+03) (4.419500e-03 1.600944e+01 2.748462e+00)) ((-2.081012e+02 6.009060e-01 -5.175965e-01) (4.241491e-01 -7.404706e-04 -2.319580e-03))
501.51        	((-5.788576e+00 2.909614e+03 1.683137e+03) (3.507426e-03 1.601063e+01 2.762876e+00)) ((-2.071651e+02 5.837470e-01 -4.975443e-01) (4.206517e-01 -8.370979e-05 -1.560666e-03))
501.52        	((-5.810610e+00 2.900588e+03 1.678735e+03) (4.314882e-03 1.601093e+01 2.777545e+00)) ((-2.062302e+02 5.847419e-01 -4.701137e-01) (4.171177e-01 -6.422002e-04 -2.017033e-03))
501.53        	((-5.787672e+00 2.891506e+03 1.674223e+03) (2.674587e-03 1.601149e+01 2.792176e+00)) ((-2.053143e+02 5.812619e-01 -4.555481e-01) (4.139301e-01 9.771614e-05 -7.847179e-04))
501.54        	((-5.755725e+00 2.882392e+03 1.669609e+03) (2.827386e-03 1.601077e+01 2.806930e+00)) ((-2.044030e+02 5.923306e-01 -4.420051e-01) (4.105533e-01 -3.656231e-04 -9.087634e-04))
501.55        	((-5.694151e+00 2.873232e+03 1.664912e+03) (1.367629e-03 1.600983e+01 2.821121e+00)) ((-2.035012e+02 5.953694e-01 -4.440840e-01) (4.071549e-01 3.601312e-04 1.278849e-04))
501.56        	((-5.662045e+00 2.864025e+03 1.660169e+03) (1.748029e-03 1.600756e+01 2.835396e+00)) ((-2.025965e+02 6.121152e-01 -4.411072e-01) (4.034963e-01 -1.089476e-04 -2.481937e-04))
501.57        	((-5.608847e+00 2.854770e+03 1.655371e+03) (4.189762e-04 1.600516e+01 2.849170e+00)) ((-2.017004e+02 6.178384e-01 -4.480337e-01) (3.998506e-01 6.179872e-04 6.095812e-04))
501.58        	((-5.563490e+00 2.845494e+03 1.650520e+03) (8.878488e-04 1.600177e+01 2.863173e+00)) ((-2.007988e+02 6.307489e-01 -4.485291e-01) (3.961056e-01 1.314164e-04 1.577325e-04))
501.59        	((-5.487968e+00 2.836193e+03 1.645611e+03) (-2.729619e-04 1.599840e+01 2.876724e+00)) ((-1.999035e+02 6.297349e-01 -4.584249e-01) (3.924260e-01 8.163017e-04 9.202126e-04))
501.6         	((-5.429514e+00 2.826874e+03 1.640661e+03) (3.946696e-04 1.599400e+01 2.890453e+00)) ((-1.990033e+02 6.383729e-01 -4.594618e-01) (3.885883e-01 2.954173e-04 3.566291e-04))
501.61        	((-5.346656e+00 2.817531e+03 1.635658e+03) (-6.421474e-04 1.598974e+01 2.903743e+00)) ((-1.981125e+02 6.375905e-01 -4.682112e-01) (3.848278e-01 9.542409e-04 1.084976e-03))
501.62        	((-5.284691e+00 2.808173e+03 1.630612e+03) (3.695935e-05 1.598447e+01 2.917222e+00)) ((-1.972209e+02 6.498174e-01 -4.707579e-01) (3.809023e-01 4.361230e-04 5.344913e-04))
501.63        	((-5.205252e+00 2.798788e+03 1.625516e+03) (-9.664277e-04 1.597928e+01 2.930263e+00)) ((-1.963405e+02 6.515565e-01 -4.843191e-01) (3.770448e-01 1.096395e-03 1.222492e-03))
501.64        	((-5.147322e+00 2.789386e+03 1.620395e+03) (-2.818852e-04 1.597307e+01 2.943469e+00)) ((-1.954572e+02 6.620726e-01 -4.924407e-01) (3.730284e-01 5.661927e-04 6.721453e-04))
501.65        	((-5.070509e+00 2.779964e+03 1.615243e+03) (-1.205216e-03 1.596728e+01 2.956355e+00)) ((-1.945823e+02 6.582768e-01 -5.081293e-01) (3.692006e-01 1.173687e-03 1.387154e-03))
501.66        	((-5.006251e+00 2.770533e+03 1.610086e+03) (-6.157689e-04 1.596078e+01 2.969453e+00)) ((-1.937001e+02 6.623657e-01 -5.164793e-01) (3.652630e-01 6.372718e-04 9.522350e-04))
501.67        	((-4.924725e+00 2.761090e+03 1.604903e+03) (-1.508058e-03 1.595481e+01 2.982391e+00)) ((-1.928273e+02 6.534007e-01 -5.315249e-01) (3.616246e-01 1.227241e-03 1.603657e-03))
501.68        	((-4.862918e+00 2.751645e+03 1.599742e+03) (-9.110510e-04 1.594770e+01 2.995423e+00)) ((-1.919410e+02 6.527343e-01 -5.367255e-01) (3.577229e-01 7.038852e-04 1.090514e-03))
501.69        	((-4.792771e+00 2.742196e+03 1.594591e+03) (-1.719383e-03 1.594096e+01 3.008088e+00)) ((-1.910544e+02 6.394760e-01 -5.473728e-01) (3.540015e-01 1.281829e-03 1.634886e-03))
501.7         	((-4.741091e+00 2.732757e+03 1.589483e+03) (-1.155121e-03 1.593319e+01 3.020815e+00)) ((-1.901491e+02 6.346098e-01 -5.497231e-01) (3.500012e-01 7.610419e-04 1.106593e-03))
501.71        	((-4.672591e+00 2.723317e+03 1.584377e+03) (-1.999158e-03 1.592587e+01 3.033433e+00)) ((-1.892497e+02 6.162528e-01 -5.608988e-01) (3.462064e-01 1.334466e-03 1.651781e-03))
501.72        	((-4.611504e+00 2.713873e+03 1.579325e+03) (-1.556361e-03 1.591697e+01 3.046038e+00)) ((-1.883340e+02 6.053471e-01 -5.674012e-01) (3.418722e-01 8.165328e-04 1.193020e-03))
501.73        	((-4.527237e+00 2.704414e+03 1.574314e+03) (-2.316412e-03 1.590841e+01 3.058146e+00)) ((-1.874191e+02 5.817369e-01 -5.854070e-01) (3.376153e-01 1.324356e-03 1.702960e-03))
501.74        	((-4.451624e+00 2.694949e+03 1.569390e+03) (-1.936244e-03 1.589849e+01 3.070101e+00)) ((-1.864822e+02 5.671224e-01 -6.005601e-01) (3.328792e-01 8.255705e-04 1.295889e-03))
501.75        	((-4.361594e+00 2.685499e+03 1.564483e+03) (-2.436401e-03 1.588972e+01 3.082289e+00)) ((-1.855469e+02 5.409033e-01 -6.258794e-01) (3.287535e-01 1.342415e-03 1.658657e-03))
501.76        	((-4.281261e+00 2.676068e+03 1.559620e+03) (-2.032354e-03 1.587968e+01 3.094511e+00)) ((-1.845950e+02 5.253350e-01 -6.428933e-01) (3.242199e-01 9.040485e-04 1.252130e-03))
501.77        	((-4.168182e+00 2.666634e+03 1.554799e+03) (-3.139495e-03 1.586975e+01 3.106072e+00)) ((-1.836399e+02 4.997997e-01 -6.701519e-01) (3.195851e-01 1.459130e-03 2.056194e-03))
501.78        	((-4.087998e+00 2.657207e+03 1.549999e+03) (-1.885993e-03 1.585961e+01 3.118404e+00)) ((-1.826822e+02 4.855304e-01 -6.902372e-01) (3.152036e-01 7.801948e-04 1.146287e-03))
501.79        	((-3.974417e+00 2.647776e+03 1.545231e+03) (-3.166121e-03 1.584930e+01 3.130280e+00)) ((-1.817263e+02 4.604560e-01 -7.211170e-01) (3.106795e-01 1.474962e-03 1.997317e-03))
501.8         	((-3.863367e+00 2.638351e+03 1.540501e+03) (-2.903561e-03 1.583800e+01 3.142102e+00)) ((-1.807639e+02 4.452124e-01 -7.494176e-01) (3.058265e-01 9.537194e-04 1.763739e-03))
501.81        	((-3.742413e+00 2.628941e+03 1.535747e+03) (-3.255654e-03 1.582798e+01 3.154263e+00)) ((-1.798185e+02 4.186522e-01 -7.878381e-01) (3.017200e-01 1.371915e-03 2.099061e-03))
501.82        	((-3.637841e+00 2.619550e+03 1.530995e+03) (-2.660003e-03 1.581679e+01 3.166505e+00)) ((-1.788748e+02 4.020834e-01 -8.192818e-01) (2.972683e-01 8.570808e-04 1.634267e-03))
501.83        	((-3.507853e+00 2.610164e+03 1.526241e+03) (-3.681764e-03 1.580583e+01 3.178288e+00)) ((-1.779427e+02 3.724333e-01 -8.623196e-01) (2.928393e-01 1.420132e-03 2.417292e-03))
501.84        	((-3.383018e+00 2.600799e+03 1.521478e+03) (-3.164435e-03 1.579421e+01 3.190488e+00)) ((-1.770154e+02 3.500683e-01 -9.013268e-01) (2.883679e-01 8.518170e-04 1.979996e-03))
501.85        	((-3.231867e+00 2.591448e+03 1.516702e+03) (-4.180745e-03 1.578292e+01 3.202417e+00)) ((-1.761017e+02 3.112659e-01 -9.534545e-01) (2.840107e-01 1.384050e-03 2.703956e-03))
501.86        	((-3.097843e+00 2.582121e+03 1.511918e+03) (-3.616297e-03 1.577097e+01 3.214666e+00)) ((-1.751920e+02 2.829731e-01 -9.967497e-01) (2.795463e-01 7.887762e-04 2.257445e-03))
501.87        	((-2.948701e+00 2.572804e+03 1.507129e+03) (-4.610750e-03 1.575924e+01 3.226546e+00)) ((-1.742961e+02 2.399817e-01 -1.051039e+00) (2.751179e-01 1.329340e-03 2.963712e-03))
501.88        	((-2.814521e+00 2.563511e+03 1.502330e+03) (-4.143816e-03 1.574696e+01 3.238766e+00)) ((-1.734067e+02 2.105580e-01 -1.093699e+00) (2.706037e-01 7.643659e-04 2.567687e-03))
501.89        	((-2.657153e+00 2.554229e+03 1.497528e+03) (-5.135781e-03 1.573488e+01 3.250564e+00)) ((-1.725310e+02 1.606284e-01 -1.150757e+00) (2.660683e-01 1.336795e-03 3.240836e-03))
501.9         	((-2.501655e+00 2.544984e+03 1.492707e+03) (-4.790745e-03 1.572244e+01 3.262755e+00)) ((-1.716601e+02 1.240568e-01 -1.193733e+00) (2.615312e-01 8.197701e-04 2.935478e-03))
501.91        	((-2.324895e+00 2.535755e+03 1.487894e+03) (-5.655179e-03 1.571021e+01 3.274420e+00)) ((-1.707980e+02 6.064494e-02 -1.254992e+00) (2.569600e-01 1.402067e-03 3.562033e-03))
501.92        	((-2.156073e+00 2.526565e+03 1.483052e+03) (-5.405075e-03 1.569762e+01 3.286542e+00)) ((-1.699438e+02 2.020688e-02 -1.296414e+00) (2.524238e-01 9.213704e-04 3.328846e-03))
501.93        	((-1.990462e+00 2.517378e+03 1.478222e+03) (-6.015660e-03 1.568509e+01 3.298039e+00)) ((-1.691019e+02 -4.942052e-02 -1.361913e+00) (2.477829e-01 1.557653e-03 3.704509e-03))
501.94        	((-1.819153e+00 2.508236e+03 1.473359e+03) (-6.207604e-03 1.567252e+01 3.310147e+00)) ((-1.682668e+02 -9.136085e-02 -1.401155e+00) (2.432975e-01 1.194393e-03 3.700494e-03))
501.95        	((-1.650949e+00 2.499098e+03 1.468537e+03) (-6.620975e-03 1.565977e+01 3.321493e+00)) ((-1.674361e+02 -1.769094e-01 -1.470793e+00) (2.385843e-01 1.893117e-03 3.872484e-03))
501.96        	((-1.481402e+00 2.490002e+03 1.463691e+03) (-7.121680e-03 1.564730e+01 3.333798e+00)) ((-1.666121e+02 -2.231924e-01 -1.503270e+00) (2.342638e-01 1.541263e-03 4.161072e-03))
501.97        	((-1.341628e+00 2.480904e+03 1.458872e+03) (-6.953494e-03 1.563401e+01 3.345165e+00)) ((-1.657997e+02 -3.141916e-01 -1.569935e+00) (2.295069e-01 2.260950e-03 3.863366e-03))
501.98        	((-1.187054e+00 2.471839e+03 1.454061e+03) (-8.009035e-03 1.562172e+01 3.357672e+00)) ((-1.649868e+02 -3.615680e-01 -1.595116e+00) (2.253824e-01 1.950544e-03 4.705142e-03))
501.99        	((-1.033312e+00 2.462804e+03 1.449254e+03) (-8.190327e-03 1.560913e+01 3.369357e+00)) ((-1.641796e+02 -4.546732e-01 -1.658462e+00) (2.208829e-01 2.711055e-03 4.720158e-03))
502           	((-8.517338e-01 2.453792e+03 1.444496e+03) (-9.153696e-03 1.559567e+01 3.381095e+00)) ((-1.633628e+02 -5.000394e-01 -1.677135e+00) (2.160142e-01 2.363206e-03 5.630111e-03))
502.01        	((-7.094129e-01 2.444811e+03 1.439764e+03) (-8.443313e-03 1.558253e+01 3.392602e+00)) ((-1.625473e+02 -5.891464e-01 -1.730309e+00) (2.111645e-01 2.955009e-03 4.960920e-03))
502.02        	((-5.843466e-01 2.435858e+03 1.435029e+03) (-9.040364e-03 1.556873e+01 3.404278e+00)) ((-1.617382e+02 -6.225986e-01 -1.735615e+00) (2.060912e-01 2.524042e-03 5.548255e-03))
502.03        	((-5.093346e-01 2.426920e+03 1.430302e+03) (-8.651846e-03 1.555512e+01 3.415407e+00)) ((-1.609402e+02 -6.956252e-01 -1.777691e+00) (2.009582e-01 3.174586e-03 5.005346e-03))
502.04        	((-4.347677e-01 2.418025e+03 1.425584e+03) (-9.267878e-03 1.554150e+01 3.426998e+00)) ((-1.601401e+02 -7.170113e-01 -1.778501e+00) (1.959553e-01 2.737300e-03 5.475742e-03))
502.05        	((-3.697802e-01 2.409159e+03 1.420871e+03) (-8.742120e-03 1.552826e+01 3.438219e+00)) ((-1.593480e+02 -7.919273e-01 -1.819840e+00) (1.910658e-01 3.227943e-03 4.899837e-03))
502.06        	((-2.694086e-01 2.400321e+03 1.416183e+03) (-9.181918e-03 1.551453e+01 3.449600e+00)) ((-1.585543e+02 -8.298326e-01 -1.819371e+00) (1.860552e-01 2.723627e-03 5.353507e-03))
502.07        	((-1.955177e-01 2.391510e+03 1.411515e+03) (-8.458012e-03 1.550146e+01 3.460758e+00)) ((-1.577658e+02 -9.171623e-01 -1.857186e+00) (1.812812e-01 3.159344e-03 4.781844e-03))
502.08        	((-1.226285e-01 2.382735e+03 1.406873e+03) (-9.032852e-03 1.548836e+01 3.472066e+00)) ((-1.569734e+02 -9.524152e-01 -1.853704e+00) (1.765062e-01 2.761941e-03 5.388103e-03))
502.09        	((-8.386996e-02 2.373979e+03 1.402267e+03) (-8.636418e-03 1.547544e+01 3.482826e+00)) ((-1.561835e+02 -1.026906e+00 -1.888173e+00) (1.716689e-01 3.377414e-03 4.988300e-03))
502.1         	((-4.902463e-02 2.365255e+03 1.397678e+03) (-9.013913e-03 1.546216e+01 3.493908e+00)) ((-1.553935e+02 -1.046148e+00 -1.879471e+00) (1.667665e-01 2.984728e-03 5.326961e-03))
502.11        	((-4.237242e-02 2.356553e+03 1.393102e+03) (-8.399970e-03 1.544899e+01 3.504544e+00)) ((-1.546138e+02 -1.103104e+00 -1.906209e+00) (1.617996e-01 3.494532e-03 4.694645e-03))
502.12        	((-3.045605e-02 2.347885e+03 1.388555e+03) (-8.842185e-03 1.543513e+01 3.515256e+00)) ((-1.538307e+02 -1.107432e+00 -1.891355e+00) (1.565270e-01 3.055928e-03 5.033058e-03))
502.13        	((-4.762137e-02 2.339251e+03 1.384052e+03) (-8.429659e-03 1.542111e+01 3.525629e+00)) ((-1.530417e+02 -1.148597e+00 -1.912191e+00) (1.511451e-01 3.571820e-03 4.617852e-03))
502.14        	((-5.955199e-02 2.330661e+03 1.379590e+03) (-8.816463e-03 1.540662e+01 3.536439e+00)) ((-1.522417e+02 -1.140567e+00 -1.891774e+00) (1.457525e-01 3.134835e-03 5.051680e-03))
502.15        	((-1.016612e-01 2.322100e+03 1.375177e+03) (-8.233487e-03 1.539247e+01 3.546814e+00)) ((-1.514392e+02 -1.169465e+00 -1.907845e+00) (1.404625e-01 3.597398e-03 4.575595e-03))
502.16        	((-1.336977e-01 2.313571e+03 1.370796e+03) (-8.458993e-03 1.537801e+01 3.557426e+00)) ((-1.506356e+02 -1.152461e+00 -1.887493e+00) (1.351568e-01 3.101511e-03 4.871823e-03))
502.17        	((-1.753444e-01 2.305058e+03 1.366438e+03) (-7.878488e-03 1.536370e+01 3.567534e+00)) ((-1.498443e+02 -1.181608e+00 -1.905942e+00) (1.298884e-01 3.542366e-03 4.375671e-03))
502.18        	((-1.999954e-01 2.296580e+03 1.362102e+03) (-8.094437e-03 1.534896e+01 3.577894e+00)) ((-1.490534e+02 -1.169354e+00 -1.885099e+00) (1.245598e-01 3.058679e-03 4.653550e-03))
502.19        	((-2.464162e-01 2.288137e+03 1.357800e+03) (-7.527127e-03 1.533444e+01 3.587811e+00)) ((-1.482624e+02 -1.196349e+00 -1.895275e+00) (1.192476e-01 3.512912e-03 4.177421e-03))
502.2         	((-2.996211e-01 2.279748e+03 1.353541e+03) (-7.686158e-03 1.531964e+01 3.598043e+00)) ((-1.474568e+02 -1.169741e+00 -1.861621e+00) (1.139251e-01 3.032175e-03 4.409966e-03))
502.21        	((-3.852412e-01 2.271465e+03 1.349454e+03) (-7.066840e-03 1.530522e+01 3.607837e+00)) ((-1.466113e+02 -1.175976e+00 -1.858923e+00) (1.086951e-01 3.476334e-03 3.862066e-03))
502.22        	((-4.639650e-01 2.263183e+03 1.345371e+03) (-7.119202e-03 1.529043e+01 3.617930e+00)) ((-1.457750e+02 -1.135869e+00 -1.817755e+00) (1.034152e-01 2.965202e-03 3.994358e-03))
502.23        	((-5.537519e-01 2.254883e+03 1.341244e+03) (-6.466566e-03 1.527588e+01 3.627485e+00)) ((-1.449805e+02 -1.137427e+00 -1.811030e+00) (9.811444e-02 3.379787e-03 3.443109e-03))
502.24        	((-6.330087e-01 2.246608e+03 1.337093e+03) (-6.442093e-03 1.526078e+01 3.637360e+00)) ((-1.442038e+02 -1.096075e+00 -1.767036e+00) (9.273147e-02 2.820882e-03 3.550438e-03))
502.25        	((-7.242478e-01 2.238375e+03 1.332975e+03) (-5.911183e-03 1.524597e+01 3.646660e+00)) ((-1.434184e+02 -1.096260e+00 -1.755794e+00) (8.732195e-02 3.277280e-03 3.100734e-03))
502.26        	((-8.145316e-01 2.230191e+03 1.328892e+03) (-5.846812e-03 1.523059e+01 3.656508e+00)) ((-1.426115e+02 -1.048939e+00 -1.706266e+00) (8.189002e-02 2.681637e-03 3.191939e-03))
502.27        	((-9.113313e-01 2.222046e+03 1.324867e+03) (-5.481489e-03 1.521568e+01 3.665580e+00)) ((-1.417917e+02 -1.044736e+00 -1.690183e+00) (7.642250e-02 3.213148e-03 2.860621e-03))
502.28        	((-1.009689e+00 2.213946e+03 1.320874e+03) (-5.439702e-03 1.520024e+01 3.675271e+00)) ((-1.409744e+02 -9.913544e-01 -1.637334e+00) (7.098366e-02 2.620132e-03 2.945802e-03))
502.29        	((-1.114533e+00 2.205883e+03 1.316930e+03) (-5.118101e-03 1.518533e+01 3.684207e+00)) ((-1.401647e+02 -9.794324e-01 -1.617953e+00) (6.550322e-02 3.147265e-03 2.627373e-03))
502.3         	((-1.216772e+00 2.197858e+03 1.313000e+03) (-5.095216e-03 1.516988e+01 3.693754e+00)) ((-1.393626e+02 -9.214673e-01 -1.562598e+00) (6.001836e-02 2.557937e-03 2.711544e-03))
502.31        	((-1.322979e+00 2.189865e+03 1.309101e+03) (-4.739119e-03 1.515513e+01 3.702474e+00)) ((-1.385572e+02 -9.065731e-01 -1.540337e+00) (5.450568e-02 3.042572e-03 2.358093e-03))
502.32        	((-1.428359e+00 2.181912e+03 1.305208e+03) (-4.656650e-03 1.513986e+01 3.711890e+00)) ((-1.377471e+02 -8.467539e-01 -1.482601e+00) (4.901787e-02 2.436782e-03 2.385765e-03))
502.33        	((-1.537129e+00 2.174367e+03 1.301935e+03) (-4.200390e-03 1.512524e+01 3.720693e+00)) ((-1.368993e+02 -8.306657e-01 -1.460479e+00) (4.341232e-02 2.858150e-03 1.968192e-03))
502.34        	((-1.649410e+00 2.166561e+03 1.298119e+03) (-4.030390e-03 1.511017e+01 3.730164e+00)) ((-1.360918e+02 -7.680005e-01 -1.401418e+00) (3.804223e-02 2.216147e-03 1.941198e-03))
502.35        	((-1.768546e+00 2.158511e+03 1.293963e+03) (-3.616503e-03 1.509570e+01 3.738792e+00)) ((-1.353165e+02 -7.464427e-01 -1.372319e+00) (3.267021e-02 2.643451e-03 1.560484e-03))
502.36        	((-1.878656e+00 2.150858e+03 1.290442e+03) (-3.516309e-03 1.508049e+01 3.748177e+00)) ((-1.344952e+02 -6.879247e-01 -1.312374e+00) (2.715354e-02 2.044372e-03 1.591849e-03))
502.37        	((-1.989393e+00 2.143097e+03 1.286646e+03) (-3.137041e-03 1.506592e+01 3.756777e+00)) ((-1.336808e+02 -6.688087e-01 -1.282192e+00) (2.180106e-02 2.464788e-03 1.253830e-03))
502.38        	((-2.096141e+00 2.135235e+03 1.282658e+03) (-3.056100e-03 1.505068e+01 3.766086e+00)) ((-1.328787e+02 -6.075170e-01 -1.219051e+00) (1.647889e-02 1.877390e-03 1.297784e-03))
502.39        	((-2.203390e+00 2.127774e+03 1.279320e+03) (-2.793015e-03 1.503598e+01 3.774638e+00)) ((-1.320393e+02 -5.880375e-01 -1.190632e+00) (1.100767e-02 2.334413e-03 1.027545e-03))
502.4         	((-2.308448e+00 2.120152e+03 1.275600e+03) (-2.806036e-03 1.502059e+01 3.783849e+00)) ((-1.312290e+02 -5.257215e-01 -1.129520e+00) (5.753968e-03 1.796572e-03 1.107640e-03))
502.41        	((-2.418266e+00 2.112372e+03 1.271640e+03) (-2.545906e-03 1.500567e+01 3.792203e+00)) ((-1.304458e+02 -5.012208e-01 -1.098695e+00) (4.862273e-04 2.239749e-03 8.335660e-04))
502.42        	((-2.520789e+00 2.104983e+03 1.268284e+03) (-2.522378e-03 1.498992e+01 3.801295e+00)) ((-1.296244e+02 -4.416863e-01 -1.040585e+00) (-4.889703e-03 1.691722e-03 8.934623e-04))
502.43        	((-2.621312e+00 2.097447e+03 1.264594e+03) (-2.351513e-03 1.497484e+01 3.809417e+00)) ((-1.288195e+02 -4.211833e-01 -1.012662e+00) (-1.011724e-02 2.165096e-03 6.837352e-04))
502.44        	((-2.717764e+00 2.089775e+03 1.260665e+03) (-2.383876e-03 1.495898e+01 3.818228e+00)) ((-1.280328e+02 -3.623631e-01 -9.550594e-01) (-1.530806e-02 1.652281e-03 7.710749e-04))
502.45        	((-2.815374e+00 2.082486e+03 1.257360e+03) (-2.187169e-03 1.494366e+01 3.826274e+00)) ((-1.272080e+02 -3.427162e-01 -9.300556e-01) (-2.066556e-02 2.088481e-03 5.418435e-04))
502.46        	((-2.907465e+00 2.075063e+03 1.253707e+03) (-2.175167e-03 1.492771e+01 3.835021e+00)) ((-1.264053e+02 -2.858113e-01 -8.766455e-01) (-2.581737e-02 1.557669e-03 5.928283e-04))
502.47        	((-2.999142e+00 2.067510e+03 1.249847e+03) (-2.067069e-03 1.491243e+01 3.842818e+00)) ((-1.256231e+02 -2.669738e-01 -8.539079e-01) (-3.099785e-02 2.025725e-03 4.163028e-04))
502.48        	((-3.086324e+00 2.060341e+03 1.246580e+03) (-2.116691e-03 1.489637e+01 3.851495e+00)) ((-1.248070e+02 -2.150955e-01 -8.068335e-01) (-3.627911e-02 1.536686e-03 4.996010e-04))
502.49        	((-3.174093e+00 2.053028e+03 1.242977e+03) (-1.964791e-03 1.488101e+01 3.859223e+00)) ((-1.240130e+02 -1.985632e-01 -7.901839e-01) (-4.141801e-02 1.962471e-03 3.030339e-04))
502.5         	((-3.256163e+00 2.045935e+03 1.239691e+03) (-1.981289e-03 1.486482e+01 3.867896e+00)) ((-1.232039e+02 -1.505609e-01 -7.513955e-01) (-4.660049e-02 1.463187e-03 3.625128e-04))
502.51        	((-3.338103e+00 2.038578e+03 1.235923e+03) (-1.916270e-03 1.484932e+01 3.875479e+00)) ((-1.224248e+02 -1.384542e-01 -7.459119e-01) (-5.164935e-02 1.910402e-03 1.995468e-04))
502.52        	((-3.417832e+00 2.031459e+03 1.232499e+03) (-2.094660e-03 1.483273e+01 3.884089e+00)) ((-1.216232e+02 -9.763134e-02 -7.256352e-01) (-5.676351e-02 1.471237e-03 2.526940e-04))
502.53        	((-3.514964e+00 2.024526e+03 1.229239e+03) (-2.255101e-03 1.481637e+01 3.891689e+00)) ((-1.208004e+02 -9.671099e-02 -7.549151e-01) (-6.196598e-02 1.977664e-03 -5.997479e-05))
502.54        	((-3.751972e+00 2.017264e+03 1.225337e+03) (-1.638684e-03 1.480006e+01 3.899856e+00)) ((-1.199758e+02 -1.505879e-01 -8.198689e-01) (-6.631463e-02 1.840086e-03 7.442186e-04))
502.55        	((-3.972724e+00 2.010233e+03 1.221793e+03) (-1.298976e-03 1.478388e+01 3.907097e+00)) ((-1.191348e+02 -2.199172e-01 -9.103451e-01) (-7.086691e-02 2.220415e-03 7.277898e-04))
502.56        	((-3.636783e+00 2.003425e+03 1.218404e+03) (-5.204040e-03 1.476367e+01 3.914886e+00)) ((-1.182778e+02 3.145108e-02 -6.914324e-01) (-7.380653e-02 3.048762e-04 -2.324057e-03))
502.57        	((-3.546167e+00 1.996408e+03 1.214562e+03) (-2.075886e-03 1.475125e+01 3.922961e+00)) ((-1.175444e+02 1.067181e-01 -5.862473e-01) (-8.065630e-02 1.969103e-03 2.491749e-05))
502.58        	((-3.540402e+00 1.989573e+03 1.211097e+03) (-2.534606e-03 1.473601e+01 3.931723e+00)) ((-1.168088e+02 1.641784e-01 -5.178370e-01) (-8.642503e-02 1.360669e-03 -1.206637e-04))
502.59        	((-3.688703e+00 1.982815e+03 1.207729e+03) (-1.903838e-03 1.471975e+01 3.939022e+00)) ((-1.158905e+02 1.142200e-01 -5.596162e-01) (-9.121505e-02 1.878008e-03 1.384160e-04))
502.6         	((-3.680676e+00 1.975751e+03 1.203814e+03) (-2.554370e-03 1.470420e+01 3.947320e+00)) ((-1.150551e+02 1.737056e-01 -5.220745e-01) (-9.656626e-02 1.251482e-03 -2.025103e-04))
502.61        	((-3.760708e+00 1.968811e+03 1.200155e+03) (-1.897708e-03 1.468763e+01 3.954290e+00)) ((-1.140855e+02 1.637777e-01 -5.475575e-01) (-1.011187e-01 1.804788e-03 7.061447e-05))
502.62        	((-3.727670e+00 1.962150e+03 1.196854e+03) (-2.337616e-03 1.467205e+01 3.962544e+00)) ((-1.132414e+02 2.326578e-01 -4.978995e-01) (-1.066104e-01 1.230245e-03 -2.212321e-04))
502.63        	((-3.798451e+00 1.955499e+03 1.193475e+03) (-1.770723e-03 1.465558e+01 3.969569e+00)) ((-1.123340e+02 2.162172e-01 -5.090314e-01) (-1.112521e-01 1.741044e-03 5.550558e-06))
502.64        	((-3.798601e+00 1.948502e+03 1.189480e+03) (-2.020589e-03 1.463909e+01 3.977265e+00)) ((-1.115969e+02 2.532396e-01 -4.599511e-01) (-1.163641e-01 1.229010e-03 -1.521549e-04))
502.65        	((-3.897054e+00 1.941654e+03 1.185756e+03) (-1.321720e-03 1.462112e+01 3.983837e+00)) ((-1.107306e+02 2.146959e-01 -4.615405e-01) (-1.210201e-01 1.668327e-03 2.300341e-04))
502.66        	((-3.912342e+00 1.935129e+03 1.182494e+03) (-1.620557e-03 1.460497e+01 3.991024e+00)) ((-1.098867e+02 2.495288e-01 -4.357750e-01) (-1.261187e-01 1.035884e-03 -2.704179e-04))
502.67        	((-3.974646e+00 1.928642e+03 1.179239e+03) (-1.429269e-03 1.458777e+01 3.997240e+00)) ((-1.089598e+02 2.373288e-01 -4.514872e-01) (-1.306323e-01 1.431198e-03 -2.112293e-04))
502.68        	((-3.990425e+00 1.921766e+03 1.175340e+03) (-1.511079e-03 1.457059e+01 4.004517e+00)) ((-1.081885e+02 2.628641e-01 -4.230059e-01) (-1.354819e-01 9.564394e-04 -3.471015e-04))
502.69        	((-4.041850e+00 1.914961e+03 1.171654e+03) (-1.337376e-03 1.455308e+01 4.010395e+00)) ((-1.073896e+02 2.426920e-01 -4.224216e-01) (-1.400635e-01 1.297917e-03 -2.830582e-04))
502.7         	((-4.055629e+00 1.908460e+03 1.168385e+03) (-1.409879e-03 1.453574e+01 4.017355e+00)) ((-1.066221e+02 2.621636e-01 -3.927182e-01) (-1.449529e-01 8.368008e-04 -4.788903e-04))
502.71        	((-4.092645e+00 1.902068e+03 1.165220e+03) (-1.436314e-03 1.451838e+01 4.023187e+00)) ((-1.057724e+02 2.490734e-01 -3.892082e-01) (-1.495243e-01 1.232440e-03 -4.077134e-04))
502.72        	((-4.112392e+00 1.895654e+03 1.161972e+03) (-1.377467e-03 1.450064e+01 4.030212e+00)) ((-1.049778e+02 2.628146e-01 -3.596560e-01) (-1.542856e-01 8.290246e-04 -4.795563e-04))
502.73        	((-4.136185e+00 1.889126e+03 1.158606e+03) (-1.427236e-03 1.448346e+01 4.035796e+00)) ((-1.041632e+02 2.568203e-01 -3.588458e-01) (-1.587850e-01 1.151329e-03 -4.956095e-04))
502.74        	((-4.144750e+00 1.882585e+03 1.155223e+03) (-1.394105e-03 1.446564e+01 4.042607e+00)) ((-1.034080e+02 2.757686e-01 -3.358499e-01) (-1.633850e-01 7.911122e-04 -5.891903e-04))
502.75        	((-4.161198e+00 1.876080e+03 1.151908e+03) (-1.427478e-03 1.444809e+01 4.048064e+00)) ((-1.026295e+02 2.694905e-01 -3.299523e-01) (-1.679218e-01 1.128860e-03 -5.040351e-04))
502.76        	((-4.161592e+00 1.869663e+03 1.148686e+03) (-1.346325e-03 1.443018e+01 4.054578e+00)) ((-1.018744e+02 2.883355e-01 -3.072638e-01) (-1.724443e-01 7.455734e-04 -6.403978e-04))
502.77        	((-4.165535e+00 1.863281e+03 1.145517e+03) (-1.467320e-03 1.441268e+01 4.059946e+00)) ((-1.010992e+02 2.869627e-01 -2.996019e-01) (-1.769505e-01 1.090397e-03 -5.644248e-04))
502.78        	((-4.164962e+00 1.856923e+03 1.142340e+03) (-1.338435e-03 1.439458e+01 4.066441e+00)) ((-1.003564e+02 3.023145e-01 -2.740263e-01) (-1.814010e-01 7.498670e-04 -6.244002e-04))
502.79        	((-4.161492e+00 1.850567e+03 1.139184e+03) (-1.467573e-03 1.437715e+01 4.071678e+00)) ((-9.960938e+01 3.026574e-01 -2.659869e-01) (-1.858728e-01 1.048767e-03 -5.774901e-04))
502.8         	((-4.154124e+00 1.844235e+03 1.136030e+03) (-1.355995e-03 1.435904e+01 4.078011e+00)) ((-9.888894e+01 3.196552e-01 -2.439710e-01) (-1.902233e-01 7.180988e-04 -6.466070e-04))
502.81        	((-4.145645e+00 1.837923e+03 1.132913e+03) (-1.491521e-03 1.434147e+01 4.083160e+00)) ((-9.816581e+01 3.199014e-01 -2.358234e-01) (-1.946555e-01 1.005403e-03 -5.398347e-04))
502.82        	((-4.133160e+00 1.831641e+03 1.129808e+03) (-1.347452e-03 1.432336e+01 4.089311e+00)) ((-9.745837e+01 3.358356e-01 -2.150049e-01) (-1.989396e-01 6.561208e-04 -6.134306e-04))
502.83        	((-4.116872e+00 1.825376e+03 1.126743e+03) (-1.511937e-03 1.430586e+01 4.094344e+00)) ((-9.674740e+01 3.390415e-01 -2.067803e-01) (-2.033315e-01 9.175845e-04 -5.171059e-04))
502.84        	((-4.098910e+00 1.819138e+03 1.123684e+03) (-1.394882e-03 1.428774e+01 4.100344e+00)) ((-9.605049e+01 3.557644e-01 -1.855567e-01) (-2.075790e-01 5.865973e-04 -5.746156e-04))
502.85        	((-4.077207e+00 1.812920e+03 1.120667e+03) (-1.596326e-03 1.427010e+01 4.105207e+00)) ((-9.535732e+01 3.594850e-01 -1.749517e-01) (-2.119824e-01 8.307446e-04 -4.437988e-04))
502.86        	((-4.059613e+00 1.806741e+03 1.117666e+03) (-1.366605e-03 1.425196e+01 4.111013e+00)) ((-9.467579e+01 3.767279e-01 -1.595956e-01) (-2.162239e-01 5.610217e-04 -5.876712e-04))
502.87        	((-4.049478e+00 1.800602e+03 1.114709e+03) (-1.373960e-03 1.423454e+01 4.116000e+00)) ((-9.399589e+01 3.823725e-01 -1.579454e-01) (-2.205521e-01 8.916593e-04 -6.313389e-04))
502.88        	((-4.042461e+00 1.794502e+03 1.111750e+03) (-1.215765e-03 1.421676e+01 4.122055e+00)) ((-9.332535e+01 3.935944e-01 -1.380231e-01) (-2.246765e-01 6.410017e-04 -7.517611e-04))
502.89        	((-4.031252e+00 1.788412e+03 1.108804e+03) (-1.392434e-03 1.419948e+01 4.127197e+00)) ((-9.266257e+01 3.942334e-01 -1.249058e-01) (-2.289360e-01 8.732133e-04 -6.575317e-04))
502.9         	((-4.017544e+00 1.782346e+03 1.105855e+03) (-1.222752e-03 1.418167e+01 4.133085e+00)) ((-9.200841e+01 4.053274e-01 -1.056891e-01) (-2.330327e-01 5.961266e-04 -7.610512e-04))
502.91        	((-4.000864e+00 1.776305e+03 1.102936e+03) (-1.374713e-03 1.416428e+01 4.138090e+00)) ((-9.135947e+01 4.101509e-01 -9.870736e-02) (-2.372274e-01 8.207871e-04 -7.041321e-04))
502.92        	((-3.985848e+00 1.770306e+03 1.100029e+03) (-1.186360e-03 1.414643e+01 4.143845e+00)) ((-9.071485e+01 4.223446e-01 -8.467003e-02) (-2.412564e-01 5.728264e-04 -8.394415e-04))
502.93        	((-3.970025e+00 1.764337e+03 1.097145e+03) (-1.330454e-03 1.412898e+01 4.148843e+00)) ((-9.007808e+01 4.266757e-01 -7.897037e-02) (-2.453803e-01 7.922077e-04 -7.789251e-04))
502.94        	((-3.955873e+00 1.758406e+03 1.094265e+03) (-1.104605e-03 1.411117e+01 4.154517e+00)) ((-8.944496e+01 4.370346e-01 -6.543526e-02) (-2.493552e-01 5.348413e-04 -9.293771e-04))
502.95        	((-3.938988e+00 1.752496e+03 1.091402e+03) (-1.242527e-03 1.409377e+01 4.159498e+00)) ((-8.881955e+01 4.419415e-01 -5.925318e-02) (-2.533989e-01 7.254500e-04 -8.747981e-04))
502.96        	((-3.925358e+00 1.746621e+03 1.088546e+03) (-9.844283e-04 1.407599e+01 4.165092e+00)) ((-8.819530e+01 4.524290e-01 -4.504464e-02) (-2.572719e-01 4.601580e-04 -1.044375e-03))
502.97        	((-3.910742e+00 1.740766e+03 1.085700e+03) (-1.098812e-03 1.405844e+01 4.170017e+00)) ((-8.758074e+01 4.579141e-01 -3.693441e-02) (-2.612292e-01 6.296345e-04 -9.972554e-04))
502.98        	((-3.896044e+00 1.734949e+03 1.082866e+03) (-8.786662e-04 1.404037e+01 4.175314e+00)) ((-8.696561e+01 4.667567e-01 -2.484372e-02) (-2.651804e-01 4.058843e-04 -1.140190e-03))
502.99        	((-3.869440e+00 1.729150e+03 1.080051e+03) (-1.141837e-03 1.402240e+01 4.179977e+00)) ((-8.635891e+01 4.669997e-01 -2.496089e-02) (-2.691782e-01 6.436496e-04 -1.003101e-03))
503           	((-3.840884e+00 1.723386e+03 1.077255e+03) (-9.453534e-04 1.400413e+01 4.185129e+00)) ((-8.574912e+01 4.669596e-01 -2.268002e-02) (-2.729445e-01 4.478099e-04 -1.117059e-03))
503.01        	((-3.811761e+00 1.717639e+03 1.074466e+03) (-1.180550e-03 1.398603e+01 4.189711e+00)) ((-8.514962e+01 4.642643e-01 -2.545961e-02) (-2.766889e-01 6.618208e-04 -9.847816e-04))
503.02        	((-3.790244e+00 1.711930e+03 1.071693e+03) (-9.415257e-04 1.396766e+01 4.194630e+00)) ((-8.454636e+01 4.668313e-01 -2.145176e-02) (-2.802615e-01 4.534879e-04 -1.140458e-03))
503.03        	((-3.766664e+00 1.706237e+03 1.068927e+03) (-1.195337e-03 1.394936e+01 4.198963e+00)) ((-8.395438e+01 4.676634e-01 -2.166917e-02) (-2.838579e-01 6.645622e-04 -1.004406e-03))
503.04        	((-3.746836e+00 1.700581e+03 1.066180e+03) (-9.605832e-04 1.393076e+01 4.203656e+00)) ((-8.335858e+01 4.695342e-01 -1.771545e-02) (-2.872979e-01 4.757271e-04 -1.147008e-03))
503.05        	((-3.721045e+00 1.694941e+03 1.063437e+03) (-1.233566e-03 1.391075e+01 4.207000e+00)) ((-8.277572e+01 4.675208e-01 -1.954449e-02) (-2.902852e-01 6.890609e-04 -9.928406e-04))
503.06        	((-3.699026e+00 1.689336e+03 1.060712e+03) (-9.953092e-04 1.389042e+01 4.210674e+00)) ((-8.218826e+01 4.662652e-01 -1.809188e-02) (-2.931425e-01 5.050247e-04 -1.143832e-03))
503.07        	((-3.672718e+00 1.683745e+03 1.057990e+03) (-1.279777e-03 1.387010e+01 4.213856e+00)) ((-8.161187e+01 4.634948e-01 -2.105449e-02) (-2.960289e-01 7.153105e-04 -9.877774e-04))
503.08        	((-3.652942e+00 1.678193e+03 1.055288e+03) (-1.034156e-03 1.384948e+01 4.217361e+00)) ((-8.103040e+01 4.615691e-01 -1.953164e-02) (-2.988058e-01 5.418374e-04 -1.129805e-03))
503.09        	((-3.629450e+00 1.672656e+03 1.052585e+03) (-1.325205e-03 1.382882e+01 4.220392e+00)) ((-8.046118e+01 4.583003e-01 -2.200941e-02) (-3.016424e-01 7.523477e-04 -9.562927e-04))
503.1         	((-3.610549e+00 1.667156e+03 1.049901e+03) (-1.099298e-03 1.380791e+01 4.223707e+00)) ((-7.988642e+01 4.557167e-01 -2.183807e-02) (-3.043751e-01 5.933208e-04 -1.089896e-03))
503.11        	((-3.586724e+00 1.661675e+03 1.047220e+03) (-1.408794e-03 1.378705e+01 4.226591e+00)) ((-7.932345e+01 4.514221e-01 -2.589281e-02) (-3.071166e-01 8.167729e-04 -8.995940e-04))
503.12        	((-3.567555e+00 1.656231e+03 1.044561e+03) (-1.198166e-03 1.376600e+01 4.229780e+00)) ((-7.875496e+01 4.461902e-01 -2.744300e-02) (-3.097208e-01 6.837667e-04 -9.980580e-04))
503.13        	((-3.543565e+00 1.650804e+03 1.041900e+03) (-1.500082e-03 1.374493e+01 4.232499e+00)) ((-7.819829e+01 4.408312e-01 -3.252590e-02) (-3.124486e-01 8.952206e-04 -8.171619e-04))
503.14        	((-3.529843e+00 1.645409e+03 1.039260e+03) (-1.214923e-03 1.372354e+01 4.235446e+00)) ((-7.763526e+01 4.386961e-01 -3.127187e-02) (-3.152172e-01 7.163905e-04 -9.951080e-04))
503.15        	((-3.518177e+00 1.640030e+03 1.036622e+03) (-1.442061e-03 1.370222e+01 4.238057e+00)) ((-7.708428e+01 4.396537e-01 -2.865340e-02) (-3.180170e-01 8.795165e-04 -8.667716e-04))
503.16        	((-3.514644e+00 1.634685e+03 1.034009e+03) (-1.145811e-03 1.368083e+01 4.240994e+00)) ((-7.652619e+01 4.405931e-01 -2.179975e-02) (-3.206807e-01 6.968659e-04 -1.026092e-03))
503.17        	((-3.504700e+00 1.629359e+03 1.031394e+03) (-1.401073e-03 1.365960e+01 4.243606e+00)) ((-7.597950e+01 4.404057e-01 -1.981851e-02) (-3.233401e-01 8.656192e-04 -8.748702e-04))
503.18        	((-3.497414e+00 1.624068e+03 1.028800e+03) (-1.152372e-03 1.363825e+01 4.246488e+00)) ((-7.542688e+01 4.377535e-01 -1.822444e-02) (-3.259112e-01 7.120876e-04 -1.013852e-03))
503.19        	((-3.485294e+00 1.618795e+03 1.026206e+03) (-1.402529e-03 1.361707e+01 4.249012e+00)) ((-7.488599e+01 4.341599e-01 -2.040048e-02) (-3.285193e-01 8.812371e-04 -8.594434e-04))
503.2         	((-3.479622e+00 1.613555e+03 1.023634e+03) (-1.126122e-03 1.359576e+01 4.251822e+00)) ((-7.433938e+01 4.299316e-01 -1.967105e-02) (-3.310703e-01 7.153695e-04 -1.008391e-03))
503.21        	((-3.471214e+00 1.608330e+03 1.021062e+03) (-1.361459e-03 1.357465e+01 4.254353e+00)) ((-7.380481e+01 4.275384e-01 -2.041944e-02) (-3.336614e-01 8.647009e-04 -8.793537e-04))
503.22        	((-3.468630e+00 1.603138e+03 1.018513e+03) (-1.107309e-03 1.355348e+01 4.257186e+00)) ((-7.326383e+01 4.251540e-01 -1.846297e-02) (-3.361860e-01 7.105589e-04 -1.032110e-03))
503.23        	((-3.462614e+00 1.597966e+03 1.015965e+03) (-1.353948e-03 1.353258e+01 4.259741e+00)) ((-7.273401e+01 4.230813e-01 -1.870297e-02) (-3.387345e-01 8.695843e-04 -8.936816e-04))
503.24        	((-3.461380e+00 1.592826e+03 1.013441e+03) (-1.103531e-03 1.351161e+01 4.262578e+00)) ((-7.219733e+01 4.189011e-01 -1.733697e-02) (-3.412232e-01 7.238539e-04 -1.033309e-03))
503.25        	((-3.455048e+00 1.587703e+03 1.010914e+03) (-1.342906e-03 1.349083e+01 4.265125e+00)) ((-7.167282e+01 4.155017e-01 -1.858596e-02) (-3.437540e-01 8.755188e-04 -9.075048e-04))
503.26        	((-3.452859e+00 1.582612e+03 1.008410e+03) (-1.116756e-03 1.346996e+01 4.267920e+00)) ((-7.114262e+01 4.112901e-01 -1.810780e-02) (-3.462362e-01 7.385758e-04 -1.053489e-03))
503.27        	((-3.447509e+00 1.577537e+03 1.005906e+03) (-1.359234e-03 1.344930e+01 4.270426e+00)) ((-7.062358e+01 4.079923e-01 -1.894113e-02) (-3.487401e-01 8.859514e-04 -9.227421e-04))
503.28        	((-3.446867e+00 1.572495e+03 1.003425e+03) (-1.120560e-03 1.342851e+01 4.273160e+00)) ((-7.009845e+01 4.030424e-01 -1.780956e-02) (-3.511509e-01 7.449456e-04 -1.055001e-03))
503.29        	((-3.442177e+00 1.567469e+03 1.000943e+03) (-1.343456e-03 1.340788e+01 4.275607e+00)) ((-6.958476e+01 3.992769e-01 -1.874696e-02) (-3.535614e-01 8.808055e-04 -9.310567e-04))
503.3         	((-3.441297e+00 1.562473e+03 9.984843e+02) (-1.107986e-03 1.338837e+01 4.279065e+00)) ((-6.906526e+01 3.945200e-01 -1.832235e-02) (-3.563068e-01 7.492697e-04 -1.065563e-03))
503.31        	((-3.437328e+00 1.557497e+03 9.960282e+02) (-1.316153e-03 1.336920e+01 4.282271e+00)) ((-6.855661e+01 3.909445e-01 -1.926696e-02) (-3.590383e-01 8.881743e-04 -9.434699e-04))
503.32        	((-3.437703e+00 1.552550e+03 9.935959e+02) (-1.068750e-03 1.335008e+01 4.285742e+00)) ((-6.804221e+01 3.854678e-01 -1.832685e-02) (-3.616776e-01 7.594834e-04 -1.068266e-03))
503.33        	((-3.435000e+00 1.547619e+03 9.911610e+02) (-1.262804e-03 1.333119e+01 4.288973e+00)) ((-6.753887e+01 3.812306e-01 -1.877926e-02) (-3.642995e-01 8.924101e-04 -9.510107e-04))
503.34        	((-3.436278e+00 1.542714e+03 9.887494e+02) (-1.053134e-03 1.331226e+01 4.292447e+00)) ((-6.702932e+01 3.752096e-01 -1.766851e-02) (-3.668397e-01 7.872798e-04 -1.056766e-03))
503.35        	((-3.436786e+00 1.537824e+03 9.863391e+02) (-1.263229e-03 1.329337e+01 4.295742e+00)) ((-6.652919e+01 3.700459e-01 -1.761831e-02) (-3.694342e-01 9.309999e-04 -9.125097e-04))
503.36        	((-3.445645e+00 1.532968e+03 9.839551e+02) (-8.184961e-04 1.327485e+01 4.299057e+00)) ((-6.602109e+01 3.620652e-01 -1.590218e-02) (-3.718960e-01 7.286899e-04 -1.140817e-03))
503.37        	((-3.455083e+00 1.528130e+03 9.815572e+02) (-1.086013e-03 1.325648e+01 4.302241e+00)) ((-6.552556e+01 3.519363e-01 -1.416143e-02) (-3.743380e-01 9.268621e-04 -9.132328e-04))
503.38        	((-3.487668e+00 1.523320e+03 9.791480e+02) (-7.143299e-04 1.323732e+01 4.305792e+00)) ((-6.503322e+01 3.306725e-01 -6.968137e-03) (-3.768308e-01 8.511032e-04 -7.135155e-04))
503.39        	((-3.504865e+00 1.518540e+03 9.767648e+02) (-8.391041e-04 1.321971e+01 4.308642e+00)) ((-6.454167e+01 3.224255e-01 -1.187811e-02) (-3.791169e-01 8.715603e-04 -8.946956e-04))
503.4         	((-3.553555e+00 1.513784e+03 9.743547e+02) (-2.550775e-04 1.319974e+01 4.312305e+00)) ((-6.405541e+01 2.973245e-01 -6.793237e-03) (-3.816634e-01 8.589889e-04 -3.304115e-04))
503.41        	((-3.570077e+00 1.509054e+03 9.719970e+02) (-5.368880e-04 1.318319e+01 4.314885e+00)) ((-6.356397e+01 2.925619e-01 -1.543646e-02) (-3.835982e-01 8.313704e-04 -1.012736e-03))
503.42        	((-3.624539e+00 1.504334e+03 9.695896e+02) (1.898330e-05 1.316247e+01 4.318876e+00)) ((-6.308693e+01 2.615396e-01 -4.430073e-03) (-3.859923e-01 1.067456e-03 -1.240856e-04))
503.43        	((-3.648373e+00 1.499644e+03 9.672350e+02) (-3.773717e-04 1.314621e+01 4.320866e+00)) ((-6.260360e+01 2.511395e-01 -8.937965e-03) (-3.877658e-01 8.725173e-04 -9.925744e-04))
503.44        	((-3.691028e+00 1.494965e+03 9.648650e+02) (-6.576965e-05 1.312677e+01 4.323876e+00)) ((-6.212727e+01 2.246822e-01 -1.199444e-03) (-3.898416e-01 8.054617e-04 -7.274074e-04))
503.45        	((-3.692600e+00 1.490309e+03 9.625635e+02) (-3.548370e-04 1.310910e+01 4.326012e+00)) ((-6.164382e+01 2.263182e-01 -1.022400e-02) (-3.915963e-01 7.637572e-04 -1.122564e-03))
503.46        	((-3.727169e+00 1.485659e+03 9.602167e+02) (-1.114010e-04 1.308889e+01 4.329063e+00)) ((-6.117502e+01 2.008506e-01 1.129891e-03) (-3.935057e-01 8.713728e-04 -6.258840e-04))
503.47        	((-3.727022e+00 1.481038e+03 9.579352e+02) (-4.132784e-04 1.307106e+01 4.330788e+00)) ((-6.069669e+01 2.026651e-01 -4.893243e-03) (-3.950683e-01 7.805701e-04 -1.141384e-03))
503.48        	((-3.782220e+00 1.476425e+03 9.555732e+02) (1.472675e-04 1.304729e+01 4.333931e+00)) ((-6.023977e+01 1.632702e-01 1.419232e-02) (-3.974687e-01 9.975872e-04 8.180516e-04))
503.49        	((-3.845692e+00 1.471850e+03 9.532157e+02) (-2.631038e-04 1.303127e+01 4.335193e+00)) ((-5.978487e+01 1.362527e-01 2.261213e-02) (-3.984558e-01 8.369457e-04 -7.637345e-04))
503.5         	((-3.852087e+00 1.467319e+03 9.509870e+02) (-3.101745e-05 1.301249e+01 4.337102e+00)) ((-5.929551e+01 1.383397e-01 5.809350e-03) (-3.997551e-01 6.696986e-04 -1.256248e-03))
503.51        	((-3.881115e+00 1.462784e+03 9.487021e+02) (-2.291114e-05 1.299157e+01 4.339124e+00)) ((-5.883476e+01 1.297581e-01 2.614151e-03) (-4.014739e-01 9.006640e-04 -7.752214e-04))
503.52        	((-3.869840e+00 1.458278e+03 9.465103e+02) (-1.568052e-05 1.297278e+01 4.340567e+00)) ((-5.835041e+01 1.338686e-01 -1.065421e-02) (-4.027123e-01 6.697249e-04 -1.346586e-03))
503.53        	((-3.916454e+00 1.453748e+03 9.441891e+02) (2.246329e-05 1.294995e+01 4.342398e+00)) ((-5.791616e+01 1.019180e-01 9.705405e-03) (-4.047763e-01 8.991358e-04 -1.099210e-04))
503.54        	((-3.937578e+00 1.449264e+03 9.419567e+02) (-9.171651e-06 1.293190e+01 4.343543e+00)) ((-5.745362e+01 8.468159e-02 1.439760e-02) (-4.057728e-01 6.331962e-04 -1.151646e-03))
503.55        	((-3.949879e+00 1.444797e+03 9.397375e+02) (-1.421165e-04 1.291217e+01 4.345147e+00)) ((-5.699905e+01 8.296179e-02 1.347372e-02) (-4.073610e-01 7.291647e-04 -1.189977e-03))
503.56        	((-3.939729e+00 1.440361e+03 9.375846e+02) (-2.320305e-05 1.289263e+01 4.346846e+00)) ((-5.652693e+01 8.686604e-02 4.884913e-03) (-4.087463e-01 6.208170e-04 -1.371538e-03))
503.57        	((-3.936093e+00 1.435928e+03 9.354018e+02) (-1.699836e-04 1.287246e+01 4.348342e+00)) ((-5.607580e+01 8.948727e-02 3.299254e-03) (-4.103018e-01 7.336453e-04 -1.279997e-03))
503.58        	((-3.916178e+00 1.431513e+03 9.332629e+02) (-5.722884e-05 1.285281e+01 4.349906e+00)) ((-5.561399e+01 8.961163e-02 1.379260e-03) (-4.115923e-01 6.252298e-04 -1.466935e-03))
503.59        	((-3.913879e+00 1.427103e+03 9.310831e+02) (-1.613251e-04 1.283237e+01 4.351317e+00)) ((-5.517505e+01 8.488232e-02 9.652930e-03) (-4.131062e-01 7.416678e-04 -1.290723e-03))
503.6         	((-3.890731e+00 1.422728e+03 9.289760e+02) (-8.404301e-05 1.281285e+01 4.352691e+00)) ((-5.471471e+01 8.867109e-02 8.747238e-03) (-4.142388e-01 6.174718e-04 -1.569449e-03))
503.61        	((-3.895880e+00 1.418363e+03 9.268122e+02) (-1.318913e-04 1.279182e+01 4.354040e+00)) ((-5.427931e+01 8.414405e-02 1.777358e-02) (-4.156820e-01 7.657109e-04 -1.219238e-03))
503.62        	((-3.872157e+00 1.414040e+03 9.247364e+02) (-8.641317e-05 1.277251e+01 4.355188e+00)) ((-5.381768e+01 9.403117e-02 1.107389e-02) (-4.166110e-01 6.167140e-04 -1.665642e-03))
503.63        	((-3.885328e+00 1.409718e+03 9.225772e+02) (-3.750747e-05 1.275076e+01 4.356496e+00)) ((-5.339096e+01 8.555118e-02 1.986647e-02) (-4.180561e-01 7.997600e-04 -1.087612e-03))
503.64        	((-3.867450e+00 1.405438e+03 9.205106e+02) (-2.309652e-05 1.273171e+01 4.357389e+00)) ((-5.293537e+01 9.250987e-02 1.209662e-02) (-4.188233e-01 6.185408e-04 -1.729412e-03))
503.65        	((-3.872767e+00 1.401160e+03 9.183825e+02) (-1.922496e-05 1.271038e+01 4.358403e+00)) ((-5.250866e+01 8.744650e-02 1.735731e-02) (-4.201032e-01 7.473086e-04 -1.430145e-03))
503.66        	((-3.849832e+00 1.396918e+03 9.163433e+02) (4.580738e-05 1.269071e+01 4.359221e+00)) ((-5.205598e+01 9.700479e-02 1.056582e-02) (-4.208846e-01 5.935783e-04 -1.882685e-03))
503.67        	((-3.861104e+00 1.392676e+03 9.142186e+02) (9.646530e-05 1.266873e+01 4.360122e+00)) ((-5.163792e+01 8.579979e-02 2.135617e-02) (-4.221918e-01 7.368495e-04 -1.364083e-03))
503.68        	((-3.846367e+00 1.388473e+03 9.121894e+02) (1.164462e-04 1.264923e+01 4.360725e+00)) ((-5.119043e+01 9.301755e-02 1.751979e-02) (-4.228125e-01 5.748017e-04 -1.949089e-03))
503.69        	((-3.851507e+00 1.384273e+03 9.100908e+02) (1.267887e-04 1.262749e+01 4.361382e+00)) ((-5.077383e+01 8.368917e-02 2.585004e-02) (-4.239824e-01 6.920668e-04 -1.587816e-03))
503.7         	((-3.834022e+00 1.380107e+03 9.080853e+02) (1.828297e-04 1.260754e+01 4.361887e+00)) ((-5.032928e+01 9.355682e-02 2.127728e-02) (-4.246042e-01 5.509365e-04 -2.043278e-03))
503.71        	((-3.839267e+00 1.375944e+03 9.060048e+02) (2.061912e-04 1.258566e+01 4.362402e+00)) ((-4.991599e+01 8.465579e-02 2.984924e-02) (-4.257307e-01 6.678367e-04 -1.644780e-03))
503.72        	((-3.824005e+00 1.371812e+03 9.040105e+02) (2.450845e-04 1.256554e+01 4.362772e+00)) ((-4.947706e+01 9.345990e-02 2.652014e-02) (-4.263369e-01 5.352920e-04 -2.100207e-03))
503.73        	((-3.830668e+00 1.367689e+03 9.019516e+02) (2.718141e-04 1.254378e+01 4.363110e+00)) ((-4.906601e+01 8.549253e-02 3.599612e-02) (-4.273725e-01 6.395279e-04 -1.761862e-03))
503.74        	((-3.821126e+00 1.363594e+03 8.999715e+02) (3.433549e-04 1.252340e+01 4.363365e+00)) ((-4.863209e+01 9.282825e-02 3.513379e-02) (-4.279812e-01 5.102053e-04 -2.147806e-03))
503.75        	((-3.830042e+00 1.359512e+03 8.979349e+02) (3.526023e-04 1.250170e+01 4.363549e+00)) ((-4.822193e+01 8.518939e-02 4.412145e-02) (-4.289360e-01 6.121949e-04 -1.838556e-03))
503.76        	((-3.829635e+00 1.355456e+03 8.959590e+02) (4.600962e-04 1.248101e+01 4.363695e+00)) ((-4.779386e+01 8.648447e-02 4.477338e-02) (-4.295389e-01 4.952538e-04 -2.088637e-03))
503.77        	((-3.856661e+00 1.351424e+03 8.939237e+02) (5.535085e-04 1.245907e+01 4.363815e+00)) ((-4.738676e+01 7.158707e-02 5.292018e-02) (-4.304676e-01 6.074242e-04 -1.704531e-03))
503.78        	((-3.877246e+00 1.347422e+03 8.919517e+02) (7.339804e-04 1.243805e+01 4.363858e+00)) ((-4.696020e+01 6.956533e-02 4.822711e-02) (-4.310975e-01 4.850440e-04 -1.847268e-03))
503.79        	((-3.908564e+00 1.343446e+03 8.899558e+02) (7.753520e-04 1.241638e+01 4.363748e+00)) ((-4.654580e+01 6.292644e-02 4.546919e-02) (-4.319618e-01 5.476178e-04 -1.613064e-03))
503.8         	((-3.925443e+00 1.339473e+03 8.880184e+02) (8.757414e-04 1.239564e+01 4.363632e+00)) ((-4.612085e+01 6.438755e-02 4.121772e-02) (-4.325320e-01 4.323037e-04 -1.855299e-03))
503.81        	((-3.944721e+00 1.335520e+03 8.860511e+02) (8.356207e-04 1.237436e+01 4.363481e+00)) ((-4.571110e+01 5.589567e-02 4.925303e-02) (-4.332985e-01 4.555957e-04 -1.757953e-03))
503.82        	((-3.963841e+00 1.331567e+03 8.841068e+02) (1.001588e-03 1.235340e+01 4.363604e+00)) ((-4.529730e+01 4.516207e-02 6.131069e-02) (-4.338307e-01 3.558177e-04 -1.872886e-03))
503.83        	((-3.987456e+00 1.327646e+03 8.821575e+02) (9.744894e-04 1.233208e+01 4.363413e+00)) ((-4.488843e+01 3.464473e-02 7.475201e-02) (-4.345514e-01 3.918550e-04 -1.853885e-03))
503.84        	((-4.013518e+00 1.323715e+03 8.802441e+02) (1.096329e-03 1.231102e+01 4.363258e+00)) ((-4.447590e+01 3.006411e-02 8.675631e-02) (-4.351015e-01 3.306780e-04 -1.978705e-03))
503.85        	((-4.041918e+00 1.319839e+03 8.783317e+02) (1.094621e-03 1.228928e+01 4.362663e+00)) ((-4.406371e+01 2.898395e-02 9.819197e-02) (-4.357475e-01 3.594086e-04 -2.011488e-03))
503.86        	((-4.072005e+00 1.315941e+03 8.764406e+02) (1.280601e-03 1.226821e+01 4.362508e+00)) ((-4.365249e+01 3.014805e-02 1.096297e-01) (-4.362355e-01 2.971303e-04 -2.173676e-03))
503.87        	((-4.104936e+00 1.312111e+03 8.745594e+02) (1.383973e-03 1.224634e+01 4.361842e+00)) ((-4.323514e+01 3.120556e-02 1.223709e-01) (-4.368624e-01 3.181689e-04 -2.296741e-03))
503.88        	((-4.142858e+00 1.308227e+03 8.726957e+02) (1.630129e-03 1.222514e+01 4.361478e+00)) ((-4.282530e+01 3.219589e-02 1.384568e-01) (-4.373758e-01 2.614270e-04 -2.495341e-03))
503.89        	((-4.187247e+00 1.304443e+03 8.708522e+02) (1.796824e-03 1.220314e+01 4.360659e+00)) ((-4.239977e+01 3.388792e-02 1.578974e-01) (-4.380400e-01 2.665363e-04 -2.659908e-03))
503.9         	((-4.242786e+00 1.300571e+03 8.690094e+02) (2.132424e-03 1.218182e+01 4.360167e+00)) ((-4.199083e+01 3.622443e-02 1.809304e-01) (-4.386157e-01 2.037644e-04 -2.931365e-03))
503.91        	((-4.310040e+00 1.296839e+03 8.672039e+02) (2.458423e-03 1.215948e+01 4.359141e+00)) ((-4.155144e+01 3.926676e-02 2.066301e-01) (-4.394334e-01 2.011312e-04 -3.233069e-03))
503.92        	((-4.400621e+00 1.292927e+03 8.653757e+02) (3.246261e-03 1.213752e+01 4.358042e+00)) ((-4.114462e+01 4.370506e-02 2.380789e-01) (-4.404280e-01 1.213148e-04 -3.882844e-03))
503.93        	((-4.497369e+00 1.289147e+03 8.635141e+02) (3.147470e-03 1.211557e+01 4.357159e+00)) ((-4.070583e+01 4.778833e-02 2.749539e-01) (-4.412914e-01 2.716755e-04 -4.001316e-03))
503.94        	((-4.616286e+00 1.285150e+03 8.616398e+02) (3.511068e-03 1.209385e+01 4.356064e+00)) ((-4.031013e+01 5.288909e-02 3.194466e-01) (-4.421855e-01 3.305721e-04 -4.458918e-03))
503.95        	((-4.731083e+00 1.281238e+03 8.594647e+02) (3.523746e-03 1.207157e+01 4.354842e+00)) ((-3.985852e+01 5.568383e-02 3.702146e-01) (-4.430525e-01 4.564410e-04 -4.693976e-03))
503.96        	((-4.846953e+00 1.277167e+03 8.575263e+02) (3.876918e-03 1.205065e+01 4.354048e+00)) ((-3.946716e+01 5.760068e-02 4.216101e-01) (-4.434013e-01 3.334989e-04 -4.882095e-03))
503.97        	((-4.969621e+00 1.273294e+03 8.552573e+02) (3.971000e-03 1.202899e+01 4.352917e+00)) ((-3.901787e+01 6.514824e-02 4.738952e-01) (-4.437867e-01 3.086947e-04 -4.853159e-03))
503.98        	((-5.124581e+00 1.269016e+03 8.531493e+02) (4.319640e-03 1.200769e+01 4.351831e+00)) ((-3.870373e+01 8.421298e-02 5.278593e-01) (-4.441722e-01 2.152651e-04 -5.052437e-03))
503.99        	((-5.300154e+00 1.265664e+03 8.512998e+02) (4.253113e-03 1.198515e+01 4.350152e+00)) ((-3.814249e+01 1.100939e-01 5.838950e-01) (-4.446600e-01 2.766034e-04 -4.988587e-03))
504           	((-5.486586e+00 1.262187e+03 8.499110e+02) (4.403190e-03 1.196479e+01 4.348615e+00)) ((-3.770162e+01 1.355787e-01 6.405437e-01) (-4.449800e-01 2.597581e-04 -5.136811e-03))
504.01        	((-5.655585e+00 1.260493e+03 8.498851e+02) (4.339843e-03 1.194078e+01 4.346636e+00)) ((-3.682579e+01 1.604682e-01 6.951845e-01) (-4.454237e-01 3.390240e-04 -5.100092e-03))
504.02        	((-5.831933e+00 1.256837e+03 8.483133e+02) (4.462541e-03 1.191895e+01 4.345091e+00)) ((-3.649758e+01 1.839296e-01 7.527797e-01) (-4.453662e-01 2.889588e-04 -5.172302e-03))
504.03        	((-5.998763e+00 1.255031e+03 8.478524e+02) (4.470317e-03 1.189112e+01 4.341925e+00)) ((-3.584405e+01 2.131546e-01 8.096885e-01) (-4.455886e-01 3.169659e-04 -5.097690e-03))
504.04        	((-6.199612e+00 1.249945e+03 8.448129e+02) (4.605893e-03 1.186375e+01 4.337988e+00)) ((-3.580643e+01 2.445499e-01 8.706655e-01) (-4.456011e-01 2.767990e-04 -5.151687e-03))
504.05        	((-6.401069e+00 1.245797e+03 8.418178e+02) (4.571852e-03 1.182834e+01 4.330935e+00)) ((-3.558264e+01 2.828679e-01 9.326646e-01) (-4.454154e-01 3.405556e-04 -5.025615e-03))
504.06        	((-6.640237e+00 1.239891e+03 8.382996e+02) (4.672489e-03 1.179125e+01 4.322045e+00)) ((-3.554813e+01 3.192526e-01 9.941899e-01) (-4.446402e-01 3.416138e-04 -4.976492e-03))
504.07        	((-6.865803e+00 1.235368e+03 8.355327e+02) (4.672254e-03 1.174897e+01 4.311097e+00)) ((-3.528241e+01 3.518909e-01 1.052717e+00) (-4.433871e-01 4.158569e-04 -4.748887e-03))
504.08        	((-7.079748e+00 1.229977e+03 8.328109e+02) (4.662171e-03 1.170503e+01 4.298148e+00)) ((-3.510489e+01 3.940699e-01 1.102407e+00) (-4.406948e-01 4.053227e-04 -4.795852e-03))
504.09        	((-7.257421e+00 1.226182e+03 8.307318e+02) (4.545352e-03 1.165487e+01 4.282092e+00)) ((-3.470862e+01 4.353987e-01 1.156601e+00) (-4.367629e-01 4.608266e-04 -4.678991e-03))
504.1         	((-7.441324e+00 1.221358e+03 8.285646e+02) (4.539222e-03 1.159728e+01 4.261928e+00)) ((-3.446527e+01 4.794189e-01 1.215518e+00) (-4.308283e-01 4.137392e-04 -4.668062e-03))
504.11        	((-7.588147e+00 1.217359e+03 8.262017e+02) (4.100225e-03 1.152947e+01 4.236997e+00)) ((-3.416729e+01 5.244729e-01 1.277279e+00) (-4.238568e-01 4.494610e-04 -4.371283e-03))
504.12        	((-7.743873e+00 1.212748e+03 8.242601e+02) (4.144437e-03 1.144831e+01 4.205708e+00)) ((-3.387506e+01 5.784074e-01 1.334681e+00) (-4.146816e-01 3.420257e-04 -4.477221e-03))
504.13        	((-7.852968e+00 1.208604e+03 8.217968e+02) (3.909730e-03 1.135913e+01 4.171011e+00)) ((-3.355891e+01 6.351096e-01 1.387024e+00) (-4.055826e-01 2.991816e-04 -4.411001e-03))
504.14        	((-7.954144e+00 1.205700e+03 8.213147e+02) (3.748439e-03 1.124699e+01 4.125662e+00)) ((-3.288427e+01 6.962071e-01 1.432409e+00) (-3.935262e-01 2.211878e-04 -4.422315e-03))
504.15        	((-8.006565e+00 1.202710e+03 8.202901e+02) (3.476558e-03 1.113228e+01 4.079158e+00)) ((-3.231652e+01 7.501074e-01 1.475714e+00) (-3.807093e-01 2.118872e-04 -4.055631e-03))
504.16        	((-8.055241e+00 1.199583e+03 8.189719e+02) (3.239993e-03 1.099738e+01 4.023969e+00)) ((-3.190748e+01 8.057774e-01 1.512924e+00) (-3.650871e-01 2.349740e-04 -3.921451e-03))
504.17        	((-8.076497e+00 1.195438e+03 8.162444e+02) (2.745951e-03 1.084955e+01 3.963500e+00)) ((-3.183053e+01 8.598650e-01 1.540642e+00) (-3.502861e-01 3.211197e-04 -3.562532e-03))
504.18        	((-8.111676e+00 1.192325e+03 8.152134e+02) (2.595299e-03 1.067183e+01 3.889121e+00)) ((-3.136961e+01 9.112575e-01 1.558348e+00) (-3.333800e-01 3.028242e-04 -3.501834e-03))
504.19        	((-8.115829e+00 1.189348e+03 8.141581e+02) (2.183777e-03 1.049820e+01 3.816273e+00)) ((-3.083952e+01 9.522614e-01 1.568262e+00) (-3.173474e-01 3.712012e-04 -3.173482e-03))
504.2         	((-8.110859e+00 1.186430e+03 8.130434e+02) (2.070570e-03 1.030895e+01 3.736685e+00)) ((-3.034879e+01 9.875537e-01 1.572773e+00) (-2.996920e-01 3.155138e-04 -3.131333e-03))
504.21        	((-8.075576e+00 1.183486e+03 8.113598e+02) (1.685912e-03 1.011916e+01 3.656626e+00)) ((-3.002466e+01 1.012023e+00 1.571123e+00) (-2.831734e-01 3.696023e-04 -2.836468e-03))
504.22        	((-8.040488e+00 1.181173e+03 8.107129e+02) (1.461888e-03 9.908319e+00 3.567453e+00)) ((-2.949350e+01 1.032597e+00 1.562997e+00) (-2.656478e-01 3.408169e-04 -2.798239e-03))
504.23        	((-7.969824e+00 1.178167e+03 8.093379e+02) (1.090740e-03 9.711382e+00 3.483645e+00)) ((-2.914635e+01 1.044519e+00 1.547706e+00) (-2.494095e-01 3.972725e-04 -2.622572e-03))
504.24        	((-7.886917e+00 1.175043e+03 8.078667e+02) (7.589749e-04 9.509375e+00 3.397684e+00)) ((-2.884894e+01 1.050564e+00 1.526271e+00) (-2.329532e-01 4.463301e-04 -2.636262e-03))
504.25        	((-7.775411e+00 1.172190e+03 8.062455e+02) (3.558005e-04 9.317254e+00 3.315554e+00)) ((-2.857409e+01 1.047195e+00 1.497970e+00) (-2.181836e-01 5.529716e-04 -2.507126e-03))
504.26        	((-7.656588e+00 1.170340e+03 8.059391e+02) (-4.658506e-05 9.115459e+00 3.229765e+00)) ((-2.792838e+01 1.035715e+00 1.461627e+00) (-2.035121e-01 6.251159e-04 -2.456695e-03))
504.27        	((-7.503842e+00 1.167761e+03 8.048788e+02) (-4.731440e-04 8.933723e+00 3.152277e+00)) ((-2.746710e+01 1.015656e+00 1.417299e+00) (-1.901716e-01 7.227649e-04 -2.355465e-03))
504.28        	((-7.333454e+00 1.164962e+03 8.035670e+02) (-9.243172e-04 8.755210e+00 3.076621e+00)) ((-2.711923e+01 9.876732e-01 1.365504e+00) (-1.776386e-01 7.895025e-04 -2.291897e-03))
504.29        	((-7.138800e+00 1.162511e+03 8.021187e+02) (-1.363614e-03 8.590368e+00 3.006620e+00)) ((-2.684929e+01 9.519631e-01 1.306904e+00) (-1.668405e-01 8.794172e-04 -2.156325e-03))
504.3         	((-6.940518e+00 1.160816e+03 8.017296e+02) (-1.865660e-03 8.422910e+00 2.936380e+00)) ((-2.630185e+01 9.115092e-01 1.242383e+00) (-1.569913e-01 9.493760e-04 -2.008790e-03))
504.31        	((-6.711478e+00 1.158394e+03 8.006863e+02) (-2.370666e-03 8.276168e+00 2.875268e+00)) ((-2.592235e+01 8.642542e-01 1.170644e+00) (-1.487245e-01 1.036620e-03 -1.800106e-03))
504.32        	((-6.472801e+00 1.155769e+03 7.994991e+02) (-2.783727e-03 8.137421e+00 2.818606e+00)) ((-2.559521e+01 8.124840e-01 1.093667e+00) (-1.420089e-01 1.069914e-03 -1.658132e-03))
504.33        	((-6.219352e+00 1.153489e+03 7.982116e+02) (-3.139779e-03 8.011673e+00 2.767838e+00)) ((-2.530527e+01 7.569510e-01 1.012228e+00) (-1.371694e-01 1.109925e-03 -1.477399e-03))
504.34        	((-5.959910e+00 1.151560e+03 7.975645e+02) (-3.434339e-03 7.892235e+00 2.720696e+00)) ((-2.482310e+01 6.966627e-01 9.242414e-01) (-1.338165e-01 1.108101e-03 -1.288282e-03))
504.35        	((-5.673676e+00 1.149032e+03 7.963687e+02) (-3.783643e-03 7.785734e+00 2.680234e+00)) ((-2.449493e+01 6.307207e-01 8.290654e-01) (-1.321110e-01 1.112220e-03 -1.053191e-03))
504.36        	((-5.379096e+00 1.146533e+03 7.952246e+02) (-4.059578e-03 7.691231e+00 2.645616e+00)) ((-2.418221e+01 5.607290e-01 7.281407e-01) (-1.318616e-01 1.079585e-03 -8.518616e-04))
504.37        	((-5.070617e+00 1.144474e+03 7.940597e+02) (-4.331828e-03 7.603129e+00 2.614363e+00)) ((-2.389913e+01 4.854197e-01 6.224291e-01) (-1.331610e-01 1.046081e-03 -6.160859e-04))
504.38        	((-4.764197e+00 1.142283e+03 7.931012e+02) (-4.530451e-03 7.520071e+00 2.585910e+00)) ((-2.352995e+01 4.052311e-01 5.131839e-01) (-1.354323e-01 9.815565e-04 -4.210880e-04))
504.39        	((-4.445837e+00 1.139608e+03 7.917190e+02) (-4.748771e-03 7.448120e+00 2.563245e+00)) ((-2.326561e+01 3.206946e-01 4.013814e-01) (-1.388357e-01 9.273725e-04 -1.926078e-04))
504.4         	((-4.119249e+00 1.137084e+03 7.905024e+02) (-4.967896e-03 7.385867e+00 2.545238e+00)) ((-2.296576e+01 2.324189e-01 2.850134e-01) (-1.432363e-01 8.429352e-04 9.308071e-05))
504.41        	((-3.775505e+00 1.134558e+03 7.888028e+02) (-5.213787e-03 7.326865e+00 2.529020e+00)) ((-2.278811e+01 1.429414e-01 1.638657e-01) (-1.486392e-01 7.536007e-04 4.176279e-04))
504.42        	((-3.465019e+00 1.132031e+03 7.874351e+02) (-5.335723e-03 7.271822e+00 2.514145e+00)) ((-2.250284e+01 5.332570e-02 4.044306e-02) (-1.540979e-01 6.578124e-04 5.289917e-04))
504.43        	((-3.170144e+00 1.129634e+03 7.861790e+02) (-5.207796e-03 7.228631e+00 2.504070e+00)) ((-2.217158e+01 -4.372109e-02 -8.274366e-02) (-1.590007e-01 5.133837e-04 5.197127e-04))
504.44        	((-2.880863e+00 1.127385e+03 7.849895e+02) (-5.133070e-03 7.189560e+00 2.496986e+00)) ((-2.183505e+01 -1.573363e-01 -2.089725e-01) (-1.651274e-01 4.049927e-04 6.579205e-04))
504.45        	((-2.568026e+00 1.124988e+03 7.831645e+02) (-4.982128e-03 7.154855e+00 2.491347e+00)) ((-2.167977e+01 -2.754725e-01 -3.358700e-01) (-1.706907e-01 2.670325e-04 7.295568e-04))
504.46        	((-2.259762e+00 1.122247e+03 7.814203e+02) (-4.954545e-03 7.117723e+00 2.484965e+00)) ((-2.148630e+01 -3.907237e-01 -4.616383e-01) (-1.768276e-01 2.375848e-04 7.442063e-04))
504.47        	((-1.951597e+00 1.119588e+03 7.797676e+02) (-4.943180e-03 7.088898e+00 2.481652e+00)) ((-2.124643e+01 -5.068813e-01 -5.853883e-01) (-1.822166e-01 2.178090e-04 7.347957e-04))
504.48        	((-1.649553e+00 1.117273e+03 7.784235e+02) (-5.015477e-03 7.065334e+00 2.481271e+00)) ((-2.091761e+01 -6.255833e-01 -7.064018e-01) (-1.885001e-01 2.170471e-04 7.408262e-04))
504.49        	((-1.332508e+00 1.114921e+03 7.765353e+02) (-5.124926e-03 7.043292e+00 2.481160e+00)) ((-2.072897e+01 -7.478190e-01 -8.267808e-01) (-1.940708e-01 2.085386e-04 7.833753e-04))
504.5         	((-1.031602e+00 1.112176e+03 7.746687e+02) (-5.301801e-03 7.019633e+00 2.480443e+00)) ((-2.052380e+01 -8.655089e-01 -9.452294e-01) (-1.999629e-01 2.179142e-04 8.202196e-04))
504.51        	((-7.405369e-01 1.109538e+03 7.728918e+02) (-5.497547e-03 7.001830e+00 2.481936e+00)) ((-2.028854e+01 -9.760041e-01 -1.060602e+00) (-2.050396e-01 2.182458e-04 8.598948e-04))
504.52        	((-4.551776e-01 1.107203e+03 7.713960e+02) (-5.751783e-03 6.988758e+00 2.485620e+00)) ((-1.998364e+01 -1.077649e+00 -1.173007e+00) (-2.100967e-01 2.318596e-04 8.946353e-04))
504.53        	((-1.527513e-01 1.104791e+03 7.693126e+02) (-5.935632e-03 6.975084e+00 2.489360e+00)) ((-1.982678e+01 -1.176530e+00 -1.283624e+00) (-2.152601e-01 2.170398e-04 9.014626e-04))
504.54        	((1.557462e-01 1.102012e+03 7.673140e+02) (-6.179100e-03 6.960442e+00 2.492402e+00)) ((-1.961467e+01 -1.278943e+00 -1.394194e+00) (-2.202787e-01 2.224212e-04 1.008383e-03))
504.55        	((4.513933e-01 1.099417e+03 7.654522e+02) (-6.344798e-03 6.949344e+00 2.496798e+00)) ((-1.934980e+01 -1.387763e+00 -1.501630e+00) (-2.245585e-01 2.148702e-04 1.157742e-03))
504.56        	((7.482389e-01 1.097121e+03 7.638913e+02) (-6.617651e-03 6.942166e+00 2.502826e+00)) ((-1.901793e+01 -1.475608e+00 -1.607303e+00) (-2.286942e-01 2.382112e-04 1.197368e-03))
504.57        	((1.035617e+00 1.094753e+03 7.616761e+02) (-6.682828e-03 6.932695e+00 2.508455e+00)) ((-1.885666e+01 -1.576071e+00 -1.710390e+00) (-2.329159e-01 2.347207e-04 1.356617e-03))
504.58        	((1.336423e+00 1.092009e+03 7.595802e+02) (-7.099975e-03 6.921787e+00 2.512632e+00)) ((-1.865063e+01 -1.658453e+00 -1.816004e+00) (-2.366091e-01 2.620224e-04 1.485879e-03))
504.59        	((1.597197e+00 1.089469e+03 7.575880e+02) (-7.228059e-03 6.912885e+00 2.517741e+00)) ((-1.840113e+01 -1.764690e+00 -1.916263e+00) (-2.395701e-01 2.854550e-04 1.790426e-03))
504.6         	((1.877137e+00 1.087206e+03 7.559253e+02) (-7.539756e-03 6.907095e+00 2.523827e+00)) ((-1.807823e+01 -1.842976e+00 -2.016282e+00) (-2.422295e-01 2.432321e-04 1.888019e-03))
504.61        	((2.130032e+00 1.084898e+03 7.535944e+02) (-7.629473e-03 6.898245e+00 2.529126e+00)) ((-1.791745e+01 -1.944743e+00 -2.110672e+00) (-2.448052e-01 2.428798e-04 2.221120e-03))
504.62        	((2.400204e+00 1.082223e+03 7.514082e+02) (-7.905871e-03 6.887783e+00 2.532291e+00)) ((-1.770492e+01 -2.007409e+00 -2.206841e+00) (-2.466846e-01 1.514259e-04 2.231467e-03))
504.63        	((2.628739e+00 1.079773e+03 7.492707e+02) (-7.752729e-03 6.877113e+00 2.536393e+00)) ((-1.746301e+01 -2.100345e+00 -2.300664e+00) (-2.485675e-01 2.322314e-05 2.335118e-03))
504.64        	((2.921667e+00 1.077601e+03 7.475308e+02) (-8.085795e-03 6.869898e+00 2.540825e+00)) ((-1.713367e+01 -2.178980e+00 -2.403648e+00) (-2.499260e-01 -3.809017e-05 2.502175e-03))
504.65        	((3.167185e+00 1.075370e+03 7.451196e+02) (-8.011957e-03 6.858744e+00 2.544279e+00)) ((-1.697157e+01 -2.285077e+00 -2.496553e+00) (-2.512793e-01 -1.110858e-04 2.743669e-03))
504.66        	((3.426022e+00 1.072754e+03 7.428785e+02) (-8.282762e-03 6.845613e+00 2.545301e+00)) ((-1.676572e+01 -2.345583e+00 -2.588723e+00) (-2.519699e-01 -2.039902e-04 2.718113e-03))
504.67        	((3.626067e+00 1.070346e+03 7.406965e+02) (-8.240096e-03 6.832269e+00 2.547052e+00)) ((-1.653304e+01 -2.434780e+00 -2.672842e+00) (-2.524752e-01 -2.146889e-04 2.950468e-03))
504.68        	((3.878165e+00 1.068192e+03 7.388847e+02) (-8.431635e-03 6.821220e+00 2.549069e+00)) ((-1.622585e+01 -2.490590e+00 -2.762491e+00) (-2.526103e-01 -3.087271e-04 2.858196e-03))
504.69        	((4.109630e+00 1.065982e+03 7.363707e+02) (-8.469204e-03 6.805301e+00 2.550074e+00)) ((-1.609086e+01 -2.593232e+00 -2.849324e+00) (-2.529415e-01 -2.657770e-04 3.266680e-03))
504.7         	((4.371318e+00 1.063419e+03 7.341096e+02) (-8.603430e-03 6.788411e+00 2.548496e+00)) ((-1.588147e+01 -2.652836e+00 -2.940290e+00) (-2.522942e-01 -4.477399e-04 3.044315e-03))
504.71        	((4.586509e+00 1.061069e+03 7.319398e+02) (-8.609557e-03 6.770397e+00 2.547646e+00)) ((-1.563795e+01 -2.755029e+00 -3.026600e+00) (-2.517681e-01 -4.853206e-04 3.315007e-03))
504.72        	((4.850823e+00 1.058952e+03 7.301546e+02) (-8.970460e-03 6.754591e+00 2.546858e+00)) ((-1.532292e+01 -2.817724e+00 -3.117464e+00) (-2.510673e-01 -6.068810e-04 3.213039e-03))
504.73        	((5.096133e+00 1.056746e+03 7.276548e+02) (-9.159783e-03 6.734502e+00 2.544993e+00)) ((-1.519270e+01 -2.920578e+00 -3.204754e+00) (-2.505518e-01 -6.213785e-04 3.475996e-03))
504.74        	((5.412912e+00 1.054194e+03 7.253285e+02) (-9.819103e-03 6.711968e+00 2.540652e+00)) ((-1.501237e+01 -2.981375e+00 -3.299750e+00) (-2.496779e-01 -6.310593e-04 3.267584e-03))
504.75        	((5.675751e+00 1.051842e+03 7.231405e+02) (-1.010494e-02 6.689511e+00 2.536934e+00)) ((-1.478423e+01 -3.097001e+00 -3.394228e+00) (-2.487562e-01 -6.061721e-04 3.670027e-03))
504.76        	((6.004342e+00 1.049745e+03 7.213540e+02) (-1.081538e-02 6.669065e+00 2.533553e+00)) ((-1.447432e+01 -3.168773e+00 -3.498743e+00) (-2.477368e-01 -6.672588e-04 3.551920e-03))
504.77        	((6.272859e+00 1.047534e+03 7.189516e+02) (-1.094920e-02 6.645400e+00 2.529225e+00)) ((-1.433855e+01 -3.297712e+00 -3.600537e+00) (-2.468555e-01 -7.484726e-04 4.065197e-03))
504.78        	((6.613621e+00 1.044976e+03 7.166657e+02) (-1.168003e-02 6.618948e+00 2.522817e+00)) ((-1.416993e+01 -3.353741e+00 -3.709778e+00) (-2.457963e-01 -8.463195e-04 3.881735e-03))
504.79        	((6.843152e+00 1.042599e+03 7.145868e+02) (-1.166900e-02 6.593450e+00 2.516971e+00)) ((-1.394875e+01 -3.475036e+00 -3.806086e+00) (-2.446706e-01 -8.090342e-04 4.356402e-03))
504.8         	((7.171818e+00 1.040485e+03 7.128092e+02) (-1.230081e-02 6.569716e+00 2.512148e+00)) ((-1.366681e+01 -3.509241e+00 -3.912590e+00) (-2.436157e-01 -9.133834e-04 3.990577e-03))
504.81        	((7.402159e+00 1.038405e+03 7.109279e+02) (-1.223798e-02 6.545447e+00 2.506450e+00)) ((-1.342820e+01 -3.632747e+00 -4.002733e+00) (-2.425933e-01 -8.031545e-04 4.512807e-03))
504.82        	((7.734039e+00 1.036067e+03 7.088740e+02) (-1.260485e-02 6.518997e+00 2.499694e+00)) ((-1.324830e+01 -3.683459e+00 -4.106657e+00) (-2.415286e-01 -9.181274e-04 4.261162e-03))
504.83        	((7.983211e+00 1.033671e+03 7.067171e+02) (-1.240486e-02 6.491108e+00 2.492160e+00)) ((-1.309851e+01 -3.813179e+00 -4.207624e+00) (-2.406731e-01 -8.952606e-04 4.679532e-03))
504.84        	((8.343845e+00 1.031209e+03 7.046597e+02) (-1.284194e-02 6.462451e+00 2.484280e+00)) ((-1.292459e+01 -3.864143e+00 -4.326354e+00) (-2.399091e-01 -1.009565e-03 4.346255e-03))
504.85        	((8.594528e+00 1.028842e+03 7.026935e+02) (-1.257875e-02 6.433924e+00 2.476146e+00)) ((-1.272696e+01 -3.996780e+00 -4.430236e+00) (-2.391611e-01 -1.002556e-03 4.758465e-03))
504.86        	((8.926048e+00 1.026410e+03 7.007883e+02) (-1.287023e-02 6.405267e+00 2.468079e+00)) ((-1.251659e+01 -4.043783e+00 -4.542094e+00) (-2.383256e-01 -1.117562e-03 4.428068e-03))
504.87        	((9.149970e+00 1.024016e+03 6.988266e+02) (-1.256606e-02 6.376625e+00 2.459954e+00)) ((-1.232651e+01 -4.164147e+00 -4.638153e+00) (-2.374415e-01 -1.113851e-03 4.767849e-03))
504.88        	((9.477709e+00 1.021571e+03 6.968640e+02) (-1.290315e-02 6.347866e+00 2.451849e+00)) ((-1.214983e+01 -4.204668e+00 -4.744179e+00) (-2.363710e-01 -1.231331e-03 4.310851e-03))
504.89        	((9.699703e+00 1.019211e+03 6.949078e+02) (-1.247308e-02 6.319459e+00 2.443569e+00)) ((-1.199013e+01 -4.338584e+00 -4.835812e+00) (-2.350057e-01 -1.289140e-03 4.697784e-03))
504.9         	((1.002041e+01 1.016805e+03 6.929920e+02) (-1.264556e-02 6.290612e+00 2.435137e+00)) ((-1.183659e+01 -4.386085e+00 -4.945060e+00) (-2.333238e-01 -1.443189e-03 4.316770e-03))
504.91        	((1.023902e+01 1.014446e+03 6.910639e+02) (-1.222350e-02 6.261217e+00 2.426315e+00)) ((-1.168956e+01 -4.507238e+00 -5.041541e+00) (-2.313713e-01 -1.486139e-03 4.596820e-03))
504.92        	((1.057124e+01 1.012001e+03 6.891902e+02) (-1.263785e-02 6.231236e+00 2.417009e+00)) ((-1.152818e+01 -4.547408e+00 -5.149357e+00) (-2.289575e-01 -1.601474e-03 4.174916e-03))
504.93        	((1.078800e+01 1.009579e+03 6.872995e+02) (-1.214099e-02 6.200707e+00 2.407021e+00)) ((-1.137361e+01 -4.682210e+00 -5.240495e+00) (-2.260350e-01 -1.705978e-03 4.589237e-03))
504.94        	((1.111345e+01 1.007117e+03 6.854421e+02) (-1.247216e-02 6.168753e+00 2.396181e+00)) ((-1.122525e+01 -4.725831e+00 -5.349288e+00) (-2.226463e-01 -1.878452e-03 4.240565e-03))
504.95        	((1.130357e+01 1.004761e+03 6.835736e+02) (-1.189056e-02 6.135289e+00 2.384364e+00)) ((-1.109465e+01 -4.847048e+00 -5.438812e+00) (-2.188137e-01 -1.978557e-03 4.568386e-03))
504.96        	((1.162076e+01 1.002407e+03 6.818129e+02) (-1.245173e-02 6.100251e+00 2.371513e+00)) ((-1.095411e+01 -4.876128e+00 -5.539453e+00) (-2.144765e-01 -2.096461e-03 4.076902e-03))
504.97        	((1.180768e+01 1.000109e+03 6.800803e+02) (-1.165345e-02 6.063720e+00 2.357399e+00)) ((-1.081900e+01 -5.012383e+00 -5.619210e+00) (-2.096945e-01 -2.322680e-03 4.576597e-03))
504.98        	((1.213306e+01 9.977365e+02 6.784101e+02) (-1.204072e-02 6.025646e+00 2.342403e+00)) ((-1.068079e+01 -5.053405e+00 -5.725216e+00) (-2.044461e-01 -2.415981e-03 4.063724e-03))
504.99        	((1.233493e+01 9.953842e+02 6.766978e+02) (-1.128088e-02 5.985163e+00 2.325893e+00)) ((-1.055890e+01 -5.180581e+00 -5.810666e+00) (-1.990842e-01 -2.745312e-03 4.525592e-03))
505           	((1.267407e+01 9.930041e+02 6.750785e+02) (-1.186144e-02 5.943465e+00 2.308681e+00)) ((-1.042231e+01 -5.210893e+00 -5.913221e+00) (-1.933427e-01 -2.867138e-03 3.897246e-03))
