# Forces      
# CofR        : (0.000000e+00 0.000000e+00 0.000000e+00)
# Time        forces(pressure viscous)	moments(pressure viscous)
500           	((4.089294e+00 8.137378e+03 -4.789366e+03) (6.149803e-05 4.076550e+00 -1.472730e-01)) ((-1.655583e+03 3.577586e-02 5.351167e-01) (-2.317318e-01 -2.674250e-05 -1.562632e-04))
500.01        	((3.808248e+00 5.643737e+03 -3.191061e+03) (-1.239257e-03 2.707456e+00 3.571044e-01)) ((-8.342078e+02 3.937859e-01 -3.595842e-01) (6.073654e-02 -4.341547e-04 5.319781e-04))
500.02        	((5.829867e-02 3.068756e+02 2.126409e+02) (-9.731567e-05 1.585525e+00 7.644832e-01)) ((5.237628e+02 3.705752e-01 -1.094566e+00) (3.012984e-01 -3.836594e-04 4.168257e-04))
500.03        	((-1.191576e+00 -1.969380e+03 1.349677e+03) (-8.353821e-04 1.748596e+00 8.384986e-01)) ((9.334343e+02 -4.820700e-01 -5.903784e-01) (2.639177e-01 -6.741477e-05 5.377828e-04))
500.04        	((3.902488e+00 -1.257927e+03 5.910025e+02) (6.564409e-04 3.356743e+00 3.741765e-01)) ((3.972327e+02 -1.393877e+00 3.806898e-01) (-1.264265e-01 2.782671e-04 1.381248e-03))
500.05        	((6.738057e+00 5.648480e+02 -7.476142e+02) (6.755249e-03 5.328710e+00 -2.156595e-01)) ((-2.691910e+02 -1.521626e+00 9.130109e-01) (-5.727904e-01 1.678716e-03 -1.692530e-03))
500.06        	((5.769314e+00 1.674477e+03 -1.324278e+03) (4.575164e-03 5.577993e+00 -3.006878e-01)) ((-4.825565e+02 -2.806219e-01 3.275181e-01) (-5.436261e-01 1.171314e-03 -1.679363e-03))
500.07        	((1.500944e+00 1.789155e+03 -1.126857e+03) (6.081970e-03 4.756225e+00 -5.610789e-02)) ((-2.322881e+02 9.789779e-01 -6.928971e-01) (-2.226028e-01 2.883073e-03 -1.373908e-03))
500.08        	((-1.021335e+00 1.226374e+03 -5.996787e+02) (-1.716157e-03 3.956379e+00 1.955457e-01)) ((1.148169e+02 1.026926e+00 -1.140554e+00) (1.048077e-01 1.198547e-03 -2.279170e-04))
500.09        	((1.074584e+00 5.818474e+02 -2.649690e+02) (1.106987e-03 3.663213e+00 2.511944e-01)) ((2.427286e+02 4.014842e-01 -9.649166e-01) (2.775670e-01 1.822502e-03 -5.850978e-03))
500.1         	((3.776225e+00 2.629222e+02 -2.729052e+02) (2.629235e-05 4.085584e+00 1.765101e-02)) ((1.311442e+02 -5.562814e-01 -4.600934e-01) (1.681556e-01 2.268200e-04 -3.218876e-03))
500.11        	((4.025134e+00 4.375576e+02 -5.594897e+02) (-4.604819e-03 4.727971e+00 -2.979011e-01)) ((-5.793382e+01 -9.570313e-01 -9.234003e-02) (-3.618440e-02 -3.197805e-04 -1.905271e-04))
500.12        	((2.315569e+00 8.305791e+02 -8.406490e+02) (4.829187e-03 5.100440e+00 -5.061543e-01)) ((-1.479301e+02 -3.595395e-01 -1.888806e-01) (-1.467269e-01 1.875407e-03 -2.380635e-04))
500.13        	((5.380456e-01 1.129511e+03 -9.364043e+02) (5.115438e-03 5.214120e+00 -6.285803e-01)) ((-1.056519e+02 5.957575e-01 -6.812307e-01) (-1.508095e-01 1.825836e-03 -2.725484e-04))
500.14        	((-9.939984e-02 1.166211e+03 -8.584339e+02) (3.691817e-03 5.230348e+00 -7.289781e-01)) ((-1.251081e+01 1.084918e+00 -1.077343e+00) (-1.000216e-01 1.275196e-03 -2.718540e-04))
500.15        	((2.089975e-02 1.047340e+03 -7.599769e+02) (1.021102e-03 5.271959e+00 -8.584378e-01)) ((3.196579e+01 1.038899e+00 -1.177340e+00) (-6.641908e-02 3.651711e-04 2.025434e-04))
500.16        	((3.113848e-01 9.601624e+02 -7.593663e+02) (-3.408761e-04 5.351162e+00 -1.015535e+00)) ((-3.235954e+00 5.852048e-01 -1.018989e+00) (-7.610420e-02 -1.894918e-04 8.651828e-05))
500.17        	((-1.539433e-01 1.009108e+03 -8.684584e+02) (-1.408048e-03 5.462393e+00 -1.179222e+00)) ((-7.652250e+01 3.003336e-01 -8.962819e-01) (-1.272233e-01 -4.015155e-04 4.668072e-04))
500.18        	((-1.172436e+00 1.148127e+03 -1.005865e+03) (-8.134096e-04 5.581666e+00 -1.329774e+00)) ((-1.324036e+02 3.539656e-01 -8.937590e-01) (-1.769246e-01 -7.814355e-05 4.479626e-04))
500.19        	((-2.284377e+00 1.244271e+03 -1.067466e+03) (-1.237422e-04 5.707273e+00 -1.472639e+00)) ((-1.447695e+02 6.823471e-01 -1.019090e+00) (-2.107454e-01 6.073677e-04 -1.267146e-04))
500.2         	((-3.260084e+00 1.232391e+03 -1.031531e+03) (-4.198979e-04 5.840841e+00 -1.618996e+00)) ((-1.372710e+02 1.023902e+00 -1.140110e+00) (-2.224772e-01 9.747890e-04 -1.308086e-04))
500.21        	((-3.496201e+00 1.125434e+03 -9.314071e+02) (-1.219336e-03 5.993158e+00 -1.775108e+00)) ((-1.467717e+02 1.163870e+00 -1.135684e+00) (-2.206938e-01 1.220867e-03 -1.242785e-04))
500.22        	((-3.699529e+00 9.474415e+02 -7.832428e+02) (-2.270342e-03 6.161691e+00 -1.938568e+00)) ((-1.822303e+02 1.126561e+00 -1.046187e+00) (-2.095804e-01 1.111029e-03 6.630455e-05))
500.23        	((-3.898218e+00 7.546911e+02 -6.184503e+02) (-3.475394e-03 6.351385e+00 -2.099048e+00)) ((-2.279547e+02 1.001403e+00 -8.932294e-01) (-1.919880e-01 9.416250e-04 1.500970e-04))
500.24        	((-4.140558e+00 5.900991e+02 -4.533524e+02) (-5.710580e-03 6.573652e+00 -2.244838e+00)) ((-2.577250e+02 9.243393e-01 -7.322676e-01) (-1.687369e-01 9.685234e-04 -1.549775e-04))
500.25        	((-3.980665e+00 4.602692e+02 -2.834776e+02) (-7.960401e-03 6.858585e+00 -2.355832e+00)) ((-2.523076e+02 9.805338e-01 -6.352880e-01) (-1.628823e-01 1.096322e-03 -2.340643e-04))
500.26        	((-3.980372e+00 3.452916e+02 -1.012375e+02) (-1.107775e-02 7.185216e+00 -2.384981e+00)) ((-2.111131e+02 1.108994e+00 -6.418272e-01) (-2.145377e-01 1.319508e-03 -4.668802e-04))
500.27        	((-4.045218e+00 2.366272e+02 9.189153e+01) (-1.478331e-02 7.532151e+00 -2.291141e+00)) ((-1.517678e+02 1.280225e+00 -7.458438e-01) (-3.521535e-01 1.728939e-03 -7.618388e-04))
500.28        	((-4.100369e+00 1.479229e+02 2.713083e+02) (-1.891208e-02 7.875044e+00 -2.049966e+00)) ((-9.656469e+01 1.277375e+00 -7.319012e-01) (-5.646770e-01 2.107049e-03 -1.171280e-03))
500.29        	((-3.777475e+00 9.850340e+01 4.093150e+02) (-2.460041e-02 8.166615e+00 -1.677444e+00)) ((-6.039250e+01 1.224023e+00 -7.272065e-01) (-8.305802e-01 3.258221e-03 -1.995083e-03))
500.3         	((-3.357280e+00 9.218054e+01 4.952569e+02) (-2.774273e-02 8.378362e+00 -1.191354e+00)) ((-4.588806e+01 1.056394e+00 -5.561822e-01) (-1.131988e+00 4.199535e-03 -2.592092e-03))
500.31        	((-2.583366e+00 1.063953e+02 5.446452e+02) (-3.100031e-02 8.596163e+00 -5.862695e-01)) ((-4.351490e+01 9.633507e-01 -4.765594e-01) (-1.417543e+00 4.032808e-03 -2.668041e-03))
500.32        	((-1.690519e+00 1.172641e+02 5.819142e+02) (-3.102824e-02 8.798692e+00 1.038968e-01)) ((-4.420734e+01 8.039844e-01 -2.818698e-01) (-1.696820e+00 5.145043e-03 -1.786030e-03))
500.33        	((-4.808288e-01 1.070743e+02 6.266152e+02) (-3.041028e-02 8.952477e+00 8.444150e-01)) ((-4.240606e+01 6.968109e-01 4.073514e-03) (-1.945516e+00 5.821439e-03 -1.374666e-03))
500.34        	((9.250692e-01 8.377585e+01 6.786663e+02) (-2.908855e-02 9.047819e+00 1.616371e+00)) ((-3.769482e+01 6.481161e-01 2.346481e-01) (-2.158449e+00 5.965981e-03 -5.563677e-04))
500.35        	((2.586403e+00 5.450255e+01 7.323153e+02) (-2.761710e-02 9.079743e+00 2.398423e+00)) ((-3.006488e+01 5.168060e-01 4.005299e-01) (-2.321744e+00 5.695621e-03 9.254748e-05))
500.36        	((4.287001e+00 2.596821e+01 7.778212e+02) (-2.379365e-02 9.022895e+00 3.171740e+00)) ((-1.839428e+01 3.391939e-01 4.003235e-01) (-2.426656e+00 5.023805e-03 9.289392e-04))
500.37        	((5.766081e+00 -8.050684e+00 8.127990e+02) (-1.930404e-02 8.901851e+00 3.917135e+00)) ((-1.535481e+00 9.238141e-02 4.009661e-01) (-2.480071e+00 4.121569e-03 1.861445e-03))
500.38        	((7.443578e+00 -4.378444e+01 8.351885e+02) (-1.244243e-02 8.696469e+00 4.610419e+00)) ((1.839757e+01 -8.741681e-02 4.948400e-01) (-2.489900e+00 2.659287e-03 2.922785e-03))
500.39        	((8.848327e+00 -8.424275e+01 8.483836e+02) (-7.071327e-03 8.446745e+00 5.225967e+00)) ((3.765007e+01 -2.695155e-01 5.607465e-01) (-2.468965e+00 1.629468e-03 3.208637e-03))
500.4         	((1.016049e+01 -1.162202e+02 8.449893e+02) (-2.652486e-03 8.182265e+00 5.739803e+00)) ((5.257326e+01 -4.525984e-01 4.198453e-01) (-2.429702e+00 7.973348e-04 3.260063e-03))
500.41        	((1.043985e+01 -1.409855e+02 8.276698e+02) (4.015384e-04 7.927092e+00 6.170209e+00)) ((6.345029e+01 -6.301430e-01 1.130081e-01) (-2.374298e+00 2.782713e-04 1.533368e-03))
500.42        	((1.090764e+01 -1.500717e+02 7.955277e+02) (4.045610e-03 7.690382e+00 6.512406e+00)) ((7.062960e+01 -7.930707e-01 -2.651176e-01) (-2.304814e+00 -6.070656e-04 3.687409e-04))
500.43        	((1.031413e+01 -1.525184e+02 7.571740e+02) (7.202767e-03 7.478474e+00 6.776980e+00)) ((7.606139e+01 -8.042153e-01 -5.281109e-01) (-2.227964e+00 -1.303518e-03 -1.219856e-03))
500.44        	((1.030284e+01 -1.411193e+02 7.098173e+02) (1.045945e-02 7.282460e+00 6.975853e+00)) ((7.864682e+01 -7.852598e-01 -6.535813e-01) (-2.149883e+00 -1.880371e-03 -2.753091e-03))
500.45        	((9.195684e+00 -1.233064e+02 6.585624e+02) (1.385787e-02 7.108117e+00 7.115298e+00)) ((7.943491e+01 -7.633101e-01 -6.522777e-01) (-2.075798e+00 -2.281343e-03 -4.414462e-03))
500.46        	((8.464320e+00 -9.957106e+01 6.050625e+02) (1.702364e-02 6.944677e+00 7.196997e+00)) ((7.758212e+01 -7.770172e-01 -6.859613e-01) (-2.011510e+00 -2.426451e-03 -5.934955e-03))
500.47        	((6.504041e+00 -7.747256e+01 5.523367e+02) (1.982253e-02 6.788768e+00 7.221373e+00)) ((7.423205e+01 -7.589774e-01 -7.115496e-01) (-1.953671e+00 -2.503131e-03 -7.333261e-03))
500.48        	((4.241235e+00 -5.824513e+01 5.001680e+02) (2.069728e-02 6.632433e+00 7.185333e+00)) ((6.921893e+01 -6.117536e-01 -8.857758e-01) (-1.902707e+00 -2.277209e-03 -8.769208e-03))
500.49        	((9.427158e-01 -4.449122e+01 4.504412e+02) (2.001270e-02 6.471622e+00 7.098038e+00)) ((6.425618e+01 -2.491973e-01 -1.285704e+00) (-1.857155e+00 -1.954924e-03 -1.021076e-02))
500.5         	((-2.706866e+00 -3.307912e+01 4.019095e+02) (1.677399e-02 6.309505e+00 6.980726e+00)) ((5.950187e+01 2.956297e-01 -2.019733e+00) (-1.813279e+00 -3.271005e-04 -1.241172e-02))
500.51        	((-6.522533e+00 -2.196913e+01 3.545985e+02) (1.105657e-02 6.144940e+00 6.832913e+00)) ((5.560670e+01 9.160182e-01 -3.032614e+00) (-1.771175e+00 1.605758e-03 -1.539252e-02))
500.52        	((-1.024809e+01 -7.900041e+00 3.072138e+02) (2.128047e-03 5.978002e+00 6.659731e+00)) ((5.190264e+01 1.477791e+00 -4.182631e+00) (-1.728428e+00 4.196715e-03 -1.969995e-02))
500.53        	((-1.365959e+01 1.009072e+01 2.604044e+02) (-1.066134e-02 5.809303e+00 6.461539e+00)) ((4.809269e+01 1.911370e+00 -5.333658e+00) (-1.682082e+00 7.547757e-03 -2.564048e-02))
500.54        	((-1.649103e+01 3.316004e+01 2.130539e+02) (-2.791963e-02 5.641408e+00 6.235336e+00)) ((4.361213e+01 2.163759e+00 -6.395404e+00) (-1.630881e+00 1.111627e-02 -3.326270e-02))
500.55        	((-1.832078e+01 6.014647e+01 1.658831e+02) (-4.983390e-02 5.476098e+00 5.979567e+00)) ((3.847974e+01 2.214679e+00 -7.319723e+00) (-1.574319e+00 1.406335e-02 -4.261275e-02))
500.56        	((-1.883489e+01 9.078388e+01 1.184204e+02) (-7.556623e-02 5.322610e+00 5.689541e+00)) ((3.230166e+01 2.033341e+00 -7.975956e+00) (-1.509792e+00 1.477449e-02 -5.272825e-02))
500.57        	((-1.783423e+01 1.236165e+02 7.186314e+01) (-1.018864e-01 5.181441e+00 5.364063e+00)) ((2.525010e+01 1.621230e+00 -8.186596e+00) (-1.438651e+00 1.215346e-02 -6.175247e-02))
500.58        	((-1.618463e+01 1.575587e+02 2.700037e+01) (-1.232542e-01 5.056556e+00 5.001480e+00)) ((1.748929e+01 9.436202e-01 -7.836850e+00) (-1.360616e+00 6.906356e-03 -6.825288e-02))
500.59        	((-1.429956e+01 1.910624e+02 -1.501888e+01) (-1.362743e-01 4.949331e+00 4.601290e+00)) ((9.510274e+00 -1.878958e-01 -6.906917e+00) (-1.278258e+00 1.097269e-03 -7.165997e-02))
500.6         	((-1.212032e+01 2.227133e+02 -5.391561e+01) (-1.403421e-01 4.867752e+00 4.167363e+00)) ((1.856991e+00 -1.834623e+00 -5.551146e+00) (-1.190467e+00 -6.128002e-03 -7.033844e-02))
500.61        	((-9.363176e+00 2.510198e+02 -8.942051e+01) (-1.370962e-01 4.816076e+00 3.703834e+00)) ((-4.843516e+00 -3.651236e+00 -3.941885e+00) (-1.096303e+00 -1.642881e-02 -6.517428e-02))
500.62        	((-6.237754e+00 2.757488e+02 -1.221267e+02) (-1.264710e-01 4.799912e+00 3.208500e+00)) ((-1.021396e+01 -5.085540e+00 -2.294907e+00) (-9.945014e-01 -2.710345e-02 -5.926533e-02))
500.63        	((-3.118302e+00 2.982213e+02 -1.526821e+02) (-1.066946e-01 4.826681e+00 2.676908e+00)) ((-1.415347e+01 -5.775495e+00 -8.537632e-01) (-8.807199e-01 -3.552315e-02 -5.220740e-02))
500.64        	((-6.553465e-01 3.202370e+02 -1.813046e+02) (-8.285652e-02 4.898137e+00 2.117052e+00)) ((-1.648194e+01 -5.682530e+00 3.644680e-02) (-7.544714e-01 -3.858712e-02 -4.302993e-02))
500.65        	((2.144271e+00 3.433899e+02 -2.090841e+02) (-6.036136e-02 4.994095e+00 1.548179e+00)) ((-1.636697e+01 -5.289705e+00 1.039360e+00) (-6.278782e-01 -3.642415e-02 -3.415519e-02))
500.66        	((5.131231e+00 3.661287e+02 -2.363555e+02) (-4.249534e-02 5.087048e+00 9.975204e-01)) ((-1.511052e+01 -4.401499e+00 2.208122e+00) (-5.145838e-01 -3.208697e-02 -2.491727e-02))
500.67        	((7.008754e+00 3.821284e+02 -2.605347e+02) (-4.496542e-02 5.147390e+00 4.981220e-01)) ((-1.548001e+01 -2.889034e+00 2.887323e+00) (-4.293965e-01 -1.589496e-02 -2.248246e-02))
500.68        	((6.736114e+00 3.864158e+02 -2.777455e+02) (-5.323901e-02 5.169321e+00 7.158458e-02)) ((-1.885610e+01 -1.089024e+00 2.695294e+00) (-3.743370e-01 -2.827286e-03 -2.364080e-02))
500.69        	((4.676003e+00 3.805387e+02 -2.864392e+02) (-5.603669e-02 5.166022e+00 -2.811688e-01)) ((-2.468042e+01 3.897392e-01 2.067637e+00) (-3.447779e-01 4.826968e-03 -2.332167e-02))
500.7         	((1.933840e+00 3.715932e+02 -2.891684e+02) (-5.683013e-02 5.150735e+00 -5.752365e-01)) ((-3.111622e+01 1.152014e+00 1.430250e+00) (-3.306130e-01 8.662533e-03 -2.153981e-02))
500.71        	((-3.201429e-01 3.672340e+02 -2.912731e+02) (-5.462055e-02 5.136245e+00 -8.286575e-01)) ((-3.641362e+01 1.139741e+00 1.049063e+00) (-3.241840e-01 1.011842e-02 -1.773771e-02))
500.72        	((-1.791237e+00 3.703150e+02 -2.971094e+02) (-5.084353e-02 5.126868e+00 -1.056602e+00)) ((-3.982883e+01 7.146050e-01 9.582730e-01) (-3.159283e-01 9.895933e-03 -1.288536e-02))
500.73        	((-2.933559e+00 3.778106e+02 -3.069295e+02) (-4.736858e-02 5.119107e+00 -1.267786e+00)) ((-4.167539e+01 3.039270e-01 1.066556e+00) (-3.063288e-01 1.043800e-02 -7.750186e-03))
500.74        	((-4.620343e+00 3.847623e+02 -3.181605e+02) (-4.927319e-02 5.102634e+00 -1.454615e+00)) ((-4.321213e+01 1.400377e-01 1.209506e+00) (-2.998912e-01 1.155076e-02 -4.095798e-03))
500.75        	((-7.130963e+00 3.879533e+02 -3.274773e+02) (-5.637331e-02 5.072848e+00 -1.615126e+00)) ((-4.575871e+01 1.634022e-01 1.293465e+00) (-2.963789e-01 1.246060e-02 -1.890630e-03))
500.76        	((-1.004025e+01 3.870584e+02 -3.331580e+02) (-6.776043e-02 5.037064e+00 -1.755427e+00)) ((-4.961803e+01 1.882530e-01 1.309224e+00) (-2.924955e-01 1.306141e-02 -7.996479e-04))
500.77        	((-1.273883e+01 3.841186e+02 -3.358390e+02) (-8.176814e-02 5.006371e+00 -1.882934e+00)) ((-5.422341e+01 7.989604e-02 1.308559e+00) (-2.855913e-01 1.295950e-02 1.947139e-04))
500.78        	((-1.473819e+01 3.815971e+02 -3.371684e+02) (-9.697991e-02 4.987106e+00 -2.004710e+00)) ((-5.863458e+01 -1.210787e-01 1.354596e+00) (-2.741353e-01 1.223869e-02 1.370036e-03))
500.79        	((-1.589727e+01 3.806303e+02 -3.384285e+02) (-1.125862e-01 4.987752e+00 -2.125307e+00)) ((-6.223309e+01 -2.709205e-01 1.483096e+00) (-2.580169e-01 1.140323e-02 2.281370e-03))
500.8         	((-1.649478e+01 3.806150e+02 -3.392731e+02) (-1.288695e-01 5.005591e+00 -2.244801e+00)) ((-6.481631e+01 -2.228182e-01 1.665164e+00) (-2.379066e-01 1.086793e-02 3.103233e-03))
500.81        	((-1.684165e+01 3.803904e+02 -3.388652e+02) (-1.458184e-01 5.038898e+00 -2.359355e+00)) ((-6.687619e+01 5.320445e-02 1.898840e+00) (-2.169987e-01 1.066015e-02 4.142852e-03))
500.82        	((-1.697708e+01 3.794079e+02 -3.368164e+02) (-1.642082e-01 5.086258e+00 -2.466361e+00)) ((-6.897639e+01 4.272872e-01 2.230063e+00) (-1.972414e-01 1.100309e-02 5.079005e-03))
500.83        	((-1.675611e+01 3.778742e+02 -3.333524e+02) (-1.830971e-01 5.147004e+00 -2.562632e+00)) ((-7.138342e+01 7.173281e-01 2.722451e+00) (-1.810207e-01 1.137177e-02 5.890055e-03))
500.84        	((-1.621747e+01 3.762892e+02 -3.289118e+02) (-2.032375e-01 5.224921e+00 -2.650112e+00)) ((-7.387669e+01 8.308730e-01 3.377642e+00) (-1.678124e-01 1.228002e-02 6.941951e-03))
500.85        	((-1.552970e+01 3.749276e+02 -3.235614e+02) (-2.229599e-01 5.320164e+00 -2.728556e+00)) ((-7.600061e+01 7.560817e-01 4.174642e+00) (-1.601711e-01 1.290001e-02 8.113076e-03))
500.86        	((-1.482716e+01 3.735529e+02 -3.168855e+02) (-2.433236e-01 5.431798e+00 -2.797964e+00)) ((-7.741185e+01 5.284133e-01 5.072289e+00) (-1.577626e-01 1.320901e-02 9.826309e-03))
500.87        	((-1.407442e+01 3.719442e+02 -3.086741e+02) (-2.648869e-01 5.557944e+00 -2.856506e+00)) ((-7.810997e+01 2.165866e-01 6.002501e+00) (-1.617424e-01 1.287001e-02 1.289047e-02))
500.88        	((-1.309275e+01 3.703325e+02 -2.994267e+02) (-2.863282e-01 5.695129e+00 -2.901865e+00)) ((-7.838066e+01 -1.173318e-01 6.912361e+00) (-1.729672e-01 1.257857e-02 1.645543e-02))
500.89        	((-1.163505e+01 3.690708e+02 -2.898993e+02) (-3.077114e-01 5.840469e+00 -2.933410e+00)) ((-7.851522e+01 -4.239927e-01 7.775241e+00) (-1.922965e-01 1.208471e-02 2.119145e-02))
500.9         	((-9.570568e+00 3.683893e+02 -2.806207e+02) (-3.284748e-01 5.994028e+00 -2.949484e+00)) ((-7.861103e+01 -6.692922e-01 8.571594e+00) (-2.206055e-01 1.164351e-02 2.670523e-02))
500.91        	((-7.068405e+00 3.682723e+02 -2.717158e+02) (-3.481909e-01 6.152523e+00 -2.951426e+00)) ((-7.853092e+01 -8.630416e-01 9.331566e+00) (-2.581199e-01 1.086823e-02 3.315812e-02))
500.92        	((-4.278138e+00 3.684875e+02 -2.630857e+02) (-3.667985e-01 6.314043e+00 -2.939046e+00)) ((-7.808348e+01 -1.005946e+00 1.006825e+01) (-3.034532e-01 1.058394e-02 3.979481e-02))
500.93        	((-1.376880e+00 3.689064e+02 -2.546397e+02) (-3.834308e-01 6.474565e+00 -2.913312e+00)) ((-7.722578e+01 -1.096408e+00 1.077777e+01) (-3.561083e-01 1.045690e-02 4.715065e-02))
500.94        	((1.446539e+00 3.696154e+02 -2.464940e+02) (-3.975880e-01 6.635306e+00 -2.875688e+00)) ((-7.609544e+01 -1.128459e+00 1.145482e+01) (-4.156136e-01 1.034609e-02 5.546690e-02))
500.95        	((4.050683e+00 3.707556e+02 -2.388143e+02) (-4.096451e-01 6.792173e+00 -2.826719e+00)) ((-7.487053e+01 -1.126088e+00 1.209795e+01) (-4.804875e-01 1.027463e-02 6.442596e-02))
500.96        	((6.386189e+00 3.723016e+02 -2.317497e+02) (-4.200909e-01 6.948861e+00 -2.767662e+00)) ((-7.362995e+01 -1.131802e+00 1.270889e+01) (-5.493667e-01 1.032438e-02 7.396131e-02))
500.97        	((8.525465e+00 3.741289e+02 -2.251454e+02) (-4.287489e-01 7.101095e+00 -2.700811e+00)) ((-7.232983e+01 -1.156345e+00 1.328880e+01) (-6.206546e-01 1.052633e-02 8.367636e-02))
500.98        	((1.051083e+01 3.763103e+02 -2.189449e+02) (-4.353672e-01 7.247777e+00 -2.626606e+00)) ((-7.098896e+01 -1.203732e+00 1.383734e+01) (-6.908338e-01 1.007445e-02 9.345763e-02))
500.99        	((1.241257e+01 3.791487e+02 -2.135380e+02) (-4.415230e-01 7.394399e+00 -2.549799e+00)) ((-6.980695e+01 -1.232735e+00 1.434096e+01) (-7.620397e-01 9.880178e-03 1.049277e-01))
501           	((1.432247e+01 3.827977e+02 -2.091520e+02) (-4.457414e-01 7.538820e+00 -2.469469e+00)) ((-6.895384e+01 -1.240690e+00 1.475652e+01) (-8.318138e-01 9.829083e-03 1.163507e-01))
501.01        	((1.638289e+01 3.870354e+02 -2.054403e+02) (-4.470307e-01 7.678345e+00 -2.386492e+00)) ((-6.837470e+01 -1.195047e+00 1.507037e+01) (-8.980269e-01 1.001111e-02 1.285312e-01))
501.02        	((1.858326e+01 3.915025e+02 -2.020921e+02) (-4.470900e-01 7.821306e+00 -2.301110e+00)) ((-6.794976e+01 -1.137122e+00 1.529923e+01) (-9.613098e-01 9.721807e-03 1.399938e-01))
501.03        	((2.089840e+01 3.959702e+02 -1.989206e+02) (-4.439738e-01 7.957272e+00 -2.213562e+00)) ((-6.754376e+01 -1.031329e+00 1.547095e+01) (-1.018585e+00 9.776469e-03 1.525028e-01))
501.04        	((2.319234e+01 4.005508e+02 -1.962335e+02) (-4.386102e-01 8.096958e+00 -2.131006e+00)) ((-6.726507e+01 -9.095298e-01 1.562177e+01) (-1.074793e+00 8.982650e-03 1.632590e-01))
501.05        	((2.531213e+01 4.054258e+02 -1.942527e+02) (-4.322515e-01 8.233077e+00 -2.048978e+00)) ((-6.720568e+01 -7.766476e-01 1.578462e+01) (-1.126062e+00 8.575804e-03 1.742520e-01))
501.06        	((2.717989e+01 4.106816e+02 -1.930213e+02) (-4.251327e-01 8.367446e+00 -1.969162e+00)) ((-6.737878e+01 -6.434958e-01 1.596881e+01) (-1.172779e+00 8.500146e-03 1.853632e-01))
501.07        	((2.873612e+01 4.161916e+02 -1.923287e+02) (-4.174842e-01 8.501385e+00 -1.893016e+00)) ((-6.768245e+01 -5.075173e-01 1.616173e+01) (-1.215229e+00 8.604285e-03 1.963683e-01))
501.08        	((2.997634e+01 4.217810e+02 -1.919350e+02) (-4.094435e-01 8.634107e+00 -1.820944e+00)) ((-6.802795e+01 -3.658686e-01 1.635501e+01) (-1.253493e+00 8.827156e-03 2.071601e-01))
501.09        	((3.093303e+01 4.273962e+02 -1.917586e+02) (-4.019974e-01 8.765300e+00 -1.753436e+00)) ((-6.839645e+01 -2.209775e-01 1.654589e+01) (-1.287501e+00 9.021958e-03 2.176063e-01))
501.1         	((3.160759e+01 4.330564e+02 -1.917593e+02) (-3.950393e-01 8.894670e+00 -1.691048e+00)) ((-6.878656e+01 -7.406677e-02 1.672299e+01) (-1.317248e+00 9.277001e-03 2.273580e-01))
501.11        	((3.202532e+01 4.387970e+02 -1.919731e+02) (-3.894586e-01 9.022950e+00 -1.633668e+00)) ((-6.916535e+01 7.753755e-02 1.687324e+01) (-1.342407e+00 9.716802e-03 2.363032e-01))
501.12        	((3.215154e+01 4.445551e+02 -1.923191e+02) (-3.845090e-01 9.149702e+00 -1.581744e+00)) ((-6.947238e+01 2.456781e-01 1.698549e+01) (-1.363028e+00 1.012145e-02 2.443854e-01))
501.13        	((3.199560e+01 4.502543e+02 -1.927938e+02) (-3.808507e-01 9.275635e+00 -1.535933e+00)) ((-6.963650e+01 4.286091e-01 1.705664e+01) (-1.379346e+00 1.056982e-02 2.514991e-01))
501.14        	((3.161802e+01 4.558469e+02 -1.934439e+02) (-3.791686e-01 9.400436e+00 -1.496555e+00)) ((-6.961523e+01 6.128137e-01 1.709740e+01) (-1.391069e+00 1.118944e-02 2.573493e-01))
501.15        	((3.105282e+01 4.613335e+02 -1.943055e+02) (-3.795948e-01 9.524598e+00 -1.464163e+00)) ((-6.941433e+01 7.884331e-01 1.711020e+01) (-1.398370e+00 1.192481e-02 2.620342e-01))
501.16        	((3.032271e+01 4.667473e+02 -1.954070e+02) (-3.828044e-01 9.647996e+00 -1.438989e+00)) ((-6.907012e+01 9.564346e-01 1.708731e+01) (-1.401151e+00 1.261087e-02 2.656884e-01))
501.17        	((2.942733e+01 4.721296e+02 -1.967717e+02) (-3.885578e-01 9.770298e+00 -1.421232e+00)) ((-6.861197e+01 1.124117e+00 1.701862e+01) (-1.399196e+00 1.314500e-02 2.681840e-01))
501.18        	((2.839953e+01 4.774909e+02 -1.983872e+02) (-3.970941e-01 9.890560e+00 -1.411056e+00)) ((-6.803766e+01 1.282459e+00 1.691351e+01) (-1.392750e+00 1.357576e-02 2.693869e-01))
501.19        	((2.726727e+01 4.828280e+02 -2.002342e+02) (-4.078716e-01 1.000992e+01 -1.408033e+00)) ((-6.733111e+01 1.434778e+00 1.677442e+01) (-1.381866e+00 1.350013e-02 2.697498e-01))
501.2         	((2.613834e+01 4.881711e+02 -2.023192e+02) (-4.207613e-01 1.012786e+01 -1.412022e+00)) ((-6.650966e+01 1.566888e+00 1.661726e+01) (-1.366854e+00 1.316491e-02 2.688656e-01))
501.21        	((2.510418e+01 4.935451e+02 -2.046172e+02) (-4.347670e-01 1.024544e+01 -1.422495e+00)) ((-6.559158e+01 1.691903e+00 1.643210e+01) (-1.348268e+00 1.264956e-02 2.666948e-01))
501.22        	((2.424481e+01 4.989614e+02 -2.070756e+02) (-4.502767e-01 1.036212e+01 -1.438675e+00)) ((-6.460195e+01 1.818358e+00 1.621422e+01) (-1.326111e+00 1.175144e-02 2.634959e-01))
501.23        	((2.357969e+01 5.044154e+02 -2.096328e+02) (-4.671767e-01 1.047725e+01 -1.459761e+00)) ((-6.355949e+01 1.939632e+00 1.596836e+01) (-1.300526e+00 1.042031e-02 2.594402e-01))
501.24        	((2.312776e+01 5.098760e+02 -2.122284e+02) (-4.846616e-01 1.059074e+01 -1.484616e+00)) ((-6.246808e+01 2.044191e+00 1.570247e+01) (-1.271642e+00 8.734743e-03 2.543407e-01))
501.25        	((2.290826e+01 5.153114e+02 -2.148226e+02) (-5.019529e-01 1.070262e+01 -1.512372e+00)) ((-6.132150e+01 2.124298e+00 1.542810e+01) (-1.239823e+00 6.695119e-03 2.482659e-01))
501.26        	((2.296350e+01 5.207020e+02 -2.173859e+02) (-5.184971e-01 1.081262e+01 -1.542259e+00)) ((-6.011656e+01 2.176915e+00 1.515632e+01) (-1.205628e+00 4.318169e-03 2.412426e-01))
501.27        	((2.333134e+01 5.260440e+02 -2.198972e+02) (-5.338336e-01 1.092069e+01 -1.573200e+00)) ((-5.886541e+01 2.197449e+00 1.489704e+01) (-1.169367e+00 1.635903e-03 2.333526e-01))
501.28        	((2.404941e+01 5.313370e+02 -2.223245e+02) (-5.474806e-01 1.102672e+01 -1.604346e+00)) ((-5.759602e+01 2.184314e+00 1.465126e+01) (-1.131451e+00 -1.317411e-03 2.246871e-01))
501.29        	((2.514182e+01 5.365372e+02 -2.246036e+02) (-5.586328e-01 1.113027e+01 -1.634857e+00)) ((-5.631236e+01 2.133688e+00 1.441829e+01) (-1.092216e+00 -4.460566e-03 2.152544e-01))
501.3         	((2.661965e+01 5.415859e+02 -2.266931e+02) (-5.669235e-01 1.123123e+01 -1.663786e+00)) ((-5.500578e+01 2.045267e+00 1.419900e+01) (-1.051967e+00 -7.744888e-03 2.051908e-01))
501.31        	((2.848045e+01 5.464466e+02 -2.285654e+02) (-5.722479e-01 1.132924e+01 -1.690625e+00)) ((-5.367726e+01 1.921055e+00 1.399833e+01) (-1.011103e+00 -1.121912e-02 1.947129e-01))
501.32        	((3.071398e+01 5.511016e+02 -2.302152e+02) (-5.743490e-01 1.142410e+01 -1.714563e+00)) ((-5.233902e+01 1.760062e+00 1.382139e+01) (-9.698613e-01 -1.486272e-02 1.838847e-01))
501.33        	((3.329352e+01 5.555242e+02 -2.316260e+02) (-5.728212e-01 1.151509e+01 -1.735180e+00)) ((-5.100106e+01 1.554235e+00 1.367350e+01) (-9.284368e-01 -1.859063e-02 1.727311e-01))
501.34        	((3.618402e+01 5.596746e+02 -2.327727e+02) (-5.675160e-01 1.160190e+01 -1.752033e+00)) ((-4.966248e+01 1.298521e+00 1.355970e+01) (-8.871107e-01 -2.237479e-02 1.613770e-01))
501.35        	((3.935800e+01 5.635213e+02 -2.336321e+02) (-5.585533e-01 1.168458e+01 -1.765017e+00)) ((-4.832297e+01 9.945895e-01 1.348248e+01) (-8.464555e-01 -2.628661e-02 1.500870e-01))
501.36        	((4.279555e+01 5.670491e+02 -2.342089e+02) (-5.458525e-01 1.176303e+01 -1.773625e+00)) ((-4.699018e+01 6.474145e-01 1.344126e+01) (-8.066562e-01 -3.025764e-02 1.388837e-01))
501.37        	((4.647680e+01 5.702409e+02 -2.344867e+02) (-5.291141e-01 1.183660e+01 -1.778000e+00)) ((-4.566590e+01 2.629815e-01 1.343350e+01) (-7.679861e-01 -3.424151e-02 1.277742e-01))
501.38        	((5.038244e+01 5.730818e+02 -2.344498e+02) (-5.085632e-01 1.190492e+01 -1.778026e+00)) ((-4.434052e+01 -1.519086e-01 1.345446e+01) (-7.306006e-01 -3.821691e-02 1.168807e-01))
501.39        	((5.448787e+01 5.755567e+02 -2.340616e+02) (-4.842676e-01 1.196741e+01 -1.774287e+00)) ((-4.301625e+01 -5.924862e-01 1.350000e+01) (-6.949683e-01 -4.219501e-02 1.063035e-01))
501.4         	((5.876753e+01 5.776473e+02 -2.333191e+02) (-4.565072e-01 1.202381e+01 -1.766079e+00)) ((-4.169014e+01 -1.055413e+00 1.356959e+01) (-6.610634e-01 -4.612695e-02 9.614541e-02))
501.41        	((6.319164e+01 5.793539e+02 -2.322106e+02) (-4.253916e-01 1.207316e+01 -1.754145e+00)) ((-4.036877e+01 -1.539320e+00 1.366221e+01) (-6.290973e-01 -5.000510e-02 8.648427e-02))
501.42        	((6.773254e+01 5.807003e+02 -2.307752e+02) (-3.912349e-01 1.211543e+01 -1.738350e+00)) ((-3.906357e+01 -2.041240e+00 1.377582e+01) (-5.992181e-01 -5.380688e-02 7.737495e-02))
501.43        	((7.235961e+01 5.816845e+02 -2.290119e+02) (-3.538488e-01 1.215058e+01 -1.719213e+00)) ((-3.776923e+01 -2.559032e+00 1.391188e+01) (-5.716044e-01 -5.743537e-02 6.869028e-02))
501.44        	((7.704971e+01 5.822902e+02 -2.269139e+02) (-3.134541e-01 1.217822e+01 -1.696770e+00)) ((-3.647889e+01 -3.092674e+00 1.407339e+01) (-5.461811e-01 -6.082529e-02 6.053008e-02))
501.45        	((8.179103e+01 5.825230e+02 -2.244844e+02) (-2.701808e-01 1.219825e+01 -1.671278e+00)) ((-3.519764e+01 -3.640387e+00 1.426078e+01) (-5.229052e-01 -6.395130e-02 5.299471e-02))
501.46        	((8.657281e+01 5.824089e+02 -2.217411e+02) (-2.241098e-01 1.221048e+01 -1.642798e+00)) ((-3.393701e+01 -4.203074e+00 1.447433e+01) (-5.016054e-01 -6.672216e-02 4.613150e-02))
501.47        	((9.138834e+01 5.819784e+02 -2.187120e+02) (-1.754170e-01 1.221537e+01 -1.611434e+00)) ((-3.270907e+01 -4.779461e+00 1.471277e+01) (-4.822823e-01 -6.912627e-02 3.997751e-02))
501.48        	((9.623651e+01 5.812518e+02 -2.154239e+02) (-1.242689e-01 1.221334e+01 -1.577482e+00)) ((-3.152046e+01 -5.365311e+00 1.497437e+01) (-4.649209e-01 -7.118239e-02 3.460160e-02))
501.49        	((1.011183e+02 5.802342e+02 -2.118938e+02) (-7.098162e-02 1.220516e+01 -1.541127e+00)) ((-3.036800e+01 -5.957600e+00 1.525498e+01) (-4.494775e-01 -7.293345e-02 3.004608e-02))
501.5         	((1.060198e+02 5.789287e+02 -2.081434e+02) (-1.558656e-02 1.219144e+01 -1.502703e+00)) ((-2.924693e+01 -6.558000e+00 1.555425e+01) (-4.359234e-01 -7.440284e-02 2.634460e-02))
501.51        	((1.109320e+02 5.773377e+02 -2.041889e+02) (4.160817e-02 1.217288e+01 -1.462460e+00)) ((-2.815441e+01 -7.166860e+00 1.587057e+01) (-4.241393e-01 -7.566710e-02 2.360929e-02))
501.52        	((1.158516e+02 5.754689e+02 -2.000341e+02) (1.005462e-01 1.214990e+01 -1.420593e+00)) ((-2.708422e+01 -7.781661e+00 1.620029e+01) (-4.138995e-01 -7.671022e-02 2.185745e-02))
501.53        	((1.207752e+02 5.733464e+02 -1.956916e+02) (1.611622e-01 1.212328e+01 -1.377552e+00)) ((-2.603673e+01 -8.398741e+00 1.654077e+01) (-4.052176e-01 -7.754237e-02 2.100077e-02))
501.54        	((1.256855e+02 5.710205e+02 -1.912029e+02) (2.234689e-01 1.209383e+01 -1.333448e+00)) ((-2.502078e+01 -9.013600e+00 1.688878e+01) (-3.979088e-01 -7.815035e-02 2.097312e-02))
501.55        	((1.305545e+02 5.685288e+02 -1.866109e+02) (2.873506e-01 1.206224e+01 -1.288413e+00)) ((-2.402952e+01 -9.625992e+00 1.724076e+01) (-3.917639e-01 -7.856432e-02 2.180742e-02))
501.56        	((1.353472e+02 5.658815e+02 -1.819301e+02) (3.529256e-01 1.202920e+01 -1.242716e+00)) ((-2.304460e+01 -1.023892e+01 1.759577e+01) (-3.867263e-01 -7.872257e-02 2.332338e-02))
501.57        	((1.400287e+02 5.630733e+02 -1.771634e+02) (4.198644e-01 1.199509e+01 -1.196399e+00)) ((-2.204999e+01 -1.085573e+01 1.795346e+01) (-3.824708e-01 -7.871648e-02 2.550638e-02))
501.58        	((1.445753e+02 5.600955e+02 -1.723189e+02) (4.879890e-01 1.196071e+01 -1.149690e+00)) ((-2.104090e+01 -1.147114e+01 1.830848e+01) (-3.789345e-01 -7.856832e-02 2.826636e-02))
501.59        	((1.489583e+02 5.569570e+02 -1.674259e+02) (5.573233e-01 1.192672e+01 -1.102747e+00)) ((-2.002516e+01 -1.207502e+01 1.865354e+01) (-3.760468e-01 -7.824032e-02 3.139411e-02))
501.6         	((1.531367e+02 5.536803e+02 -1.625322e+02) (6.277822e-01 1.189364e+01 -1.055741e+00)) ((-1.901232e+01 -1.265938e+01 1.897976e+01) (-3.737855e-01 -7.772217e-02 3.476599e-02))
501.61        	((1.570632e+02 5.502912e+02 -1.576822e+02) (6.989574e-01 1.186168e+01 -1.008936e+00)) ((-1.800341e+01 -1.322066e+01 1.928277e+01) (-3.721135e-01 -7.708995e-02 3.838391e-02))
501.62        	((1.606793e+02 5.468088e+02 -1.529102e+02) (7.706854e-01 1.183094e+01 -9.625060e-01)) ((-1.699193e+01 -1.376040e+01 1.956005e+01) (-3.709392e-01 -7.632824e-02 4.216485e-02))
501.63        	((1.639250e+02 5.432765e+02 -1.482480e+02) (8.429115e-01 1.180149e+01 -9.166424e-01)) ((-1.597622e+01 -1.428051e+01 1.981012e+01) (-3.701282e-01 -7.536343e-02 4.588981e-02))
501.64        	((1.667579e+02 5.396996e+02 -1.437066e+02) (9.151109e-01 1.177239e+01 -8.715572e-01)) ((-1.493872e+01 -1.477265e+01 2.002541e+01) (-3.698838e-01 -7.420312e-02 4.972934e-02))
501.65        	((1.691202e+02 5.360892e+02 -1.393040e+02) (9.868567e-01 1.174548e+01 -8.275923e-01)) ((-1.387876e+01 -1.523008e+01 2.019930e+01) (-3.702463e-01 -7.294217e-02 5.338506e-02))
501.66        	((1.709565e+02 5.324843e+02 -1.350771e+02) (1.057695e+00 1.172039e+01 -7.849966e-01)) ((-1.281316e+01 -1.565349e+01 2.032976e+01) (-3.711589e-01 -7.160394e-02 5.686199e-02))
501.67        	((1.722214e+02 5.289271e+02 -1.310771e+02) (1.127376e+00 1.169643e+01 -7.439011e-01)) ((-1.176441e+01 -1.604807e+01 2.041748e+01) (-3.724494e-01 -7.010961e-02 5.999143e-02))
501.68        	((1.728864e+02 5.254468e+02 -1.273476e+02) (1.195416e+00 1.167327e+01 -7.044489e-01)) ((-1.073896e+01 -1.641492e+01 2.046357e+01) (-3.740512e-01 -6.848846e-02 6.275121e-02))
501.69        	((1.729214e+02 5.220409e+02 -1.239014e+02) (1.261532e+00 1.165080e+01 -6.667331e-01)) ((-9.727728e+00 -1.674966e+01 2.046574e+01) (-3.759644e-01 -6.669696e-02 6.500371e-02))
501.7         	((1.723065e+02 5.186978e+02 -1.207253e+02) (1.325128e+00 1.162871e+01 -6.308000e-01)) ((-8.714959e+00 -1.704530e+01 2.041744e+01) (-3.780739e-01 -6.474533e-02 6.681375e-02))
501.71        	((1.710268e+02 5.154299e+02 -1.178239e+02) (1.385710e+00 1.160678e+01 -5.968241e-01)) ((-7.704963e+00 -1.729718e+01 2.031103e+01) (-3.801618e-01 -6.269770e-02 6.795763e-02))
501.72        	((1.690696e+02 5.122710e+02 -1.152176e+02) (1.442692e+00 1.158449e+01 -5.649020e-01)) ((-6.709466e+00 -1.750326e+01 2.014087e+01) (-3.823615e-01 -6.053974e-02 6.873499e-02))
501.73        	((1.664140e+02 5.092405e+02 -1.128972e+02) (1.495918e+00 1.156194e+01 -5.356425e-01)) ((-5.728957e+00 -1.766150e+01 1.990795e+01) (-3.849605e-01 -5.831212e-02 6.897853e-02))
501.74        	((1.630494e+02 5.063207e+02 -1.108895e+02) (1.544354e+00 1.153913e+01 -5.090547e-01)) ((-4.767680e+00 -1.777339e+01 1.961907e+01) (-3.879162e-01 -5.614895e-02 6.886059e-02))
501.75        	((1.589879e+02 5.035542e+02 -1.092579e+02) (1.588311e+00 1.151504e+01 -4.834458e-01)) ((-3.863350e+00 -1.783353e+01 1.926998e+01) (-3.904852e-01 -5.362088e-02 6.865868e-02))
501.76        	((1.542435e+02 5.009455e+02 -1.079617e+02) (1.627558e+00 1.149011e+01 -4.597080e-01)) ((-3.001975e+00 -1.783183e+01 1.885424e+01) (-3.928768e-01 -5.088262e-02 6.796941e-02))
501.77        	((1.488123e+02 4.984679e+02 -1.069511e+02) (1.661396e+00 1.146425e+01 -4.384957e-01)) ((-2.156588e+00 -1.777055e+01 1.837757e+01) (-3.953333e-01 -4.811069e-02 6.694647e-02))
501.78        	((1.427119e+02 4.961087e+02 -1.062284e+02) (1.689756e+00 1.143731e+01 -4.197795e-01)) ((-1.328260e+00 -1.765071e+01 1.784010e+01) (-3.977829e-01 -4.530354e-02 6.557072e-02))
501.79        	((1.359712e+02 4.938957e+02 -1.058005e+02) (1.712336e+00 1.140911e+01 -4.036245e-01)) ((-5.386758e-01 -1.747270e+01 1.724340e+01) (-4.001688e-01 -4.251544e-02 6.394390e-02))
501.8         	((1.286072e+02 4.918727e+02 -1.057255e+02) (1.729332e+00 1.137983e+01 -3.898527e-01)) ((1.619831e-01 -1.723996e+01 1.659537e+01) (-4.024797e-01 -3.968061e-02 6.181019e-02))
501.81        	((1.206531e+02 4.900133e+02 -1.060179e+02) (1.740467e+00 1.135061e+01 -3.782482e-01)) ((7.652072e-01 -1.694979e+01 1.589892e+01) (-4.049106e-01 -3.685600e-02 5.944569e-02))
501.82        	((1.121360e+02 4.882599e+02 -1.066308e+02) (1.745989e+00 1.132096e+01 -3.687576e-01)) ((1.296041e+00 -1.660063e+01 1.515759e+01) (-4.072757e-01 -3.396440e-02 5.657263e-02))
501.83        	((1.031048e+02 4.865805e+02 -1.075205e+02) (1.745610e+00 1.129072e+01 -3.614175e-01)) ((1.770717e+00 -1.619092e+01 1.436833e+01) (-4.095032e-01 -3.103169e-02 5.341250e-02))
501.84        	((9.360650e+01 4.849914e+02 -1.086684e+02) (1.738986e+00 1.125912e+01 -3.556810e-01)) ((2.175691e+00 -1.571845e+01 1.353069e+01) (-4.110110e-01 -2.810398e-02 5.030062e-02))
501.85        	((8.366470e+01 4.835386e+02 -1.100488e+02) (1.726677e+00 1.122717e+01 -3.519041e-01)) ((2.493063e+00 -1.518571e+01 1.265874e+01) (-4.123952e-01 -2.515061e-02 4.690544e-02))
501.86        	((7.334238e+01 4.822168e+02 -1.116841e+02) (1.708467e+00 1.119466e+01 -3.496283e-01)) ((2.706058e+00 -1.458748e+01 1.175084e+01) (-4.132149e-01 -2.225811e-02 4.355013e-02))
501.87        	((6.268165e+01 4.810041e+02 -1.135430e+02) (1.684512e+00 1.116228e+01 -3.491778e-01)) ((2.819227e+00 -1.392663e+01 1.080929e+01) (-4.138684e-01 -1.944970e-02 4.021928e-02))
501.88        	((5.169005e+01 4.798147e+02 -1.155437e+02) (1.654964e+00 1.113031e+01 -3.506749e-01)) ((2.856749e+00 -1.320971e+01 9.840031e+00) (-4.145016e-01 -1.673319e-02 3.691307e-02))
501.89        	((4.040563e+01 4.785774e+02 -1.176202e+02) (1.619806e+00 1.109867e+01 -3.538879e-01)) ((2.837165e+00 -1.243835e+01 8.846240e+00) (-4.149537e-01 -1.413864e-02 3.374994e-02))
501.9         	((2.893111e+01 4.773545e+02 -1.197705e+02) (1.579204e+00 1.106780e+01 -3.590487e-01)) ((2.757552e+00 -1.161103e+01 7.827436e+00) (-4.153283e-01 -1.166425e-02 3.076613e-02))
501.91        	((1.734877e+01 4.761890e+02 -1.219964e+02) (1.533372e+00 1.103851e+01 -3.665683e-01)) ((2.603411e+00 -1.072970e+01 6.784765e+00) (-4.158142e-01 -9.258690e-03 2.800844e-02))
501.92        	((5.707590e+00 4.751030e+02 -1.242801e+02) (1.482851e+00 1.101053e+01 -3.757508e-01)) ((2.356974e+00 -9.796649e+00 5.723958e+00) (-4.160796e-01 -6.959510e-03 2.528395e-02))
501.93        	((-5.976985e+00 4.741208e+02 -1.265440e+02) (1.427820e+00 1.098279e+01 -3.859123e-01)) ((2.020342e+00 -8.830455e+00 4.667529e+00) (-4.156647e-01 -4.862314e-03 2.232997e-02))
501.94        	((-1.764925e+01 4.731780e+02 -1.288124e+02) (1.367622e+00 1.095707e+01 -3.964463e-01)) ((1.596716e+00 -7.821232e+00 3.616751e+00) (-4.146924e-01 -3.251664e-03 1.975311e-02))
501.95        	((-2.923389e+01 4.722591e+02 -1.309661e+02) (1.303799e+00 1.093297e+01 -4.087642e-01)) ((1.142217e+00 -6.792721e+00 2.567062e+00) (-4.136374e-01 -1.524822e-03 1.688019e-02))
501.96        	((-4.067862e+01 4.713262e+02 -1.330508e+02) (1.235432e+00 1.091117e+01 -4.224173e-01)) ((6.454352e-01 -5.734039e+00 1.521046e+00) (-4.124654e-01 -3.336101e-05 1.421052e-02))
501.97        	((-5.191329e+01 4.704125e+02 -1.350080e+02) (1.163750e+00 1.089119e+01 -4.374455e-01)) ((1.177326e-01 -4.657106e+00 4.825660e-01) (-4.110781e-01 1.441769e-03 1.123762e-02))
501.98        	((-6.288886e+01 4.694987e+02 -1.368213e+02) (1.088129e+00 1.087371e+01 -4.535144e-01)) ((-4.515641e-01 -3.565061e+00 -5.352450e-01) (-4.095197e-01 2.677862e-03 8.318791e-03))
501.99        	((-7.354624e+01 4.685759e+02 -1.384419e+02) (1.009522e+00 1.085852e+01 -4.705134e-01)) ((-1.050458e+00 -2.467305e+00 -1.528978e+00) (-4.078586e-01 3.856735e-03 5.108581e-03))
502           	((-8.382553e+01 4.676267e+02 -1.398513e+02) (9.279138e-01 1.084596e+01 -4.881824e-01)) ((-1.668486e+00 -1.372395e+00 -2.490517e+00) (-4.060628e-01 4.861017e-03 1.707780e-03))
502.01        	((-9.366225e+01 4.666505e+02 -1.410417e+02) (8.439416e-01 1.083543e+01 -5.065106e-01)) ((-2.298146e+00 -2.852471e-01 -3.417854e+00) (-4.043311e-01 5.737610e-03 -1.952710e-03))
502.02        	((-1.029778e+02 4.656415e+02 -1.420136e+02) (7.575928e-01 1.082778e+01 -5.249828e-01)) ((-2.937442e+00 7.811865e-01 -4.298135e+00) (-4.023009e-01 6.422620e-03 -5.890999e-03))
502.03        	((-1.117238e+02 4.645956e+02 -1.427710e+02) (6.695112e-01 1.082233e+01 -5.438943e-01)) ((-3.581417e+00 1.820431e+00 -5.127179e+00) (-4.002451e-01 6.867254e-03 -9.949902e-03))
502.04        	((-1.198705e+02 4.635056e+02 -1.433104e+02) (5.799235e-01 1.081897e+01 -5.626931e-01)) ((-4.214069e+00 2.821787e+00 -5.901964e+00) (-3.983648e-01 7.191261e-03 -1.418433e-02))
502.05        	((-1.273660e+02 4.623662e+02 -1.436389e+02) (4.891017e-01 1.081828e+01 -5.812431e-01)) ((-4.829718e+00 3.773226e+00 -6.615232e+00) (-3.966167e-01 7.494003e-03 -1.870609e-02))
502.06        	((-1.342147e+02 4.612122e+02 -1.437996e+02) (3.976014e-01 1.081914e+01 -5.994581e-01)) ((-5.437049e+00 4.683584e+00 -7.274015e+00) (-3.951252e-01 7.585826e-03 -2.323752e-02))
502.07        	((-1.403735e+02 4.600562e+02 -1.438220e+02) (3.055042e-01 1.082208e+01 -6.167930e-01)) ((-6.035508e+00 5.546597e+00 -7.872629e+00) (-3.937162e-01 7.691367e-03 -2.799728e-02))
502.08        	((-1.459224e+02 4.588230e+02 -1.436510e+02) (2.140996e-01 1.082520e+01 -6.334970e-01)) ((-6.603106e+00 6.379298e+00 -8.428838e+00) (-3.929119e-01 7.491278e-03 -3.244720e-02))
502.09        	((-1.507768e+02 4.574474e+02 -1.432722e+02) (1.224092e-01 1.083060e+01 -6.488331e-01)) ((-7.127932e+00 7.154729e+00 -8.915542e+00) (-3.920937e-01 7.538150e-03 -3.726026e-02))
502.1         	((-1.550256e+02 4.559514e+02 -1.426966e+02) (3.210563e-02 1.083587e+01 -6.633245e-01)) ((-7.609415e+00 7.893067e+00 -9.356939e+00) (-3.918288e-01 7.302923e-03 -4.170461e-02))
502.11        	((-1.586530e+02 4.543853e+02 -1.419839e+02) (-5.744430e-02 1.084167e+01 -6.764457e-01)) ((-8.045181e+00 8.582654e+00 -9.752095e+00) (-3.918325e-01 7.110839e-03 -4.604984e-02))
502.12        	((-1.616641e+02 4.527987e+02 -1.411834e+02) (-1.459571e-01 1.084836e+01 -6.880497e-01)) ((-8.440622e+00 9.218558e+00 -1.010310e+01) (-3.919129e-01 6.985588e-03 -5.034556e-02))
502.13        	((-1.641011e+02 4.512305e+02 -1.403375e+02) (-2.327614e-01 1.085465e+01 -6.984243e-01)) ((-8.809519e+00 9.809909e+00 -1.041964e+01) (-3.922994e-01 6.798275e-03 -5.432630e-02))
502.14        	((-1.659640e+02 4.496928e+02 -1.394646e+02) (-3.179312e-01 1.086098e+01 -7.071150e-01)) ((-9.164310e+00 1.035927e+01 -1.069934e+01) (-3.929697e-01 6.752145e-03 -5.814233e-02))
502.15        	((-1.672781e+02 4.481960e+02 -1.385879e+02) (-4.008827e-01 1.086680e+01 -7.144871e-01)) ((-9.514173e+00 1.087576e+01 -1.094846e+01) (-3.940158e-01 6.735523e-03 -6.163725e-02))
502.16        	((-1.680350e+02 4.467445e+02 -1.377246e+02) (-4.820185e-01 1.087298e+01 -7.201680e-01)) ((-9.866411e+00 1.135687e+01 -1.116352e+01) (-3.950914e-01 6.945755e-03 -6.504978e-02))
502.17        	((-1.682701e+02 4.453523e+02 -1.368989e+02) (-5.607757e-01 1.087879e+01 -7.246708e-01)) ((-1.022235e+01 1.180853e+01 -1.135449e+01) (-3.964276e-01 7.219983e-03 -6.813806e-02))
502.18        	((-1.679997e+02 4.440254e+02 -1.361162e+02) (-6.369996e-01 1.088425e+01 -7.279379e-01)) ((-1.057453e+01 1.222694e+01 -1.152452e+01) (-3.981109e-01 7.604972e-03 -7.087947e-02))
502.19        	((-1.672151e+02 4.427686e+02 -1.353724e+02) (-7.107313e-01 1.088962e+01 -7.300311e-01)) ((-1.091640e+01 1.260458e+01 -1.166987e+01) (-3.999196e-01 8.138877e-03 -7.332582e-02))
502.2         	((-1.659226e+02 4.415891e+02 -1.346667e+02) (-7.816509e-01 1.089480e+01 -7.310536e-01)) ((-1.124460e+01 1.294137e+01 -1.178982e+01) (-4.019541e-01 8.819622e-03 -7.547578e-02))
502.21        	((-1.641206e+02 4.405009e+02 -1.340166e+02) (-8.496735e-01 1.089978e+01 -7.311107e-01)) ((-1.155609e+01 1.323544e+01 -1.187839e+01) (-4.041301e-01 9.691911e-03 -7.742385e-02))
502.22        	((-1.618470e+02 4.395126e+02 -1.334404e+02) (-9.144134e-01 1.090417e+01 -7.302080e-01)) ((-1.186060e+01 1.349444e+01 -1.193995e+01) (-4.064374e-01 1.070437e-02 -7.909671e-02))
502.23        	((-1.591381e+02 4.386250e+02 -1.329389e+02) (-9.759508e-01 1.090832e+01 -7.284879e-01)) ((-1.216277e+01 1.371991e+01 -1.197782e+01) (-4.087974e-01 1.193523e-02 -8.065237e-02))
502.24        	((-1.560097e+02 4.378421e+02 -1.325112e+02) (-1.033871e+00 1.091196e+01 -7.260232e-01)) ((-1.246283e+01 1.391010e+01 -1.199156e+01) (-4.111800e-01 1.333507e-02 -8.201647e-02))
502.25        	((-1.524851e+02 4.371775e+02 -1.321461e+02) (-1.088055e+00 1.091549e+01 -7.232450e-01)) ((-1.275167e+01 1.405883e+01 -1.197553e+01) (-4.140315e-01 1.476753e-02 -8.294586e-02))
502.26        	((-1.485681e+02 4.366234e+02 -1.318524e+02) (-1.138299e+00 1.091903e+01 -7.200732e-01)) ((-1.301117e+01 1.416060e+01 -1.192484e+01) (-4.170585e-01 1.631426e-02 -8.368082e-02))
502.27        	((-1.442614e+02 4.361641e+02 -1.316449e+02) (-1.184595e+00 1.092218e+01 -7.165410e-01)) ((-1.323133e+01 1.421064e+01 -1.183454e+01) (-4.200175e-01 1.794528e-02 -8.419877e-02))
502.28        	((-1.395785e+02 4.358073e+02 -1.315279e+02) (-1.226848e+00 1.092462e+01 -7.127725e-01)) ((-1.341820e+01 1.421078e+01 -1.170554e+01) (-4.229030e-01 1.961314e-02 -8.445788e-02))
502.29        	((-1.345522e+02 4.355578e+02 -1.314948e+02) (-1.264895e+00 1.092647e+01 -7.089574e-01)) ((-1.357835e+01 1.416696e+01 -1.153969e+01) (-4.258489e-01 2.132685e-02 -8.447235e-02))
502.3         	((-1.292068e+02 4.354134e+02 -1.315515e+02) (-1.298575e+00 1.092796e+01 -7.052203e-01)) ((-1.371436e+01 1.408361e+01 -1.133886e+01) (-4.289074e-01 2.309785e-02 -8.425116e-02))
502.31        	((-1.235594e+02 4.353663e+02 -1.317098e+02) (-1.327789e+00 1.092910e+01 -7.016565e-01)) ((-1.382649e+01 1.396379e+01 -1.110728e+01) (-4.319911e-01 2.488723e-02 -8.377013e-02))
502.32        	((-1.176267e+02 4.354118e+02 -1.319801e+02) (-1.352486e+00 1.092978e+01 -6.983174e-01)) ((-1.391519e+01 1.380883e+01 -1.084920e+01) (-4.349916e-01 2.666208e-02 -8.301359e-02))
502.33        	((-1.114287e+02 4.355478e+02 -1.323678e+02) (-1.372606e+00 1.092993e+01 -6.952131e-01)) ((-1.398247e+01 1.361881e+01 -1.056511e+01) (-4.378288e-01 2.841679e-02 -8.200387e-02))
502.34        	((-1.049887e+02 4.357723e+02 -1.328660e+02) (-1.388056e+00 1.092942e+01 -6.924283e-01)) ((-1.403166e+01 1.339478e+01 -1.025642e+01) (-4.404528e-01 3.015655e-02 -8.078117e-02))
502.35        	((-9.833140e+01 4.360882e+02 -1.334700e+02) (-1.398805e+00 1.092815e+01 -6.900569e-01)) ((-1.406681e+01 1.313840e+01 -9.922577e+00) (-4.428468e-01 3.187822e-02 -7.938548e-02))
502.36        	((-9.147935e+01 4.364897e+02 -1.341792e+02) (-1.404905e+00 1.092601e+01 -6.881975e-01)) ((-1.409130e+01 1.285200e+01 -9.564662e+00) (-4.449795e-01 3.356945e-02 -7.781609e-02))
502.37        	((-8.445977e+01 4.369638e+02 -1.349973e+02) (-1.406444e+00 1.092301e+01 -6.868882e-01)) ((-1.410963e+01 1.253801e+01 -9.183901e+00) (-4.468112e-01 3.520813e-02 -7.605205e-02))
502.38        	((-7.730616e+01 4.374954e+02 -1.359274e+02) (-1.403506e+00 1.091902e+01 -6.861198e-01)) ((-1.412428e+01 1.219848e+01 -8.782094e+00) (-4.481985e-01 3.675138e-02 -7.408261e-02))
502.39        	((-7.003673e+01 4.380779e+02 -1.369319e+02) (-1.396137e+00 1.091487e+01 -6.865587e-01)) ((-1.412288e+01 1.183864e+01 -8.367834e+00) (-4.499085e-01 3.831102e-02 -7.182663e-02))
502.4         	((-6.269519e+01 4.386852e+02 -1.379987e+02) (-1.384196e+00 1.091013e+01 -6.877656e-01)) ((-1.409859e+01 1.145776e+01 -7.941942e+00) (-4.514020e-01 3.987067e-02 -6.943013e-02))
502.41        	((-5.532312e+01 4.393099e+02 -1.391361e+02) (-1.368018e+00 1.090439e+01 -6.897710e-01)) ((-1.406377e+01 1.105476e+01 -7.502654e+00) (-4.525548e-01 4.140454e-02 -6.694424e-02))
502.42        	((-4.794934e+01 4.399682e+02 -1.403480e+02) (-1.347897e+00 1.089778e+01 -6.926500e-01)) ((-1.403401e+01 1.063341e+01 -7.053938e+00) (-4.534944e-01 4.288115e-02 -6.430250e-02))
502.43        	((-4.060445e+01 4.406618e+02 -1.416331e+02) (-1.324014e+00 1.089032e+01 -6.964259e-01)) ((-1.401414e+01 1.019931e+01 -6.601073e+00) (-4.542339e-01 4.432605e-02 -6.154262e-02))
502.44        	((-3.332237e+01 4.413695e+02 -1.429813e+02) (-1.296625e+00 1.088211e+01 -7.010138e-01)) ((-1.400133e+01 9.758247e+00 -6.148794e+00) (-4.547294e-01 4.574153e-02 -5.868698e-02))
502.45        	((-2.614770e+01 4.420733e+02 -1.443686e+02) (-1.266027e+00 1.087309e+01 -7.063961e-01)) ((-1.398950e+01 9.312089e+00 -5.699600e+00) (-4.549524e-01 4.713298e-02 -5.577352e-02))
502.46        	((-1.912291e+01 4.427679e+02 -1.457816e+02) (-1.232459e+00 1.086329e+01 -7.124871e-01)) ((-1.397986e+01 8.861691e+00 -5.254543e+00) (-4.548867e-01 4.849349e-02 -5.283876e-02))
502.47        	((-1.228531e+01 4.434620e+02 -1.472081e+02) (-1.196219e+00 1.085255e+01 -7.192597e-01)) ((-1.397765e+01 8.406415e+00 -4.815309e+00) (-4.545213e-01 4.982931e-02 -4.992978e-02))
502.48        	((-5.673278e+00 4.441638e+02 -1.486450e+02) (-1.157689e+00 1.084092e+01 -7.267130e-01)) ((-1.399123e+01 7.947653e+00 -4.383192e+00) (-4.538945e-01 5.115512e-02 -4.706692e-02))
502.49        	((6.830301e-01 4.448749e+02 -1.500848e+02) (-1.117205e+00 1.082849e+01 -7.348174e-01)) ((-1.402666e+01 7.490072e+00 -3.961931e+00) (-4.530343e-01 5.248345e-02 -4.428483e-02))
502.5         	((6.756252e+00 4.455877e+02 -1.515183e+02) (-1.075098e+00 1.081545e+01 -7.435119e-01)) ((-1.408523e+01 7.039197e+00 -3.555426e+00) (-4.519734e-01 5.381661e-02 -4.158817e-02))
502.51        	((1.251473e+01 4.462964e+02 -1.529246e+02) (-1.031741e+00 1.080179e+01 -7.527360e-01)) ((-1.416197e+01 6.596098e+00 -3.164993e+00) (-4.507315e-01 5.514293e-02 -3.898460e-02))
502.52        	((1.793084e+01 4.469915e+02 -1.542966e+02) (-9.874695e-01 1.078791e+01 -7.623544e-01)) ((-1.425598e+01 6.163543e+00 -2.792707e+00) (-4.493710e-01 5.646438e-02 -3.646581e-02))
502.53        	((2.297713e+01 4.476762e+02 -1.556018e+02) (-9.427405e-01 1.077350e+01 -7.723837e-01)) ((-1.436137e+01 5.739033e+00 -2.438293e+00) (-4.478323e-01 5.777590e-02 -3.410913e-02))
502.54        	((2.764190e+01 4.483388e+02 -1.568538e+02) (-8.977927e-01 1.075940e+01 -7.825663e-01)) ((-1.448402e+01 5.330603e+00 -2.105833e+00) (-4.462323e-01 5.907789e-02 -3.183975e-02))
502.55        	((3.190216e+01 4.489870e+02 -1.580094e+02) (-8.531026e-01 1.074488e+01 -7.930592e-01)) ((-1.461221e+01 4.934166e+00 -1.794634e+00) (-4.444844e-01 6.034824e-02 -2.974864e-02))
502.56        	((3.575542e+01 4.496044e+02 -1.590928e+02) (-8.088161e-01 1.073107e+01 -8.034572e-01)) ((-1.475364e+01 4.558280e+00 -1.507631e+00) (-4.427687e-01 6.160994e-02 -2.777732e-02))
502.57        	((3.918740e+01 4.502012e+02 -1.600575e+02) (-7.653591e-01 1.071702e+01 -8.139118e-01)) ((-1.489568e+01 4.197662e+00 -1.243061e+00) (-4.409327e-01 6.283978e-02 -2.602800e-02))
502.58        	((4.221648e+01 4.507592e+02 -1.609439e+02) (-7.227966e-01 1.070415e+01 -8.239550e-01)) ((-1.505338e+01 3.862269e+00 -1.003759e+00) (-4.392294e-01 6.408179e-02 -2.440076e-02))
502.59        	((4.482568e+01 4.512979e+02 -1.616827e+02) (-6.815397e-01 1.069105e+01 -8.338793e-01)) ((-1.520980e+01 3.543074e+00 -7.877221e-01) (-4.373855e-01 6.527449e-02 -2.304695e-02))
502.6         	((4.704902e+01 4.517927e+02 -1.623333e+02) (-6.416366e-01 1.067982e+01 -8.430902e-01)) ((-1.538102e+01 3.252358e+00 -5.969024e-01) (-4.358338e-01 6.651688e-02 -2.183564e-02))
502.61        	((4.885870e+01 4.522628e+02 -1.628011e+02) (-6.033935e-01 1.066834e+01 -8.520669e-01)) ((-1.553553e+01 2.979180e+00 -4.293967e-01) (-4.340563e-01 6.765296e-02 -2.091748e-02))
502.62        	((5.032478e+01 4.526799e+02 -1.631842e+02) (-5.669350e-01 1.065915e+01 -8.600738e-01)) ((-1.570180e+01 2.734152e+00 -2.820007e-01) (-4.327959e-01 6.890664e-02 -2.017970e-02))
502.63        	((5.139665e+01 4.530709e+02 -1.633712e+02) (-5.321598e-01 1.064964e+01 -8.675992e-01)) ((-1.584546e+01 2.506659e+00 -1.587624e-01) (-4.310576e-01 6.992994e-02 -1.970401e-02))
502.64        	((5.218914e+01 4.534036e+02 -1.634848e+02) (-4.996957e-01 1.064280e+01 -8.739458e-01)) ((-1.600472e+01 2.303407e+00 -4.894938e-02) (-4.303043e-01 7.123933e-02 -1.948447e-02))
502.65        	((5.261839e+01 4.537043e+02 -1.633894e+02) (-4.685463e-01 1.063559e+01 -8.795324e-01)) ((-1.613493e+01 2.119323e+00 3.483460e-02) (-4.285582e-01 7.205796e-02 -1.938074e-02))
502.66        	((5.280671e+01 4.539400e+02 -1.632182e+02) (-4.397657e-01 1.063247e+01 -8.838556e-01)) ((-1.628371e+01 1.960697e+00 1.050841e-01) (-4.282225e-01 7.315953e-02 -1.923895e-02))
502.67        	((5.269569e+01 4.541128e+02 -1.628723e+02) (-4.125322e-01 1.062961e+01 -8.870939e-01)) ((-1.641035e+01 1.826818e+00 1.466859e-01) (-4.272202e-01 7.384120e-02 -1.917740e-02))
502.68        	((5.240484e+01 4.542140e+02 -1.624315e+02) (-3.880448e-01 1.062826e+01 -8.893536e-01)) ((-1.654205e+01 1.705403e+00 1.843927e-01) (-4.271840e-01 7.482849e-02 -1.959629e-02))
502.69        	((5.184803e+01 4.542755e+02 -1.618016e+02) (-3.646410e-01 1.062793e+01 -8.904174e-01)) ((-1.664583e+01 1.599168e+00 2.051728e-01) (-4.265410e-01 7.534184e-02 -1.988619e-02))
502.7         	((5.116276e+01 4.542674e+02 -1.611076e+02) (-3.438213e-01 1.062939e+01 -8.901324e-01)) ((-1.675965e+01 1.508783e+00 2.235640e-01) (-4.270698e-01 7.613229e-02 -2.047213e-02))
502.71        	((5.027044e+01 4.542039e+02 -1.602559e+02) (-3.240484e-01 1.063165e+01 -8.886820e-01)) ((-1.684635e+01 1.436085e+00 2.226632e-01) (-4.269436e-01 7.642848e-02 -2.088421e-02))
502.72        	((4.929421e+01 4.540646e+02 -1.593556e+02) (-3.067661e-01 1.063518e+01 -8.858857e-01)) ((-1.694170e+01 1.374927e+00 2.223924e-01) (-4.279079e-01 7.698577e-02 -2.159870e-02))
502.73        	((4.815150e+01 4.538670e+02 -1.583186e+02) (-2.903687e-01 1.063963e+01 -8.819121e-01)) ((-1.701085e+01 1.327378e+00 2.081890e-01) (-4.283150e-01 7.703876e-02 -2.205599e-02))
502.74        	((4.696671e+01 4.535987e+02 -1.572484e+02) (-2.763575e-01 1.064472e+01 -8.766869e-01)) ((-1.708667e+01 1.285411e+00 2.013764e-01) (-4.297376e-01 7.733458e-02 -2.284257e-02))
502.75        	((4.565633e+01 4.532741e+02 -1.560697e+02) (-2.629930e-01 1.065085e+01 -8.703278e-01)) ((-1.713692e+01 1.255932e+00 1.855163e-01) (-4.306480e-01 7.712502e-02 -2.329091e-02))
502.76        	((4.434623e+01 4.528811e+02 -1.548683e+02) (-2.518318e-01 1.065716e+01 -8.628117e-01)) ((-1.718875e+01 1.230518e+00 1.784912e-01) (-4.324877e-01 7.716074e-02 -2.407735e-02))
502.77        	((4.295133e+01 4.524345e+02 -1.535708e+02) (-2.411013e-01 1.066458e+01 -8.543767e-01)) ((-1.720782e+01 1.217624e+00 1.591450e-01) (-4.339654e-01 7.672244e-02 -2.445044e-02))
502.78        	((4.158137e+01 4.519167e+02 -1.522635e+02) (-2.323562e-01 1.067192e+01 -8.450138e-01)) ((-1.721635e+01 1.203087e+00 1.488863e-01) (-4.363129e-01 7.650322e-02 -2.510408e-02))
502.79        	((4.014695e+01 4.513356e+02 -1.509025e+02) (-2.239944e-01 1.067981e+01 -8.348486e-01)) ((-1.719165e+01 1.197265e+00 1.299095e-01) (-4.382829e-01 7.583544e-02 -2.537389e-02))
502.8         	((3.875560e+01 4.506930e+02 -1.495628e+02) (-2.172868e-01 1.068742e+01 -8.240043e-01)) ((-1.715998e+01 1.190477e+00 1.209446e-01) (-4.409318e-01 7.533699e-02 -2.584713e-02))
502.81        	((3.733219e+01 4.500073e+02 -1.481958e+02) (-2.109453e-01 1.069506e+01 -8.126251e-01)) ((-1.710044e+01 1.192766e+00 1.049355e-01) (-4.433405e-01 7.448968e-02 -2.602750e-02))
502.82        	((3.597156e+01 4.492817e+02 -1.468701e+02) (-2.059349e-01 1.070223e+01 -8.007203e-01)) ((-1.703371e+01 1.194586e+00 9.737260e-02) (-4.462362e-01 7.379530e-02 -2.636129e-02))
502.83        	((3.459745e+01 4.485218e+02 -1.455435e+02) (-2.011496e-01 1.070907e+01 -7.884526e-01)) ((-1.693872e+01 1.204022e+00 8.278763e-02) (-4.488037e-01 7.281206e-02 -2.644027e-02))
502.84        	((3.329194e+01 4.477266e+02 -1.442835e+02) (-1.975164e-01 1.071508e+01 -7.759539e-01)) ((-1.683632e+01 1.210375e+00 7.789116e-02) (-4.517963e-01 7.200190e-02 -2.669966e-02))
502.85        	((3.197636e+01 4.469090e+02 -1.430536e+02) (-1.938825e-01 1.072075e+01 -7.633591e-01)) ((-1.670951e+01 1.223942e+00 6.591165e-02) (-4.544079e-01 7.088826e-02 -2.666564e-02))
502.86        	((3.073636e+01 4.460743e+02 -1.419193e+02) (-1.912837e-01 1.072540e+01 -7.507868e-01)) ((-1.658159e+01 1.235490e+00 6.249433e-02) (-4.573738e-01 6.995372e-02 -2.679707e-02))
502.87        	((2.949843e+01 4.452379e+02 -1.408423e+02) (-1.886280e-01 1.072933e+01 -7.383747e-01)) ((-1.643581e+01 1.253506e+00 5.243980e-02) (-4.599176e-01 6.875253e-02 -2.667399e-02))
502.88        	((2.834217e+01 4.444003e+02 -1.398840e+02) (-1.869211e-01 1.073221e+01 -7.261957e-01)) ((-1.629324e+01 1.270175e+00 4.969396e-02) (-4.627607e-01 6.773675e-02 -2.669650e-02))
502.89        	((2.718419e+01 4.435756e+02 -1.389958e+02) (-1.849884e-01 1.073419e+01 -7.144454e-01)) ((-1.613455e+01 1.294099e+00 3.770433e-02) (-4.650605e-01 6.643585e-02 -2.643856e-02))
502.9         	((2.610376e+01 4.427606e+02 -1.382465e+02) (-1.838464e-01 1.073504e+01 -7.031505e-01)) ((-1.598464e+01 1.318111e+00 3.093510e-02) (-4.676110e-01 6.531466e-02 -2.629437e-02))
502.91        	((2.503101e+01 4.419773e+02 -1.375776e+02) (-1.826142e-01 1.073429e+01 -6.925934e-01)) ((-1.582251e+01 1.344553e+00 1.824336e-02) (-4.696284e-01 6.399055e-02 -2.600415e-02))
502.92        	((2.403681e+01 4.412193e+02 -1.370699e+02) (-1.820814e-01 1.073224e+01 -6.825856e-01)) ((-1.567719e+01 1.372058e+00 1.083127e-02) (-4.718104e-01 6.290536e-02 -2.585891e-02))
502.93        	((2.303080e+01 4.405046e+02 -1.366462e+02) (-1.811387e-01 1.072888e+01 -6.734843e-01)) ((-1.552235e+01 1.406546e+00 -8.251237e-03) (-4.732273e-01 6.152589e-02 -2.544180e-02))
502.94        	((2.209688e+01 4.398209e+02 -1.363903e+02) (-1.808478e-01 1.072476e+01 -6.651892e-01)) ((-1.538905e+01 1.444623e+00 -2.556952e-02) (-4.749280e-01 6.033013e-02 -2.506564e-02))
502.95        	((2.117503e+01 4.391998e+02 -1.362141e+02) (-1.807070e-01 1.071812e+01 -6.582083e-01)) ((-1.524753e+01 1.475965e+00 -4.300959e-02) (-4.761252e-01 5.901604e-02 -2.473261e-02))
502.96        	((2.029170e+01 4.386201e+02 -1.362145e+02) (-1.807506e-01 1.071161e+01 -6.519300e-01)) ((-1.513087e+01 1.515726e+00 -6.186883e-02) (-4.774338e-01 5.775548e-02 -2.421716e-02))
502.97        	((1.940488e+01 4.381109e+02 -1.362888e+02) (-1.809587e-01 1.070239e+01 -6.471176e-01)) ((-1.500909e+01 1.548158e+00 -8.141422e-02) (-4.781079e-01 5.641342e-02 -2.380000e-02))
502.98        	((1.857232e+01 4.376520e+02 -1.365390e+02) (-1.815196e-01 1.069302e+01 -6.431667e-01)) ((-1.491845e+01 1.585008e+00 -9.854679e-02) (-4.790168e-01 5.526604e-02 -2.335323e-02))
502.99        	((1.771823e+01 4.372661e+02 -1.368512e+02) (-1.818289e-01 1.068152e+01 -6.405219e-01)) ((-1.482609e+01 1.620803e+00 -1.236340e-01) (-4.790486e-01 5.390040e-02 -2.284759e-02))
503           	((1.692403e+01 4.369337e+02 -1.373290e+02) (-1.825183e-01 1.067009e+01 -6.388178e-01)) ((-1.476973e+01 1.661371e+00 -1.478969e-01) (-4.793585e-01 5.278409e-02 -2.233574e-02))
503.01        	((1.612965e+01 4.366886e+02 -1.378565e+02) (-1.833405e-01 1.065586e+01 -6.385547e-01)) ((-1.471138e+01 1.693973e+00 -1.736172e-01) (-4.789639e-01 5.158876e-02 -2.199455e-02))
503.02        	((1.536516e+01 4.364990e+02 -1.385400e+02) (-1.841960e-01 1.064262e+01 -6.390326e-01)) ((-1.468786e+01 1.739991e+00 -2.054627e-01) (-4.787549e-01 5.051859e-02 -2.146053e-02))
503.03        	((1.459333e+01 4.363950e+02 -1.392507e+02) (-1.852513e-01 1.062673e+01 -6.409619e-01)) ((-1.466359e+01 1.779374e+00 -2.409162e-01) (-4.778308e-01 4.938972e-02 -2.112861e-02))
503.04        	((1.387026e+01 4.363477e+02 -1.400971e+02) (-1.865779e-01 1.061170e+01 -6.436704e-01)) ((-1.467719e+01 1.826335e+00 -2.777309e-01) (-4.772714e-01 4.847842e-02 -2.072060e-02))
503.05        	((1.312226e+01 4.363795e+02 -1.409480e+02) (-1.877580e-01 1.059478e+01 -6.475456e-01)) ((-1.468869e+01 1.871132e+00 -3.233354e-01) (-4.758651e-01 4.736128e-02 -2.034552e-02))
503.06        	((1.243067e+01 4.364615e+02 -1.419118e+02) (-1.892671e-01 1.057897e+01 -6.521253e-01)) ((-1.473772e+01 1.921380e+00 -3.687444e-01) (-4.748988e-01 4.650652e-02 -1.993111e-02))
503.07        	((1.173454e+01 4.366221e+02 -1.428578e+02) (-1.909188e-01 1.056092e+01 -6.578125e-01)) ((-1.478170e+01 1.963771e+00 -4.165415e-01) (-4.732383e-01 4.554880e-02 -1.971863e-02))
503.08        	((1.107614e+01 4.368273e+02 -1.438977e+02) (-1.926672e-01 1.054474e+01 -6.639153e-01)) ((-1.485940e+01 2.018452e+00 -4.688577e-01) (-4.719756e-01 4.476661e-02 -1.933492e-02))
503.09        	((1.040117e+01 4.371024e+02 -1.448965e+02) (-1.944962e-01 1.052671e+01 -6.709645e-01)) ((-1.493077e+01 2.068568e+00 -5.270171e-01) (-4.699829e-01 4.386632e-02 -1.912455e-02))
503.1         	((9.787107e+00 4.374135e+02 -1.459626e+02) (-1.966484e-01 1.051037e+01 -6.783665e-01)) ((-1.503594e+01 2.123893e+00 -5.837331e-01) (-4.685629e-01 4.324483e-02 -1.888275e-02))
503.11        	((9.150737e+00 4.377820e+02 -1.469599e+02) (-1.986236e-01 1.049283e+01 -6.863463e-01)) ((-1.513238e+01 2.176395e+00 -6.482579e-01) (-4.663515e-01 4.239527e-02 -1.868756e-02))
503.12        	((8.576532e+00 4.381762e+02 -1.480012e+02) (-2.009177e-01 1.047727e+01 -6.944881e-01)) ((-1.526045e+01 2.233561e+00 -7.108248e-01) (-4.647526e-01 4.183234e-02 -1.845889e-02))
503.13        	((7.996277e+00 4.386208e+02 -1.489538e+02) (-2.032519e-01 1.046030e+01 -7.030993e-01)) ((-1.537649e+01 2.282920e+00 -7.753878e-01) (-4.625143e-01 4.112813e-02 -1.840353e-02))
503.14        	((7.469637e+00 4.390787e+02 -1.499307e+02) (-2.058114e-01 1.044568e+01 -7.116005e-01)) ((-1.551841e+01 2.340405e+00 -8.398053e-01) (-4.609132e-01 4.067301e-02 -1.826882e-02))
503.15        	((6.922890e+00 4.395715e+02 -1.507986e+02) (-2.082010e-01 1.043029e+01 -7.203386e-01)) ((-1.564519e+01 2.394961e+00 -9.107784e-01) (-4.586105e-01 3.999883e-02 -1.818031e-02))
503.16        	((6.445090e+00 4.400650e+02 -1.516688e+02) (-2.108888e-01 1.041721e+01 -7.288399e-01)) ((-1.579783e+01 2.452412e+00 -9.776745e-01) (-4.570228e-01 3.961922e-02 -1.807652e-02))
503.17        	((5.961901e+00 4.405828e+02 -1.524109e+02) (-2.134974e-01 1.040326e+01 -7.373472e-01)) ((-1.593288e+01 2.502280e+00 -1.046563e+00) (-4.548548e-01 3.906581e-02 -1.809794e-02))
503.18        	((5.547537e+00 4.410919e+02 -1.531412e+02) (-2.164616e-01 1.039156e+01 -7.454391e-01)) ((-1.608849e+01 2.554970e+00 -1.109906e+00) (-4.534826e-01 3.883466e-02 -1.815656e-02))
503.19        	((5.107201e+00 4.416105e+02 -1.537325e+02) (-2.189496e-01 1.037988e+01 -7.532512e-01)) ((-1.622272e+01 2.606313e+00 -1.180444e+00) (-4.513712e-01 3.829555e-02 -1.812184e-02))
503.2         	((4.736239e+00 4.421055e+02 -1.542973e+02) (-2.217722e-01 1.037056e+01 -7.605104e-01)) ((-1.637644e+01 2.659440e+00 -1.245721e+00) (-4.500497e-01 3.807786e-02 -1.811930e-02))
503.21        	((4.367536e+00 4.426006e+02 -1.547118e+02) (-2.245356e-01 1.036048e+01 -7.674785e-01)) ((-1.650749e+01 2.702279e+00 -1.309739e+00) (-4.482777e-01 3.771608e-02 -1.826825e-02))
503.22        	((4.055183e+00 4.430637e+02 -1.550922e+02) (-2.274226e-01 1.035307e+01 -7.736433e-01)) ((-1.665260e+01 2.749762e+00 -1.369530e+00) (-4.472475e-01 3.758615e-02 -1.835350e-02))
503.23        	((3.727300e+00 4.435135e+02 -1.553190e+02) (-2.300406e-01 1.034541e+01 -7.793486e-01)) ((-1.677205e+01 2.791968e+00 -1.431804e+00) (-4.456716e-01 3.725474e-02 -1.847173e-02))
503.24        	((3.471184e+00 4.439194e+02 -1.555094e+02) (-2.329337e-01 1.033999e+01 -7.842327e-01)) ((-1.690574e+01 2.833661e+00 -1.485719e+00) (-4.448999e-01 3.722378e-02 -1.862431e-02))
503.25        	((3.198730e+00 4.443056e+02 -1.555481e+02) (-2.354911e-01 1.033442e+01 -7.884922e-01)) ((-1.701362e+01 2.869571e+00 -1.541890e+00) (-4.436279e-01 3.696189e-02 -1.877637e-02))
503.26        	((2.995333e+00 4.446414e+02 -1.555494e+02) (-2.383424e-01 1.033096e+01 -7.918737e-01)) ((-1.713333e+01 2.904291e+00 -1.589035e+00) (-4.431758e-01 3.700347e-02 -1.898381e-02))
503.27        	((2.770198e+00 4.449496e+02 -1.554013e+02) (-2.408010e-01 1.032744e+01 -7.945598e-01)) ((-1.722461e+01 2.934194e+00 -1.638775e+00) (-4.421992e-01 3.679298e-02 -1.914673e-02))
503.28        	((2.608699e+00 4.452094e+02 -1.552135e+02) (-2.435753e-01 1.032596e+01 -7.963168e-01)) ((-1.732659e+01 2.962965e+00 -1.679610e+00) (-4.420102e-01 3.687717e-02 -1.936951e-02))
503.29        	((2.425786e+00 4.454347e+02 -1.548803e+02) (-2.459604e-01 1.032433e+01 -7.973727e-01)) ((-1.739857e+01 2.986270e+00 -1.722062e+00) (-4.413695e-01 3.672665e-02 -1.955826e-02))
503.3         	((2.309350e+00 4.455951e+02 -1.545193e+02) (-2.486658e-01 1.032467e+01 -7.975192e-01)) ((-1.747707e+01 3.007789e+00 -1.754314e+00) (-4.416209e-01 3.688446e-02 -1.983539e-02))
503.31        	((2.167151e+00 4.457100e+02 -1.540246e+02) (-2.508653e-01 1.032491e+01 -7.969720e-01)) ((-1.752324e+01 3.025819e+00 -1.789254e+00) (-4.414127e-01 3.678424e-02 -2.003670e-02))
503.32        	((2.087759e+00 4.457542e+02 -1.535068e+02) (-2.533605e-01 1.032672e+01 -7.955456e-01)) ((-1.757434e+01 3.043535e+00 -1.815405e+00) (-4.420327e-01 3.698626e-02 -2.032712e-02))
503.33        	((1.984252e+00 4.457536e+02 -1.528632e+02) (-2.554258e-01 1.032816e+01 -7.934880e-01)) ((-1.759349e+01 3.057578e+00 -1.844305e+00) (-4.422202e-01 3.695213e-02 -2.057229e-02))
503.34        	((1.943461e+00 4.456909e+02 -1.522289e+02) (-2.578298e-01 1.033086e+01 -7.905926e-01)) ((-1.761737e+01 3.070892e+00 -1.863707e+00) (-4.432100e-01 3.720917e-02 -2.090442e-02))
503.35        	((1.870236e+00 4.455943e+02 -1.514922e+02) (-2.597047e-01 1.033331e+01 -7.871158e-01)) ((-1.761051e+01 3.081849e+00 -1.886963e+00) (-4.436854e-01 3.718278e-02 -2.111422e-02))
503.36        	((1.853485e+00 4.454430e+02 -1.507582e+02) (-2.619138e-01 1.033701e+01 -7.828982e-01)) ((-1.761137e+01 3.092269e+00 -1.901692e+00) (-4.449316e-01 3.743668e-02 -2.139818e-02))
503.37        	((1.807579e+00 4.452603e+02 -1.499275e+02) (-2.637055e-01 1.034006e+01 -7.782126e-01)) ((-1.758292e+01 3.098720e+00 -1.919066e+00) (-4.457167e-01 3.744518e-02 -2.162417e-02))
503.38        	((1.818269e+00 4.450236e+02 -1.491228e+02) (-2.658274e-01 1.034419e+01 -7.728479e-01)) ((-1.756218e+01 3.104875e+00 -1.927643e+00) (-4.472615e-01 3.772875e-02 -2.192165e-02))
503.39        	((1.793155e+00 4.447556e+02 -1.482479e+02) (-2.674277e-01 1.034775e+01 -7.670944e-01)) ((-1.751187e+01 3.109165e+00 -1.940389e+00) (-4.482579e-01 3.773144e-02 -2.210052e-02))
503.4         	((1.821570e+00 4.444248e+02 -1.474030e+02) (-2.693418e-01 1.035232e+01 -7.606521e-01)) ((-1.746734e+01 3.114153e+00 -1.945305e+00) (-4.499963e-01 3.800512e-02 -2.233980e-02))
503.41        	((1.816493e+00 4.440716e+02 -1.464951e+02) (-2.708424e-01 1.035593e+01 -7.540268e-01)) ((-1.739341e+01 3.115647e+00 -1.953272e+00) (-4.512183e-01 3.803259e-02 -2.252640e-02))
503.42        	((1.861093e+00 4.436853e+02 -1.456561e+02) (-2.726136e-01 1.036046e+01 -7.469605e-01)) ((-1.733149e+01 3.117757e+00 -1.952985e+00) (-4.531038e-01 3.834046e-02 -2.278158e-02))
503.43        	((1.865591e+00 4.432931e+02 -1.447877e+02) (-2.738902e-01 1.036404e+01 -7.397892e-01)) ((-1.724445e+01 3.117183e+00 -1.956602e+00) (-4.543542e-01 3.838201e-02 -2.295805e-02))
503.44        	((1.918019e+00 4.428692e+02 -1.440066e+02) (-2.754456e-01 1.036853e+01 -7.323230e-01)) ((-1.717120e+01 3.118187e+00 -1.953000e+00) (-4.562637e-01 3.868703e-02 -2.317049e-02))
503.45        	((1.933941e+00 4.424378e+02 -1.431986e+02) (-2.766132e-01 1.037170e+01 -7.249295e-01)) ((-1.707205e+01 3.115579e+00 -1.952821e+00) (-4.575590e-01 3.874253e-02 -2.335062e-02))
503.46        	((1.997295e+00 4.419813e+02 -1.424872e+02) (-2.780374e-01 1.037577e+01 -7.173738e-01)) ((-1.698776e+01 3.115559e+00 -1.946186e+00) (-4.595031e-01 3.905153e-02 -2.354483e-02))
503.47        	((2.019646e+00 4.415291e+02 -1.417601e+02) (-2.790471e-01 1.037846e+01 -7.100355e-01)) ((-1.688007e+01 3.112758e+00 -1.943989e+00) (-4.607574e-01 3.909000e-02 -2.369038e-02))
503.48        	((2.086850e+00 4.410626e+02 -1.411454e+02) (-2.803149e-01 1.038229e+01 -7.027062e-01)) ((-1.679136e+01 3.112956e+00 -1.935620e+00) (-4.626504e-01 3.938663e-02 -2.383915e-02))
503.49        	((2.112965e+00 4.406135e+02 -1.405290e+02) (-2.812263e-01 1.038448e+01 -6.957529e-01)) ((-1.668125e+01 3.109503e+00 -1.931245e+00) (-4.638343e-01 3.942068e-02 -2.397568e-02))
503.5         	((2.181394e+00 4.401662e+02 -1.400529e+02) (-2.823548e-01 1.038766e+01 -6.890350e-01)) ((-1.659750e+01 3.109608e+00 -1.921202e+00) (-4.656540e-01 3.970543e-02 -2.409078e-02))
503.51        	((2.207210e+00 4.397443e+02 -1.395806e+02) (-2.831431e-01 1.038905e+01 -6.827685e-01)) ((-1.649399e+01 3.105806e+00 -1.915278e+00) (-4.667128e-01 3.972370e-02 -2.420847e-02))
503.52        	((2.275037e+00 4.393189e+02 -1.392271e+02) (-2.841315e-01 1.039147e+01 -6.766885e-01)) ((-1.641025e+01 3.106289e+00 -1.904129e+00) (-4.683995e-01 3.999462e-02 -2.428781e-02))
503.53        	((2.299786e+00 4.389214e+02 -1.388670e+02) (-2.848187e-01 1.039192e+01 -6.711859e-01)) ((-1.630456e+01 3.102488e+00 -1.896854e+00) (-4.692853e-01 3.999938e-02 -2.439308e-02))
503.54        	((2.364238e+00 4.385304e+02 -1.386391e+02) (-2.856850e-01 1.039350e+01 -6.659842e-01)) ((-1.622397e+01 3.103475e+00 -1.884722e+00) (-4.707970e-01 4.025647e-02 -2.444100e-02))
503.55        	((2.384313e+00 4.381828e+02 -1.384229e+02) (-2.862846e-01 1.039298e+01 -6.614594e-01)) ((-1.612811e+01 3.099673e+00 -1.876346e+00) (-4.714733e-01 4.024644e-02 -2.453504e-02))
503.56        	((2.442287e+00 4.378520e+02 -1.383498e+02) (-2.870500e-01 1.039367e+01 -6.573115e-01)) ((-1.606139e+01 3.101085e+00 -1.863574e+00) (-4.727808e-01 4.049025e-02 -2.455636e-02))
503.57        	((2.455135e+00 4.375682e+02 -1.382828e+02) (-2.875803e-01 1.039215e+01 -6.538933e-01)) ((-1.597890e+01 3.097377e+00 -1.854532e+00) (-4.732214e-01 4.046513e-02 -2.464150e-02))
503.58        	((2.504936e+00 4.373034e+02 -1.383495e+02) (-2.882677e-01 1.039195e+01 -6.508910e-01)) ((-1.592470e+01 3.099186e+00 -1.841463e+00) (-4.742982e-01 4.069638e-02 -2.464090e-02))
503.59        	((2.509265e+00 4.370882e+02 -1.384136e+02) (-2.887476e-01 1.038946e+01 -6.486486e-01)) ((-1.585474e+01 3.095515e+00 -1.832116e+00) (-4.744815e-01 4.065655e-02 -2.472058e-02))
503.6         	((2.549651e+00 4.368968e+02 -1.386114e+02) (-2.893853e-01 1.038838e+01 -6.468436e-01)) ((-1.581598e+01 3.097747e+00 -1.819153e+00) (-4.753105e-01 4.087604e-02 -2.470324e-02))
503.61        	((2.543949e+00 4.367587e+02 -1.388044e+02) (-2.898337e-01 1.038497e+01 -6.458150e-01)) ((-1.576364e+01 3.094370e+00 -1.810003e+00) (-4.752295e-01 4.082226e-02 -2.477950e-02))
503.62        	((2.573554e+00 4.366431e+02 -1.391235e+02) (-2.904529e-01 1.038310e+01 -6.452162e-01)) ((-1.574283e+01 3.097039e+00 -1.797371e+00) (-4.758055e-01 4.103150e-02 -2.475003e-02))
503.63        	((2.557060e+00 4.365823e+02 -1.394284e+02) (-2.909001e-01 1.037889e+01 -6.453762e-01)) ((-1.570847e+01 3.094032e+00 -1.788708e+00) (-4.754638e-01 4.096577e-02 -2.482419e-02))
503.64        	((2.576005e+00 4.365456e+02 -1.398497e+02) (-2.915145e-01 1.037632e+01 -6.459539e-01)) ((-1.570573e+01 3.097301e+00 -1.776907e+00) (-4.757970e-01 4.116684e-02 -2.478981e-02))
503.65        	((2.548985e+00 4.365634e+02 -1.402459e+02) (-2.919932e-01 1.037147e+01 -6.472262e-01)) ((-1.568910e+01 3.094847e+00 -1.769231e+00) (-4.752072e-01 4.109020e-02 -2.486082e-02))
503.66        	((2.557290e+00 4.366019e+02 -1.407481e+02) (-2.926278e-01 1.036833e+01 -6.488793e-01)) ((-1.570406e+01 3.098583e+00 -1.758523e+00) (-4.753120e-01 4.128499e-02 -2.482677e-02))
503.67        	((2.519662e+00 4.366910e+02 -1.412139e+02) (-2.931548e-01 1.036298e+01 -6.511492e-01)) ((-1.570482e+01 3.096585e+00 -1.751906e+00) (-4.744990e-01 4.120032e-02 -2.489845e-02))
503.68        	((2.517994e+00 4.367970e+02 -1.417733e+02) (-2.938418e-01 1.035943e+01 -6.537376e-01)) ((-1.573664e+01 3.100855e+00 -1.742351e+00) (-4.744017e-01 4.139060e-02 -2.486724e-02))
503.69        	((2.470957e+00 4.369508e+02 -1.422837e+02) (-2.944307e-01 1.035377e+01 -6.568598e-01)) ((-1.575359e+01 3.099569e+00 -1.737103e+00) (-4.734011e-01 4.129995e-02 -2.494129e-02))
503.7         	((2.460796e+00 4.371184e+02 -1.428746e+02) (-2.951909e-01 1.034999e+01 -6.602154e-01)) ((-1.580067e+01 3.104520e+00 -1.728992e+00) (-4.731375e-01 4.148763e-02 -2.491585e-02))
503.71        	((2.405949e+00 4.373290e+02 -1.434032e+02) (-2.958599e-01 1.034419e+01 -6.639984e-01)) ((-1.583182e+01 3.104014e+00 -1.725378e+00) (-4.719890e-01 4.139389e-02 -2.499281e-02))
503.72        	((2.388857e+00 4.375473e+02 -1.439992e+02) (-2.967122e-01 1.034037e+01 -6.679113e-01)) ((-1.589176e+01 3.109606e+00 -1.718819e+00) (-4.715984e-01 4.158165e-02 -2.497528e-02))
503.73        	((2.328021e+00 4.378018e+02 -1.445210e+02) (-2.974737e-01 1.033464e+01 -6.721384e-01)) ((-1.593459e+01 3.109949e+00 -1.717030e+00) (-4.703466e-01 4.148706e-02 -2.505493e-02))
503.74        	((2.306439e+00 4.380576e+02 -1.450968e+02) (-2.984326e-01 1.033093e+01 -6.763876e-01)) ((-1.600449e+01 3.116273e+00 -1.712300e+00) (-4.698732e-01 4.167635e-02 -2.504663e-02))
503.75        	((2.241806e+00 4.383414e+02 -1.455852e+02) (-2.992927e-01 1.032543e+01 -6.808436e-01)) ((-1.605564e+01 3.117535e+00 -1.712266e+00) (-4.685657e-01 4.158276e-02 -2.512955e-02))
503.76        	((2.218102e+00 4.386213e+02 -1.461170e+02) (-3.003562e-01 1.032198e+01 -6.852258e-01)) ((-1.613258e+01 3.124624e+00 -1.709167e+00) (-4.680592e-01 4.177592e-02 -2.513350e-02))
503.77        	((2.152921e+00 4.389247e+02 -1.465532e+02) (-3.013055e-01 1.031685e+01 -6.897092e-01)) ((-1.619003e+01 3.126911e+00 -1.711153e+00) (-4.667478e-01 4.168601e-02 -2.522088e-02))
503.78        	((2.130376e+00 4.392173e+02 -1.470228e+02) (-3.024688e-01 1.031380e+01 -6.940129e-01)) ((-1.627161e+01 3.134782e+00 -1.709950e+00) (-4.662536e-01 4.188403e-02 -2.523731e-02))
503.79        	((2.067096e+00 4.395246e+02 -1.473868e+02) (-3.035039e-01 1.030918e+01 -6.983075e-01)) ((-1.633139e+01 3.137919e+00 -1.713652e+00) (-4.649815e-01 4.179848e-02 -2.532776e-02))
503.8         	((2.048427e+00 4.398122e+02 -1.477737e+02) (-3.047623e-01 1.030663e+01 -7.023213e-01)) ((-1.641297e+01 3.146335e+00 -1.713899e+00) (-4.645405e-01 4.200194e-02 -2.535509e-02))
503.81        	((1.990354e+00 4.401086e+02 -1.480495e+02) (-3.058731e-01 1.030263e+01 -7.062281e-01)) ((-1.647172e+01 3.150243e+00 -1.719109e+00) (-4.633479e-01 4.192177e-02 -2.544637e-02))
503.82        	((1.978601e+00 4.403807e+02 -1.483436e+02) (-3.072155e-01 1.030068e+01 -7.097680e-01)) ((-1.655117e+01 3.159191e+00 -1.720642e+00) (-4.629960e-01 4.213138e-02 -2.548395e-02))
503.83        	((1.928566e+00 4.406558e+02 -1.485230e+02) (-3.083872e-01 1.029736e+01 -7.131191e-01)) ((-1.660665e+01 3.163781e+00 -1.727108e+00) (-4.619166e-01 4.205732e-02 -2.557530e-02))
503.84        	((1.926265e+00 4.409000e+02 -1.487162e+02) (-3.097953e-01 1.029606e+01 -7.160309e-01)) ((-1.668074e+01 3.173068e+00 -1.729537e+00) (-4.616860e-01 4.227394e-02 -2.562184e-02))
503.85        	((1.886676e+00 4.411412e+02 -1.487926e+02) (-3.110068e-01 1.029347e+01 -7.186891e-01)) ((-1.672939e+01 3.178118e+00 -1.736838e+00) (-4.607499e-01 4.220667e-02 -2.571151e-02))
503.86        	((1.896174e+00 4.413485e+02 -1.488824e+02) (-3.124601e-01 1.029284e+01 -7.208568e-01)) ((-1.679565e+01 3.187503e+00 -1.739700e+00) (-4.606659e-01 4.242972e-02 -2.576540e-02))
503.87        	((1.869829e+00 4.415515e+02 -1.488541e+02) (-3.136905e-01 1.029102e+01 -7.227278e-01)) ((-1.683562e+01 3.192589e+00 -1.747186e+00) (-4.598891e-01 4.236845e-02 -2.585186e-02))
503.88        	((1.892913e+00 4.417173e+02 -1.488381e+02) (-3.151654e-01 1.029111e+01 -7.240679e-01)) ((-1.689208e+01 3.201759e+00 -1.750033e+00) (-4.599669e-01 4.259699e-02 -2.590952e-02))
503.89        	((1.879967e+00 4.418709e+02 -1.487101e+02) (-3.163949e-01 1.029010e+01 -7.250858e-01)) ((-1.692175e+01 3.206983e+00 -1.757714e+00) (-4.593853e-01 4.254174e-02 -2.599061e-02))
503.9         	((1.917653e+00 4.419803e+02 -1.485985e+02) (-3.178670e-01 1.029089e+01 -7.255574e-01)) ((-1.696656e+01 3.216116e+00 -1.760537e+00) (-4.596531e-01 4.277543e-02 -2.605049e-02))
503.91        	((1.919315e+00 4.420727e+02 -1.483769e+02) (-3.190640e-01 1.029044e+01 -7.256992e-01)) ((-1.698324e+01 3.221191e+00 -1.767878e+00) (-4.592558e-01 4.272538e-02 -2.612660e-02))
503.92        	((1.972089e+00 4.421208e+02 -1.481746e+02) (-3.204998e-01 1.029173e+01 -7.252993e-01)) ((-1.701420e+01 3.229815e+00 -1.769986e+00) (-4.596996e-01 4.296284e-02 -2.618565e-02))
503.93        	((1.989010e+00 4.421546e+02 -1.478701e+02) (-3.216392e-01 1.029177e+01 -7.245833e-01)) ((-1.701704e+01 3.234336e+00 -1.776498e+00) (-4.594820e-01 4.291708e-02 -2.625473e-02))
503.94        	((2.056919e+00 4.421483e+02 -1.475953e+02) (-3.230134e-01 1.029347e+01 -7.233448e-01)) ((-1.703469e+01 3.242297e+00 -1.777689e+00) (-4.600938e-01 4.315673e-02 -2.630968e-02))
503.95        	((2.087774e+00 4.421280e+02 -1.472378e+02) (-3.240741e-01 1.029384e+01 -7.218268e-01)) ((-1.702457e+01 3.246371e+00 -1.783388e+00) (-4.600384e-01 4.311402e-02 -2.637121e-02))
503.96        	((2.169278e+00 4.420677e+02 -1.469186e+02) (-3.253614e-01 1.029580e+01 -7.198396e-01)) ((-1.702913e+01 3.253731e+00 -1.783559e+00) (-4.607971e-01 4.335391e-02 -2.641857e-02))
503.97        	((2.214651e+00 4.419969e+02 -1.465102e+02) (-3.263217e-01 1.029645e+01 -7.176362e-01)) ((-1.700610e+01 3.256884e+00 -1.787895e+00) (-4.608857e-01 4.331275e-02 -2.647121e-02))
503.98        	((2.310394e+00 4.418898e+02 -1.461439e+02) (-3.275007e-01 1.029863e+01 -7.150049e-01)) ((-1.699803e+01 3.263273e+00 -1.786658e+00) (-4.617720e-01 4.355113e-02 -2.650846e-02))
503.99        	((2.368923e+00 4.417750e+02 -1.457032e+02) (-3.283457e-01 1.029943e+01 -7.122065e-01)) ((-1.696341e+01 3.265465e+00 -1.789593e+00) (-4.619781e-01 4.350982e-02 -2.655232e-02))
504           	((2.476304e+00 4.416210e+02 -1.453143e+02) (-3.293995e-01 1.030170e+01 -7.089640e-01)) ((-1.694342e+01 3.271131e+00 -1.787257e+00) (-4.629725e-01 4.374510e-02 -2.657670e-02))
504.01        	((2.545369e+00 4.414615e+02 -1.448594e+02) (-3.301176e-01 1.030252e+01 -7.056475e-01)) ((-1.689660e+01 3.272471e+00 -1.788987e+00) (-4.632727e-01 4.370228e-02 -2.661130e-02))
504.02        	((2.661709e+00 4.412752e+02 -1.444751e+02) (-3.310339e-01 1.030478e+01 -7.020512e-01)) ((-1.686722e+01 3.277334e+00 -1.785199e+00) (-4.643363e-01 4.393249e-02 -2.662028e-02))
504.03        	((2.739241e+00 4.410917e+02 -1.440398e+02) (-3.316168e-01 1.030552e+01 -6.984619e-01)) ((-1.681323e+01 3.277657e+00 -1.785397e+00) (-4.646902e-01 4.388632e-02 -2.664535e-02))
504.04        	((2.863064e+00 4.408859e+02 -1.436847e+02) (-3.323856e-01 1.030768e+01 -6.946590e-01)) ((-1.677758e+01 3.281682e+00 -1.780302e+00) (-4.657916e-01 4.410987e-02 -2.663710e-02))
504.05        	((2.947391e+00 4.406841e+02 -1.432818e+02) (-3.328279e-01 1.030822e+01 -6.909413e-01)) ((-1.671759e+01 3.281028e+00 -1.779192e+00) (-4.661638e-01 4.405822e-02 -2.665195e-02))
504.06        	((3.076317e+00 4.404628e+02 -1.429640e+02) (-3.334468e-01 1.031018e+01 -6.870866e-01)) ((-1.667684e+01 3.284327e+00 -1.773043e+00) (-4.672708e-01 4.427369e-02 -2.662546e-02))
504.07        	((3.164489e+00 4.402508e+02 -1.426054e+02) (-3.337507e-01 1.031043e+01 -6.834083e-01)) ((-1.661295e+01 3.282729e+00 -1.770752e+00) (-4.676287e-01 4.421508e-02 -2.663083e-02))
504.08        	((3.295600e+00 4.400248e+02 -1.423401e+02) (-3.342213e-01 1.031215e+01 -6.796767e-01)) ((-1.657034e+01 3.285342e+00 -1.763572e+00) (-4.687116e-01 4.442080e-02 -2.658459e-02))
504.09        	((3.384943e+00 4.398168e+02 -1.420424e+02) (-3.343932e-01 1.031209e+01 -6.762030e-01)) ((-1.650626e+01 3.282959e+00 -1.760290e+00) (-4.690296e-01 4.435398e-02 -2.658090e-02))
504.1         	((3.516145e+00 4.396026e+02 -1.418512e+02) (-3.347208e-01 1.031346e+01 -6.728043e-01)) ((-1.646697e+01 3.284911e+00 -1.752342e+00) (-4.700654e-01 4.454866e-02 -2.651584e-02))
504.11        	((3.604460e+00 4.394105e+02 -1.416299e+02) (-3.347668e-01 1.031295e+01 -6.697088e-01)) ((-1.640702e+01 3.281700e+00 -1.748262e+00) (-4.703169e-01 4.447143e-02 -2.650319e-02))
504.12        	((3.732815e+00 4.392108e+02 -1.415043e+02) (-3.349617e-01 1.031391e+01 -6.666655e-01)) ((-1.636889e+01 3.283286e+00 -1.739900e+00) (-4.712785e-01 4.465566e-02 -2.642009e-02))
504.13        	((3.817412e+00 4.390344e+02 -1.413435e+02) (-3.348939e-01 1.031291e+01 -6.639899e-01)) ((-1.630928e+01 3.279673e+00 -1.735374e+00) (-4.714365e-01 4.456822e-02 -2.639908e-02))
504.14        	((3.940576e+00 4.388561e+02 -1.412854e+02) (-3.349709e-01 1.031341e+01 -6.614277e-01)) ((-1.627410e+01 3.281101e+00 -1.726681e+00) (-4.723015e-01 4.474229e-02 -2.630065e-02))
504.15        	((4.019814e+00 4.387097e+02 -1.412015e+02) (-3.348047e-01 1.031189e+01 -6.592837e-01)) ((-1.622092e+01 3.277151e+00 -1.721960e+00) (-4.723479e-01 4.464471e-02 -2.627385e-02))
504.16        	((4.136330e+00 4.385657e+02 -1.412242e+02) (-3.347800e-01 1.031191e+01 -6.572899e-01)) ((-1.619435e+01 3.278543e+00 -1.713429e+00) (-4.731033e-01 4.480912e-02 -2.616312e-02))
504.17        	((4.208130e+00 4.384551e+02 -1.412175e+02) (-3.345314e-01 1.030987e+01 -6.557373e-01)) ((-1.614922e+01 3.274520e+00 -1.708938e+00) (-4.730263e-01 4.470159e-02 -2.613201e-02))
504.18        	((4.316370e+00 4.383474e+02 -1.413115e+02) (-3.344247e-01 1.030941e+01 -6.543543e-01)) ((-1.612979e+01 3.275971e+00 -1.700747e+00) (-4.736588e-01 4.485758e-02 -2.601274e-02))
504.19        	((4.378443e+00 4.382739e+02 -1.413711e+02) (-3.341125e-01 1.030687e+01 -6.534209e-01)) ((-1.609203e+01 3.271903e+00 -1.696409e+00) (-4.734472e-01 4.474101e-02 -2.597960e-02))
504.2         	((4.476563e+00 4.382048e+02 -1.415299e+02) (-3.339459e-01 1.030595e+01 -6.526642e-01)) ((-1.608138e+01 3.273559e+00 -1.688703e+00) (-4.739514e-01 4.489032e-02 -2.585565e-02))
504.21        	((4.528427e+00 4.381727e+02 -1.416529e+02) (-3.335896e-01 1.030295e+01 -6.523555e-01)) ((-1.605357e+01 3.269788e+00 -1.685102e+00) (-4.736047e-01 4.476589e-02 -2.582219e-02))
504.22        	((4.615875e+00 4.381459e+02 -1.418716e+02) (-3.333845e-01 1.030163e+01 -6.522206e-01)) ((-1.605319e+01 3.271841e+00 -1.678274e+00) (-4.739805e-01 4.490940e-02 -2.569683e-02))
504.23        	((4.656618e+00 4.381557e+02 -1.420485e+02) (-3.330058e-01 1.029823e+01 -6.525175e-01)) ((-1.603521e+01 3.268432e+00 -1.675595e+00) (-4.735035e-01 4.477884e-02 -2.566613e-02))
504.24        	((4.732583e+00 4.381698e+02 -1.423142e+02) (-3.327846e-01 1.029656e+01 -6.529689e-01)) ((-1.604436e+01 3.270900e+00 -1.669730e+00) (-4.737571e-01 4.491825e-02 -2.554308e-02))
504.25        	((4.761593e+00 4.382180e+02 -1.425306e+02) (-3.324026e-01 1.029285e+01 -6.538198e-01)) ((-1.603550e+01 3.267933e+00 -1.668051e+00) (-4.731600e-01 4.478288e-02 -2.551642e-02))
504.26        	((4.825794e+00 4.382685e+02 -1.428300e+02) (-3.321868e-01 1.029091e+01 -6.547942e-01)) ((-1.605373e+01 3.270931e+00 -1.663277e+00) (-4.733034e-01 4.491971e-02 -2.539920e-02))
504.27        	((4.843179e+00 4.383519e+02 -1.430743e+02) (-3.318201e-01 1.028697e+01 -6.561264e-01)) ((-1.605428e+01 3.268542e+00 -1.662730e+00) (-4.726021e-01 4.478117e-02 -2.537914e-02))
504.28        	((4.896272e+00 4.384363e+02 -1.433952e+02) (-3.316293e-01 1.028485e+01 -6.575414e-01)) ((-1.608142e+01 3.272098e+00 -1.659114e+00) (-4.726537e-01 4.491693e-02 -2.526995e-02))
504.29        	((4.902549e+00 4.385518e+02 -1.436541e+02) (-3.312947e-01 1.028079e+01 -6.592670e-01)) ((-1.609012e+01 3.270358e+00 -1.659809e+00) (-4.718680e-01 4.477679e-02 -2.525737e-02))
504.3         	((4.944790e+00 4.386646e+02 -1.439812e+02) (-3.311449e-01 1.027858e+01 -6.610260e-01)) ((-1.612468e+01 3.274451e+00 -1.657372e+00) (-4.718467e-01 4.491287e-02 -2.515911e-02))
504.31        	((4.940795e+00 4.388051e+02 -1.442399e+02) (-3.308542e-01 1.027450e+01 -6.630350e-01)) ((-1.613997e+01 3.273376e+00 -1.659370e+00) (-4.710022e-01 4.477230e-02 -2.515405e-02))
504.32        	((4.973569e+00 4.389402e+02 -1.445603e+02) (-3.307615e-01 1.027229e+01 -6.650254e-01)) ((-1.618043e+01 3.278032e+00 -1.658107e+00) (-4.709314e-01 4.490987e-02 -2.506900e-02))
504.33        	((4.960028e+00 4.390982e+02 -1.448076e+02) (-3.305280e-01 1.026826e+01 -6.672117e-01)) ((-1.620066e+01 3.277482e+00 -1.661158e+00) (-4.700474e-01 4.477062e-02 -2.507533e-02))
504.34        	((4.984523e+00 4.392468e+02 -1.451064e+02) (-3.304987e-01 1.026616e+01 -6.693192e-01)) ((-1.624566e+01 3.282661e+00 -1.660831e+00) (-4.699526e-01 4.491069e-02 -2.500217e-02))
504.35        	((4.963639e+00 4.394154e+02 -1.453271e+02) (-3.303254e-01 1.026231e+01 -6.715594e-01)) ((-1.626981e+01 3.282783e+00 -1.665009e+00) (-4.690610e-01 4.477305e-02 -2.501401e-02))
504.36        	((4.981330e+00 4.395676e+02 -1.455926e+02) (-3.303698e-01 1.026036e+01 -6.736693e-01)) ((-1.631710e+01 3.288361e+00 -1.665606e+00) (-4.689628e-01 4.491599e-02 -2.495679e-02))
504.37        	((4.954336e+00 4.397420e+02 -1.457790e+02) (-3.302642e-01 1.025673e+01 -6.758541e-01)) ((-1.634332e+01 3.288965e+00 -1.670734e+00) (-4.680837e-01 4.478112e-02 -2.497981e-02))
504.38        	((4.967248e+00 4.398948e+02 -1.460040e+02) (-3.303805e-01 1.025503e+01 -6.778518e-01)) ((-1.639140e+01 3.294792e+00 -1.672030e+00) (-4.680093e-01 4.492767e-02 -2.493438e-02))
504.39        	((4.936097e+00 4.400633e+02 -1.461447e+02) (-3.303383e-01 1.025171e+01 -6.798695e-01)) ((-1.641771e+01 3.295819e+00 -1.677813e+00) (-4.671694e-01 4.479581e-02 -2.496206e-02))
504.4         	((4.945677e+00 4.402075e+02 -1.463210e+02) (-3.305281e-01 1.025030e+01 -6.816557e-01)) ((-1.646507e+01 3.301921e+00 -1.679623e+00) (-4.671354e-01 4.494543e-02 -2.493010e-02))
504.41        	((4.912413e+00 4.403622e+02 -1.464087e+02) (-3.305507e-01 1.024730e+01 -6.834188e-01)) ((-1.648936e+01 3.303142e+00 -1.685884e+00) (-4.663498e-01 4.481754e-02 -2.496757e-02))
504.42        	((4.920285e+00 4.404916e+02 -1.465322e+02) (-3.308060e-01 1.024622e+01 -6.849036e-01)) ((-1.653420e+01 3.309240e+00 -1.687931e+00) (-4.663800e-01 4.497121e-02 -2.494528e-02))
504.43        	((4.886046e+00 4.406304e+02 -1.465683e+02) (-3.308803e-01 1.024361e+01 -6.863253e-01)) ((-1.655587e+01 3.310684e+00 -1.694481e+00) (-4.656701e-01 4.484616e-02 -2.498437e-02))
504.44        	((4.894604e+00 4.407410e+02 -1.466374e+02) (-3.311984e-01 1.024287e+01 -6.874439e-01)) ((-1.659676e+01 3.316886e+00 -1.696819e+00) (-4.657745e-01 4.500344e-02 -2.497338e-02))
504.45        	((4.861293e+00 4.408565e+02 -1.466163e+02) (-3.313211e-01 1.024061e+01 -6.884787e-01)) ((-1.661361e+01 3.318298e+00 -1.703421e+00) (-4.651454e-01 4.488188e-02 -2.501955e-02))
504.46        	((4.871925e+00 4.409408e+02 -1.466292e+02) (-3.316839e-01 1.024023e+01 -6.891791e-01)) ((-1.664924e+01 3.324319e+00 -1.705577e+00) (-4.653382e-01 4.504229e-02 -2.501375e-02))
504.47        	((4.840771e+00 4.410319e+02 -1.465547e+02) (-3.318396e-01 1.023841e+01 -6.897764e-01)) ((-1.666143e+01 3.325691e+00 -1.712000e+00) (-4.648048e-01 4.492342e-02 -2.505820e-02))
504.48        	((4.854217e+00 4.410887e+02 -1.465168e+02) (-3.322452e-01 1.023845e+01 -6.900405e-01)) ((-1.669116e+01 3.331592e+00 -1.714013e+00) (-4.650930e-01 4.508670e-02 -2.506103e-02))
504.49        	((4.826412e+00 4.411500e+02 -1.463924e+02) (-3.324303e-01 1.023703e+01 -6.901951e-01)) ((-1.669658e+01 3.332749e+00 -1.720213e+00) (-4.646619e-01 4.497100e-02 -2.510979e-02))
504.5         	((4.843788e+00 4.411767e+02 -1.463079e+02) (-3.328563e-01 1.023734e+01 -6.900018e-01)) ((-1.671958e+01 3.338346e+00 -1.721819e+00) (-4.650468e-01 4.513598e-02 -2.511338e-02))
504.51        	((4.820377e+00 4.412031e+02 -1.461421e+02) (-3.330503e-01 1.023618e+01 -6.897070e-01)) ((-1.671785e+01 3.339393e+00 -1.727644e+00) (-4.647135e-01 4.502187e-02 -2.515884e-02))
504.52        	((4.842230e+00 4.411977e+02 -1.460175e+02) (-3.334852e-01 1.023672e+01 -6.890819e-01)) ((-1.673382e+01 3.344695e+00 -1.728753e+00) (-4.651861e-01 4.518746e-02 -2.516405e-02))
504.53        	((4.823478e+00 4.411956e+02 -1.458141e+02) (-3.336794e-01 1.023578e+01 -6.883720e-01)) ((-1.672536e+01 3.345283e+00 -1.733918e+00) (-4.649407e-01 4.507495e-02 -2.520985e-02))
504.54        	((4.850219e+00 4.411645e+02 -1.456579e+02) (-3.341081e-01 1.023652e+01 -6.873417e-01)) ((-1.673498e+01 3.350150e+00 -1.734355e+00) (-4.654971e-01 4.524074e-02 -2.521268e-02))
504.55        	((4.836589e+00 4.411362e+02 -1.454298e+02) (-3.342890e-01 1.023575e+01 -6.862475e-01)) ((-1.672032e+01 3.350434e+00 -1.738938e+00) (-4.653328e-01 4.512855e-02 -2.525404e-02))
504.56        	((4.868263e+00 4.410788e+02 -1.452536e+02) (-3.347022e-01 1.023662e+01 -6.848631e-01)) ((-1.672357e+01 3.355048e+00 -1.738857e+00) (-4.659601e-01 4.529345e-02 -2.525423e-02))
504.57        	((4.859874e+00 4.410255e+02 -1.450095e+02) (-3.348619e-01 1.023595e+01 -6.834506e-01)) ((-1.670256e+01 3.354858e+00 -1.742795e+00) (-4.658618e-01 4.518120e-02 -2.529332e-02))
504.58        	((4.896189e+00 4.409404e+02 -1.448173e+02) (-3.352455e-01 1.023690e+01 -6.817420e-01)) ((-1.669916e+01 3.359049e+00 -1.741969e+00) (-4.665526e-01 4.534439e-02 -2.528721e-02))
504.59        	((4.892394e+00 4.408617e+02 -1.445604e+02) (-3.353731e-01 1.023628e+01 -6.800479e-01)) ((-1.667170e+01 3.358431e+00 -1.745139e+00) (-4.665100e-01 4.523088e-02 -2.532092e-02))
504.6         	((4.933226e+00 4.407606e+02 -1.443671e+02) (-3.357201e-01 1.023727e+01 -6.781379e-01)) ((-1.666358e+01 3.362324e+00 -1.743720e+00) (-4.672410e-01 4.539157e-02 -2.530856e-02))
504.61        	((4.933790e+00 4.406708e+02 -1.441190e+02) (-3.358104e-01 1.023663e+01 -6.762814e-01)) ((-1.663253e+01 3.361285e+00 -1.746205e+00) (-4.672305e-01 4.527645e-02 -2.533878e-02))
504.62        	((4.978451e+00 4.405601e+02 -1.439408e+02) (-3.361113e-01 1.023760e+01 -6.742419e-01)) ((-1.662141e+01 3.364829e+00 -1.744136e+00) (-4.679876e-01 4.543392e-02 -2.531770e-02))
504.63        	((4.982370e+00 4.404591e+02 -1.437086e+02) (-3.361579e-01 1.023690e+01 -6.722981e-01)) ((-1.658676e+01 3.363517e+00 -1.745979e+00) (-4.679938e-01 4.531627e-02 -2.534248e-02))
504.64        	((5.030415e+00 4.403369e+02 -1.435474e+02) (-3.364093e-01 1.023780e+01 -6.702156e-01)) ((-1.657231e+01 3.366709e+00 -1.743259e+00) (-4.687591e-01 4.547013e-02 -2.531301e-02))
504.65        	((5.037364e+00 4.402307e+02 -1.433362e+02) (-3.364102e-01 1.023698e+01 -6.682761e-01)) ((-1.653570e+01 3.364897e+00 -1.744455e+00) (-4.687632e-01 4.534955e-02 -2.533382e-02))
504.66        	((5.086635e+00 4.401109e+02 -1.432072e+02) (-3.366082e-01 1.023777e+01 -6.662406e-01)) ((-1.652052e+01 3.367857e+00 -1.741263e+00) (-4.695118e-01 4.549947e-02 -2.529511e-02))
504.67        	((5.094517e+00 4.400115e+02 -1.430325e+02) (-3.365623e-01 1.023682e+01 -6.643972e-01)) ((-1.648379e+01 3.365860e+00 -1.742050e+00) (-4.694897e-01 4.537523e-02 -2.531075e-02))
504.68        	((5.145946e+00 4.398997e+02 -1.429379e+02) (-3.367083e-01 1.023748e+01 -6.625304e-01)) ((-1.647031e+01 3.368549e+00 -1.738479e+00) (-4.702201e-01 4.552054e-02 -2.526333e-02))
504.69        	((5.155844e+00 4.398071e+02 -1.427956e+02) (-3.366173e-01 1.023635e+01 -6.608703e-01)) ((-1.643582e+01 3.366088e+00 -1.738839e+00) (-4.701704e-01 4.539229e-02 -2.527579e-02))
504.7         	((5.207872e+00 4.396989e+02 -1.427304e+02) (-3.367115e-01 1.023686e+01 -6.591647e-01)) ((-1.642305e+01 3.368546e+00 -1.734976e+00) (-4.708688e-01 4.553338e-02 -2.521994e-02))
504.71        	((5.217135e+00 4.396114e+02 -1.426185e+02) (-3.365770e-01 1.023553e+01 -6.576975e-01)) ((-1.638868e+01 3.365870e+00 -1.734985e+00) (-4.707766e-01 4.540111e-02 -2.522867e-02))
504.72        	((5.267684e+00 4.395134e+02 -1.425884e+02) (-3.366252e-01 1.023585e+01 -6.562211e-01)) ((-1.637710e+01 3.368334e+00 -1.730971e+00) (-4.714305e-01 4.553816e-02 -2.516599e-02))
504.73        	((5.275606e+00 4.394421e+02 -1.425159e+02) (-3.364547e-01 1.023431e+01 -6.550141e-01)) ((-1.634547e+01 3.365505e+00 -1.730818e+00) (-4.712875e-01 4.540231e-02 -2.517298e-02))
504.74        	((5.324559e+00 4.393627e+02 -1.425271e+02) (-3.364610e-01 1.023443e+01 -6.538192e-01)) ((-1.633752e+01 3.367940e+00 -1.726734e+00) (-4.718907e-01 4.553553e-02 -2.510415e-02))
504.75        	((5.331240e+00 4.393100e+02 -1.424933e+02) (-3.362579e-01 1.023269e+01 -6.529033e-01)) ((-1.630958e+01 3.365084e+00 -1.726632e+00) (-4.716923e-01 4.539574e-02 -2.510812e-02))
504.76        	((5.378467e+00 4.392474e+02 -1.425390e+02) (-3.362316e-01 1.023258e+01 -6.520068e-01)) ((-1.630518e+01 3.367497e+00 -1.722660e+00) (-4.722458e-01 4.552575e-02 -2.503649e-02))
504.77        	((5.382126e+00 4.392113e+02 -1.425370e+02) (-3.360020e-01 1.023059e+01 -6.513950e-01)) ((-1.628066e+01 3.364498e+00 -1.722488e+00) (-4.719901e-01 4.538207e-02 -2.504175e-02))
504.78        	((5.425625e+00 4.391667e+02 -1.426151e+02) (-3.359484e-01 1.023029e+01 -6.508047e-01)) ((-1.628035e+01 3.367002e+00 -1.718616e+00) (-4.724854e-01 4.550933e-02 -2.496590e-02))
504.79        	((5.425985e+00 4.391509e+02 -1.426451e+02) (-3.357004e-01 1.022809e+01 -6.504988e-01)) ((-1.626087e+01 3.364057e+00 -1.718655e+00) (-4.721680e-01 4.536274e-02 -2.497047e-02))
504.8         	((5.466199e+00 4.391278e+02 -1.427540e+02) (-3.356306e-01 1.022760e+01 -6.502153e-01)) ((-1.626553e+01 3.366700e+00 -1.715105e+00) (-4.726031e-01 4.548780e-02 -2.489454e-02))
504.81        	((5.463035e+00 4.391340e+02 -1.428110e+02) (-3.353739e-01 1.022519e+01 -6.502092e-01)) ((-1.625044e+01 3.363824e+00 -1.715462e+00) (-4.722234e-01 4.533897e-02 -2.490218e-02))
504.82        	((5.499437e+00 4.391316e+02 -1.429433e+02) (-3.352949e-01 1.022454e+01 -6.502144e-01)) ((-1.625942e+01 3.366598e+00 -1.712279e+00) (-4.726028e-01 4.546283e-02 -2.482676e-02))
504.83        	((5.492345e+00 4.391554e+02 -1.430199e+02) (-3.350351e-01 1.022198e+01 -6.504796e-01)) ((-1.624850e+01 3.363943e+00 -1.713047e+00) (-4.721677e-01 4.531195e-02 -2.483522e-02))
504.84        	((5.524299e+00 4.391714e+02 -1.431703e+02) (-3.349579e-01 1.022118e+01 -6.507432e-01)) ((-1.626221e+01 3.366864e+00 -1.710089e+00) (-4.724939e-01 4.543514e-02 -2.476317e-02))
504.85        	((5.512890e+00 4.392139e+02 -1.432621e+02) (-3.347049e-01 1.021849e+01 -6.512482e-01)) ((-1.625617e+01 3.364260e+00 -1.711185e+00) (-4.720066e-01 4.528356e-02 -2.477664e-02))
504.86        	((5.540926e+00 4.392473e+02 -1.434230e+02) (-3.346355e-01 1.021760e+01 -6.517291e-01)) ((-1.627420e+01 3.367362e+00 -1.708748e+00) (-4.722884e-01 4.540710e-02 -2.470774e-02))
504.87        	((5.525561e+00 4.393056e+02 -1.435230e+02) (-3.343939e-01 1.021485e+01 -6.524254e-01)) ((-1.627215e+01 3.365130e+00 -1.710413e+00) (-4.717604e-01 4.525524e-02 -2.472327e-02))
504.88        	((5.550218e+00 4.393534e+02 -1.436893e+02) (-3.343424e-01 1.021390e+01 -6.530781e-01)) ((-1.629336e+01 3.368356e+00 -1.708454e+00) (-4.720040e-01 4.537957e-02 -2.466045e-02))
504.89        	((5.530487e+00 4.394243e+02 -1.437895e+02) (-3.341206e-01 1.021110e+01 -6.539227e-01)) ((-1.629402e+01 3.366249e+00 -1.710414e+00) (-4.714413e-01 4.522840e-02 -2.468230e-02))
504.9         	((5.551126e+00 4.394831e+02 -1.439517e+02) (-3.340905e-01 1.021015e+01 -6.546940e-01)) ((-1.631833e+01 3.369689e+00 -1.708857e+00) (-4.716589e-01 4.535431e-02 -2.462431e-02))
504.91        	((5.528383e+00 4.395636e+02 -1.440468e+02) (-3.338911e-01 1.020738e+01 -6.556240e-01)) ((-1.632231e+01 3.367976e+00 -1.711508e+00) (-4.710770e-01 4.520403e-02 -2.464814e-02))
504.92        	((5.546212e+00 4.396306e+02 -1.442034e+02) (-3.338911e-01 1.020645e+01 -6.564573e-01)) ((-1.634916e+01 3.371526e+00 -1.710404e+00) (-4.712769e-01 4.533182e-02 -2.459755e-02))
504.93        	((5.520054e+00 4.397162e+02 -1.442871e+02) (-3.337209e-01 1.020373e+01 -6.574254e-01)) ((-1.635456e+01 3.369855e+00 -1.713272e+00) (-4.706824e-01 4.518351e-02 -2.462833e-02))
504.94        	((5.534848e+00 4.397860e+02 -1.444262e+02) (-3.337506e-01 1.020288e+01 -6.582660e-01)) ((-1.638276e+01 3.373458e+00 -1.712343e+00) (-4.708789e-01 4.531385e-02 -2.458286e-02))
504.95        	((5.506862e+00 4.398739e+02 -1.444926e+02) (-3.336079e-01 1.020028e+01 -6.592092e-01)) ((-1.638901e+01 3.372119e+00 -1.715802e+00) (-4.702886e-01 4.516731e-02 -2.461494e-02))
504.96        	((5.519566e+00 4.399463e+02 -1.446173e+02) (-3.336733e-01 1.019953e+01 -6.600049e-01)) ((-1.641780e+01 3.376057e+00 -1.715335e+00) (-4.704888e-01 4.529998e-02 -2.457741e-02))
504.97        	((5.490230e+00 4.400322e+02 -1.446636e+02) (-3.335630e-01 1.019704e+01 -6.608828e-01)) ((-1.642402e+01 3.374880e+00 -1.719260e+00) (-4.699073e-01 4.515618e-02 -2.461644e-02))
504.98        	((5.501003e+00 4.401010e+02 -1.447657e+02) (-3.336595e-01 1.019643e+01 -6.615848e-01)) ((-1.645284e+01 3.378717e+00 -1.718771e+00) (-4.701248e-01 4.529190e-02 -2.458324e-02))
504.99        	((5.470342e+00 4.401802e+02 -1.447871e+02) (-3.335763e-01 1.019413e+01 -6.623436e-01)) ((-1.645822e+01 3.377612e+00 -1.722837e+00) (-4.695681e-01 4.515026e-02 -2.462198e-02))
505           	((5.480667e+00 4.402414e+02 -1.448635e+02) (-3.337078e-01 1.019366e+01 -6.629127e-01)) ((-1.648557e+01 3.381573e+00 -1.722565e+00) (-4.698077e-01 4.528837e-02 -2.459593e-02))
