# Forces      
# CofR        : (0.000000e+00 0.000000e+00 0.000000e+00)
# Time        forces(pressure viscous)	moments(pressure viscous)
500           	((9.188463e-01 3.089634e+03 2.182325e+03) (-1.050043e-05 3.968180e+00 4.062365e-02)) ((5.190273e+02 3.447764e-01 -1.041472e-01) (2.668845e-02 -1.989049e-05 -8.435357e-05))
500.01        	((8.242991e+00 2.421932e+03 1.842731e+03) (-8.885422e-04 3.112648e+00 2.932672e-01)) ((3.923534e+02 1.561416e-01 -6.179213e-01) (1.159282e-02 -1.655660e-04 5.710160e-04))
500.02        	((1.080572e+01 7.026420e+02 1.723862e+02) (-2.304937e-04 2.335061e+00 4.475543e-01)) ((-3.208667e+01 3.534959e-02 -7.536263e-01) (-1.365674e-02 -3.289919e-04 1.194653e-03))
500.03        	((3.366489e+00 -5.305978e+02 -6.261209e+02) (1.618620e-03 2.370483e+00 3.820381e-01)) ((-2.468388e+02 1.208148e-01 5.469531e-01) (-7.643230e-02 -3.165419e-04 1.529764e-03))
500.04        	((-6.263426e+00 -7.689921e+02 -2.675953e+02) (2.798573e-03 3.158567e+00 3.633576e-01)) ((-1.749497e+02 1.937097e-01 2.328341e+00) (-9.994747e-02 -1.955949e-04 9.746696e-04))
500.05        	((-7.972347e+00 -3.342988e+02 5.562148e+02) (5.749382e-03 4.125677e+00 5.411081e-01)) ((2.411873e+01 2.213877e-01 2.352503e+00) (-9.166657e-02 -2.952846e-04 3.865874e-04))
500.06        	((-3.812686e-01 1.815585e+02 1.229225e+03) (1.528618e-04 4.595687e+00 8.508131e-01)) ((1.736078e+02 1.405445e-01 8.077017e-01) (-1.097442e-01 4.859978e-04 1.011536e-04))
500.07        	((7.492646e+00 4.870474e+02 9.204134e+02) (-2.463447e-03 4.601515e+00 1.179481e+00)) ((1.050450e+02 -7.497950e-02 -1.042273e+00) (-1.346390e-01 3.384801e-04 9.722656e-05))
500.08        	((7.494673e+00 4.880479e+02 1.601315e+02) (-9.285268e-03 4.432097e+00 1.339688e+00)) ((-6.248527e+01 -1.562993e-01 -1.290125e+00) (-1.696492e-01 1.779557e-04 -8.029341e-04))
500.09        	((1.687495e+00 2.702462e+02 -8.131747e+01) (-9.602900e-03 4.396207e+00 1.325851e+00)) ((-1.296836e+02 -7.200821e-02 -1.733496e-01) (-2.082652e-01 5.021768e-04 -1.818631e-03))
500.1         	((-2.817578e+00 -2.214249e+01 1.898141e+02) (-1.058894e-02 4.546759e+00 1.318393e+00)) ((-7.868320e+01 1.229533e-01 8.720708e-01) (-2.261317e-01 6.634031e-05 1.299883e-03))
500.11        	((-3.272803e+00 -1.889200e+02 5.693010e+02) (-9.284417e-03 4.775472e+00 1.480393e+00)) ((7.943816e+00 3.820314e-01 6.813157e-01) (-2.288592e-01 1.693416e-04 8.975726e-04))
500.12        	((-1.003778e+00 -1.637865e+02 6.356492e+02) (-8.251868e-03 4.927790e+00 1.774401e+00)) ((3.492868e+01 5.313825e-01 -2.639920e-01) (-2.294964e-01 3.436282e-04 5.097319e-04))
500.13        	((7.255595e-01 -3.104668e+01 4.813264e+02) (-6.018963e-03 4.929700e+00 2.051384e+00)) ((2.797679e+00 4.916888e-01 -1.169657e+00) (-2.343855e-01 4.310235e-04 -7.681376e-04))
500.14        	((9.734026e-01 7.095976e+01 3.707859e+02) (-3.016464e-03 4.802715e+00 2.195297e+00)) ((-3.334767e+01 3.098791e-01 -1.437552e+00) (-2.590870e-01 2.389292e-04 -1.261099e-03))
500.15        	((-2.111308e-01 5.676907e+01 3.658659e+02) (-7.028793e-04 4.617227e+00 2.247626e+00)) ((-4.084759e+01 8.662078e-02 -1.209538e+00) (-2.884047e-01 -5.243866e-04 -1.508120e-03))
500.16        	((-1.335075e+00 -4.575559e+01 4.097988e+02) (3.368649e-04 4.400770e+00 2.301220e+00)) ((-2.070033e+01 -4.398790e-02 -9.348119e-01) (-3.037030e-01 1.260548e-04 -2.677716e-03))
500.17        	((-1.357251e+00 -1.414171e+02 4.137245e+02) (-2.108562e-03 4.155441e+00 2.394441e+00)) ((7.255565e+00 -3.848963e-02 -9.405320e-01) (-2.986867e-01 -2.453004e-04 -1.484089e-03))
500.18        	((-4.476647e-01 -1.615197e+02 3.627465e+02) (-3.562555e-03 3.883888e+00 2.490762e+00)) ((2.554118e+01 4.327759e-02 -1.105464e+00) (-2.825299e-01 -5.665785e-04 -1.533576e-03))
500.19        	((7.885082e-01 -1.182420e+02 3.178518e+02) (-3.252851e-03 3.601429e+00 2.545565e+00)) ((3.155067e+01 4.127947e-02 -1.318226e+00) (-2.705407e-01 -7.859806e-04 -1.655046e-03))
500.2         	((1.407429e+00 -7.198370e+01 3.208719e+02) (-2.476208e-03 3.314322e+00 2.549490e+00)) ((3.189896e+01 -8.384415e-02 -1.262172e+00) (-2.678983e-01 -1.023406e-03 -1.715541e-03))
500.21        	((1.561192e+00 -6.764917e+01 3.498956e+02) (-1.286990e-03 3.031192e+00 2.543023e+00)) ((3.606018e+01 -2.800743e-01 -9.241352e-01) (-2.717238e-01 -1.217348e-03 -1.853348e-03))
500.22        	((1.985874e+00 -1.027498e+02 3.612512e+02) (-3.788329e-04 2.720338e+00 2.562476e+00)) ((5.121199e+01 -4.493003e-01 -5.423231e-01) (-2.755017e-01 -1.622770e-03 -1.497431e-03))
500.23        	((3.003813e+00 -1.374765e+02 3.278324e+02) (1.082071e-03 2.397044e+00 2.598226e+00)) ((7.409620e+01 -5.057175e-01 -2.595708e-01) (-2.685263e-01 -2.097827e-03 -1.217436e-03))
500.24        	((4.245170e+00 -1.442927e+02 2.695854e+02) (3.064080e-03 2.064136e+00 2.615248e+00)) ((9.467168e+01 -4.987717e-01 -1.219304e-01) (-2.476149e-01 -2.484175e-03 -8.954213e-04))
500.25        	((4.981051e+00 -1.282022e+02 2.270203e+02) (5.472886e-03 1.735657e+00 2.590167e+00)) ((1.061486e+02 -5.160413e-01 -7.063055e-02) (-2.174194e-01 -2.948620e-03 -5.830688e-04))
500.26        	((4.990289e+00 -1.134911e+02 2.184108e+02) (7.830751e-03 1.424751e+00 2.541112e+00)) ((1.104662e+02 -5.823489e-01 -3.650792e-02) (-1.894880e-01 -3.169199e-03 -7.059075e-04))
500.27        	((4.788997e+00 -1.172601e+02 2.280235e+02) (1.021057e-02 1.127295e+00 2.500527e+00)) ((1.151428e+02 -6.389095e-01 8.186627e-03) (-1.670578e-01 -3.328481e-03 -7.854885e-04))
500.28        	((4.976237e+00 -1.367974e+02 2.290807e+02) (1.239919e-02 8.288966e-01 2.488538e+00)) ((1.252173e+02 -6.546674e-01 3.239402e-02) (-1.455417e-01 -3.527592e-03 -7.682584e-04))
500.29        	((5.488404e+00 -1.566488e+02 2.108881e+02) (1.463774e-02 5.299434e-01 2.499470e+00)) ((1.396673e+02 -6.317255e-01 -2.818827e-02) (-1.168974e-01 -4.032191e-03 -6.107101e-04))
500.3         	((5.817190e+00 -1.653037e+02 1.846778e+02) (1.719695e-02 2.370949e-01 2.505693e+00)) ((1.528277e+02 -5.582728e-01 -1.980336e-01) (-8.311569e-02 -4.132045e-03 -7.891035e-04))
500.31        	((5.560626e+00 -1.639037e+02 1.679481e+02) (1.942724e-02 -4.340505e-02 2.487783e+00)) ((1.602282e+02 -4.506426e-01 -4.404002e-01) (-4.720857e-02 -4.398845e-03 -8.901230e-04))
500.32        	((4.683734e+00 -1.617483e+02 1.661520e+02) (2.110925e-02 -3.090395e-01 2.449745e+00)) ((1.620801e+02 -3.465014e-01 -7.195293e-01) (-1.045993e-02 -4.807833e-03 -8.106992e-04))
500.33        	((3.742765e+00 -1.657266e+02 1.713027e+02) (2.231015e-02 -5.657097e-01 2.415152e+00)) ((1.622685e+02 -2.772670e-01 -1.059089e+00) (2.581759e-02 -5.127582e-03 -9.550663e-04))
500.34        	((3.130176e+00 -1.752177e+02 1.741221e+02) (2.396118e-02 -8.240509e-01 2.408057e+00)) ((1.644073e+02 -2.545234e-01 -1.488711e+00) (6.547260e-02 -5.753725e-03 -9.033271e-04))
500.35        	((2.831096e+00 -1.844417e+02 1.739797e+02) (2.465018e-02 -1.087648e+00 2.433099e+00)) ((1.691013e+02 -2.333542e-01 -1.968823e+00) (1.110112e-01 -6.289768e-03 -5.153240e-04))
500.36        	((2.655430e+00 -1.888794e+02 1.773288e+02) (2.519373e-02 -1.350268e+00 2.479463e+00)) ((1.744977e+02 -1.955465e-01 -2.447277e+00) (1.606970e-01 -6.872650e-03 -3.702280e-04))
500.37        	((2.352085e+00 -1.886839e+02 1.889329e+02) (2.545677e-02 -1.609803e+00 2.530832e+00)) ((1.784412e+02 -1.392478e-01 -2.868911e+00) (2.114454e-01 -7.474688e-03 2.810591e-04))
500.38        	((1.860952e+00 -1.870333e+02 2.062555e+02) (2.534196e-02 -1.862701e+00 2.576093e+00)) ((1.801663e+02 -7.848740e-02 -3.201414e+00) (2.635528e-01 -7.736989e-03 2.866757e-04))
500.39        	((1.230721e+00 -1.865873e+02 2.223332e+02) (2.529918e-02 -2.114889e+00 2.630378e+00)) ((1.804389e+02 -2.320875e-02 -3.398680e+00) (3.089528e-01 -8.254134e-03 4.555357e-04))
500.4         	((5.158768e-01 -1.877823e+02 2.329809e+02) (2.447712e-02 -2.365958e+00 2.695497e+00)) ((1.807033e+02 2.065783e-02 -3.409218e+00) (3.551148e-01 -8.499959e-03 9.221298e-04))
500.41        	((-2.048026e-01 -1.889772e+02 2.399463e+02) (2.403200e-02 -2.610997e+00 2.784505e+00)) ((1.819859e+02 4.965318e-02 -3.234818e+00) (4.062306e-01 -8.662345e-03 4.347917e-04))
500.42        	((-1.001229e+00 -1.887064e+02 2.484533e+02) (2.320936e-02 -2.862320e+00 2.897221e+00)) ((1.847300e+02 6.969287e-02 -2.931294e+00) (4.549045e-01 -8.274098e-03 -7.151128e-05))
500.43        	((-1.854965e+00 -1.867399e+02 2.621260e+02) (2.273003e-02 -3.111266e+00 3.028819e+00)) ((1.889296e+02 8.565173e-02 -2.612046e+00) (5.074850e-01 -8.422338e-03 -4.729238e-05))
500.44        	((-2.708886e+00 -1.837388e+02 2.805794e+02) (2.104517e-02 -3.357822e+00 3.171610e+00)) ((1.943184e+02 1.036541e-01 -2.375432e+00) (5.643322e-01 -8.174079e-03 -7.875147e-04))
500.45        	((-3.567859e+00 -1.805536e+02 2.999840e+02) (1.835014e-02 -3.598775e+00 3.312907e+00)) ((2.005529e+02 1.390612e-01 -2.198706e+00) (6.184545e-01 -8.038944e-03 -1.688949e-03))
500.46        	((-4.361263e+00 -1.775404e+02 3.170535e+02) (1.554135e-02 -3.834297e+00 3.453582e+00)) ((2.072658e+02 1.811630e-01 -2.100109e+00) (6.705018e-01 -7.974717e-03 -2.341866e-03))
500.47        	((-5.043060e+00 -1.746915e+02 3.313260e+02) (1.276936e-02 -4.068302e+00 3.595949e+00)) ((2.143352e+02 2.155099e-01 -2.086232e+00) (7.202737e-01 -7.838687e-03 -2.296795e-03))
500.48        	((-5.614650e+00 -1.720266e+02 3.445836e+02) (1.032193e-02 -4.300237e+00 3.743289e+00)) ((2.217194e+02 2.431550e-01 -2.088809e+00) (7.690555e-01 -7.768458e-03 -2.527572e-03))
500.49        	((-6.178033e+00 -1.694961e+02 3.587570e+02) (7.956201e-03 -4.528829e+00 3.896635e+00)) ((2.293250e+02 2.876415e-01 -2.046496e+00) (8.175892e-01 -7.645752e-03 -2.784766e-03))
500.5         	((-6.636370e+00 -1.669735e+02 3.743216e+02) (5.586010e-03 -4.752602e+00 4.055808e+00)) ((2.369689e+02 3.261465e-01 -2.023487e+00) (8.660567e-01 -7.417904e-03 -3.153273e-03))
500.51        	((-6.987871e+00 -1.644368e+02 3.906927e+02) (3.001299e-03 -4.971435e+00 4.217803e+00)) ((2.446442e+02 3.484132e-01 -2.020190e+00) (9.139249e-01 -7.092819e-03 -3.352357e-03))
500.52        	((-7.186439e+00 -1.619679e+02 4.072568e+02) (5.616452e-04 -5.185738e+00 4.380792e+00)) ((2.525718e+02 3.585946e-01 -2.054616e+00) (9.611883e-01 -6.796276e-03 -3.689408e-03))
500.53        	((-7.308389e+00 -1.597234e+02 4.238340e+02) (-1.737038e-03 -5.395858e+00 4.544591e+00)) ((2.609360e+02 3.655923e-01 -2.076400e+00) (1.008053e+00 -6.438644e-03 -3.990164e-03))
500.54        	((-7.360056e+00 -1.577690e+02 4.404788e+02) (-3.994537e-03 -5.601715e+00 4.710926e+00)) ((2.696481e+02 3.770781e-01 -2.075701e+00) (1.055196e+00 -6.021242e-03 -4.069926e-03))
500.55        	((-7.372000e+00 -1.560375e+02 4.574227e+02) (-5.370285e-03 -5.803856e+00 4.877649e+00)) ((2.784832e+02 3.903014e-01 -2.028042e+00) (1.100938e+00 -5.606804e-03 -4.497678e-03))
500.56        	((-7.297087e+00 -1.544042e+02 4.747289e+02) (-6.351670e-03 -6.002990e+00 5.046715e+00)) ((2.872069e+02 3.980189e-01 -1.976542e+00) (1.146101e+00 -5.140417e-03 -5.036442e-03))
500.57        	((-7.114472e+00 -1.527648e+02 4.922962e+02) (-6.964013e-03 -6.199376e+00 5.218001e+00)) ((2.956801e+02 3.950444e-01 -1.952346e+00) (1.190978e+00 -4.630946e-03 -5.582438e-03))
500.58        	((-6.855572e+00 -1.511112e+02 5.101980e+02) (-7.529373e-03 -6.393635e+00 5.391405e+00)) ((3.040206e+02 3.821164e-01 -1.938880e+00) (1.236099e+00 -4.088755e-03 -5.880871e-03))
500.59        	((-6.549619e+00 -1.494465e+02 5.284046e+02) (-7.869677e-03 -6.585949e+00 5.565852e+00)) ((3.123566e+02 3.655970e-01 -1.918637e+00) (1.281565e+00 -3.515853e-03 -6.091847e-03))
500.6         	((-6.236458e+00 -1.477899e+02 5.469461e+02) (-8.004779e-03 -6.775897e+00 5.741574e+00)) ((3.208137e+02 3.522886e-01 -1.871063e+00) (1.327357e+00 -2.928962e-03 -6.231355e-03))
500.61        	((-5.936122e+00 -1.461972e+02 5.656810e+02) (-7.947634e-03 -6.964110e+00 5.918968e+00)) ((3.293659e+02 3.442564e-01 -1.794576e+00) (1.373387e+00 -2.337866e-03 -6.268163e-03))
500.62        	((-5.644231e+00 -1.447354e+02 5.844925e+02) (-7.730750e-03 -7.151641e+00 6.099501e+00)) ((3.379166e+02 3.381722e-01 -1.699401e+00) (1.419427e+00 -1.762690e-03 -6.260469e-03))
500.63        	((-5.348068e+00 -1.433960e+02 6.033558e+02) (-7.426220e-03 -7.338147e+00 6.282968e+00)) ((3.463617e+02 3.302955e-01 -1.602043e+00) (1.465598e+00 -1.165663e-03 -6.192610e-03))
500.64        	((-5.038911e+00 -1.421277e+02 6.222341e+02) (-7.043098e-03 -7.524400e+00 6.469008e+00)) ((3.546434e+02 3.184793e-01 -1.514866e+00) (1.512035e+00 -5.817327e-04 -6.111964e-03))
500.65        	((-4.728224e+00 -1.408865e+02 6.411451e+02) (-6.575642e-03 -7.710665e+00 6.658655e+00)) ((3.627977e+02 3.049192e-01 -1.439276e+00) (1.558903e+00 -1.408182e-05 -6.010752e-03))
500.66        	((-4.430237e+00 -1.396846e+02 6.600175e+02) (-6.005044e-03 -7.897636e+00 6.852134e+00)) ((3.708914e+02 2.928048e-01 -1.368615e+00) (1.606400e+00 5.097843e-04 -5.937371e-03))
500.67        	((-4.153778e+00 -1.385685e+02 6.787249e+02) (-5.379416e-03 -8.085689e+00 7.049956e+00)) ((3.789476e+02 2.838532e-01 -1.295561e+00) (1.654721e+00 1.003030e-03 -5.867335e-03))
500.68        	((-3.896261e+00 -1.375749e+02 6.972162e+02) (-4.778254e-03 -8.275084e+00 7.252152e+00)) ((3.869596e+02 2.765633e-01 -1.217747e+00) (1.703810e+00 1.477610e-03 -5.762337e-03))
500.69        	((-3.653308e+00 -1.367172e+02 7.154425e+02) (-4.178497e-03 -8.465793e+00 7.458709e+00)) ((3.948759e+02 2.700047e-01 -1.137149e+00) (1.753556e+00 1.957841e-03 -5.598101e-03))
500.7         	((-3.420488e+00 -1.359909e+02 7.333589e+02) (-3.643581e-03 -8.658208e+00 7.669707e+00)) ((4.026356e+02 2.618353e-01 -1.059843e+00) (1.803891e+00 2.410327e-03 -5.382540e-03))
500.71        	((-3.200595e+00 -1.353786e+02 7.509575e+02) (-3.179268e-03 -8.852116e+00 7.884970e+00)) ((4.102131e+02 2.513087e-01 -9.898480e-01) (1.854628e+00 2.830678e-03 -5.088204e-03))
500.72        	((-2.994501e+00 -1.348718e+02 7.681777e+02) (-2.769274e-03 -9.048012e+00 8.104470e+00)) ((4.176029e+02 2.397223e-01 -9.275528e-01) (1.905767e+00 3.216479e-03 -4.750257e-03))
500.73        	((-2.811058e+00 -1.344567e+02 7.850414e+02) (-2.319546e-03 -9.245694e+00 8.328298e+00)) ((4.248467e+02 2.292550e-01 -8.686997e-01) (1.957435e+00 3.561799e-03 -4.405254e-03))
500.74        	((-2.652674e+00 -1.341260e+02 8.013940e+02) (-1.903640e-03 -9.445857e+00 8.556530e+00)) ((4.319021e+02 2.207837e-01 -8.115465e-01) (2.009666e+00 3.878806e-03 -4.043602e-03))
500.75        	((-2.516647e+00 -1.338807e+02 8.173120e+02) (-1.414498e-03 -9.647325e+00 8.789039e+00)) ((4.387921e+02 2.130363e-01 -7.566458e-01) (2.062337e+00 4.177911e-03 -3.684275e-03))
500.76        	((-2.394713e+00 -1.337126e+02 8.326262e+02) (-9.723901e-04 -9.850712e+00 9.025156e+00)) ((4.454362e+02 2.038468e-01 -7.071614e-01) (2.115289e+00 4.454859e-03 -3.304414e-03))
500.77        	((-2.285662e+00 -1.336174e+02 8.473839e+02) (-5.779923e-04 -1.005555e+01 9.264579e+00)) ((4.518199e+02 1.935522e-01 -6.638408e-01) (2.168422e+00 4.691514e-03 -2.954201e-03))
500.78        	((-2.196294e+00 -1.335822e+02 8.615373e+02) (-2.243132e-04 -1.026168e+01 9.507082e+00)) ((4.579300e+02 1.833278e-01 -6.268420e-01) (2.221674e+00 4.895069e-03 -2.643610e-03))
500.79        	((-2.133860e+00 -1.337423e+02 8.753283e+02) (4.034669e-05 -1.046881e+01 9.747154e+00)) ((4.635578e+02 1.765577e-01 -6.008696e-01) (2.274010e+00 5.084267e-03 -2.325390e-03))
500.8         	((-2.090025e+00 -1.339756e+02 8.883587e+02) (2.768043e-04 -1.067660e+01 9.990660e+00)) ((4.688735e+02 1.722924e-01 -5.799033e-01) (2.326457e+00 5.256619e-03 -2.047398e-03))
500.81        	((-2.057888e+00 -1.341359e+02 9.006139e+02) (5.170230e-04 -1.088453e+01 1.023672e+01)) ((4.740565e+02 1.679633e-01 -5.618879e-01) (2.378952e+00 5.425092e-03 -1.838054e-03))
500.82        	((-2.032723e+00 -1.342078e+02 9.124324e+02) (6.624390e-04 -1.109189e+01 1.048388e+01)) ((4.791694e+02 1.633387e-01 -5.492859e-01) (2.431278e+00 5.592948e-03 -1.610416e-03))
500.83        	((-2.014100e+00 -1.342517e+02 9.239567e+02) (7.091021e-04 -1.129825e+01 1.073097e+01)) ((4.840812e+02 1.590554e-01 -5.442330e-01) (2.483233e+00 5.751656e-03 -1.363284e-03))
500.84        	((-1.999227e+00 -1.343032e+02 9.351424e+02) (6.826210e-04 -1.150335e+01 1.097745e+01)) ((4.887092e+02 1.562275e-01 -5.475350e-01) (2.534688e+00 5.889863e-03 -1.138075e-03))
500.85        	((-1.983923e+00 -1.343708e+02 9.456662e+02) (6.110574e-04 -1.170684e+01 1.122300e+01)) ((4.929730e+02 1.553870e-01 -5.573187e-01) (2.585572e+00 6.007557e-03 -9.629916e-04))
500.86        	((-1.961280e+00 -1.342064e+02 9.546199e+02) (5.181824e-04 -1.190846e+01 1.147155e+01)) ((4.970133e+02 1.553327e-01 -5.698915e-01) (2.636447e+00 6.090057e-03 -8.529167e-04))
500.87        	((-1.926607e+00 -1.340027e+02 9.629085e+02) (4.548812e-04 -1.210772e+01 1.171656e+01)) ((5.007806e+02 1.569328e-01 -5.850073e-01) (2.686644e+00 6.152245e-03 -8.094498e-04))
500.88        	((-1.884697e+00 -1.338379e+02 9.709501e+02) (4.386537e-04 -1.230425e+01 1.195763e+01)) ((5.041799e+02 1.604560e-01 -6.028701e-01) (2.736127e+00 6.202747e-03 -8.192994e-04))
500.89        	((-1.834954e+00 -1.336965e+02 9.784880e+02) (4.415354e-04 -1.249747e+01 1.219480e+01)) ((5.071638e+02 1.651974e-01 -6.210479e-01) (2.784771e+00 6.266289e-03 -8.467081e-04))
500.9         	((-1.781096e+00 -1.335178e+02 9.851837e+02) (4.569719e-04 -1.268688e+01 1.242796e+01)) ((5.097740e+02 1.705427e-01 -6.336936e-01) (2.832509e+00 6.309622e-03 -9.065481e-04))
500.91        	((-1.722916e+00 -1.332213e+02 9.908081e+02) (5.112823e-04 -1.287196e+01 1.265645e+01)) ((5.120641e+02 1.765543e-01 -6.380066e-01) (2.879303e+00 6.328430e-03 -1.002109e-03))
500.92        	((-1.655320e+00 -1.328068e+02 9.953910e+02) (6.374710e-04 -1.305224e+01 1.287936e+01)) ((5.140467e+02 1.828873e-01 -6.376017e-01) (2.925147e+00 6.319662e-03 -1.140104e-03))
500.93        	((-1.575778e+00 -1.322962e+02 9.990680e+02) (8.595016e-04 -1.322729e+01 1.309574e+01)) ((5.156952e+02 1.893569e-01 -6.362063e-01) (2.970032e+00 6.286422e-03 -1.294932e-03))
500.94        	((-1.483939e+00 -1.317262e+02 1.001855e+03) (1.157140e-03 -1.339675e+01 1.330496e+01)) ((5.169607e+02 1.959060e-01 -6.342024e-01) (3.013923e+00 6.227307e-03 -1.468804e-03))
500.95        	((-1.388037e+00 -1.311333e+02 1.003725e+03) (1.516144e-03 -1.356024e+01 1.350652e+01)) ((5.178256e+02 2.028829e-01 -6.296956e-01) (3.056756e+00 6.143268e-03 -1.658892e-03))
500.96        	((-1.294500e+00 -1.304890e+02 1.004562e+03) (1.893562e-03 -1.371732e+01 1.369986e+01)) ((5.182999e+02 2.104148e-01 -6.215474e-01) (3.098475e+00 6.040266e-03 -1.863613e-03))
500.97        	((-1.205396e+00 -1.297846e+02 1.004281e+03) (2.351787e-03 -1.386779e+01 1.388444e+01)) ((5.183919e+02 2.189244e-01 -6.112004e-01) (3.139061e+00 5.938024e-03 -2.064580e-03))
500.98        	((-1.119229e+00 -1.290230e+02 1.002895e+03) (2.836498e-03 -1.401127e+01 1.405962e+01)) ((5.181061e+02 2.273194e-01 -6.006529e-01) (3.178494e+00 5.843476e-03 -2.249109e-03))
500.99        	((-1.034292e+00 -1.282296e+02 1.000414e+03) (3.355928e-03 -1.414746e+01 1.422478e+01)) ((5.174264e+02 2.353989e-01 -5.913858e-01) (3.216703e+00 5.756850e-03 -2.431187e-03))
501           	((-9.496076e-01 -1.274473e+02 9.968871e+02) (3.939236e-03 -1.427610e+01 1.437931e+01)) ((5.163373e+02 2.431732e-01 -5.849748e-01) (3.253593e+00 5.685301e-03 -2.612161e-03))
501.01        	((-8.692098e-01 -1.266681e+02 9.922822e+02) (4.607695e-03 -1.439712e+01 1.452265e+01)) ((5.148361e+02 2.515641e-01 -5.816158e-01) (3.289082e+00 5.641538e-03 -2.766160e-03))
501.02        	((-7.942529e-01 -1.259129e+02 9.865580e+02) (5.304604e-03 -1.451022e+01 1.465420e+01)) ((5.129214e+02 2.600797e-01 -5.794703e-01) (3.323023e+00 5.591000e-03 -2.903684e-03))
501.03        	((-7.250727e-01 -1.251891e+02 9.797332e+02) (6.046634e-03 -1.461531e+01 1.477342e+01)) ((5.105960e+02 2.696580e-01 -5.774566e-01) (3.355328e+00 5.523384e-03 -3.028671e-03))
501.04        	((-6.614882e-01 -1.245214e+02 9.719412e+02) (6.832778e-03 -1.471220e+01 1.487981e+01)) ((5.078895e+02 2.798471e-01 -5.753474e-01) (3.385895e+00 5.440501e-03 -3.188815e-03))
501.05        	((-6.028878e-01 -1.239155e+02 9.631864e+02) (7.660659e-03 -1.480084e+01 1.497291e+01)) ((5.047926e+02 2.905060e-01 -5.720988e-01) (3.414620e+00 5.338176e-03 -3.373214e-03))
501.06        	((-5.486498e-01 -1.233727e+02 9.534919e+02) (8.536354e-03 -1.488122e+01 1.505233e+01)) ((5.013086e+02 3.004631e-01 -5.661388e-01) (3.441394e+00 5.204965e-03 -3.628599e-03))
501.07        	((-4.996934e-01 -1.228874e+02 9.427172e+02) (9.508187e-03 -1.495336e+01 1.511758e+01)) ((4.973866e+02 3.106643e-01 -5.553828e-01) (3.466081e+00 5.058285e-03 -3.934284e-03))
501.08        	((-4.494237e-01 -1.224788e+02 9.310500e+02) (1.059960e-02 -1.501755e+01 1.516824e+01)) ((4.930691e+02 3.206885e-01 -5.385394e-01) (3.488552e+00 4.902774e-03 -4.266541e-03))
501.09        	((-3.951117e-01 -1.221113e+02 9.186007e+02) (1.158535e-02 -1.507337e+01 1.520414e+01)) ((4.883971e+02 3.309035e-01 -5.139719e-01) (3.508450e+00 4.714351e-03 -4.642811e-03))
501.1         	((-3.501205e-01 -1.218169e+02 9.053564e+02) (1.248072e-02 -1.512057e+01 1.522492e+01)) ((4.833855e+02 3.405712e-01 -4.918820e-01) (3.525767e+00 4.551816e-03 -4.976876e-03))
501.11        	((-3.184263e-01 -1.216036e+02 8.913758e+02) (1.329133e-02 -1.515901e+01 1.523042e+01)) ((4.780388e+02 3.484804e-01 -4.716057e-01) (3.540462e+00 4.394658e-03 -5.231447e-03))
501.12        	((-2.964628e-01 -1.214587e+02 8.767025e+02) (1.400624e-02 -1.518889e+01 1.522065e+01)) ((4.723494e+02 3.545280e-01 -4.477223e-01) (3.552533e+00 4.258736e-03 -5.352272e-03))
501.13        	((-2.810078e-01 -1.213578e+02 8.614046e+02) (1.450751e-02 -1.521041e+01 1.519561e+01)) ((4.663217e+02 3.591378e-01 -4.191726e-01) (3.562000e+00 4.156016e-03 -5.224201e-03))
501.14        	((-2.658943e-01 -1.212989e+02 8.455071e+02) (1.511162e-02 -1.522313e+01 1.515482e+01)) ((4.599635e+02 3.625775e-01 -3.901680e-01) (3.568452e+00 4.037986e-03 -5.155120e-03))
501.15        	((-2.482229e-01 -1.212912e+02 8.290611e+02) (1.579905e-02 -1.522743e+01 1.509859e+01)) ((4.532993e+02 3.653532e-01 -3.632304e-01) (3.571909e+00 3.914157e-03 -5.121215e-03))
501.16        	((-2.258955e-01 -1.213317e+02 8.121238e+02) (1.647347e-02 -1.522349e+01 1.502721e+01)) ((4.463511e+02 3.678165e-01 -3.395640e-01) (3.572426e+00 3.795168e-03 -5.087981e-03))
501.17        	((-2.015280e-01 -1.214148e+02 7.948401e+02) (1.711671e-02 -1.521143e+01 1.494110e+01)) ((4.391621e+02 3.703240e-01 -3.173773e-01) (3.569967e+00 3.681104e-03 -5.064855e-03))
501.18        	((-1.777590e-01 -1.215200e+02 7.772592e+02) (1.768028e-02 -1.519136e+01 1.484073e+01)) ((4.317546e+02 3.730743e-01 -2.948635e-01) (3.564548e+00 3.576499e-03 -5.029986e-03))
501.19        	((-1.530833e-01 -1.216406e+02 7.594303e+02) (1.822989e-02 -1.516343e+01 1.472649e+01)) ((4.241472e+02 3.746176e-01 -2.736198e-01) (3.556146e+00 3.463296e-03 -4.981022e-03))
501.2         	((-1.247295e-01 -1.217609e+02 7.414373e+02) (1.890326e-02 -1.512779e+01 1.459883e+01)) ((4.163541e+02 3.747452e-01 -2.545884e-01) (3.544776e+00 3.323195e-03 -5.056892e-03))
501.21        	((-9.224918e-02 -1.218560e+02 7.233899e+02) (1.962386e-02 -1.508483e+01 1.445863e+01)) ((4.084078e+02 3.739976e-01 -2.386825e-01) (3.530708e+00 3.172015e-03 -5.187774e-03))
501.22        	((-5.734398e-02 -1.219450e+02 7.053270e+02) (2.035272e-02 -1.503470e+01 1.430661e+01)) ((4.003184e+02 3.733109e-01 -2.257420e-01) (3.514016e+00 3.013963e-03 -5.322387e-03))
501.23        	((-2.098473e-02 -1.220104e+02 6.872591e+02) (2.103949e-02 -1.497719e+01 1.414330e+01)) ((3.921021e+02 3.731431e-01 -2.141469e-01) (3.494680e+00 2.856057e-03 -5.435581e-03))
501.24        	((1.869603e-02 -1.220362e+02 6.692077e+02) (2.163798e-02 -1.491227e+01 1.396933e+01)) ((3.837786e+02 3.721543e-01 -2.047081e-01) (3.472769e+00 2.710107e-03 -5.487665e-03))
501.25        	((6.582442e-02 -1.220065e+02 6.512517e+02) (2.230818e-02 -1.484020e+01 1.378545e+01)) ((3.753757e+02 3.700383e-01 -2.012851e-01) (3.448496e+00 2.593895e-03 -5.603188e-03))
501.26        	((1.176548e-01 -1.219284e+02 6.334352e+02) (2.304553e-02 -1.476133e+01 1.359240e+01)) ((3.669182e+02 3.673413e-01 -2.057308e-01) (3.422026e+00 2.500124e-03 -5.758008e-03))
501.27        	((1.730869e-01 -1.218077e+02 6.157758e+02) (2.381968e-02 -1.467594e+01 1.339086e+01)) ((3.584274e+02 3.651171e-01 -2.172837e-01) (3.393439e+00 2.440751e-03 -5.936835e-03))
501.28        	((2.278276e-01 -1.216457e+02 5.982742e+02) (2.460581e-02 -1.458463e+01 1.318054e+01)) ((3.499141e+02 3.638264e-01 -2.335485e-01) (3.361688e+00 2.413416e-03 -6.104424e-03))
501.29        	((2.849047e-01 -1.214200e+02 5.808871e+02) (2.536623e-02 -1.448697e+01 1.296292e+01)) ((3.413617e+02 3.613555e-01 -2.539994e-01) (3.328036e+00 2.415550e-03 -6.259585e-03))
501.3         	((3.206205e-01 -1.212427e+02 5.632721e+02) (2.605095e-02 -1.438715e+01 1.273873e+01)) ((3.326115e+02 3.556279e-01 -2.785174e-01) (3.292308e+00 2.424147e-03 -6.427820e-03))
501.31        	((3.633536e-01 -1.209950e+02 5.458819e+02) (2.668550e-02 -1.428124e+01 1.250871e+01)) ((3.239311e+02 3.503410e-01 -3.042715e-01) (3.254866e+00 2.440862e-03 -6.549095e-03))
501.32        	((4.591915e-01 -1.204845e+02 5.293317e+02) (2.721508e-02 -1.416579e+01 1.227372e+01)) ((3.156254e+02 3.489789e-01 -3.247445e-01) (3.216397e+00 2.490444e-03 -6.257118e-03))
501.33        	((5.209613e-01 -1.200516e+02 5.126953e+02) (2.783296e-02 -1.405152e+01 1.203474e+01)) ((3.071505e+02 3.469156e-01 -3.419344e-01) (3.176608e+00 2.505560e-03 -6.399140e-03))
501.34        	((5.504204e-01 -1.196759e+02 4.960289e+02) (2.833580e-02 -1.393168e+01 1.179182e+01)) ((2.985907e+02 3.436223e-01 -3.503446e-01) (3.135576e+00 2.525951e-03 -6.444152e-03))
501.35        	((5.636585e-01 -1.192796e+02 4.795645e+02) (2.877987e-02 -1.380708e+01 1.154553e+01)) ((2.900937e+02 3.376289e-01 -3.574842e-01) (3.093364e+00 2.553916e-03 -6.515785e-03))
501.36        	((5.829124e-01 -1.187985e+02 4.634993e+02) (2.906459e-02 -1.367746e+01 1.129649e+01)) ((2.817446e+02 3.317625e-01 -3.591507e-01) (3.050088e+00 2.563824e-03 -6.516241e-03))
501.37        	((5.996579e-01 -1.182115e+02 4.478523e+02) (2.946654e-02 -1.354399e+01 1.104567e+01)) ((2.735301e+02 3.271800e-01 -3.598066e-01) (3.006184e+00 2.595239e-03 -6.551137e-03))
501.38        	((6.103828e-01 -1.175448e+02 4.325065e+02) (2.972258e-02 -1.340711e+01 1.079418e+01)) ((2.653929e+02 3.247397e-01 -3.520661e-01) (2.962083e+00 2.630789e-03 -6.549833e-03))
501.39        	((6.004905e-01 -1.168395e+02 4.173259e+02) (2.995481e-02 -1.326790e+01 1.054299e+01)) ((2.572859e+02 3.208165e-01 -3.427119e-01) (2.918135e+00 2.704502e-03 -6.448373e-03))
501.4         	((5.754796e-01 -1.161135e+02 4.022877e+02) (3.005593e-02 -1.312559e+01 1.029030e+01)) ((2.492209e+02 3.162280e-01 -3.245338e-01) (2.873104e+00 2.777923e-03 -6.356873e-03))
501.41        	((5.316175e-01 -1.153603e+02 3.874978e+02) (3.023687e-02 -1.298057e+01 1.003734e+01)) ((2.412446e+02 3.109840e-01 -3.036460e-01) (2.827582e+00 2.881262e-03 -6.256979e-03))
501.42        	((4.860923e-01 -1.145710e+02 3.730624e+02) (3.030113e-02 -1.283260e+01 9.784716e+00)) ((2.333935e+02 3.070861e-01 -2.750551e-01) (2.781715e+00 2.920754e-03 -6.247827e-03))
501.43        	((4.366817e-01 -1.137408e+02 3.590003e+02) (3.053122e-02 -1.268196e+01 9.532715e+00)) ((2.256723e+02 3.041527e-01 -2.487098e-01) (2.735537e+00 2.957711e-03 -6.284972e-03))
501.44        	((3.919943e-01 -1.129084e+02 3.452877e+02) (3.054631e-02 -1.252768e+01 9.280884e+00)) ((2.180823e+02 3.027246e-01 -2.194706e-01) (2.688619e+00 2.995147e-03 -6.384707e-03))
501.45        	((3.374156e-01 -1.120732e+02 3.319018e+02) (3.069915e-02 -1.237117e+01 9.029967e+00)) ((2.106237e+02 2.999172e-01 -1.942448e-01) (2.641266e+00 3.094726e-03 -6.424025e-03))
501.46        	((2.818524e-01 -1.111853e+02 3.188311e+02) (3.045189e-02 -1.221333e+01 8.781405e+00)) ((2.033056e+02 2.977089e-01 -1.648845e-01) (2.594140e+00 3.179206e-03 -6.367844e-03))
501.47        	((2.233140e-01 -1.102618e+02 3.060875e+02) (3.012838e-02 -1.205446e+01 8.535163e+00)) ((1.961269e+02 2.950947e-01 -1.408410e-01) (2.547196e+00 3.289702e-03 -6.084118e-03))
501.48        	((1.737322e-01 -1.093544e+02 2.936815e+02) (2.966474e-02 -1.189455e+01 8.291212e+00)) ((1.890856e+02 2.920763e-01 -1.151726e-01) (2.500335e+00 3.389913e-03 -5.896246e-03))
501.49        	((1.206705e-01 -1.084950e+02 2.816278e+02) (2.940438e-02 -1.173334e+01 8.049213e+00)) ((1.821884e+02 2.888684e-01 -9.270979e-02) (2.453215e+00 3.473670e-03 -5.768527e-03))
501.5         	((6.835244e-02 -1.076851e+02 2.699108e+02) (2.908886e-02 -1.157092e+01 7.809537e+00)) ((1.754493e+02 2.866593e-01 -7.017815e-02) (2.405946e+00 3.597548e-03 -5.697515e-03))
501.51        	((2.341469e-02 -1.069335e+02 2.585370e+02) (2.861325e-02 -1.140796e+01 7.572566e+00)) ((1.688759e+02 2.838198e-01 -5.398012e-02) (2.358646e+00 3.703051e-03 -5.468180e-03))
501.52        	((-1.257228e-02 -1.062581e+02 2.475041e+02) (2.794571e-02 -1.123989e+01 7.335969e+00)) ((1.624496e+02 2.800452e-01 -4.117306e-02) (2.310752e+00 3.815154e-03 -5.199090e-03))
501.53        	((-4.447600e-02 -1.056587e+02 2.367476e+02) (2.735478e-02 -1.107191e+01 7.102142e+00)) ((1.561426e+02 2.760584e-01 -2.893142e-02) (2.262566e+00 3.920365e-03 -4.964067e-03))
501.54        	((-7.713857e-02 -1.051481e+02 2.262933e+02) (2.673963e-02 -1.090403e+01 6.871416e+00)) ((1.499622e+02 2.731470e-01 -1.461637e-02) (2.214264e+00 4.055184e-03 -4.698012e-03))
501.55        	((-1.057048e-01 -1.047248e+02 2.161715e+02) (2.613267e-02 -1.073696e+01 6.644088e+00)) ((1.439290e+02 2.704422e-01 -2.559137e-03) (2.166022e+00 4.148766e-03 -4.449450e-03))
501.56        	((-1.221720e-01 -1.044004e+02 2.063693e+02) (2.543629e-02 -1.057075e+01 6.420314e+00)) ((1.380413e+02 2.651784e-01 4.944146e-03) (2.117877e+00 4.242018e-03 -4.220561e-03))
501.57        	((-1.074223e-01 -1.040100e+02 1.972814e+02) (2.451722e-02 -1.039961e+01 6.199863e+00)) ((1.325521e+02 2.573120e-01 7.708539e-03) (2.069938e+00 4.290889e-03 -3.909394e-03))
501.58        	((-1.184820e-01 -1.038640e+02 1.879107e+02) (2.358517e-02 -1.023480e+01 5.982444e+00)) ((1.268374e+02 2.469013e-01 1.606554e-02) (2.021430e+00 4.370215e-03 -3.561483e-03))
501.59        	((-1.202361e-01 -1.037180e+02 1.789238e+02) (2.254373e-02 -1.006501e+01 5.768239e+00)) ((1.213406e+02 2.362944e-01 2.316319e-02) (1.973034e+00 4.438327e-03 -3.157895e-03))
501.6         	((-1.178338e-01 -1.036268e+02 1.702025e+02) (2.142484e-02 -9.896346e+00 5.557338e+00)) ((1.159783e+02 2.265307e-01 2.944795e-02) (1.924550e+00 4.475787e-03 -2.705836e-03))
501.61        	((-1.164430e-01 -1.036178e+02 1.616329e+02) (2.030798e-02 -9.728624e+00 5.349693e+00)) ((1.106820e+02 2.163059e-01 3.524596e-02) (1.876051e+00 4.533572e-03 -2.259582e-03))
501.62        	((-1.231754e-01 -1.036856e+02 1.531898e+02) (1.920061e-02 -9.562063e+00 5.145706e+00)) ((1.054522e+02 2.040092e-01 4.108390e-02) (1.827758e+00 4.541767e-03 -1.863447e-03))
501.63        	((-1.333824e-01 -1.037924e+02 1.448977e+02) (1.811512e-02 -9.396994e+00 4.945959e+00)) ((1.003275e+02 1.892602e-01 4.783404e-02) (1.780044e+00 4.570324e-03 -1.499857e-03))
501.64        	((-1.404555e-01 -1.039136e+02 1.368106e+02) (1.696948e-02 -9.233919e+00 4.750354e+00)) ((9.534043e+01 1.739018e-01 5.402396e-02) (1.733077e+00 4.520948e-03 -1.101832e-03))
501.65        	((-1.428635e-01 -1.040372e+02 1.289656e+02) (1.579865e-02 -9.072977e+00 4.558547e+00)) ((9.049631e+01 1.602149e-01 5.813252e-02) (1.686733e+00 4.488426e-03 -6.523204e-04))
501.66        	((-1.367869e-01 -1.041641e+02 1.213703e+02) (1.442239e-02 -8.914226e+00 4.370152e+00)) ((8.579317e+01 1.479669e-01 5.474464e-02) (1.640813e+00 4.466292e-03 -6.843222e-05))
501.67        	((-1.170090e-01 -1.042935e+02 1.139936e+02) (1.298287e-02 -8.757793e+00 4.185636e+00)) ((8.123146e+01 1.372542e-01 4.073573e-02) (1.595580e+00 4.453821e-03 5.465868e-04))
501.68        	((-8.920846e-02 -1.044130e+02 1.068252e+02) (1.159269e-02 -8.603654e+00 4.004701e+00)) ((7.682426e+01 1.280757e-01 2.003458e-02) (1.550796e+00 4.415452e-03 1.116430e-03))
501.69        	((-6.809242e-02 -1.045036e+02 9.986358e+01) (1.015494e-02 -8.453031e+00 3.827438e+00)) ((7.258548e+01 1.198779e-01 2.041252e-03) (1.506787e+00 4.382421e-03 1.746411e-03))
501.7         	((-5.393462e-02 -1.045701e+02 9.308380e+01) (8.793376e-03 -8.306110e+00 3.654067e+00)) ((6.850047e+01 1.125273e-01 -1.361385e-02) (1.463765e+00 4.342379e-03 2.343891e-03))
501.71        	((-4.674896e-02 -1.046042e+02 8.651209e+01) (7.660941e-03 -8.162318e+00 3.484290e+00)) ((6.457617e+01 1.059364e-01 -2.729760e-02) (1.421553e+00 4.314806e-03 2.813878e-03))
501.72        	((-4.509661e-02 -1.046093e+02 8.019848e+01) (6.438678e-03 -8.021561e+00 3.318247e+00)) ((6.083762e+01 9.913616e-02 -3.622168e-02) (1.380203e+00 4.274583e-03 3.366654e-03))
501.73        	((-4.716971e-02 -1.046002e+02 7.413445e+01) (5.266334e-03 -7.883716e+00 3.155853e+00)) ((5.728078e+01 9.273825e-02 -3.949084e-02) (1.339735e+00 4.217095e-03 3.902138e-03))
501.74        	((-5.136189e-02 -1.045615e+02 6.828279e+01) (4.131703e-03 -7.748533e+00 2.997311e+00)) ((5.390026e+01 8.735592e-02 -4.029306e-02) (1.300308e+00 4.155162e-03 4.410408e-03))
501.75        	((-5.683419e-02 -1.044759e+02 6.261279e+01) (2.974982e-03 -7.616070e+00 2.842823e+00)) ((5.068812e+01 8.277817e-02 -4.129077e-02) (1.262025e+00 4.084246e-03 4.923639e-03))
501.76        	((-6.339018e-02 -1.043413e+02 5.711641e+01) (1.844863e-03 -7.486372e+00 2.692231e+00)) ((4.763271e+01 7.840505e-02 -4.209985e-02) (1.224810e+00 4.020892e-03 5.392208e-03))
501.77        	((-6.963728e-02 -1.041675e+02 5.180308e+01) (8.137500e-04 -7.359268e+00 2.545435e+00)) ((4.472219e+01 7.466093e-02 -4.073492e-02) (1.188561e+00 3.966140e-03 5.808857e-03))
501.78        	((-7.480281e-02 -1.039606e+02 4.668368e+01) (-2.188620e-04 -7.234654e+00 2.402339e+00)) ((4.194964e+01 7.140625e-02 -3.598151e-02) (1.153225e+00 3.911721e-03 6.221903e-03))
501.79        	((-7.754361e-02 -1.037275e+02 4.175997e+01) (-1.335112e-03 -7.112647e+00 2.262915e+00)) ((3.931223e+01 6.809315e-02 -2.899452e-02) (1.118777e+00 3.837299e-03 6.686027e-03))
501.8         	((-8.552623e-02 -1.034662e+02 3.702427e+01) (-2.378486e-03 -6.993104e+00 2.127112e+00)) ((3.680537e+01 6.456613e-02 -1.658132e-02) (1.085195e+00 3.759985e-03 7.112916e-03))
501.81        	((-9.670077e-02 -1.031653e+02 3.247431e+01) (-3.331984e-03 -6.876314e+00 1.995049e+00)) ((3.442280e+01 6.039644e-02 -2.949208e-04) (1.052571e+00 3.667135e-03 7.457850e-03))
501.82        	((-1.042389e-01 -1.028164e+02 2.808625e+01) (-4.086529e-03 -6.762031e+00 1.866617e+00)) ((3.214709e+01 5.667586e-02 1.210771e-02) (1.020793e+00 3.555852e-03 7.680730e-03))
501.83        	((-1.031138e-01 -1.024234e+02 2.385871e+01) (-4.855226e-03 -6.650717e+00 1.741915e+00)) ((2.996913e+01 5.170304e-02 1.671262e-02) (9.899180e-01 3.455996e-03 7.886959e-03))
501.84        	((-9.979757e-02 -1.020030e+02 1.980393e+01) (-5.588885e-03 -6.542079e+00 1.620758e+00)) ((2.788909e+01 4.720298e-02 1.891408e-02) (9.598341e-01 3.370105e-03 8.144965e-03))
501.85        	((-1.004521e-01 -1.015686e+02 1.592140e+01) (-6.245016e-03 -6.435472e+00 1.502782e+00)) ((2.590592e+01 4.400964e-02 2.523425e-02) (9.304152e-01 3.322456e-03 8.420880e-03))
501.86        	((-1.019914e-01 -1.011168e+02 1.220262e+01) (-6.869512e-03 -6.330581e+00 1.387703e+00)) ((2.401324e+01 4.053402e-02 3.466413e-02) (9.016086e-01 3.273805e-03 8.677867e-03))
501.87        	((-1.040379e-01 -1.006380e+02 8.628861e+00) (-7.405346e-03 -6.227265e+00 1.275696e+00)) ((2.220165e+01 3.674359e-02 4.377504e-02) (8.734784e-01 3.208495e-03 8.925063e-03))
501.88        	((-1.067475e-01 -1.001305e+02 5.192846e+00) (-7.923524e-03 -6.125692e+00 1.166974e+00)) ((2.047009e+01 3.394766e-02 5.072770e-02) (8.460173e-01 3.091586e-03 9.130062e-03))
501.89        	((-1.083247e-01 -9.959504e+01 1.887641e+00) (-8.391170e-03 -6.025709e+00 1.061516e+00)) ((1.881765e+01 3.183084e-02 5.620121e-02) (8.191859e-01 2.975225e-03 9.323245e-03))
501.9         	((-1.111211e-01 -9.903125e+01 -1.296690e+00) (-8.810106e-03 -5.927315e+00 9.593871e-01)) ((1.723704e+01 2.993397e-02 6.082221e-02) (7.930494e-01 2.843520e-03 9.489601e-03))
501.91        	((-1.149034e-01 -9.843725e+01 -4.372526e+00) (-9.230473e-03 -5.830692e+00 8.605533e-01)) ((1.571946e+01 2.818498e-02 6.605243e-02) (7.675956e-01 2.732663e-03 9.687901e-03))
501.92        	((-1.198797e-01 -9.781620e+01 -7.333929e+00) (-9.584880e-03 -5.735835e+00 7.650124e-01)) ((1.426653e+01 2.742196e-02 7.207628e-02) (7.427955e-01 2.622653e-03 9.874868e-03))
501.93        	((-1.277500e-01 -9.717197e+01 -1.017093e+01) (-9.884678e-03 -5.642932e+00 6.727149e-01)) ((1.288427e+01 2.706707e-02 7.791548e-02) (7.186114e-01 2.505379e-03 9.982180e-03))
501.94        	((-1.387217e-01 -9.650081e+01 -1.289003e+01) (-1.021971e-02 -5.551963e+00 5.835026e-01)) ((1.156916e+01 2.686028e-02 8.359401e-02) (6.949878e-01 2.377903e-03 1.007295e-02))
501.95        	((-1.510162e-01 -9.580375e+01 -1.550668e+01) (-1.055460e-02 -5.462944e+00 4.976371e-01)) ((1.031200e+01 2.669384e-02 8.882638e-02) (6.720339e-01 2.240386e-03 1.017524e-02))
501.96        	((-1.629458e-01 -9.507905e+01 -1.803505e+01) (-1.087962e-02 -5.375861e+00 4.151614e-01)) ((9.105277e+00 2.657488e-02 9.371047e-02) (6.497819e-01 2.094684e-03 1.025834e-02))
501.97        	((-1.759408e-01 -9.432112e+01 -2.048441e+01) (-1.119066e-02 -5.290695e+00 3.359778e-01)) ((7.945010e+00 2.646901e-02 9.865184e-02) (6.281658e-01 1.933761e-03 1.030836e-02))
501.98        	((-1.909436e-01 -9.354117e+01 -2.283767e+01) (-1.150122e-02 -5.207750e+00 2.601319e-01)) ((6.839322e+00 2.607722e-02 1.033315e-01) (6.072235e-01 1.758664e-03 1.030969e-02))
501.99        	((-2.087644e-01 -9.274549e+01 -2.508810e+01) (-1.182924e-02 -5.127224e+00 1.875693e-01)) ((5.791344e+00 2.488330e-02 1.067999e-01) (5.869349e-01 1.587333e-03 1.027925e-02))
502           	((-2.285101e-01 -9.193994e+01 -2.723527e+01) (-1.215750e-02 -5.049100e+00 1.180849e-01)) ((4.799361e+00 2.326155e-02 1.090811e-01) (5.672258e-01 1.425979e-03 1.023863e-02))
502.01        	((-2.499814e-01 -9.112650e+01 -2.927982e+01) (-1.247075e-02 -4.973446e+00 5.158341e-02)) ((3.860529e+00 2.127371e-02 1.106856e-01) (5.480808e-01 1.273487e-03 1.017875e-02))
502.02        	((-2.714447e-01 -9.029915e+01 -3.121941e+01) (-1.278468e-02 -4.900348e+00 -1.205982e-02)) ((2.969974e+00 1.870662e-02 1.122765e-01) (5.294662e-01 1.126603e-03 1.010026e-02))
502.03        	((-2.911948e-01 -8.945689e+01 -3.304374e+01) (-1.309828e-02 -4.830097e+00 -7.299820e-02)) ((2.127335e+00 1.532465e-02 1.136027e-01) (5.113105e-01 9.881475e-04 1.001269e-02))
502.04        	((-3.075965e-01 -8.860226e+01 -3.475519e+01) (-1.340439e-02 -4.762700e+00 -1.312229e-01)) ((1.331121e+00 1.135653e-02 1.149017e-01) (4.935916e-01 8.554414e-04 9.910237e-03))
502.05        	((-3.224160e-01 -8.774239e+01 -3.634292e+01) (-1.371326e-02 -4.697788e+00 -1.867117e-01)) ((5.817561e-01 6.797798e-03 1.160844e-01) (4.763460e-01 7.191056e-04 9.794532e-03))
502.06        	((-3.389368e-01 -8.688253e+01 -3.779347e+01) (-1.402978e-02 -4.634967e+00 -2.395244e-01)) ((-1.200668e-01 1.405804e-03 1.176264e-01) (4.595771e-01 5.884531e-04 9.672671e-03))
502.07        	((-3.560463e-01 -8.602401e+01 -3.910379e+01) (-1.433870e-02 -4.574018e+00 -2.897590e-01)) ((-7.758615e-01 -4.226590e-03 1.194990e-01) (4.432845e-01 4.578692e-04 9.554755e-03))
502.08        	((-3.724446e-01 -8.516440e+01 -4.028790e+01) (-1.463819e-02 -4.514800e+00 -3.374995e-01)) ((-1.388783e+00 -9.552564e-03 1.216237e-01) (4.274804e-01 3.221774e-04 9.454759e-03))
502.09        	((-3.889557e-01 -8.430278e+01 -4.136249e+01) (-1.494370e-02 -4.457251e+00 -3.828617e-01)) ((-1.961725e+00 -1.441000e-02 1.233680e-01) (4.121367e-01 1.843893e-04 9.364422e-03))
502.1         	((-4.053636e-01 -8.344149e+01 -4.233857e+01) (-1.525586e-02 -4.401369e+00 -4.259252e-01)) ((-2.496354e+00 -1.914276e-02 1.246221e-01) (3.972532e-01 4.569727e-05 9.281616e-03))
502.11        	((-4.224307e-01 -8.258359e+01 -4.321680e+01) (-1.558568e-02 -4.347195e+00 -4.667564e-01)) ((-2.992952e+00 -2.395925e-02 1.250406e-01) (3.828202e-01 -9.648724e-05 9.204401e-03))
502.12        	((-4.393132e-01 -8.172887e+01 -4.399490e+01) (-1.592854e-02 -4.294727e+00 -5.054386e-01)) ((-3.452619e+00 -2.872337e-02 1.250799e-01) (3.688179e-01 -2.442880e-04 9.130353e-03))
502.13        	((-4.569107e-01 -8.087896e+01 -4.467234e+01) (-1.627147e-02 -4.243998e+00 -5.420786e-01)) ((-3.876503e+00 -3.313321e-02 1.251290e-01) (3.552396e-01 -3.982133e-04 9.061476e-03))
502.14        	((-4.756103e-01 -8.003180e+01 -4.525037e+01) (-1.662561e-02 -4.194900e+00 -5.767051e-01)) ((-4.265929e+00 -3.722661e-02 1.252957e-01) (3.421106e-01 -5.535098e-04 9.004507e-03))
502.15        	((-4.945832e-01 -7.918654e+01 -4.573243e+01) (-1.698428e-02 -4.147399e+00 -6.093804e-01)) ((-4.621675e+00 -4.108584e-02 1.251055e-01) (3.294318e-01 -7.072228e-04 8.953024e-03))
502.16        	((-5.130391e-01 -7.834323e+01 -4.612576e+01) (-1.734817e-02 -4.101494e+00 -6.402128e-01)) ((-4.944413e+00 -4.455113e-02 1.247685e-01) (3.171792e-01 -8.645168e-04 8.905904e-03))
502.17        	((-5.307606e-01 -7.750095e+01 -4.643998e+01) (-1.770407e-02 -4.057146e+00 -6.692775e-01)) ((-5.235853e+00 -4.764125e-02 1.244662e-01) (3.053532e-01 -1.022320e-03 8.862540e-03))
502.18        	((-5.478439e-01 -7.665917e+01 -4.667836e+01) (-1.805015e-02 -4.014316e+00 -6.966536e-01)) ((-5.497206e+00 -5.049006e-02 1.241251e-01) (2.939416e-01 -1.184350e-03 8.829505e-03))
502.19        	((-5.658541e-01 -7.581884e+01 -4.684382e+01) (-1.841173e-02 -3.972975e+00 -7.223770e-01)) ((-5.730168e+00 -5.347254e-02 1.237524e-01) (2.829355e-01 -1.343113e-03 8.800976e-03))
502.2         	((-5.845016e-01 -7.500824e+01 -4.694361e+01) (-1.879541e-02 -3.933108e+00 -7.465095e-01)) ((-5.935155e+00 -5.663587e-02 1.231874e-01) (2.723238e-01 -1.498833e-03 8.779084e-03))
502.21        	((-6.041408e-01 -7.418938e+01 -4.697655e+01) (-1.918289e-02 -3.894684e+00 -7.690573e-01)) ((-6.113581e+00 -5.983439e-02 1.233584e-01) (2.621198e-01 -1.651767e-03 8.752112e-03))
502.22        	((-6.230610e-01 -7.334597e+01 -4.695029e+01) (-1.955245e-02 -3.857598e+00 -7.900796e-01)) ((-6.268767e+00 -6.284256e-02 1.238515e-01) (2.523019e-01 -1.813398e-03 8.729292e-03))
502.23        	((-6.404808e-01 -7.248839e+01 -4.686983e+01) (-1.993349e-02 -3.821736e+00 -8.096570e-01)) ((-6.400076e+00 -6.594253e-02 1.242712e-01) (2.428386e-01 -1.978344e-03 8.708545e-03))
502.24        	((-6.565879e-01 -7.163205e+01 -4.673495e+01) (-2.034628e-02 -3.786970e+00 -8.277993e-01)) ((-6.506732e+00 -6.944859e-02 1.245044e-01) (2.337186e-01 -2.141588e-03 8.685996e-03))
502.25        	((-6.719151e-01 -7.078360e+01 -4.654726e+01) (-2.078866e-02 -3.753158e+00 -8.445224e-01)) ((-6.588969e+00 -7.356637e-02 1.247147e-01) (2.249418e-01 -2.298310e-03 8.659866e-03))
502.26        	((-6.876591e-01 -6.994219e+01 -4.631377e+01) (-2.123846e-02 -3.720192e+00 -8.597883e-01)) ((-6.648780e+00 -7.828343e-02 1.250402e-01) (2.165185e-01 -2.447791e-03 8.637463e-03))
502.27        	((-7.040870e-01 -6.910160e+01 -4.603886e+01) (-2.168841e-02 -3.688025e+00 -8.736781e-01)) ((-6.688540e+00 -8.324329e-02 1.256023e-01) (2.084516e-01 -2.592243e-03 8.631738e-03))
502.28        	((-7.207136e-01 -6.825827e+01 -4.572795e+01) (-2.212559e-02 -3.656620e+00 -8.862106e-01)) ((-6.710086e+00 -8.831320e-02 1.263702e-01) (2.007218e-01 -2.734257e-03 8.648755e-03))
502.29        	((-7.371942e-01 -6.741258e+01 -4.538513e+01) (-2.255485e-02 -3.625877e+00 -8.974156e-01)) ((-6.713400e+00 -9.324166e-02 1.271990e-01) (1.933201e-01 -2.875750e-03 8.676506e-03))
502.3         	((-7.531016e-01 -6.656718e+01 -4.501549e+01) (-2.298784e-02 -3.595739e+00 -9.071972e-01)) ((-6.698947e+00 -9.783117e-02 1.279509e-01) (1.862645e-01 -3.019325e-03 8.712880e-03))
502.31        	((-7.685371e-01 -6.572371e+01 -4.461983e+01) (-2.342703e-02 -3.566023e+00 -9.156447e-01)) ((-6.667099e+00 -1.021244e-01 1.287933e-01) (1.795256e-01 -3.161910e-03 8.763304e-03))
502.32        	((-7.839106e-01 -6.488322e+01 -4.419928e+01) (-2.386835e-02 -3.536612e+00 -9.228160e-01)) ((-6.619050e+00 -1.060336e-01 1.295982e-01) (1.730886e-01 -3.307890e-03 8.827641e-03))
502.33        	((-7.984413e-01 -6.404789e+01 -4.375963e+01) (-2.431383e-02 -3.507429e+00 -9.287540e-01)) ((-6.557075e+00 -1.096956e-01 1.303061e-01) (1.669459e-01 -3.452629e-03 8.894350e-03))
502.34        	((-8.122883e-01 -6.321716e+01 -4.330726e+01) (-2.477034e-02 -3.478412e+00 -9.334920e-01)) ((-6.482862e+00 -1.133175e-01 1.310706e-01) (1.610910e-01 -3.598058e-03 8.956852e-03))
502.35        	((-8.255629e-01 -6.239179e+01 -4.284609e+01) (-2.523780e-02 -3.449502e+00 -9.370848e-01)) ((-6.397758e+00 -1.170269e-01 1.318297e-01) (1.555121e-01 -3.743852e-03 9.016532e-03))
502.36        	((-8.386234e-01 -6.157294e+01 -4.237394e+01) (-2.571104e-02 -3.420613e+00 -9.396096e-01)) ((-6.302404e+00 -1.207990e-01 1.326779e-01) (1.502045e-01 -3.889253e-03 9.078498e-03))
502.37        	((-8.517208e-01 -6.076182e+01 -4.189074e+01) (-2.619519e-02 -3.391702e+00 -9.411094e-01)) ((-6.197788e+00 -1.244707e-01 1.335149e-01) (1.451550e-01 -4.034720e-03 9.148175e-03))
502.38        	((-8.651604e-01 -5.997897e+01 -4.142471e+01) (-2.667615e-02 -3.362799e+00 -9.415850e-01)) ((-6.091359e+00 -1.279715e-01 1.336530e-01) (1.403729e-01 -4.177802e-03 9.227928e-03))
502.39        	((-8.785587e-01 -5.919956e+01 -4.096176e+01) (-2.715056e-02 -3.333941e+00 -9.411533e-01)) ((-5.979067e+00 -1.314869e-01 1.335174e-01) (1.358213e-01 -4.326708e-03 9.316883e-03))
502.4         	((-8.910728e-01 -5.841213e+01 -4.049562e+01) (-2.764935e-02 -3.305541e+00 -9.401996e-01)) ((-5.863160e+00 -1.348214e-01 1.334035e-01) (1.312989e-01 -4.462065e-03 9.411596e-03))
502.41        	((-9.025277e-01 -5.762284e+01 -4.002130e+01) (-2.813553e-02 -3.277075e+00 -9.383745e-01)) ((-5.743167e+00 -1.381846e-01 1.333230e-01) (1.270204e-01 -4.596942e-03 9.508455e-03))
502.42        	((-9.136347e-01 -5.684114e+01 -3.954110e+01) (-2.861805e-02 -3.248411e+00 -9.356367e-01)) ((-5.619929e+00 -1.415278e-01 1.333326e-01) (1.230312e-01 -4.729517e-03 9.602208e-03))
502.43        	((-9.246107e-01 -5.607282e+01 -3.905953e+01) (-2.909726e-02 -3.219591e+00 -9.320765e-01)) ((-5.494672e+00 -1.449456e-01 1.334288e-01) (1.193018e-01 -4.858259e-03 9.693577e-03))
502.44        	((-9.354907e-01 -5.531504e+01 -3.857867e+01) (-2.957445e-02 -3.190671e+00 -9.277977e-01)) ((-5.368187e+00 -1.484604e-01 1.335962e-01) (1.157971e-01 -4.985331e-03 9.787410e-03))
502.45        	((-9.460666e-01 -5.456481e+01 -3.809770e+01) (-3.004382e-02 -3.161685e+00 -9.228923e-01)) ((-5.240466e+00 -1.522086e-01 1.337739e-01) (1.124964e-01 -5.111202e-03 9.880638e-03))
502.46        	((-9.561432e-01 -5.382007e+01 -3.761705e+01) (-3.051894e-02 -3.132630e+00 -9.174306e-01)) ((-5.112281e+00 -1.560658e-01 1.338215e-01) (1.093807e-01 -5.228220e-03 9.974822e-03))
502.47        	((-9.657017e-01 -5.308302e+01 -3.713948e+01) (-3.099214e-02 -3.103502e+00 -9.114542e-01)) ((-4.985025e+00 -1.600448e-01 1.337585e-01) (1.064469e-01 -5.338718e-03 1.006974e-02))
502.48        	((-9.747574e-01 -5.235738e+01 -3.667397e+01) (-3.145838e-02 -3.074320e+00 -9.050170e-01)) ((-4.861003e+00 -1.642085e-01 1.336435e-01) (1.036866e-01 -5.447372e-03 1.016811e-02))
502.49        	((-9.835137e-01 -5.164494e+01 -3.622559e+01) (-3.191931e-02 -3.045094e+00 -8.981772e-01)) ((-4.741670e+00 -1.683702e-01 1.336471e-01) (1.010923e-01 -5.549252e-03 1.026174e-02))
502.5         	((-9.919451e-01 -5.094517e+01 -3.579630e+01) (-3.237670e-02 -3.015833e+00 -8.909886e-01)) ((-4.627824e+00 -1.724460e-01 1.337468e-01) (9.865924e-02 -5.645431e-03 1.035153e-02))
502.51        	((-9.999961e-01 -5.027587e+01 -3.541084e+01) (-3.282860e-02 -2.986576e+00 -8.835266e-01)) ((-4.526707e+00 -1.764333e-01 1.336484e-01) (9.637610e-02 -5.737902e-03 1.043938e-02))
502.52        	((-1.007715e+00 -4.961934e+01 -3.504963e+01) (-3.327428e-02 -2.957335e+00 -8.758651e-01)) ((-4.432382e+00 -1.804401e-01 1.335458e-01) (9.423332e-02 -5.827079e-03 1.052628e-02))
502.53        	((-1.014654e+00 -4.896540e+01 -3.469149e+01) (-3.371237e-02 -2.928117e+00 -8.680540e-01)) ((-4.340850e+00 -1.844286e-01 1.335273e-01) (9.221835e-02 -5.914489e-03 1.061379e-02))
502.54        	((-1.021001e+00 -4.831770e+01 -3.433742e+01) (-3.414313e-02 -2.898933e+00 -8.601202e-01)) ((-4.252987e+00 -1.882875e-01 1.335055e-01) (9.032285e-02 -6.000020e-03 1.070222e-02))
502.55        	((-1.027157e+00 -4.768517e+01 -3.399808e+01) (-3.456655e-02 -2.869805e+00 -8.520923e-01)) ((-4.171725e+00 -1.919455e-01 1.334142e-01) (8.853907e-02 -6.083960e-03 1.079170e-02))
502.56        	((-1.033170e+00 -4.707210e+01 -3.367839e+01) (-3.498206e-02 -2.840762e+00 -8.440068e-01)) ((-4.098360e+00 -1.954074e-01 1.332294e-01) (8.685925e-02 -6.166131e-03 1.088155e-02))
502.57        	((-1.038815e+00 -4.647763e+01 -3.338031e+01) (-3.539116e-02 -2.811829e+00 -8.359062e-01)) ((-4.033174e+00 -1.987042e-01 1.329830e-01) (8.527342e-02 -6.246660e-03 1.097183e-02))
502.58        	((-1.043991e+00 -4.589833e+01 -3.310266e+01) (-3.579267e-02 -2.783024e+00 -8.278294e-01)) ((-3.975853e+00 -2.018513e-01 1.327155e-01) (8.377243e-02 -6.325785e-03 1.106177e-02))
502.59        	((-1.048694e+00 -4.533374e+01 -3.284821e+01) (-3.618766e-02 -2.754362e+00 -8.198141e-01)) ((-3.927231e+00 -2.048484e-01 1.324009e-01) (8.234646e-02 -6.403988e-03 1.115165e-02))
502.6         	((-1.053083e+00 -4.478654e+01 -3.262260e+01) (-3.657569e-02 -2.725869e+00 -8.119013e-01)) ((-3.888889e+00 -2.077159e-01 1.320169e-01) (8.098334e-02 -6.481150e-03 1.124104e-02))
502.61        	((-1.057413e+00 -4.427087e+01 -3.244275e+01) (-3.695786e-02 -2.697591e+00 -8.041427e-01)) ((-3.866264e+00 -2.104102e-01 1.313737e-01) (7.967104e-02 -6.557114e-03 1.132937e-02))
502.62        	((-1.062082e+00 -4.377290e+01 -3.229506e+01) (-3.733344e-02 -2.669546e+00 -7.965871e-01)) ((-3.854106e+00 -2.130160e-01 1.308295e-01) (7.839974e-02 -6.631708e-03 1.141578e-02))
502.63        	((-1.066815e+00 -4.328744e+01 -3.216968e+01) (-3.770263e-02 -2.641748e+00 -7.892667e-01)) ((-3.850300e+00 -2.155783e-01 1.305298e-01) (7.715957e-02 -6.705059e-03 1.150134e-02))
502.64        	((-1.071380e+00 -4.281500e+01 -3.206119e+01) (-3.806505e-02 -2.614213e+00 -7.822017e-01)) ((-3.854688e+00 -2.181047e-01 1.303834e-01) (7.594220e-02 -6.777504e-03 1.158666e-02))
502.65        	((-1.075973e+00 -4.235994e+01 -3.197078e+01) (-3.842014e-02 -2.586961e+00 -7.754050e-01)) ((-3.868244e+00 -2.205465e-01 1.302626e-01) (7.474034e-02 -6.849005e-03 1.167181e-02))
502.66        	((-1.080922e+00 -4.192512e+01 -3.189994e+01) (-3.876908e-02 -2.560013e+00 -7.688887e-01)) ((-3.891203e+00 -2.228945e-01 1.301125e-01) (7.354783e-02 -6.919125e-03 1.175607e-02))
502.67        	((-1.086513e+00 -4.150974e+01 -3.184971e+01) (-3.911339e-02 -2.533386e+00 -7.626672e-01)) ((-3.923169e+00 -2.251664e-01 1.300138e-01) (7.235896e-02 -6.987754e-03 1.183899e-02))
502.68        	((-1.092823e+00 -4.111126e+01 -3.181787e+01) (-3.945367e-02 -2.507096e+00 -7.567565e-01)) ((-3.963322e+00 -2.273819e-01 1.300478e-01) (7.116727e-02 -7.054809e-03 1.192022e-02))
502.69        	((-1.099677e+00 -4.073766e+01 -3.181544e+01) (-3.979067e-02 -2.481173e+00 -7.511772e-01)) ((-4.015213e+00 -2.295146e-01 1.299755e-01) (6.996535e-02 -7.120475e-03 1.200009e-02))
502.7         	((-1.107266e+00 -4.037600e+01 -3.182600e+01) (-4.012373e-02 -2.455618e+00 -7.459450e-01)) ((-4.073294e+00 -2.315937e-01 1.300948e-01) (6.874756e-02 -7.184419e-03 1.207760e-02))
502.71        	((-1.115436e+00 -4.002163e+01 -3.184196e+01) (-4.045378e-02 -2.430431e+00 -7.410576e-01)) ((-4.135756e+00 -2.336450e-01 1.305656e-01) (6.750886e-02 -7.246888e-03 1.215337e-02))
502.72        	((-1.124405e+00 -3.968004e+01 -3.186954e+01) (-4.078191e-02 -2.405611e+00 -7.365089e-01)) ((-4.204841e+00 -2.356633e-01 1.312443e-01) (6.624408e-02 -7.307887e-03 1.222759e-02))
502.73        	((-1.134383e+00 -3.935226e+01 -3.191027e+01) (-4.110942e-02 -2.381170e+00 -7.322995e-01)) ((-4.279955e+00 -2.376256e-01 1.321235e-01) (6.494983e-02 -7.367610e-03 1.230068e-02))
502.74        	((-1.145263e+00 -3.903847e+01 -3.196454e+01) (-4.143717e-02 -2.357116e+00 -7.284296e-01)) ((-4.361256e+00 -2.395264e-01 1.330900e-01) (6.362383e-02 -7.425895e-03 1.237233e-02))
502.75        	((-1.156956e+00 -3.873749e+01 -3.202807e+01) (-4.176555e-02 -2.333455e+00 -7.248955e-01)) ((-4.447771e+00 -2.413702e-01 1.341905e-01) (6.226436e-02 -7.482363e-03 1.244214e-02))
502.76        	((-1.169471e+00 -3.844742e+01 -3.209463e+01) (-4.209394e-02 -2.310190e+00 -7.216879e-01)) ((-4.537989e+00 -2.431613e-01 1.354731e-01) (6.086884e-02 -7.537013e-03 1.250908e-02))
502.77        	((-1.182802e+00 -3.817395e+01 -3.216696e+01) (-4.242257e-02 -2.287335e+00 -7.187945e-01)) ((-4.632820e+00 -2.448596e-01 1.367286e-01) (5.943518e-02 -7.589865e-03 1.257334e-02))
502.78        	((-1.197167e+00 -3.790202e+01 -3.222706e+01) (-4.275097e-02 -2.264871e+00 -7.161905e-01)) ((-4.726421e+00 -2.464892e-01 1.382052e-01) (5.796441e-02 -7.640637e-03 1.263479e-02))
502.79        	((-1.212376e+00 -3.762219e+01 -3.226213e+01) (-4.307956e-02 -2.242762e+00 -7.138324e-01)) ((-4.815229e+00 -2.480922e-01 1.400203e-01) (5.645816e-02 -7.689451e-03 1.269395e-02))
502.8         	((-1.228261e+00 -3.733610e+01 -3.226707e+01) (-4.340909e-02 -2.220980e+00 -7.116684e-01)) ((-4.898796e+00 -2.496235e-01 1.420891e-01) (5.491996e-02 -7.736430e-03 1.275168e-02))
502.81        	((-1.244746e+00 -3.704732e+01 -3.224263e+01) (-4.374029e-02 -2.199499e+00 -7.096438e-01)) ((-4.977447e+00 -2.510428e-01 1.442986e-01) (5.335491e-02 -7.781304e-03 1.280835e-02))
502.82        	((-1.261863e+00 -3.675553e+01 -3.218589e+01) (-4.407068e-02 -2.178297e+00 -7.077082e-01)) ((-5.049711e+00 -2.523407e-01 1.466981e-01) (5.176712e-02 -7.823229e-03 1.286212e-02))
502.83        	((-1.279435e+00 -3.645479e+01 -3.208997e+01) (-4.440055e-02 -2.157338e+00 -7.058068e-01)) ((-5.112635e+00 -2.535157e-01 1.492614e-01) (5.016192e-02 -7.862563e-03 1.291369e-02))
502.84        	((-1.296617e+00 -3.613938e+01 -3.194418e+01) (-4.472938e-02 -2.136584e+00 -7.038797e-01)) ((-5.163447e+00 -2.545889e-01 1.518866e-01) (4.854663e-02 -7.899198e-03 1.296274e-02))
502.85        	((-1.313226e+00 -3.580861e+01 -3.174723e+01) (-4.505633e-02 -2.115997e+00 -7.018625e-01)) ((-5.201396e+00 -2.555143e-01 1.545493e-01) (4.692875e-02 -7.933198e-03 1.300895e-02))
502.86        	((-1.329415e+00 -3.546304e+01 -3.150449e+01) (-4.538055e-02 -2.095546e+00 -6.996980e-01)) ((-5.227097e+00 -2.563022e-01 1.573490e-01) (4.531343e-02 -7.964794e-03 1.305341e-02))
502.87        	((-1.344898e+00 -3.510356e+01 -3.122279e+01) (-4.569999e-02 -2.075188e+00 -6.973387e-01)) ((-5.241393e+00 -2.569633e-01 1.602037e-01) (4.370541e-02 -7.994087e-03 1.309628e-02))
502.88        	((-1.359033e+00 -3.473157e+01 -3.090964e+01) (-4.601248e-02 -2.054896e+00 -6.947520e-01)) ((-5.245272e+00 -2.575155e-01 1.628652e-01) (4.210817e-02 -8.021010e-03 1.313702e-02))
502.89        	((-1.371486e+00 -3.434852e+01 -3.057180e+01) (-4.631550e-02 -2.034647e+00 -6.919174e-01)) ((-5.239850e+00 -2.579731e-01 1.652725e-01) (4.052379e-02 -8.045275e-03 1.317444e-02))
502.9         	((-1.382222e+00 -3.395552e+01 -3.021585e+01) (-4.660642e-02 -2.014426e+00 -6.888239e-01)) ((-5.226192e+00 -2.583535e-01 1.675043e-01) (3.895341e-02 -8.067369e-03 1.320817e-02))
502.91        	((-1.391427e+00 -3.355502e+01 -2.985121e+01) (-4.688493e-02 -1.994226e+00 -6.854698e-01)) ((-5.206116e+00 -2.586851e-01 1.696123e-01) (3.739832e-02 -8.087588e-03 1.323843e-02))
502.92        	((-1.399311e+00 -3.315970e+01 -2.950442e+01) (-4.715164e-02 -1.974060e+00 -6.818752e-01)) ((-5.185976e+00 -2.590016e-01 1.714236e-01) (3.585812e-02 -8.106284e-03 1.326536e-02))
502.93        	((-1.405787e+00 -3.276434e+01 -2.917828e+01) (-4.740440e-02 -1.953938e+00 -6.780785e-01)) ((-5.165486e+00 -2.593515e-01 1.731067e-01) (3.433085e-02 -8.123897e-03 1.328875e-02))
502.94        	((-1.410643e+00 -3.236624e+01 -2.887045e+01) (-4.764137e-02 -1.933863e+00 -6.741173e-01)) ((-5.144706e+00 -2.597343e-01 1.747315e-01) (3.281304e-02 -8.140656e-03 1.330870e-02))
502.95        	((-1.414046e+00 -3.196859e+01 -2.858419e+01) (-4.786115e-02 -1.913851e+00 -6.700267e-01)) ((-5.125245e+00 -2.601302e-01 1.762512e-01) (3.130211e-02 -8.156867e-03 1.332633e-02))
502.96        	((-1.416461e+00 -3.157730e+01 -2.832667e+01) (-4.806356e-02 -1.893920e+00 -6.658412e-01)) ((-5.109386e+00 -2.605216e-01 1.775716e-01) (2.979683e-02 -8.172873e-03 1.334168e-02))
502.97        	((-1.418109e+00 -3.119549e+01 -2.810051e+01) (-4.824784e-02 -1.874099e+00 -6.615978e-01)) ((-5.098066e+00 -2.609064e-01 1.787088e-01) (2.829706e-02 -8.188983e-03 1.335396e-02))
502.98        	((-1.419070e+00 -3.082433e+01 -2.790798e+01) (-4.841470e-02 -1.854415e+00 -6.573345e-01)) ((-5.092097e+00 -2.612867e-01 1.797119e-01) (2.680342e-02 -8.204797e-03 1.336349e-02))
502.99        	((-1.419243e+00 -3.046439e+01 -2.775041e+01) (-4.856452e-02 -1.834898e+00 -6.530904e-01)) ((-5.092219e+00 -2.617009e-01 1.806406e-01) (2.531599e-02 -8.220835e-03 1.337051e-02))
503           	((-1.418780e+00 -3.012394e+01 -2.763853e+01) (-4.869786e-02 -1.815590e+00 -6.489122e-01)) ((-5.102252e+00 -2.622240e-01 1.814486e-01) (2.383364e-02 -8.237815e-03 1.337605e-02))
503.01        	((-1.418140e+00 -2.979519e+01 -2.755797e+01) (-4.881387e-02 -1.796518e+00 -6.448419e-01)) ((-5.118354e+00 -2.628274e-01 1.823655e-01) (2.235630e-02 -8.256007e-03 1.337971e-02))
503.02        	((-1.417374e+00 -2.947440e+01 -2.749730e+01) (-4.891515e-02 -1.777695e+00 -6.409020e-01)) ((-5.138426e+00 -2.634737e-01 1.834808e-01) (2.088403e-02 -8.275515e-03 1.338304e-02))
503.03        	((-1.416617e+00 -2.916236e+01 -2.745137e+01) (-4.900250e-02 -1.759136e+00 -6.371013e-01)) ((-5.162114e+00 -2.641301e-01 1.847163e-01) (1.941912e-02 -8.296227e-03 1.338568e-02))
503.04        	((-1.415972e+00 -2.886301e+01 -2.742296e+01) (-4.907697e-02 -1.740856e+00 -6.334460e-01)) ((-5.190745e+00 -2.648010e-01 1.859323e-01) (1.796420e-02 -8.318153e-03 1.338815e-02))
503.05        	((-1.415620e+00 -2.858444e+01 -2.741992e+01) (-4.914064e-02 -1.722885e+00 -6.299506e-01)) ((-5.226293e+00 -2.655069e-01 1.869494e-01) (1.652148e-02 -8.341490e-03 1.339069e-02))
503.06        	((-1.415860e+00 -2.831732e+01 -2.742862e+01) (-4.919346e-02 -1.705236e+00 -6.266262e-01)) ((-5.265092e+00 -2.662233e-01 1.880656e-01) (1.509542e-02 -8.366371e-03 1.339203e-02))
503.07        	((-1.416544e+00 -2.805616e+01 -2.743909e+01) (-4.923659e-02 -1.687912e+00 -6.234705e-01)) ((-5.304980e+00 -2.669627e-01 1.894654e-01) (1.368840e-02 -8.392688e-03 1.339265e-02))
503.08        	((-1.417531e+00 -2.780235e+01 -2.745170e+01) (-4.927125e-02 -1.670914e+00 -6.204782e-01)) ((-5.346376e+00 -2.677180e-01 1.910411e-01) (1.230133e-02 -8.420397e-03 1.339404e-02))
503.09        	((-1.419000e+00 -2.756622e+01 -2.747964e+01) (-4.929859e-02 -1.654258e+00 -6.176533e-01)) ((-5.393216e+00 -2.684898e-01 1.924618e-01) (1.093393e-02 -8.449553e-03 1.339606e-02))
503.1         	((-1.420950e+00 -2.734056e+01 -2.751098e+01) (-4.931969e-02 -1.637953e+00 -6.149971e-01)) ((-5.441765e+00 -2.692436e-01 1.938933e-01) (9.588443e-03 -8.479681e-03 1.339837e-02))
503.11        	((-1.423337e+00 -2.712030e+01 -2.753584e+01) (-4.933534e-02 -1.621993e+00 -6.124981e-01)) ((-5.489554e+00 -2.699620e-01 1.955338e-01) (8.267156e-03 -8.510947e-03 1.340142e-02))
503.12        	((-1.426303e+00 -2.690410e+01 -2.754996e+01) (-4.934761e-02 -1.606369e+00 -6.101377e-01)) ((-5.535724e+00 -2.706276e-01 1.973975e-01) (6.972164e-03 -8.543603e-03 1.340649e-02))
503.13        	((-1.429977e+00 -2.669407e+01 -2.755585e+01) (-4.935845e-02 -1.591077e+00 -6.078977e-01)) ((-5.580933e+00 -2.712194e-01 1.993734e-01) (5.705203e-03 -8.577837e-03 1.341418e-02))
503.14        	((-1.434416e+00 -2.649045e+01 -2.755320e+01) (-4.936940e-02 -1.576114e+00 -6.057643e-01)) ((-5.625026e+00 -2.717357e-01 2.014188e-01) (4.466753e-03 -8.613675e-03 1.342461e-02))
503.15        	((-1.439781e+00 -2.629865e+01 -2.754927e+01) (-4.938192e-02 -1.561483e+00 -6.037270e-01)) ((-5.670121e+00 -2.722000e-01 2.033928e-01) (3.257134e-03 -8.651076e-03 1.343766e-02))
503.16        	((-1.445826e+00 -2.610877e+01 -2.752946e+01) (-4.939568e-02 -1.547172e+00 -6.017688e-01)) ((-5.711566e+00 -2.725520e-01 2.055045e-01) (2.078253e-03 -8.689696e-03 1.345191e-02))
503.17        	((-1.452251e+00 -2.591661e+01 -2.748732e+01) (-4.941183e-02 -1.533159e+00 -5.998622e-01)) ((-5.747459e+00 -2.728083e-01 2.078751e-01) (9.312987e-04 -8.728779e-03 1.346788e-02))
503.18        	((-1.459024e+00 -2.572300e+01 -2.742426e+01) (-4.943182e-02 -1.519422e+00 -5.979765e-01)) ((-5.778171e+00 -2.729957e-01 2.104259e-01) (-1.821242e-04 -8.767434e-03 1.348543e-02))
503.19        	((-1.466269e+00 -2.553171e+01 -2.734746e+01) (-4.945683e-02 -1.505948e+00 -5.960904e-01)) ((-5.805466e+00 -2.731292e-01 2.130457e-01) (-1.261929e-03 -8.805126e-03 1.350520e-02))
503.2         	((-1.474111e+00 -2.534342e+01 -2.725801e+01) (-4.948733e-02 -1.492730e+00 -5.941891e-01)) ((-5.829603e+00 -2.731958e-01 2.156893e-01) (-2.308402e-03 -8.841409e-03 1.352712e-02))
503.21        	((-1.482546e+00 -2.515693e+01 -2.715492e+01) (-4.952329e-02 -1.479759e+00 -5.922580e-01)) ((-5.849976e+00 -2.732014e-01 2.183811e-01) (-3.321526e-03 -8.875293e-03 1.355039e-02))
503.22        	((-1.491434e+00 -2.497002e+01 -2.703455e+01) (-4.956530e-02 -1.467023e+00 -5.902823e-01)) ((-5.865557e+00 -2.731439e-01 2.211716e-01) (-4.301162e-03 -8.906820e-03 1.357484e-02))
503.23        	((-1.500687e+00 -2.478179e+01 -2.689671e+01) (-4.961406e-02 -1.454507e+00 -5.882449e-01)) ((-5.875977e+00 -2.730365e-01 2.240898e-01) (-5.247358e-03 -8.936087e-03 1.360127e-02))
503.24        	((-1.510295e+00 -2.459221e+01 -2.674243e+01) (-4.966899e-02 -1.442201e+00 -5.861314e-01)) ((-5.881326e+00 -2.728794e-01 2.271095e-01) (-6.160727e-03 -8.963245e-03 1.362957e-02))
503.25        	((-1.520202e+00 -2.440238e+01 -2.657449e+01) (-4.973005e-02 -1.430091e+00 -5.839291e-01)) ((-5.882218e+00 -2.726745e-01 2.302226e-01) (-7.041901e-03 -8.988243e-03 1.366055e-02))
503.26        	((-1.530468e+00 -2.421240e+01 -2.639395e+01) (-4.980042e-02 -1.418168e+00 -5.816279e-01)) ((-5.878802e+00 -2.724185e-01 2.334258e-01) (-7.890902e-03 -9.011269e-03 1.369553e-02))
503.27        	((-1.541041e+00 -2.402228e+01 -2.620178e+01) (-4.987793e-02 -1.406425e+00 -5.792215e-01)) ((-5.871198e+00 -2.721098e-01 2.367509e-01) (-8.709126e-03 -9.032118e-03 1.373301e-02))
503.28        	((-1.551946e+00 -2.383169e+01 -2.599845e+01) (-4.996350e-02 -1.394854e+00 -5.767043e-01)) ((-5.859458e+00 -2.717429e-01 2.401788e-01) (-9.497925e-03 -9.050814e-03 1.377336e-02))
503.29        	((-1.563141e+00 -2.364070e+01 -2.578515e+01) (-5.005717e-02 -1.383447e+00 -5.740704e-01)) ((-5.843763e+00 -2.713186e-01 2.437157e-01) (-1.025794e-02 -9.067137e-03 1.381658e-02))
503.3         	((-1.574550e+00 -2.344944e+01 -2.556296e+01) (-5.015973e-02 -1.372197e+00 -5.713145e-01)) ((-5.824301e+00 -2.708345e-01 2.473351e-01) (-1.098922e-02 -9.081465e-03 1.386342e-02))
503.31        	((-1.586066e+00 -2.325847e+01 -2.533342e+01) (-5.027084e-02 -1.361097e+00 -5.684338e-01)) ((-5.801440e+00 -2.703002e-01 2.510310e-01) (-1.169242e-02 -9.093682e-03 1.391362e-02))
503.32        	((-1.597678e+00 -2.306809e+01 -2.509744e+01) (-5.039089e-02 -1.350143e+00 -5.654282e-01)) ((-5.775373e+00 -2.697172e-01 2.548194e-01) (-1.236856e-02 -9.103951e-03 1.396762e-02))
503.33        	((-1.609481e+00 -2.287864e+01 -2.485612e+01) (-5.051984e-02 -1.339330e+00 -5.622984e-01)) ((-5.746362e+00 -2.690819e-01 2.587145e-01) (-1.301851e-02 -9.112258e-03 1.402526e-02))
503.34        	((-1.621441e+00 -2.269018e+01 -2.461033e+01) (-5.065817e-02 -1.328657e+00 -5.590452e-01)) ((-5.714674e+00 -2.683978e-01 2.627266e-01) (-1.364293e-02 -9.118594e-03 1.408659e-02))
503.35        	((-1.633509e+00 -2.250288e+01 -2.436093e+01) (-5.080630e-02 -1.318119e+00 -5.556699e-01)) ((-5.680550e+00 -2.676689e-01 2.668571e-01) (-1.424251e-02 -9.122995e-03 1.415180e-02))
503.36        	((-1.645685e+00 -2.231692e+01 -2.410837e+01) (-5.096465e-02 -1.307713e+00 -5.521748e-01)) ((-5.644152e+00 -2.668984e-01 2.711162e-01) (-1.481759e-02 -9.125773e-03 1.422141e-02))
503.37        	((-1.657901e+00 -2.212841e+01 -2.384654e+01) (-5.113318e-02 -1.297434e+00 -5.485587e-01)) ((-5.603350e+00 -2.660746e-01 2.755868e-01) (-1.536797e-02 -9.126961e-03 1.429551e-02))
503.38        	((-1.670260e+00 -2.194272e+01 -2.358361e+01) (-5.131263e-02 -1.287278e+00 -5.448215e-01)) ((-5.561200e+00 -2.652216e-01 2.801658e-01) (-1.589422e-02 -9.126560e-03 1.437450e-02))
503.39        	((-1.682931e+00 -2.176212e+01 -2.332435e+01) (-5.150352e-02 -1.277252e+00 -5.409727e-01)) ((-5.519027e+00 -2.643483e-01 2.847580e-01) (-1.639770e-02 -9.124690e-03 1.445823e-02))
503.4         	((-1.695976e+00 -2.158561e+01 -2.306690e+01) (-5.170623e-02 -1.267360e+00 -5.370223e-01)) ((-5.476188e+00 -2.634530e-01 2.894118e-01) (-1.687944e-02 -9.121430e-03 1.454659e-02))
503.41        	((-1.709272e+00 -2.141041e+01 -2.280610e+01) (-5.192119e-02 -1.257601e+00 -5.329740e-01)) ((-5.431174e+00 -2.625274e-01 2.942006e-01) (-1.733950e-02 -9.116888e-03 1.463982e-02))
503.42        	((-1.722862e+00 -2.123614e+01 -2.254121e+01) (-5.214873e-02 -1.247970e+00 -5.288270e-01)) ((-5.383776e+00 -2.615709e-01 2.991654e-01) (-1.777724e-02 -9.110967e-03 1.473813e-02))
503.43        	((-1.736698e+00 -2.106322e+01 -2.227314e+01) (-5.238935e-02 -1.238464e+00 -5.245819e-01)) ((-5.334377e+00 -2.605953e-01 3.042922e-01) (-1.819238e-02 -9.103762e-03 1.484204e-02))
503.44        	((-1.750899e+00 -2.089305e+01 -2.200470e+01) (-5.264357e-02 -1.229080e+00 -5.202406e-01)) ((-5.283811e+00 -2.596053e-01 3.095362e-01) (-1.858493e-02 -9.095308e-03 1.495179e-02))
503.45        	((-1.765298e+00 -2.072200e+01 -2.173015e+01) (-5.291136e-02 -1.219814e+00 -5.158040e-01)) ((-5.230060e+00 -2.586019e-01 3.149780e-01) (-1.895406e-02 -9.085554e-03 1.506756e-02))
503.46        	((-1.780173e+00 -2.055470e+01 -2.145604e+01) (-5.319381e-02 -1.210665e+00 -5.112740e-01)) ((-5.175749e+00 -2.575807e-01 3.205907e-01) (-1.929978e-02 -9.074846e-03 1.518974e-02))
503.47        	((-1.795720e+00 -2.039231e+01 -2.118464e+01) (-5.349233e-02 -1.201641e+00 -5.066591e-01)) ((-5.121601e+00 -2.565408e-01 3.263135e-01) (-1.962284e-02 -9.063124e-03 1.531832e-02))
503.48        	((-1.812025e+00 -2.023404e+01 -2.091451e+01) (-5.380816e-02 -1.192742e+00 -5.019663e-01)) ((-5.067065e+00 -2.554774e-01 3.321797e-01) (-1.992400e-02 -9.050399e-03 1.545324e-02))
503.49        	((-1.828889e+00 -2.007719e+01 -2.064067e+01) (-5.414240e-02 -1.183967e+00 -4.971982e-01)) ((-5.010645e+00 -2.543922e-01 3.382335e-01) (-2.020318e-02 -9.036596e-03 1.559460e-02))
503.5         	((-1.846378e+00 -1.992176e+01 -2.036328e+01) (-5.449600e-02 -1.175310e+00 -4.923531e-01)) ((-4.952316e+00 -2.532817e-01 3.445028e-01) (-2.045978e-02 -9.021893e-03 1.574287e-02))
503.51        	((-1.864500e+00 -1.976770e+01 -2.008252e+01) (-5.486957e-02 -1.166769e+00 -4.874310e-01)) ((-4.892255e+00 -2.521502e-01 3.509625e-01) (-2.069293e-02 -9.006178e-03 1.589861e-02))
503.52        	((-1.883457e+00 -1.961642e+01 -1.980117e+01) (-5.526457e-02 -1.158342e+00 -4.824332e-01)) ((-4.831303e+00 -2.509962e-01 3.576014e-01) (-2.090275e-02 -8.989320e-03 1.606205e-02))
503.53        	((-1.903275e+00 -1.946774e+01 -1.951881e+01) (-5.568206e-02 -1.150026e+00 -4.773630e-01)) ((-4.769396e+00 -2.498305e-01 3.644370e-01) (-2.108910e-02 -8.971481e-03 1.623359e-02))
503.54        	((-1.923749e+00 -1.931838e+01 -1.923044e+01) (-5.612249e-02 -1.141816e+00 -4.722199e-01)) ((-4.704642e+00 -2.486670e-01 3.715702e-01) (-2.125148e-02 -8.952646e-03 1.641356e-02))
503.55        	((-1.945135e+00 -1.917151e+01 -1.894011e+01) (-5.658704e-02 -1.133710e+00 -4.670028e-01)) ((-4.638954e+00 -2.474959e-01 3.789230e-01) (-2.138985e-02 -8.932793e-03 1.660253e-02))
503.56        	((-1.967651e+00 -1.902886e+01 -1.865171e+01) (-5.707723e-02 -1.125710e+00 -4.617171e-01)) ((-4.573480e+00 -2.463006e-01 3.863809e-01) (-2.150548e-02 -8.911980e-03 1.680025e-02))
503.57        	((-1.991407e+00 -1.888963e+01 -1.836401e+01) (-5.759433e-02 -1.117819e+00 -4.563694e-01)) ((-4.507696e+00 -2.450787e-01 3.939802e-01) (-2.159943e-02 -8.890095e-03 1.700633e-02))
503.58        	((-2.016147e+00 -1.875179e+01 -1.807341e+01) (-5.813906e-02 -1.110033e+00 -4.509622e-01)) ((-4.440417e+00 -2.438504e-01 4.017878e-01) (-2.167190e-02 -8.867197e-03 1.722109e-02))
503.59        	((-2.041912e+00 -1.861483e+01 -1.777905e+01) (-5.871233e-02 -1.102348e+00 -4.454944e-01)) ((-4.371331e+00 -2.426200e-01 4.098557e-01) (-2.172248e-02 -8.843205e-03 1.744503e-02))
503.6         	((-2.068666e+00 -1.847880e+01 -1.748146e+01) (-5.931569e-02 -1.094756e+00 -4.399635e-01)) ((-4.300659e+00 -2.413878e-01 4.181752e-01) (-2.175057e-02 -8.818324e-03 1.767884e-02))
503.61        	((-2.096622e+00 -1.834463e+01 -1.718272e+01) (-5.995069e-02 -1.087256e+00 -4.343692e-01)) ((-4.229027e+00 -2.401467e-01 4.267383e-01) (-2.175611e-02 -8.792454e-03 1.792255e-02))
503.62        	((-2.125512e+00 -1.820924e+01 -1.687852e+01) (-6.061748e-02 -1.079840e+00 -4.287106e-01)) ((-4.154824e+00 -2.389184e-01 4.356225e-01) (-2.173894e-02 -8.765625e-03 1.817581e-02))
503.63        	((-2.155711e+00 -1.807644e+01 -1.657345e+01) (-6.131706e-02 -1.072507e+00 -4.229889e-01)) ((-4.080087e+00 -2.376945e-01 4.447685e-01) (-2.169946e-02 -8.737832e-03 1.843896e-02))
503.64        	((-2.187264e+00 -1.794700e+01 -1.626977e+01) (-6.205087e-02 -1.065259e+00 -4.172085e-01)) ((-4.005537e+00 -2.364633e-01 4.540452e-01) (-2.163864e-02 -8.709069e-03 1.871181e-02))
503.65        	((-2.220359e+00 -1.782038e+01 -1.596715e+01) (-6.281975e-02 -1.058096e+00 -4.113742e-01)) ((-3.930761e+00 -2.352102e-01 4.635014e-01) (-2.155796e-02 -8.679310e-03 1.899450e-02))
503.66        	((-2.254681e+00 -1.769411e+01 -1.566191e+01) (-6.362447e-02 -1.051014e+00 -4.054882e-01)) ((-3.854515e+00 -2.339537e-01 4.731721e-01) (-2.145785e-02 -8.648383e-03 1.928675e-02))
503.67        	((-2.290312e+00 -1.756817e+01 -1.535411e+01) (-6.446491e-02 -1.044006e+00 -3.995494e-01)) ((-3.776726e+00 -2.327073e-01 4.831162e-01) (-2.133897e-02 -8.616423e-03 1.958887e-02))
503.68        	((-2.327095e+00 -1.744244e+01 -1.504396e+01) (-6.534276e-02 -1.037071e+00 -3.935589e-01)) ((-3.697587e+00 -2.314859e-01 4.933490e-01) (-2.120063e-02 -8.583434e-03 1.990085e-02))
503.69        	((-2.365251e+00 -1.731832e+01 -1.473371e+01) (-6.625772e-02 -1.030204e+00 -3.875172e-01)) ((-3.617813e+00 -2.302786e-01 5.038256e-01) (-2.104279e-02 -8.549062e-03 2.022250e-02))
503.7         	((-2.404558e+00 -1.719267e+01 -1.441907e+01) (-6.721037e-02 -1.023401e+00 -3.814252e-01)) ((-3.535751e+00 -2.290999e-01 5.146344e-01) (-2.086504e-02 -8.513351e-03 2.055390e-02))
503.71        	((-2.445437e+00 -1.706917e+01 -1.410426e+01) (-6.820192e-02 -1.016656e+00 -3.752817e-01)) ((-3.453238e+00 -2.279264e-01 5.257228e-01) (-2.066822e-02 -8.476669e-03 2.089584e-02))
503.72        	((-2.487853e+00 -1.694838e+01 -1.379129e+01) (-6.923389e-02 -1.009972e+00 -3.690923e-01)) ((-3.370959e+00 -2.267511e-01 5.369545e-01) (-2.045362e-02 -8.439023e-03 2.124812e-02))
503.73        	((-2.531980e+00 -1.683014e+01 -1.348056e+01) (-7.030822e-02 -1.003352e+00 -3.628630e-01)) ((-3.288770e+00 -2.255772e-01 5.483882e-01) (-2.022308e-02 -8.400155e-03 2.161008e-02))
503.74        	((-2.577264e+00 -1.671192e+01 -1.316873e+01) (-7.142654e-02 -9.967943e-01 -3.565980e-01)) ((-3.205552e+00 -2.244369e-01 5.600597e-01) (-1.997632e-02 -8.360238e-03 2.198356e-02))
503.75        	((-2.623949e+00 -1.659397e+01 -1.285612e+01) (-7.258966e-02 -9.902940e-01 -3.502973e-01)) ((-3.121294e+00 -2.233332e-01 5.720271e-01) (-1.971350e-02 -8.319297e-03 2.236814e-02))
503.76        	((-2.671691e+00 -1.647307e+01 -1.253893e+01) (-7.379670e-02 -9.838415e-01 -3.439593e-01)) ((-3.034481e+00 -2.223027e-01 5.843932e-01) (-1.943441e-02 -8.277455e-03 2.276405e-02))
503.77        	((-2.720955e+00 -1.635406e+01 -1.222296e+01) (-7.504871e-02 -9.774330e-01 -3.375843e-01)) ((-2.947580e+00 -2.213156e-01 5.970455e-01) (-1.913900e-02 -8.235086e-03 2.317150e-02))
503.78        	((-2.771584e+00 -1.623792e+01 -1.191093e+01) (-7.634688e-02 -9.710734e-01 -3.311792e-01)) ((-2.861551e+00 -2.203761e-01 6.097919e-01) (-1.882907e-02 -8.192429e-03 2.359047e-02))
503.79        	((-2.824010e+00 -1.612487e+01 -1.160341e+01) (-7.769299e-02 -9.647668e-01 -3.247491e-01)) ((-2.776352e+00 -2.195273e-01 6.227289e-01) (-1.850668e-02 -8.148367e-03 2.402063e-02))
503.8         	((-2.877980e+00 -1.601192e+01 -1.129522e+01) (-7.908670e-02 -9.585122e-01 -3.182976e-01)) ((-2.690315e+00 -2.187368e-01 6.360895e-01) (-1.817244e-02 -8.101190e-03 2.446040e-02))
503.81        	((-2.933797e+00 -1.589912e+01 -1.098633e+01) (-8.052600e-02 -9.523031e-01 -3.118262e-01)) ((-2.603364e+00 -2.178870e-01 6.499574e-01) (-1.782546e-02 -8.053166e-03 2.491224e-02))
503.82        	((-2.990946e+00 -1.578303e+01 -1.067379e+01) (-8.201059e-02 -9.461320e-01 -3.053357e-01)) ((-2.514205e+00 -2.169998e-01 6.642474e-01) (-1.746589e-02 -8.005297e-03 2.537680e-02))
503.83        	((-3.049813e+00 -1.566866e+01 -1.036337e+01) (-8.353957e-02 -9.399914e-01 -2.988214e-01)) ((-2.425272e+00 -2.160968e-01 6.787654e-01) (-1.709400e-02 -7.956948e-03 2.585196e-02))
503.84        	((-3.110279e+00 -1.555724e+01 -1.005699e+01) (-8.512053e-02 -9.338871e-01 -2.922891e-01)) ((-2.337563e+00 -2.152107e-01 6.934201e-01) (-1.670980e-02 -7.907389e-03 2.633729e-02))
503.85        	((-3.172785e+00 -1.544923e+01 -9.755346e+00) (-8.673961e-02 -9.278322e-01 -2.857540e-01)) ((-2.251079e+00 -2.143586e-01 7.083792e-01) (-1.631711e-02 -7.857983e-03 2.682777e-02))
503.86        	((-3.236715e+00 -1.534110e+01 -9.454209e+00) (-8.840453e-02 -9.218220e-01 -2.792158e-01)) ((-2.164277e+00 -2.135653e-01 7.237168e-01) (-1.591518e-02 -7.808128e-03 2.732639e-02))
503.87        	((-3.302307e+00 -1.523284e+01 -9.153652e+00) (-9.011701e-02 -9.158505e-01 -2.726750e-01)) ((-2.077004e+00 -2.128414e-01 7.394544e-01) (-1.550276e-02 -7.757347e-03 2.783304e-02))
503.88        	((-3.369147e+00 -1.512100e+01 -8.850597e+00) (-9.187859e-02 -9.099087e-01 -2.661318e-01)) ((-1.987981e+00 -2.122014e-01 7.555856e-01) (-1.508002e-02 -7.705195e-03 2.834891e-02))
503.89        	((-3.438037e+00 -1.501357e+01 -8.552751e+00) (-9.369052e-02 -9.039939e-01 -2.595849e-01)) ((-1.900687e+00 -2.116108e-01 7.719770e-01) (-1.464632e-02 -7.652206e-03 2.887442e-02))
503.9         	((-3.508478e+00 -1.490575e+01 -8.256860e+00) (-9.555168e-02 -8.981089e-01 -2.530380e-01)) ((-1.813475e+00 -2.111153e-01 7.886418e-01) (-1.420395e-02 -7.598899e-03 2.940889e-02))
503.91        	((-3.581286e+00 -1.479975e+01 -7.963879e+00) (-9.746139e-02 -8.922569e-01 -2.464966e-01)) ((-1.726892e+00 -2.107038e-01 8.057996e-01) (-1.375396e-02 -7.545640e-03 2.995302e-02))
503.92        	((-3.655524e+00 -1.469361e+01 -7.671238e+00) (-9.942068e-02 -8.864418e-01 -2.399665e-01)) ((-1.640411e+00 -2.103988e-01 8.232585e-01) (-1.329714e-02 -7.492660e-03 3.050716e-02))
503.93        	((-3.732036e+00 -1.458965e+01 -7.382333e+00) (-1.014301e-01 -8.806588e-01 -2.334476e-01)) ((-1.554799e+00 -2.102065e-01 8.411059e-01) (-1.283402e-02 -7.440236e-03 3.107152e-02))
503.94        	((-3.809842e+00 -1.448234e+01 -7.091995e+00) (-1.034914e-01 -8.749080e-01 -2.269439e-01)) ((-1.468068e+00 -2.101474e-01 8.592860e-01) (-1.236600e-02 -7.388246e-03 3.164627e-02))
503.95        	((-3.890102e+00 -1.437941e+01 -6.807097e+00) (-1.056002e-01 -8.691869e-01 -2.204545e-01)) ((-1.383146e+00 -2.101910e-01 8.777790e-01) (-1.189307e-02 -7.336295e-03 3.223141e-02))
503.96        	((-3.971795e+00 -1.427462e+01 -6.522891e+00) (-1.077586e-01 -8.635038e-01 -2.139868e-01)) ((-1.298091e+00 -2.103622e-01 8.965589e-01) (-1.141411e-02 -7.284879e-03 3.282572e-02))
503.97        	((-4.055940e+00 -1.417142e+01 -6.242388e+00) (-1.099645e-01 -8.578566e-01 -2.075410e-01)) ((-1.214008e+00 -2.106745e-01 9.157781e-01) (-1.093002e-02 -7.234274e-03 3.343173e-02))
503.98        	((-4.141195e+00 -1.406486e+01 -5.960593e+00) (-1.122208e-01 -8.522395e-01 -2.011152e-01)) ((-1.129313e+00 -2.111694e-01 9.353466e-01) (-1.044076e-02 -7.184570e-03 3.404780e-02))
503.99        	((-4.229488e+00 -1.396435e+01 -5.685305e+00) (-1.145307e-01 -8.466659e-01 -1.947150e-01)) ((-1.046990e+00 -2.118403e-01 9.554439e-01) (-9.951223e-03 -7.136158e-03 3.467829e-02))
504           	((-4.319430e+00 -1.386215e+01 -5.410698e+00) (-1.168903e-01 -8.411311e-01 -1.883393e-01)) ((-9.647451e-01 -2.127368e-01 9.759727e-01) (-9.455686e-03 -7.088632e-03 3.531756e-02))
504.01        	((-4.412469e+00 -1.376447e+01 -5.142151e+00) (-1.192988e-01 -8.356314e-01 -1.819897e-01)) ((-8.844611e-01 -2.138080e-01 9.969873e-01) (-8.954076e-03 -7.042447e-03 3.596879e-02))
504.02        	((-4.506655e+00 -1.366211e+01 -4.871468e+00) (-1.217576e-01 -8.301663e-01 -1.756678e-01)) ((-8.030509e-01 -2.150831e-01 1.018364e+00) (-8.448820e-03 -6.997676e-03 3.662848e-02))
504.03        	((-4.603627e+00 -1.356104e+01 -4.603903e+00) (-1.242602e-01 -8.247294e-01 -1.693740e-01)) ((-7.222358e-01 -2.165556e-01 1.040255e+00) (-7.939592e-03 -6.953787e-03 3.729687e-02))
504.04        	((-4.701816e+00 -1.345630e+01 -4.334611e+00) (-1.268095e-01 -8.193227e-01 -1.631071e-01)) ((-6.406924e-01 -2.182183e-01 1.062509e+00) (-7.425257e-03 -6.911753e-03 3.797128e-02))
504.05        	((-4.803641e+00 -1.335875e+01 -4.072710e+00) (-1.294022e-01 -8.139563e-01 -1.568686e-01)) ((-5.618127e-01 -2.200367e-01 1.085261e+00) (-6.905582e-03 -6.871939e-03 3.865333e-02))
504.06        	((-4.907072e+00 -1.325958e+01 -3.811464e+00) (-1.320395e-01 -8.086460e-01 -1.506671e-01)) ((-4.831295e-01 -2.220807e-01 1.108283e+00) (-6.379985e-03 -6.834525e-03 3.934024e-02))
504.07        	((-5.013774e+00 -1.316503e+01 -3.555741e+00) (-1.347216e-01 -8.033966e-01 -1.445074e-01)) ((-4.062178e-01 -2.243444e-01 1.131808e+00) (-5.848496e-03 -6.799759e-03 4.003310e-02))
504.08        	((-5.120847e+00 -1.306286e+01 -3.296693e+00) (-1.374483e-01 -7.981941e-01 -1.383867e-01)) ((-3.277103e-01 -2.269010e-01 1.155483e+00) (-5.316103e-03 -6.766789e-03 4.072734e-02))
504.09        	((-5.230883e+00 -1.296458e+01 -3.042074e+00) (-1.402180e-01 -7.930352e-01 -1.323002e-01)) ((-2.507140e-01 -2.296841e-01 1.179531e+00) (-4.775844e-03 -6.736516e-03 4.142270e-02))
504.1         	((-5.341864e+00 -1.286413e+01 -2.787516e+00) (-1.430289e-01 -7.879152e-01 -1.262459e-01)) ((-1.740989e-01 -2.326656e-01 1.203495e+00) (-4.230305e-03 -6.708899e-03 4.211840e-02))
504.11        	((-5.456711e+00 -1.277092e+01 -2.540927e+00) (-1.458811e-01 -7.828429e-01 -1.202229e-01)) ((-1.004462e-01 -2.358133e-01 1.227617e+00) (-3.678142e-03 -6.683635e-03 4.281722e-02))
504.12        	((-5.571837e+00 -1.267148e+01 -2.292582e+00) (-1.487749e-01 -7.778238e-01 -1.142344e-01)) ((-2.614041e-02 -2.391872e-01 1.251515e+00) (-3.120486e-03 -6.661295e-03 4.352105e-02))
504.13        	((-5.690886e+00 -1.257868e+01 -2.050257e+00) (-1.517075e-01 -7.728630e-01 -1.082804e-01)) ((4.602864e-02 -2.427896e-01 1.275626e+00) (-2.556597e-03 -6.642274e-03 4.422951e-02))
504.14        	((-5.810116e+00 -1.247994e+01 -1.805515e+00) (-1.546790e-01 -7.679598e-01 -1.023632e-01)) ((1.189574e-01 -2.466646e-01 1.299390e+00) (-1.989054e-03 -6.627732e-03 4.494333e-02))
504.15        	((-5.932792e+00 -1.238590e+01 -1.566353e+00) (-1.576907e-01 -7.631114e-01 -9.648290e-02)) ((1.899788e-01 -2.508548e-01 1.323255e+00) (-1.418966e-03 -6.617083e-03 4.566308e-02))
504.16        	((-6.054844e+00 -1.228547e+01 -1.324946e+00) (-1.607424e-01 -7.583281e-01 -9.064261e-02)) ((2.613937e-01 -2.553964e-01 1.346702e+00) (-8.480192e-04 -6.610653e-03 4.639053e-02))
504.17        	((-6.181393e+00 -1.219412e+01 -1.091243e+00) (-1.638328e-01 -7.536098e-01 -8.484036e-02)) ((3.297868e-01 -2.603108e-01 1.370275e+00) (-2.761717e-04 -6.607276e-03 4.712546e-02))
504.18        	((-6.307733e+00 -1.209809e+01 -8.561988e-01) (-1.669611e-01 -7.489590e-01 -7.907804e-02)) ((3.982281e-01 -2.656050e-01 1.393297e+00) (2.959328e-04 -6.605694e-03 4.786519e-02))
504.19        	((-6.438482e+00 -1.200953e+01 -6.282275e-01) (-1.701275e-01 -7.443648e-01 -7.335296e-02)) ((4.641034e-01 -2.712344e-01 1.416342e+00) (8.692474e-04 -6.605726e-03 4.861039e-02))
504.2         	((-6.567300e+00 -1.191133e+01 -3.970599e-01) (-1.733202e-01 -7.398290e-01 -6.766300e-02)) ((5.307265e-01 -2.771183e-01 1.438642e+00) (1.444007e-03 -6.610777e-03 4.936039e-02))
504.21        	((-6.701146e+00 -1.182208e+01 -1.728699e-01) (-1.765873e-01 -7.353806e-01 -6.201773e-02)) ((5.945752e-01 -2.834328e-01 1.461209e+00) (2.018878e-03 -6.614993e-03 5.010711e-02))
504.22        	((-6.832242e+00 -1.172368e+01 5.471512e-02) (-1.798978e-01 -7.310090e-01 -5.642022e-02)) ((6.589587e-01 -2.903733e-01 1.483067e+00) (2.592414e-03 -6.621185e-03 5.085571e-02))
504.23        	((-6.967992e+00 -1.163514e+01 2.746316e-01) (-1.832421e-01 -7.266979e-01 -5.086215e-02)) ((7.204721e-01 -2.977787e-01 1.505121e+00) (3.164342e-03 -6.632159e-03 5.161256e-02))
504.24        	((-7.101647e+00 -1.153987e+01 4.973131e-01) (-1.866215e-01 -7.224575e-01 -4.534891e-02)) ((7.821996e-01 -3.055410e-01 1.526313e+00) (3.733148e-03 -6.646608e-03 5.237667e-02))
504.25        	((-7.241208e+00 -1.145612e+01 7.114804e-01) (-1.900358e-01 -7.182885e-01 -3.987822e-02)) ((8.408196e-01 -3.136458e-01 1.547569e+00) (4.298396e-03 -6.664179e-03 5.314907e-02))
504.26        	((-7.377159e+00 -1.136184e+01 9.295148e-01) (-1.934852e-01 -7.142021e-01 -3.445327e-02)) ((9.001090e-01 -3.221063e-01 1.567813e+00) (4.859335e-03 -6.685267e-03 5.392853e-02))
504.27        	((-7.518852e+00 -1.127843e+01 1.139803e+00) (-1.969664e-01 -7.101947e-01 -2.906633e-02)) ((9.565583e-01 -3.308924e-01 1.588312e+00) (5.416366e-03 -6.710998e-03 5.471475e-02))
504.28        	((-7.656831e+00 -1.118525e+01 1.354139e+00) (-2.004813e-01 -7.062821e-01 -2.371708e-02)) ((1.013532e+00 -3.400293e-01 1.607889e+00) (5.969046e-03 -6.740234e-03 5.551086e-02))
504.29        	((-7.801108e+00 -1.110435e+01 1.560420e+00) (-2.040319e-01 -7.024541e-01 -1.840519e-02)) ((1.067522e+00 -3.494725e-01 1.627812e+00) (6.515258e-03 -6.772420e-03 5.631912e-02))
504.3         	((-7.940071e+00 -1.101157e+01 1.771145e+00) (-2.076196e-01 -6.987181e-01 -1.313803e-02)) ((1.122158e+00 -3.591951e-01 1.646557e+00) (7.053680e-03 -6.807528e-03 5.713820e-02))
504.31        	((-8.084481e+00 -1.092952e+01 1.974353e+00) (-2.112382e-01 -6.950660e-01 -7.907600e-03)) ((1.174198e+00 -3.691771e-01 1.665525e+00) (7.585489e-03 -6.844658e-03 5.797082e-02))
504.32        	((-8.224911e+00 -1.083878e+01 2.182133e+00) (-2.148889e-01 -6.915007e-01 -2.714799e-03)) ((1.226846e+00 -3.793581e-01 1.683558e+00) (8.112592e-03 -6.884132e-03 5.881661e-02))
504.33        	((-8.372465e+00 -1.076171e+01 2.382032e+00) (-2.185746e-01 -6.880292e-01 2.439277e-03)) ((1.276721e+00 -3.897146e-01 1.701969e+00) (8.633403e-03 -6.923921e-03 5.967327e-02))
504.34        	((-8.515295e+00 -1.067561e+01 2.585763e+00) (-2.222978e-01 -6.846624e-01 7.551241e-03)) ((1.326938e+00 -4.002064e-01 1.719337e+00) (9.147869e-03 -6.965922e-03 6.053801e-02))
504.35        	((-8.663850e+00 -1.060048e+01 2.782341e+00) (-2.260567e-01 -6.813887e-01 1.263059e-02)) ((1.374732e+00 -4.108759e-01 1.737019e+00) (9.657919e-03 -7.010610e-03 6.141025e-02))
504.36        	((-8.806330e+00 -1.051491e+01 2.982829e+00) (-2.298495e-01 -6.782082e-01 1.767362e-02)) ((1.423000e+00 -4.216417e-01 1.753449e+00) (1.016506e-02 -7.057983e-03 6.229077e-02))
504.37        	((-8.953066e+00 -1.043792e+01 3.177037e+00) (-2.336739e-01 -6.751140e-01 2.268351e-02)) ((1.469125e+00 -4.324755e-01 1.769973e+00) (1.066751e-02 -7.106823e-03 6.317951e-02))
504.38        	((-9.095781e+00 -1.035389e+01 3.374556e+00) (-2.375176e-01 -6.720902e-01 2.766550e-02)) ((1.515600e+00 -4.431707e-01 1.785572e+00) (1.116938e-02 -7.161070e-03 6.407399e-02))
504.39        	((-9.244793e+00 -1.028089e+01 3.565986e+00) (-2.413796e-01 -6.691274e-01 3.263111e-02)) ((1.560048e+00 -4.538008e-01 1.801428e+00) (1.167133e-02 -7.222243e-03 6.497375e-02))
504.4         	((-9.389651e+00 -1.020108e+01 3.760183e+00) (-2.452681e-01 -6.662562e-01 3.755878e-02)) ((1.604774e+00 -4.643828e-01 1.816075e+00) (1.216686e-02 -7.283945e-03 6.587339e-02))
504.41        	((-9.539108e+00 -1.012970e+01 3.949446e+00) (-2.491729e-01 -6.634547e-01 4.246052e-02)) ((1.647917e+00 -4.750312e-01 1.830600e+00) (1.265719e-02 -7.347607e-03 6.677510e-02))
504.42        	((-9.681688e+00 -1.004895e+01 4.141322e+00) (-2.530881e-01 -6.607223e-01 4.733330e-02)) ((1.691202e+00 -4.856734e-01 1.843418e+00) (1.313988e-02 -7.413372e-03 6.767706e-02))
504.43        	((-9.830120e+00 -9.977774e+00 4.329605e+00) (-2.570142e-01 -6.580516e-01 5.218270e-02)) ((1.733488e+00 -4.965155e-01 1.856244e+00) (1.361364e-02 -7.480756e-03 6.858042e-02))
504.44        	((-9.973340e+00 -9.899737e+00 4.520677e+00) (-2.609558e-01 -6.554471e-01 5.700989e-02)) ((1.776037e+00 -5.074089e-01 1.867391e+00) (1.407902e-02 -7.550767e-03 6.948702e-02))
504.45        	((-1.012116e+01 -9.829537e+00 4.707756e+00) (-2.649057e-01 -6.528972e-01 6.181983e-02)) ((1.817438e+00 -5.185458e-01 1.878298e+00) (1.453620e-02 -7.622929e-03 7.039362e-02))
504.46        	((-1.026428e+01 -9.753301e+00 4.896715e+00) (-2.688597e-01 -6.504059e-01 6.661075e-02)) ((1.858874e+00 -5.298082e-01 1.887751e+00) (1.498468e-02 -7.695728e-03 7.129614e-02))
504.47        	((-1.041276e+01 -9.685604e+00 5.082350e+00) (-2.728228e-01 -6.479765e-01 7.138608e-02)) ((1.899411e+00 -5.412497e-01 1.897135e+00) (1.542253e-02 -7.771040e-03 7.219417e-02))
504.48        	((-1.055639e+01 -9.612166e+00 5.269571e+00) (-2.767946e-01 -6.456102e-01 7.614454e-02)) ((1.939944e+00 -5.526725e-01 1.904907e+00) (1.584959e-02 -7.849882e-03 7.308804e-02))
504.49        	((-1.070455e+01 -9.545949e+00 5.453781e+00) (-2.807757e-01 -6.432912e-01 8.090213e-02)) ((1.979746e+00 -5.642070e-01 1.912374e+00) (1.627144e-02 -7.932168e-03 7.398048e-02))
504.5         	((-1.084717e+01 -9.473914e+00 5.638665e+00) (-2.847605e-01 -6.410202e-01 8.565993e-02)) ((2.019299e+00 -5.756298e-01 1.918016e+00) (1.669052e-02 -8.019362e-03 7.487044e-02))
504.51        	((-1.099440e+01 -9.409149e+00 5.820430e+00) (-2.887445e-01 -6.387791e-01 9.041884e-02)) ((2.058018e+00 -5.871907e-01 1.923431e+00) (1.710492e-02 -8.109597e-03 7.575648e-02))
504.52        	((-1.113652e+01 -9.339206e+00 6.003620e+00) (-2.927217e-01 -6.365800e-01 9.515389e-02)) ((2.096748e+00 -5.987508e-01 1.927190e+00) (1.750463e-02 -8.204654e-03 7.664265e-02))
504.53        	((-1.128140e+01 -9.274520e+00 6.184752e+00) (-2.966857e-01 -6.344017e-01 9.988021e-02)) ((2.135057e+00 -6.105043e-01 1.930571e+00) (1.789677e-02 -8.301982e-03 7.752444e-02))
504.54        	((-1.142266e+01 -9.206376e+00 6.367496e+00) (-3.006368e-01 -6.322376e-01 1.045991e-01)) ((2.173690e+00 -6.223217e-01 1.932657e+00) (1.828419e-02 -8.401353e-03 7.840287e-02))
504.55        	((-1.156821e+01 -9.144766e+00 6.548943e+00) (-3.045811e-01 -6.300898e-01 1.093111e-01)) ((2.212124e+00 -6.343596e-01 1.934413e+00) (1.866522e-02 -8.502549e-03 7.927783e-02))
504.56        	((-1.171014e+01 -9.080272e+00 6.731319e+00) (-3.085197e-01 -6.279563e-01 1.140123e-01)) ((2.250683e+00 -6.464477e-01 1.934615e+00) (1.903884e-02 -8.605192e-03 8.015029e-02))
504.57        	((-1.185504e+01 -9.020944e+00 6.912417e+00) (-3.124538e-01 -6.258379e-01 1.186981e-01)) ((2.289167e+00 -6.587137e-01 1.934454e+00) (1.940290e-02 -8.707948e-03 8.101898e-02))
504.58        	((-1.199559e+01 -8.958156e+00 7.094752e+00) (-3.163768e-01 -6.237490e-01 1.233791e-01)) ((2.328000e+00 -6.708428e-01 1.932846e+00) (1.976169e-02 -8.816287e-03 8.187788e-02))
504.59        	((-1.213640e+01 -8.898083e+00 7.276254e+00) (-3.202912e-01 -6.216705e-01 1.280608e-01)) ((2.367043e+00 -6.829205e-01 1.930667e+00) (2.011706e-02 -8.929199e-03 8.272874e-02))
504.6         	((-1.227515e+01 -8.836203e+00 7.459817e+00) (-3.241947e-01 -6.196007e-01 1.327351e-01)) ((2.407118e+00 -6.949266e-01 1.927644e+00) (2.046734e-02 -9.044210e-03 8.357375e-02))
504.61        	((-1.241683e+01 -8.778242e+00 7.644346e+00) (-3.280881e-01 -6.175336e-01 1.373977e-01)) ((2.448167e+00 -7.070003e-01 1.924435e+00) (2.081021e-02 -9.159952e-03 8.441260e-02))
504.62        	((-1.255679e+01 -8.718834e+00 7.830924e+00) (-3.319736e-01 -6.154810e-01 1.420473e-01)) ((2.490274e+00 -7.190045e-01 1.920307e+00) (2.114367e-02 -9.277334e-03 8.524335e-02))
504.63        	((-1.269743e+01 -8.661643e+00 8.017721e+00) (-3.358531e-01 -6.134303e-01 1.466847e-01)) ((2.533022e+00 -7.310742e-01 1.915716e+00) (2.146801e-02 -9.393634e-03 8.606658e-02))
504.64        	((-1.283460e+01 -8.602255e+00 8.205077e+00) (-3.397334e-01 -6.113873e-01 1.513179e-01)) ((2.576233e+00 -7.430619e-01 1.910095e+00) (2.178696e-02 -9.514039e-03 8.687989e-02))
504.65        	((-1.297220e+01 -8.545270e+00 8.393016e+00) (-3.436064e-01 -6.093477e-01 1.559520e-01)) ((2.620080e+00 -7.550374e-01 1.904044e+00) (2.210173e-02 -9.635753e-03 8.768147e-02))
504.66        	((-1.310674e+01 -8.487348e+00 8.582493e+00) (-3.474713e-01 -6.073158e-01 1.605831e-01)) ((2.664768e+00 -7.668338e-01 1.896938e+00) (2.241244e-02 -9.758151e-03 8.847359e-02))
504.67        	((-1.323911e+01 -8.430371e+00 8.772075e+00) (-3.513318e-01 -6.052830e-01 1.652130e-01)) ((2.710059e+00 -7.784623e-01 1.889171e+00) (2.272074e-02 -9.882138e-03 8.925638e-02))
504.68        	((-1.337039e+01 -8.373324e+00 8.963318e+00) (-3.551883e-01 -6.032360e-01 1.698458e-01)) ((2.756404e+00 -7.899547e-01 1.881199e+00) (2.302760e-02 -1.000786e-02 9.002862e-02))
504.69        	((-1.350179e+01 -8.317830e+00 9.155052e+00) (-3.590385e-01 -6.011802e-01 1.744783e-01)) ((2.803301e+00 -8.013208e-01 1.873047e+00) (2.333352e-02 -1.013527e-02 9.078805e-02))
504.7         	((-1.363215e+01 -8.262747e+00 9.347611e+00) (-3.628773e-01 -5.991053e-01 1.791040e-01)) ((2.850791e+00 -8.125667e-01 1.864425e+00) (2.363230e-02 -1.026159e-02 9.153661e-02))
504.71        	((-1.376056e+01 -8.208504e+00 9.540553e+00) (-3.667016e-01 -5.969964e-01 1.837226e-01)) ((2.898684e+00 -8.236800e-01 1.855132e+00) (2.392532e-02 -1.038730e-02 9.227404e-02))
504.72        	((-1.388632e+01 -8.154199e+00 9.734391e+00) (-3.705102e-01 -5.948593e-01 1.883371e-01)) ((2.947248e+00 -8.346060e-01 1.845346e+00) (2.421417e-02 -1.051059e-02 9.300264e-02))
504.73        	((-1.400999e+01 -8.100348e+00 9.929652e+00) (-3.743128e-01 -5.927029e-01 1.929504e-01)) ((2.996753e+00 -8.453982e-01 1.835235e+00) (2.450119e-02 -1.063123e-02 9.372543e-02))
504.74        	((-1.412909e+01 -8.045642e+00 1.012432e+01) (-3.781032e-01 -5.905247e-01 1.975574e-01)) ((3.046434e+00 -8.559881e-01 1.824446e+00) (2.478498e-02 -1.074885e-02 9.444047e-02))
504.75        	((-1.424854e+01 -7.992780e+00 1.032036e+01) (-3.818753e-01 -5.883141e-01 2.021496e-01)) ((3.096905e+00 -8.664881e-01 1.813836e+00) (2.506007e-02 -1.086151e-02 9.514564e-02))
504.76        	((-1.436566e+01 -7.939971e+00 1.051659e+01) (-3.856222e-01 -5.860620e-01 2.067266e-01)) ((3.147455e+00 -8.768455e-01 1.802583e+00) (2.532467e-02 -1.096917e-02 9.583574e-02))
504.77        	((-1.448266e+01 -7.888896e+00 1.071309e+01) (-3.893598e-01 -5.837894e-01 2.113004e-01)) ((3.198090e+00 -8.871326e-01 1.791131e+00) (2.558479e-02 -1.107200e-02 9.652109e-02))
504.78        	((-1.459548e+01 -7.836997e+00 1.090824e+01) (-3.930746e-01 -5.814877e-01 2.158663e-01)) ((3.248242e+00 -8.972363e-01 1.778950e+00) (2.583690e-02 -1.117110e-02 9.719310e-02))
504.79        	((-1.470459e+01 -7.784855e+00 1.110119e+01) (-3.967625e-01 -5.791543e-01 2.204252e-01)) ((3.297722e+00 -9.072795e-01 1.766291e+00) (2.608179e-02 -1.126631e-02 9.784940e-02))
504.8         	((-1.481182e+01 -7.732831e+00 1.129402e+01) (-4.004232e-01 -5.767917e-01 2.249811e-01)) ((3.347182e+00 -9.173087e-01 1.753529e+00) (2.632258e-02 -1.135870e-02 9.849120e-02))
504.81        	((-1.491840e+01 -7.682002e+00 1.148673e+01) (-4.040564e-01 -5.743910e-01 2.295294e-01)) ((3.396590e+00 -9.272820e-01 1.740668e+00) (2.655603e-02 -1.144651e-02 9.912392e-02))
504.82        	((-1.502336e+01 -7.631850e+00 1.167902e+01) (-4.076615e-01 -5.719570e-01 2.340722e-01)) ((3.445606e+00 -9.371603e-01 1.727300e+00) (2.678200e-02 -1.152874e-02 9.974698e-02))
504.83        	((-1.512576e+01 -7.582170e+00 1.186933e+01) (-4.112371e-01 -5.694859e-01 2.386089e-01)) ((3.493652e+00 -9.469309e-01 1.713283e+00) (2.700116e-02 -1.160484e-02 1.003597e-01))
504.84        	((-1.522500e+01 -7.532178e+00 1.205746e+01) (-4.147813e-01 -5.669768e-01 2.431355e-01)) ((3.540668e+00 -9.565571e-01 1.698642e+00) (2.721400e-02 -1.167435e-02 1.009620e-01))
504.85        	((-1.532209e+01 -7.482425e+00 1.224407e+01) (-4.182895e-01 -5.644292e-01 2.476519e-01)) ((3.586956e+00 -9.660529e-01 1.683743e+00) (2.742080e-02 -1.173687e-02 1.015530e-01))
504.86        	((-1.541701e+01 -7.432782e+00 1.242962e+01) (-4.217600e-01 -5.618430e-01 2.521573e-01)) ((3.632691e+00 -9.754219e-01 1.668552e+00) (2.762057e-02 -1.179139e-02 1.021320e-01))
504.87        	((-1.550977e+01 -7.383319e+00 1.261420e+01) (-4.251925e-01 -5.592182e-01 2.566515e-01)) ((3.677868e+00 -9.846424e-01 1.652932e+00) (2.781178e-02 -1.183948e-02 1.026988e-01))
504.88        	((-1.560011e+01 -7.333832e+00 1.279749e+01) (-4.285898e-01 -5.565550e-01 2.611334e-01)) ((3.722305e+00 -9.936943e-01 1.636756e+00) (2.799551e-02 -1.188113e-02 1.032580e-01))
504.89        	((-1.568558e+01 -7.283381e+00 1.297768e+01) (-4.319498e-01 -5.538548e-01 2.656017e-01)) ((3.765452e+00 -1.002479e+00 1.619695e+00) (2.817325e-02 -1.191597e-02 1.038074e-01))
504.9         	((-1.577066e+01 -7.233596e+00 1.315703e+01) (-4.352654e-01 -5.511168e-01 2.700506e-01)) ((3.808009e+00 -1.011079e+00 1.602474e+00) (2.834183e-02 -1.194347e-02 1.043434e-01))
504.91        	((-1.585267e+01 -7.183489e+00 1.333468e+01) (-4.385353e-01 -5.483373e-01 2.744791e-01)) ((3.849740e+00 -1.019374e+00 1.584594e+00) (2.850096e-02 -1.196344e-02 1.048643e-01))
504.92        	((-1.593217e+01 -7.133141e+00 1.350923e+01) (-4.417610e-01 -5.455186e-01 2.788887e-01)) ((3.890249e+00 -1.027357e+00 1.566299e+00) (2.865138e-02 -1.197567e-02 1.053714e-01))
504.93        	((-1.600956e+01 -7.082819e+00 1.368216e+01) (-4.449462e-01 -5.426650e-01 2.832841e-01)) ((3.930001e+00 -1.035086e+00 1.547626e+00) (2.879381e-02 -1.198107e-02 1.058645e-01))
504.94        	((-1.608540e+01 -7.032657e+00 1.385373e+01) (-4.480876e-01 -5.397776e-01 2.876681e-01)) ((3.969033e+00 -1.042605e+00 1.528608e+00) (2.892838e-02 -1.197900e-02 1.063391e-01))
504.95        	((-1.615888e+01 -6.982223e+00 1.402385e+01) (-4.511928e-01 -5.368702e-01 2.920402e-01)) ((4.007360e+00 -1.050036e+00 1.509140e+00) (2.905671e-02 -1.197109e-02 1.067936e-01))
504.96        	((-1.622967e+01 -6.931206e+00 1.419149e+01) (-4.542580e-01 -5.339311e-01 2.963927e-01)) ((4.044581e+00 -1.057339e+00 1.489221e+00) (2.918008e-02 -1.195783e-02 1.072319e-01))
504.97        	((-1.629765e+01 -6.879444e+00 1.435637e+01) (-4.572752e-01 -5.309508e-01 3.007206e-01)) ((4.080565e+00 -1.064427e+00 1.468827e+00) (2.929695e-02 -1.193722e-02 1.076578e-01))
504.98        	((-1.636303e+01 -6.827086e+00 1.451911e+01) (-4.602401e-01 -5.279336e-01 3.050218e-01)) ((4.115434e+00 -1.071283e+00 1.447998e+00) (2.940694e-02 -1.190838e-02 1.080680e-01))
504.99        	((-1.642598e+01 -6.774257e+00 1.467978e+01) (-4.631525e-01 -5.248846e-01 3.092931e-01)) ((4.149285e+00 -1.077918e+00 1.426750e+00) (2.951117e-02 -1.187173e-02 1.084615e-01))
505           	((-1.648681e+01 -6.721337e+00 1.483772e+01) (-4.660184e-01 -5.218103e-01 3.135414e-01)) ((4.182069e+00 -1.084377e+00 1.405085e+00) (2.961114e-02 -1.182921e-02 1.088381e-01))
