# Forces      
# CofR        : (0.000000e+00 0.000000e+00 0.000000e+00)
# Time        forces(pressure viscous)	moments(pressure viscous)
500           	((2.457060e+00 1.022605e+04 8.437744e+03) (1.903674e-04 4.095532e+00 2.059194e-01)) ((-2.614450e+03 -1.617495e-01 4.126023e-01) (-2.714053e-01 1.157455e-05 -1.846744e-04))
500.01        	((2.628996e+00 7.794342e+03 6.722833e+03) (-1.787148e-03 2.976422e+00 7.971647e-02)) ((-2.022582e+03 -7.337879e-01 -3.204843e-01) (8.978217e-02 -7.073191e-04 2.619015e-04))
500.02        	((2.989229e+00 1.240735e+03 1.166498e+03) (-2.226309e-03 1.909926e+00 -1.134550e-01)) ((-5.341054e+02 -5.381651e-01 -1.020195e+00) (3.361778e-01 -9.147403e-04 1.897051e-03))
500.03        	((3.544449e+00 -2.896131e+03 -2.028800e+03) (-1.772453e-03 1.938065e+00 -1.404989e-01)) ((3.369214e+02 4.086778e-01 4.437261e-03) (1.822704e-01 -5.992745e-04 2.064543e-04))
500.04        	((3.616141e+00 -2.388996e+03 -1.226552e+03) (-2.270537e-03 3.247133e+00 2.038383e-01)) ((1.931179e+02 1.013218e+00 5.918098e-01) (-3.212247e-01 -9.962326e-04 -2.865141e-03))
500.05        	((2.051061e+00 2.960787e+02 1.226385e+03) (-1.108574e-02 5.171869e+00 7.686380e-01)) ((-3.724269e+02 8.021689e-01 4.853205e-01) (-8.295412e-01 -2.600466e-03 -6.946034e-03))
500.06        	((-1.167607e-01 2.341479e+03 2.821628e+03) (-5.962531e-03 5.524632e+00 9.639643e-01)) ((-8.017077e+02 5.753802e-02 -2.381655e-01) (-8.029395e-01 -1.615963e-03 -6.151666e-03))
500.07        	((-1.686579e+00 2.547836e+03 2.767980e+03) (-3.152238e-03 4.804540e+00 8.773661e-01)) ((-8.685420e+02 -4.810371e-01 -9.660103e-01) (-4.382505e-01 -8.813260e-04 -3.856641e-03))
500.08        	((-5.512131e-01 1.512197e+03 1.871159e+03) (-5.613832e-03 3.922831e+00 7.222461e-01)) ((-7.002041e+02 -4.928322e-01 -1.003056e+00) (-1.288104e-01 -2.557600e-05 -3.964586e-03))
500.09        	((4.077451e+00 4.335025e+02 1.138695e+03) (-2.969060e-02 3.538292e+00 8.090981e-01)) ((-5.019208e+02 -2.748622e-01 -3.741855e-01) (-1.089060e-01 -4.906093e-03 -5.867960e-03))
500.1         	((6.175409e+00 1.138002e+01 9.694151e+02) (-3.352063e-02 3.971170e+00 1.175716e+00)) ((-3.930111e+02 -2.529025e-01 3.768235e-01) (-3.678155e-01 -5.572908e-03 -6.505579e-03))
500.11        	((3.926771e+00 2.532631e+02 1.201877e+03) (-5.417787e-02 4.900124e+00 1.593861e+00)) ((-4.004696e+02 -1.296656e-01 7.378001e-01) (-7.247528e-01 -7.860503e-03 -1.971000e-02))
500.12        	((9.284348e-01 7.221342e+02 1.497456e+03) (-4.871831e-02 5.427188e+00 1.811320e+00)) ((-4.698876e+02 5.329225e-02 5.333351e-01) (-8.681922e-01 -9.661542e-03 -2.162162e-02))
500.13        	((-1.782212e-01 1.012477e+03 1.619317e+03) (-3.717340e-02 5.367196e+00 1.868736e+00)) ((-5.267016e+02 -9.475100e-03 -2.224433e-01) (-7.933299e-01 -9.364730e-03 -2.068413e-02))
500.14        	((6.121958e-01 9.801275e+02 1.534784e+03) (-3.085011e-02 5.130361e+00 1.925897e+00)) ((-5.298932e+02 -2.525914e-01 -5.397260e-01) (-6.758413e-01 -7.027368e-03 -1.620094e-02))
500.15        	((2.123197e+00 7.570329e+02 1.342562e+03) (-2.961548e-02 4.978289e+00 2.052290e+00)) ((-4.853173e+02 -5.517130e-01 -7.059763e-01) (-6.180749e-01 -5.942059e-03 -1.432425e-02))
500.16        	((3.692257e+00 5.647988e+02 1.178680e+03) (-2.968247e-02 5.062783e+00 2.256787e+00)) ((-4.323121e+02 -5.941677e-01 -5.092517e-01) (-6.601338e-01 -4.671375e-03 -1.364717e-02))
500.17        	((4.584378e+00 5.308947e+02 1.122052e+03) (-3.043175e-02 5.244204e+00 2.445379e+00)) ((-4.063731e+02 -3.710673e-01 -9.451911e-02) (-7.248071e-01 -3.917970e-03 -1.573502e-02))
500.18        	((4.567158e+00 6.275428e+02 1.159848e+03) (-2.953153e-02 5.419008e+00 2.547209e+00)) ((-4.128418e+02 -1.034281e-01 2.199262e-01) (-7.625064e-01 -3.039501e-03 -1.715015e-02))
500.19        	((3.684648e+00 7.421930e+02 1.218843e+03) (-3.307983e-02 5.529412e+00 2.585139e+00)) ((-4.308144e+02 -3.548511e-02 1.816939e-01) (-7.612504e-01 -3.204068e-03 -1.808291e-02))
500.2         	((2.693433e+00 7.865354e+02 1.233071e+03) (-3.016318e-02 5.578113e+00 2.614585e+00)) ((-4.370742e+02 -1.530422e-01 -1.048376e-01) (-7.349086e-01 -2.631857e-03 -1.645065e-02))
500.21        	((2.553320e+00 7.509021e+02 1.187374e+03) (-2.696519e-02 5.613088e+00 2.665379e+00)) ((-4.237993e+02 -3.397096e-01 -4.030053e-01) (-7.090263e-01 -1.860137e-03 -1.439128e-02))
500.22        	((3.261242e+00 6.848804e+02 1.115670e+03) (-2.306906e-02 5.661545e+00 2.728632e+00)) ((-4.004335e+02 -4.360875e-01 -5.354496e-01) (-6.947891e-01 -8.582636e-04 -1.264693e-02))
500.23        	((4.408719e+00 6.436797e+02 1.062997e+03) (-2.260641e-02 5.729482e+00 2.784535e+00)) ((-3.818093e+02 -4.270850e-01 -4.477844e-01) (-6.913309e-01 -5.062304e-04 -1.175913e-02))
500.24        	((5.196437e+00 6.472507e+02 1.050743e+03) (-2.097554e-02 5.802528e+00 2.819954e+00)) ((-3.758844e+02 -3.828311e-01 -3.161154e-01) (-6.850273e-01 1.098514e-04 -1.117362e-02))
500.25        	((5.302383e+00 6.772381e+02 1.067866e+03) (-2.082181e-02 5.862116e+00 2.827983e+00)) ((-3.793536e+02 -3.810193e-01 -2.641640e-01) (-6.718866e-01 4.056814e-04 -1.086398e-02))
500.26        	((5.007720e+00 7.016849e+02 1.086788e+03) (-2.123721e-02 5.900174e+00 2.820837e+00)) ((-3.830046e+02 -4.481754e-01 -3.144926e-01) (-6.513478e-01 4.588217e-04 -1.029312e-02))
500.27        	((4.784860e+00 7.013702e+02 1.087486e+03) (-2.126895e-02 5.919114e+00 2.812188e+00)) ((-3.804800e+02 -5.379915e-01 -4.316285e-01) (-6.287188e-01 6.392752e-04 -9.616398e-03))
500.28        	((4.949179e+00 6.799881e+02 1.069465e+03) (-2.046348e-02 5.932533e+00 2.807040e+00)) ((-3.715935e+02 -5.873994e-01 -5.325956e-01) (-6.069036e-01 8.595577e-04 -8.933099e-03))
500.29        	((5.450890e+00 6.545519e+02 1.046148e+03) (-2.069368e-02 5.943169e+00 2.806915e+00)) ((-3.610839e+02 -5.951012e-01 -5.944231e-01) (-5.880041e-01 7.626397e-04 -8.502288e-03))
500.3         	((6.067593e+00 6.400406e+02 1.031656e+03) (-2.005918e-02 5.956524e+00 2.806406e+00)) ((-3.539066e+02 -5.921088e-01 -6.256891e-01) (-5.739963e-01 1.059529e-03 -7.898072e-03))
500.31        	((6.547878e+00 6.397491e+02 1.030249e+03) (-2.021883e-02 5.965024e+00 2.805043e+00)) ((-3.512303e+02 -6.234772e-01 -6.441947e-01) (-5.600729e-01 1.075779e-03 -7.295810e-03))
500.32        	((6.781866e+00 6.463395e+02 1.036211e+03) (-1.972885e-02 5.967324e+00 2.800322e+00)) ((-3.507978e+02 -6.997672e-01 -6.960533e-01) (-5.457577e-01 1.464604e-03 -6.648132e-03))
500.33        	((6.908715e+00 6.501446e+02 1.040453e+03) (-2.005540e-02 5.958887e+00 2.796611e+00)) ((-3.495505e+02 -8.064445e-01 -7.536568e-01) (-5.293525e-01 1.383377e-03 -6.007011e-03))
500.34        	((7.016415e+00 6.466716e+02 1.038138e+03) (-1.924770e-02 5.944086e+00 2.795119e+00)) ((-3.462647e+02 -9.056443e-01 -8.306154e-01) (-5.128853e-01 1.666103e-03 -5.429569e-03))
500.35        	((7.215811e+00 6.379791e+02 1.030440e+03) (-1.768047e-02 5.924322e+00 2.797096e+00)) ((-3.416052e+02 -9.696591e-01 -8.771614e-01) (-4.973639e-01 1.736197e-03 -4.617825e-03))
500.36        	((7.501374e+00 6.293543e+02 1.021987e+03) (-1.823866e-02 5.904009e+00 2.802423e+00)) ((-3.370905e+02 -1.009134e+00 -9.412373e-01) (-4.844382e-01 1.526662e-03 -4.514334e-03))
500.37        	((7.841606e+00 6.245968e+02 1.016362e+03) (-1.652586e-02 5.883293e+00 2.808600e+00)) ((-3.336579e+02 -1.043607e+00 -9.774002e-01) (-4.731580e-01 1.666465e-03 -3.788321e-03))
500.38        	((8.166789e+00 6.239059e+02 1.013969e+03) (-1.840445e-02 5.862576e+00 2.814496e+00)) ((-3.312175e+02 -1.093287e+00 -1.038513e+00) (-4.627697e-01 1.195691e-03 -4.069603e-03))
500.39        	((8.434583e+00 6.248695e+02 1.012759e+03) (-1.533051e-02 5.840699e+00 2.820724e+00)) ((-3.290393e+02 -1.150375e+00 -1.081107e+00) (-4.527845e-01 1.575174e-03 -2.820113e-03))
500.4         	((8.674971e+00 6.249310e+02 1.010377e+03) (-1.727350e-02 5.816535e+00 2.826955e+00)) ((-3.264452e+02 -1.210231e+00 -1.143340e+00) (-4.425890e-01 1.142586e-03 -3.211536e-03))
500.41        	((8.893449e+00 6.232961e+02 1.006041e+03) (-1.404875e-02 5.790585e+00 2.833436e+00)) ((-3.233201e+02 -1.257109e+00 -1.177306e+00) (-4.323640e-01 1.591734e-03 -1.960008e-03))
500.42        	((9.110668e+00 6.207730e+02 1.000584e+03) (-1.592313e-02 5.763942e+00 2.840205e+00)) ((-3.200324e+02 -1.296942e+00 -1.235546e+00) (-4.226266e-01 1.254476e-03 -2.384053e-03))
500.43        	((9.317625e+00 6.186184e+02 9.952924e+02) (-1.257365e-02 5.737447e+00 2.847334e+00)) ((-3.169762e+02 -1.328754e+00 -1.261995e+00) (-4.137328e-01 1.719556e-03 -1.094641e-03))
500.44        	((9.534503e+00 6.174411e+02 9.907921e+02) (-1.410150e-02 5.710758e+00 2.854723e+00)) ((-3.142053e+02 -1.361748e+00 -1.310457e+00) (-4.054099e-01 1.403167e-03 -1.489176e-03))
500.45        	((9.740797e+00 6.171096e+02 9.868816e+02) (-1.097050e-02 5.684387e+00 2.862180e+00)) ((-3.115708e+02 -1.388133e+00 -1.329699e+00) (-3.975958e-01 1.744694e-03 -3.624285e-04))
500.46        	((9.952026e+00 6.170886e+02 9.829797e+02) (-1.260321e-02 5.658705e+00 2.870013e+00)) ((-3.089015e+02 -1.417569e+00 -1.373089e+00) (-3.902634e-01 1.477925e-03 -7.561360e-04))
500.47        	((1.015958e+01 6.170147e+02 9.787051e+02) (-9.143401e-03 5.633748e+00 2.877705e+00)) ((-3.061551e+02 -1.445669e+00 -1.390099e+00) (-3.830247e-01 2.055121e-03 6.970520e-04))
500.48        	((1.039502e+01 6.167721e+02 9.739678e+02) (-1.134096e-02 5.609101e+00 2.885923e+00)) ((-3.033416e+02 -1.478341e+00 -1.427241e+00) (-3.759307e-01 1.845111e-03 2.765870e-04))
500.49        	((1.062471e+01 6.165638e+02 9.690571e+02) (-8.044323e-03 5.585107e+00 2.894283e+00)) ((-3.006003e+02 -1.501042e+00 -1.442817e+00) (-3.691306e-01 2.395070e-03 1.681858e-03))
500.5         	((1.086664e+01 6.166429e+02 9.643940e+02) (-1.022410e-02 5.562770e+00 2.902359e+00)) ((-2.981252e+02 -1.518147e+00 -1.484013e+00) (-3.628169e-01 2.297941e-03 1.235807e-03))
500.51        	((1.111846e+01 6.169939e+02 9.600271e+02) (-6.826373e-03 5.540576e+00 2.911086e+00)) ((-2.958466e+02 -1.525215e+00 -1.485307e+00) (-3.568170e-01 2.931149e-03 2.578988e-03))
500.52        	((1.140528e+01 6.174446e+02 9.558180e+02) (-8.777441e-03 5.519054e+00 2.919361e+00)) ((-2.936345e+02 -1.536429e+00 -1.486996e+00) (-3.510773e-01 2.717333e-03 2.296323e-03))
500.53        	((1.168948e+01 6.178348e+02 9.516394e+02) (-5.276126e-03 5.498741e+00 2.926084e+00)) ((-2.913957e+02 -1.539622e+00 -1.457042e+00) (-3.453048e-01 3.325930e-03 3.787596e-03))
500.54        	((1.197763e+01 6.181777e+02 9.474910e+02) (-7.871514e-03 5.480546e+00 2.933038e+00)) ((-2.891708e+02 -1.543129e+00 -1.454318e+00) (-3.403884e-01 3.055373e-03 3.245564e-03))
500.55        	((1.224504e+01 6.186431e+02 9.433897e+02) (-6.579417e-03 5.463250e+00 2.939259e+00)) ((-2.870294e+02 -1.539977e+00 -1.442606e+00) (-3.354796e-01 3.331062e-03 4.024725e-03))
500.56        	((1.252832e+01 6.192571e+02 9.394146e+02) (-8.107110e-03 5.447121e+00 2.944534e+00)) ((-2.849934e+02 -1.535366e+00 -1.442895e+00) (-3.306063e-01 3.095429e-03 3.908996e-03))
500.57        	((1.280244e+01 6.199422e+02 9.355254e+02) (-4.983457e-03 5.431186e+00 2.948933e+00)) ((-2.830297e+02 -1.516861e+00 -1.409739e+00) (-3.255783e-01 3.527475e-03 5.066608e-03))
500.58        	((1.309282e+01 6.206017e+02 9.316167e+02) (-7.772831e-03 5.415855e+00 2.954115e+00)) ((-2.810745e+02 -1.497204e+00 -1.386134e+00) (-3.209941e-01 3.107805e-03 4.435232e-03))
500.59        	((1.338361e+01 6.212893e+02 9.276761e+02) (-6.042521e-03 5.401084e+00 2.958877e+00)) ((-2.791352e+02 -1.471920e+00 -1.338225e+00) (-3.164636e-01 3.309561e-03 5.126962e-03))
500.6         	((1.366594e+01 6.220685e+02 9.238366e+02) (-7.209151e-03 5.386237e+00 2.962295e+00)) ((-2.772712e+02 -1.445098e+00 -1.315709e+00) (-3.115221e-01 3.145031e-03 4.847029e-03))
500.61        	((1.393047e+01 6.229705e+02 9.201412e+02) (-3.016146e-03 5.371553e+00 2.965648e+00)) ((-2.755097e+02 -1.410117e+00 -1.262736e+00) (-3.065353e-01 3.634698e-03 6.361229e-03))
500.62        	((1.419715e+01 6.239522e+02 9.165129e+02) (-6.344791e-03 5.357543e+00 2.969822e+00)) ((-2.738077e+02 -1.372140e+00 -1.224403e+00) (-3.018608e-01 3.358086e-03 4.913014e-03))
500.63        	((1.444800e+01 6.250567e+02 9.128804e+02) (-3.858666e-03 5.344108e+00 2.975713e+00)) ((-2.721503e+02 -1.339742e+00 -1.163853e+00) (-2.976966e-01 3.527536e-03 5.836498e-03))
500.64        	((1.467248e+01 6.262379e+02 9.093058e+02) (-3.374695e-03 5.330300e+00 2.980272e+00)) ((-2.705448e+02 -1.305107e+00 -1.108489e+00) (-2.930513e-01 3.504617e-03 5.950214e-03))
500.65        	((1.485740e+01 6.275420e+02 9.058104e+02) (-1.848156e-03 5.317540e+00 2.985221e+00)) ((-2.690157e+02 -1.266052e+00 -1.052198e+00) (-2.888487e-01 3.653712e-03 6.226076e-03))
500.66        	((1.503959e+01 6.288857e+02 9.024009e+02) (-1.679362e-03 5.304415e+00 2.989321e+00)) ((-2.675326e+02 -1.228716e+00 -9.931731e-01) (-2.841189e-01 3.537027e-03 6.111666e-03))
500.67        	((1.524973e+01 6.303337e+02 8.990467e+02) (-3.544309e-04 5.292158e+00 2.994161e+00)) ((-2.661079e+02 -1.178125e+00 -9.010170e-01) (-2.798395e-01 3.562050e-03 6.342769e-03))
500.68        	((1.546198e+01 6.317886e+02 8.957845e+02) (2.962355e-04 5.281029e+00 2.998055e+00)) ((-2.647126e+02 -1.114234e+00 -8.034650e-01) (-2.756823e-01 3.490860e-03 6.375605e-03))
500.69        	((1.564204e+01 6.333537e+02 8.925803e+02) (1.513889e-03 5.270611e+00 3.002849e+00)) ((-2.633689e+02 -1.043829e+00 -7.073798e-01) (-2.719744e-01 3.571444e-03 6.622719e-03))
500.7         	((1.578894e+01 6.349592e+02 8.894916e+02) (2.513666e-03 5.259663e+00 3.004898e+00)) ((-2.620722e+02 -9.680534e-01 -6.210194e-01) (-2.667978e-01 3.547168e-03 6.934045e-03))
500.71        	((1.592848e+01 6.367719e+02 8.865167e+02) (3.043508e-03 5.248654e+00 3.005551e+00)) ((-2.608772e+02 -8.801011e-01 -5.323572e-01) (-2.602004e-01 2.951094e-03 7.102091e-03))
500.72        	((1.604518e+01 6.385325e+02 8.836698e+02) (4.685867e-03 5.240465e+00 3.011011e+00)) ((-2.597092e+02 -8.027967e-01 -4.538280e-01) (-2.576809e-01 3.622790e-03 7.636622e-03))
500.73        	((1.614075e+01 6.403196e+02 8.808393e+02) (5.385222e-03 5.231638e+00 3.016921e+00)) ((-2.585575e+02 -7.340112e-01 -3.798146e-01) (-2.542532e-01 3.791590e-03 7.776071e-03))
500.74        	((1.619925e+01 6.419980e+02 8.780500e+02) (5.808162e-03 5.222336e+00 3.020434e+00)) ((-2.573858e+02 -6.600531e-01 -3.053120e-01) (-2.495495e-01 3.829579e-03 7.820297e-03))
500.75        	((1.622342e+01 6.438024e+02 8.752993e+02) (7.535063e-03 5.213675e+00 3.026008e+00)) ((-2.562354e+02 -5.709267e-01 -2.176811e-01) (-2.456372e-01 4.171706e-03 8.358498e-03))
500.76        	((1.620745e+01 6.455472e+02 8.726042e+02) (6.999527e-03 5.204631e+00 3.028273e+00)) ((-2.550583e+02 -4.861632e-01 -1.383069e-01) (-2.408667e-01 4.382581e-03 8.059759e-03))
500.77        	((1.617718e+01 6.473725e+02 8.699367e+02) (9.161955e-03 5.197882e+00 3.033472e+00)) ((-2.539088e+02 -4.157758e-01 -7.604932e-02) (-2.375991e-01 4.859828e-03 8.888351e-03))
500.78        	((1.613412e+01 6.492074e+02 8.673347e+02) (1.039689e-02 5.190797e+00 3.036124e+00)) ((-2.527826e+02 -3.618419e-01 -2.972756e-02) (-2.328715e-01 5.277080e-03 9.547757e-03))
500.79        	((1.608134e+01 6.510665e+02 8.648372e+02) (1.027059e-02 5.184500e+00 3.039494e+00)) ((-2.517073e+02 -3.200827e-01 -4.719575e-03) (-2.284384e-01 5.347217e-03 9.657102e-03))
500.8         	((1.596548e+01 6.528416e+02 8.624334e+02) (1.107057e-02 5.178672e+00 3.044302e+00)) ((-2.506450e+02 -2.795312e-01 2.366376e-02) (-2.248011e-01 5.337621e-03 9.897536e-03))
500.81        	((1.579709e+01 6.545592e+02 8.600767e+02) (1.109990e-02 5.172830e+00 3.049312e+00)) ((-2.495714e+02 -2.431340e-01 4.394720e-02) (-2.212189e-01 5.425020e-03 9.814521e-03))
500.82        	((1.559895e+01 6.562290e+02 8.577663e+02) (1.218451e-02 5.166809e+00 3.053851e+00)) ((-2.484913e+02 -2.203387e-01 7.652343e-02) (-2.177491e-01 5.687927e-03 1.018620e-02))
500.83        	((1.543879e+01 6.578304e+02 8.555506e+02) (1.044638e-02 5.161050e+00 3.057065e+00)) ((-2.474108e+02 -2.154990e-01 9.045136e-02) (-2.139669e-01 5.634057e-03 9.865308e-03))
500.84        	((1.532342e+01 6.593984e+02 8.534158e+02) (1.176578e-02 5.156538e+00 3.062340e+00)) ((-2.463266e+02 -2.208548e-01 1.117947e-01) (-2.109791e-01 5.727298e-03 1.069908e-02))
500.85        	((1.522641e+01 6.609421e+02 8.513495e+02) (1.126826e-02 5.152125e+00 3.067167e+00)) ((-2.452399e+02 -2.211065e-01 1.302885e-01) (-2.075509e-01 5.483772e-03 1.059038e-02))
500.86        	((1.510735e+01 6.624532e+02 8.493401e+02) (1.127760e-02 5.147751e+00 3.072524e+00)) ((-2.441681e+02 -2.059425e-01 1.756904e-01) (-2.040015e-01 5.302630e-03 1.042563e-02))
500.87        	((1.496779e+01 6.638761e+02 8.474333e+02) (1.075589e-02 5.142284e+00 3.076436e+00)) ((-2.431198e+02 -1.798298e-01 2.364189e-01) (-2.007053e-01 5.171898e-03 1.011302e-02))
500.88        	((1.483240e+01 6.652882e+02 8.455307e+02) (1.104869e-02 5.138562e+00 3.081704e+00)) ((-2.420976e+02 -1.494734e-01 3.216079e-01) (-1.979457e-01 5.254890e-03 1.003499e-02))
500.89        	((1.476143e+01 6.665971e+02 8.436974e+02) (9.723546e-03 5.134557e+00 3.085359e+00)) ((-2.410786e+02 -1.335101e-01 3.870821e-01) (-1.944351e-01 5.080534e-03 1.014291e-02))
500.9         	((1.476616e+01 6.679199e+02 8.419400e+02) (9.680900e-03 5.130820e+00 3.088562e+00)) ((-2.401054e+02 -1.128274e-01 4.684685e-01) (-1.910291e-01 4.770071e-03 1.047543e-02))
500.91        	((1.475141e+01 6.691781e+02 8.403164e+02) (9.483873e-03 5.128247e+00 3.093961e+00)) ((-2.391709e+02 -7.544936e-02 5.567205e-01) (-1.875428e-01 4.760365e-03 1.018737e-02))
500.92        	((1.472057e+01 6.703689e+02 8.388010e+02) (1.021269e-02 5.124994e+00 3.099189e+00)) ((-2.382822e+02 -1.894389e-02 6.817284e-01) (-1.847994e-01 4.892935e-03 1.029273e-02))
500.93        	((1.469294e+01 6.714394e+02 8.373519e+02) (1.003959e-02 5.123194e+00 3.103686e+00)) ((-2.374227e+02 4.826186e-02 8.209679e-01) (-1.823608e-01 5.021126e-03 1.025747e-02))
500.94        	((1.468985e+01 6.724332e+02 8.359509e+02) (1.055142e-02 5.121559e+00 3.107872e+00)) ((-2.365956e+02 1.089929e-01 9.653967e-01) (-1.801117e-01 5.235873e-03 1.071751e-02))
500.95        	((1.470828e+01 6.733038e+02 8.346271e+02) (1.018532e-02 5.120663e+00 3.111496e+00)) ((-2.357800e+02 1.530349e-01 1.078415e+00) (-1.778855e-01 5.328311e-03 1.104056e-02))
500.96        	((1.468707e+01 6.741235e+02 8.333912e+02) (1.115000e-02 5.120348e+00 3.115814e+00)) ((-2.349881e+02 1.966015e-01 1.184170e+00) (-1.755025e-01 5.577671e-03 1.132737e-02))
500.97        	((1.463405e+01 6.748200e+02 8.322236e+02) (1.124822e-02 5.119507e+00 3.119315e+00)) ((-2.342087e+02 2.453189e-01 1.282357e+00) (-1.733887e-01 5.731169e-03 1.137156e-02))
500.98        	((1.454942e+01 6.754769e+02 8.310615e+02) (1.207314e-02 5.119413e+00 3.122957e+00)) ((-2.334644e+02 2.928667e-01 1.381950e+00) (-1.718116e-01 5.961097e-03 1.161425e-02))
500.99        	((1.445411e+01 6.760515e+02 8.299917e+02) (1.215321e-02 5.119187e+00 3.125244e+00)) ((-2.327463e+02 3.283058e-01 1.459956e+00) (-1.704701e-01 6.128170e-03 1.180636e-02))
501           	((1.436187e+01 6.766159e+02 8.290107e+02) (1.251823e-02 5.120202e+00 3.128154e+00)) ((-2.320528e+02 3.423588e-01 1.510463e+00) (-1.690421e-01 6.189045e-03 1.226793e-02))
501.01        	((1.423515e+01 6.770857e+02 8.281291e+02) (1.271660e-02 5.121251e+00 3.130667e+00)) ((-2.313675e+02 3.562108e-01 1.545393e+00) (-1.672553e-01 6.209523e-03 1.224734e-02))
501.02        	((1.407532e+01 6.775114e+02 8.272685e+02) (1.319696e-02 5.122399e+00 3.133370e+00)) ((-2.307156e+02 3.726192e-01 1.580991e+00) (-1.658004e-01 6.215602e-03 1.230947e-02))
501.03        	((1.389715e+01 6.778437e+02 8.264621e+02) (1.319051e-02 5.122949e+00 3.134938e+00)) ((-2.301076e+02 3.882579e-01 1.607244e+00) (-1.646505e-01 6.228535e-03 1.227413e-02))
501.04        	((1.372660e+01 6.781664e+02 8.257062e+02) (1.316877e-02 5.124384e+00 3.136422e+00)) ((-2.295490e+02 3.937388e-01 1.620231e+00) (-1.637776e-01 6.183238e-03 1.246597e-02))
501.05        	((1.354573e+01 6.784046e+02 8.250415e+02) (1.306183e-02 5.125878e+00 3.137699e+00)) ((-2.290213e+02 3.927741e-01 1.614239e+00) (-1.623407e-01 6.126411e-03 1.246203e-02))
501.06        	((1.335392e+01 6.786413e+02 8.244544e+02) (1.330300e-02 5.127426e+00 3.139616e+00)) ((-2.285363e+02 3.897935e-01 1.604015e+00) (-1.609458e-01 6.069053e-03 1.246663e-02))
501.07        	((1.314904e+01 6.788341e+02 8.239560e+02) (1.299225e-02 5.128368e+00 3.140950e+00)) ((-2.280860e+02 3.902417e-01 1.596217e+00) (-1.596640e-01 5.867643e-03 1.234187e-02))
501.08        	((1.292973e+01 6.790008e+02 8.235009e+02) (1.311630e-02 5.129078e+00 3.141994e+00)) ((-2.276730e+02 3.898795e-01 1.591400e+00) (-1.585203e-01 5.854451e-03 1.231963e-02))
501.09        	((1.271875e+01 6.791078e+02 8.231124e+02) (1.303826e-02 5.129598e+00 3.142495e+00)) ((-2.272905e+02 3.824091e-01 1.578883e+00) (-1.574899e-01 5.859185e-03 1.243423e-02))
501.1         	((1.252382e+01 6.792135e+02 8.227829e+02) (1.261370e-02 5.131222e+00 3.143826e+00)) ((-2.269473e+02 3.691498e-01 1.558372e+00) (-1.564840e-01 5.659918e-03 1.252456e-02))
501.11        	((1.232222e+01 6.792940e+02 8.225403e+02) (1.241390e-02 5.132179e+00 3.144861e+00)) ((-2.266496e+02 3.569362e-01 1.531232e+00) (-1.552466e-01 5.591251e-03 1.244575e-02))
501.12        	((1.210695e+01 6.793737e+02 8.223510e+02) (1.257017e-02 5.133106e+00 3.146191e+00)) ((-2.264021e+02 3.495709e-01 1.505105e+00) (-1.542024e-01 5.651352e-03 1.238750e-02))
501.13        	((1.188641e+01 6.793981e+02 8.221929e+02) (1.268274e-02 5.133797e+00 3.147144e+00)) ((-2.262161e+02 3.433148e-01 1.476936e+00) (-1.536664e-01 5.707032e-03 1.240556e-02))
501.14        	((1.168380e+01 6.793993e+02 8.220992e+02) (1.256970e-02 5.134780e+00 3.147655e+00)) ((-2.260613e+02 3.293673e-01 1.442700e+00) (-1.531099e-01 5.716937e-03 1.261173e-02))
501.15        	((1.149114e+01 6.794006e+02 8.221144e+02) (1.252720e-02 5.135617e+00 3.147951e+00)) ((-2.259200e+02 3.095402e-01 1.400327e+00) (-1.520944e-01 5.749428e-03 1.271982e-02))
501.16        	((1.129874e+01 6.794294e+02 8.221896e+02) (1.246025e-02 5.136308e+00 3.149005e+00)) ((-2.257939e+02 2.867297e-01 1.348968e+00) (-1.510931e-01 5.757507e-03 1.264797e-02))
501.17        	((1.110282e+01 6.794509e+02 8.222713e+02) (1.254735e-02 5.136528e+00 3.150208e+00)) ((-2.256892e+02 2.633667e-01 1.297569e+00) (-1.501996e-01 5.788984e-03 1.262322e-02))
501.18        	((1.091105e+01 6.794213e+02 8.223385e+02) (1.264183e-02 5.136484e+00 3.151204e+00)) ((-2.256066e+02 2.414238e-01 1.252063e+00) (-1.495997e-01 5.777735e-03 1.270920e-02))
501.19        	((1.073304e+01 6.793571e+02 8.224056e+02) (1.244268e-02 5.136955e+00 3.151674e+00)) ((-2.255448e+02 2.130294e-01 1.198242e+00) (-1.492201e-01 5.779179e-03 1.278225e-02))
501.2         	((1.056226e+01 6.792818e+02 8.225038e+02) (1.238998e-02 5.137511e+00 3.152176e+00)) ((-2.254933e+02 1.736308e-01 1.128442e+00) (-1.484953e-01 5.832763e-03 1.285114e-02))
501.21        	((1.038908e+01 6.792160e+02 8.226425e+02) (1.252393e-02 5.137920e+00 3.153240e+00)) ((-2.254577e+02 1.311946e-01 1.053115e+00) (-1.477327e-01 5.858295e-03 1.280101e-02))
501.22        	((1.020973e+01 6.791632e+02 8.228070e+02) (1.276722e-02 5.138030e+00 3.154465e+00)) ((-2.254468e+02 9.121735e-02 9.795184e-01) (-1.471314e-01 5.901666e-03 1.269287e-02))
501.23        	((1.003337e+01 6.791064e+02 8.229627e+02) (1.288221e-02 5.138294e+00 3.155557e+00)) ((-2.254515e+02 5.320372e-02 9.098795e-01) (-1.469639e-01 5.892792e-03 1.260264e-02))
501.24        	((9.863851e+00 6.790321e+02 8.231185e+02) (1.289667e-02 5.138809e+00 3.156143e+00)) ((-2.254697e+02 7.171921e-03 8.309068e-01) (-1.468162e-01 5.941710e-03 1.262619e-02))
501.25        	((9.695052e+00 6.789423e+02 8.232978e+02) (1.292816e-02 5.139235e+00 3.156757e+00)) ((-2.254928e+02 -4.845291e-02 7.381796e-01) (-1.464301e-01 5.976050e-03 1.262027e-02))
501.26        	((9.525280e+00 6.788578e+02 8.234956e+02) (1.299708e-02 5.139766e+00 3.158033e+00)) ((-2.255230e+02 -1.061545e-01 6.412052e-01) (-1.460057e-01 5.973989e-03 1.248243e-02))
501.27        	((9.351512e+00 6.787639e+02 8.237082e+02) (1.303754e-02 5.139833e+00 3.159113e+00)) ((-2.255687e+02 -1.617030e-01 5.464661e-01) (-1.457128e-01 5.983450e-03 1.230698e-02))
501.28        	((9.193523e+00 6.786674e+02 8.239064e+02) (1.286157e-02 5.140072e+00 3.160167e+00)) ((-2.256293e+02 -2.155489e-01 4.573806e-01) (-1.456601e-01 5.971129e-03 1.209889e-02))
501.29        	((9.054217e+00 6.785488e+02 8.241129e+02) (1.252785e-02 5.140037e+00 3.160331e+00)) ((-2.257020e+02 -2.765467e-01 3.636828e-01) (-1.456164e-01 6.011535e-03 1.197894e-02))
501.3         	((8.944183e+00 6.784547e+02 8.243084e+02) (1.216611e-02 5.140545e+00 3.161130e+00)) ((-2.257705e+02 -3.480039e-01 2.565153e-01) (-1.451521e-01 6.052189e-03 1.195302e-02))
501.31        	((8.845515e+00 6.783687e+02 8.245424e+02) (1.188816e-02 5.140230e+00 3.161757e+00)) ((-2.258293e+02 -4.271517e-01 1.406531e-01) (-1.448935e-01 6.077640e-03 1.169286e-02))
501.32        	((8.759222e+00 6.782788e+02 8.247693e+02) (1.164204e-02 5.139834e+00 3.162667e+00)) ((-2.258977e+02 -5.076795e-01 1.884525e-02) (-1.448612e-01 6.133044e-03 1.131073e-02))
501.33        	((8.699188e+00 6.781581e+02 8.249766e+02) (1.136281e-02 5.139381e+00 3.163192e+00)) ((-2.259880e+02 -5.900667e-01 -1.093315e-01) (-1.450782e-01 6.180475e-03 1.110527e-02))
501.34        	((8.669941e+00 6.780542e+02 8.251527e+02) (1.097140e-02 5.139406e+00 3.163552e+00)) ((-2.260883e+02 -6.790626e-01 -2.445990e-01) (-1.454764e-01 6.273502e-03 1.111751e-02))
501.35        	((8.666731e+00 6.779821e+02 8.253146e+02) (1.062791e-02 5.139834e+00 3.164295e+00)) ((-2.261759e+02 -7.750520e-01 -3.897086e-01) (-1.455817e-01 6.338922e-03 1.113734e-02))
501.36        	((8.665707e+00 6.779334e+02 8.254678e+02) (1.044105e-02 5.140164e+00 3.165578e+00)) ((-2.262444e+02 -8.704783e-01 -5.320205e-01) (-1.455347e-01 6.395555e-03 1.105431e-02))
501.37        	((8.646249e+00 6.778747e+02 8.256264e+02) (1.003865e-02 5.140225e+00 3.166787e+00)) ((-2.263029e+02 -9.551452e-01 -6.552677e-01) (-1.452888e-01 6.493252e-03 1.115114e-02))
501.38        	((8.608469e+00 6.778272e+02 8.257596e+02) (9.595415e-03 5.140435e+00 3.167850e+00)) ((-2.263731e+02 -1.027036e+00 -7.583942e-01) (-1.452328e-01 6.593963e-03 1.129627e-02))
501.39        	((8.564038e+00 6.778040e+02 8.258579e+02) (9.126901e-03 5.141087e+00 3.168828e+00)) ((-2.264574e+02 -1.091204e+00 -8.502706e-01) (-1.452970e-01 6.696416e-03 1.148390e-02))
501.4         	((8.522981e+00 6.777923e+02 8.259508e+02) (8.700989e-03 5.141726e+00 3.169740e+00)) ((-2.265420e+02 -1.152454e+00 -9.402608e-01) (-1.451606e-01 6.748462e-03 1.164779e-02))
501.41        	((8.475617e+00 6.777912e+02 8.260341e+02) (8.517886e-03 5.142277e+00 3.171073e+00)) ((-2.266168e+02 -1.206221e+00 -1.022073e+00) (-1.448903e-01 6.773778e-03 1.164078e-02))
501.42        	((8.417111e+00 6.777902e+02 8.261127e+02) (8.409354e-03 5.142537e+00 3.172388e+00)) ((-2.266888e+02 -1.252292e+00 -1.093996e+00) (-1.447348e-01 6.811160e-03 1.158713e-02))
501.43        	((8.346328e+00 6.777998e+02 8.261873e+02) (8.311717e-03 5.142712e+00 3.173430e+00)) ((-2.267677e+02 -1.292768e+00 -1.154999e+00) (-1.447692e-01 6.840550e-03 1.153133e-02))
501.44        	((8.273508e+00 6.778398e+02 8.262526e+02) (8.177744e-03 5.143304e+00 3.174213e+00)) ((-2.268524e+02 -1.331993e+00 -1.211841e+00) (-1.449875e-01 6.882717e-03 1.151625e-02))
501.45        	((8.205698e+00 6.778969e+02 8.263250e+02) (8.059233e-03 5.144105e+00 3.174892e+00)) ((-2.269302e+02 -1.372517e+00 -1.268892e+00) (-1.449810e-01 6.900063e-03 1.152951e-02))
501.46        	((8.138599e+00 6.779587e+02 8.264039e+02) (8.073213e-03 5.144963e+00 3.175984e+00)) ((-2.269959e+02 -1.409075e+00 -1.323140e+00) (-1.449146e-01 6.926177e-03 1.151397e-02))
501.47        	((8.069256e+00 6.780286e+02 8.264777e+02) (8.210670e-03 5.145826e+00 3.177377e+00)) ((-2.270499e+02 -1.440147e+00 -1.368507e+00) (-1.448374e-01 6.945982e-03 1.146944e-02))
501.48        	((8.000282e+00 6.780950e+02 8.265239e+02) (8.214541e-03 5.146347e+00 3.178326e+00)) ((-2.271038e+02 -1.466975e+00 -1.409057e+00) (-1.450603e-01 6.955255e-03 1.138896e-02))
501.49        	((7.912147e+00 6.781558e+02 8.265188e+02) (8.245906e-03 5.147094e+00 3.178887e+00)) ((-2.271623e+02 -1.486962e+00 -1.446801e+00) (-1.454528e-01 6.974483e-03 1.132845e-02))
501.5         	((7.837675e+00 6.782270e+02 8.265178e+02) (8.229504e-03 5.148221e+00 3.179306e+00)) ((-2.272139e+02 -1.511930e+00 -1.490719e+00) (-1.457851e-01 7.013490e-03 1.128216e-02))
501.51        	((7.771983e+00 6.783163e+02 8.265325e+02) (8.280264e-03 5.149529e+00 3.180293e+00)) ((-2.272501e+02 -1.536756e+00 -1.530587e+00) (-1.456431e-01 6.989908e-03 1.121373e-02))
501.52        	((7.716439e+00 6.784013e+02 8.265611e+02) (8.201413e-03 5.150248e+00 3.181233e+00)) ((-2.272739e+02 -1.563537e+00 -1.574456e+00) (-1.456961e-01 6.988846e-03 1.114050e-02))
501.53        	((7.649312e+00 6.784876e+02 8.265683e+02) (8.205335e-03 5.151193e+00 3.182306e+00)) ((-2.272996e+02 -1.584176e+00 -1.608980e+00) (-1.456700e-01 6.929353e-03 1.109699e-02))
501.54        	((7.589098e+00 6.785633e+02 8.265475e+02) (8.128947e-03 5.151858e+00 3.182696e+00)) ((-2.273281e+02 -1.606550e+00 -1.650300e+00) (-1.462085e-01 6.985995e-03 1.103501e-02))
501.55        	((7.511711e+00 6.786497e+02 8.265178e+02) (8.284723e-03 5.153436e+00 3.183157e+00)) ((-2.273544e+02 -1.620512e+00 -1.677807e+00) (-1.463275e-01 6.943573e-03 1.096583e-02))
501.56        	((7.458619e+00 6.787276e+02 8.265191e+02) (8.100631e-03 5.154202e+00 3.183211e+00)) ((-2.273674e+02 -1.641344e+00 -1.716701e+00) (-1.466678e-01 7.035716e-03 1.091498e-02))
501.57        	((7.392485e+00 6.788354e+02 8.265105e+02) (8.114548e-03 5.156239e+00 3.184829e+00)) ((-2.273733e+02 -1.654929e+00 -1.739603e+00) (-1.461803e-01 6.920823e-03 1.092758e-02))
501.58        	((7.352357e+00 6.789211e+02 8.264913e+02) (7.864439e-03 5.156817e+00 3.185212e+00)) ((-2.273830e+02 -1.676234e+00 -1.777384e+00) (-1.467396e-01 7.003437e-03 1.085427e-02))
501.59        	((7.289676e+00 6.789984e+02 8.264566e+02) (7.916076e-03 5.158391e+00 3.186198e+00)) ((-2.273977e+02 -1.686734e+00 -1.795977e+00) (-1.465106e-01 6.851089e-03 1.083187e-02))
501.6         	((7.242605e+00 6.790454e+02 8.264411e+02) (7.875261e-03 5.158738e+00 3.185489e+00)) ((-2.274136e+02 -1.701046e+00 -1.825275e+00) (-1.473635e-01 6.960093e-03 1.066325e-02))
501.61        	((7.175709e+00 6.791312e+02 8.264215e+02) (7.877863e-03 5.161247e+00 3.186697e+00)) ((-2.274172e+02 -1.704343e+00 -1.833855e+00) (-1.469071e-01 6.868648e-03 1.067837e-02))
501.62        	((7.144683e+00 6.792224e+02 8.264022e+02) (7.663474e-03 5.162382e+00 3.187217e+00)) ((-2.274133e+02 -1.718714e+00 -1.860436e+00) (-1.473517e-01 6.974822e-03 1.063519e-02))
501.63        	((7.103404e+00 6.793098e+02 8.263779e+02) (7.587350e-03 5.164220e+00 3.188631e+00)) ((-2.274121e+02 -1.727268e+00 -1.872184e+00) (-1.468441e-01 6.840062e-03 1.072999e-02))
501.64        	((7.089317e+00 6.793417e+02 8.263797e+02) (7.288919e-03 5.163653e+00 3.187642e+00)) ((-2.274213e+02 -1.744946e+00 -1.901472e+00) (-1.475749e-01 6.940486e-03 1.067676e-02))
501.65        	((7.049420e+00 6.794229e+02 8.263423e+02) (7.270438e-03 5.166601e+00 3.189269e+00)) ((-2.274356e+02 -1.748290e+00 -1.908939e+00) (-1.473385e-01 6.816112e-03 1.066587e-02))
501.66        	((7.024565e+00 6.794777e+02 8.263361e+02) (7.211107e-03 5.167147e+00 3.188662e+00)) ((-2.274430e+02 -1.754493e+00 -1.925295e+00) (-1.480591e-01 6.981859e-03 1.051395e-02))
501.67        	((6.989246e+00 6.795722e+02 8.263124e+02) (7.040096e-03 5.169779e+00 3.190389e+00)) ((-2.274390e+02 -1.755228e+00 -1.927103e+00) (-1.474310e-01 6.890822e-03 1.067231e-02))
501.68        	((6.992608e+00 6.796227e+02 8.263172e+02) (6.715777e-03 5.169803e+00 3.190024e+00)) ((-2.274352e+02 -1.772533e+00 -1.952751e+00) (-1.479209e-01 7.027517e-03 1.072242e-02))
501.69        	((6.980915e+00 6.796984e+02 8.262841e+02) (6.541166e-03 5.172053e+00 3.191756e+00)) ((-2.274398e+02 -1.782496e+00 -1.965960e+00) (-1.474568e-01 6.884959e-03 1.084400e-02))
501.7         	((6.981349e+00 6.797339e+02 8.262706e+02) (6.486113e-03 5.172231e+00 3.191217e+00)) ((-2.274524e+02 -1.795525e+00 -1.990340e+00) (-1.482242e-01 6.985056e-03 1.069920e-02))
501.71        	((6.942765e+00 6.798051e+02 8.262377e+02) (6.578897e-03 5.174467e+00 3.192384e+00)) ((-2.274614e+02 -1.790519e+00 -1.988096e+00) (-1.479386e-01 6.891376e-03 1.060656e-02))
501.72        	((6.940040e+00 6.798522e+02 8.262423e+02) (6.315298e-03 5.174836e+00 3.191906e+00)) ((-2.274596e+02 -1.800337e+00 -2.006265e+00) (-1.484240e-01 7.087032e-03 1.068117e-02))
501.73        	((6.932796e+00 6.799350e+02 8.262188e+02) (6.127205e-03 5.177196e+00 3.193912e+00)) ((-2.274543e+02 -1.808945e+00 -2.016413e+00) (-1.477132e-01 6.958648e-03 1.086394e-02))
501.74        	((6.958793e+00 6.799809e+02 8.262028e+02) (5.895091e-03 5.177388e+00 3.193771e+00)) ((-2.274585e+02 -1.830566e+00 -2.048366e+00) (-1.483169e-01 7.065836e-03 1.089432e-02))
501.75        	((6.941281e+00 6.800427e+02 8.261938e+02) (5.903638e-03 5.179307e+00 3.194929e+00)) ((-2.274653e+02 -1.839303e+00 -2.059338e+00) (-1.479577e-01 6.902328e-03 1.086198e-02))
501.76        	((6.929195e+00 6.800777e+02 8.262088e+02) (5.992581e-03 5.179571e+00 3.194525e+00)) ((-2.274746e+02 -1.848055e+00 -2.075189e+00) (-1.486369e-01 6.986534e-03 1.062887e-02))
501.77        	((6.910387e+00 6.801353e+02 8.261728e+02) (5.928867e-03 5.182079e+00 3.196104e+00)) ((-2.274736e+02 -1.845392e+00 -2.076713e+00) (-1.480984e-01 6.912439e-03 1.071457e-02))
501.78        	((6.924748e+00 6.801692e+02 8.261607e+02) (5.704389e-03 5.182574e+00 3.196100e+00)) ((-2.274743e+02 -1.861075e+00 -2.100821e+00) (-1.485680e-01 7.066695e-03 1.079637e-02))
501.79        	((6.929798e+00 6.802119e+02 8.261328e+02) (5.554923e-03 5.184378e+00 3.197414e+00)) ((-2.274741e+02 -1.872476e+00 -2.114400e+00) (-1.480736e-01 6.918061e-03 1.092500e-02))
501.8         	((6.943679e+00 6.802304e+02 8.261308e+02) (5.520261e-03 5.184539e+00 3.197072e+00)) ((-2.274791e+02 -1.889752e+00 -2.140277e+00) (-1.486566e-01 6.946201e-03 1.079507e-02))
501.81        	((6.922583e+00 6.802858e+02 8.261042e+02) (5.570767e-03 5.186911e+00 3.198542e+00)) ((-2.274845e+02 -1.890162e+00 -2.142363e+00) (-1.482845e-01 6.779888e-03 1.067678e-02))
501.82        	((6.914179e+00 6.803043e+02 8.260951e+02) (5.554227e-03 5.187370e+00 3.198344e+00)) ((-2.274885e+02 -1.893724e+00 -2.153810e+00) (-1.488786e-01 6.893687e-03 1.053005e-02))
501.83        	((6.898040e+00 6.803466e+02 8.260716e+02) (5.499692e-03 5.189470e+00 3.199729e+00)) ((-2.274862e+02 -1.895071e+00 -2.154577e+00) (-1.483292e-01 6.802078e-03 1.065861e-02))
501.84        	((6.922056e+00 6.803753e+02 8.260589e+02) (5.295409e-03 5.189974e+00 3.199899e+00)) ((-2.274835e+02 -1.912153e+00 -2.176644e+00) (-1.488534e-01 6.904427e-03 1.069034e-02))
501.85        	((6.928898e+00 6.804059e+02 8.260450e+02) (5.238803e-03 5.191622e+00 3.200924e+00)) ((-2.274822e+02 -1.921515e+00 -2.184927e+00) (-1.483927e-01 6.707767e-03 1.072549e-02))
501.86        	((6.938381e+00 6.804371e+02 8.260241e+02) (5.229506e-03 5.192483e+00 3.201359e+00)) ((-2.274862e+02 -1.929273e+00 -2.199266e+00) (-1.488738e-01 6.719136e-03 1.049753e-02))
501.87        	((6.910557e+00 6.804666e+02 8.259999e+02) (5.395611e-03 5.194112e+00 3.202394e+00)) ((-2.274898e+02 -1.921736e+00 -2.190549e+00) (-1.485365e-01 6.593649e-03 1.038040e-02))
501.88        	((6.909646e+00 6.804820e+02 8.259903e+02) (5.265882e-03 5.194798e+00 3.202478e+00)) ((-2.274952e+02 -1.925382e+00 -2.196936e+00) (-1.490338e-01 6.730217e-03 1.038783e-02))
501.89        	((6.905138e+00 6.805127e+02 8.259844e+02) (5.114720e-03 5.196520e+00 3.203550e+00)) ((-2.274954e+02 -1.929165e+00 -2.196063e+00) (-1.485533e-01 6.608798e-03 1.054558e-02))
501.9         	((6.929325e+00 6.805437e+02 8.259788e+02) (4.891289e-03 5.197298e+00 3.203746e+00)) ((-2.274963e+02 -1.944209e+00 -2.213446e+00) (-1.490544e-01 6.651122e-03 1.052422e-02))
501.91        	((6.923365e+00 6.805825e+02 8.259642e+02) (4.922252e-03 5.199128e+00 3.204913e+00)) ((-2.274944e+02 -1.945647e+00 -2.212690e+00) (-1.485569e-01 6.468648e-03 1.046674e-02))
501.92        	((6.922486e+00 6.806078e+02 8.259478e+02) (4.903318e-03 5.199733e+00 3.205230e+00)) ((-2.274976e+02 -1.946960e+00 -2.218501e+00) (-1.490677e-01 6.534242e-03 1.029090e-02))
501.93        	((6.895154e+00 6.806250e+02 8.259353e+02) (5.021991e-03 5.201257e+00 3.206133e+00)) ((-2.275028e+02 -1.937985e+00 -2.206493e+00) (-1.487151e-01 6.436453e-03 1.029085e-02))
501.94        	((6.900911e+00 6.806419e+02 8.259277e+02) (4.832914e-03 5.202068e+00 3.206301e+00)) ((-2.275089e+02 -1.944386e+00 -2.215328e+00) (-1.492512e-01 6.575878e-03 1.035277e-02))
501.95        	((6.898224e+00 6.806743e+02 8.259158e+02) (4.723799e-03 5.203941e+00 3.207411e+00)) ((-2.275071e+02 -1.950124e+00 -2.217828e+00) (-1.487579e-01 6.436223e-03 1.049286e-02))
501.96        	((6.912331e+00 6.807048e+02 8.259093e+02) (4.627543e-03 5.204691e+00 3.207753e+00)) ((-2.275047e+02 -1.962008e+00 -2.234767e+00) (-1.492095e-01 6.503792e-03 1.039258e-02))
501.97        	((6.891978e+00 6.807351e+02 8.258967e+02) (4.762015e-03 5.206253e+00 3.208987e+00)) ((-2.275026e+02 -1.958916e+00 -2.231689e+00) (-1.486944e-01 6.356020e-03 1.033210e-02))
501.98        	((6.881816e+00 6.807518e+02 8.258856e+02) (4.808644e-03 5.206718e+00 3.209116e+00)) ((-2.275062e+02 -1.959992e+00 -2.238529e+00) (-1.493359e-01 6.480607e-03 1.018121e-02))
501.99        	((6.858988e+00 6.807749e+02 8.258630e+02) (4.856325e-03 5.208508e+00 3.210092e+00)) ((-2.275101e+02 -1.956653e+00 -2.233853e+00) (-1.489401e-01 6.404012e-03 1.028847e-02))
502           	((6.867978e+00 6.807934e+02 8.258470e+02) (4.663963e-03 5.209303e+00 3.210261e+00)) ((-2.275106e+02 -1.968321e+00 -2.250694e+00) (-1.494762e-01 6.525785e-03 1.033583e-02))
502.01        	((6.861003e+00 6.808208e+02 8.258417e+02) (4.689758e-03 5.211044e+00 3.211486e+00)) ((-2.275044e+02 -1.972813e+00 -2.255114e+00) (-1.488810e-01 6.367795e-03 1.038257e-02))
502.02        	((6.865503e+00 6.808443e+02 8.258309e+02) (4.656019e-03 5.211594e+00 3.211871e+00)) ((-2.275016e+02 -1.982095e+00 -2.272816e+00) (-1.493479e-01 6.459159e-03 1.023588e-02))
502.03        	((6.835727e+00 6.808651e+02 8.258061e+02) (4.822104e-03 5.213043e+00 3.213110e+00)) ((-2.275026e+02 -1.980749e+00 -2.273475e+00) (-1.488440e-01 6.317382e-03 1.019686e-02))
502.04        	((6.819852e+00 6.808808e+02 8.257822e+02) (4.808953e-03 5.213601e+00 3.213199e+00)) ((-2.275121e+02 -1.985673e+00 -2.285270e+00) (-1.495115e-01 6.445799e-03 1.007430e-02))
502.05        	((6.806049e+00 6.809006e+02 8.257689e+02) (4.768697e-03 5.215343e+00 3.214144e+00)) ((-2.275137e+02 -1.986378e+00 -2.285375e+00) (-1.490801e-01 6.336616e-03 1.022172e-02))
502.06        	((6.817166e+00 6.809202e+02 8.257572e+02) (4.640950e-03 5.216186e+00 3.214463e+00)) ((-2.275082e+02 -1.998267e+00 -2.303230e+00) (-1.495130e-01 6.429140e-03 1.016073e-02))
502.07        	((6.803819e+00 6.809422e+02 8.257425e+02) (4.745845e-03 5.217757e+00 3.215808e+00)) ((-2.274965e+02 -2.000898e+00 -2.307327e+00) (-1.488872e-01 6.267903e-03 1.016237e-02))
502.08        	((6.801779e+00 6.809647e+02 8.257279e+02) (4.723143e-03 5.218195e+00 3.216217e+00)) ((-2.274954e+02 -2.008819e+00 -2.322853e+00) (-1.494003e-01 6.366465e-03 1.001891e-02))
502.09        	((6.779134e+00 6.809737e+02 8.256984e+02) (4.863833e-03 5.219585e+00 3.217271e+00)) ((-2.274967e+02 -2.006121e+00 -2.320736e+00) (-1.490235e-01 6.232822e-03 1.000587e-02))
502.1         	((6.775745e+00 6.809972e+02 8.256800e+02) (4.756557e-03 5.220335e+00 3.217281e+00)) ((-2.275077e+02 -2.014794e+00 -2.335659e+00) (-1.496745e-01 6.355179e-03 9.948753e-03))
502.11        	((6.766749e+00 6.810129e+02 8.256578e+02) (4.764518e-03 5.222127e+00 3.218407e+00)) ((-2.275023e+02 -2.017994e+00 -2.336843e+00) (-1.491130e-01 6.212033e-03 1.001734e-02))
502.12        	((6.781671e+00 6.810364e+02 8.256500e+02) (4.642881e-03 5.222774e+00 3.218876e+00)) ((-2.274959e+02 -2.029679e+00 -2.352397e+00) (-1.495095e-01 6.294977e-03 9.913920e-03))
502.13        	((6.773194e+00 6.810537e+02 8.256348e+02) (4.722930e-03 5.224187e+00 3.220238e+00)) ((-2.274872e+02 -2.031293e+00 -2.351562e+00) (-1.489469e-01 6.133583e-03 9.916396e-03))
502.14        	((6.784144e+00 6.810751e+02 8.256195e+02) (4.673653e-03 5.224607e+00 3.220500e+00)) ((-2.274970e+02 -2.039391e+00 -2.362840e+00) (-1.495907e-01 6.232945e-03 9.790264e-03))
502.15        	((6.768214e+00 6.810802e+02 8.255937e+02) (4.793847e-03 5.226195e+00 3.221334e+00)) ((-2.275000e+02 -2.036640e+00 -2.356947e+00) (-1.493131e-01 6.115229e-03 9.810633e-03))
502.16        	((6.783856e+00 6.810982e+02 8.255777e+02) (4.644859e-03 5.227146e+00 3.221496e+00)) ((-2.275011e+02 -2.045451e+00 -2.367671e+00) (-1.498315e-01 6.235249e-03 9.779846e-03))
502.17        	((6.779747e+00 6.811162e+02 8.255687e+02) (4.692694e-03 5.228874e+00 3.222787e+00)) ((-2.274891e+02 -2.047827e+00 -2.366235e+00) (-1.492203e-01 6.100781e-03 9.857274e-03))
502.18        	((6.798589e+00 6.811346e+02 8.255546e+02) (4.581592e-03 5.229450e+00 3.223264e+00)) ((-2.274801e+02 -2.059490e+00 -2.378998e+00) (-1.496655e-01 6.202221e-03 9.781417e-03))
502.19        	((6.799760e+00 6.811574e+02 8.255425e+02) (4.657904e-03 5.230825e+00 3.224471e+00)) ((-2.274811e+02 -2.060387e+00 -2.375593e+00) (-1.492248e-01 6.061374e-03 9.811761e-03))
502.2         	((6.817807e+00 6.811602e+02 8.255143e+02) (4.593570e-03 5.231384e+00 3.224478e+00)) ((-2.274871e+02 -2.068461e+00 -2.385271e+00) (-1.499954e-01 6.184675e-03 9.709892e-03))
502.21        	((6.821131e+00 6.811709e+02 8.254902e+02) (4.692243e-03 5.233249e+00 3.225402e+00)) ((-2.274897e+02 -2.068290e+00 -2.378846e+00) (-1.495608e-01 6.070537e-03 9.767744e-03))
502.22        	((6.844099e+00 6.811854e+02 8.254842e+02) (4.575807e-03 5.234069e+00 3.225733e+00)) ((-2.274882e+02 -2.077207e+00 -2.386960e+00) (-1.500245e-01 6.203675e-03 9.746000e-03))
502.23        	((6.846311e+00 6.812077e+02 8.254810e+02) (4.627116e-03 5.235695e+00 3.227115e+00)) ((-2.274767e+02 -2.079269e+00 -2.384621e+00) (-1.494237e-01 6.080731e-03 9.839994e-03))
502.24        	((6.872506e+00 6.812167e+02 8.254722e+02) (4.536415e-03 5.236180e+00 3.227484e+00)) ((-2.274690e+02 -2.090673e+00 -2.399886e+00) (-1.499214e-01 6.185527e-03 9.795279e-03))
502.25        	((6.877588e+00 6.812244e+02 8.254581e+02) (4.597550e-03 5.237645e+00 3.228556e+00)) ((-2.274682e+02 -2.092094e+00 -2.397319e+00) (-1.495600e-01 6.054492e-03 9.830130e-03))
502.26        	((6.888487e+00 6.812282e+02 8.254473e+02) (4.571575e-03 5.238504e+00 3.228640e+00)) ((-2.274723e+02 -2.097778e+00 -2.405259e+00) (-1.501376e-01 6.173282e-03 9.760489e-03))
502.27        	((6.887884e+00 6.812362e+02 8.254332e+02) (4.687367e-03 5.240209e+00 3.229657e+00)) ((-2.274682e+02 -2.097324e+00 -2.403467e+00) (-1.497284e-01 6.084924e-03 9.806572e-03))
502.28        	((6.913590e+00 6.812451e+02 8.254221e+02) (4.581361e-03 5.240946e+00 3.230041e+00)) ((-2.274613e+02 -2.109001e+00 -2.417997e+00) (-1.501560e-01 6.225688e-03 9.811763e-03))
502.29        	((6.919590e+00 6.812542e+02 8.254115e+02) (4.641523e-03 5.242360e+00 3.231277e+00)) ((-2.274545e+02 -2.113793e+00 -2.419397e+00) (-1.496762e-01 6.111025e-03 9.883078e-03))
502.3         	((6.938961e+00 6.812578e+02 8.254015e+02) (4.529442e-03 5.243087e+00 3.231620e+00)) ((-2.274527e+02 -2.123339e+00 -2.433130e+00) (-1.501853e-01 6.212238e-03 9.859279e-03))
502.31        	((6.935428e+00 6.812618e+02 8.253943e+02) (4.668667e-03 5.244522e+00 3.232525e+00)) ((-2.274528e+02 -2.122847e+00 -2.430860e+00) (-1.498958e-01 6.094047e-03 9.854165e-03))
502.32        	((6.954261e+00 6.812636e+02 8.253793e+02) (4.614638e-03 5.245464e+00 3.232732e+00)) ((-2.274492e+02 -2.131429e+00 -2.445055e+00) (-1.503893e-01 6.216602e-03 9.811823e-03))
502.33        	((6.952495e+00 6.812659e+02 8.253723e+02) (4.722565e-03 5.246944e+00 3.233772e+00)) ((-2.274418e+02 -2.132922e+00 -2.445847e+00) (-1.499684e-01 6.124493e-03 9.853799e-03))
502.34        	((6.972206e+00 6.812689e+02 8.253646e+02) (4.591407e-03 5.247791e+00 3.234232e+00)) ((-2.274360e+02 -2.143423e+00 -2.460722e+00) (-1.503460e-01 6.243104e-03 9.874559e-03))
502.35        	((6.974125e+00 6.812714e+02 8.253567e+02) (4.657431e-03 5.249179e+00 3.235299e+00)) ((-2.274315e+02 -2.147388e+00 -2.463143e+00) (-1.500012e-01 6.133671e-03 9.913799e-03))
502.36        	((6.996170e+00 6.812736e+02 8.253409e+02) (4.532110e-03 5.250019e+00 3.235616e+00)) ((-2.274310e+02 -2.159122e+00 -2.479250e+00) (-1.504865e-01 6.228072e-03 9.886466e-03))
502.37        	((6.994362e+00 6.812697e+02 8.253337e+02) (4.680916e-03 5.251426e+00 3.236476e+00)) ((-2.274292e+02 -2.160785e+00 -2.479818e+00) (-1.501799e-01 6.120220e-03 9.874952e-03))
502.38        	((7.011756e+00 6.812682e+02 8.253264e+02) (4.610744e-03 5.252308e+00 3.236766e+00)) ((-2.274266e+02 -2.169496e+00 -2.493173e+00) (-1.506217e-01 6.241149e-03 9.846021e-03))
502.39        	((7.012470e+00 6.812690e+02 8.253240e+02) (4.694623e-03 5.253740e+00 3.237791e+00)) ((-2.274209e+02 -2.171137e+00 -2.493924e+00) (-1.502313e-01 6.145208e-03 9.886386e-03))
502.4         	((7.036113e+00 6.812703e+02 8.253175e+02) (4.555790e-03 5.254558e+00 3.238167e+00)) ((-2.274174e+02 -2.182175e+00 -2.509771e+00) (-1.506758e-01 6.256966e-03 9.889287e-03))
502.41        	((7.040128e+00 6.812714e+02 8.253113e+02) (4.617091e-03 5.256005e+00 3.239196e+00)) ((-2.274136e+02 -2.185944e+00 -2.512324e+00) (-1.503315e-01 6.139059e-03 9.913054e-03))
502.42        	((7.060934e+00 6.812713e+02 8.253003e+02) (4.489217e-03 5.256856e+00 3.239495e+00)) ((-2.274129e+02 -2.196037e+00 -2.526969e+00) (-1.508226e-01 6.237948e-03 9.868019e-03))
502.43        	((7.060498e+00 6.812661e+02 8.252971e+02) (4.609726e-03 5.258262e+00 3.240410e+00)) ((-2.274094e+02 -2.197799e+00 -2.527703e+00) (-1.504762e-01 6.131551e-03 9.864736e-03))
502.44        	((7.080484e+00 6.812614e+02 8.252921e+02) (4.500726e-03 5.259092e+00 3.240706e+00)) ((-2.274067e+02 -2.207414e+00 -2.541809e+00) (-1.509286e-01 6.252744e-03 9.838179e-03))
502.45        	((7.083377e+00 6.812582e+02 8.252897e+02) (4.541906e-03 5.260505e+00 3.241713e+00)) ((-2.274022e+02 -2.210875e+00 -2.543175e+00) (-1.505512e-01 6.149893e-03 9.867749e-03))
502.46        	((7.108359e+00 6.812565e+02 8.252820e+02) (4.368829e-03 5.261362e+00 3.242082e+00)) ((-2.274009e+02 -2.222646e+00 -2.558426e+00) (-1.510207e-01 6.251394e-03 9.855055e-03))
502.47        	((7.115667e+00 6.812561e+02 8.252747e+02) (4.392815e-03 5.262840e+00 3.243118e+00)) ((-2.273983e+02 -2.227227e+00 -2.560677e+00) (-1.507075e-01 6.132108e-03 9.851850e-03))
502.48        	((7.141603e+00 6.812581e+02 8.252609e+02) (4.205115e-03 5.263740e+00 3.243502e+00)) ((-2.273982e+02 -2.238207e+00 -2.574681e+00) (-1.511848e-01 6.223942e-03 9.787193e-03))
502.49        	((7.148881e+00 6.812570e+02 8.252526e+02) (4.242213e-03 5.265167e+00 3.244491e+00)) ((-2.273957e+02 -2.240905e+00 -2.574673e+00) (-1.508659e-01 6.118648e-03 9.769113e-03))
502.5         	((7.178636e+00 6.812585e+02 8.252400e+02) (4.060404e-03 5.266049e+00 3.244870e+00)) ((-2.273943e+02 -2.251493e+00 -2.587662e+00) (-1.513390e-01 6.232052e-03 9.728774e-03))
502.51        	((7.193223e+00 6.812643e+02 8.252279e+02) (4.043618e-03 5.267538e+00 3.245927e+00)) ((-2.273907e+02 -2.255327e+00 -2.587965e+00) (-1.510380e-01 6.130055e-03 9.719272e-03))
502.52        	((7.229790e+00 6.812728e+02 8.252076e+02) (3.822590e-03 5.268478e+00 3.246376e+00)) ((-2.273890e+02 -2.267532e+00 -2.602062e+00) (-1.515148e-01 6.226177e-03 9.679597e-03))
502.53        	((7.246101e+00 6.812770e+02 8.251905e+02) (3.833716e-03 5.269930e+00 3.247401e+00)) ((-2.273850e+02 -2.272331e+00 -2.601663e+00) (-1.512294e-01 6.119911e-03 9.647834e-03))
502.54        	((7.281639e+00 6.812812e+02 8.251696e+02) (3.688996e-03 5.270812e+00 3.247783e+00)) ((-2.273826e+02 -2.283632e+00 -2.613028e+00) (-1.516975e-01 6.223118e-03 9.597986e-03))
502.55        	((7.299991e+00 6.812861e+02 8.251515e+02) (3.711667e-03 5.272253e+00 3.248799e+00)) ((-2.273784e+02 -2.287292e+00 -2.611074e+00) (-1.514005e-01 6.127262e-03 9.582483e-03))
502.56        	((7.338897e+00 6.812850e+02 8.251255e+02) (3.578026e-03 5.273140e+00 3.249193e+00)) ((-2.273745e+02 -2.297542e+00 -2.621777e+00) (-1.518451e-01 6.236086e-03 9.579457e-03))
502.57        	((7.357956e+00 6.812947e+02 8.251114e+02) (3.600063e-03 5.274563e+00 3.250216e+00)) ((-2.273715e+02 -2.300114e+00 -2.620789e+00) (-1.515281e-01 6.135446e-03 9.586425e-03))
502.58        	((7.396004e+00 6.813027e+02 8.250937e+02) (3.507993e-03 5.275405e+00 3.250550e+00)) ((-2.273707e+02 -2.310467e+00 -2.632744e+00) (-1.519939e-01 6.247728e-03 9.588326e-03))
502.59        	((7.417554e+00 6.813112e+02 8.250806e+02) (3.533802e-03 5.276825e+00 3.251574e+00)) ((-2.273682e+02 -2.314413e+00 -2.633110e+00) (-1.516834e-01 6.151268e-03 9.565319e-03))
502.6         	((7.455376e+00 6.813199e+02 8.250651e+02) (3.449838e-03 5.277679e+00 3.251981e+00)) ((-2.273682e+02 -2.325333e+00 -2.646755e+00) (-1.521617e-01 6.277087e-03 9.549754e-03))
502.61        	((7.475762e+00 6.813251e+02 8.250522e+02) (3.623965e-03 5.279066e+00 3.252945e+00)) ((-2.273675e+02 -2.327080e+00 -2.645760e+00) (-1.518133e-01 6.215629e-03 9.585486e-03))
502.62        	((7.498886e+00 6.813335e+02 8.250402e+02) (3.575490e-03 5.280004e+00 3.253323e+00)) ((-2.273679e+02 -2.333931e+00 -2.656975e+00) (-1.522734e-01 6.318434e-03 9.616099e-03))
502.63        	((7.512825e+00 6.813417e+02 8.250330e+02) (3.553240e-03 5.281387e+00 3.254305e+00)) ((-2.273661e+02 -2.335634e+00 -2.659560e+00) (-1.519415e-01 6.225042e-03 9.581402e-03))
502.64        	((7.543339e+00 6.813458e+02 8.250230e+02) (3.456519e-03 5.282226e+00 3.254714e+00)) ((-2.273654e+02 -2.344993e+00 -2.677382e+00) (-1.524480e-01 6.344126e-03 9.588033e-03))
502.65        	((7.559044e+00 6.813531e+02 8.250113e+02) (3.540365e-03 5.283626e+00 3.255734e+00)) ((-2.273641e+02 -2.346244e+00 -2.680539e+00) (-1.520882e-01 6.271693e-03 9.583128e-03))
502.66        	((7.591674e+00 6.813659e+02 8.249926e+02) (3.394000e-03 5.284541e+00 3.256187e+00)) ((-2.273637e+02 -2.354024e+00 -2.695186e+00) (-1.525974e-01 6.389002e-03 9.576005e-03))
502.67        	((7.602422e+00 6.813744e+02 8.249852e+02) (3.442004e-03 5.285902e+00 3.257183e+00)) ((-2.273631e+02 -2.353006e+00 -2.694808e+00) (-1.522335e-01 6.312999e-03 9.568719e-03))
502.68        	((7.628679e+00 6.813740e+02 8.249715e+02) (3.310076e-03 5.286739e+00 3.257568e+00)) ((-2.273616e+02 -2.361918e+00 -2.710130e+00) (-1.527600e-01 6.421039e-03 9.571039e-03))
502.69        	((7.645843e+00 6.813884e+02 8.249618e+02) (3.342348e-03 5.288149e+00 3.258605e+00)) ((-2.273616e+02 -2.362480e+00 -2.711267e+00) (-1.523961e-01 6.336967e-03 9.564453e-03))
502.7         	((7.683645e+00 6.814042e+02 8.249440e+02) (3.184011e-03 5.289033e+00 3.259034e+00)) ((-2.273631e+02 -2.371920e+00 -2.726680e+00) (-1.528867e-01 6.451113e-03 9.551591e-03))
502.71        	((7.698115e+00 6.814130e+02 8.249290e+02) (3.255381e-03 5.290389e+00 3.260019e+00)) ((-2.273615e+02 -2.375696e+00 -2.729987e+00) (-1.525331e-01 6.365548e-03 9.554499e-03))
502.72        	((7.724219e+00 6.814212e+02 8.249162e+02) (3.153607e-03 5.291206e+00 3.260381e+00)) ((-2.273623e+02 -2.382121e+00 -2.740195e+00) (-1.530176e-01 6.471072e-03 9.556923e-03))
502.73        	((7.739174e+00 6.814308e+02 8.249047e+02) (3.219250e-03 5.292561e+00 3.261350e+00)) ((-2.273599e+02 -2.384691e+00 -2.741318e+00) (-1.526495e-01 6.392700e-03 9.565057e-03))
502.74        	((7.772892e+00 6.814416e+02 8.248871e+02) (3.089853e-03 5.293459e+00 3.261770e+00)) ((-2.273600e+02 -2.394923e+00 -2.756190e+00) (-1.531421e-01 6.492688e-03 9.591498e-03))
502.75        	((7.789188e+00 6.814512e+02 8.248752e+02) (3.171537e-03 5.294807e+00 3.262738e+00)) ((-2.273579e+02 -2.398616e+00 -2.759301e+00) (-1.527701e-01 6.408569e-03 9.593046e-03))
502.76        	((7.822514e+00 6.814606e+02 8.248605e+02) (3.074358e-03 5.295622e+00 3.263088e+00)) ((-2.273585e+02 -2.409149e+00 -2.775890e+00) (-1.532544e-01 6.514198e-03 9.600391e-03))
502.77        	((7.835363e+00 6.814695e+02 8.248513e+02) (3.161076e-03 5.296986e+00 3.264062e+00)) ((-2.273578e+02 -2.412071e+00 -2.779807e+00) (-1.528850e-01 6.432936e-03 9.597983e-03))
502.78        	((7.864365e+00 6.814808e+02 8.248381e+02) (3.053751e-03 5.297858e+00 3.264451e+00)) ((-2.273592e+02 -2.422394e+00 -2.797987e+00) (-1.533793e-01 6.527710e-03 9.617084e-03))
502.79        	((7.875465e+00 6.814856e+02 8.248290e+02) (3.133591e-03 5.299203e+00 3.265398e+00)) ((-2.273577e+02 -2.423419e+00 -2.799031e+00) (-1.530238e-01 6.445786e-03 9.613864e-03))
502.8         	((7.901625e+00 6.814930e+02 8.248190e+02) (3.042410e-03 5.300046e+00 3.265759e+00)) ((-2.273594e+02 -2.429900e+00 -2.809468e+00) (-1.534953e-01 6.542077e-03 9.622098e-03))
502.81        	((7.916555e+00 6.815019e+02 8.248118e+02) (3.130130e-03 5.301410e+00 3.266725e+00)) ((-2.273586e+02 -2.431824e+00 -2.810209e+00) (-1.531336e-01 6.460927e-03 9.618161e-03))
502.82        	((7.950365e+00 6.815126e+02 8.247992e+02) (3.021457e-03 5.302293e+00 3.267124e+00)) ((-2.273596e+02 -2.443166e+00 -2.827022e+00) (-1.536160e-01 6.553339e-03 9.639771e-03))
502.83        	((7.953164e+00 6.815123e+02 8.247944e+02) (3.111780e-03 5.303630e+00 3.268066e+00)) ((-2.273583e+02 -2.447930e+00 -2.831873e+00) (-1.532529e-01 6.466977e-03 9.632967e-03))
502.84        	((7.982871e+00 6.815174e+02 8.247830e+02) (3.009992e-03 5.304448e+00 3.268392e+00)) ((-2.273588e+02 -2.456058e+00 -2.843647e+00) (-1.537472e-01 6.561936e-03 9.639782e-03))
502.85        	((7.995898e+00 6.815192e+02 8.247714e+02) (3.095741e-03 5.305820e+00 3.269356e+00)) ((-2.273558e+02 -2.456642e+00 -2.841613e+00) (-1.533701e-01 6.469974e-03 9.632489e-03))
502.86        	((8.035224e+00 6.815295e+02 8.247580e+02) (2.974359e-03 5.306694e+00 3.269709e+00)) ((-2.273583e+02 -2.467458e+00 -2.857661e+00) (-1.538893e-01 6.564033e-03 9.643857e-03))
502.87        	((8.045254e+00 6.815352e+02 8.247531e+02) (3.075203e-03 5.308020e+00 3.270683e+00)) ((-2.273574e+02 -2.468247e+00 -2.856730e+00) (-1.534964e-01 6.466382e-03 9.635874e-03))
502.88        	((8.063802e+00 6.815374e+02 8.247459e+02) (2.971328e-03 5.308862e+00 3.271030e+00)) ((-2.273588e+02 -2.473618e+00 -2.865199e+00) (-1.539741e-01 6.556805e-03 9.646320e-03))
502.89        	((8.073302e+00 6.815420e+02 8.247407e+02) (3.039284e-03 5.310234e+00 3.271993e+00)) ((-2.273587e+02 -2.475776e+00 -2.866382e+00) (-1.536170e-01 6.468305e-03 9.637070e-03))
502.9         	((8.100032e+00 6.815488e+02 8.247317e+02) (2.905991e-03 5.311134e+00 3.272401e+00)) ((-2.273612e+02 -2.485838e+00 -2.881737e+00) (-1.540917e-01 6.550890e-03 9.655081e-03))
502.91        	((8.102752e+00 6.815488e+02 8.247377e+02) (2.992649e-03 5.312428e+00 3.273296e+00)) ((-2.273623e+02 -2.489852e+00 -2.885554e+00) (-1.537326e-01 6.462868e-03 9.643248e-03))
502.92        	((8.126870e+00 6.815518e+02 8.247391e+02) (2.902443e-03 5.313266e+00 3.273637e+00)) ((-2.273634e+02 -2.499599e+00 -2.899006e+00) (-1.542181e-01 6.546134e-03 9.648758e-03))
502.93        	((8.141053e+00 6.815575e+02 8.247367e+02) (2.984367e-03 5.314676e+00 3.274610e+00)) ((-2.273642e+02 -2.499833e+00 -2.897216e+00) (-1.538404e-01 6.454829e-03 9.639638e-03))
502.94        	((8.170767e+00 6.815618e+02 8.247306e+02) (2.883788e-03 5.315394e+00 3.274859e+00)) ((-2.273660e+02 -2.507800e+00 -2.909015e+00) (-1.544154e-01 6.553227e-03 9.627442e-03))
502.95        	((8.176514e+00 6.815654e+02 8.247284e+02) (2.941367e-03 5.316806e+00 3.275885e+00)) ((-2.273653e+02 -2.507636e+00 -2.905623e+00) (-1.539799e-01 6.454729e-03 9.634278e-03))
502.96        	((8.200902e+00 6.815678e+02 8.247179e+02) (2.831675e-03 5.317625e+00 3.276207e+00)) ((-2.273638e+02 -2.514167e+00 -2.915685e+00) (-1.545116e-01 6.541798e-03 9.629725e-03))
502.97        	((8.208874e+00 6.815708e+02 8.247192e+02) (2.900208e-03 5.319032e+00 3.277210e+00)) ((-2.273661e+02 -2.516306e+00 -2.915218e+00) (-1.541028e-01 6.444921e-03 9.625810e-03))
502.98        	((8.231855e+00 6.815720e+02 8.247185e+02) (2.820233e-03 5.319718e+00 3.277418e+00)) ((-2.273687e+02 -2.524342e+00 -2.927050e+00) (-1.546709e-01 6.540882e-03 9.617969e-03))
502.99        	((8.235385e+00 6.815747e+02 8.247241e+02) (2.866185e-03 5.321100e+00 3.278445e+00)) ((-2.273691e+02 -2.524450e+00 -2.924817e+00) (-1.542374e-01 6.444411e-03 9.618556e-03))
503           	((8.254393e+00 6.815800e+02 8.247273e+02) (2.775235e-03 5.321915e+00 3.278744e+00)) ((-2.273712e+02 -2.531963e+00 -2.936340e+00) (-1.547471e-01 6.529852e-03 9.632661e-03))
503.01        	((8.262456e+00 6.815814e+02 8.247319e+02) (2.840226e-03 5.323237e+00 3.279704e+00)) ((-2.273730e+02 -2.532411e+00 -2.935582e+00) (-1.543573e-01 6.441966e-03 9.612696e-03))
503.02        	((8.284830e+00 6.815844e+02 8.247317e+02) (2.773608e-03 5.323959e+00 3.279886e+00)) ((-2.273759e+02 -2.541222e+00 -2.949020e+00) (-1.549071e-01 6.535417e-03 9.633517e-03))
503.03        	((8.289911e+00 6.815943e+02 8.247395e+02) (2.761415e-03 5.325361e+00 3.280989e+00)) ((-2.273760e+02 -2.542108e+00 -2.948200e+00) (-1.544940e-01 6.445875e-03 9.607660e-03))
503.04        	((8.307323e+00 6.816063e+02 8.247379e+02) (2.760564e-03 5.326171e+00 3.281197e+00)) ((-2.273760e+02 -2.548060e+00 -2.957443e+00) (-1.549497e-01 6.516752e-03 9.669820e-03))
503.05        	((8.307812e+00 6.816056e+02 8.247378e+02) (2.704444e-03 5.327528e+00 3.282285e+00)) ((-2.273766e+02 -2.546610e+00 -2.955729e+00) (-1.546280e-01 6.445285e-03 9.593350e-03))
503.06        	((8.326152e+00 6.816059e+02 8.247344e+02) (2.800991e-03 5.328365e+00 3.282397e+00)) ((-2.273795e+02 -2.555797e+00 -2.969025e+00) (-1.550168e-01 6.502317e-03 9.721139e-03))
503.07        	((8.334293e+00 6.816052e+02 8.247413e+02) (2.606362e-03 5.329684e+00 3.283614e+00)) ((-2.273834e+02 -2.556249e+00 -2.971474e+00) (-1.547442e-01 6.443968e-03 9.591851e-03))
503.08        	((8.344001e+00 6.815953e+02 8.247455e+02) (2.994540e-03 5.330297e+00 3.283331e+00)) ((-2.273850e+02 -2.564272e+00 -2.983305e+00) (-1.550805e-01 6.473442e-03 9.816183e-03))
503.09        	((8.349333e+00 6.816041e+02 8.247506e+02) (2.570528e-03 5.331846e+00 3.284779e+00)) ((-2.273875e+02 -2.561343e+00 -2.983002e+00) (-1.548836e-01 6.448527e-03 9.598100e-03))
503.1         	((8.355300e+00 6.816033e+02 8.247539e+02) (2.869774e-03 5.332508e+00 3.284668e+00)) ((-2.273879e+02 -2.568437e+00 -2.993528e+00) (-1.551659e-01 6.461137e-03 9.817907e-03))
503.11        	((8.357310e+00 6.816184e+02 8.247669e+02) (2.551743e-03 5.334002e+00 3.286023e+00)) ((-2.273888e+02 -2.567485e+00 -2.993825e+00) (-1.550081e-01 6.442458e-03 9.595571e-03))
503.12        	((8.364522e+00 6.816142e+02 8.247686e+02) (2.929766e-03 5.334663e+00 3.285863e+00)) ((-2.273878e+02 -2.574199e+00 -3.002945e+00) (-1.552315e-01 6.447156e-03 9.870781e-03))
503.13        	((8.370725e+00 6.816193e+02 8.247793e+02) (2.598418e-03 5.336177e+00 3.287276e+00)) ((-2.273915e+02 -2.572763e+00 -3.004314e+00) (-1.550857e-01 6.443799e-03 9.635812e-03))
503.14        	((8.384550e+00 6.816201e+02 8.247769e+02) (2.560539e-03 5.336889e+00 3.287378e+00)) ((-2.273930e+02 -2.583328e+00 -3.018070e+00) (-1.555501e-01 6.508338e-03 9.722171e-03))
503.15        	((8.385772e+00 6.816251e+02 8.247730e+02) (2.487812e-03 5.338419e+00 3.288614e+00)) ((-2.273925e+02 -2.584433e+00 -3.016947e+00) (-1.552020e-01 6.438319e-03 9.650010e-03))
503.16        	((8.392021e+00 6.816183e+02 8.247698e+02) (2.640913e-03 5.339113e+00 3.288614e+00)) ((-2.273924e+02 -2.590588e+00 -3.024420e+00) (-1.556242e-01 6.498546e-03 9.761504e-03))
503.17        	((8.395084e+00 6.816189e+02 8.247728e+02) (2.502409e-03 5.340519e+00 3.289778e+00)) ((-2.273925e+02 -2.590347e+00 -3.024753e+00) (-1.553597e-01 6.441550e-03 9.625131e-03))
503.18        	((8.405387e+00 6.816136e+02 8.247764e+02) (2.636343e-03 5.341289e+00 3.289809e+00)) ((-2.273922e+02 -2.598377e+00 -3.036561e+00) (-1.557147e-01 6.478206e-03 9.779684e-03))
503.19        	((8.412252e+00 6.816170e+02 8.247824e+02) (2.457576e-03 5.342728e+00 3.291007e+00)) ((-2.273934e+02 -2.596588e+00 -3.036480e+00) (-1.554692e-01 6.434937e-03 9.630840e-03))
503.2         	((8.423621e+00 6.816105e+02 8.247850e+02) (2.614699e-03 5.343373e+00 3.290912e+00)) ((-2.273943e+02 -2.604153e+00 -3.047265e+00) (-1.558952e-01 6.484297e-03 9.772272e-03))
503.21        	((8.427103e+00 6.816233e+02 8.247962e+02) (2.379596e-03 5.344913e+00 3.292250e+00)) ((-2.273963e+02 -2.605745e+00 -3.050197e+00) (-1.556098e-01 6.432157e-03 9.626700e-03))
503.22        	((8.433155e+00 6.816207e+02 8.248026e+02) (2.780157e-03 5.345556e+00 3.292045e+00)) ((-2.273971e+02 -2.612965e+00 -3.059588e+00) (-1.558988e-01 6.449448e-03 9.851926e-03))
503.23        	((8.442615e+00 6.816268e+02 8.248061e+02) (2.378836e-03 5.347136e+00 3.293511e+00)) ((-2.274004e+02 -2.611110e+00 -3.060375e+00) (-1.557313e-01 6.421892e-03 9.610195e-03))
503.24        	((8.451364e+00 6.816154e+02 8.248079e+02) (2.686531e-03 5.347667e+00 3.293264e+00)) ((-2.274002e+02 -2.618799e+00 -3.070333e+00) (-1.560588e-01 6.442425e-03 9.826048e-03))
503.25        	((8.455871e+00 6.816221e+02 8.248091e+02) (2.284692e-03 5.349271e+00 3.294732e+00)) ((-2.274006e+02 -2.616295e+00 -3.068388e+00) (-1.558502e-01 6.410070e-03 9.618170e-03))
503.26        	((8.463245e+00 6.816131e+02 8.248067e+02) (2.520254e-03 5.349919e+00 3.294631e+00)) ((-2.274005e+02 -2.623480e+00 -3.076092e+00) (-1.561682e-01 6.432688e-03 9.806894e-03))
503.27        	((8.468926e+00 6.816215e+02 8.248145e+02) (2.261117e-03 5.351399e+00 3.295938e+00)) ((-2.274040e+02 -2.622536e+00 -3.073686e+00) (-1.559756e-01 6.401249e-03 9.607237e-03))
503.28        	((8.478556e+00 6.816151e+02 8.248113e+02) (2.528625e-03 5.352177e+00 3.295851e+00)) ((-2.274030e+02 -2.632397e+00 -3.083597e+00) (-1.562447e-01 6.413679e-03 9.837684e-03))
503.29        	((8.484928e+00 6.816196e+02 8.248144e+02) (2.179038e-03 5.353645e+00 3.297290e+00)) ((-2.274045e+02 -2.631231e+00 -3.081677e+00) (-1.560807e-01 6.389126e-03 9.613115e-03))
503.3         	((8.496577e+00 6.816083e+02 8.248236e+02) (2.497305e-03 5.354281e+00 3.297133e+00)) ((-2.274052e+02 -2.638440e+00 -3.089896e+00) (-1.563213e-01 6.396407e-03 9.851333e-03))
503.31        	((8.497525e+00 6.816092e+02 8.248325e+02) (2.182875e-03 5.355721e+00 3.298430e+00)) ((-2.274086e+02 -2.636562e+00 -3.089055e+00) (-1.561957e-01 6.382571e-03 9.615463e-03))
503.32        	((8.503522e+00 6.816040e+02 8.248307e+02) (2.346382e-03 5.356507e+00 3.298466e+00)) ((-2.274084e+02 -2.642872e+00 -3.096767e+00) (-1.564660e-01 6.398728e-03 9.820720e-03))
503.33        	((8.512501e+00 6.816085e+02 8.248325e+02) (2.103816e-03 5.357859e+00 3.299667e+00)) ((-2.274111e+02 -2.640704e+00 -3.096424e+00) (-1.562930e-01 6.374142e-03 9.623486e-03))
503.34        	((8.520635e+00 6.816028e+02 8.248326e+02) (2.411977e-03 5.358501e+00 3.299478e+00)) ((-2.274109e+02 -2.647326e+00 -3.105276e+00) (-1.566246e-01 6.396467e-03 9.833220e-03))
503.35        	((8.524152e+00 6.816131e+02 8.248352e+02) (2.087137e-03 5.360064e+00 3.300906e+00)) ((-2.274112e+02 -2.644211e+00 -3.103126e+00) (-1.564185e-01 6.369518e-03 9.625231e-03))
503.36        	((8.529588e+00 6.816112e+02 8.248326e+02) (2.300467e-03 5.360755e+00 3.300844e+00)) ((-2.274117e+02 -2.650406e+00 -3.109876e+00) (-1.567479e-01 6.391069e-03 9.815008e-03))
503.37        	((8.535491e+00 6.816188e+02 8.248404e+02) (2.054326e-03 5.362210e+00 3.302138e+00)) ((-2.274142e+02 -2.648458e+00 -3.105507e+00) (-1.565508e-01 6.359208e-03 9.614842e-03))
503.38        	((8.540373e+00 6.816135e+02 8.248482e+02) (2.409853e-03 5.362859e+00 3.301996e+00)) ((-2.274160e+02 -2.654965e+00 -3.111615e+00) (-1.568100e-01 6.378126e-03 9.860318e-03))
503.39        	((8.547217e+00 6.816206e+02 8.248595e+02) (2.124948e-03 5.364380e+00 3.303384e+00)) ((-2.274203e+02 -2.652235e+00 -3.110013e+00) (-1.566300e-01 6.360330e-03 9.647383e-03))
503.4         	((8.562979e+00 6.816228e+02 8.248536e+02) (2.090214e-03 5.365071e+00 3.303469e+00)) ((-2.274213e+02 -2.659383e+00 -3.119088e+00) (-1.571024e-01 6.430090e-03 9.730734e-03))
503.41        	((8.563333e+00 6.816304e+02 8.248485e+02) (2.003388e-03 5.366631e+00 3.304752e+00)) ((-2.274199e+02 -2.657941e+00 -3.115306e+00) (-1.567375e-01 6.355434e-03 9.665123e-03))
503.42        	((8.569967e+00 6.816260e+02 8.248435e+02) (2.129411e-03 5.367293e+00 3.304776e+00)) ((-2.274203e+02 -2.663237e+00 -3.122006e+00) (-1.571771e-01 6.421275e-03 9.753422e-03))
503.43        	((8.571793e+00 6.816285e+02 8.248391e+02) (2.030766e-03 5.368713e+00 3.305951e+00)) ((-2.274213e+02 -2.662062e+00 -3.119922e+00) (-1.568831e-01 6.359873e-03 9.642845e-03))
503.44        	((8.581421e+00 6.816223e+02 8.248360e+02) (2.153699e-03 5.369460e+00 3.306006e+00)) ((-2.274232e+02 -2.668329e+00 -3.128367e+00) (-1.572530e-01 6.408069e-03 9.776615e-03))
503.45        	((8.581582e+00 6.816181e+02 8.248398e+02) (2.039108e-03 5.370807e+00 3.307139e+00)) ((-2.274233e+02 -2.666572e+00 -3.126525e+00) (-1.569977e-01 6.362771e-03 9.645407e-03))
503.46        	((8.591503e+00 6.816200e+02 8.248317e+02) (2.168422e-03 5.371664e+00 3.307210e+00)) ((-2.274238e+02 -2.673096e+00 -3.135968e+00) (-1.573472e-01 6.409055e-03 9.802671e-03))
503.47        	((8.592725e+00 6.816304e+02 8.248340e+02) (2.005832e-03 5.373087e+00 3.308556e+00)) ((-2.274250e+02 -2.669948e+00 -3.133581e+00) (-1.570763e-01 6.365021e-03 9.660994e-03))
503.48        	((8.601454e+00 6.816239e+02 8.248366e+02) (2.199537e-03 5.373625e+00 3.308394e+00)) ((-2.274250e+02 -2.676108e+00 -3.143315e+00) (-1.575047e-01 6.421071e-03 9.806983e-03))
503.49        	((8.602830e+00 6.816320e+02 8.248388e+02) (1.963158e-03 5.375144e+00 3.309725e+00)) ((-2.274248e+02 -2.672782e+00 -3.140594e+00) (-1.572213e-01 6.373369e-03 9.658944e-03))
503.5         	((8.606207e+00 6.816282e+02 8.248387e+02) (2.318479e-03 5.375762e+00 3.309550e+00)) ((-2.274256e+02 -2.677900e+00 -3.148384e+00) (-1.575222e-01 6.392664e-03 9.866763e-03))
503.51        	((8.604862e+00 6.816361e+02 8.248498e+02) (2.050316e-03 5.377223e+00 3.310899e+00)) ((-2.274295e+02 -2.673938e+00 -3.146477e+00) (-1.573269e-01 6.375124e-03 9.665698e-03))
503.52        	((8.611709e+00 6.816386e+02 8.248460e+02) (2.026890e-03 5.378039e+00 3.311111e+00)) ((-2.274304e+02 -2.679508e+00 -3.154717e+00) (-1.577024e-01 6.426980e-03 9.784816e-03))
503.53        	((8.607035e+00 6.816376e+02 8.248472e+02) (2.006205e-03 5.379335e+00 3.312174e+00)) ((-2.274287e+02 -2.679468e+00 -3.153141e+00) (-1.574073e-01 6.373928e-03 9.684618e-03))
503.54        	((8.617056e+00 6.816396e+02 8.248362e+02) (2.146168e-03 5.380020e+00 3.312129e+00)) ((-2.274261e+02 -2.686378e+00 -3.162131e+00) (-1.578588e-01 6.442347e-03 9.798738e-03))
503.55        	((8.617360e+00 6.816519e+02 8.248300e+02) (1.952153e-03 5.381622e+00 3.313546e+00)) ((-2.274256e+02 -2.683391e+00 -3.158757e+00) (-1.575252e-01 6.380895e-03 9.686227e-03))
503.56        	((8.619530e+00 6.816462e+02 8.248266e+02) (2.245301e-03 5.382195e+00 3.313404e+00)) ((-2.274256e+02 -2.687643e+00 -3.164064e+00) (-1.578776e-01 6.422856e-03 9.850757e-03))
503.57        	((8.620226e+00 6.816515e+02 8.248275e+02) (2.034984e-03 5.383605e+00 3.314676e+00)) ((-2.274278e+02 -2.684617e+00 -3.163106e+00) (-1.576463e-01 6.381965e-03 9.676797e-03))
503.58        	((8.624157e+00 6.816508e+02 8.248302e+02) (2.093894e-03 5.384392e+00 3.314810e+00)) ((-2.274323e+02 -2.690492e+00 -3.173926e+00) (-1.579972e-01 6.425459e-03 9.811119e-03))
503.59        	((8.624113e+00 6.816465e+02 8.248364e+02) (1.956359e-03 5.385689e+00 3.315886e+00)) ((-2.274341e+02 -2.688594e+00 -3.172319e+00) (-1.577590e-01 6.375523e-03 9.668885e-03))
503.6         	((8.629806e+00 6.816430e+02 8.248292e+02) (2.212525e-03 5.386476e+00 3.315847e+00)) ((-2.274319e+02 -2.695069e+00 -3.181046e+00) (-1.580630e-01 6.408065e-03 9.856162e-03))
503.61        	((8.627689e+00 6.816528e+02 8.248224e+02) (1.966829e-03 5.387965e+00 3.317287e+00)) ((-2.274312e+02 -2.691490e+00 -3.177014e+00) (-1.578430e-01 6.374941e-03 9.677698e-03))
503.62        	((8.631397e+00 6.816535e+02 8.248193e+02) (2.110820e-03 5.388665e+00 3.317318e+00)) ((-2.274298e+02 -2.696737e+00 -3.184047e+00) (-1.581708e-01 6.415616e-03 9.845377e-03))
503.63        	((8.632764e+00 6.816532e+02 8.248240e+02) (1.964600e-03 5.389955e+00 3.318429e+00)) ((-2.274300e+02 -2.693384e+00 -3.180182e+00) (-1.579503e-01 6.372523e-03 9.681215e-03))
503.64        	((8.640139e+00 6.816432e+02 8.248213e+02) (2.071543e-03 5.390706e+00 3.318520e+00)) ((-2.274296e+02 -2.698813e+00 -3.187703e+00) (-1.583043e-01 6.417913e-03 9.815528e-03))
503.65        	((8.641676e+00 6.816532e+02 8.248219e+02) (1.953271e-03 5.392141e+00 3.319706e+00)) ((-2.274304e+02 -2.695670e+00 -3.184828e+00) (-1.580454e-01 6.369506e-03 9.679192e-03))
503.66        	((8.648996e+00 6.816629e+02 8.248170e+02) (2.096693e-03 5.392779e+00 3.319622e+00)) ((-2.274291e+02 -2.702004e+00 -3.193962e+00) (-1.584770e-01 6.419367e-03 9.805115e-03))
503.67        	((8.648100e+00 6.816747e+02 8.248147e+02) (1.866065e-03 5.394359e+00 3.321056e+00)) ((-2.274284e+02 -2.698813e+00 -3.190399e+00) (-1.581596e-01 6.361801e-03 9.677642e-03))
503.68        	((8.650298e+00 6.816706e+02 8.248114e+02) (2.105409e-03 5.394924e+00 3.320939e+00)) ((-2.274284e+02 -2.704134e+00 -3.196727e+00) (-1.585519e-01 6.403083e-03 9.816980e-03))
503.69        	((8.647635e+00 6.816766e+02 8.248120e+02) (1.902174e-03 5.396378e+00 3.322228e+00)) ((-2.274300e+02 -2.701056e+00 -3.191979e+00) (-1.582913e-01 6.353879e-03 9.658077e-03))
503.7         	((8.656063e+00 6.816745e+02 8.248135e+02) (2.040288e-03 5.397073e+00 3.322251e+00)) ((-2.274311e+02 -2.706539e+00 -3.198304e+00) (-1.586515e-01 6.395450e-03 9.800171e-03))
503.71        	((8.656078e+00 6.816760e+02 8.248228e+02) (1.908374e-03 5.398451e+00 3.323414e+00)) ((-2.274328e+02 -2.704303e+00 -3.194659e+00) (-1.583991e-01 6.351665e-03 9.658578e-03))
503.72        	((8.668405e+00 6.816778e+02 8.248109e+02) (2.033016e-03 5.399299e+00 3.323490e+00)) ((-2.274318e+02 -2.709986e+00 -3.202750e+00) (-1.587567e-01 6.396896e-03 9.812554e-03))
503.73        	((8.670820e+00 6.816831e+02 8.248055e+02) (1.859125e-03 5.400681e+00 3.324811e+00)) ((-2.274312e+02 -2.705905e+00 -3.197696e+00) (-1.584977e-01 6.349121e-03 9.665262e-03))
503.74        	((8.677071e+00 6.816772e+02 8.248007e+02) (2.054144e-03 5.401345e+00 3.324777e+00)) ((-2.274294e+02 -2.710658e+00 -3.203844e+00) (-1.588317e-01 6.385871e-03 9.835186e-03))
503.75        	((8.676947e+00 6.816807e+02 8.248040e+02) (1.868504e-03 5.402775e+00 3.326020e+00)) ((-2.274293e+02 -2.707460e+00 -3.201509e+00) (-1.586051e-01 6.347829e-03 9.665350e-03))
503.76        	((8.684865e+00 6.816796e+02 8.248066e+02) (2.021336e-03 5.403369e+00 3.325928e+00)) ((-2.274278e+02 -2.714024e+00 -3.210843e+00) (-1.590119e-01 6.391921e-03 9.805784e-03))
503.77        	((8.683641e+00 6.816954e+02 8.248094e+02) (1.805781e-03 5.404899e+00 3.327263e+00)) ((-2.274289e+02 -2.710461e+00 -3.206031e+00) (-1.587197e-01 6.343586e-03 9.674567e-03))
503.78        	((8.688744e+00 6.816974e+02 8.248061e+02) (1.972036e-03 5.405559e+00 3.327242e+00)) ((-2.274280e+02 -2.715839e+00 -3.212155e+00) (-1.591147e-01 6.390200e-03 9.807047e-03))
503.79        	((8.686950e+00 6.817022e+02 8.248053e+02) (1.800299e-03 5.406982e+00 3.328484e+00)) ((-2.274276e+02 -2.712781e+00 -3.206579e+00) (-1.588585e-01 6.339837e-03 9.653018e-03))
503.8         	((8.692246e+00 6.816979e+02 8.247979e+02) (2.150461e-03 5.407698e+00 3.328340e+00)) ((-2.274266e+02 -2.718127e+00 -3.212254e+00) (-1.591477e-01 6.358217e-03 9.884805e-03))
503.81        	((8.693164e+00 6.817054e+02 8.247986e+02) (1.820838e-03 5.409157e+00 3.329809e+00)) ((-2.274273e+02 -2.713899e+00 -3.208740e+00) (-1.589517e-01 6.336768e-03 9.678944e-03))
503.82        	((8.698128e+00 6.817005e+02 8.247957e+02) (1.843039e-03 5.409868e+00 3.329928e+00)) ((-2.274275e+02 -2.717663e+00 -3.213590e+00) (-1.593287e-01 6.388768e-03 9.795615e-03))
503.83        	((8.698969e+00 6.817019e+02 8.247961e+02) (1.813450e-03 5.411189e+00 3.330971e+00)) ((-2.274266e+02 -2.715723e+00 -3.210532e+00) (-1.590627e-01 6.336813e-03 9.688121e-03))
503.84        	((8.710452e+00 6.817028e+02 8.247911e+02) (1.846089e-03 5.412051e+00 3.331177e+00)) ((-2.274256e+02 -2.722120e+00 -3.219469e+00) (-1.594330e-01 6.392263e-03 9.809509e-03))
503.85        	((8.713505e+00 6.817060e+02 8.247968e+02) (1.742051e-03 5.413301e+00 3.332206e+00)) ((-2.274261e+02 -2.719312e+00 -3.215908e+00) (-1.591895e-01 6.341435e-03 9.679816e-03))
503.86        	((8.718016e+00 6.817133e+02 8.247919e+02) (2.052088e-03 5.414106e+00 3.332162e+00)) ((-2.274226e+02 -2.724864e+00 -3.222775e+00) (-1.594936e-01 6.372883e-03 9.876154e-03))
503.87        	((8.714926e+00 6.817292e+02 8.247922e+02) (1.790367e-03 5.415569e+00 3.333604e+00)) ((-2.274220e+02 -2.720339e+00 -3.217957e+00) (-1.592823e-01 6.342773e-03 9.692102e-03))
503.88        	((8.717454e+00 6.817282e+02 8.247907e+02) (1.859479e-03 5.416299e+00 3.333687e+00)) ((-2.274214e+02 -2.725177e+00 -3.224156e+00) (-1.596377e-01 6.384446e-03 9.839640e-03))
503.89        	((8.717604e+00 6.817300e+02 8.247982e+02) (1.730150e-03 5.417558e+00 3.334747e+00)) ((-2.274206e+02 -2.722835e+00 -3.221259e+00) (-1.594128e-01 6.340207e-03 9.686426e-03))
503.9         	((8.720138e+00 6.817371e+02 8.248107e+02) (2.066735e-03 5.418236e+00 3.334642e+00)) ((-2.274211e+02 -2.728979e+00 -3.229600e+00) (-1.597021e-01 6.367711e-03 9.894637e-03))
503.91        	((8.722110e+00 6.817456e+02 8.248095e+02) (1.807718e-03 5.419794e+00 3.336020e+00)) ((-2.274221e+02 -2.724466e+00 -3.227005e+00) (-1.595061e-01 6.346456e-03 9.702544e-03))
503.92        	((8.727644e+00 6.817420e+02 8.248057e+02) (1.914449e-03 5.420395e+00 3.335971e+00)) ((-2.274215e+02 -2.729564e+00 -3.233927e+00) (-1.599378e-01 6.403337e-03 9.834131e-03))
503.93        	((8.727014e+00 6.817494e+02 8.248055e+02) (1.742541e-03 5.421887e+00 3.337277e+00)) ((-2.274200e+02 -2.726751e+00 -3.230268e+00) (-1.596191e-01 6.343884e-03 9.712770e-03))
503.94        	((8.733988e+00 6.817473e+02 8.247922e+02) (1.882907e-03 5.422551e+00 3.337276e+00)) ((-2.274160e+02 -2.733600e+00 -3.238668e+00) (-1.600383e-01 6.394583e-03 9.828066e-03))
503.95        	((8.731084e+00 6.817491e+02 8.247914e+02) (1.761850e-03 5.423983e+00 3.338506e+00)) ((-2.274137e+02 -2.730903e+00 -3.234258e+00) (-1.597511e-01 6.341150e-03 9.689082e-03))
503.96        	((8.738568e+00 6.817444e+02 8.247823e+02) (1.883897e-03 5.424793e+00 3.338550e+00)) ((-2.274128e+02 -2.737121e+00 -3.241836e+00) (-1.601246e-01 6.383199e-03 9.833959e-03))
503.97        	((8.739259e+00 6.817478e+02 8.247832e+02) (1.677056e-03 5.426195e+00 3.339856e+00)) ((-2.274127e+02 -2.733909e+00 -3.237364e+00) (-1.598746e-01 6.333518e-03 9.677587e-03))
503.98        	((8.746156e+00 6.817470e+02 8.247940e+02) (2.102516e-03 5.426810e+00 3.339630e+00)) ((-2.274126e+02 -2.737580e+00 -3.242944e+00) (-1.601195e-01 6.348308e-03 9.922706e-03))
503.99        	((8.739094e+00 6.817556e+02 8.248012e+02) (1.725827e-03 5.428268e+00 3.341015e+00)) ((-2.274153e+02 -2.735577e+00 -3.242801e+00) (-1.599896e-01 6.336554e-03 9.677364e-03))
504           	((8.743230e+00 6.817541e+02 8.247886e+02) (1.941677e-03 5.429073e+00 3.341003e+00)) ((-2.274126e+02 -2.742114e+00 -3.251254e+00) (-1.602614e-01 6.354541e-03 9.886655e-03))
504.01        	((8.742583e+00 6.817588e+02 8.247813e+02) (1.666125e-03 5.430492e+00 3.342389e+00)) ((-2.274104e+02 -2.740009e+00 -3.247939e+00) (-1.600850e-01 6.330206e-03 9.686008e-03))
504.02        	((8.750074e+00 6.817509e+02 8.247848e+02) (2.089408e-03 5.431092e+00 3.342165e+00)) ((-2.274068e+02 -2.744357e+00 -3.253829e+00) (-1.603027e-01 6.336288e-03 9.948443e-03))
504.03        	((8.751422e+00 6.817566e+02 8.247920e+02) (1.712827e-03 5.432534e+00 3.343539e+00)) ((-2.274077e+02 -2.740170e+00 -3.250374e+00) (-1.602005e-01 6.331829e-03 9.681082e-03))
504.04        	((8.753509e+00 6.817572e+02 8.247988e+02) (1.873130e-03 5.433294e+00 3.343586e+00)) ((-2.274075e+02 -2.745499e+00 -3.256456e+00) (-1.604810e-01 6.352174e-03 9.876885e-03))
504.05        	((8.755010e+00 6.817598e+02 8.248037e+02) (1.662090e-03 5.434627e+00 3.344768e+00)) ((-2.274076e+02 -2.741971e+00 -3.253083e+00) (-1.602997e-01 6.325171e-03 9.686013e-03))
504.06        	((8.756119e+00 6.817546e+02 8.248053e+02) (2.038959e-03 5.435238e+00 3.344521e+00)) ((-2.274056e+02 -2.748553e+00 -3.261846e+00) (-1.606195e-01 6.346759e-03 9.911147e-03))
504.07        	((8.751260e+00 6.817683e+02 8.248097e+02) (1.675598e-03 5.436820e+00 3.346007e+00)) ((-2.274054e+02 -2.745426e+00 -3.259084e+00) (-1.604205e-01 6.325029e-03 9.683229e-03))
504.08        	((8.757555e+00 6.817682e+02 8.248035e+02) (1.923810e-03 5.437465e+00 3.345903e+00)) ((-2.274031e+02 -2.749520e+00 -3.263515e+00) (-1.607417e-01 6.343488e-03 9.884110e-03))
504.09        	((8.755467e+00 6.817682e+02 8.248036e+02) (1.709328e-03 5.438984e+00 3.347257e+00)) ((-2.274041e+02 -2.745268e+00 -3.257686e+00) (-1.605137e-01 6.314176e-03 9.691659e-03))
504.1         	((8.762847e+00 6.817629e+02 8.248000e+02) (1.768379e-03 5.439607e+00 3.347258e+00)) ((-2.274034e+02 -2.750937e+00 -3.264514e+00) (-1.609685e-01 6.373236e-03 9.788482e-03))
504.11        	((8.763008e+00 6.817693e+02 8.247980e+02) (1.637815e-03 5.441092e+00 3.348496e+00)) ((-2.274016e+02 -2.748808e+00 -3.259855e+00) (-1.606427e-01 6.311926e-03 9.684248e-03))
504.12        	((8.766393e+00 6.817665e+02 8.247957e+02) (1.927953e-03 5.441750e+00 3.348399e+00)) ((-2.273997e+02 -2.755371e+00 -3.267203e+00) (-1.609870e-01 6.350837e-03 9.852387e-03))
504.13        	((8.767633e+00 6.817744e+02 8.247976e+02) (1.675049e-03 5.443199e+00 3.349713e+00)) ((-2.274005e+02 -2.751278e+00 -3.262320e+00) (-1.607673e-01 6.313312e-03 9.662516e-03))
504.14        	((8.770883e+00 6.817688e+02 8.247889e+02) (1.993767e-03 5.443943e+00 3.349590e+00)) ((-2.273985e+02 -2.756586e+00 -3.268304e+00) (-1.610224e-01 6.325608e-03 9.907804e-03))
504.15        	((8.771683e+00 6.817711e+02 8.247904e+02) (1.696452e-03 5.445398e+00 3.351049e+00)) ((-2.273986e+02 -2.751974e+00 -3.263943e+00) (-1.608338e-01 6.309686e-03 9.698738e-03))
504.16        	((8.780494e+00 6.817691e+02 8.247900e+02) (1.737204e-03 5.446118e+00 3.351167e+00)) ((-2.273958e+02 -2.756276e+00 -3.269619e+00) (-1.612041e-01 6.365541e-03 9.815816e-03))
504.17        	((8.778926e+00 6.817700e+02 8.247939e+02) (1.726318e-03 5.447425e+00 3.352198e+00)) ((-2.273958e+02 -2.754691e+00 -3.266636e+00) (-1.609349e-01 6.315536e-03 9.706336e-03))
504.18        	((8.785679e+00 6.817789e+02 8.247824e+02) (1.778486e-03 5.448381e+00 3.352369e+00)) ((-2.273948e+02 -2.761050e+00 -3.275318e+00) (-1.613148e-01 6.373160e-03 9.828381e-03))
504.19        	((8.780399e+00 6.817846e+02 8.247834e+02) (1.673584e-03 5.449691e+00 3.353584e+00)) ((-2.273943e+02 -2.758460e+00 -3.271053e+00) (-1.610386e-01 6.319908e-03 9.705820e-03))
504.2         	((8.786800e+00 6.817806e+02 8.247867e+02) (1.898949e-03 5.450353e+00 3.353529e+00)) ((-2.273930e+02 -2.763471e+00 -3.278603e+00) (-1.613785e-01 6.361939e-03 9.867688e-03))
504.21        	((8.786314e+00 6.817848e+02 8.247925e+02) (1.717072e-03 5.451729e+00 3.354730e+00)) ((-2.273936e+02 -2.758699e+00 -3.273264e+00) (-1.611498e-01 6.322631e-03 9.699779e-03))
504.22        	((8.794343e+00 6.817825e+02 8.247921e+02) (1.819297e-03 5.452500e+00 3.354789e+00)) ((-2.273927e+02 -2.763268e+00 -3.279619e+00) (-1.614986e-01 6.361739e-03 9.855529e-03))
504.23        	((8.794438e+00 6.817830e+02 8.247985e+02) (1.681095e-03 5.453793e+00 3.355914e+00)) ((-2.273928e+02 -2.758938e+00 -3.274744e+00) (-1.612430e-01 6.321785e-03 9.709477e-03))
504.24        	((8.800741e+00 6.817825e+02 8.247978e+02) (1.890969e-03 5.454457e+00 3.355817e+00)) ((-2.273913e+02 -2.764684e+00 -3.283246e+00) (-1.616535e-01 6.371960e-03 9.856653e-03))
504.25        	((8.792298e+00 6.817921e+02 8.247993e+02) (1.708719e-03 5.455961e+00 3.357141e+00)) ((-2.273913e+02 -2.761685e+00 -3.279032e+00) (-1.613567e-01 6.327748e-03 9.711487e-03))
504.26        	((8.795906e+00 6.817944e+02 8.247949e+02) (1.844304e-03 5.456659e+00 3.357136e+00)) ((-2.273899e+02 -2.766916e+00 -3.286269e+00) (-1.617569e-01 6.373784e-03 9.853617e-03))
504.27        	((8.794953e+00 6.817928e+02 8.247973e+02) (1.699683e-03 5.458092e+00 3.358384e+00)) ((-2.273902e+02 -2.763067e+00 -3.281607e+00) (-1.614632e-01 6.324680e-03 9.707625e-03))
504.28        	((8.805336e+00 6.817864e+02 8.247963e+02) (1.921507e-03 5.458656e+00 3.358232e+00)) ((-2.273891e+02 -2.768262e+00 -3.289743e+00) (-1.618689e-01 6.369971e-03 9.855467e-03))
504.29        	((8.798764e+00 6.817925e+02 8.247956e+02) (1.702905e-03 5.460195e+00 3.359595e+00)) ((-2.273895e+02 -2.765389e+00 -3.286197e+00) (-1.615717e-01 6.325981e-03 9.711806e-03))
504.3         	((8.803438e+00 6.817900e+02 8.247917e+02) (1.839779e-03 5.460874e+00 3.359583e+00)) ((-2.273890e+02 -2.769779e+00 -3.291834e+00) (-1.619633e-01 6.373400e-03 9.846871e-03))
504.31        	((8.802513e+00 6.817914e+02 8.247922e+02) (1.690499e-03 5.462267e+00 3.360791e+00)) ((-2.273864e+02 -2.766514e+00 -3.287373e+00) (-1.616956e-01 6.324916e-03 9.695286e-03))
504.32        	((8.808511e+00 6.817874e+02 8.247866e+02) (2.063489e-03 5.462982e+00 3.360621e+00)) ((-2.273851e+02 -2.772479e+00 -3.295019e+00) (-1.619626e-01 6.342537e-03 9.935649e-03))
504.33        	((8.808618e+00 6.817931e+02 8.247878e+02) (1.722307e-03 5.464524e+00 3.362148e+00)) ((-2.273870e+02 -2.767843e+00 -3.293268e+00) (-1.617608e-01 6.325039e-03 9.723589e-03))
504.34        	((8.814769e+00 6.817859e+02 8.247877e+02) (1.765674e-03 5.465086e+00 3.362117e+00)) ((-2.273867e+02 -2.772546e+00 -3.299947e+00) (-1.621957e-01 6.385329e-03 9.828173e-03))
504.35        	((8.813739e+00 6.817908e+02 8.247890e+02) (1.663849e-03 5.466552e+00 3.363302e+00)) ((-2.273849e+02 -2.770105e+00 -3.296141e+00) (-1.618752e-01 6.323497e-03 9.729090e-03))
504.36        	((8.816377e+00 6.817873e+02 8.247882e+02) (1.938931e-03 5.467218e+00 3.363226e+00)) ((-2.273832e+02 -2.776018e+00 -3.303343e+00) (-1.622204e-01 6.365127e-03 9.890251e-03))
504.37        	((8.810643e+00 6.817936e+02 8.247956e+02) (1.734206e-03 5.468615e+00 3.364475e+00)) ((-2.273831e+02 -2.773351e+00 -3.299947e+00) (-1.619911e-01 6.328739e-03 9.713932e-03))
504.38        	((8.817219e+00 6.817922e+02 8.247940e+02) (1.843401e-03 5.469371e+00 3.364551e+00)) ((-2.273817e+02 -2.778241e+00 -3.306449e+00) (-1.623340e-01 6.367725e-03 9.868841e-03))
504.39        	((8.817093e+00 6.817940e+02 8.247972e+02) (1.704578e-03 5.470743e+00 3.365726e+00)) ((-2.273821e+02 -2.773755e+00 -3.301067e+00) (-1.620763e-01 6.323951e-03 9.723339e-03))
504.4         	((8.824886e+00 6.817897e+02 8.247915e+02) (1.917687e-03 5.471353e+00 3.365566e+00)) ((-2.273812e+02 -2.779076e+00 -3.307731e+00) (-1.624971e-01 6.374481e-03 9.873012e-03))
504.41        	((8.821152e+00 6.818021e+02 8.247849e+02) (1.653907e-03 5.472981e+00 3.367054e+00)) ((-2.273814e+02 -2.776164e+00 -3.303744e+00) (-1.621859e-01 6.324541e-03 9.728861e-03))
504.42        	((8.829082e+00 6.817993e+02 8.247853e+02) (1.890275e-03 5.473523e+00 3.366919e+00)) ((-2.273817e+02 -2.780819e+00 -3.309693e+00) (-1.625667e-01 6.365842e-03 9.872760e-03))
504.43        	((8.825481e+00 6.817959e+02 8.247870e+02) (1.728558e-03 5.474927e+00 3.368159e+00)) ((-2.273812e+02 -2.777198e+00 -3.304950e+00) (-1.623119e-01 6.322540e-03 9.711271e-03))
504.44        	((8.830905e+00 6.817874e+02 8.247859e+02) (1.841162e-03 5.475682e+00 3.368222e+00)) ((-2.273792e+02 -2.781997e+00 -3.311602e+00) (-1.626562e-01 6.361512e-03 9.864678e-03))
504.45        	((8.830841e+00 6.817870e+02 8.247916e+02) (1.683033e-03 5.477017e+00 3.369364e+00)) ((-2.273790e+02 -2.777647e+00 -3.306969e+00) (-1.624035e-01 6.320768e-03 9.718699e-03))
504.46        	((8.837279e+00 6.817840e+02 8.247888e+02) (1.905684e-03 5.477661e+00 3.369219e+00)) ((-2.273778e+02 -2.783261e+00 -3.314679e+00) (-1.628223e-01 6.372057e-03 9.868152e-03))
504.47        	((8.835777e+00 6.817953e+02 8.247869e+02) (1.647560e-03 5.479296e+00 3.370719e+00)) ((-2.273775e+02 -2.779601e+00 -3.310484e+00) (-1.625099e-01 6.321330e-03 9.725528e-03))
504.48        	((8.837091e+00 6.817912e+02 8.247840e+02) (1.862560e-03 5.479872e+00 3.370626e+00)) ((-2.273773e+02 -2.783626e+00 -3.314858e+00) (-1.628824e-01 6.362148e-03 9.874945e-03))
504.49        	((8.835421e+00 6.817958e+02 8.247862e+02) (1.691873e-03 5.481242e+00 3.371834e+00)) ((-2.273781e+02 -2.780807e+00 -3.311029e+00) (-1.626345e-01 6.319311e-03 9.710783e-03))
504.5         	((8.843504e+00 6.817946e+02 8.247880e+02) (1.827092e-03 5.481973e+00 3.371884e+00)) ((-2.273795e+02 -2.785897e+00 -3.316470e+00) (-1.629776e-01 6.358458e-03 9.861440e-03))
504.51        	((8.841117e+00 6.817945e+02 8.247972e+02) (1.678160e-03 5.483330e+00 3.373030e+00)) ((-2.273804e+02 -2.783329e+00 -3.312774e+00) (-1.627383e-01 6.318659e-03 9.711334e-03))
504.52        	((8.847480e+00 6.817938e+02 8.247879e+02) (1.824403e-03 5.484160e+00 3.373067e+00)) ((-2.273792e+02 -2.788703e+00 -3.319681e+00) (-1.630830e-01 6.361599e-03 9.873403e-03))
504.53        	((8.846720e+00 6.817965e+02 8.247799e+02) (1.648895e-03 5.485557e+00 3.374394e+00)) ((-2.273770e+02 -2.784504e+00 -3.314218e+00) (-1.628318e-01 6.318190e-03 9.717922e-03))
504.54        	((8.851019e+00 6.817899e+02 8.247805e+02) (1.845827e-03 5.486220e+00 3.374351e+00)) ((-2.273758e+02 -2.789165e+00 -3.320559e+00) (-1.631715e-01 6.358573e-03 9.883987e-03))
504.55        	((8.850564e+00 6.817873e+02 8.247866e+02) (1.634873e-03 5.487553e+00 3.375523e+00)) ((-2.273771e+02 -2.785178e+00 -3.315950e+00) (-1.629645e-01 6.320093e-03 9.701399e-03))
504.56        	((8.856809e+00 6.817860e+02 8.247825e+02) (1.996640e-03 5.488297e+00 3.375362e+00)) ((-2.273752e+02 -2.788979e+00 -3.320846e+00) (-1.632161e-01 6.331051e-03 9.943437e-03))
504.57        	((8.854695e+00 6.817941e+02 8.247852e+02) (1.669458e-03 5.489762e+00 3.376848e+00)) ((-2.273758e+02 -2.784810e+00 -3.317525e+00) (-1.630409e-01 6.319464e-03 9.727817e-03))
504.58        	((8.859274e+00 6.817900e+02 8.247831e+02) (1.697369e-03 5.490471e+00 3.376965e+00)) ((-2.273754e+02 -2.789668e+00 -3.324059e+00) (-1.634178e-01 6.372464e-03 9.842229e-03))
504.59        	((8.854609e+00 6.817880e+02 8.247876e+02) (1.671184e-03 5.491751e+00 3.377976e+00)) ((-2.273748e+02 -2.786733e+00 -3.318364e+00) (-1.631472e-01 6.319634e-03 9.729029e-03))
504.6         	((8.860012e+00 6.817906e+02 8.247901e+02) (1.748393e-03 5.492553e+00 3.378107e+00)) ((-2.273752e+02 -2.791861e+00 -3.324786e+00) (-1.635313e-01 6.376872e-03 9.847585e-03))
504.61        	((8.858532e+00 6.817950e+02 8.247935e+02) (1.633226e-03 5.493878e+00 3.379208e+00)) ((-2.273758e+02 -2.787889e+00 -3.320144e+00) (-1.632553e-01 6.325057e-03 9.721754e-03))
504.62        	((8.864660e+00 6.817960e+02 8.247871e+02) (1.868014e-03 5.494551e+00 3.379081e+00)) ((-2.273755e+02 -2.792759e+00 -3.327040e+00) (-1.636628e-01 6.372345e-03 9.865042e-03))
504.63        	((8.863961e+00 6.818095e+02 8.247860e+02) (1.573670e-03 5.496134e+00 3.380550e+00)) ((-2.273755e+02 -2.788844e+00 -3.323043e+00) (-1.633772e-01 6.322244e-03 9.713040e-03))
504.64        	((8.862642e+00 6.818030e+02 8.247852e+02) (2.060059e-03 5.496591e+00 3.380182e+00)) ((-2.273750e+02 -2.792909e+00 -3.327129e+00) (-1.636571e-01 6.333912e-03 9.960993e-03))
504.65        	((8.859841e+00 6.818080e+02 8.247914e+02) (1.713152e-03 5.498076e+00 3.381619e+00)) ((-2.273766e+02 -2.788469e+00 -3.324016e+00) (-1.634797e-01 6.322554e-03 9.725297e-03))
504.66        	((8.869317e+00 6.818030e+02 8.247892e+02) (1.646940e-03 5.498872e+00 3.381871e+00)) ((-2.273764e+02 -2.793254e+00 -3.330414e+00) (-1.638742e-01 6.382664e-03 9.814826e-03))
504.67        	((8.864516e+00 6.817928e+02 8.247947e+02) (1.678056e-03 5.500122e+00 3.382808e+00)) ((-2.273737e+02 -2.791261e+00 -3.325220e+00) (-1.635667e-01 6.317885e-03 9.739767e-03))
504.68        	((8.875980e+00 6.817952e+02 8.247827e+02) (1.681240e-03 5.501041e+00 3.383027e+00)) ((-2.273731e+02 -2.796595e+00 -3.332544e+00) (-1.639934e-01 6.392639e-03 9.818181e-03))
504.69        	((8.871182e+00 6.817963e+02 8.247770e+02) (1.634687e-03 5.502431e+00 3.384224e+00)) ((-2.273726e+02 -2.793093e+00 -3.327413e+00) (-1.636599e-01 6.322668e-03 9.734913e-03))
504.7         	((8.878611e+00 6.817906e+02 8.247765e+02) (1.814601e-03 5.502969e+00 3.384079e+00)) ((-2.273715e+02 -2.798446e+00 -3.335482e+00) (-1.641258e-01 6.391929e-03 9.850268e-03))
504.71        	((8.877244e+00 6.817981e+02 8.247791e+02) (1.615004e-03 5.504454e+00 3.385372e+00)) ((-2.273710e+02 -2.794659e+00 -3.331374e+00) (-1.637900e-01 6.328188e-03 9.727952e-03))
504.72        	((8.880964e+00 6.817978e+02 8.247807e+02) (1.869336e-03 5.505071e+00 3.385259e+00)) ((-2.273709e+02 -2.798991e+00 -3.337693e+00) (-1.641568e-01 6.363132e-03 9.881096e-03))
504.73        	((8.877421e+00 6.818027e+02 8.247852e+02) (1.659532e-03 5.506498e+00 3.386530e+00)) ((-2.273712e+02 -2.794356e+00 -3.332322e+00) (-1.639026e-01 6.323365e-03 9.715441e-03))
504.74        	((8.881810e+00 6.818014e+02 8.247797e+02) (1.795659e-03 5.507308e+00 3.386576e+00)) ((-2.273713e+02 -2.798534e+00 -3.336990e+00) (-1.642574e-01 6.364986e-03 9.872254e-03))
504.75        	((8.880997e+00 6.818087e+02 8.247808e+02) (1.621501e-03 5.508681e+00 3.387881e+00)) ((-2.273710e+02 -2.795409e+00 -3.333424e+00) (-1.639929e-01 6.319726e-03 9.723011e-03))
504.76        	((8.887746e+00 6.818053e+02 8.247831e+02) (1.831776e-03 5.509335e+00 3.387824e+00)) ((-2.273700e+02 -2.800857e+00 -3.340573e+00) (-1.643279e-01 6.362632e-03 9.891155e-03))
504.77        	((8.885786e+00 6.818095e+02 8.247857e+02) (1.617941e-03 5.510771e+00 3.389064e+00)) ((-2.273708e+02 -2.796838e+00 -3.336333e+00) (-1.641036e-01 6.322123e-03 9.713098e-03))
504.78        	((8.883635e+00 6.817989e+02 8.247882e+02) (2.076519e-03 5.511248e+00 3.388677e+00)) ((-2.273691e+02 -2.802584e+00 -3.343800e+00) (-1.643839e-01 6.330826e-03 9.968585e-03))
504.79        	((8.881585e+00 6.818077e+02 8.247932e+02) (1.669513e-03 5.512855e+00 3.390231e+00)) ((-2.273698e+02 -2.797767e+00 -3.340167e+00) (-1.641784e-01 6.320886e-03 9.751185e-03))
504.8         	((8.891234e+00 6.818070e+02 8.247854e+02) (1.649343e-03 5.513567e+00 3.390399e+00)) ((-2.273688e+02 -2.801529e+00 -3.346081e+00) (-1.646147e-01 6.388796e-03 9.822845e-03))
504.81        	((8.886153e+00 6.818062e+02 8.247844e+02) (1.687661e-03 5.514946e+00 3.391464e+00)) ((-2.273668e+02 -2.798190e+00 -3.339326e+00) (-1.642614e-01 6.314940e-03 9.758511e-03))
504.82        	((8.892361e+00 6.818008e+02 8.247748e+02) (1.704414e-03 5.515646e+00 3.391541e+00)) ((-2.273649e+02 -2.803588e+00 -3.345564e+00) (-1.647706e-01 6.396589e-03 9.801164e-03))
504.83        	((8.889834e+00 6.818073e+02 8.247727e+02) (1.595526e-03 5.517150e+00 3.392795e+00)) ((-2.273638e+02 -2.800626e+00 -3.340791e+00) (-1.643856e-01 6.316941e-03 9.739737e-03))
504.84        	((8.893352e+00 6.818026e+02 8.247703e+02) (1.800839e-03 5.517759e+00 3.392730e+00)) ((-2.273638e+02 -2.805282e+00 -3.346668e+00) (-1.647972e-01 6.377845e-03 9.850695e-03))
504.85        	((8.889885e+00 6.818094e+02 8.247711e+02) (1.612361e-03 5.519199e+00 3.393970e+00)) ((-2.273650e+02 -2.801488e+00 -3.341481e+00) (-1.645023e-01 6.315470e-03 9.722831e-03))
504.86        	((8.895457e+00 6.818090e+02 8.247765e+02) (1.858226e-03 5.519823e+00 3.393871e+00)) ((-2.273662e+02 -2.805519e+00 -3.347078e+00) (-1.648369e-01 6.354401e-03 9.889632e-03))
504.87        	((8.893860e+00 6.818154e+02 8.247802e+02) (1.650181e-03 5.521277e+00 3.395146e+00)) ((-2.273670e+02 -2.801330e+00 -3.343453e+00) (-1.645829e-01 6.316157e-03 9.732233e-03))
504.88        	((8.900322e+00 6.818114e+02 8.247828e+02) (1.835044e-03 5.521848e+00 3.395024e+00)) ((-2.273662e+02 -2.807246e+00 -3.352249e+00) (-1.649873e-01 6.365678e-03 9.880115e-03))
504.89        	((8.898551e+00 6.818161e+02 8.247827e+02) (1.580415e-03 5.523346e+00 3.396379e+00)) ((-2.273647e+02 -2.803240e+00 -3.346716e+00) (-1.646923e-01 6.316356e-03 9.731741e-03))
504.9         	((8.901152e+00 6.818080e+02 8.247791e+02) (2.038669e-03 5.523886e+00 3.396078e+00)) ((-2.273621e+02 -2.808314e+00 -3.352065e+00) (-1.649729e-01 6.330226e-03 9.969657e-03))
504.91        	((8.899385e+00 6.818123e+02 8.247776e+02) (1.649596e-03 5.525539e+00 3.397675e+00)) ((-2.273629e+02 -2.802630e+00 -3.347475e+00) (-1.647595e-01 6.313354e-03 9.749962e-03))
504.92        	((8.905627e+00 6.818054e+02 8.247757e+02) (1.668210e-03 5.526062e+00 3.397645e+00)) ((-2.273627e+02 -2.807055e+00 -3.353328e+00) (-1.652278e-01 6.379163e-03 9.832428e-03))
504.93        	((8.902939e+00 6.818080e+02 8.247753e+02) (1.584743e-03 5.527512e+00 3.398809e+00)) ((-2.273611e+02 -2.804319e+00 -3.347458e+00) (-1.648702e-01 6.310269e-03 9.753832e-03))
504.94        	((8.906895e+00 6.818063e+02 8.247760e+02) (1.834027e-03 5.528172e+00 3.398769e+00)) ((-2.273596e+02 -2.809505e+00 -3.353262e+00) (-1.652279e-01 6.360428e-03 9.893692e-03))
504.95        	((8.903044e+00 6.818114e+02 8.247797e+02) (1.645946e-03 5.529572e+00 3.399996e+00)) ((-2.273600e+02 -2.806403e+00 -3.349199e+00) (-1.649740e-01 6.317536e-03 9.736079e-03))
504.96        	((8.907473e+00 6.818130e+02 8.247715e+02) (1.782728e-03 5.530395e+00 3.400043e+00)) ((-2.273592e+02 -2.811582e+00 -3.355681e+00) (-1.653089e-01 6.357940e-03 9.900537e-03))
504.97        	((8.904875e+00 6.818137e+02 8.247706e+02) (1.564736e-03 5.531728e+00 3.401345e+00)) ((-2.273578e+02 -2.807356e+00 -3.351210e+00) (-1.650532e-01 6.311589e-03 9.738061e-03))
504.98        	((8.904332e+00 6.818023e+02 8.247746e+02) (2.069580e-03 5.532176e+00 3.400886e+00)) ((-2.273570e+02 -2.811936e+00 -3.356840e+00) (-1.653427e-01 6.327127e-03 1.000373e-02))
504.99        	((8.904073e+00 6.818113e+02 8.247799e+02) (1.588565e-03 5.533786e+00 3.402451e+00)) ((-2.273576e+02 -2.807830e+00 -3.354297e+00) (-1.651618e-01 6.318356e-03 9.747883e-03))
505           	((8.907789e+00 6.818087e+02 8.247811e+02) (1.789850e-03 5.534427e+00 3.402409e+00)) ((-2.273576e+02 -2.811706e+00 -3.359667e+00) (-1.654834e-01 6.346626e-03 9.918179e-03))
