# Forces      
# CofR        : (0.000000e+00 0.000000e+00 0.000000e+00)
# Time        forces(pressure viscous)	moments(pressure viscous)
500           	((4.831686e+00 1.374912e+04 4.657805e+02) (1.980802e-04 4.329643e+00 8.013894e-03)) ((-2.674852e+03 -3.344164e-01 5.350884e-01) (-3.931540e-01 1.693048e-05 -1.320638e-04))
500.01        	((-9.386037e-01 1.024868e+04 4.720733e+02) (-1.559503e-03 2.221729e+00 -3.627087e-02)) ((-1.763492e+03 -1.846297e-01 7.327727e-01) (1.974358e-01 -5.322217e-04 5.242933e-04))
500.02        	((-5.541694e+00 1.691532e+03 3.512551e+02) (1.985637e-04 5.038796e-02 -1.716536e-02)) ((1.162518e+02 7.116443e-01 2.280038e-01) (5.761113e-01 -8.503559e-04 3.047359e-03))
500.03        	((-2.507388e+00 -4.219783e+03 2.945343e+02) (1.005076e-03 -2.563224e-01 -1.697754e-02)) ((1.253440e+03 1.133890e+00 5.181662e-01) (4.837261e-01 -5.268126e-04 2.146746e-03))
500.04        	((2.121456e+00 -3.857180e+03 2.473367e+02) (-4.090998e-04 1.825591e+00 -5.216461e-03)) ((8.418360e+02 1.045211e-01 -3.086689e-01) (-1.778177e-01 -1.999360e-03 -8.239418e-04))
500.05        	((5.624359e+00 -9.722584e+01 1.909033e+02) (-6.610954e-03 4.765578e+00 -2.810722e-02)) ((-1.932662e+02 -6.504128e-02 -7.189768e-01) (-8.210541e-01 -4.349835e-03 -1.554156e-03))
500.06        	((4.088138e+00 3.140973e+03 1.964677e+02) (-5.648365e-03 5.825948e+00 8.413385e-02)) ((-8.573490e+02 2.845775e-02 -7.180659e-01) (-7.499718e-01 -3.977395e-04 9.226618e-04))
500.07        	((-2.372323e+00 3.955141e+03 2.605171e+02) (5.937002e-03 4.570873e+00 6.415618e-02)) ((-7.762418e+02 7.507283e-01 -6.835736e-01) (-2.058629e-01 4.359412e-03 1.778928e-03))
500.08        	((-5.992144e+00 2.745079e+03 3.399567e+02) (9.131106e-03 3.282192e+00 9.187715e-02)) ((-3.015651e+02 1.385181e+00 -1.961826e-01) (2.516803e-01 4.332188e-03 1.542113e-03))
500.09        	((-3.698563e+00 1.084015e+03 3.358984e+02) (5.004745e-02 2.479090e+00 2.964090e-01)) ((6.960045e+01 1.804440e+00 3.002494e-01) (4.025763e-01 2.880520e-02 -7.157519e-03))
500.1         	((1.898283e+00 2.355636e+02 2.666438e+02) (2.358455e-02 2.752211e+00 3.222314e-01)) ((9.771983e+01 1.242945e+00 1.519639e-01) (2.813247e-02 1.761359e-02 -4.618004e-03))
500.11        	((4.898106e+00 4.469197e+02 1.972692e+02) (1.248398e-02 3.633699e+00 3.475501e-01)) ((-1.082722e+02 3.095123e-01 -1.099138e-01) (-2.910326e-01 8.010302e-03 -3.267756e-03))
500.12        	((3.970778e+00 1.182747e+03 1.706049e+02) (6.277071e-03 4.434799e+00 3.128007e-01)) ((-3.124282e+02 2.299192e-01 -4.513141e-02) (-4.715321e-01 3.952662e-03 -6.303821e-04))
500.13        	((1.339893e+00 1.746711e+03 1.823805e+02) (6.171946e-03 4.650378e+00 2.253526e-01)) ((-3.566098e+02 7.940380e-01 -1.786197e-02) (-3.764232e-01 4.306214e-03 4.020952e-04))
500.14        	((-2.894314e-02 1.827383e+03 2.003953e+02) (2.424735e-03 4.508749e+00 1.861047e-01)) ((-2.629666e+02 1.357433e+00 8.082061e-02) (-1.844513e-01 4.168660e-03 5.558982e-04))
500.15        	((-9.190062e-01 1.562462e+03 2.037881e+02) (9.233895e-03 4.363331e+00 1.906084e-01)) ((-1.498152e+02 1.210996e+00 9.340369e-02) (-9.643497e-02 5.306500e-03 3.211281e-04))
500.16        	((-9.978288e-01 1.258429e+03 1.863938e+02) (1.299447e-02 4.379381e+00 2.090356e-01)) ((-1.048869e+02 7.445036e-01 3.582608e-02) (-1.549954e-01 5.175477e-03 1.051093e-03))
500.17        	((-7.902888e-01 1.133899e+03 1.614504e+02) (1.320396e-02 4.513455e+00 1.988401e-01)) ((-1.354043e+02 6.519206e-02 -9.572936e-02) (-2.614697e-01 5.434012e-03 2.515984e-03))
500.18        	((3.482639e-01 1.204950e+03 1.417171e+02) (1.351829e-02 4.656275e+00 1.755767e-01)) ((-1.901001e+02 -2.096504e-01 -2.066958e-01) (-3.278878e-01 5.065793e-03 3.300592e-03))
500.19        	((1.714548e+00 1.350738e+03 1.333929e+02) (1.391003e-02 4.728240e+00 1.413281e-01)) ((-2.199496e+02 -1.229759e-02 -1.807634e-01) (-3.264781e-01 3.970710e-03 2.890041e-03))
500.2         	((2.404472e+00 1.448111e+03 1.333760e+02) (1.095009e-02 4.739332e+00 1.076343e-01)) ((-2.116695e+02 3.052644e-01 -4.626317e-02) (-2.835961e-01 3.410279e-03 2.257951e-03))
500.21        	((2.320161e+00 1.454448e+03 1.353240e+02) (8.395629e-03 4.726386e+00 8.674889e-02)) ((-1.830266e+02 4.034618e-01 3.368634e-02) (-2.523388e-01 3.659800e-03 2.460283e-03))
500.22        	((1.727845e+00 1.401351e+03 1.341051e+02) (8.262203e-03 4.719255e+00 7.734546e-02)) ((-1.596851e+02 1.725925e-01 3.307613e-02) (-2.451974e-01 3.411436e-03 2.084867e-03))
500.23        	((1.510294e+00 1.347847e+03 1.287277e+02) (8.166123e-03 4.721167e+00 6.543256e-02)) ((-1.541184e+02 -1.933504e-01 -3.152725e-02) (-2.583906e-01 3.710553e-03 2.350974e-03))
500.24        	((1.932940e+00 1.331193e+03 1.217135e+02) (7.603598e-03 4.733466e+00 4.926632e-02)) ((-1.625883e+02 -4.303147e-01 -6.367561e-02) (-2.740863e-01 3.303270e-03 2.717463e-03))
500.25        	((2.892989e+00 1.350736e+03 1.164704e+02) (6.694159e-03 4.739501e+00 2.727914e-02)) ((-1.738075e+02 -4.885081e-01 -4.017710e-02) (-2.794284e-01 2.914303e-03 2.979708e-03))
500.26        	((3.760349e+00 1.382901e+03 1.143337e+02) (6.513215e-03 4.726998e+00 5.148190e-03)) ((-1.792442e+02 -4.581632e-01 3.734159e-02) (-2.743777e-01 2.573961e-03 3.031683e-03))
500.27        	((4.205767e+00 1.404704e+03 1.145660e+02) (5.921788e-03 4.711740e+00 -1.335353e-02)) ((-1.774582e+02 -4.596410e-01 9.534687e-02) (-2.602654e-01 2.679757e-03 3.150999e-03))
500.28        	((4.328339e+00 1.407789e+03 1.155582e+02) (5.006081e-03 4.690813e+00 -2.592210e-02)) ((-1.722122e+02 -5.418093e-01 1.263241e-01) (-2.490963e-01 2.493908e-03 3.095736e-03))
500.29        	((4.459155e+00 1.398609e+03 1.160800e+02) (4.058105e-03 4.671233e+00 -3.536757e-02)) ((-1.680379e+02 -6.784996e-01 1.245092e-01) (-2.418432e-01 2.427454e-03 2.888753e-03))
500.3         	((4.781083e+00 1.389001e+03 1.159456e+02) (3.371187e-03 4.654854e+00 -4.397180e-02)) ((-1.670957e+02 -8.190542e-01 1.193611e-01) (-2.383480e-01 2.283660e-03 2.879055e-03))
500.31        	((5.291489e+00 1.386536e+03 1.157060e+02) (2.792638e-03 4.640528e+00 -5.313535e-02)) ((-1.688083e+02 -9.173835e-01 1.153942e-01) (-2.351090e-01 2.118097e-03 2.891951e-03))
500.32        	((5.852383e+00 1.391560e+03 1.159862e+02) (2.233316e-03 4.624076e+00 -6.182029e-02)) ((-1.714265e+02 -9.642259e-01 1.169672e-01) (-2.318643e-01 2.296797e-03 2.987196e-03))
500.33        	((6.396885e+00 1.399459e+03 1.169674e+02) (1.154708e-03 4.605637e+00 -6.939406e-02)) ((-1.733889e+02 -9.845533e-01 1.135935e-01) (-2.260847e-01 2.295502e-03 2.971294e-03))
500.34        	((6.917217e+00 1.405338e+03 1.184082e+02) (-2.942552e-04 4.582554e+00 -7.436242e-02)) ((-1.742749e+02 -1.003817e+00 1.093986e-01) (-2.206360e-01 2.162512e-03 2.995971e-03))
500.35        	((7.416662e+00 1.407337e+03 1.199861e+02) (-1.813743e-03 4.561630e+00 -7.574926e-02)) ((-1.743858e+02 -1.056361e+00 1.024259e-01) (-2.136221e-01 2.055599e-03 2.787241e-03))
500.36        	((7.958313e+00 1.406410e+03 1.214757e+02) (-3.575844e-03 4.538558e+00 -7.461112e-02)) ((-1.744083e+02 -1.144857e+00 9.750631e-02) (-2.095225e-01 1.914558e-03 2.654088e-03))
500.37        	((8.580310e+00 1.404874e+03 1.228803e+02) (-4.625855e-03 4.521294e+00 -7.219135e-02)) ((-1.746750e+02 -1.257130e+00 9.479163e-02) (-2.041968e-01 1.565164e-03 2.571078e-03))
500.38        	((9.318998e+00 1.404312e+03 1.242950e+02) (-5.964838e-03 4.503248e+00 -6.954635e-02)) ((-1.752838e+02 -1.372964e+00 9.749223e-02) (-2.014147e-01 1.369510e-03 2.439930e-03))
500.39        	((1.013712e+01 1.405045e+03 1.258242e+02) (-7.046627e-03 4.488170e+00 -6.698464e-02)) ((-1.760058e+02 -1.462345e+00 1.079601e-01) (-1.975888e-01 1.141787e-03 2.312180e-03))
500.4         	((1.099828e+01 1.406183e+03 1.274534e+02) (-8.147292e-03 4.471351e+00 -6.357486e-02)) ((-1.767370e+02 -1.524576e+00 1.241776e-01) (-1.950339e-01 1.190055e-03 2.067566e-03))
500.41        	((1.200039e+01 1.406973e+03 1.290923e+02) (-9.101202e-03 4.458236e+00 -5.860619e-02)) ((-1.773131e+02 -1.608397e+00 1.446143e-01) (-1.906141e-01 1.106781e-03 2.074370e-03))
500.42        	((1.303806e+01 1.406914e+03 1.306587e+02) (-9.228867e-03 4.441593e+00 -5.264491e-02)) ((-1.777997e+02 -1.714357e+00 1.720212e-01) (-1.882708e-01 8.565200e-04 2.263656e-03))
500.43        	((1.419701e+01 1.406346e+03 1.321273e+02) (-1.087327e-02 4.427526e+00 -4.669709e-02)) ((-1.781695e+02 -1.869427e+00 1.947179e-01) (-1.852376e-01 7.798970e-04 2.240030e-03))
500.44        	((1.530450e+01 1.405617e+03 1.335053e+02) (-1.278335e-02 4.410469e+00 -4.057110e-02)) ((-1.785255e+02 -2.015338e+00 2.178991e-01) (-1.848945e-01 8.630726e-04 2.447880e-03))
500.45        	((1.652686e+01 1.405148e+03 1.348323e+02) (-1.461372e-02 4.403149e+00 -3.456074e-02)) ((-1.788205e+02 -2.183534e+00 2.400272e-01) (-1.812203e-01 8.764444e-04 2.126071e-03))
500.46        	((1.787812e+01 1.404909e+03 1.360577e+02) (-1.596482e-02 4.392631e+00 -2.910180e-02)) ((-1.791595e+02 -2.375569e+00 2.608902e-01) (-1.796950e-01 8.655066e-04 2.091175e-03))
500.47        	((1.932091e+01 1.404855e+03 1.372320e+02) (-1.717833e-02 4.383909e+00 -2.429539e-02)) ((-1.795019e+02 -2.586993e+00 2.806966e-01) (-1.767722e-01 1.121479e-03 2.132929e-03))
500.48        	((2.082465e+01 1.404786e+03 1.383175e+02) (-1.818452e-02 4.372440e+00 -1.944985e-02)) ((-1.798964e+02 -2.812126e+00 2.983198e-01) (-1.750053e-01 1.066592e-03 1.858250e-03))
500.49        	((2.236362e+01 1.404744e+03 1.393626e+02) (-1.881789e-02 4.366395e+00 -1.528727e-02)) ((-1.802257e+02 -3.048519e+00 3.126191e-01) (-1.731316e-01 9.085574e-04 1.553162e-03))
500.5         	((2.390392e+01 1.404561e+03 1.402894e+02) (-1.938803e-02 4.358480e+00 -1.143301e-02)) ((-1.805045e+02 -3.274760e+00 3.200710e-01) (-1.729079e-01 9.166543e-04 1.487941e-03))
500.51        	((2.548406e+01 1.404413e+03 1.411605e+02) (-2.045989e-02 4.355021e+00 -8.700546e-03)) ((-1.806771e+02 -3.511224e+00 3.112594e-01) (-1.715844e-01 1.101018e-03 1.366375e-03))
500.52        	((2.713515e+01 1.404303e+03 1.419572e+02) (-2.129201e-02 4.350737e+00 -6.028245e-03)) ((-1.808610e+02 -3.762770e+00 2.933358e-01) (-1.721173e-01 1.324352e-03 1.230550e-03))
500.53        	((2.889169e+01 1.404312e+03 1.427457e+02) (-2.228530e-02 4.348143e+00 -3.845720e-03)) ((-1.810110e+02 -4.032248e+00 2.709259e-01) (-1.710628e-01 1.584627e-03 1.148412e-03))
500.54        	((3.074770e+01 1.404336e+03 1.435398e+02) (-2.274104e-02 4.341948e+00 -2.278568e-03)) ((-1.811738e+02 -4.320339e+00 2.405463e-01) (-1.711129e-01 1.851796e-03 1.013102e-03))
500.55        	((3.267734e+01 1.404483e+03 1.443295e+02) (-2.369622e-02 4.337883e+00 -1.616921e-03)) ((-1.812595e+02 -4.625428e+00 2.010506e-01) (-1.703218e-01 2.147755e-03 9.173681e-04))
500.56        	((3.465085e+01 1.404692e+03 1.450108e+02) (-2.582588e-02 4.334907e+00 -4.328603e-04)) ((-1.813438e+02 -4.946824e+00 1.485272e-01) (-1.705056e-01 2.547560e-03 9.990093e-04))
500.57        	((3.661336e+01 1.405061e+03 1.456705e+02) (-2.798169e-02 4.334262e+00 5.216049e-05)) ((-1.813810e+02 -5.279465e+00 8.553506e-02) (-1.697980e-01 2.935374e-03 1.050878e-03))
500.58        	((3.855380e+01 1.405501e+03 1.462906e+02) (-3.027850e-02 4.331659e+00 6.794681e-04)) ((-1.814463e+02 -5.617738e+00 1.162960e-02) (-1.704360e-01 3.277616e-03 1.161897e-03))
500.59        	((4.044591e+01 1.406059e+03 1.468713e+02) (-3.183188e-02 4.332226e+00 7.602604e-04)) ((-1.814741e+02 -5.952145e+00 -7.386081e-02) (-1.699247e-01 3.567826e-03 1.216701e-03))
500.6         	((4.224529e+01 1.406620e+03 1.473515e+02) (-3.327355e-02 4.331491e+00 1.013853e-03)) ((-1.815190e+02 -6.272101e+00 -1.705342e-01) (-1.705258e-01 3.846154e-03 1.243869e-03))
500.61        	((4.393092e+01 1.407202e+03 1.477713e+02) (-3.463072e-02 4.332706e+00 1.239707e-03)) ((-1.815279e+02 -6.570404e+00 -2.715441e-01) (-1.699463e-01 4.175795e-03 1.219354e-03))
500.62        	((4.548904e+01 1.407693e+03 1.481389e+02) (-3.563524e-02 4.332229e+00 1.377756e-03)) ((-1.815828e+02 -6.839160e+00 -3.673730e-01) (-1.707964e-01 4.439576e-03 1.250833e-03))
500.63        	((4.691486e+01 1.408198e+03 1.484919e+02) (-3.643514e-02 4.333911e+00 9.471848e-04)) ((-1.816222e+02 -7.077099e+00 -4.574724e-01) (-1.706008e-01 4.720478e-03 1.294796e-03))
500.64        	((4.820266e+01 1.408656e+03 1.488304e+02) (-3.728070e-02 4.334102e+00 3.228326e-04)) ((-1.817094e+02 -7.277734e+00 -5.383707e-01) (-1.717922e-01 4.881717e-03 1.387369e-03))
500.65        	((4.932794e+01 1.409146e+03 1.491935e+02) (-3.830222e-02 4.335848e+00 -7.795913e-04)) ((-1.817852e+02 -7.439452e+00 -6.064597e-01) (-1.718458e-01 5.088035e-03 1.446520e-03))
500.66        	((5.025751e+01 1.409621e+03 1.495490e+02) (-3.939827e-02 4.335846e+00 -2.074574e-03)) ((-1.819101e+02 -7.560842e+00 -6.611442e-01) (-1.730797e-01 5.246504e-03 1.570490e-03))
500.67        	((5.099032e+01 1.410135e+03 1.498881e+02) (-4.060251e-02 4.337756e+00 -3.408157e-03)) ((-1.820051e+02 -7.641776e+00 -7.085775e-01) (-1.733754e-01 5.463876e-03 1.671583e-03))
500.68        	((5.152934e+01 1.410573e+03 1.501856e+02) (-4.161141e-02 4.337840e+00 -4.626409e-03)) ((-1.821328e+02 -7.682648e+00 -7.498781e-01) (-1.748735e-01 5.619472e-03 1.772051e-03))
500.69        	((5.189141e+01 1.411012e+03 1.504495e+02) (-4.249454e-02 4.338977e+00 -6.185395e-03)) ((-1.822550e+02 -7.688037e+00 -7.858562e-01) (-1.751230e-01 5.791278e-03 1.811754e-03))
500.7         	((5.207748e+01 1.411413e+03 1.506716e+02) (-4.307357e-02 4.338488e+00 -7.410113e-03)) ((-1.824499e+02 -7.657798e+00 -8.157366e-01) (-1.765576e-01 5.880308e-03 1.853057e-03))
500.71        	((5.209036e+01 1.411851e+03 1.508736e+02) (-4.357785e-02 4.339197e+00 -8.638358e-03)) ((-1.826581e+02 -7.589737e+00 -8.391524e-01) (-1.768187e-01 5.977845e-03 1.856755e-03))
500.72        	((5.195209e+01 1.412256e+03 1.510680e+02) (-4.419569e-02 4.338306e+00 -9.707909e-03)) ((-1.829313e+02 -7.486209e+00 -8.550257e-01) (-1.781678e-01 6.074712e-03 1.875553e-03))
500.73        	((5.167726e+01 1.412674e+03 1.512917e+02) (-4.487188e-02 4.338446e+00 -1.065060e-02)) ((-1.831857e+02 -7.354360e+00 -8.637741e-01) (-1.784036e-01 6.132761e-03 1.833712e-03))
500.74        	((5.128515e+01 1.413038e+03 1.515271e+02) (-4.554335e-02 4.336354e+00 -1.146036e-02)) ((-1.834495e+02 -7.207718e+00 -8.689243e-01) (-1.798647e-01 6.225347e-03 1.735087e-03))
500.75        	((5.077483e+01 1.413412e+03 1.517763e+02) (-4.632080e-02 4.335755e+00 -1.261233e-02)) ((-1.836491e+02 -7.047728e+00 -8.676268e-01) (-1.802208e-01 6.332287e-03 1.599624e-03))
500.76        	((5.016589e+01 1.413674e+03 1.519988e+02) (-4.754308e-02 4.335206e+00 -1.394510e-02)) ((-1.838218e+02 -6.879812e+00 -8.594459e-01) (-1.814780e-01 6.473010e-03 1.556629e-03))
500.77        	((4.944261e+01 1.413912e+03 1.522468e+02) (-4.871757e-02 4.336423e+00 -1.544021e-02)) ((-1.839500e+02 -6.699555e+00 -8.467129e-01) (-1.815127e-01 6.614940e-03 1.493691e-03))
500.78        	((4.861081e+01 1.414092e+03 1.525208e+02) (-4.975041e-02 4.336437e+00 -1.690613e-02)) ((-1.841128e+02 -6.508534e+00 -8.354725e-01) (-1.826496e-01 6.656359e-03 1.445546e-03))
500.79        	((4.768547e+01 1.414272e+03 1.528385e+02) (-5.063281e-02 4.337754e+00 -1.812543e-02)) ((-1.842548e+02 -6.307144e+00 -8.248862e-01) (-1.826560e-01 6.655519e-03 1.353720e-03))
500.8         	((4.670943e+01 1.414373e+03 1.531707e+02) (-5.154632e-02 4.337332e+00 -1.889741e-02)) ((-1.844078e+02 -6.104700e+00 -8.175793e-01) (-1.837938e-01 6.646962e-03 1.240885e-03))
500.81        	((4.570057e+01 1.414456e+03 1.534975e+02) (-5.220486e-02 4.338591e+00 -1.948419e-02)) ((-1.845075e+02 -5.901599e+00 -8.118572e-01) (-1.835628e-01 6.537545e-03 1.143710e-03))
500.82        	((4.466713e+01 1.414460e+03 1.537983e+02) (-5.285199e-02 4.338616e+00 -2.011345e-02)) ((-1.846149e+02 -5.706976e+00 -8.100973e-01) (-1.843650e-01 6.364375e-03 9.835682e-04))
500.83        	((4.361189e+01 1.414468e+03 1.540958e+02) (-5.341461e-02 4.340642e+00 -2.072964e-02)) ((-1.846884e+02 -5.511856e+00 -8.050451e-01) (-1.841283e-01 6.113184e-03 8.212478e-04))
500.84        	((4.256088e+01 1.414424e+03 1.543439e+02) (-5.398087e-02 4.340812e+00 -2.124341e-02)) ((-1.847915e+02 -5.319600e+00 -8.011494e-01) (-1.848585e-01 5.954559e-03 7.981585e-04))
500.85        	((4.149231e+01 1.414405e+03 1.545402e+02) (-5.423050e-02 4.342132e+00 -2.169052e-02)) ((-1.848736e+02 -5.125132e+00 -7.967535e-01) (-1.842861e-01 5.707121e-03 6.312199e-04))
500.86        	((4.042789e+01 1.414359e+03 1.546781e+02) (-5.444735e-02 4.341894e+00 -2.226787e-02)) ((-1.849991e+02 -4.936109e+00 -7.963786e-01) (-1.851575e-01 5.459692e-03 4.755913e-04))
500.87        	((3.935871e+01 1.414388e+03 1.547454e+02) (-5.457398e-02 4.343352e+00 -2.297744e-02)) ((-1.851063e+02 -4.749576e+00 -7.963799e-01) (-1.847905e-01 5.192442e-03 3.012535e-04))
500.88        	((3.829944e+01 1.414433e+03 1.547090e+02) (-5.499640e-02 4.343119e+00 -2.350689e-02)) ((-1.852762e+02 -4.576991e+00 -8.053597e-01) (-1.855874e-01 4.993299e-03 1.909925e-04))
500.89        	((3.719763e+01 1.414580e+03 1.546017e+02) (-5.519778e-02 4.343982e+00 -2.385321e-02)) ((-1.854575e+02 -4.405221e+00 -8.151921e-01) (-1.852234e-01 4.575775e-03 -3.577428e-05))
500.9         	((3.608409e+01 1.414735e+03 1.544678e+02) (-5.527597e-02 4.343782e+00 -2.420111e-02)) ((-1.857073e+02 -4.236779e+00 -8.230544e-01) (-1.863513e-01 4.222868e-03 -1.952641e-04))
500.91        	((3.496259e+01 1.414951e+03 1.543141e+02) (-5.535161e-02 4.345487e+00 -2.451559e-02)) ((-1.859322e+02 -4.065811e+00 -8.240893e-01) (-1.861170e-01 4.053591e-03 -2.976943e-04))
500.92        	((3.381543e+01 1.415111e+03 1.541264e+02) (-5.536296e-02 4.345475e+00 -2.464999e-02)) ((-1.861836e+02 -3.900264e+00 -8.263035e-01) (-1.870677e-01 3.831305e-03 -4.286770e-04))
500.93        	((3.260949e+01 1.415273e+03 1.539277e+02) (-5.508704e-02 4.346683e+00 -2.491134e-02)) ((-1.863933e+02 -3.725561e+00 -8.254625e-01) (-1.869175e-01 3.451621e-03 -6.268739e-04))
500.94        	((3.135365e+01 1.415359e+03 1.537288e+02) (-5.503467e-02 4.346522e+00 -2.542786e-02)) ((-1.866212e+02 -3.548683e+00 -8.256570e-01) (-1.879718e-01 3.256362e-03 -7.901908e-04))
500.95        	((3.005414e+01 1.415458e+03 1.535422e+02) (-5.489566e-02 4.348065e+00 -2.606070e-02)) ((-1.868006e+02 -3.365641e+00 -8.221888e-01) (-1.877478e-01 3.094473e-03 -9.536412e-04))
500.96        	((2.873201e+01 1.415491e+03 1.533652e+02) (-5.475211e-02 4.348082e+00 -2.677870e-02)) ((-1.869924e+02 -3.184032e+00 -8.201590e-01) (-1.887318e-01 2.979876e-03 -1.117119e-03))
500.97        	((2.738037e+01 1.415528e+03 1.532084e+02) (-5.414851e-02 4.349366e+00 -2.772320e-02)) ((-1.871347e+02 -2.994872e+00 -8.142640e-01) (-1.886303e-01 2.749626e-03 -1.291073e-03))
500.98        	((2.601042e+01 1.415507e+03 1.530487e+02) (-5.376538e-02 4.348989e+00 -2.904365e-02)) ((-1.872888e+02 -2.808488e+00 -8.086376e-01) (-1.897547e-01 2.546067e-03 -1.371808e-03))
500.99        	((2.463245e+01 1.415513e+03 1.528840e+02) (-5.342685e-02 4.350178e+00 -3.032338e-02)) ((-1.873947e+02 -2.625455e+00 -8.028254e-01) (-1.895102e-01 2.481418e-03 -1.453491e-03))
501           	((2.327510e+01 1.415491e+03 1.527100e+02) (-5.333193e-02 4.349723e+00 -3.157212e-02)) ((-1.875226e+02 -2.453724e+00 -8.009540e-01) (-1.904199e-01 2.454905e-03 -1.496547e-03))
501.01        	((2.194595e+01 1.415536e+03 1.525428e+02) (-5.308656e-02 4.350482e+00 -3.287583e-02)) ((-1.876228e+02 -2.290287e+00 -7.996681e-01) (-1.902183e-01 2.362075e-03 -1.520842e-03))
501.02        	((2.067355e+01 1.415594e+03 1.523632e+02) (-5.312179e-02 4.349587e+00 -3.432930e-02)) ((-1.877531e+02 -2.143742e+00 -8.024506e-01) (-1.911556e-01 2.283947e-03 -1.425235e-03))
501.03        	((1.948807e+01 1.415753e+03 1.521649e+02) (-5.330075e-02 4.349868e+00 -3.565521e-02)) ((-1.878559e+02 -2.012689e+00 -8.119236e-01) (-1.905848e-01 2.345135e-03 -1.255068e-03))
501.04        	((1.838340e+01 1.415956e+03 1.519395e+02) (-5.353756e-02 4.348530e+00 -3.624347e-02)) ((-1.880019e+02 -1.897027e+00 -8.340513e-01) (-1.911377e-01 2.338766e-03 -1.050174e-03))
501.05        	((1.732594e+01 1.416265e+03 1.516947e+02) (-5.289536e-02 4.347558e+00 -3.708539e-02)) ((-1.881402e+02 -1.797005e+00 -8.647871e-01) (-1.901202e-01 2.388596e-03 -6.089697e-04))
501.06        	((1.629144e+01 1.416566e+03 1.514501e+02) (-5.269640e-02 4.347012e+00 -3.807511e-02)) ((-1.883031e+02 -1.723517e+00 -8.855461e-01) (-1.911215e-01 2.449254e-03 -8.853936e-04))
501.07        	((1.535216e+01 1.416910e+03 1.511991e+02) (-5.231013e-02 4.346581e+00 -3.876071e-02)) ((-1.884237e+02 -1.664012e+00 -8.791095e-01) (-1.901729e-01 2.459148e-03 -9.603971e-04))
501.08        	((1.453941e+01 1.417242e+03 1.509486e+02) (-5.190436e-02 4.344331e+00 -3.954503e-02)) ((-1.885667e+02 -1.610971e+00 -8.587541e-01) (-1.903733e-01 2.308676e-03 -1.064902e-03))
501.09        	((1.382394e+01 1.417601e+03 1.507404e+02) (-5.130870e-02 4.345562e+00 -4.026403e-02)) ((-1.886622e+02 -1.558592e+00 -8.438847e-01) (-1.902481e-01 2.200735e-03 -7.797933e-04))
501.1         	((1.316749e+01 1.417898e+03 1.505259e+02) (-5.078878e-02 4.344404e+00 -4.112198e-02)) ((-1.887550e+02 -1.531835e+00 -8.435377e-01) (-1.911107e-01 2.167724e-03 -8.662618e-04))
501.11        	((1.257710e+01 1.418213e+03 1.503261e+02) (-5.003549e-02 4.344037e+00 -4.193483e-02)) ((-1.887932e+02 -1.532265e+00 -8.443972e-01) (-1.909804e-01 2.173155e-03 -8.389129e-04))
501.12        	((1.203423e+01 1.418461e+03 1.501392e+02) (-4.939044e-02 4.342595e+00 -4.264277e-02)) ((-1.888407e+02 -1.545363e+00 -8.402705e-01) (-1.918856e-01 2.274305e-03 -8.921272e-04))
501.13        	((1.146117e+01 1.418683e+03 1.499937e+02) (-4.897915e-02 4.344532e+00 -4.302856e-02)) ((-1.888479e+02 -1.532814e+00 -8.259446e-01) (-1.911837e-01 2.622421e-03 -1.175761e-03))
501.14        	((1.092929e+01 1.418805e+03 1.498699e+02) (-4.820774e-02 4.344442e+00 -4.325724e-02)) ((-1.888805e+02 -1.522139e+00 -8.056116e-01) (-1.918865e-01 2.946571e-03 -1.267162e-03))
501.15        	((1.044086e+01 1.418906e+03 1.497739e+02) (-4.724843e-02 4.345931e+00 -4.338968e-02)) ((-1.888865e+02 -1.511745e+00 -7.795050e-01) (-1.912935e-01 3.200505e-03 -1.439703e-03))
501.16        	((1.000282e+01 1.418929e+03 1.496829e+02) (-4.605773e-02 4.345308e+00 -4.348838e-02)) ((-1.889156e+02 -1.504057e+00 -7.526638e-01) (-1.920408e-01 3.349878e-03 -1.551564e-03))
501.17        	((9.574271e+00 1.418950e+03 1.496091e+02) (-4.481221e-02 4.346223e+00 -4.358249e-02)) ((-1.889026e+02 -1.480848e+00 -7.237200e-01) (-1.915215e-01 3.469346e-03 -1.708811e-03))
501.18        	((9.154924e+00 1.418909e+03 1.495497e+02) (-4.366099e-02 4.345508e+00 -4.349047e-02)) ((-1.889043e+02 -1.440401e+00 -6.938938e-01) (-1.922176e-01 3.645482e-03 -1.867258e-03))
501.19        	((8.735292e+00 1.418881e+03 1.495277e+02) (-4.270135e-02 4.346262e+00 -4.326871e-02)) ((-1.888706e+02 -1.378590e+00 -6.604380e-01) (-1.916655e-01 3.898240e-03 -2.023750e-03))
501.2         	((8.322671e+00 1.418806e+03 1.495271e+02) (-4.177340e-02 4.345294e+00 -4.286238e-02)) ((-1.888687e+02 -1.299717e+00 -6.239229e-01) (-1.923667e-01 4.170345e-03 -2.160562e-03))
501.21        	((7.917009e+00 1.418763e+03 1.495536e+02) (-4.086258e-02 4.345806e+00 -4.231779e-02)) ((-1.888396e+02 -1.202643e+00 -5.825115e-01) (-1.917851e-01 4.464472e-03 -2.266718e-03))
501.22        	((7.523346e+00 1.418663e+03 1.495935e+02) (-4.006945e-02 4.344752e+00 -4.154773e-02)) ((-1.888411e+02 -1.091539e+00 -5.386588e-01) (-1.924021e-01 4.780946e-03 -2.362064e-03))
501.23        	((7.150480e+00 1.418582e+03 1.496536e+02) (-3.928664e-02 4.345125e+00 -4.057512e-02)) ((-1.888097e+02 -9.673596e-01 -4.936908e-01) (-1.918017e-01 5.107239e-03 -2.432484e-03))
501.24        	((6.824689e+00 1.418467e+03 1.497284e+02) (-3.850104e-02 4.343932e+00 -3.937501e-02)) ((-1.887935e+02 -8.446754e-01 -4.549555e-01) (-1.924045e-01 5.461990e-03 -2.517080e-03))
501.25        	((6.520522e+00 1.418364e+03 1.498145e+02) (-3.748688e-02 4.343757e+00 -3.796539e-02)) ((-1.887570e+02 -7.033374e-01 -4.086999e-01) (-1.918817e-01 5.771795e-03 -2.586580e-03))
501.26        	((6.263578e+00 1.418253e+03 1.499186e+02) (-3.669501e-02 4.342328e+00 -3.639570e-02)) ((-1.887460e+02 -5.605938e-01 -3.620084e-01) (-1.924857e-01 6.138428e-03 -2.650035e-03))
501.27        	((6.033747e+00 1.418187e+03 1.500458e+02) (-3.584279e-02 4.342225e+00 -3.471719e-02)) ((-1.887144e+02 -4.015639e-01 -3.068549e-01) (-1.919557e-01 6.460094e-03 -2.679801e-03))
501.28        	((5.844742e+00 1.418098e+03 1.501893e+02) (-3.524596e-02 4.340672e+00 -3.290764e-02)) ((-1.887100e+02 -2.388104e-01 -2.510893e-01) (-1.926074e-01 6.873373e-03 -2.736299e-03))
501.29        	((5.714904e+00 1.418087e+03 1.503692e+02) (-3.468514e-02 4.340559e+00 -3.115054e-02)) ((-1.886592e+02 -9.393461e-02 -2.039916e-01) (-1.921308e-01 7.268669e-03 -2.790508e-03))
501.3         	((5.643838e+00 1.418077e+03 1.505666e+02) (-3.402190e-02 4.338290e+00 -2.918181e-02)) ((-1.886319e+02 4.898305e-02 -1.537557e-01) (-1.928756e-01 7.583083e-03 -2.898697e-03))
501.31        	((5.626431e+00 1.418136e+03 1.507814e+02) (-3.330476e-02 4.337164e+00 -2.709807e-02)) ((-1.885711e+02 1.800225e-01 -1.042299e-01) (-1.924905e-01 7.864306e-03 -3.038673e-03))
501.32        	((5.631938e+00 1.418175e+03 1.509843e+02) (-3.316064e-02 4.335739e+00 -2.472809e-02)) ((-1.885468e+02 3.159495e-01 -5.141775e-02) (-1.929676e-01 8.302483e-03 -3.143620e-03))
501.33        	((5.659612e+00 1.418251e+03 1.511978e+02) (-3.316606e-02 4.335805e+00 -2.237512e-02)) ((-1.884984e+02 4.393421e-01 -3.226572e-03) (-1.923515e-01 8.774435e-03 -3.248968e-03))
501.34        	((5.711950e+00 1.418296e+03 1.514004e+02) (-3.324768e-02 4.334222e+00 -1.997185e-02)) ((-1.884791e+02 5.500683e-01 3.944134e-02) (-1.929200e-01 9.253727e-03 -3.403767e-03))
501.35        	((5.795891e+00 1.418391e+03 1.515989e+02) (-3.308519e-02 4.334066e+00 -1.750826e-02)) ((-1.884294e+02 6.659808e-01 8.242182e-02) (-1.922776e-01 9.538318e-03 -3.542892e-03))
501.36        	((5.932063e+00 1.418424e+03 1.517849e+02) (-3.321292e-02 4.332500e+00 -1.491667e-02)) ((-1.884094e+02 7.680684e-01 1.201336e-01) (-1.927895e-01 9.925730e-03 -3.690942e-03))
501.37        	((6.126773e+00 1.418481e+03 1.519734e+02) (-3.341800e-02 4.332338e+00 -1.249122e-02)) ((-1.883693e+02 8.570884e-01 1.523701e-01) (-1.922899e-01 1.035281e-02 -3.835106e-03))
501.38        	((6.378923e+00 1.418524e+03 1.521584e+02) (-3.354238e-02 4.331259e+00 -1.047312e-02)) ((-1.883690e+02 9.349678e-01 1.795105e-01) (-1.928615e-01 1.078360e-02 -4.005205e-03))
501.39        	((6.656828e+00 1.418624e+03 1.523390e+02) (-3.319148e-02 4.332272e+00 -8.994329e-03)) ((-1.883437e+02 1.014792e+00 2.062582e-01) (-1.921429e-01 1.091926e-02 -4.127484e-03))
501.4         	((6.954602e+00 1.418686e+03 1.524939e+02) (-3.319019e-02 4.332041e+00 -7.952245e-03)) ((-1.883492e+02 1.094325e+00 2.298945e-01) (-1.925842e-01 1.118953e-02 -4.243959e-03))
501.41        	((7.273299e+00 1.418763e+03 1.526246e+02) (-3.351328e-02 4.333165e+00 -7.525415e-03)) ((-1.883358e+02 1.172141e+00 2.477109e-01) (-1.921125e-01 1.148781e-02 -4.328980e-03))
501.42        	((7.624372e+00 1.418788e+03 1.527228e+02) (-3.414755e-02 4.332824e+00 -7.646229e-03)) ((-1.883591e+02 1.244666e+00 2.573939e-01) (-1.928708e-01 1.184054e-02 -4.447349e-03))
501.43        	((7.997715e+00 1.418840e+03 1.528151e+02) (-3.460181e-02 4.334056e+00 -8.351703e-03)) ((-1.883547e+02 1.318471e+00 2.636753e-01) (-1.925198e-01 1.196401e-02 -4.559971e-03))
501.44        	((8.389367e+00 1.418835e+03 1.528977e+02) (-3.516747e-02 4.334013e+00 -9.347748e-03)) ((-1.883707e+02 1.391969e+00 2.662376e-01) (-1.932482e-01 1.214715e-02 -4.693987e-03))
501.45        	((8.781515e+00 1.418831e+03 1.529704e+02) (-3.574268e-02 4.335381e+00 -1.057099e-02)) ((-1.883515e+02 1.467705e+00 2.653275e-01) (-1.929238e-01 1.230011e-02 -4.827056e-03))
501.46        	((9.167677e+00 1.418754e+03 1.530080e+02) (-3.637087e-02 4.335278e+00 -1.183257e-02)) ((-1.883580e+02 1.537955e+00 2.577396e-01) (-1.936731e-01 1.260849e-02 -4.957400e-03))
501.47        	((9.514714e+00 1.418705e+03 1.530242e+02) (-3.702908e-02 4.336544e+00 -1.342875e-02)) ((-1.883491e+02 1.598751e+00 2.420187e-01) (-1.935451e-01 1.290616e-02 -5.141201e-03))
501.48        	((9.820767e+00 1.418669e+03 1.529841e+02) (-3.737130e-02 4.336581e+00 -1.497915e-02)) ((-1.883785e+02 1.656068e+00 2.229206e-01) (-1.942227e-01 1.308105e-02 -5.226393e-03))
501.49        	((1.006312e+01 1.418681e+03 1.529424e+02) (-3.788136e-02 4.338213e+00 -1.684829e-02)) ((-1.883829e+02 1.711436e+00 2.014889e-01) (-1.939924e-01 1.312425e-02 -5.449489e-03))
501.5         	((1.027165e+01 1.418652e+03 1.528711e+02) (-3.843161e-02 4.338070e+00 -1.841842e-02)) ((-1.884108e+02 1.757070e+00 1.766742e-01) (-1.947170e-01 1.346563e-02 -5.545473e-03))
501.51        	((1.042137e+01 1.418643e+03 1.527942e+02) (-3.899093e-02 4.339384e+00 -2.058400e-02)) ((-1.884144e+02 1.787938e+00 1.455605e-01) (-1.945517e-01 1.363340e-02 -5.712144e-03))
501.52        	((1.050191e+01 1.418601e+03 1.526957e+02) (-3.909813e-02 4.339095e+00 -2.275798e-02)) ((-1.884454e+02 1.798009e+00 1.062126e-01) (-1.953256e-01 1.393789e-02 -5.826325e-03))
501.53        	((1.047893e+01 1.418584e+03 1.526054e+02) (-3.885366e-02 4.340609e+00 -2.516246e-02)) ((-1.884403e+02 1.795788e+00 6.286691e-02) (-1.950551e-01 1.402215e-02 -6.056379e-03))
501.54        	((1.037751e+01 1.418515e+03 1.525018e+02) (-3.864171e-02 4.340612e+00 -2.708427e-02)) ((-1.884517e+02 1.778577e+00 1.428931e-02) (-1.957462e-01 1.433091e-02 -6.206122e-03))
501.55        	((1.019312e+01 1.418469e+03 1.523963e+02) (-3.869839e-02 4.341884e+00 -2.896774e-02)) ((-1.884381e+02 1.743541e+00 -4.045982e-02) (-1.954695e-01 1.458395e-02 -6.332504e-03))
501.56        	((9.920323e+00 1.418376e+03 1.522866e+02) (-3.881977e-02 4.341861e+00 -3.080356e-02)) ((-1.884505e+02 1.688085e+00 -1.027281e-01) (-1.963774e-01 1.481269e-02 -6.536905e-03))
501.57        	((9.549796e+00 1.418322e+03 1.521691e+02) (-3.841682e-02 4.343434e+00 -3.228626e-02)) ((-1.884258e+02 1.623247e+00 -1.679226e-01) (-1.959172e-01 1.478370e-02 -6.675633e-03))
501.58        	((9.096585e+00 1.418231e+03 1.520396e+02) (-3.840262e-02 4.343619e+00 -3.339778e-02)) ((-1.884213e+02 1.546212e+00 -2.384589e-01) (-1.964628e-01 1.484418e-02 -6.778262e-03))
501.59        	((8.569129e+00 1.418153e+03 1.519215e+02) (-3.856251e-02 4.345253e+00 -3.441324e-02)) ((-1.883847e+02 1.457288e+00 -3.134695e-01) (-1.960343e-01 1.483090e-02 -6.925521e-03))
501.6         	((7.987179e+00 1.418032e+03 1.518141e+02) (-3.897080e-02 4.345196e+00 -3.519009e-02)) ((-1.883798e+02 1.348306e+00 -3.940616e-01) (-1.967564e-01 1.489191e-02 -7.101460e-03))
501.61        	((7.348623e+00 1.417953e+03 1.517429e+02) (-3.933140e-02 4.346118e+00 -3.582164e-02)) ((-1.883510e+02 1.223614e+00 -4.770505e-01) (-1.964182e-01 1.476638e-02 -7.250776e-03))
501.62        	((6.639396e+00 1.417863e+03 1.517148e+02) (-3.963271e-02 4.345826e+00 -3.617094e-02)) ((-1.883381e+02 1.089291e+00 -5.593901e-01) (-1.969341e-01 1.437534e-02 -7.353355e-03))
501.63        	((5.855849e+00 1.417799e+03 1.517500e+02) (-4.033973e-02 4.346714e+00 -3.630853e-02)) ((-1.882859e+02 9.456021e-01 -6.428512e-01) (-1.963829e-01 1.390074e-02 -7.413520e-03))
501.64        	((5.010055e+00 1.417692e+03 1.518483e+02) (-4.149660e-02 4.346216e+00 -3.647080e-02)) ((-1.882596e+02 7.877605e-01 -7.305317e-01) (-1.970693e-01 1.347725e-02 -7.498830e-03))
501.65        	((4.093071e+00 1.417630e+03 1.520158e+02) (-4.278114e-02 4.346968e+00 -3.668678e-02)) ((-1.882187e+02 6.212022e-01 -8.205534e-01) (-1.967743e-01 1.291667e-02 -7.631647e-03))
501.66        	((3.106667e+00 1.417569e+03 1.522375e+02) (-4.393544e-02 4.346672e+00 -3.703824e-02)) ((-1.882176e+02 4.523320e-01 -9.088806e-01) (-1.974903e-01 1.214531e-02 -7.712875e-03))
501.67        	((2.043692e+00 1.417563e+03 1.524829e+02) (-4.524495e-02 4.347899e+00 -3.685896e-02)) ((-1.881966e+02 2.921360e-01 -9.909364e-01) (-1.968872e-01 1.120819e-02 -7.816581e-03))
501.68        	((9.516930e-01 1.417507e+03 1.527682e+02) (-4.666293e-02 4.348317e+00 -3.630530e-02)) ((-1.881993e+02 1.391828e-01 -1.068650e+00) (-1.974274e-01 1.047936e-02 -7.803072e-03))
501.69        	((-1.625702e-01 1.417450e+03 1.530924e+02) (-4.826471e-02 4.349354e+00 -3.495639e-02)) ((-1.881727e+02 1.786045e-03 -1.141842e+00) (-1.967270e-01 9.534095e-03 -7.937129e-03))
501.7         	((-1.260873e+00 1.417343e+03 1.534599e+02) (-4.968646e-02 4.349242e+00 -3.404669e-02)) ((-1.881832e+02 -1.275275e-01 -1.211488e+00) (-1.974007e-01 8.978426e-03 -7.930385e-03))
501.71        	((-2.382746e+00 1.417266e+03 1.538056e+02) (-5.103791e-02 4.349926e+00 -3.295794e-02)) ((-1.881841e+02 -2.485069e-01 -1.276255e+00) (-1.968251e-01 8.067260e-03 -8.147513e-03))
501.72        	((-3.573893e+00 1.417205e+03 1.541387e+02) (-5.182921e-02 4.350263e+00 -3.262800e-02)) ((-1.882413e+02 -3.774308e-01 -1.342911e+00) (-1.975733e-01 7.444235e-03 -8.149178e-03))
501.73        	((-4.805182e+00 1.417196e+03 1.544604e+02) (-5.272169e-02 4.351627e+00 -3.203390e-02)) ((-1.882678e+02 -4.955096e-01 -1.401648e+00) (-1.969558e-01 6.468692e-03 -8.242526e-03))
501.74        	((-5.981850e+00 1.417135e+03 1.547986e+02) (-5.352311e-02 4.351707e+00 -3.168117e-02)) ((-1.883085e+02 -6.013106e-01 -1.448442e+00) (-1.976625e-01 5.911435e-03 -8.184924e-03))
501.75        	((-7.076029e+00 1.417103e+03 1.551537e+02) (-5.444059e-02 4.352576e+00 -3.111939e-02)) ((-1.883149e+02 -6.907067e-01 -1.482275e+00) (-1.971399e-01 5.229549e-03 -8.212039e-03))
501.76        	((-8.072747e+00 1.417049e+03 1.555218e+02) (-5.523156e-02 4.352295e+00 -3.071345e-02)) ((-1.883550e+02 -7.683624e-01 -1.507977e+00) (-1.979217e-01 4.827901e-03 -8.078024e-03))
501.77        	((-9.010143e+00 1.417047e+03 1.558826e+02) (-5.587800e-02 4.353174e+00 -3.040670e-02)) ((-1.883760e+02 -8.370810e-01 -1.528814e+00) (-1.975190e-01 4.290923e-03 -8.029944e-03))
501.78        	((-9.913348e+00 1.417036e+03 1.562013e+02) (-5.584937e-02 4.352910e+00 -3.018304e-02)) ((-1.884295e+02 -8.960743e-01 -1.544204e+00) (-1.981389e-01 3.828449e-03 -8.054955e-03))
501.79        	((-1.076514e+01 1.417081e+03 1.565311e+02) (-5.572690e-02 4.354343e+00 -3.003934e-02)) ((-1.884460e+02 -9.362459e-01 -1.549021e+00) (-1.976200e-01 3.385387e-03 -7.928219e-03))
501.8         	((-1.154108e+01 1.417108e+03 1.568703e+02) (-5.588535e-02 4.354239e+00 -2.981375e-02)) ((-1.884853e+02 -9.626438e-01 -1.545752e+00) (-1.982091e-01 3.031657e-03 -7.833453e-03))
501.81        	((-1.222792e+01 1.417188e+03 1.572262e+02) (-5.603710e-02 4.355327e+00 -2.964713e-02)) ((-1.884924e+02 -9.738122e-01 -1.534756e+00) (-1.977241e-01 2.679197e-03 -7.724069e-03))
501.82        	((-1.281561e+01 1.417245e+03 1.575861e+02) (-5.621765e-02 4.354873e+00 -2.948452e-02)) ((-1.885226e+02 -9.737406e-01 -1.518572e+00) (-1.983627e-01 2.470736e-03 -7.646746e-03))
501.83        	((-1.332028e+01 1.417325e+03 1.579542e+02) (-5.614480e-02 4.356157e+00 -2.949111e-02)) ((-1.885093e+02 -9.608953e-01 -1.498936e+00) (-1.979566e-01 2.218068e-03 -7.484578e-03))
501.84        	((-1.375932e+01 1.417352e+03 1.583044e+02) (-5.588152e-02 4.356188e+00 -2.923960e-02)) ((-1.885081e+02 -9.423103e-01 -1.480120e+00) (-1.986654e-01 2.092261e-03 -7.371595e-03))
501.85        	((-1.415064e+01 1.417422e+03 1.586394e+02) (-5.536092e-02 4.357674e+00 -2.873938e-02)) ((-1.884643e+02 -9.154364e-01 -1.460488e+00) (-1.982298e-01 1.989494e-03 -7.266638e-03))
501.86        	((-1.449166e+01 1.417498e+03 1.589540e+02) (-5.465937e-02 4.357903e+00 -2.790828e-02)) ((-1.884431e+02 -8.802595e-01 -1.439546e+00) (-1.987709e-01 1.994681e-03 -7.215234e-03))
501.87        	((-1.477296e+01 1.417667e+03 1.592655e+02) (-5.386884e-02 4.359775e+00 -2.681116e-02)) ((-1.883944e+02 -8.311215e-01 -1.415958e+00) (-1.981538e-01 1.991535e-03 -7.073193e-03))
501.88        	((-1.499892e+01 1.417807e+03 1.595586e+02) (-5.326503e-02 4.360120e+00 -2.551203e-02)) ((-1.883722e+02 -7.816118e-01 -1.396713e+00) (-1.987056e-01 2.144961e-03 -6.942712e-03))
501.89        	((-1.520672e+01 1.417946e+03 1.598227e+02) (-5.254411e-02 4.361554e+00 -2.432657e-02)) ((-1.883243e+02 -7.407098e-01 -1.395076e+00) (-1.981611e-01 2.316070e-03 -6.814072e-03))
501.9         	((-1.539827e+01 1.418031e+03 1.600584e+02) (-5.176545e-02 4.361574e+00 -2.327208e-02)) ((-1.882997e+02 -7.091112e-01 -1.401286e+00) (-1.987205e-01 2.592436e-03 -6.729625e-03))
501.91        	((-1.557613e+01 1.418152e+03 1.602735e+02) (-5.069511e-02 4.363206e+00 -2.244989e-02)) ((-1.882428e+02 -6.777975e-01 -1.405090e+00) (-1.981853e-01 2.796918e-03 -6.610346e-03))
501.92        	((-1.573705e+01 1.418257e+03 1.604436e+02) (-4.938862e-02 4.363810e+00 -2.178225e-02)) ((-1.882088e+02 -6.478016e-01 -1.408059e+00) (-1.987156e-01 3.023632e-03 -6.537687e-03))
501.93        	((-1.589837e+01 1.418428e+03 1.605819e+02) (-4.763745e-02 4.366133e+00 -2.133789e-02)) ((-1.881487e+02 -6.126984e-01 -1.413093e+00) (-1.980441e-01 3.092683e-03 -6.440368e-03))
501.94        	((-1.607177e+01 1.418591e+03 1.606803e+02) (-4.573862e-02 4.367099e+00 -2.098262e-02)) ((-1.881179e+02 -5.797674e-01 -1.427464e+00) (-1.984990e-01 3.243569e-03 -6.388909e-03))
501.95        	((-1.625213e+01 1.418790e+03 1.607620e+02) (-4.365070e-02 4.369320e+00 -2.098541e-02)) ((-1.880675e+02 -5.496627e-01 -1.450672e+00) (-1.979629e-01 3.354340e-03 -6.305008e-03))
501.96        	((-1.645958e+01 1.418946e+03 1.608038e+02) (-4.162101e-02 4.370131e+00 -2.109293e-02)) ((-1.880497e+02 -5.182571e-01 -1.481583e+00) (-1.985702e-01 3.509773e-03 -6.279140e-03))
501.97        	((-1.670481e+01 1.419125e+03 1.608327e+02) (-3.939233e-02 4.372275e+00 -2.140247e-02)) ((-1.880086e+02 -4.744340e-01 -1.515074e+00) (-1.980788e-01 3.516884e-03 -6.208993e-03))
501.98        	((-1.697208e+01 1.419268e+03 1.608906e+02) (-3.695343e-02 4.372850e+00 -2.163710e-02)) ((-1.880024e+02 -4.193316e-01 -1.552126e+00) (-1.986064e-01 3.562754e-03 -6.238159e-03))
501.99        	((-1.726020e+01 1.419465e+03 1.610112e+02) (-3.419357e-02 4.374205e+00 -2.199194e-02)) ((-1.879826e+02 -3.492155e-01 -1.591730e+00) (-1.980236e-01 3.544271e-03 -6.248498e-03))
502           	((-1.758819e+01 1.419684e+03 1.612068e+02) (-3.171616e-02 4.372174e+00 -2.261026e-02)) ((-1.880040e+02 -2.649256e-01 -1.635262e+00) (-1.986406e-01 3.623987e-03 -6.249194e-03))
502.01        	((-1.794503e+01 1.420013e+03 1.613658e+02) (-2.815491e-02 4.374604e+00 -2.312559e-02)) ((-1.880052e+02 -1.613117e-01 -1.676867e+00) (-1.979613e-01 3.601366e-03 -6.386025e-03))
502.02        	((-1.830247e+01 1.420324e+03 1.614290e+02) (-2.477959e-02 4.374890e+00 -2.373079e-02)) ((-1.880379e+02 -4.050766e-02 -1.713328e+00) (-1.983930e-01 3.662110e-03 -6.550854e-03))
502.03        	((-1.866664e+01 1.420616e+03 1.614944e+02) (-2.139567e-02 4.375975e+00 -2.448366e-02)) ((-1.880472e+02 1.015234e-01 -1.742985e+00) (-1.977390e-01 3.705148e-03 -6.706173e-03))
502.04        	((-1.904009e+01 1.420803e+03 1.616075e+02) (-1.820445e-02 4.375249e+00 -2.538297e-02)) ((-1.880883e+02 2.615421e-01 -1.770022e+00) (-1.982489e-01 3.901459e-03 -6.917909e-03))
502.05        	((-1.943087e+01 1.420978e+03 1.617728e+02) (-1.502118e-02 4.375745e+00 -2.634518e-02)) ((-1.881105e+02 4.482602e-01 -1.789542e+00) (-1.976605e-01 4.034205e-03 -7.089464e-03))
502.06        	((-1.983628e+01 1.421096e+03 1.619471e+02) (-1.197955e-02 4.374762e+00 -2.725450e-02)) ((-1.881679e+02 6.586973e-01 -1.802164e+00) (-1.981624e-01 4.272963e-03 -7.300017e-03))
502.07        	((-2.026446e+01 1.421244e+03 1.621193e+02) (-8.718668e-03 4.375238e+00 -2.822323e-02)) ((-1.882089e+02 8.963210e-01 -1.807066e+00) (-1.975347e-01 4.472650e-03 -7.497490e-03))
502.08        	((-2.070677e+01 1.421356e+03 1.622709e+02) (-5.674982e-03 4.374578e+00 -2.927529e-02)) ((-1.882883e+02 1.153016e+00 -1.806255e+00) (-1.980432e-01 4.791031e-03 -7.717521e-03))
502.09        	((-2.116251e+01 1.421483e+03 1.624165e+02) (-2.674683e-03 4.375402e+00 -3.041062e-02)) ((-1.883511e+02 1.428690e+00 -1.798638e+00) (-1.974513e-01 5.085386e-03 -7.889979e-03))
502.1         	((-2.162446e+01 1.421548e+03 1.625509e+02) (1.647365e-04 4.374937e+00 -3.146602e-02)) ((-1.884510e+02 1.713936e+00 -1.787004e+00) (-1.979898e-01 5.509635e-03 -8.104818e-03))
502.11        	((-2.210151e+01 1.421615e+03 1.626901e+02) (3.025243e-03 4.375746e+00 -3.233957e-02)) ((-1.885274e+02 2.012853e+00 -1.770257e+00) (-1.974190e-01 5.878252e-03 -8.289480e-03))
502.12        	((-2.260743e+01 1.421596e+03 1.628403e+02) (5.655356e-03 4.374960e+00 -3.294473e-02)) ((-1.886315e+02 2.338756e+00 -1.739860e+00) (-1.979465e-01 6.388008e-03 -8.496766e-03))
502.13        	((-2.311550e+01 1.421574e+03 1.629902e+02) (8.114735e-03 4.375465e+00 -3.335559e-02)) ((-1.887076e+02 2.671862e+00 -1.708310e+00) (-1.973526e-01 6.862068e-03 -8.650350e-03))
502.14        	((-2.358604e+01 1.421527e+03 1.631242e+02) (1.016894e-02 4.374460e+00 -3.352335e-02)) ((-1.888200e+02 2.989152e+00 -1.685313e+00) (-1.979344e-01 7.475127e-03 -8.846050e-03))
502.15        	((-2.400159e+01 1.421535e+03 1.632624e+02) (1.204163e-02 4.374780e+00 -3.359538e-02)) ((-1.889095e+02 3.292962e+00 -1.668439e+00) (-1.973837e-01 8.039724e-03 -8.975984e-03))
502.16        	((-2.436300e+01 1.421511e+03 1.634125e+02) (1.364531e-02 4.373857e+00 -3.358123e-02)) ((-1.890239e+02 3.583564e+00 -1.655587e+00) (-1.978825e-01 8.658832e-03 -9.191390e-03))
502.17        	((-2.468600e+01 1.421516e+03 1.635903e+02) (1.519185e-02 4.374569e+00 -3.359559e-02)) ((-1.890972e+02 3.865707e+00 -1.642109e+00) (-1.971142e-01 9.167237e-03 -9.349734e-03))
502.18        	((-2.495942e+01 1.421458e+03 1.637593e+02) (1.646528e-02 4.373985e+00 -3.378010e-02)) ((-1.891866e+02 4.128891e+00 -1.632123e+00) (-1.975295e-01 9.790298e-03 -9.546589e-03))
502.19        	((-2.518949e+01 1.421415e+03 1.639100e+02) (1.769751e-02 4.374991e+00 -3.431955e-02)) ((-1.892435e+02 4.371366e+00 -1.628272e+00) (-1.968584e-01 1.031433e-02 -9.690984e-03))
502.2         	((-2.537145e+01 1.421347e+03 1.640478e+02) (1.852738e-02 4.374600e+00 -3.511539e-02)) ((-1.893371e+02 4.583492e+00 -1.635359e+00) (-1.973816e-01 1.087977e-02 -9.883614e-03))
502.21        	((-2.552085e+01 1.421338e+03 1.642048e+02) (1.926369e-02 4.375589e+00 -3.614181e-02)) ((-1.894075e+02 4.768213e+00 -1.652408e+00) (-1.967470e-01 1.127335e-02 -1.003842e-02))
502.22        	((-2.565738e+01 1.421288e+03 1.643745e+02) (1.985693e-02 4.375155e+00 -3.709052e-02)) ((-1.894934e+02 4.918901e+00 -1.682094e+00) (-1.972336e-01 1.170372e-02 -1.026396e-02))
502.23        	((-2.581521e+01 1.421259e+03 1.645643e+02) (2.053880e-02 4.376289e+00 -3.811358e-02)) ((-1.895271e+02 5.040826e+00 -1.722258e+00) (-1.965945e-01 1.196876e-02 -1.047163e-02))
502.24        	((-2.597815e+01 1.421181e+03 1.647445e+02) (2.084326e-02 4.376121e+00 -3.922880e-02)) ((-1.895701e+02 5.132825e+00 -1.772948e+00) (-1.971686e-01 1.225944e-02 -1.073785e-02))
502.25        	((-2.615446e+01 1.421143e+03 1.649166e+02) (2.108436e-02 4.377230e+00 -4.053311e-02)) ((-1.895737e+02 5.201749e+00 -1.829522e+00) (-1.965975e-01 1.240856e-02 -1.095838e-02))
502.26        	((-2.633983e+01 1.421087e+03 1.650674e+02) (2.114333e-02 4.377003e+00 -4.195381e-02)) ((-1.896050e+02 5.239067e+00 -1.894571e+00) (-1.972204e-01 1.265795e-02 -1.122348e-02))
502.27        	((-2.653899e+01 1.421082e+03 1.652061e+02) (2.107025e-02 4.378271e+00 -4.355883e-02)) ((-1.896053e+02 5.249668e+00 -1.965995e+00) (-1.966983e-01 1.275384e-02 -1.140589e-02))
502.28        	((-2.674745e+01 1.421066e+03 1.653245e+02) (2.068110e-02 4.377944e+00 -4.505006e-02)) ((-1.896350e+02 5.226694e+00 -2.046820e+00) (-1.973324e-01 1.289705e-02 -1.162717e-02))
502.29        	((-2.697956e+01 1.421092e+03 1.654232e+02) (2.043333e-02 4.378889e+00 -4.627309e-02)) ((-1.896282e+02 5.173997e+00 -2.134820e+00) (-1.967820e-01 1.288552e-02 -1.180680e-02))
502.3         	((-2.723180e+01 1.421095e+03 1.654735e+02) (2.014117e-02 4.378581e+00 -4.707891e-02)) ((-1.896411e+02 5.089989e+00 -2.229524e+00) (-1.973367e-01 1.284906e-02 -1.201798e-02))
502.31        	((-2.748839e+01 1.421120e+03 1.654823e+02) (1.972882e-02 4.379849e+00 -4.779252e-02)) ((-1.896078e+02 4.984670e+00 -2.325563e+00) (-1.967832e-01 1.262925e-02 -1.214528e-02))
502.32        	((-2.773298e+01 1.421087e+03 1.654469e+02) (1.895481e-02 4.379608e+00 -4.832671e-02)) ((-1.895890e+02 4.855682e+00 -2.424249e+00) (-1.974206e-01 1.244016e-02 -1.230336e-02))
502.33        	((-2.798767e+01 1.421084e+03 1.653938e+02) (1.832636e-02 4.380803e+00 -4.863483e-02)) ((-1.895358e+02 4.712655e+00 -2.523606e+00) (-1.968510e-01 1.205695e-02 -1.241361e-02))
502.34        	((-2.824043e+01 1.421062e+03 1.653387e+02) (1.749131e-02 4.380560e+00 -4.856013e-02)) ((-1.895216e+02 4.564306e+00 -2.615060e+00) (-1.974190e-01 1.172490e-02 -1.253867e-02))
502.35        	((-2.851252e+01 1.421096e+03 1.652970e+02) (1.676528e-02 4.381858e+00 -4.809156e-02)) ((-1.894899e+02 4.409198e+00 -2.707287e+00) (-1.968408e-01 1.130770e-02 -1.263190e-02))
502.36        	((-2.880697e+01 1.421105e+03 1.652496e+02) (1.579629e-02 4.381815e+00 -4.730277e-02)) ((-1.894852e+02 4.236729e+00 -2.807773e+00) (-1.974004e-01 1.100631e-02 -1.277572e-02))
502.37        	((-2.912611e+01 1.421137e+03 1.652017e+02) (1.485921e-02 4.383096e+00 -4.641504e-02)) ((-1.894494e+02 4.057249e+00 -2.911622e+00) (-1.968059e-01 1.055004e-02 -1.286025e-02))
502.38        	((-2.946005e+01 1.421123e+03 1.651507e+02) (1.361452e-02 4.382884e+00 -4.543102e-02)) ((-1.894418e+02 3.873622e+00 -3.014330e+00) (-1.973724e-01 1.012777e-02 -1.297309e-02))
502.39        	((-2.981178e+01 1.421136e+03 1.651189e+02) (1.245200e-02 4.384011e+00 -4.445446e-02)) ((-1.894140e+02 3.699057e+00 -3.109059e+00) (-1.967942e-01 9.550426e-03 -1.301733e-02))
502.4         	((-3.017378e+01 1.421118e+03 1.650983e+02) (1.100923e-02 4.383637e+00 -4.331375e-02)) ((-1.894231e+02 3.530061e+00 -3.196907e+00) (-1.973528e-01 9.052502e-03 -1.308443e-02))
502.41        	((-3.055826e+01 1.421138e+03 1.650994e+02) (9.570587e-03 4.384587e+00 -4.200080e-02)) ((-1.894139e+02 3.370826e+00 -3.277724e+00) (-1.967388e-01 8.417140e-03 -1.307248e-02))
502.42        	((-3.096516e+01 1.421142e+03 1.651241e+02) (8.231355e-03 4.384290e+00 -4.078108e-02)) ((-1.894434e+02 3.213392e+00 -3.355592e+00) (-1.973504e-01 7.921586e-03 -1.314862e-02))
502.43        	((-3.139335e+01 1.421191e+03 1.651778e+02) (6.888575e-03 4.385350e+00 -3.961576e-02)) ((-1.894514e+02 3.062683e+00 -3.428139e+00) (-1.968298e-01 7.300451e-03 -1.314096e-02))
502.44        	((-3.182488e+01 1.421197e+03 1.652416e+02) (5.357762e-03 4.384887e+00 -3.841702e-02)) ((-1.894846e+02 2.913418e+00 -3.497297e+00) (-1.974780e-01 6.798088e-03 -1.317282e-02))
502.45        	((-3.225110e+01 1.421212e+03 1.653238e+02) (4.159859e-03 4.385762e+00 -3.731409e-02)) ((-1.894874e+02 2.774046e+00 -3.560904e+00) (-1.969973e-01 6.200426e-03 -1.317737e-02))
502.46        	((-3.264633e+01 1.421166e+03 1.654098e+02) (2.880921e-03 4.385154e+00 -3.603281e-02)) ((-1.895168e+02 2.640976e+00 -3.620603e+00) (-1.976742e-01 5.754698e-03 -1.323100e-02))
502.47        	((-3.301214e+01 1.421140e+03 1.654999e+02) (1.845877e-03 4.385930e+00 -3.472587e-02)) ((-1.895226e+02 2.518976e+00 -3.674361e+00) (-1.971716e-01 5.259676e-03 -1.322807e-02))
502.48        	((-3.334865e+01 1.421079e+03 1.655680e+02) (8.838676e-04 4.385223e+00 -3.340118e-02)) ((-1.895586e+02 2.398376e+00 -3.724642e+00) (-1.978341e-01 4.953842e-03 -1.330306e-02))
502.49        	((-3.366292e+01 1.421052e+03 1.656154e+02) (5.084627e-04 4.386008e+00 -3.212180e-02)) ((-1.895647e+02 2.280020e+00 -3.769366e+00) (-1.972740e-01 4.514317e-03 -1.332417e-02))
502.5         	((-3.394693e+01 1.420997e+03 1.656256e+02) (-3.249501e-04 4.384106e+00 -3.100071e-02)) ((-1.895924e+02 2.157153e+00 -3.809938e+00) (-1.982020e-01 4.413742e-03 -1.367177e-02))
502.51        	((-3.416021e+01 1.420961e+03 1.656172e+02) (5.541803e-04 4.386566e+00 -2.988681e-02)) ((-1.895980e+02 2.024086e+00 -3.847970e+00) (-1.969705e-01 3.743092e-03 -1.332255e-02))
502.52        	((-3.434103e+01 1.420906e+03 1.655890e+02) (4.642252e-04 4.385379e+00 -2.897801e-02)) ((-1.896321e+02 1.898772e+00 -3.882466e+00) (-1.976262e-01 3.631838e-03 -1.355842e-02))
502.53        	((-3.445651e+01 1.420887e+03 1.655553e+02) (1.562434e-03 4.387280e+00 -2.879495e-02)) ((-1.896493e+02 1.776921e+00 -3.914579e+00) (-1.967002e-01 3.385961e-03 -1.350049e-02))
502.54        	((-3.453185e+01 1.420868e+03 1.654999e+02) (2.598681e-03 4.387249e+00 -2.876957e-02)) ((-1.896946e+02 1.663818e+00 -3.941539e+00) (-1.971886e-01 3.328786e-03 -1.366757e-02))
502.55        	((-3.455146e+01 1.420898e+03 1.654370e+02) (3.891279e-03 4.388710e+00 -2.948026e-02)) ((-1.897119e+02 1.556137e+00 -3.962133e+00) (-1.965754e-01 3.279822e-03 -1.380658e-02))
502.56        	((-3.452293e+01 1.420894e+03 1.653496e+02) (5.324361e-03 4.388976e+00 -3.052507e-02)) ((-1.897494e+02 1.450922e+00 -3.977488e+00) (-1.971639e-01 3.305455e-03 -1.398886e-02))
502.57        	((-3.445482e+01 1.420893e+03 1.652436e+02) (6.837063e-03 4.390704e+00 -3.213061e-02)) ((-1.897500e+02 1.356830e+00 -3.985371e+00) (-1.966075e-01 3.224105e-03 -1.408494e-02))
502.58        	((-3.434804e+01 1.420846e+03 1.651180e+02) (8.226765e-03 4.390814e+00 -3.392543e-02)) ((-1.897698e+02 1.271936e+00 -3.986999e+00) (-1.972804e-01 3.250053e-03 -1.424826e-02))
502.59        	((-3.420263e+01 1.420847e+03 1.649961e+02) (9.669621e-03 4.392355e+00 -3.604123e-02)) ((-1.897637e+02 1.200873e+00 -3.981345e+00) (-1.967377e-01 3.168075e-03 -1.431022e-02))
502.6         	((-3.400251e+01 1.420842e+03 1.648794e+02) (1.057309e-02 4.392299e+00 -3.804639e-02)) ((-1.897880e+02 1.145008e+00 -3.968938e+00) (-1.973949e-01 3.106030e-03 -1.440923e-02))
502.61        	((-3.375975e+01 1.420890e+03 1.647832e+02) (1.155388e-02 4.393745e+00 -4.034950e-02)) ((-1.897863e+02 1.106569e+00 -3.950925e+00) (-1.967913e-01 2.916122e-03 -1.439684e-02))
502.62        	((-3.349217e+01 1.420905e+03 1.646931e+02) (1.225828e-02 4.393585e+00 -4.266547e-02)) ((-1.898045e+02 1.081543e+00 -3.930180e+00) (-1.974006e-01 2.822119e-03 -1.445540e-02))
502.63        	((-3.321175e+01 1.420931e+03 1.646203e+02) (1.313666e-02 4.395028e+00 -4.494135e-02)) ((-1.897815e+02 1.070273e+00 -3.906235e+00) (-1.967817e-01 2.713056e-03 -1.442945e-02))
502.64        	((-3.292327e+01 1.420912e+03 1.645552e+02) (1.383807e-02 4.394901e+00 -4.677060e-02)) ((-1.897754e+02 1.070565e+00 -3.878970e+00) (-1.973575e-01 2.784563e-03 -1.451028e-02))
502.65        	((-3.261832e+01 1.420920e+03 1.645125e+02) (1.469759e-02 4.396373e+00 -4.824541e-02)) ((-1.897397e+02 1.084572e+00 -3.845967e+00) (-1.966522e-01 2.824544e-03 -1.451301e-02))
502.66        	((-3.230180e+01 1.420890e+03 1.644793e+02) (1.526184e-02 4.396034e+00 -4.932232e-02)) ((-1.897321e+02 1.108782e+00 -3.809268e+00) (-1.971243e-01 2.991052e-03 -1.458864e-02))
502.67        	((-3.197257e+01 1.420885e+03 1.644651e+02) (1.593310e-02 4.397170e+00 -5.020332e-02)) ((-1.896990e+02 1.142957e+00 -3.768753e+00) (-1.963330e-01 3.061169e-03 -1.453878e-02))
502.68        	((-3.164890e+01 1.420843e+03 1.644532e+02) (1.650718e-02 4.396604e+00 -5.078604e-02)) ((-1.896945e+02 1.185472e+00 -3.727204e+00) (-1.967560e-01 3.296552e-03 -1.459899e-02))
502.69        	((-3.133208e+01 1.420823e+03 1.644538e+02) (1.741778e-02 4.397705e+00 -5.128935e-02)) ((-1.896635e+02 1.234747e+00 -3.684451e+00) (-1.959422e-01 3.457714e-03 -1.455927e-02))
502.7         	((-3.103223e+01 1.420766e+03 1.644545e+02) (1.815303e-02 4.396995e+00 -5.151790e-02)) ((-1.896602e+02 1.290564e+00 -3.641514e+00) (-1.963703e-01 3.768564e-03 -1.461474e-02))
502.71        	((-3.074402e+01 1.420742e+03 1.644646e+02) (1.910703e-02 4.398003e+00 -5.170367e-02)) ((-1.896339e+02 1.351967e+00 -3.597637e+00) (-1.955865e-01 4.001553e-03 -1.454568e-02))
502.72        	((-3.048969e+01 1.420691e+03 1.644734e+02) (1.984131e-02 4.397259e+00 -5.169525e-02)) ((-1.896380e+02 1.420719e+00 -3.555153e+00) (-1.960702e-01 4.374061e-03 -1.457886e-02))
502.73        	((-3.026592e+01 1.420669e+03 1.644905e+02) (2.075651e-02 4.398157e+00 -5.167612e-02)) ((-1.896165e+02 1.495843e+00 -3.513763e+00) (-1.953429e-01 4.658743e-03 -1.449281e-02))
502.74        	((-3.008294e+01 1.420626e+03 1.645085e+02) (2.130261e-02 4.397247e+00 -5.152178e-02)) ((-1.896273e+02 1.579196e+00 -3.474651e+00) (-1.958752e-01 5.061267e-03 -1.449251e-02))
502.75        	((-2.993292e+01 1.420627e+03 1.645383e+02) (2.197813e-02 4.398012e+00 -5.145548e-02)) ((-1.896189e+02 1.666750e+00 -3.437981e+00) (-1.951770e-01 5.352449e-03 -1.436407e-02))
502.76        	((-2.982751e+01 1.420631e+03 1.645716e+02) (2.222637e-02 4.397159e+00 -5.133667e-02)) ((-1.896458e+02 1.739855e+00 -3.416575e+00) (-1.957620e-01 5.707979e-03 -1.436211e-02))
502.77        	((-2.978129e+01 1.420654e+03 1.646097e+02) (2.253467e-02 4.397968e+00 -5.135236e-02)) ((-1.896437e+02 1.824181e+00 -3.389995e+00) (-1.951113e-01 5.915633e-03 -1.418203e-02))
502.78        	((-2.977088e+01 1.420655e+03 1.646420e+02) (2.244089e-02 4.397053e+00 -5.117579e-02)) ((-1.896662e+02 1.905878e+00 -3.370339e+00) (-1.957229e-01 6.196800e-03 -1.416167e-02))
502.79        	((-2.980774e+01 1.420671e+03 1.646755e+02) (2.252576e-02 4.397974e+00 -5.117928e-02)) ((-1.896583e+02 2.001901e+00 -3.346041e+00) (-1.950990e-01 6.387865e-03 -1.395895e-02))
502.8         	((-2.987612e+01 1.420673e+03 1.647095e+02) (2.228845e-02 4.397149e+00 -5.099665e-02)) ((-1.896756e+02 2.091385e+00 -3.331874e+00) (-1.957968e-01 6.665770e-03 -1.396678e-02))
502.81        	((-2.996465e+01 1.420701e+03 1.647540e+02) (2.226229e-02 4.398423e+00 -5.116077e-02)) ((-1.896726e+02 2.167958e+00 -3.326430e+00) (-1.952920e-01 6.830028e-03 -1.379667e-02))
502.82        	((-3.011121e+01 1.420719e+03 1.647859e+02) (2.179671e-02 4.397713e+00 -5.112436e-02)) ((-1.896856e+02 2.249345e+00 -3.324560e+00) (-1.960945e-01 7.025451e-03 -1.381872e-02))
502.83        	((-3.027096e+01 1.420762e+03 1.648130e+02) (2.138684e-02 4.399072e+00 -5.145916e-02)) ((-1.896773e+02 2.329329e+00 -3.324703e+00) (-1.956110e-01 7.081955e-03 -1.360385e-02))
502.84        	((-3.047129e+01 1.420785e+03 1.648238e+02) (2.061560e-02 4.398412e+00 -5.140355e-02)) ((-1.896870e+02 2.418832e+00 -3.324554e+00) (-1.964134e-01 7.183391e-03 -1.360054e-02))
502.85        	((-3.066557e+01 1.420817e+03 1.648379e+02) (1.989074e-02 4.399662e+00 -5.175289e-02)) ((-1.896742e+02 2.500972e+00 -3.326716e+00) (-1.959327e-01 7.218577e-03 -1.336578e-02))
502.86        	((-3.090947e+01 1.420820e+03 1.648433e+02) (1.903628e-02 4.399164e+00 -5.141192e-02)) ((-1.896746e+02 2.589586e+00 -3.329367e+00) (-1.966127e-01 7.231566e-03 -1.336745e-02))
502.87        	((-3.117215e+01 1.420846e+03 1.648514e+02) (1.858971e-02 4.400876e+00 -5.138031e-02)) ((-1.896503e+02 2.672152e+00 -3.333727e+00) (-1.958917e-01 7.072061e-03 -1.317321e-02))
502.88        	((-3.148397e+01 1.420863e+03 1.648481e+02) (1.781368e-02 4.400495e+00 -5.101464e-02)) ((-1.896448e+02 2.761563e+00 -3.336405e+00) (-1.965269e-01 6.990772e-03 -1.320003e-02))
502.89        	((-3.177576e+01 1.420897e+03 1.648564e+02) (1.706295e-02 4.402117e+00 -5.101073e-02)) ((-1.896214e+02 2.841014e+00 -3.339113e+00) (-1.958639e-01 6.865866e-03 -1.300838e-02))
502.9         	((-3.208528e+01 1.420913e+03 1.648610e+02) (1.614066e-02 4.401555e+00 -5.041629e-02)) ((-1.896164e+02 2.924413e+00 -3.338129e+00) (-1.965417e-01 6.761620e-03 -1.307012e-02))
502.91        	((-3.235443e+01 1.420934e+03 1.648840e+02) (1.537305e-02 4.403027e+00 -5.018978e-02)) ((-1.895935e+02 2.992997e+00 -3.338573e+00) (-1.958881e-01 6.627884e-03 -1.291453e-02))
502.92        	((-3.264275e+01 1.420937e+03 1.649025e+02) (1.460600e-02 4.402507e+00 -4.941764e-02)) ((-1.895877e+02 3.064418e+00 -3.335687e+00) (-1.965344e-01 6.546493e-03 -1.300418e-02))
502.93        	((-3.290066e+01 1.420957e+03 1.649336e+02) (1.428118e-02 4.404084e+00 -4.896612e-02)) ((-1.895632e+02 3.122126e+00 -3.332860e+00) (-1.958256e-01 6.411745e-03 -1.289298e-02))
502.94        	((-3.316909e+01 1.420962e+03 1.649629e+02) (1.373262e-02 4.403546e+00 -4.816609e-02)) ((-1.895600e+02 3.178835e+00 -3.327460e+00) (-1.964621e-01 6.391707e-03 -1.300507e-02))
502.95        	((-3.341293e+01 1.420990e+03 1.649998e+02) (1.352839e-02 4.405164e+00 -4.763771e-02)) ((-1.895393e+02 3.224000e+00 -3.320764e+00) (-1.957129e-01 6.255464e-03 -1.289437e-02))
502.96        	((-3.365885e+01 1.420989e+03 1.650343e+02) (1.298137e-02 4.404464e+00 -4.682270e-02)) ((-1.895406e+02 3.267464e+00 -3.312221e+00) (-1.963610e-01 6.267297e-03 -1.301524e-02))
502.97        	((-3.386920e+01 1.420990e+03 1.650754e+02) (1.275618e-02 4.405817e+00 -4.631477e-02)) ((-1.895252e+02 3.297213e+00 -3.304467e+00) (-1.956377e-01 6.195995e-03 -1.291838e-02))
502.98        	((-3.408615e+01 1.420960e+03 1.651080e+02) (1.222159e-02 4.404919e+00 -4.542262e-02)) ((-1.895307e+02 3.326812e+00 -3.295389e+00) (-1.962929e-01 6.227545e-03 -1.306230e-02))
502.99        	((-3.427027e+01 1.420944e+03 1.651424e+02) (1.200062e-02 4.406253e+00 -4.477743e-02)) ((-1.895190e+02 3.345369e+00 -3.286119e+00) (-1.955342e-01 6.127540e-03 -1.296404e-02))
503           	((-3.446107e+01 1.420912e+03 1.651696e+02) (1.157388e-02 4.405456e+00 -4.387720e-02)) ((-1.895296e+02 3.365642e+00 -3.274992e+00) (-1.961736e-01 6.116836e-03 -1.312655e-02))
503.01        	((-3.461987e+01 1.420894e+03 1.651983e+02) (1.151094e-02 4.406902e+00 -4.329349e-02)) ((-1.895232e+02 3.375442e+00 -3.264196e+00) (-1.953874e-01 5.987145e-03 -1.304260e-02))
503.02        	((-3.478874e+01 1.420852e+03 1.652158e+02) (1.115365e-02 4.406177e+00 -4.240174e-02)) ((-1.895378e+02 3.386543e+00 -3.252535e+00) (-1.959579e-01 5.963027e-03 -1.317620e-02))
503.03        	((-3.492924e+01 1.420828e+03 1.652373e+02) (1.120104e-02 4.407570e+00 -4.187378e-02)) ((-1.895358e+02 3.385908e+00 -3.242707e+00) (-1.951728e-01 5.837697e-03 -1.309874e-02))
503.04        	((-3.507285e+01 1.420784e+03 1.652518e+02) (1.105555e-02 4.407076e+00 -4.117173e-02)) ((-1.895570e+02 3.384694e+00 -3.233268e+00) (-1.957052e-01 5.814129e-03 -1.320592e-02))
503.05        	((-3.518613e+01 1.420761e+03 1.652686e+02) (1.127413e-02 4.408425e+00 -4.089994e-02)) ((-1.895597e+02 3.372371e+00 -3.226091e+00) (-1.950183e-01 5.705210e-03 -1.316014e-02))
503.06        	((-3.529463e+01 1.420709e+03 1.652707e+02) (1.131999e-02 4.407955e+00 -4.046799e-02)) ((-1.895788e+02 3.357851e+00 -3.219032e+00) (-1.956211e-01 5.705190e-03 -1.327109e-02))
503.07        	((-3.536807e+01 1.420659e+03 1.652659e+02) (1.158219e-02 4.409328e+00 -4.043166e-02)) ((-1.895761e+02 3.331856e+00 -3.213065e+00) (-1.949981e-01 5.674141e-03 -1.324841e-02))
503.08        	((-3.544995e+01 1.420558e+03 1.652393e+02) (1.171209e-02 4.409051e+00 -4.014236e-02)) ((-1.895879e+02 3.302249e+00 -3.202230e+00) (-1.955201e-01 5.705120e-03 -1.329976e-02))
503.09        	((-3.547673e+01 1.420510e+03 1.652110e+02) (1.193611e-02 4.410099e+00 -4.002736e-02)) ((-1.895816e+02 3.266569e+00 -3.194480e+00) (-1.949664e-01 5.697164e-03 -1.330138e-02))
503.1         	((-3.551582e+01 1.420489e+03 1.651825e+02) (1.142549e-02 4.407765e+00 -3.911461e-02)) ((-1.895933e+02 3.234142e+00 -3.188275e+00) (-1.961294e-01 5.840885e-03 -1.383206e-02))
503.11        	((-3.556563e+01 1.420498e+03 1.651681e+02) (1.194432e-02 4.409892e+00 -3.973663e-02)) ((-1.895880e+02 3.201497e+00 -3.184965e+00) (-1.952799e-01 5.887883e-03 -1.363180e-02))
503.12        	((-3.558220e+01 1.420438e+03 1.651359e+02) (1.237587e-02 4.410041e+00 -4.027908e-02)) ((-1.895995e+02 3.157907e+00 -3.176568e+00) (-1.956731e-01 5.932862e-03 -1.359866e-02))
503.13        	((-3.553963e+01 1.420414e+03 1.651190e+02) (1.270177e-02 4.411075e+00 -4.062579e-02)) ((-1.895944e+02 3.110314e+00 -3.169419e+00) (-1.952462e-01 5.878165e-03 -1.361537e-02))
503.14        	((-3.545994e+01 1.420367e+03 1.651174e+02) (1.319505e-02 4.411490e+00 -4.089554e-02)) ((-1.896096e+02 3.052753e+00 -3.165945e+00) (-1.955829e-01 5.812059e-03 -1.351837e-02))
503.15        	((-3.538467e+01 1.420354e+03 1.651340e+02) (1.347494e-02 4.412214e+00 -4.118219e-02)) ((-1.895967e+02 2.996169e+00 -3.163407e+00) (-1.952462e-01 5.734870e-03 -1.358592e-02))
503.16        	((-3.531082e+01 1.420285e+03 1.651261e+02) (1.335507e-02 4.412152e+00 -4.180710e-02)) ((-1.896019e+02 2.938538e+00 -3.159026e+00) (-1.957329e-01 5.920891e-03 -1.357688e-02))
503.17        	((-3.523405e+01 1.420261e+03 1.651460e+02) (1.342838e-02 4.413128e+00 -4.204465e-02)) ((-1.895890e+02 2.889380e+00 -3.158462e+00) (-1.952888e-01 5.899280e-03 -1.357128e-02))
503.18        	((-3.509098e+01 1.420236e+03 1.651877e+02) (1.339682e-02 4.412935e+00 -4.233468e-02)) ((-1.895942e+02 2.818939e+00 -3.161819e+00) (-1.957929e-01 6.002982e-03 -1.358657e-02))
503.19        	((-3.492342e+01 1.420263e+03 1.652503e+02) (1.344546e-02 4.413759e+00 -4.264069e-02)) ((-1.895744e+02 2.738369e+00 -3.165812e+00) (-1.953508e-01 5.999586e-03 -1.360015e-02))
503.2         	((-3.474443e+01 1.420280e+03 1.653147e+02) (1.341985e-02 4.413335e+00 -4.270030e-02)) ((-1.895706e+02 2.650462e+00 -3.169472e+00) (-1.958813e-01 6.024296e-03 -1.363964e-02))
503.21        	((-3.453285e+01 1.420313e+03 1.653834e+02) (1.363399e-02 4.414542e+00 -4.295084e-02)) ((-1.895476e+02 2.550871e+00 -3.175862e+00) (-1.952605e-01 5.964066e-03 -1.356754e-02))
503.22        	((-3.431561e+01 1.420326e+03 1.654470e+02) (1.397392e-02 4.414733e+00 -4.295472e-02)) ((-1.895432e+02 2.447107e+00 -3.185660e+00) (-1.955736e-01 5.906165e-03 -1.347200e-02))
503.23        	((-3.409101e+01 1.420378e+03 1.655191e+02) (1.400027e-02 4.415512e+00 -4.291245e-02)) ((-1.895152e+02 2.339655e+00 -3.198577e+00) (-1.950561e-01 5.959247e-03 -1.350844e-02))
503.24        	((-3.387239e+01 1.420434e+03 1.655939e+02) (1.399510e-02 4.414669e+00 -4.257839e-02)) ((-1.895058e+02 2.231514e+00 -3.214283e+00) (-1.956703e-01 6.098276e-03 -1.365127e-02))
503.25        	((-3.360357e+01 1.420519e+03 1.656810e+02) (1.429636e-02 4.415719e+00 -4.241706e-02)) ((-1.894765e+02 2.109691e+00 -3.234333e+00) (-1.949899e-01 6.153253e-03 -1.365596e-02))
503.26        	((-3.333769e+01 1.420601e+03 1.657652e+02) (1.461863e-02 4.415082e+00 -4.174916e-02)) ((-1.894694e+02 1.986542e+00 -3.256129e+00) (-1.954883e-01 6.181000e-03 -1.378679e-02))
503.27        	((-3.302524e+01 1.420697e+03 1.658541e+02) (1.506866e-02 4.416572e+00 -4.166453e-02)) ((-1.894454e+02 1.848462e+00 -3.282346e+00) (-1.946496e-01 6.223745e-03 -1.369456e-02))
503.28        	((-3.272947e+01 1.420771e+03 1.659332e+02) (1.544775e-02 4.416614e+00 -4.126859e-02)) ((-1.894465e+02 1.713426e+00 -3.311265e+00) (-1.949159e-01 6.260531e-03 -1.365274e-02))
503.29        	((-3.242857e+01 1.420870e+03 1.660163e+02) (1.545624e-02 4.417509e+00 -4.096635e-02)) ((-1.894289e+02 1.575456e+00 -3.342569e+00) (-1.942725e-01 6.319384e-03 -1.367239e-02))
503.3         	((-3.212284e+01 1.420946e+03 1.660950e+02) (1.548204e-02 4.417146e+00 -4.057124e-02)) ((-1.894332e+02 1.434414e+00 -3.376302e+00) (-1.946976e-01 6.347501e-03 -1.370639e-02))
503.31        	((-3.181714e+01 1.421046e+03 1.661748e+02) (1.531175e-02 4.417609e+00 -4.046401e-02)) ((-1.894192e+02 1.295323e+00 -3.412534e+00) (-1.942269e-01 6.371682e-03 -1.383856e-02))
503.32        	((-3.152348e+01 1.421122e+03 1.662421e+02) (1.505288e-02 4.416951e+00 -4.056697e-02)) ((-1.894287e+02 1.159836e+00 -3.450605e+00) (-1.948058e-01 6.482292e-03 -1.395791e-02))
503.33        	((-3.120936e+01 1.421224e+03 1.663058e+02) (1.544578e-02 4.418259e+00 -4.054443e-02)) ((-1.894183e+02 1.017292e+00 -3.489674e+00) (-1.941075e-01 6.231292e-03 -1.392376e-02))
503.34        	((-3.087975e+01 1.421310e+03 1.663585e+02) (1.588370e-02 4.418350e+00 -4.043453e-02)) ((-1.894268e+02 8.676165e-01 -3.528782e+00) (-1.944622e-01 5.948876e-03 -1.388467e-02))
503.35        	((-3.055637e+01 1.421408e+03 1.664109e+02) (1.597690e-02 4.419475e+00 -4.059167e-02)) ((-1.894184e+02 7.221584e-01 -3.569923e+00) (-1.938340e-01 5.701978e-03 -1.385732e-02))
503.36        	((-3.023737e+01 1.421460e+03 1.664524e+02) (1.592215e-02 4.419357e+00 -4.078804e-02)) ((-1.894366e+02 5.793624e-01 -3.613459e+00) (-1.942750e-01 5.549572e-03 -1.383680e-02))
503.37        	((-2.992192e+01 1.421522e+03 1.664931e+02) (1.555121e-02 4.420347e+00 -4.115206e-02)) ((-1.894360e+02 4.402857e-01 -3.657360e+00) (-1.937061e-01 5.473549e-03 -1.383364e-02))
503.38        	((-2.960408e+01 1.421550e+03 1.665134e+02) (1.521264e-02 4.420224e+00 -4.132331e-02)) ((-1.894569e+02 3.002236e-01 -3.700140e+00) (-1.941692e-01 5.410898e-03 -1.383099e-02))
503.39        	((-2.929197e+01 1.421611e+03 1.665185e+02) (1.545981e-02 4.421763e+00 -4.135646e-02)) ((-1.894525e+02 1.617567e-01 -3.739503e+00) (-1.934248e-01 5.047231e-03 -1.373008e-02))
503.4         	((-2.900278e+01 1.421626e+03 1.665052e+02) (1.538512e-02 4.421692e+00 -4.139931e-02)) ((-1.894738e+02 3.084602e-02 -3.779127e+00) (-1.938694e-01 4.853816e-03 -1.369022e-02))
503.41        	((-2.873657e+01 1.421638e+03 1.664913e+02) (1.534061e-02 4.422833e+00 -4.147277e-02)) ((-1.894811e+02 -8.997937e-02 -3.818951e+00) (-1.932569e-01 4.622659e-03 -1.365367e-02))
503.42        	((-2.848750e+01 1.421600e+03 1.664685e+02) (1.518916e-02 4.422503e+00 -4.144282e-02)) ((-1.895153e+02 -2.029506e-01 -3.857639e+00) (-1.937890e-01 4.500062e-03 -1.365759e-02))
503.43        	((-2.826133e+01 1.421576e+03 1.664438e+02) (1.524554e-02 4.423546e+00 -4.144348e-02)) ((-1.895294e+02 -3.042824e-01 -3.891791e+00) (-1.932086e-01 4.270345e-03 -1.361224e-02))
503.44        	((-2.806177e+01 1.421523e+03 1.664026e+02) (1.522786e-02 4.423169e+00 -4.134920e-02)) ((-1.895649e+02 -3.933381e-01 -3.920677e+00) (-1.937677e-01 4.130061e-03 -1.358361e-02))
503.45        	((-2.789850e+01 1.421492e+03 1.663542e+02) (1.531657e-02 4.424116e+00 -4.133429e-02)) ((-1.895791e+02 -4.656387e-01 -3.943865e+00) (-1.932375e-01 3.910120e-03 -1.350548e-02))
503.46        	((-2.777436e+01 1.421431e+03 1.662901e+02) (1.526941e-02 4.423534e+00 -4.129735e-02)) ((-1.896154e+02 -5.223171e-01 -3.962939e+00) (-1.938562e-01 3.827559e-03 -1.346067e-02))
503.47        	((-2.770108e+01 1.421390e+03 1.662211e+02) (1.548335e-02 4.424375e+00 -4.134216e-02)) ((-1.896307e+02 -5.593624e-01 -3.977899e+00) (-1.933219e-01 3.650662e-03 -1.338377e-02))
503.48        	((-2.767919e+01 1.421320e+03 1.661389e+02) (1.560588e-02 4.423788e+00 -4.136062e-02)) ((-1.896677e+02 -5.777267e-01 -3.989208e+00) (-1.939282e-01 3.601212e-03 -1.334919e-02))
503.49        	((-2.771075e+01 1.421275e+03 1.660535e+02) (1.588787e-02 4.424594e+00 -4.151427e-02)) ((-1.896827e+02 -5.751613e-01 -3.995939e+00) (-1.934024e-01 3.481075e-03 -1.327641e-02))
503.5         	((-2.778945e+01 1.421201e+03 1.659544e+02) (1.602073e-02 4.423948e+00 -4.154789e-02)) ((-1.897184e+02 -5.541444e-01 -3.998367e+00) (-1.940222e-01 3.489522e-03 -1.323738e-02))
503.51        	((-2.791378e+01 1.421152e+03 1.658549e+02) (1.626813e-02 4.424736e+00 -4.167525e-02)) ((-1.897315e+02 -5.142100e-01 -3.996410e+00) (-1.934896e-01 3.430461e-03 -1.314886e-02))
503.52        	((-2.807567e+01 1.421074e+03 1.657480e+02) (1.636206e-02 4.424092e+00 -4.177143e-02)) ((-1.897656e+02 -4.586790e-01 -3.991169e+00) (-1.941159e-01 3.501509e-03 -1.309170e-02))
503.53        	((-2.827047e+01 1.421026e+03 1.656445e+02) (1.661741e-02 4.424943e+00 -4.190190e-02)) ((-1.897777e+02 -3.880185e-01 -3.981795e+00) (-1.935689e-01 3.471131e-03 -1.298617e-02))
503.54        	((-2.849171e+01 1.420953e+03 1.655401e+02) (1.672996e-02 4.424371e+00 -4.197276e-02)) ((-1.898094e+02 -3.045990e-01 -3.969607e+00) (-1.941795e-01 3.560938e-03 -1.292208e-02))
503.55        	((-2.873472e+01 1.420907e+03 1.654465e+02) (1.697884e-02 4.425288e+00 -4.209731e-02)) ((-1.898159e+02 -2.082661e-01 -3.954340e+00) (-1.936214e-01 3.556779e-03 -1.281658e-02))
503.56        	((-2.899351e+01 1.420835e+03 1.653516e+02) (1.710233e-02 4.424839e+00 -4.210630e-02)) ((-1.898387e+02 -1.017796e-01 -3.936246e+00) (-1.942067e-01 3.673434e-03 -1.276189e-02))
503.57        	((-2.927102e+01 1.420791e+03 1.652629e+02) (1.734483e-02 4.425872e+00 -4.222976e-02)) ((-1.898350e+02 1.767888e-02 -3.914180e+00) (-1.936189e-01 3.699870e-03 -1.265915e-02))
503.58        	((-2.956717e+01 1.420725e+03 1.651716e+02) (1.738311e-02 4.425427e+00 -4.233564e-02)) ((-1.898504e+02 1.488122e-01 -3.888730e+00) (-1.942158e-01 3.862850e-03 -1.259567e-02))
503.59        	((-2.988358e+01 1.420688e+03 1.650882e+02) (1.750105e-02 4.426384e+00 -4.256769e-02)) ((-1.898426e+02 2.925835e-01 -3.859504e+00) (-1.936629e-01 3.947302e-03 -1.247647e-02))
503.6         	((-3.021498e+01 1.420628e+03 1.650043e+02) (1.750044e-02 4.425926e+00 -4.275417e-02)) ((-1.898551e+02 4.465533e-01 -3.827169e+00) (-1.942695e-01 4.134984e-03 -1.242071e-02))
503.61        	((-3.055977e+01 1.420593e+03 1.649324e+02) (1.769228e-02 4.427044e+00 -4.310442e-02)) ((-1.898446e+02 6.112659e-01 -3.791967e+00) (-1.936607e-01 4.194321e-03 -1.235548e-02))
503.62        	((-3.090862e+01 1.420526e+03 1.648592e+02) (1.772750e-02 4.426646e+00 -4.337847e-02)) ((-1.898548e+02 7.831071e-01 -3.753373e+00) (-1.942435e-01 4.373557e-03 -1.234264e-02))
503.63        	((-3.126539e+01 1.420483e+03 1.647951e+02) (1.793430e-02 4.427684e+00 -4.369469e-02)) ((-1.898422e+02 9.634934e-01 -3.710694e+00) (-1.936539e-01 4.438567e-03 -1.229654e-02))
503.64        	((-3.162884e+01 1.420412e+03 1.647321e+02) (1.798762e-02 4.427227e+00 -4.389058e-02)) ((-1.898490e+02 1.149993e+00 -3.665171e+00) (-1.942496e-01 4.632498e-03 -1.231683e-02))
503.65        	((-3.200286e+01 1.420369e+03 1.646820e+02) (1.816403e-02 4.428153e+00 -4.415247e-02)) ((-1.898329e+02 1.343725e+00 -3.617083e+00) (-1.936898e-01 4.733015e-03 -1.231266e-02))
503.66        	((-3.238467e+01 1.420300e+03 1.646344e+02) (1.810400e-02 4.427418e+00 -4.436069e-02)) ((-1.898369e+02 1.542010e+00 -3.567795e+00) (-1.943657e-01 4.991196e-03 -1.239757e-02))
503.67        	((-3.276954e+01 1.420259e+03 1.645992e+02) (1.839174e-02 4.428212e+00 -4.451786e-02)) ((-1.898191e+02 1.743567e+00 -3.516719e+00) (-1.938236e-01 5.063154e-03 -1.241955e-02))
503.68        	((-3.317360e+01 1.420202e+03 1.645650e+02) (1.793673e-02 4.426398e+00 -4.470146e-02)) ((-1.898192e+02 1.952027e+00 -3.463373e+00) (-1.948157e-01 5.488605e-03 -1.274777e-02))
503.69        	((-3.354155e+01 1.420157e+03 1.645406e+02) (1.898531e-02 4.428484e+00 -4.466823e-02)) ((-1.898015e+02 2.150469e+00 -3.411218e+00) (-1.938184e-01 5.298115e-03 -1.249238e-02))
503.7         	((-3.391258e+01 1.420086e+03 1.645145e+02) (1.918142e-02 4.427770e+00 -4.447531e-02)) ((-1.898046e+02 2.348052e+00 -3.358920e+00) (-1.944389e-01 5.447577e-03 -1.258659e-02))
503.71        	((-3.426160e+01 1.420023e+03 1.644969e+02) (1.959138e-02 4.429355e+00 -4.463611e-02)) ((-1.897920e+02 2.539573e+00 -3.309454e+00) (-1.935991e-01 5.539406e-03 -1.244037e-02))
503.72        	((-3.462970e+01 1.419933e+03 1.644779e+02) (1.967536e-02 4.428861e+00 -4.436963e-02)) ((-1.898006e+02 2.734521e+00 -3.260640e+00) (-1.941459e-01 5.749280e-03 -1.249731e-02))
503.73        	((-3.497633e+01 1.419868e+03 1.644689e+02) (1.979955e-02 4.430064e+00 -4.432575e-02)) ((-1.897888e+02 2.919959e+00 -3.212902e+00) (-1.934643e-01 5.932785e-03 -1.246711e-02))
503.74        	((-3.532085e+01 1.419783e+03 1.644601e+02) (1.967115e-02 4.429434e+00 -4.412353e-02)) ((-1.897982e+02 3.101273e+00 -3.166588e+00) (-1.940947e-01 6.252802e-03 -1.259491e-02))
503.75        	((-3.564705e+01 1.419724e+03 1.644626e+02) (1.993245e-02 4.430796e+00 -4.393641e-02)) ((-1.897867e+02 3.271509e+00 -3.122653e+00) (-1.933974e-01 6.368798e-03 -1.255925e-02))
503.76        	((-3.595492e+01 1.419640e+03 1.644646e+02) (2.001217e-02 4.430486e+00 -4.365660e-02)) ((-1.897961e+02 3.429510e+00 -3.082244e+00) (-1.939523e-01 6.597950e-03 -1.262548e-02))
503.77        	((-3.624378e+01 1.419580e+03 1.644761e+02) (2.025541e-02 4.431825e+00 -4.343713e-02)) ((-1.897847e+02 3.574596e+00 -3.045792e+00) (-1.932782e-01 6.678626e-03 -1.257558e-02))
503.78        	((-3.651825e+01 1.419498e+03 1.644862e+02) (2.021672e-02 4.431384e+00 -4.312551e-02)) ((-1.897935e+02 3.707769e+00 -3.013951e+00) (-1.938685e-01 6.900512e-03 -1.263070e-02))
503.79        	((-3.677281e+01 1.419445e+03 1.645060e+02) (2.032130e-02 4.432511e+00 -4.284190e-02)) ((-1.897807e+02 3.828032e+00 -2.986241e+00) (-1.932477e-01 6.996839e-03 -1.259967e-02))
503.8         	((-3.700623e+01 1.419370e+03 1.645230e+02) (2.020175e-02 4.432124e+00 -4.245790e-02)) ((-1.897892e+02 3.934117e+00 -2.961946e+00) (-1.938046e-01 7.211868e-03 -1.263845e-02))
503.81        	((-3.722387e+01 1.419324e+03 1.645439e+02) (2.025574e-02 4.433277e+00 -4.211588e-02)) ((-1.897765e+02 4.028159e+00 -2.939867e+00) (-1.931664e-01 7.291609e-03 -1.260561e-02))
503.82        	((-3.743237e+01 1.419261e+03 1.645523e+02) (2.019543e-02 4.433095e+00 -4.161242e-02)) ((-1.897836e+02 4.110904e+00 -2.919861e+00) (-1.936471e-01 7.447817e-03 -1.261596e-02))
503.83        	((-3.763479e+01 1.419237e+03 1.645578e+02) (2.026418e-02 4.434432e+00 -4.117579e-02)) ((-1.897669e+02 4.184391e+00 -2.901431e+00) (-1.929535e-01 7.472351e-03 -1.257083e-02))
503.84        	((-3.780168e+01 1.419192e+03 1.645640e+02) (1.992564e-02 4.434063e+00 -4.087822e-02)) ((-1.897708e+02 4.239008e+00 -2.887024e+00) (-1.935107e-01 7.662852e-03 -1.257268e-02))
503.85        	((-3.793674e+01 1.419188e+03 1.645770e+02) (1.984531e-02 4.435123e+00 -4.053571e-02)) ((-1.897502e+02 4.277850e+00 -2.874625e+00) (-1.929081e-01 7.655961e-03 -1.253333e-02))
503.86        	((-3.801011e+01 1.419158e+03 1.646018e+02) (1.889083e-02 4.434287e+00 -4.076575e-02)) ((-1.897523e+02 4.289702e+00 -2.869225e+00) (-1.936597e-01 8.014636e-03 -1.251944e-02))
503.87        	((-3.807888e+01 1.419195e+03 1.646187e+02) (1.908928e-02 4.435726e+00 -4.015923e-02)) ((-1.897244e+02 4.294547e+00 -2.862054e+00) (-1.929242e-01 7.818991e-03 -1.246374e-02))
503.88        	((-3.809686e+01 1.419209e+03 1.646376e+02) (1.868689e-02 4.435320e+00 -3.992954e-02)) ((-1.897179e+02 4.277873e+00 -2.860803e+00) (-1.934954e-01 7.890808e-03 -1.245534e-02))
503.89        	((-3.807230e+01 1.419260e+03 1.646639e+02) (1.836640e-02 4.436455e+00 -3.975602e-02)) ((-1.896871e+02 4.244963e+00 -2.861890e+00) (-1.928944e-01 7.869310e-03 -1.239224e-02))
503.9         	((-3.799847e+01 1.419299e+03 1.646870e+02) (1.787396e-02 4.436109e+00 -3.952128e-02)) ((-1.896749e+02 4.194038e+00 -2.864919e+00) (-1.934475e-01 7.960252e-03 -1.238339e-02))
503.91        	((-3.787276e+01 1.419375e+03 1.647187e+02) (1.756928e-02 4.437177e+00 -3.936198e-02)) ((-1.896391e+02 4.125363e+00 -2.870065e+00) (-1.928642e-01 7.929336e-03 -1.232296e-02))
503.92        	((-3.769739e+01 1.419434e+03 1.647499e+02) (1.715656e-02 4.436779e+00 -3.916788e-02)) ((-1.896239e+02 4.040471e+00 -2.878977e+00) (-1.934320e-01 7.997984e-03 -1.232201e-02))
503.93        	((-3.747201e+01 1.419525e+03 1.647874e+02) (1.696911e-02 4.437848e+00 -3.908500e-02)) ((-1.895870e+02 3.940077e+00 -2.891190e+00) (-1.928530e-01 7.940851e-03 -1.227460e-02))
503.94        	((-3.720111e+01 1.419599e+03 1.648198e+02) (1.669893e-02 4.437502e+00 -3.893703e-02)) ((-1.895699e+02 3.824509e+00 -2.906630e+00) (-1.934003e-01 7.982346e-03 -1.229200e-02))
503.95        	((-3.689211e+01 1.419710e+03 1.648558e+02) (1.664009e-02 4.438626e+00 -3.885281e-02)) ((-1.895304e+02 3.698196e+00 -2.923952e+00) (-1.927965e-01 7.906164e-03 -1.227097e-02))
503.96        	((-3.655015e+01 1.419812e+03 1.648876e+02) (1.648433e-02 4.438330e+00 -3.870717e-02)) ((-1.895108e+02 3.562360e+00 -2.943539e+00) (-1.933224e-01 7.929834e-03 -1.231507e-02))
503.97        	((-3.617916e+01 1.419953e+03 1.649244e+02) (1.654865e-02 4.439537e+00 -3.859497e-02)) ((-1.894695e+02 3.420332e+00 -2.964809e+00) (-1.926880e-01 7.841952e-03 -1.232322e-02))
503.98        	((-3.578227e+01 1.420077e+03 1.649555e+02) (1.649759e-02 4.439302e+00 -3.840482e-02)) ((-1.894500e+02 3.272417e+00 -2.987887e+00) (-1.931842e-01 7.856278e-03 -1.239329e-02))
503.99        	((-3.536420e+01 1.420233e+03 1.649897e+02) (1.665268e-02 4.440548e+00 -3.831209e-02)) ((-1.894108e+02 3.121304e+00 -3.011977e+00) (-1.925331e-01 7.755997e-03 -1.241083e-02))
504           	((-3.494068e+01 1.420372e+03 1.650154e+02) (1.666831e-02 4.440300e+00 -3.817304e-02)) ((-1.893943e+02 2.970553e+00 -3.036555e+00) (-1.930331e-01 7.759670e-03 -1.250346e-02))
504.01        	((-3.450581e+01 1.420540e+03 1.650428e+02) (1.692485e-02 4.441626e+00 -3.821723e-02)) ((-1.893596e+02 2.819425e+00 -3.061512e+00) (-1.923616e-01 7.626280e-03 -1.251945e-02))
504.02        	((-3.407957e+01 1.420691e+03 1.650638e+02) (1.699068e-02 4.441218e+00 -3.818412e-02)) ((-1.893475e+02 2.673090e+00 -3.085968e+00) (-1.929264e-01 7.581546e-03 -1.266194e-02))
504.03        	((-3.362788e+01 1.420861e+03 1.650886e+02) (1.739960e-02 4.442678e+00 -3.855245e-02)) ((-1.893204e+02 2.520352e+00 -3.111225e+00) (-1.922264e-01 7.388351e-03 -1.264692e-02))
504.04        	((-3.319723e+01 1.421014e+03 1.651093e+02) (1.775828e-02 4.442279e+00 -3.855496e-02)) ((-1.893145e+02 2.376306e+00 -3.135948e+00) (-1.927873e-01 7.167685e-03 -1.277863e-02))
504.05        	((-3.273420e+01 1.421184e+03 1.651371e+02) (1.800064e-02 4.443609e+00 -3.924565e-02)) ((-1.892905e+02 2.224983e+00 -3.162982e+00) (-1.921323e-01 7.051155e-03 -1.277891e-02))
504.06        	((-3.230137e+01 1.421328e+03 1.651595e+02) (1.829965e-02 4.443524e+00 -3.962952e-02)) ((-1.892881e+02 2.086080e+00 -3.190028e+00) (-1.925822e-01 6.872630e-03 -1.281276e-02))
504.07        	((-3.186572e+01 1.421493e+03 1.651868e+02) (1.848932e-02 4.444506e+00 -4.033949e-02)) ((-1.892657e+02 1.948755e+00 -3.216531e+00) (-1.920326e-01 6.708651e-03 -1.285810e-02))
504.08        	((-3.145052e+01 1.421632e+03 1.652090e+02) (1.858669e-02 4.444108e+00 -4.074795e-02)) ((-1.892654e+02 1.818650e+00 -3.241366e+00) (-1.925730e-01 6.621567e-03 -1.298699e-02))
504.09        	((-3.103152e+01 1.421782e+03 1.652380e+02) (1.903091e-02 4.445460e+00 -4.137341e-02)) ((-1.892486e+02 1.688984e+00 -3.265523e+00) (-1.918795e-01 6.408612e-03 -1.300051e-02))
504.1         	((-3.064726e+01 1.421907e+03 1.652644e+02) (1.947714e-02 4.445478e+00 -4.171773e-02)) ((-1.892545e+02 1.570959e+00 -3.287287e+00) (-1.922747e-01 6.195574e-03 -1.302473e-02))
504.11        	((-3.026134e+01 1.422040e+03 1.652971e+02) (1.962965e-02 4.446566e+00 -4.235970e-02)) ((-1.892422e+02 1.453694e+00 -3.307047e+00) (-1.916838e-01 6.095896e-03 -1.305144e-02))
504.12        	((-2.991502e+01 1.422139e+03 1.653250e+02) (1.956130e-02 4.445940e+00 -4.279829e-02)) ((-1.892520e+02 1.349293e+00 -3.323877e+00) (-1.923029e-01 6.112416e-03 -1.317385e-02))
504.13        	((-2.956880e+01 1.422243e+03 1.653580e+02) (1.988244e-02 4.447046e+00 -4.327362e-02)) ((-1.892450e+02 1.247143e+00 -3.339254e+00) (-1.916868e-01 5.974072e-03 -1.317879e-02))
504.14        	((-2.927418e+01 1.422327e+03 1.653871e+02) (1.984858e-02 4.445273e+00 -4.304683e-02)) ((-1.892569e+02 1.161961e+00 -3.350303e+00) (-1.926634e-01 5.893547e-03 -1.355039e-02))
504.15        	((-2.895732e+01 1.422409e+03 1.654224e+02) (2.035378e-02 4.447230e+00 -4.374578e-02)) ((-1.892534e+02 1.071006e+00 -3.360369e+00) (-1.917441e-01 5.814087e-03 -1.330517e-02))
504.16        	((-2.868040e+01 1.422457e+03 1.654495e+02) (2.080193e-02 4.447069e+00 -4.388693e-02)) ((-1.892749e+02 9.963902e-01 -3.367524e+00) (-1.921627e-01 5.703196e-03 -1.323648e-02))
504.17        	((-2.842571e+01 1.422520e+03 1.654812e+02) (2.076084e-02 4.447280e+00 -4.414510e-02)) ((-1.892779e+02 9.316622e-01 -3.372074e+00) (-1.918205e-01 5.729174e-03 -1.332778e-02))
504.18        	((-2.824539e+01 1.422557e+03 1.655085e+02) (2.043064e-02 4.445993e+00 -4.431031e-02)) ((-1.893021e+02 8.914102e-01 -3.373574e+00) (-1.926312e-01 5.888040e-03 -1.344691e-02))
504.19        	((-2.805288e+01 1.422592e+03 1.655401e+02) (2.086813e-02 4.447401e+00 -4.457403e-02)) ((-1.893099e+02 8.469990e-01 -3.374939e+00) (-1.919032e-01 5.747357e-03 -1.322469e-02))
504.2         	((-2.789344e+01 1.422593e+03 1.655640e+02) (2.126455e-02 4.447357e+00 -4.446900e-02)) ((-1.893396e+02 8.134129e-01 -3.374291e+00) (-1.923073e-01 5.602037e-03 -1.305416e-02))
504.21        	((-2.778215e+01 1.422607e+03 1.655897e+02) (2.123668e-02 4.448086e+00 -4.446696e-02)) ((-1.893513e+02 7.977726e-01 -3.372597e+00) (-1.918193e-01 5.568587e-03 -1.298793e-02))
504.22        	((-2.771037e+01 1.422586e+03 1.656089e+02) (2.089662e-02 4.447305e+00 -4.445343e-02)) ((-1.893873e+02 7.946763e-01 -3.371562e+00) (-1.924957e-01 5.712404e-03 -1.297419e-02))
504.23        	((-2.767861e+01 1.422586e+03 1.656320e+02) (2.036185e-02 4.447602e+00 -4.467731e-02)) ((-1.894027e+02 8.051523e-01 -3.370766e+00) (-1.921568e-01 5.911592e-03 -1.297715e-02))
504.24        	((-2.763602e+01 1.422547e+03 1.656475e+02) (2.018300e-02 4.447024e+00 -4.459785e-02)) ((-1.894427e+02 8.088748e-01 -3.371282e+00) (-1.927622e-01 6.002284e-03 -1.288983e-02))
504.25        	((-2.760244e+01 1.422570e+03 1.656580e+02) (2.034798e-02 4.447934e+00 -4.440184e-02)) ((-1.894486e+02 8.125407e-01 -3.369329e+00) (-1.922213e-01 5.894288e-03 -1.279407e-02))
504.26        	((-2.759554e+01 1.422540e+03 1.656618e+02) (1.986928e-02 4.446750e+00 -4.416940e-02)) ((-1.894840e+02 8.224335e-01 -3.371370e+00) (-1.931101e-01 6.092390e-03 -1.282507e-02))
504.27        	((-2.759586e+01 1.422546e+03 1.656684e+02) (1.968006e-02 4.447603e+00 -4.408015e-02)) ((-1.894933e+02 8.317483e-01 -3.376183e+00) (-1.924971e-01 6.115411e-03 -1.278589e-02))
504.28        	((-2.763155e+01 1.422487e+03 1.656697e+02) (1.898268e-02 4.446416e+00 -4.406858e-02)) ((-1.895350e+02 8.574692e-01 -3.380984e+00) (-1.933717e-01 6.377140e-03 -1.276141e-02))
504.29        	((-2.763839e+01 1.422473e+03 1.656779e+02) (1.891280e-02 4.447496e+00 -4.386295e-02)) ((-1.895455e+02 8.720850e-01 -3.386551e+00) (-1.926700e-01 6.349603e-03 -1.265950e-02))
504.3         	((-2.762202e+01 1.422452e+03 1.656779e+02) (1.895502e-02 4.446853e+00 -4.342264e-02)) ((-1.895753e+02 8.754994e-01 -3.390386e+00) (-1.933608e-01 6.264567e-03 -1.253709e-02))
504.31        	((-2.764377e+01 1.422414e+03 1.656796e+02) (1.852964e-02 4.447578e+00 -4.326355e-02)) ((-1.895938e+02 8.946358e-01 -3.394462e+00) (-1.927676e-01 6.320761e-03 -1.242224e-02))
504.32        	((-2.765950e+01 1.422357e+03 1.656791e+02) (1.823593e-02 4.447250e+00 -4.300765e-02)) ((-1.896319e+02 9.099425e-01 -3.400464e+00) (-1.932008e-01 6.360878e-03 -1.236660e-02))
504.33        	((-2.766091e+01 1.422333e+03 1.656884e+02) (1.766352e-02 4.447898e+00 -4.305842e-02)) ((-1.896420e+02 9.176165e-01 -3.408503e+00) (-1.927639e-01 6.490865e-03 -1.230643e-02))
504.34        	((-2.764714e+01 1.422276e+03 1.656891e+02) (1.720560e-02 4.447551e+00 -4.292654e-02)) ((-1.896754e+02 9.168474e-01 -3.416954e+00) (-1.932428e-01 6.589744e-03 -1.223199e-02))
504.35        	((-2.767150e+01 1.422215e+03 1.656795e+02) (1.723170e-02 4.448753e+00 -4.274283e-02)) ((-1.896942e+02 9.340817e-01 -3.420595e+00) (-1.925912e-01 6.447213e-03 -1.206401e-02))
504.36        	((-2.768177e+01 1.422132e+03 1.656712e+02) (1.701475e-02 4.448602e+00 -4.251273e-02)) ((-1.897301e+02 9.429328e-01 -3.424213e+00) (-1.929573e-01 6.474525e-03 -1.200324e-02))
504.37        	((-2.768069e+01 1.422073e+03 1.656703e+02) (1.681273e-02 4.449364e+00 -4.233404e-02)) ((-1.897428e+02 9.456922e-01 -3.428354e+00) (-1.925044e-01 6.446697e-03 -1.193674e-02))
504.38        	((-2.767313e+01 1.421973e+03 1.656620e+02) (1.653046e-02 4.448864e+00 -4.208347e-02)) ((-1.897795e+02 9.437832e-01 -3.434232e+00) (-1.930493e-01 6.514905e-03 -1.191517e-02))
504.39        	((-2.771093e+01 1.421863e+03 1.656438e+02) (1.645705e-02 4.449717e+00 -4.197025e-02)) ((-1.898058e+02 9.651469e-01 -3.437243e+00) (-1.924882e-01 6.445141e-03 -1.184340e-02))
504.4         	((-2.773460e+01 1.421725e+03 1.656296e+02) (1.634552e-02 4.449389e+00 -4.172099e-02)) ((-1.898492e+02 9.769285e-01 -3.441108e+00) (-1.929030e-01 6.479595e-03 -1.184067e-02))
504.41        	((-2.774771e+01 1.421616e+03 1.656250e+02) (1.636338e-02 4.450082e+00 -4.150928e-02)) ((-1.898663e+02 9.823530e-01 -3.443571e+00) (-1.924485e-01 6.411393e-03 -1.180649e-02))
504.42        	((-2.780438e+01 1.421467e+03 1.656047e+02) (1.622772e-02 4.449493e+00 -4.122932e-02)) ((-1.899086e+02 1.007808e+00 -3.440696e+00) (-1.929897e-01 6.476528e-03 -1.179163e-02))
504.43        	((-2.784795e+01 1.421346e+03 1.655996e+02) (1.635647e-02 4.450382e+00 -4.107997e-02)) ((-1.899260e+02 1.022170e+00 -3.439566e+00) (-1.924001e-01 6.409199e-03 -1.177769e-02))
504.44        	((-2.794087e+01 1.421183e+03 1.655817e+02) (1.627234e-02 4.449629e+00 -4.082241e-02)) ((-1.899709e+02 1.057464e+00 -3.433212e+00) (-1.930959e-01 6.501561e-03 -1.179538e-02))
504.45        	((-2.807624e+01 1.421030e+03 1.655703e+02) (1.649258e-02 4.450769e+00 -4.069846e-02)) ((-1.899974e+02 1.105356e+00 -3.424031e+00) (-1.923311e-01 6.426442e-03 -1.178001e-02))
504.46        	((-2.817075e+01 1.420847e+03 1.655580e+02) (1.667441e-02 4.450387e+00 -4.046161e-02)) ((-1.900437e+02 1.135298e+00 -3.419173e+00) (-1.928032e-01 6.402992e-03 -1.180883e-02))
504.47        	((-2.832395e+01 1.420697e+03 1.655409e+02) (1.689154e-02 4.451372e+00 -4.037456e-02)) ((-1.900630e+02 1.189241e+00 -3.406185e+00) (-1.921850e-01 6.364578e-03 -1.180744e-02))
504.48        	((-2.853886e+01 1.420524e+03 1.655147e+02) (1.705880e-02 4.451117e+00 -4.027685e-02)) ((-1.900993e+02 1.261844e+00 -3.387692e+00) (-1.925722e-01 6.399883e-03 -1.182985e-02))
504.49        	((-2.879804e+01 1.420375e+03 1.654918e+02) (1.731818e-02 4.451991e+00 -4.021211e-02)) ((-1.901111e+02 1.345807e+00 -3.367574e+00) (-1.920129e-01 6.394954e-03 -1.185630e-02))
504.5         	((-2.907841e+01 1.420196e+03 1.654630e+02) (1.753893e-02 4.451536e+00 -4.008476e-02)) ((-1.901434e+02 1.431004e+00 -3.348784e+00) (-1.925074e-01 6.474374e-03 -1.192420e-02))
504.51        	((-2.937910e+01 1.420040e+03 1.654363e+02) (1.795098e-02 4.452394e+00 -3.996961e-02)) ((-1.901539e+02 1.521027e+00 -3.329565e+00) (-1.919278e-01 6.444211e-03 -1.197115e-02))
504.52        	((-2.969987e+01 1.419859e+03 1.654021e+02) (1.822583e-02 4.451865e+00 -3.975493e-02)) ((-1.901834e+02 1.615999e+00 -3.308594e+00) (-1.924656e-01 6.535702e-03 -1.206094e-02))
504.53        	((-3.004677e+01 1.419714e+03 1.653720e+02) (1.870458e-02 4.452799e+00 -3.962709e-02)) ((-1.901864e+02 1.720065e+00 -3.284030e+00) (-1.918214e-01 6.485348e-03 -1.209147e-02))
504.54        	((-3.041734e+01 1.419553e+03 1.653383e+02) (1.903734e-02 4.452322e+00 -3.940599e-02)) ((-1.902046e+02 1.831805e+00 -3.256591e+00) (-1.923215e-01 6.560530e-03 -1.216084e-02))
504.55        	((-3.081067e+01 1.419426e+03 1.653120e+02) (1.949301e-02 4.453354e+00 -3.926744e-02)) ((-1.901964e+02 1.951225e+00 -3.226741e+00) (-1.916326e-01 6.547725e-03 -1.218062e-02))
504.56        	((-3.121854e+01 1.419280e+03 1.652843e+02) (1.978684e-02 4.453002e+00 -3.902638e-02)) ((-1.902050e+02 2.074889e+00 -3.196222e+00) (-1.920773e-01 6.671476e-03 -1.224730e-02))
504.57        	((-3.164803e+01 1.419176e+03 1.652649e+02) (2.018510e-02 4.454085e+00 -3.890402e-02)) ((-1.901876e+02 2.206263e+00 -3.163850e+00) (-1.913783e-01 6.683884e-03 -1.226448e-02))
504.58        	((-3.208263e+01 1.419061e+03 1.652443e+02) (2.043021e-02 4.453684e+00 -3.876944e-02)) ((-1.901885e+02 2.338884e+00 -3.131788e+00) (-1.918520e-01 6.812613e-03 -1.231236e-02))
504.59        	((-3.252125e+01 1.418988e+03 1.652313e+02) (2.083415e-02 4.454657e+00 -3.876204e-02)) ((-1.901651e+02 2.473747e+00 -3.099361e+00) (-1.911817e-01 6.811728e-03 -1.230367e-02))
504.6         	((-3.295563e+01 1.418905e+03 1.652167e+02) (2.103115e-02 4.454143e+00 -3.871503e-02)) ((-1.901602e+02 2.606869e+00 -3.067662e+00) (-1.917005e-01 6.930212e-03 -1.233513e-02))
504.61        	((-3.338247e+01 1.418867e+03 1.652099e+02) (2.131442e-02 4.455103e+00 -3.880731e-02)) ((-1.901298e+02 2.737857e+00 -3.037191e+00) (-1.910411e-01 6.932787e-03 -1.230920e-02))
504.62        	((-3.379117e+01 1.418825e+03 1.652000e+02) (2.131913e-02 4.454605e+00 -3.890073e-02)) ((-1.901160e+02 2.862014e+00 -3.009791e+00) (-1.915702e-01 7.065680e-03 -1.232287e-02))
504.63        	((-3.417865e+01 1.418833e+03 1.651963e+02) (2.140565e-02 4.455623e+00 -3.911459e-02)) ((-1.900760e+02 2.978928e+00 -2.985859e+00) (-1.909264e-01 7.093269e-03 -1.229007e-02))
504.64        	((-3.453901e+01 1.418838e+03 1.651864e+02) (2.130204e-02 4.455271e+00 -3.922135e-02)) ((-1.900536e+02 3.085012e+00 -2.966070e+00) (-1.914486e-01 7.256783e-03 -1.231858e-02))
504.65        	((-3.487526e+01 1.418887e+03 1.651791e+02) (2.131117e-02 4.456363e+00 -3.939004e-02)) ((-1.900070e+02 3.181926e+00 -2.949333e+00) (-1.908177e-01 7.311604e-03 -1.229795e-02))
504.66        	((-3.518253e+01 1.418924e+03 1.651643e+02) (2.115864e-02 4.455995e+00 -3.942191e-02)) ((-1.899797e+02 3.267314e+00 -2.935843e+00) (-1.913618e-01 7.488737e-03 -1.233301e-02))
504.67        	((-3.545807e+01 1.419001e+03 1.651516e+02) (2.116185e-02 4.457056e+00 -3.944066e-02)) ((-1.899290e+02 3.341861e+00 -2.924781e+00) (-1.907317e-01 7.544449e-03 -1.233020e-02))
504.68        	((-3.569501e+01 1.419071e+03 1.651316e+02) (2.096999e-02 4.456555e+00 -3.934747e-02)) ((-1.898979e+02 3.402180e+00 -2.916669e+00) (-1.913053e-01 7.715240e-03 -1.237825e-02))
504.69        	((-3.589725e+01 1.419188e+03 1.651142e+02) (2.090201e-02 4.457426e+00 -3.935200e-02)) ((-1.898430e+02 3.450196e+00 -2.911308e+00) (-1.907307e-01 7.754910e-03 -1.238756e-02))
504.7         	((-3.606343e+01 1.419302e+03 1.650896e+02) (2.062536e-02 4.456743e+00 -3.924680e-02)) ((-1.898061e+02 3.484727e+00 -2.909488e+00) (-1.913633e-01 7.907242e-03 -1.247207e-02))
504.71        	((-3.619664e+01 1.419465e+03 1.650680e+02) (2.058636e-02 4.457560e+00 -3.911580e-02)) ((-1.897443e+02 3.508060e+00 -2.910420e+00) (-1.908074e-01 7.886148e-03 -1.251608e-02))
504.72        	((-3.630258e+01 1.419624e+03 1.650402e+02) (2.029703e-02 4.456742e+00 -3.889316e-02)) ((-1.897000e+02 3.521249e+00 -2.913838e+00) (-1.914830e-01 8.004527e-03 -1.266207e-02))
504.73        	((-3.635857e+01 1.419818e+03 1.650177e+02) (2.050908e-02 4.458002e+00 -3.872575e-02)) ((-1.896351e+02 3.518805e+00 -2.920338e+00) (-1.907837e-01 7.859760e-03 -1.262644e-02))
504.74        	((-3.638468e+01 1.419998e+03 1.649926e+02) (2.031101e-02 4.457466e+00 -3.851528e-02)) ((-1.895931e+02 3.506202e+00 -2.930153e+00) (-1.913629e-01 7.930310e-03 -1.274835e-02))
504.75        	((-3.636153e+01 1.420212e+03 1.649748e+02) (2.052867e-02 4.459236e+00 -3.838145e-02)) ((-1.895329e+02 3.477032e+00 -2.942193e+00) (-1.905106e-01 7.776316e-03 -1.263066e-02))
504.76        	((-3.631305e+01 1.420408e+03 1.649549e+02) (2.017431e-02 4.459001e+00 -3.836806e-02)) ((-1.894963e+02 3.439324e+00 -2.956422e+00) (-1.910125e-01 7.882155e-03 -1.268268e-02))
504.77        	((-3.624029e+01 1.420638e+03 1.649436e+02) (2.011588e-02 4.460268e+00 -3.836702e-02)) ((-1.894393e+02 3.393995e+00 -2.971030e+00) (-1.903444e-01 7.781646e-03 -1.268896e-02))
504.78        	((-3.611387e+01 1.420840e+03 1.649348e+02) (1.973404e-02 4.460046e+00 -3.857872e-02)) ((-1.894063e+02 3.330803e+00 -2.988637e+00) (-1.908658e-01 7.878049e-03 -1.273802e-02))
504.79        	((-3.594929e+01 1.421073e+03 1.649308e+02) (1.973697e-02 4.461254e+00 -3.869965e-02)) ((-1.893532e+02 3.255922e+00 -3.006207e+00) (-1.902330e-01 7.726261e-03 -1.277183e-02))
504.8         	((-3.572507e+01 1.421263e+03 1.649315e+02) (1.953312e-02 4.461140e+00 -3.916749e-02)) ((-1.893292e+02 3.161612e+00 -3.028371e+00) (-1.907308e-01 7.730628e-03 -1.276185e-02))
504.81        	((-3.546448e+01 1.421476e+03 1.649391e+02) (1.949448e-02 4.462062e+00 -3.956117e-02)) ((-1.892867e+02 3.057976e+00 -3.051060e+00) (-1.902028e-01 7.565079e-03 -1.279046e-02))
504.82        	((-3.514970e+01 1.421647e+03 1.649447e+02) (1.935975e-02 4.461869e+00 -4.018100e-02)) ((-1.892716e+02 2.938387e+00 -3.076547e+00) (-1.907182e-01 7.517411e-03 -1.277095e-02))
504.83        	((-3.481191e+01 1.421846e+03 1.649543e+02) (1.944128e-02 4.462697e+00 -4.071958e-02)) ((-1.892361e+02 2.814649e+00 -3.101529e+00) (-1.902194e-01 7.273916e-03 -1.281068e-02))
504.84        	((-3.441633e+01 1.421998e+03 1.649683e+02) (1.901255e-02 4.462213e+00 -4.185292e-02)) ((-1.892295e+02 2.673813e+00 -3.130861e+00) (-1.908567e-01 7.314541e-03 -1.277050e-02))
504.85        	((-3.403144e+01 1.422191e+03 1.649728e+02) (1.947539e-02 4.463397e+00 -4.213655e-02)) ((-1.891985e+02 2.539622e+00 -3.156569e+00) (-1.902265e-01 6.928421e-03 -1.284782e-02))
504.86        	((-3.361020e+01 1.422331e+03 1.649745e+02) (1.964688e-02 4.463407e+00 -4.281086e-02)) ((-1.891951e+02 2.395483e+00 -3.185624e+00) (-1.906632e-01 6.763637e-03 -1.284798e-02))
504.87        	((-3.319761e+01 1.422490e+03 1.649783e+02) (1.974167e-02 4.464149e+00 -4.337433e-02)) ((-1.891713e+02 2.258687e+00 -3.212410e+00) (-1.901927e-01 6.512479e-03 -1.294298e-02))
504.88        	((-3.276114e+01 1.422606e+03 1.649752e+02) (1.981079e-02 4.464129e+00 -4.408016e-02)) ((-1.891734e+02 2.117161e+00 -3.238376e+00) (-1.906358e-01 6.389316e-03 -1.291203e-02))
504.89        	((-3.234253e+01 1.422741e+03 1.649750e+02) (1.981548e-02 4.464776e+00 -4.454361e-02)) ((-1.891559e+02 1.985854e+00 -3.260079e+00) (-1.901874e-01 6.185340e-03 -1.299814e-02))
504.9         	((-3.190009e+01 1.422824e+03 1.649702e+02) (1.987837e-02 4.464721e+00 -4.508800e-02)) ((-1.891667e+02 1.848771e+00 -3.280718e+00) (-1.906344e-01 6.117823e-03 -1.296935e-02))
504.91        	((-3.147144e+01 1.422917e+03 1.649697e+02) (2.000728e-02 4.465504e+00 -4.540935e-02)) ((-1.891600e+02 1.720372e+00 -3.297676e+00) (-1.901296e-01 5.942557e-03 -1.301459e-02))
504.92        	((-3.102527e+01 1.422956e+03 1.649655e+02) (2.015642e-02 4.465245e+00 -4.580645e-02)) ((-1.891813e+02 1.588134e+00 -3.314082e+00) (-1.906308e-01 5.892716e-03 -1.299662e-02))
504.93        	((-3.060459e+01 1.423008e+03 1.649688e+02) (2.038725e-02 4.465849e+00 -4.600050e-02)) ((-1.891829e+02 1.468234e+00 -3.327486e+00) (-1.901721e-01 5.717726e-03 -1.303773e-02))
504.94        	((-3.017844e+01 1.423010e+03 1.649734e+02) (2.054301e-02 4.465430e+00 -4.639274e-02)) ((-1.892111e+02 1.348515e+00 -3.341254e+00) (-1.907113e-01 5.714614e-03 -1.299855e-02))
504.95        	((-2.979135e+01 1.423024e+03 1.649889e+02) (2.087781e-02 4.466193e+00 -4.658882e-02)) ((-1.892201e+02 1.246217e+00 -3.351448e+00) (-1.901734e-01 5.551627e-03 -1.294551e-02))
504.96        	((-2.941138e+01 1.422990e+03 1.650067e+02) (2.083016e-02 4.465315e+00 -4.685764e-02)) ((-1.892551e+02 1.148824e+00 -3.358503e+00) (-1.908448e-01 5.619891e-03 -1.294607e-02))
504.97        	((-2.905913e+01 1.422964e+03 1.650357e+02) (2.095306e-02 4.465797e+00 -4.708892e-02)) ((-1.892724e+02 1.064769e+00 -3.361124e+00) (-1.903870e-01 5.559823e-03 -1.291543e-02))
504.98        	((-2.872100e+01 1.422892e+03 1.650673e+02) (2.111396e-02 4.465101e+00 -4.728304e-02)) ((-1.893155e+02 9.882573e-01 -3.362077e+00) (-1.909710e-01 5.576498e-03 -1.288254e-02))
504.99        	((-2.844972e+01 1.422853e+03 1.651112e+02) (2.148584e-02 4.465337e+00 -4.702790e-02)) ((-1.893341e+02 9.372567e-01 -3.358586e+00) (-1.905640e-01 5.366401e-03 -1.291090e-02))
505           	((-2.817131e+01 1.422765e+03 1.651570e+02) (2.144082e-02 4.464651e+00 -4.738150e-02)) ((-1.893785e+02 8.863193e-01 -3.355440e+00) (-1.911261e-01 5.541180e-03 -1.284178e-02))
