# Forces      
# CofR        : (0.000000e+00 0.000000e+00 0.000000e+00)
# Time        forces(pressure viscous)	moments(pressure viscous)
500           	((-2.914180e+00 1.484427e+04 1.475538e+03) (-6.240898e-05 4.252502e+00 5.300976e-02)) ((2.934182e+03 1.497106e-01 1.192114e+00) (3.716652e-01 1.378400e-05 -1.147674e-04))
500.01        	((-7.629457e+00 1.180506e+04 1.282777e+03) (-4.157223e-03 2.564249e+00 7.469032e-03)) ((2.133161e+03 3.868496e-01 1.563907e+00) (-8.438102e-02 8.931879e-04 6.449664e-04))
500.02        	((-9.426701e+00 2.996396e+03 2.873406e+02) (-5.125105e-03 8.096715e-01 -1.149991e-01)) ((1.703084e+02 1.174658e+00 1.566065e+00) (-5.308308e-01 1.012291e-03 1.519028e-03))
500.03        	((-5.451291e-01 -3.748734e+03 -4.769755e+02) (-3.267407e-03 2.835393e-01 -2.711263e-01)) ((-1.338129e+03 7.318860e-01 5.210751e-01) (-6.179589e-01 1.761384e-03 5.158155e-04))
500.04        	((1.418288e+01 -4.309306e+03 -6.145696e+02) (3.332806e-03 1.149981e+00 -3.362860e-01)) ((-1.268967e+03 -1.044346e+00 -9.958870e-01) (-3.228726e-01 -9.111685e-04 -6.399817e-03))
500.05        	((2.152697e+01 -1.086278e+03 -3.020286e+02) (-9.436998e-03 3.271114e+00 -3.205324e-01)) ((-2.767689e+02 -2.294473e+00 -1.754720e+00) (2.923379e-01 7.127231e-03 -3.641782e-03))
500.06        	((1.256710e+01 2.176228e+03 6.524373e+01) (-7.898435e-03 4.923227e+00 -2.426236e-01)) ((6.075318e+02 -7.299363e-01 -1.021323e+00) (6.526728e-01 5.704888e-03 -6.013962e-04))
500.07        	((-1.399254e+00 3.584361e+03 2.532879e+02) (-1.549919e-02 4.993124e+00 -9.896595e-02)) ((8.697336e+02 5.876503e-01 4.225204e-01) (5.255203e-01 7.689333e-03 2.778049e-03))
500.08        	((-9.250064e+00 3.096074e+03 2.398989e+02) (-1.793217e-02 3.945694e+00 -1.607394e-03)) ((5.544129e+02 1.395101e+00 1.289208e+00) (6.041313e-02 7.658801e-03 4.468796e-03))
500.09        	((-5.064276e+00 1.871567e+03 1.237049e+02) (-2.122718e-02 2.769101e+00 5.333072e-02)) ((1.045184e+02 -4.947434e-01 1.035098e+00) (-4.255630e-01 1.065396e-02 4.164695e-03))
500.1         	((5.135473e+00 8.775691e+02 -4.168113e+00) (-1.521488e-02 2.621565e+00 6.279381e-03)) ((-1.570306e+02 -2.025447e+00 6.537991e-02) (-4.690467e-01 1.100936e-02 1.025198e-03))
500.11        	((1.252881e+01 5.793251e+02 -6.587066e+01) (-1.949962e-02 3.343092e+00 -7.041139e-02)) ((-1.282679e+02 -2.645468e+00 -9.156799e-01) (-1.792928e-01 1.061731e-02 -2.389566e-04))
500.12        	((1.270091e+01 8.286352e+02 -5.946798e+01) (-1.451146e-02 4.351308e+00 -3.164756e-02)) ((5.834106e+01 -1.723703e+00 -1.122519e+00) (1.794403e-01 6.684873e-03 -2.985950e-03))
500.13        	((7.288285e+00 1.264918e+03 -1.586966e+01) (-8.755577e-03 4.797334e+00 -2.693937e-02)) ((2.268442e+02 -3.120187e-01 -6.523378e-01) (2.985223e-01 2.935161e-03 -3.750420e-03))
500.14        	((1.898539e+00 1.588429e+03 2.457268e+01) (-1.070602e-02 4.818221e+00 4.126288e-02)) ((2.823276e+02 3.182035e-01 8.254474e-02) (2.332296e-01 4.246494e-03 -3.200777e-03))
500.15        	((-1.187136e+00 1.677632e+03 3.711491e+01) (-7.625448e-03 4.740126e+00 9.098662e-02)) ((2.344250e+02 2.763748e-01 4.974439e-01) (1.294280e-01 2.471912e-03 -1.427633e-03))
500.16        	((-6.430689e-02 1.575142e+03 2.214856e+01) (-1.551656e-03 4.661043e+00 9.096393e-02)) ((1.496208e+02 -3.702080e-01 3.489333e-01) (4.523887e-02 1.137037e-03 -1.980693e-03))
500.17        	((2.738908e+00 1.401358e+03 -8.101309e+00) (3.828496e-03 4.698453e+00 7.298502e-02)) ((9.182871e+01 -7.075852e-01 -7.877083e-02) (4.012994e-02 -8.735200e-04 -3.310961e-03))
500.18        	((4.382058e+00 1.267751e+03 -3.604012e+01) (6.356478e-03 4.811109e+00 6.141910e-02)) ((8.351604e+01 -3.249926e-01 -3.263596e-01) (8.378572e-02 -2.428277e-03 -2.840660e-03))
500.19        	((4.190004e+00 1.223212e+03 -4.977521e+01) (9.748939e-03 4.928011e+00 6.050273e-02)) ((1.083477e+02 4.647753e-01 -3.198989e-01) (1.379083e-01 -3.030214e-03 -3.700861e-03))
500.2         	((2.917781e+00 1.254501e+03 -4.873057e+01) (1.233943e-02 5.008349e+00 6.680988e-02)) ((1.361832e+02 1.067502e+00 -1.052461e-01) (1.696951e-01 -4.535182e-03 -2.921420e-03))
500.21        	((1.504974e+00 1.316529e+03 -3.916681e+01) (1.354425e-02 5.037732e+00 7.391525e-02)) ((1.474365e+02 1.385785e+00 5.531882e-02) (1.731139e-01 -6.175508e-03 -2.663878e-03))
500.22        	((7.081209e-01 1.362811e+03 -2.986125e+01) (1.464246e-02 5.037662e+00 7.361292e-02)) ((1.399922e+02 1.482786e+00 8.908012e-02) (1.630191e-01 -7.813887e-03 -2.433257e-03))
500.23        	((5.493336e-01 1.369557e+03 -2.616283e+01) (1.720779e-02 5.038513e+00 6.723282e-02)) ((1.236098e+02 1.530721e+00 3.612802e-02) (1.486942e-01 -7.894921e-03 -1.258321e-03))
500.24        	((6.491054e-01 1.340622e+03 -2.730127e+01) (1.837966e-02 5.044693e+00 6.312043e-02)) ((1.088438e+02 1.763584e+00 -4.591151e-02) (1.429122e-01 -8.509574e-03 -1.461444e-03))
500.25        	((7.098981e-01 1.297601e+03 -3.096598e+01) (1.916426e-02 5.043678e+00 5.833873e-02)) ((1.022292e+02 2.072157e+00 -7.917810e-02) (1.418552e-01 -8.197923e-03 -1.109588e-03))
500.26        	((7.995109e-01 1.263868e+03 -3.458503e+01) (1.842095e-02 5.033534e+00 5.354590e-02)) ((1.040657e+02 2.357042e+00 -8.691151e-02) (1.443955e-01 -7.659737e-03 -8.367923e-04))
500.27        	((7.924534e-01 1.249418e+03 -3.552587e+01) (1.648003e-02 5.012665e+00 4.987804e-02)) ((1.080211e+02 2.545689e+00 -1.041101e-01) (1.458278e-01 -6.808577e-03 -6.103576e-04))
500.28        	((7.184796e-01 1.250881e+03 -3.370968e+01) (1.303013e-02 4.984892e+00 4.792859e-02)) ((1.091621e+02 2.644125e+00 -1.347122e-01) (1.450707e-01 -6.113489e-03 -2.050196e-04))
500.29        	((5.601015e-01 1.257792e+03 -3.089298e+01) (9.439803e-03 4.954677e+00 4.557325e-02)) ((1.064797e+02 2.659263e+00 -1.737306e-01) (1.401694e-01 -5.602371e-03 3.693769e-04))
500.3         	((3.958680e-01 1.260677e+03 -2.914820e+01) (7.058007e-03 4.925451e+00 4.405906e-02)) ((1.020685e+02 2.623396e+00 -2.080871e-01) (1.324382e-01 -4.371790e-03 7.964801e-04))
500.31        	((2.628550e-01 1.255771e+03 -2.953143e+01) (4.351879e-03 4.899605e+00 4.322649e-02)) ((9.849949e+01 2.645305e+00 -2.332012e-01) (1.242212e-01 -2.889088e-03 1.120416e-03))
500.32        	((2.342328e-01 1.245032e+03 -3.171431e+01) (1.884829e-03 4.874698e+00 4.233261e-02)) ((9.686684e+01 2.684546e+00 -2.427747e-01) (1.172083e-01 -1.411692e-03 1.333843e-03))
500.33        	((2.581525e-01 1.233634e+03 -3.466185e+01) (1.406894e-04 4.850317e+00 4.186488e-02)) ((9.676218e+01 2.688384e+00 -2.537946e-01) (1.123891e-01 -2.966343e-04 1.507469e-03))
500.34        	((3.451101e-01 1.225860e+03 -3.751026e+01) (-1.508865e-03 4.826276e+00 4.186722e-02)) ((9.710065e+01 2.586600e+00 -2.613333e-01) (1.094744e-01 6.677304e-04 1.646974e-03))
500.35        	((3.768789e-01 1.223098e+03 -3.992234e+01) (-2.943431e-03 4.799241e+00 4.054632e-02)) ((9.704576e+01 2.445124e+00 -2.671398e-01) (1.052542e-01 1.404381e-03 1.642084e-03))
500.36        	((5.156290e-01 1.223746e+03 -4.198783e+01) (-4.105564e-03 4.772847e+00 3.941488e-02)) ((9.638682e+01 2.226891e+00 -2.618588e-01) (1.008821e-01 1.960283e-03 1.545731e-03))
500.37        	((6.516685e-01 1.224866e+03 -4.392509e+01) (-4.704863e-03 4.748198e+00 3.895477e-02)) ((9.536052e+01 2.014482e+00 -2.485084e-01) (9.631413e-02 2.151013e-03 1.337233e-03))
500.38        	((7.871135e-01 1.224387e+03 -4.595482e+01) (-5.397875e-03 4.727249e+00 3.852041e-02)) ((9.435297e+01 1.832253e+00 -2.398804e-01) (9.235434e-02 2.498266e-03 1.318157e-03))
500.39        	((8.938868e-01 1.221758e+03 -4.800164e+01) (-5.944388e-03 4.709997e+00 3.761879e-02)) ((9.352858e+01 1.674775e+00 -2.344617e-01) (8.881343e-02 2.731046e-03 1.227374e-03))
500.4         	((9.243498e-01 1.218330e+03 -5.008698e+01) (-6.280493e-03 4.694112e+00 3.540627e-02)) ((9.298911e+01 1.537157e+00 -2.255952e-01) (8.514219e-02 2.881681e-03 1.092535e-03))
500.41        	((8.939831e-01 1.216113e+03 -5.202940e+01) (-6.565602e-03 4.678353e+00 3.220367e-02)) ((9.267622e+01 1.412599e+00 -2.125166e-01) (8.119274e-02 3.060017e-03 1.056518e-03))
500.42        	((8.340540e-01 1.216121e+03 -5.365048e+01) (-6.686953e-03 4.662463e+00 2.782412e-02)) ((9.236754e+01 1.300760e+00 -2.008816e-01) (7.668933e-02 3.033067e-03 9.795629e-04))
500.43        	((7.869592e-01 1.218056e+03 -5.491094e+01) (-6.270826e-03 4.647238e+00 2.256773e-02)) ((9.187658e+01 1.193202e+00 -1.938086e-01) (7.190288e-02 2.753191e-03 7.840691e-04))
500.44        	((7.856278e-01 1.221018e+03 -5.590270e+01) (-5.620465e-03 4.633409e+00 1.651954e-02)) ((9.120692e+01 1.078008e+00 -1.932482e-01) (6.693318e-02 2.398822e-03 5.794331e-04))
500.45        	((8.050679e-01 1.224388e+03 -5.676395e+01) (-4.898550e-03 4.621729e+00 9.699178e-03)) ((9.053517e+01 9.643166e-01 -1.989891e-01) (6.189935e-02 2.053945e-03 3.839738e-04))
500.46        	((8.030350e-01 1.228277e+03 -5.759236e+01) (-4.264048e-03 4.612639e+00 1.869573e-03)) ((9.009545e+01 8.715204e-01 -2.058306e-01) (5.698805e-02 1.801224e-03 1.718189e-04))
500.47        	((7.784033e-01 1.233264e+03 -5.841711e+01) (-3.703611e-03 4.606114e+00 -7.048466e-03)) ((9.001813e+01 8.015450e-01 -2.099049e-01) (5.217625e-02 1.625856e-03 -7.921823e-06))
500.48        	((7.065015e-01 1.239609e+03 -5.923426e+01) (-3.081630e-03 4.601771e+00 -1.668048e-02)) ((9.023494e+01 7.573503e-01 -2.107671e-01) (4.745459e-02 1.426669e-03 -1.556916e-04))
500.49        	((6.020791e-01 1.246394e+03 -6.005882e+01) (-2.513705e-03 4.599618e+00 -2.630095e-02)) ((9.042192e+01 7.299485e-01 -2.105171e-01) (4.298290e-02 1.216768e-03 -2.891033e-04))
500.5         	((4.939572e-01 1.252323e+03 -6.091205e+01) (-2.003308e-03 4.599124e+00 -3.570793e-02)) ((9.024814e+01 7.091399e-01 -2.121706e-01) (3.868023e-02 9.664217e-04 -3.827681e-04))
500.51        	((3.537378e-01 1.257357e+03 -6.177813e+01) (-1.322700e-03 4.599638e+00 -4.530399e-02)) ((8.972546e+01 7.056170e-01 -2.137225e-01) (3.437977e-02 6.683519e-04 -5.300092e-04))
500.52        	((1.829852e-01 1.262457e+03 -6.262782e+01) (-7.255039e-04 4.601467e+00 -5.528182e-02)) ((8.912748e+01 7.180674e-01 -2.133994e-01) (3.016217e-02 3.519742e-04 -6.482689e-04))
500.53        	((-2.608737e-02 1.268192e+03 -6.330644e+01) (-2.012218e-04 4.606488e+00 -6.455817e-02)) ((8.858827e+01 7.414534e-01 -2.076008e-01) (2.643849e-02 -6.539626e-06 -6.836315e-04))
500.54        	((-1.970726e-01 1.274548e+03 -6.412275e+01) (5.986855e-05 4.612481e+00 -7.300501e-02)) ((8.816410e+01 7.682115e-01 -2.002970e-01) (2.325831e-02 -2.797982e-04 -6.814483e-04))
500.55        	((-3.172001e-01 1.280602e+03 -6.500367e+01) (2.958402e-04 4.619589e+00 -8.093452e-02)) ((8.771513e+01 7.948900e-01 -1.955442e-01) (2.042716e-02 -3.936707e-04 -5.932351e-04))
500.56        	((-4.510955e-01 1.285897e+03 -6.584885e+01) (2.694425e-04 4.627242e+00 -8.900259e-02)) ((8.717725e+01 8.325348e-01 -1.946489e-01) (1.790194e-02 -6.240177e-04 -4.426114e-04))
500.57        	((-7.049993e-01 1.290756e+03 -6.659944e+01) (-1.690252e-04 4.635983e+00 -9.688450e-02)) ((8.658786e+01 8.641359e-01 -1.957204e-01) (1.544461e-02 -1.147621e-03 -8.350771e-04))
500.58        	((-9.603906e-01 1.295743e+03 -6.725701e+01) (1.267943e-04 4.646799e+00 -1.053052e-01)) ((8.601331e+01 9.213028e-01 -1.913864e-01) (1.257871e-02 -1.146259e-03 -8.142999e-04))
500.59        	((-1.179959e+00 1.301099e+03 -6.785169e+01) (2.072015e-04 4.658491e+00 -1.141825e-01)) ((8.544879e+01 9.983923e-01 -1.802391e-01) (9.796066e-03 -1.214749e-03 -8.268651e-04))
500.6         	((-1.353031e+00 1.306635e+03 -6.840910e+01) (3.042326e-04 4.671300e+00 -1.231240e-01)) ((8.485738e+01 1.069426e+00 -1.685265e-01) (7.244547e-03 -1.318518e-03 -8.369885e-04))
500.61        	((-1.484843e+00 1.312080e+03 -6.893097e+01) (3.707052e-04 4.684912e+00 -1.317858e-01)) ((8.423349e+01 1.114438e+00 -1.619593e-01) (4.910287e-03 -1.450809e-03 -9.314227e-04))
500.62        	((-1.598663e+00 1.317975e+03 -6.939951e+01) (4.235337e-04 4.698401e+00 -1.410423e-01)) ((8.370006e+01 1.137714e+00 -1.571259e-01) (2.220406e-03 -1.602910e-03 -1.298574e-03))
500.63        	((-1.681818e+00 1.323637e+03 -6.988940e+01) (6.357763e-04 4.714122e+00 -1.500666e-01)) ((8.314729e+01 1.154642e+00 -1.539025e-01) (3.424768e-04 -1.874494e-03 -1.057494e-03))
500.64        	((-1.748730e+00 1.328861e+03 -7.031627e+01) (8.307601e-04 4.729569e+00 -1.584360e-01)) ((8.256889e+01 1.175587e+00 -1.492366e-01) (-1.673290e-03 -2.058474e-03 -1.099959e-03))
500.65        	((-1.802054e+00 1.334173e+03 -7.042090e+01) (8.511070e-04 4.747688e+00 -1.655936e-01)) ((8.193127e+01 1.197436e+00 -1.455232e-01) (-3.366967e-03 -2.189762e-03 -1.020047e-03))
500.66        	((-1.840590e+00 1.339622e+03 -7.065859e+01) (9.761944e-04 4.763832e+00 -1.720171e-01)) ((8.139842e+01 1.214052e+00 -1.396162e-01) (-4.771666e-03 -2.268296e-03 -1.106389e-03))
500.67        	((-1.831194e+00 1.344901e+03 -7.100595e+01) (9.935036e-04 4.780287e+00 -1.778307e-01)) ((8.093035e+01 1.217530e+00 -1.339050e-01) (-5.943564e-03 -2.356479e-03 -9.293571e-04))
500.68        	((-1.816061e+00 1.349784e+03 -7.130806e+01) (1.322866e-03 4.795640e+00 -1.835664e-01)) ((8.047640e+01 1.214736e+00 -1.266270e-01) (-7.661108e-03 -2.428740e-03 -1.096744e-03))
500.69        	((-1.757132e+00 1.354885e+03 -7.134426e+01) (1.227536e-03 4.814526e+00 -1.874937e-01)) ((7.996723e+01 1.208181e+00 -1.194042e-01) (-8.516160e-03 -2.522171e-03 -8.606122e-04))
500.7         	((-1.709442e+00 1.359983e+03 -7.150516e+01) (1.666997e-03 4.830059e+00 -1.912946e-01)) ((7.950643e+01 1.200604e+00 -1.105636e-01) (-9.739402e-03 -2.571692e-03 -1.228453e-03))
500.71        	((-1.619164e+00 1.365033e+03 -7.178124e+01) (1.568755e-03 4.847486e+00 -1.932150e-01)) ((7.911013e+01 1.189847e+00 -1.053519e-01) (-9.696527e-03 -2.725309e-03 -8.940085e-04))
500.72        	((-1.546328e+00 1.369850e+03 -7.201526e+01) (1.971289e-03 4.863327e+00 -1.950214e-01)) ((7.873341e+01 1.172599e+00 -9.466791e-02) (-1.032998e-02 -2.786513e-03 -1.188820e-03))
500.73        	((-1.395595e+00 1.374972e+03 -7.208302e+01) (1.683193e-03 4.882218e+00 -1.955561e-01)) ((7.829987e+01 1.158290e+00 -9.526075e-02) (-1.032450e-02 -2.898884e-03 -9.840919e-04))
500.74        	((-1.281641e+00 1.380003e+03 -7.220383e+01) (2.692697e-03 4.895006e+00 -1.975719e-01)) ((7.792116e+01 1.128206e+00 -7.306073e-02) (-1.217621e-02 -2.648884e-03 -2.366832e-03))
500.75        	((-1.162821e+00 1.384676e+03 -7.243013e+01) (2.682776e-03 4.914348e+00 -1.965880e-01)) ((7.755992e+01 1.105949e+00 -7.497138e-02) (-1.045150e-02 -2.970841e-03 -1.223048e-03))
500.76        	((-9.719736e-01 1.389040e+03 -7.275074e+01) (2.960362e-03 4.931298e+00 -1.957172e-01)) ((7.721540e+01 1.078147e+00 -8.273911e-02) (-9.818524e-03 -3.211401e-03 -1.060517e-03))
500.77        	((-8.046951e-01 1.393930e+03 -7.277860e+01) (3.346934e-03 4.948686e+00 -1.952190e-01)) ((7.687802e+01 1.041389e+00 -7.948850e-02) (-1.005340e-02 -3.231408e-03 -1.278869e-03))
500.78        	((-5.820621e-01 1.398767e+03 -7.301844e+01) (3.067674e-03 4.964809e+00 -1.937941e-01)) ((7.658811e+01 1.015164e+00 -8.377536e-02) (-9.614035e-03 -3.354532e-03 -1.371867e-03))
500.79        	((-4.336356e-01 1.403425e+03 -7.323804e+01) (4.036223e-03 4.981532e+00 -1.934915e-01)) ((7.633661e+01 9.764081e-01 -6.785039e-02) (-9.061507e-03 -3.439126e-03 -1.156069e-03))
500.8         	((-2.588956e-01 1.408285e+03 -7.334270e+01) (4.261115e-03 4.999111e+00 -1.925096e-01)) ((7.602870e+01 9.415738e-01 -8.187731e-02) (-8.959919e-03 -3.500014e-03 -1.197685e-03))
500.81        	((-1.117660e-01 1.412828e+03 -7.352781e+01) (4.751989e-03 5.014598e+00 -1.920455e-01)) ((7.576979e+01 9.069777e-01 -9.725944e-02) (-8.832550e-03 -3.538323e-03 -1.438060e-03))
500.82        	((7.464330e-02 1.417561e+03 -7.367998e+01) (4.596454e-03 5.030976e+00 -1.908538e-01)) ((7.551066e+01 8.765072e-01 -1.220925e-01) (-8.972796e-03 -3.585510e-03 -1.473713e-03))
500.83        	((2.107487e-01 1.421978e+03 -7.387150e+01) (5.336777e-03 5.046581e+00 -1.906748e-01)) ((7.532387e+01 8.309369e-01 -1.154462e-01) (-8.702726e-03 -3.590073e-03 -1.076141e-03))
500.84        	((3.773134e-01 1.426493e+03 -7.401097e+01) (5.373267e-03 5.063093e+00 -1.899161e-01)) ((7.510425e+01 7.890878e-01 -1.221010e-01) (-8.785505e-03 -3.563705e-03 -9.142846e-04))
500.85        	((5.177118e-01 1.431195e+03 -7.405136e+01) (5.696265e-03 5.079146e+00 -1.897747e-01)) ((7.489323e+01 7.455630e-01 -1.260559e-01) (-8.938998e-03 -3.525688e-03 -9.344488e-04))
500.86        	((6.850091e-01 1.435923e+03 -7.419552e+01) (5.426978e-03 5.094586e+00 -1.889411e-01)) ((7.469403e+01 7.133713e-01 -1.410291e-01) (-9.210424e-03 -3.514579e-03 -1.099379e-03))
500.87        	((7.946037e-01 1.439963e+03 -7.448919e+01) (6.162975e-03 5.109328e+00 -1.893081e-01)) ((7.456156e+01 6.701386e-01 -1.342299e-01) (-9.017179e-03 -3.557423e-03 -7.661491e-04))
500.88        	((9.266448e-01 1.443881e+03 -7.473790e+01) (6.184441e-03 5.125082e+00 -1.889779e-01)) ((7.440563e+01 6.331298e-01 -1.530620e-01) (-9.103620e-03 -3.561228e-03 -6.524655e-04))
500.89        	((1.030751e+00 1.448066e+03 -7.478800e+01) (6.514122e-03 5.140516e+00 -1.892862e-01)) ((7.428368e+01 5.886783e-01 -1.644590e-01) (-9.264857e-03 -3.542379e-03 -6.511137e-04))
500.9         	((1.190750e+00 1.452480e+03 -7.493924e+01) (4.788259e-03 5.152577e+00 -1.877591e-01)) ((7.417643e+01 5.688716e-01 -1.895579e-01) (-1.052393e-02 -3.446493e-03 -2.026675e-03))
500.91        	((1.325297e+00 1.456962e+03 -7.508937e+01) (6.252883e-03 5.170384e+00 -1.888035e-01)) ((7.409604e+01 5.485972e-01 -1.940145e-01) (-9.745541e-03 -3.473778e-03 -8.333666e-04))
500.92        	((1.415608e+00 1.461219e+03 -7.523856e+01) (6.642504e-03 5.186015e+00 -1.888248e-01)) ((7.400311e+01 5.085822e-01 -1.969731e-01) (-9.650263e-03 -3.463761e-03 -4.343388e-04))
500.93        	((1.511032e+00 1.465179e+03 -7.539860e+01) (6.497411e-03 5.200211e+00 -1.889569e-01)) ((7.391108e+01 4.840550e-01 -2.170099e-01) (-9.858841e-03 -3.425693e-03 -4.882420e-04))
500.94        	((1.556826e+00 1.469019e+03 -7.549590e+01) (6.937010e-03 5.215012e+00 -1.891557e-01)) ((7.385752e+01 4.392667e-01 -2.047495e-01) (-9.950509e-03 -3.376895e-03 -1.622004e-04))
500.95        	((1.653928e+00 1.472777e+03 -7.559966e+01) (6.538008e-03 5.228872e+00 -1.894348e-01)) ((7.382065e+01 4.302549e-01 -2.373057e-01) (-1.021217e-02 -3.294641e-03 -2.923745e-04))
500.96        	((1.683696e+00 1.476603e+03 -7.567079e+01) (7.172460e-03 5.243215e+00 -1.895683e-01)) ((7.381426e+01 3.927213e-01 -2.305104e-01) (-1.038642e-02 -3.254367e-03 1.087670e-04))
500.97        	((1.774797e+00 1.480436e+03 -7.570583e+01) (6.673340e-03 5.255721e+00 -1.909803e-01)) ((7.381541e+01 3.921591e-01 -2.716966e-01) (-1.122068e-02 -3.538741e-03 5.917886e-04))
500.98        	((1.807405e+00 1.484216e+03 -7.578376e+01) (6.956650e-03 5.271543e+00 -1.901802e-01)) ((7.380882e+01 3.616279e-01 -2.724945e-01) (-1.060253e-02 -3.108812e-03 1.378508e-04))
500.99        	((1.899351e+00 1.487872e+03 -7.592951e+01) (5.584800e-03 5.283065e+00 -1.899149e-01)) ((7.379595e+01 3.700274e-01 -3.031346e-01) (-1.143807e-02 -3.060832e-03 -7.217936e-04))
501           	((1.922970e+00 1.491458e+03 -7.608514e+01) (6.759676e-03 5.298495e+00 -1.901984e-01)) ((7.380345e+01 3.445766e-01 -2.829159e-01) (-1.101083e-02 -2.947061e-03 1.982339e-04))
501.01        	((2.025976e+00 1.494929e+03 -7.618431e+01) (5.524406e-03 5.310572e+00 -1.908914e-01)) ((7.382136e+01 3.562758e-01 -3.188745e-01) (-1.161676e-02 -3.085967e-03 -3.286851e-04))
501.02        	((2.039286e+00 1.498359e+03 -7.628381e+01) (6.410169e-03 5.325805e+00 -1.904448e-01)) ((7.385842e+01 3.243532e-01 -3.001771e-01) (-1.111783e-02 -2.708455e-03 2.059148e-04))
501.03        	((2.121049e+00 1.501684e+03 -7.636391e+01) (5.577365e-03 5.337657e+00 -1.909602e-01)) ((7.388946e+01 3.325871e-01 -3.295954e-01) (-1.173945e-02 -2.667881e-03 7.621553e-05))
501.04        	((2.096721e+00 1.504993e+03 -7.647288e+01) (6.438109e-03 5.351726e+00 -1.902762e-01)) ((7.393281e+01 2.972238e-01 -3.106251e-01) (-1.153440e-02 -2.333667e-03 4.836403e-04))
501.05        	((2.140013e+00 1.508242e+03 -7.649430e+01) (5.696670e-03 5.364385e+00 -1.912777e-01)) ((7.398274e+01 3.007929e-01 -3.425650e-01) (-1.182649e-02 -2.311137e-03 5.395220e-04))
501.06        	((2.110238e+00 1.511390e+03 -7.660016e+01) (5.926943e-03 5.377741e+00 -1.903438e-01)) ((7.402210e+01 2.738388e-01 -3.383161e-01) (-1.176255e-02 -1.904083e-03 5.041061e-04))
501.07        	((2.178122e+00 1.514467e+03 -7.670479e+01) (3.928203e-03 5.386587e+00 -1.901120e-01)) ((7.407343e+01 2.965986e-01 -3.680625e-01) (-1.320362e-02 -1.935785e-03 -6.209535e-04))
501.08        	((2.175280e+00 1.517482e+03 -7.689865e+01) (5.284220e-03 5.401921e+00 -1.896788e-01)) ((7.413536e+01 2.837752e-01 -3.511856e-01) (-1.238225e-02 -1.531739e-03 5.023989e-04))
501.09        	((2.194522e+00 1.520460e+03 -7.689576e+01) (4.612256e-03 5.414628e+00 -1.904870e-01)) ((7.421926e+01 2.846733e-01 -3.646769e-01) (-1.244984e-02 -1.502245e-03 7.708167e-04))
501.1         	((2.136439e+00 1.523331e+03 -7.698310e+01) (4.844644e-03 5.427131e+00 -1.893845e-01)) ((7.428878e+01 2.547498e-01 -3.459433e-01) (-1.248866e-02 -1.104640e-03 8.827334e-04))
501.11        	((2.160906e+00 1.526165e+03 -7.700815e+01) (3.611412e-03 5.438030e+00 -1.898828e-01)) ((7.437572e+01 2.722832e-01 -3.667853e-01) (-1.309991e-02 -1.154465e-03 7.674483e-04))
501.12        	((2.078112e+00 1.528954e+03 -7.706767e+01) (4.349449e-03 5.449237e+00 -1.888850e-01)) ((7.447043e+01 2.408335e-01 -3.292618e-01) (-1.291998e-02 -6.830764e-04 1.089177e-03))
501.13        	((2.070903e+00 1.531639e+03 -7.705556e+01) (3.554176e-03 5.459395e+00 -1.894070e-01)) ((7.456218e+01 2.524904e-01 -3.574655e-01) (-1.306504e-02 -5.748869e-04 9.713050e-04))
501.14        	((1.996146e+00 1.534199e+03 -7.716682e+01) (3.862520e-03 5.468997e+00 -1.881918e-01)) ((7.463502e+01 2.362506e-01 -3.532874e-01) (-1.331240e-02 -2.405601e-04 1.185512e-03))
501.15        	((2.015643e+00 1.536746e+03 -7.719648e+01) (2.359494e-03 5.477360e+00 -1.887651e-01)) ((7.473815e+01 2.656489e-01 -3.819976e-01) (-1.398990e-02 -3.757681e-04 7.908555e-04))
501.16        	((1.929049e+00 1.539262e+03 -7.726159e+01) (3.264981e-03 5.487902e+00 -1.875460e-01)) ((7.485482e+01 2.418270e-01 -3.423163e-01) (-1.375386e-02 1.272268e-04 1.429592e-03))
501.17        	((1.909585e+00 1.541698e+03 -7.726231e+01) (2.177319e-03 5.497636e+00 -1.876482e-01)) ((7.497445e+01 2.597658e-01 -3.638972e-01) (-1.374950e-02 3.463391e-04 9.690667e-04))
501.18        	((1.796346e+00 1.544027e+03 -7.734193e+01) (2.936068e-03 5.505878e+00 -1.864245e-01)) ((7.507833e+01 2.387305e-01 -3.360232e-01) (-1.423257e-02 5.586269e-04 1.756725e-03))
501.19        	((1.774265e+00 1.546317e+03 -7.732296e+01) (1.770410e-03 5.513918e+00 -1.893478e-01)) ((7.519871e+01 2.577305e-01 -3.611856e-01) (-1.498546e-02 -3.785813e-04 1.953086e-03))
501.2         	((1.720180e+00 1.548462e+03 -7.733438e+01) (2.464347e-03 5.522658e+00 -1.866118e-01)) ((7.530646e+01 2.399724e-01 -3.539914e-01) (-1.499998e-02 5.191288e-04 2.238094e-03))
501.21        	((1.670798e+00 1.550574e+03 -7.736842e+01) (1.152127e-03 5.532936e+00 -1.856875e-01)) ((7.543377e+01 2.573531e-01 -3.859700e-01) (-1.445983e-02 1.127249e-03 1.020911e-03))
501.22        	((1.557004e+00 1.552637e+03 -7.740569e+01) (1.855343e-03 5.539624e+00 -1.849490e-01)) ((7.555346e+01 2.471776e-01 -3.456215e-01) (-1.536552e-02 1.185060e-03 2.223772e-03))
501.23        	((1.499129e+00 1.554711e+03 -7.738955e+01) (6.729287e-04 5.549996e+00 -1.847427e-01)) ((7.569962e+01 2.590373e-01 -3.624035e-01) (-1.471141e-02 1.555999e-03 1.327774e-03))
501.24        	((1.393921e+00 1.556653e+03 -7.744910e+01) (2.093359e-03 5.554051e+00 -1.842107e-01)) ((7.581919e+01 2.434736e-01 -3.422584e-01) (-1.643828e-02 1.165130e-03 3.126801e-03))
501.25        	((1.336476e+00 1.558559e+03 -7.752882e+01) (-1.879239e-06 5.564489e+00 -1.834341e-01)) ((7.595733e+01 2.431121e-01 -3.648238e-01) (-1.564539e-02 1.693102e-03 1.142474e-03))
501.26        	((1.268304e+00 1.560435e+03 -7.745827e+01) (9.539985e-05 5.573864e+00 -1.834844e-01)) ((7.610726e+01 2.456613e-01 -3.469164e-01) (-1.545412e-02 1.723119e-03 1.398851e-03))
501.27        	((1.239995e+00 1.562184e+03 -7.742149e+01) (-3.378105e-04 5.581553e+00 -1.827756e-01)) ((7.623968e+01 2.611029e-01 -3.632185e-01) (-1.557509e-02 1.916364e-03 1.153808e-03))
501.28        	((1.198273e+00 1.563750e+03 -7.736937e+01) (-1.348264e-04 5.587432e+00 -1.842564e-01)) ((7.639368e+01 2.621938e-01 -3.612797e-01) (-1.645500e-02 1.130098e-03 2.000564e-03))
501.29        	((1.217443e+00 1.565174e+03 -7.728820e+01) (-6.515098e-04 5.595441e+00 -1.825406e-01)) ((7.655993e+01 2.752999e-01 -4.025922e-01) (-1.609876e-02 1.782640e-03 1.246475e-03))
501.3         	((1.097940e+00 1.566529e+03 -7.734581e+01) (1.548884e-03 5.599539e+00 -1.798227e-01)) ((7.670613e+01 2.466587e-01 -3.823942e-01) (-1.729143e-02 1.963408e-03 2.714354e-03))
501.31        	((1.014372e+00 1.567989e+03 -7.735656e+01) (-3.077632e-04 5.608350e+00 -1.808583e-01)) ((7.686556e+01 2.360098e-01 -3.934153e-01) (-1.702895e-02 1.820824e-03 1.850633e-03))
501.32        	((9.542565e-01 1.569539e+03 -7.724096e+01) (-6.783118e-04 5.617103e+00 -1.800161e-01)) ((7.702569e+01 2.405150e-01 -3.921060e-01) (-1.668691e-02 2.076260e-03 1.408949e-03))
501.33        	((9.273098e-01 1.571018e+03 -7.712881e+01) (-6.331857e-04 5.621631e+00 -1.807213e-01)) ((7.716373e+01 2.471409e-01 -3.875657e-01) (-1.792774e-02 1.433264e-03 2.115022e-03))
501.34        	((9.386828e-01 1.572532e+03 -7.693018e+01) (-8.555967e-04 5.630574e+00 -1.790908e-01)) ((7.734058e+01 2.574599e-01 -4.147541e-01) (-1.735892e-02 1.875804e-03 1.424690e-03))
501.35        	((8.564167e-01 1.573795e+03 -7.697610e+01) (1.021108e-03 5.633767e+00 -1.764537e-01)) ((7.747777e+01 2.321358e-01 -4.062178e-01) (-1.868399e-02 1.935447e-03 2.687972e-03))
501.36        	((7.809683e-01 1.575034e+03 -7.694888e+01) (-3.922602e-04 5.642919e+00 -1.776561e-01)) ((7.764255e+01 2.129254e-01 -4.137346e-01) (-1.833744e-02 1.603299e-03 1.885956e-03))
501.37        	((7.583051e-01 1.576162e+03 -7.685551e+01) (-8.469361e-04 5.650249e+00 -1.764430e-01)) ((7.779400e+01 2.147036e-01 -4.235228e-01) (-1.829527e-02 1.829958e-03 1.334567e-03))
501.38        	((7.405359e-01 1.577294e+03 -7.668732e+01) (-6.447526e-04 5.655865e+00 -1.764837e-01)) ((7.795258e+01 2.151003e-01 -4.105703e-01) (-1.917630e-02 1.403402e-03 1.914302e-03))
501.39        	((7.674890e-01 1.578452e+03 -7.650740e+01) (-9.287244e-04 5.663410e+00 -1.749245e-01)) ((7.813130e+01 2.270311e-01 -4.395386e-01) (-1.901945e-02 1.632687e-03 1.329179e-03))
501.4         	((7.149068e-01 1.579549e+03 -7.643212e+01) (1.196391e-04 5.668448e+00 -1.735730e-01)) ((7.829672e+01 2.063996e-01 -4.269283e-01) (-1.997127e-02 1.478193e-03 2.145121e-03))
501.41        	((7.174054e-01 1.580644e+03 -7.630411e+01) (-7.761073e-04 5.676217e+00 -1.729396e-01)) ((7.848303e+01 2.119241e-01 -4.670104e-01) (-1.986066e-02 1.518552e-03 1.371220e-03))
501.42        	((6.462437e-01 1.581585e+03 -7.626741e+01) (1.293998e-03 5.678507e+00 -1.712837e-01)) ((7.863121e+01 1.794551e-01 -4.411833e-01) (-2.174011e-02 1.140741e-03 3.241785e-03))
501.43        	((5.837159e-01 1.582478e+03 -7.626689e+01) (-2.761014e-04 5.687852e+00 -1.707398e-01)) ((7.878742e+01 1.542848e-01 -4.436024e-01) (-2.112941e-02 1.311306e-03 1.813615e-03))
501.44        	((5.880270e-01 1.583364e+03 -7.607033e+01) (-4.839609e-04 5.694754e+00 -1.711564e-01)) ((7.895755e+01 1.608496e-01 -4.483746e-01) (-2.155693e-02 7.685212e-04 1.763607e-03))
501.45        	((5.928295e-01 1.584174e+03 -7.595047e+01) (-2.422566e-04 5.701155e+00 -1.687979e-01)) ((7.911872e+01 1.575077e-01 -4.574541e-01) (-2.180762e-02 1.059562e-03 1.490454e-03))
501.46        	((6.288875e-01 1.585048e+03 -7.568662e+01) (-3.929478e-04 5.707256e+00 -1.688389e-01)) ((7.931322e+01 1.742222e-01 -4.855923e-01) (-2.251695e-02 6.314335e-04 1.746005e-03))
501.47        	((5.945393e-01 1.585760e+03 -7.564822e+01) (1.011792e-03 5.711958e+00 -1.658133e-01)) ((7.946701e+01 1.477242e-01 -4.806416e-01) (-2.329539e-02 7.940602e-04 2.165698e-03))
501.48        	((5.910371e-01 1.586513e+03 -7.546203e+01) (2.278296e-04 5.718509e+00 -1.671226e-01)) ((7.965414e+01 1.434890e-01 -4.998771e-01) (-2.397983e-02 -5.143512e-05 2.161863e-03))
501.49        	((6.019636e-01 1.587119e+03 -7.532608e+01) (3.571755e-04 5.725537e+00 -1.644206e-01)) ((7.980862e+01 1.331057e-01 -4.977693e-01) (-2.391837e-02 2.884368e-04 1.565924e-03))
501.5         	((6.120491e-01 1.587778e+03 -7.509336e+01) (3.416791e-04 5.732878e+00 -1.631314e-01)) ((7.999211e+01 1.371619e-01 -5.065152e-01) (-2.401277e-02 2.992663e-04 1.264595e-03))
501.51        	((5.819775e-01 1.588310e+03 -7.504026e+01) (1.867164e-03 5.736309e+00 -1.609778e-01)) ((8.014442e+01 1.123911e-01 -4.965691e-01) (-2.533648e-02 -8.408554e-06 2.160125e-03))
501.52        	((5.749881e-01 1.588903e+03 -7.490492e+01) (9.812718e-04 5.744362e+00 -1.607793e-01)) ((8.033091e+01 9.875091e-02 -5.156707e-01) (-2.527022e-02 -2.342246e-04 1.403585e-03))
501.53        	((5.842735e-01 1.589368e+03 -7.480763e+01) (1.083976e-03 5.750190e+00 -1.589410e-01)) ((8.049088e+01 9.033819e-02 -5.198416e-01) (-2.578809e-02 -3.243640e-04 1.196220e-03))
501.54        	((6.154310e-01 1.589867e+03 -7.456877e+01) (1.215896e-03 5.756675e+00 -1.586432e-01)) ((8.067376e+01 8.822778e-02 -5.250052e-01) (-2.622512e-02 -7.542021e-04 1.221835e-03))
501.55        	((5.840361e-01 1.590249e+03 -7.453484e+01) (3.472894e-03 5.758890e+00 -1.550695e-01)) ((8.082797e+01 5.343804e-02 -5.218922e-01) (-2.787548e-02 -7.361573e-04 2.567081e-03))
501.56        	((5.553758e-01 1.590670e+03 -7.444483e+01) (2.138408e-03 5.767089e+00 -1.559143e-01)) ((8.100603e+01 2.642318e-02 -5.342594e-01) (-2.779666e-02 -1.302955e-03 1.590410e-03))
501.57        	((5.792227e-01 1.591025e+03 -7.428151e+01) (1.968602e-03 5.774017e+00 -1.537438e-01)) ((8.117442e+01 2.259063e-02 -5.479637e-01) (-2.786860e-02 -1.126099e-03 9.853307e-04))
501.58        	((5.962999e-01 1.591330e+03 -7.407994e+01) (2.384005e-03 5.778647e+00 -1.531899e-01)) ((8.133659e+01 1.551308e-02 -5.360387e-01) (-2.895590e-02 -1.644330e-03 1.516449e-03))
501.59        	((6.631729e-01 1.591654e+03 -7.385932e+01) (2.254580e-03 5.785385e+00 -1.509403e-01)) ((8.151889e+01 2.409591e-02 -5.670549e-01) (-2.903285e-02 -1.507424e-03 8.918641e-04))
501.6         	((6.273692e-01 1.591897e+03 -7.375866e+01) (4.856302e-03 5.786648e+00 -1.486118e-01)) ((8.168247e+01 -1.337307e-02 -5.440653e-01) (-3.112770e-02 -1.957871e-03 2.803960e-03))
501.61        	((6.077619e-01 1.592145e+03 -7.370886e+01) (3.327629e-03 5.795702e+00 -1.475955e-01)) ((8.185839e+01 -4.168328e-02 -5.659916e-01) (-3.047794e-02 -1.863677e-03 1.176599e-03))
501.62        	((6.313393e-01 1.592344e+03 -7.347973e+01) (3.279586e-03 5.801138e+00 -1.477044e-01)) ((8.202638e+01 -4.455678e-02 -5.650588e-01) (-3.125023e-02 -2.496526e-03 1.279687e-03))
501.63        	((6.667143e-01 1.592465e+03 -7.332725e+01) (3.564741e-03 5.806942e+00 -1.449093e-01)) ((8.217776e+01 -5.259122e-02 -5.663232e-01) (-3.158992e-02 -2.286097e-03 9.352291e-04))
501.64        	((7.218060e-01 1.592670e+03 -7.302623e+01) (3.543657e-03 5.812424e+00 -1.442155e-01)) ((8.236877e+01 -4.547386e-02 -5.848633e-01) (-3.225023e-02 -2.560219e-03 1.048268e-03))
501.65        	((7.107606e-01 1.592732e+03 -7.296126e+01) (5.085346e-03 5.815897e+00 -1.410343e-01)) ((8.252117e+01 -7.488974e-02 -5.791431e-01) (-3.336809e-02 -2.583453e-03 1.631168e-03))
501.66        	((7.227993e-01 1.592886e+03 -7.276393e+01) (4.254988e-03 5.823040e+00 -1.408389e-01)) ((8.271256e+01 -8.901714e-02 -5.976821e-01) (-3.341740e-02 -2.846947e-03 9.539591e-04))
501.67        	((7.392514e-01 1.592880e+03 -7.263597e+01) (4.422778e-03 5.827846e+00 -1.388606e-01)) ((8.285916e+01 -1.011075e-01 -5.909071e-01) (-3.416194e-02 -2.934908e-03 9.477249e-04))
501.68        	((7.880510e-01 1.592959e+03 -7.235455e+01) (4.297851e-03 5.833462e+00 -1.382293e-01)) ((8.304066e+01 -9.855334e-02 -5.983603e-01) (-3.470161e-02 -3.221326e-03 8.884905e-04))
501.69        	((7.832631e-01 1.592905e+03 -7.227975e+01) (5.720457e-03 5.836497e+00 -1.349928e-01)) ((8.318789e+01 -1.231200e-01 -5.929878e-01) (-3.593844e-02 -3.216610e-03 1.543077e-03))
501.7         	((7.994253e-01 1.592973e+03 -7.206022e+01) (4.905659e-03 5.843421e+00 -1.348885e-01)) ((8.338141e+01 -1.347466e-01 -6.073607e-01) (-3.602374e-02 -3.489277e-03 9.174322e-04))
501.71        	((8.164167e-01 1.592850e+03 -7.193188e+01) (5.139168e-03 5.848055e+00 -1.325163e-01)) ((8.352324e+01 -1.451513e-01 -6.037237e-01) (-3.674879e-02 -3.438417e-03 8.886677e-04))
501.72        	((8.689580e-01 1.592866e+03 -7.163269e+01) (4.976244e-03 5.855126e+00 -1.327090e-01)) ((8.371141e+01 -1.379887e-01 -6.118842e-01) (-3.792688e-02 -4.094155e-03 1.019833e-03))
501.73        	((8.767404e-01 1.592683e+03 -7.153248e+01) (6.068987e-03 5.859078e+00 -1.289355e-01)) ((8.384974e+01 -1.573388e-01 -6.077822e-01) (-3.875873e-02 -3.746880e-03 1.257900e-03))
501.74        	((9.026009e-01 1.592710e+03 -7.127660e+01) (5.383025e-03 5.867320e+00 -1.281676e-01)) ((8.405201e+01 -1.576411e-01 -6.223671e-01) (-3.948731e-02 -3.829151e-03 9.135391e-04))
501.75        	((8.945235e-01 1.592411e+03 -7.118917e+01) (6.181279e-03 5.873182e+00 -1.254165e-01)) ((8.417068e+01 -1.740510e-01 -6.083027e-01) (-4.088479e-02 -3.835484e-03 1.266413e-03))
501.76        	((9.219312e-01 1.592440e+03 -7.093157e+01) (5.590050e-03 5.881940e+00 -1.246169e-01)) ((8.437712e+01 -1.739736e-01 -6.143375e-01) (-4.144390e-02 -3.937153e-03 7.143444e-04))
501.77        	((9.225576e-01 1.592021e+03 -7.083281e+01) (6.638386e-03 5.886830e+00 -1.221166e-01)) ((8.447821e+01 -1.884872e-01 -5.996911e-01) (-4.331217e-02 -4.106748e-03 1.521319e-03))
501.78        	((9.358191e-01 1.592156e+03 -7.060143e+01) (5.791330e-03 5.897332e+00 -1.208516e-01)) ((8.471737e+01 -1.928427e-01 -6.107495e-01) (-4.392962e-02 -3.943368e-03 7.524598e-04))
501.79        	((9.477308e-01 1.591539e+03 -7.047620e+01) (6.166721e-03 5.903965e+00 -1.192436e-01)) ((8.478687e+01 -1.977228e-01 -6.022883e-01) (-4.546502e-02 -4.259807e-03 1.004695e-03))
501.8         	((9.863179e-01 1.591831e+03 -7.018314e+01) (5.700862e-03 5.914093e+00 -1.174015e-01)) ((8.506469e+01 -1.901382e-01 -6.182835e-01) (-4.658820e-02 -4.004406e-03 6.072413e-04))
501.81        	((9.971424e-01 1.590933e+03 -7.007418e+01) (6.405145e-03 5.920632e+00 -1.158517e-01)) ((8.507842e+01 -1.981157e-01 -6.060803e-01) (-4.867366e-02 -4.467822e-03 1.179421e-03))
501.82        	((1.028120e+00 1.592443e+03 -6.960294e+01) (5.744990e-03 5.930873e+00 -1.135833e-01)) ((8.558201e+01 -1.956547e-01 -6.233012e-01) (-4.989241e-02 -4.033890e-03 6.167289e-04))
501.83        	((1.033018e+00 1.591118e+03 -6.952401e+01) (6.548168e-03 5.936683e+00 -1.123098e-01)) ((8.547194e+01 -2.032791e-01 -6.059025e-01) (-5.285865e-02 -4.677739e-03 1.695907e-03))
501.84        	((1.068790e+00 1.591932e+03 -6.937792e+01) (5.713286e-03 5.950946e+00 -1.093340e-01)) ((8.561182e+01 -2.024995e-01 -6.197976e-01) (-5.490804e-02 -4.034264e-03 6.946930e-04))
501.85        	((1.071942e+00 1.589402e+03 -6.935190e+01) (6.321757e-03 5.968252e+00 -1.065392e-01)) ((8.522686e+01 -2.064810e-01 -6.054817e-01) (-5.960916e-02 -4.176528e-03 1.318417e-03))
501.86        	((1.090288e+00 1.587361e+03 -6.912426e+01) (5.507287e-03 5.999811e+00 -1.036542e-01)) ((8.515283e+01 -1.975517e-01 -6.180881e-01) (-6.410482e-02 -3.870302e-03 6.198110e-04))
501.87        	((1.076183e+00 1.585844e+03 -6.893285e+01) (6.380775e-03 6.048125e+00 -9.975250e-02)) ((8.520320e+01 -2.083231e-01 -6.032634e-01) (-7.112825e-02 -4.053478e-03 1.245370e-03))
501.88        	((1.103347e+00 1.586022e+03 -6.856566e+01) (5.377694e-03 6.095696e+00 -9.704697e-02)) ((8.555835e+01 -2.040433e-01 -6.154482e-01) (-7.545037e-02 -3.970931e-03 7.619111e-04))
501.89        	((1.098729e+00 1.585960e+03 -6.837932e+01) (6.078943e-03 6.137192e+00 -9.305698e-02)) ((8.574856e+01 -2.152223e-01 -6.021921e-01) (-7.846740e-02 -3.894049e-03 1.241870e-03))
501.9         	((1.134548e+00 1.586134e+03 -6.811067e+01) (5.362873e-03 6.166760e+00 -9.118307e-02)) ((8.596142e+01 -2.046174e-01 -6.143102e-01) (-7.857335e-02 -4.048369e-03 8.602874e-04))
501.91        	((1.120800e+00 1.585403e+03 -6.802616e+01) (6.311033e-03 6.171034e+00 -8.741165e-02)) ((8.596653e+01 -2.173921e-01 -6.019742e-01) (-7.578469e-02 -3.840747e-03 1.413065e-03))
501.92        	((1.149221e+00 1.584842e+03 -6.780130e+01) (5.646222e-03 6.160195e+00 -8.660011e-02)) ((8.605113e+01 -2.070256e-01 -6.158088e-01) (-7.101549e-02 -4.181808e-03 1.212516e-03))
501.93        	((1.129148e+00 1.583935e+03 -6.772037e+01) (6.701407e-03 6.110257e+00 -8.315720e-02)) ((8.608829e+01 -2.202492e-01 -6.036320e-01) (-6.197338e-02 -3.842365e-03 1.698244e-03))
501.94        	((1.167883e+00 1.583401e+03 -6.747922e+01) (5.933434e-03 6.030042e+00 -8.499299e-02)) ((8.623768e+01 -2.068861e-01 -6.155269e-01) (-4.811453e-02 -4.347706e-03 1.948508e-03))
501.95        	((1.172152e+00 1.584101e+03 -6.740416e+01) (6.982529e-03 5.919260e+00 -8.470188e-02)) ((8.652794e+01 -2.193164e-01 -6.051432e-01) (-2.837586e-02 -3.834330e-03 1.980061e-03))
501.96        	((1.187708e+00 1.584502e+03 -6.730642e+01) (6.375274e-03 5.773958e+00 -8.840589e-02)) ((8.687392e+01 -2.046160e-01 -6.190839e-01) (-5.216453e-03 -3.644039e-03 1.529127e-03))
501.97        	((1.161105e+00 1.583715e+03 -6.734195e+01) (7.154562e-03 5.595166e+00 -9.231141e-02)) ((8.701097e+01 -2.122650e-01 -6.009908e-01) (1.853421e-02 -3.738827e-03 2.066495e-03))
501.98        	((1.185721e+00 1.583067e+03 -6.727884e+01) (6.635772e-03 5.426471e+00 -9.634716e-02)) ((8.710844e+01 -2.021292e-01 -6.180489e-01) (3.838833e-02 -3.627960e-03 1.650654e-03))
501.99        	((1.181530e+00 1.581344e+03 -6.723073e+01) (7.139085e-03 5.224201e+00 -9.916924e-02)) ((8.679533e+01 -2.125709e-01 -6.036893e-01) (5.820940e-02 -3.742952e-03 1.986308e-03))
502           	((1.215593e+00 1.580778e+03 -6.706662e+01) (6.548630e-03 5.024722e+00 -1.003467e-01)) ((8.683856e+01 -2.031892e-01 -6.215002e-01) (7.543865e-02 -3.557136e-03 1.588082e-03))
502.01        	((1.209713e+00 1.579898e+03 -6.697506e+01) (6.926587e-03 4.821032e+00 -1.003309e-01)) ((8.684540e+01 -2.126056e-01 -6.088888e-01) (8.969648e-02 -3.735137e-03 1.793734e-03))
502.02        	((1.238191e+00 1.579555e+03 -6.676219e+01) (6.433378e-03 4.612510e+00 -1.003278e-01)) ((8.702645e+01 -2.025412e-01 -6.252554e-01) (1.046052e-01 -3.498041e-03 1.489185e-03))
502.03        	((1.228157e+00 1.580894e+03 -6.659007e+01) (6.725987e-03 4.399499e+00 -1.008014e-01)) ((8.746414e+01 -2.106555e-01 -6.139564e-01) (1.187583e-01 -3.635003e-03 1.723542e-03))
502.04        	((1.244894e+00 1.581462e+03 -6.638975e+01) (6.265038e-03 4.191824e+00 -9.967545e-02)) ((8.784565e+01 -2.023745e-01 -6.302377e-01) (1.285816e-01 -3.351468e-03 1.447602e-03))
502.05        	((1.227150e+00 1.579519e+03 -6.626820e+01) (6.528186e-03 3.988726e+00 -9.792514e-02)) ((8.765674e+01 -2.108299e-01 -6.167234e-01) (1.333531e-01 -3.561436e-03 1.687935e-03))
502.06        	((1.245609e+00 1.577986e+03 -6.608160e+01) (6.001755e-03 3.810059e+00 -9.248984e-02)) ((8.757341e+01 -2.039276e-01 -6.326351e-01) (1.314765e-01 -3.162776e-03 1.377270e-03))
502.07        	((1.233357e+00 1.575989e+03 -6.588563e+01) (6.374531e-03 3.661647e+00 -8.744546e-02)) ((8.728010e+01 -2.150891e-01 -6.175642e-01) (1.256966e-01 -3.464763e-03 1.652563e-03))
502.08        	((1.250099e+00 1.575288e+03 -6.556617e+01) (5.867162e-03 3.504270e+00 -8.092938e-02)) ((8.732244e+01 -2.096293e-01 -6.326310e-01) (1.190334e-01 -3.014046e-03 1.300629e-03))
502.09        	((1.225326e+00 1.577630e+03 -6.530028e+01) (6.069762e-03 3.350213e+00 -7.694314e-02)) ((8.803359e+01 -2.182133e-01 -6.178748e-01) (1.115147e-01 -3.364205e-03 1.681787e-03))
502.1         	((1.227484e+00 1.578467e+03 -6.510346e+01) (5.679534e-03 3.222889e+00 -7.207239e-02)) ((8.853331e+01 -2.143881e-01 -6.333787e-01) (1.028379e-01 -2.877537e-03 1.271754e-03))
502.11        	((1.207153e+00 1.575026e+03 -6.498318e+01) (5.794510e-03 3.087079e+00 -6.840489e-02)) ((8.787773e+01 -2.235695e-01 -6.170696e-01) (8.847392e-02 -3.387083e-03 2.042857e-03))
502.12        	((1.229426e+00 1.573285e+03 -6.477046e+01) (5.380688e-03 2.987227e+00 -6.202428e-02)) ((8.768739e+01 -2.204087e-01 -6.346594e-01) (7.424809e-02 -2.730651e-03 1.278766e-03))
502.13        	((1.195080e+00 1.571841e+03 -6.458265e+01) (5.607622e-03 2.891315e+00 -5.556942e-02)) ((8.756020e+01 -2.342261e-01 -6.196138e-01) (5.491500e-02 -2.707998e-03 1.447889e-03))
502.14        	((1.185580e+00 1.571910e+03 -6.430450e+01) (5.212310e-03 2.808231e+00 -5.165832e-02)) ((8.783985e+01 -2.326003e-01 -6.307481e-01) (3.957206e-02 -2.546154e-03 1.191547e-03))
502.15        	((1.131504e+00 1.574623e+03 -6.416504e+01) (5.372279e-03 2.724484e+00 -4.886551e-02)) ((8.889841e+01 -2.498048e-01 -6.186337e-01) (2.291218e-02 -2.724646e-03 1.345362e-03))
502.16        	((1.113782e+00 1.575384e+03 -6.401137e+01) (4.888615e-03 2.658481e+00 -4.564773e-02)) ((8.933702e+01 -2.547485e-01 -6.333314e-01) (5.183861e-03 -2.434269e-03 1.104274e-03))
502.17        	((1.073495e+00 1.571673e+03 -6.391228e+01) (5.091161e-03 2.594341e+00 -4.396054e-02)) ((8.837415e+01 -2.761256e-01 -6.184949e-01) (-1.223268e-02 -2.745700e-03 1.344334e-03))
502.18        	((1.066566e+00 1.569014e+03 -6.369945e+01) (4.692500e-03 2.538082e+00 -4.241079e-02)) ((8.772120e+01 -2.830545e-01 -6.333055e-01) (-2.471764e-02 -2.315659e-03 1.049570e-03))
502.19        	((1.022985e+00 1.571068e+03 -6.357407e+01) (4.812815e-03 2.475655e+00 -4.264289e-02)) ((8.865109e+01 -3.005647e-01 -6.199604e-01) (-3.672779e-02 -2.527386e-03 1.458484e-03))
502.2         	((1.004188e+00 1.573017e+03 -6.344034e+01) (4.380609e-03 2.416492e+00 -4.299407e-02)) ((8.962362e+01 -3.052959e-01 -6.345092e-01) (-4.603169e-02 -2.094545e-03 1.045798e-03))
502.21        	((9.523018e-01 1.572185e+03 -6.343421e+01) (4.521149e-03 2.358880e+00 -4.460258e-02)) ((8.965299e+01 -3.233331e-01 -6.205425e-01) (-5.455927e-02 -2.193943e-03 1.329251e-03))
502.22        	((9.286122e-01 1.570319e+03 -6.336665e+01) (4.094882e-03 2.312409e+00 -4.590663e-02)) ((8.930667e+01 -3.278835e-01 -6.333763e-01) (-6.094293e-02 -1.884318e-03 1.000116e-03))
502.23        	((8.755675e-01 1.568894e+03 -6.334317e+01) (4.238044e-03 2.262887e+00 -4.768147e-02)) ((8.907157e+01 -3.478349e-01 -6.201848e-01) (-6.678911e-02 -1.936774e-03 1.130249e-03))
502.24        	((8.723542e-01 1.568366e+03 -6.317196e+01) (3.809835e-03 2.222383e+00 -4.986884e-02)) ((8.911969e+01 -3.489610e-01 -6.306860e-01) (-7.115295e-02 -1.915946e-03 1.042590e-03))
502.25        	((8.281105e-01 1.568238e+03 -6.311037e+01) (3.954693e-03 2.179437e+00 -5.061185e-02)) ((8.933212e+01 -3.698984e-01 -6.208407e-01) (-7.470752e-02 -1.757029e-03 1.059456e-03))
502.26        	((8.256700e-01 1.568048e+03 -6.297801e+01) (3.660288e-03 2.145048e+00 -5.250212e-02)) ((8.955199e+01 -3.720608e-01 -6.315264e-01) (-7.674362e-02 -1.917607e-03 9.292440e-04))
502.27        	((7.821633e-01 1.567614e+03 -6.297723e+01) (3.867998e-03 2.112415e+00 -5.292213e-02)) ((8.968677e+01 -3.921533e-01 -6.221199e-01) (-7.804708e-02 -1.767137e-03 9.802122e-04))
502.28        	((7.802885e-01 1.567130e+03 -6.287726e+01) (3.555469e-03 2.080731e+00 -5.403612e-02)) ((8.975980e+01 -3.936806e-01 -6.320124e-01) (-7.938412e-02 -1.903985e-03 9.416809e-04))
502.29        	((7.361871e-01 1.566661e+03 -6.289371e+01) (3.821660e-03 2.051276e+00 -5.346137e-02)) ((8.980619e+01 -4.152705e-01 -6.237184e-01) (-7.993139e-02 -1.682328e-03 9.142450e-04))
502.3         	((7.349497e-01 1.566282e+03 -6.281120e+01) (3.588594e-03 2.023266e+00 -5.400994e-02)) ((8.987056e+01 -4.206324e-01 -6.311485e-01) (-8.010422e-02 -1.806476e-03 8.425445e-04))
502.31        	((6.964836e-01 1.565851e+03 -6.283263e+01) (3.795133e-03 1.996175e+00 -5.338545e-02)) ((8.994398e+01 -4.421197e-01 -6.207794e-01) (-8.026477e-02 -1.741799e-03 9.417150e-04))
502.32        	((6.823276e-01 1.565411e+03 -6.277791e+01) (3.532008e-03 1.969525e+00 -5.263496e-02)) ((9.003140e+01 -4.501805e-01 -6.298752e-01) (-8.086701e-02 -1.680876e-03 8.625079e-04))
502.33        	((6.276078e-01 1.564926e+03 -6.283538e+01) (3.767539e-03 1.944278e+00 -5.136804e-02)) ((9.010755e+01 -4.734762e-01 -6.211752e-01) (-8.116441e-02 -1.688363e-03 9.272939e-04))
502.34        	((6.025256e-01 1.564474e+03 -6.282541e+01) (3.519271e-03 1.920358e+00 -5.042347e-02)) ((9.017671e+01 -4.855919e-01 -6.283528e-01) (-8.112116e-02 -1.672615e-03 8.377443e-04))
502.35        	((5.459862e-01 1.564033e+03 -6.291086e+01) (3.745026e-03 1.896748e+00 -4.902871e-02)) ((9.023457e+01 -5.117481e-01 -6.171698e-01) (-8.137098e-02 -1.698450e-03 9.001700e-04))
502.36        	((5.200050e-01 1.563621e+03 -6.291330e+01) (3.485075e-03 1.872618e+00 -4.750130e-02)) ((9.028429e+01 -5.258250e-01 -6.199815e-01) (-8.245834e-02 -1.669181e-03 8.336697e-04))
502.37        	((4.632854e-01 1.563171e+03 -6.300761e+01) (3.682882e-03 1.849282e+00 -4.563767e-02)) ((9.032005e+01 -5.515697e-01 -6.071203e-01) (-8.335252e-02 -1.678141e-03 8.997427e-04))
502.38        	((4.316426e-01 1.562716e+03 -6.303365e+01) (3.401958e-03 1.826830e+00 -4.418466e-02)) ((9.035314e+01 -5.646156e-01 -6.084433e-01) (-8.398899e-02 -1.631104e-03 8.430407e-04))
502.39        	((3.716297e-01 1.562240e+03 -6.314433e+01) (3.550569e-03 1.804567e+00 -4.243326e-02)) ((9.038723e+01 -5.891198e-01 -5.963744e-01) (-8.485663e-02 -1.620290e-03 9.004068e-04))
502.4         	((3.366106e-01 1.561775e+03 -6.317605e+01) (3.362125e-03 1.788808e+00 -4.133520e-02)) ((9.041911e+01 -6.031534e-01 -5.964469e-01) (-8.613435e-02 -1.617645e-03 8.581270e-04))
502.41        	((2.760642e-01 1.561295e+03 -6.328102e+01) (3.506979e-03 1.766561e+00 -3.937388e-02)) ((9.043990e+01 -6.245857e-01 -5.848313e-01) (-8.751206e-02 -1.627395e-03 8.978534e-04))
502.42        	((2.356319e-01 1.560826e+03 -6.332479e+01) (3.343876e-03 1.752097e+00 -3.847938e-02)) ((9.045112e+01 -6.382072e-01 -5.826276e-01) (-8.818199e-02 -1.609433e-03 8.836041e-04))
502.43        	((1.776011e-01 1.560359e+03 -6.342908e+01) (3.427395e-03 1.730986e+00 -3.687129e-02)) ((9.046180e+01 -6.576153e-01 -5.732936e-01) (-8.934241e-02 -1.605699e-03 9.062178e-04))
502.44        	((1.356871e-01 1.559890e+03 -6.347226e+01) (3.284699e-03 1.715921e+00 -3.575413e-02)) ((9.046356e+01 -6.723365e-01 -5.710512e-01) (-9.087963e-02 -1.569597e-03 8.995321e-04))
502.45        	((7.947555e-02 1.559412e+03 -6.356867e+01) (3.324661e-03 1.694964e+00 -3.403514e-02)) ((9.046146e+01 -6.912542e-01 -5.633332e-01) (-9.256165e-02 -1.553599e-03 9.127942e-04))
502.46        	((3.523135e-02 1.558934e+03 -6.361886e+01) (3.236481e-03 1.681345e+00 -3.320649e-02)) ((9.044983e+01 -7.068068e-01 -5.604730e-01) (-9.346032e-02 -1.534320e-03 9.088734e-04))
502.47        	((-2.073040e-02 1.558451e+03 -6.371845e+01) (3.231231e-03 1.661739e+00 -3.187938e-02)) ((9.044223e+01 -7.259508e-01 -5.533666e-01) (-9.491008e-02 -1.500601e-03 9.118708e-04))
502.48        	((-6.627867e-02 1.557974e+03 -6.376339e+01) (3.200202e-03 1.647805e+00 -3.095085e-02)) ((9.042510e+01 -7.422437e-01 -5.497568e-01) (-9.656936e-02 -1.514884e-03 9.011582e-04))
502.49        	((-1.232457e-01 1.557490e+03 -6.385265e+01) (3.190805e-03 1.628618e+00 -2.956753e-02)) ((9.040468e+01 -7.593802e-01 -5.420218e-01) (-9.851764e-02 -1.495740e-03 8.851972e-04))
502.5         	((-1.712084e-01 1.557014e+03 -6.390053e+01) (3.126656e-03 1.616264e+00 -2.895001e-02)) ((9.037284e+01 -7.749342e-01 -5.362976e-01) (-9.953937e-02 -1.483248e-03 8.737289e-04))
502.51        	((-2.264961e-01 1.556549e+03 -6.399049e+01) (3.073642e-03 1.598726e+00 -2.800315e-02)) ((9.034861e+01 -7.919004e-01 -5.279324e-01) (-1.011557e-01 -1.445856e-03 8.546585e-04))
502.52        	((-2.742236e-01 1.556093e+03 -6.403215e+01) (2.987371e-03 1.586097e+00 -2.725306e-02)) ((9.031499e+01 -8.086123e-01 -5.209288e-01) (-1.029551e-01 -1.411262e-03 8.433003e-04))
502.53        	((-3.263549e-01 1.555634e+03 -6.411182e+01) (2.889843e-03 1.569097e+00 -2.622701e-02)) ((9.028105e+01 -8.254768e-01 -5.129110e-01) (-1.049650e-01 -1.361823e-03 8.148016e-04))
502.54        	((-3.716592e-01 1.555182e+03 -6.415556e+01) (2.824955e-03 1.558156e+00 -2.581309e-02)) ((9.023654e+01 -8.424980e-01 -5.047867e-01) (-1.060219e-01 -1.339582e-03 8.000999e-04))
502.55        	((-4.202694e-01 1.554746e+03 -6.423526e+01) (2.682285e-03 1.542709e+00 -2.520469e-02)) ((9.020041e+01 -8.592857e-01 -4.963042e-01) (-1.075975e-01 -1.271554e-03 7.736182e-04))
502.56        	((-4.620518e-01 1.554317e+03 -6.426715e+01) (2.643690e-03 1.531493e+00 -2.472627e-02)) ((9.015569e+01 -8.759117e-01 -4.874020e-01) (-1.092864e-01 -1.274312e-03 7.576109e-04))
502.57        	((-5.082776e-01 1.553884e+03 -6.433927e+01) (2.518514e-03 1.516355e+00 -2.402592e-02)) ((9.010931e+01 -8.913232e-01 -4.777424e-01) (-1.111436e-01 -1.223202e-03 7.286783e-04))
502.58        	((-5.493671e-01 1.553463e+03 -6.437965e+01) (2.453194e-03 1.506674e+00 -2.380310e-02)) ((9.005285e+01 -9.068522e-01 -4.678690e-01) (-1.120396e-01 -1.203768e-03 7.078274e-04))
502.59        	((-5.920764e-01 1.553051e+03 -6.445497e+01) (2.307800e-03 1.492723e+00 -2.357621e-02)) ((9.000516e+01 -9.222226e-01 -4.575815e-01) (-1.133077e-01 -1.139947e-03 6.881759e-04))
502.6         	((-6.298278e-01 1.552651e+03 -6.448588e+01) (2.208519e-03 1.482431e+00 -2.325426e-02)) ((8.994916e+01 -9.377248e-01 -4.475940e-01) (-1.148113e-01 -1.087144e-03 6.699772e-04))
502.61        	((-6.690435e-01 1.552249e+03 -6.455815e+01) (2.044919e-03 1.468406e+00 -2.288861e-02)) ((8.989337e+01 -9.528566e-01 -4.370735e-01) (-1.162578e-01 -1.005421e-03 6.601026e-04))
502.62        	((-7.042460e-01 1.551863e+03 -6.460187e+01) (1.946024e-03 1.459399e+00 -2.284704e-02)) ((8.982852e+01 -9.673960e-01 -4.268368e-01) (-1.168721e-01 -9.491690e-04 6.378066e-04))
502.63        	((-7.388587e-01 1.551489e+03 -6.468519e+01) (1.755922e-03 1.446206e+00 -2.285188e-02)) ((8.977231e+01 -9.819071e-01 -4.161159e-01) (-1.176784e-01 -8.551795e-04 6.335447e-04))
502.64        	((-7.708848e-01 1.551132e+03 -6.472611e+01) (1.708633e-03 1.436466e+00 -2.268237e-02)) ((8.970895e+01 -9.959678e-01 -4.052041e-01) (-1.188178e-01 -8.204621e-04 6.134922e-04))
502.65        	((-8.055679e-01 1.550738e+03 -6.480211e+01) (1.540877e-03 1.422967e+00 -2.252052e-02)) ((8.963175e+01 -1.008593e+00 -3.930682e-01) (-1.197900e-01 -7.478175e-04 6.078643e-04))
502.66        	((-8.397464e-01 1.550388e+03 -6.485249e+01) (1.472238e-03 1.414381e+00 -2.251228e-02)) ((8.955367e+01 -1.021070e+00 -3.808729e-01) (-1.200555e-01 -6.913821e-04 5.868452e-04))
502.67        	((-8.731218e-01 1.550074e+03 -6.493512e+01) (1.295432e-03 1.401592e+00 -2.272476e-02)) ((8.949370e+01 -1.032918e+00 -3.678474e-01) (-1.203152e-01 -6.293746e-04 5.904823e-04))
502.68        	((-9.055494e-01 1.549785e+03 -6.498119e+01) (1.200331e-03 1.392155e+00 -2.246703e-02)) ((8.942899e+01 -1.044757e+00 -3.546305e-01) (-1.211364e-01 -5.355821e-04 5.625410e-04))
502.69        	((-9.383341e-01 1.549475e+03 -6.505731e+01) (1.031186e-03 1.378688e+00 -2.249782e-02)) ((8.936099e+01 -1.056177e+00 -3.402257e-01) (-1.215755e-01 -4.864510e-04 5.620940e-04))
502.7         	((-9.709554e-01 1.549181e+03 -6.510962e+01) (9.744142e-04 1.370201e+00 -2.243439e-02)) ((8.928104e+01 -1.067501e+00 -3.263625e-01) (-1.215261e-01 -4.107683e-04 5.214815e-04))
502.71        	((-1.001870e+00 1.548889e+03 -6.519366e+01) (7.984698e-04 1.357208e+00 -2.275485e-02)) ((8.920779e+01 -1.078509e+00 -3.118056e-01) (-1.213845e-01 -3.746479e-04 5.249659e-04))
502.72        	((-1.046110e+00 1.548652e+03 -6.521633e+01) (7.886703e-04 1.347715e+00 -2.245268e-02)) ((8.913456e+01 -1.090942e+00 -2.982290e-01) (-1.219256e-01 -3.161750e-04 4.854310e-04))
502.73        	((-1.078831e+00 1.548418e+03 -6.526944e+01) (6.350929e-04 1.334041e+00 -2.251274e-02)) ((8.906537e+01 -1.100158e+00 -2.834945e-01) (-1.220640e-01 -3.182297e-04 4.902212e-04))
502.74        	((-1.116202e+00 1.548188e+03 -6.530264e+01) (6.118918e-04 1.325413e+00 -2.238015e-02)) ((8.898783e+01 -1.109393e+00 -2.700076e-01) (-1.218072e-01 -2.251644e-04 4.481550e-04))
502.75        	((-1.139232e+00 1.547952e+03 -6.538286e+01) (4.557076e-04 1.312246e+00 -2.276253e-02)) ((8.891584e+01 -1.115750e+00 -2.550053e-01) (-1.214263e-01 -2.406950e-04 4.651318e-04))
502.76        	((-1.173674e+00 1.547740e+03 -6.543108e+01) (4.045375e-04 1.302634e+00 -2.233645e-02)) ((8.883771e+01 -1.123102e+00 -2.414902e-01) (-1.218371e-01 -9.534842e-05 4.277353e-04))
502.77        	((-1.207684e+00 1.547526e+03 -6.550805e+01) (2.425001e-04 1.288750e+00 -2.250249e-02)) ((8.875819e+01 -1.130206e+00 -2.266643e-01) (-1.218191e-01 -1.147877e-04 4.600439e-04))
502.78        	((-1.247597e+00 1.547346e+03 -6.555923e+01) (2.208073e-04 1.280044e+00 -2.230784e-02)) ((8.867436e+01 -1.136859e+00 -2.129950e-01) (-1.214607e-01 2.270530e-05 4.229334e-04))
502.79        	((-1.276567e+00 1.547171e+03 -6.564362e+01) (4.220754e-05 1.266724e+00 -2.272898e-02)) ((8.859786e+01 -1.142538e+00 -1.978947e-01) (-1.209990e-01 1.937168e-05 4.677898e-04))
502.8         	((-1.307706e+00 1.547026e+03 -6.569863e+01) (6.256878e-05 1.257159e+00 -2.229450e-02)) ((8.851643e+01 -1.147709e+00 -1.840868e-01) (-1.213241e-01 1.256644e-04 4.345080e-04))
502.81        	((-1.331444e+00 1.546838e+03 -6.577774e+01) (-9.503334e-05 1.243257e+00 -2.249644e-02)) ((8.842055e+01 -1.151253e+00 -1.690485e-01) (-1.212783e-01 1.081130e-04 4.841933e-04))
502.82        	((-1.364104e+00 1.546702e+03 -6.583373e+01) (-1.212692e-04 1.230019e+00 -2.228106e-02)) ((8.832692e+01 -1.154981e+00 -1.556657e-01) (-1.208137e-01 2.508183e-04 4.527527e-04))
502.83        	((-1.392365e+00 1.546590e+03 -6.592127e+01) (-2.765930e-04 1.216952e+00 -2.273284e-02)) ((8.824715e+01 -1.157926e+00 -1.408808e-01) (-1.203929e-01 2.438630e-04 5.088243e-04))
502.84        	((-1.429429e+00 1.546509e+03 -6.597857e+01) (-3.381780e-04 1.202993e+00 -2.236862e-02)) ((8.816510e+01 -1.161159e+00 -1.276665e-01) (-1.206475e-01 4.010384e-04 4.788993e-04))
502.85        	((-1.458138e+00 1.546404e+03 -6.606673e+01) (-5.072005e-04 1.189417e+00 -2.257164e-02)) ((8.807684e+01 -1.164901e+00 -1.131867e-01) (-1.206759e-01 4.092381e-04 5.436050e-04))
502.86        	((-1.495279e+00 1.546323e+03 -6.613284e+01) (-5.346241e-04 1.176413e+00 -2.245187e-02)) ((8.798178e+01 -1.168345e+00 -1.000869e-01) (-1.202316e-01 5.450191e-04 5.145738e-04))
502.87        	((-1.512298e+00 1.546245e+03 -6.623015e+01) (-7.056013e-04 1.163429e+00 -2.296423e-02)) ((8.789304e+01 -1.170632e+00 -8.547213e-02) (-1.198116e-01 5.659385e-04 5.826151e-04))
502.88        	((-1.548326e+00 1.546203e+03 -6.628901e+01) (-7.005157e-04 1.149444e+00 -2.271001e-02)) ((8.780204e+01 -1.173649e+00 -7.252884e-02) (-1.200565e-01 6.642616e-04 5.536326e-04))
502.89        	((-1.575072e+00 1.546155e+03 -6.637818e+01) (-8.593838e-04 1.135774e+00 -2.299000e-02)) ((8.771017e+01 -1.175884e+00 -5.834682e-02) (-1.200208e-01 6.791437e-04 6.167824e-04))
502.9         	((-1.624053e+00 1.546137e+03 -6.644175e+01) (-8.673207e-04 1.122650e+00 -2.303054e-02)) ((8.761396e+01 -1.179208e+00 -4.587747e-02) (-1.195091e-01 7.780287e-04 5.851933e-04))
502.91        	((-1.659064e+00 1.546122e+03 -6.654029e+01) (-1.010444e-03 1.109531e+00 -2.361307e-02)) ((8.752399e+01 -1.181460e+00 -3.181649e-02) (-1.190056e-01 7.932505e-04 6.514488e-04))
502.92        	((-1.710106e+00 1.546131e+03 -6.660325e+01) (-1.057875e-03 1.095548e+00 -2.350884e-02)) ((8.743004e+01 -1.184463e+00 -1.931923e-02) (-1.191173e-01 9.095141e-04 6.156016e-04))
502.93        	((-1.742475e+00 1.546093e+03 -6.669769e+01) (-1.241863e-03 1.079576e+00 -2.386625e-02)) ((8.732001e+01 -1.187291e+00 -5.469398e-03) (-1.189066e-01 9.500459e-04 6.797507e-04))
502.94        	((-1.791832e+00 1.546093e+03 -6.676409e+01) (-1.245195e-03 1.066848e+00 -2.402070e-02)) ((8.721127e+01 -1.190316e+00 6.924857e-03) (-1.183021e-01 1.033769e-03 6.430174e-04))
502.95        	((-1.826590e+00 1.546119e+03 -6.686473e+01) (-1.409123e-03 1.051894e+00 -2.464613e-02)) ((8.711757e+01 -1.192460e+00 2.061367e-02) (-1.176824e-01 1.071843e-03 7.044776e-04))
502.96        	((-1.866212e+00 1.546174e+03 -6.693106e+01) (-1.363668e-03 1.038624e+00 -2.457510e-02)) ((8.702394e+01 -1.193348e+00 3.319860e-02) (-1.178621e-01 1.111824e-03 6.670216e-04))
502.97        	((-1.902442e+00 1.546209e+03 -6.702550e+01) (-1.501640e-03 1.023694e+00 -2.488371e-02)) ((8.692539e+01 -1.194545e+00 4.654451e-02) (-1.177563e-01 1.132223e-03 7.182990e-04))
502.98        	((-1.952845e+00 1.546249e+03 -6.709578e+01) (-1.474398e-03 1.011958e+00 -2.500951e-02)) ((8.681673e+01 -1.196166e+00 5.849163e-02) (-1.173279e-01 1.172288e-03 6.828580e-04))
502.99        	((-2.002832e+00 1.546281e+03 -6.719810e+01) (-1.586672e-03 9.984655e-01 -2.549035e-02)) ((8.671185e+01 -1.197970e+00 7.149561e-02) (-1.169710e-01 1.181426e-03 7.336094e-04))
503           	((-2.062001e+00 1.546311e+03 -6.726271e+01) (-1.605734e-03 9.866699e-01 -2.539300e-02)) ((8.660048e+01 -1.199724e+00 8.336444e-02) (-1.173506e-01 1.236109e-03 6.984727e-04))
503.01        	((-2.112673e+00 1.546309e+03 -6.735939e+01) (-1.732129e-03 9.736525e-01 -2.553899e-02)) ((8.648525e+01 -1.202963e+00 9.608734e-02) (-1.176252e-01 1.257787e-03 7.543240e-04))
503.02        	((-2.169345e+00 1.546312e+03 -6.742823e+01) (-1.713928e-03 9.636921e-01 -2.560160e-02)) ((8.636333e+01 -1.205472e+00 1.079336e-01) (-1.175213e-01 1.284734e-03 7.293498e-04))
503.03        	((-2.221497e+00 1.546314e+03 -6.752958e+01) (-1.817843e-03 9.524702e-01 -2.596065e-02)) ((8.624874e+01 -1.208118e+00 1.205946e-01) (-1.175623e-01 1.302124e-03 7.859956e-04))
503.04        	((-2.281394e+00 1.546334e+03 -6.758889e+01) (-1.765907e-03 9.424472e-01 -2.578666e-02)) ((8.613078e+01 -1.209808e+00 1.324697e-01) (-1.183265e-01 1.294579e-03 7.703566e-04))
503.05        	((-2.338564e+00 1.546356e+03 -6.768247e+01) (-1.855773e-03 9.317307e-01 -2.582482e-02)) ((8.601470e+01 -1.211769e+00 1.448649e-01) (-1.188883e-01 1.308492e-03 8.263874e-04))
503.06        	((-2.401063e+00 1.546414e+03 -6.774356e+01) (-1.836878e-03 9.221693e-01 -2.581579e-02)) ((8.589735e+01 -1.213734e+00 1.564858e-01) (-1.191234e-01 1.325393e-03 8.236603e-04))
503.07        	((-2.459662e+00 1.546447e+03 -6.784063e+01) (-1.882540e-03 9.132830e-01 -2.603265e-02)) ((8.577506e+01 -1.215606e+00 1.689751e-01) (-1.193557e-01 1.334628e-03 8.776754e-04))
503.08        	((-2.520227e+00 1.546603e+03 -6.789444e+01) (-1.906244e-03 9.052588e-01 -2.581117e-02)) ((8.567349e+01 -1.217698e+00 1.807004e-01) (-1.201553e-01 1.403779e-03 8.723657e-04))
503.09        	((-2.572275e+00 1.546848e+03 -6.799057e+01) (-1.967759e-03 8.965797e-01 -2.569304e-02)) ((8.559181e+01 -1.222395e+00 1.929650e-01) (-1.208190e-01 1.457169e-03 9.225445e-04))
503.1         	((-2.627753e+00 1.547185e+03 -6.806042e+01) (-1.957797e-03 8.901603e-01 -2.565058e-02)) ((8.551893e+01 -1.227210e+00 2.048157e-01) (-1.209261e-01 1.495167e-03 8.865364e-04))
503.11        	((-2.676938e+00 1.547496e+03 -6.818280e+01) (-1.979468e-03 8.828896e-01 -2.578077e-02)) ((8.544442e+01 -1.233073e+00 2.169616e-01) (-1.211056e-01 1.544325e-03 9.283792e-04))
503.12        	((-2.725355e+00 1.547665e+03 -6.827442e+01) (-1.917530e-03 8.760365e-01 -2.545933e-02)) ((8.533252e+01 -1.237739e+00 2.305533e-01) (-1.219498e-01 1.566739e-03 9.110475e-04))
503.13        	((-2.764955e+00 1.547540e+03 -6.841490e+01) (-1.952671e-03 8.688323e-01 -2.536872e-02)) ((8.516169e+01 -1.241669e+00 2.455232e-01) (-1.224956e-01 1.598437e-03 9.463174e-04))
503.14        	((-2.822992e+00 1.547237e+03 -6.852973e+01) (-1.915406e-03 8.634121e-01 -2.527626e-02)) ((8.495429e+01 -1.241590e+00 2.593274e-01) (-1.226155e-01 1.627629e-03 9.229247e-04))
503.15        	((-2.899313e+00 1.546804e+03 -6.867792e+01) (-1.972089e-03 8.572365e-01 -2.541460e-02)) ((8.473804e+01 -1.237495e+00 2.722635e-01) (-1.227915e-01 1.656989e-03 9.543477e-04))
503.16        	((-3.007577e+00 1.546365e+03 -6.877907e+01) (-2.010031e-03 8.514332e-01 -2.513248e-02)) ((8.452352e+01 -1.231207e+00 2.838275e-01) (-1.235401e-01 1.712438e-03 9.100959e-04))
503.17        	((-3.111307e+00 1.545866e+03 -6.890805e+01) (-2.152138e-03 8.453281e-01 -2.501227e-02)) ((8.430599e+01 -1.230404e+00 2.970832e-01) (-1.240683e-01 1.759525e-03 9.350152e-04))
503.18        	((-3.204595e+00 1.545636e+03 -6.899235e+01) (-2.188375e-03 8.401922e-01 -2.490180e-02)) ((8.413644e+01 -1.236834e+00 3.118023e-01) (-1.241355e-01 1.792662e-03 8.894470e-04))
503.19        	((-3.292907e+00 1.545437e+03 -6.910619e+01) (-2.310956e-03 8.354184e-01 -2.509564e-02)) ((8.398393e+01 -1.249825e+00 3.279618e-01) (-1.242119e-01 1.816931e-03 9.123439e-04))
503.2         	((-3.390569e+00 1.545576e+03 -6.916865e+01) (-2.305860e-03 8.306631e-01 -2.474417e-02)) ((8.388878e+01 -1.266545e+00 3.433392e-01) (-1.249521e-01 1.819056e-03 8.523428e-04))
503.21        	((-3.502415e+00 1.545720e+03 -6.927022e+01) (-2.424951e-03 8.258312e-01 -2.467876e-02)) ((8.379223e+01 -1.283728e+00 3.582631e-01) (-1.253420e-01 1.835779e-03 8.720756e-04))
503.22        	((-3.625889e+00 1.546017e+03 -6.934934e+01) (-2.434882e-03 8.224599e-01 -2.456316e-02)) ((8.371455e+01 -1.300199e+00 3.711691e-01) (-1.252977e-01 1.846516e-03 8.100609e-04))
503.23        	((-3.751744e+00 1.546172e+03 -6.947659e+01) (-2.534698e-03 8.185778e-01 -2.468600e-02)) ((8.360462e+01 -1.313236e+00 3.840544e-01) (-1.252885e-01 1.845941e-03 8.138935e-04))
503.24        	((-3.882755e+00 1.546395e+03 -6.959612e+01) (-2.614667e-03 8.147520e-01 -2.440701e-02)) ((8.349987e+01 -1.322876e+00 3.958111e-01) (-1.258062e-01 1.898389e-03 7.410193e-04))
503.25        	((-3.998562e+00 1.546576e+03 -6.977283e+01) (-2.750337e-03 8.106032e-01 -2.429497e-02)) ((8.338734e+01 -1.332133e+00 4.078800e-01) (-1.262179e-01 1.914558e-03 7.504157e-04))
503.26        	((-4.104685e+00 1.546901e+03 -6.991542e+01) (-2.777395e-03 8.078346e-01 -2.420612e-02)) ((8.329352e+01 -1.337652e+00 4.191500e-01) (-1.261564e-01 1.913602e-03 7.020779e-04))
503.27        	((-4.188471e+00 1.547224e+03 -7.008242e+01) (-2.862060e-03 8.045850e-01 -2.441357e-02)) ((8.320252e+01 -1.339684e+00 4.304195e-01) (-1.261752e-01 1.885744e-03 7.307262e-04))
503.28        	((-4.262396e+00 1.547654e+03 -7.019170e+01) (-2.848394e-03 8.010223e-01 -2.413793e-02)) ((8.312211e+01 -1.337664e+00 4.404466e-01) (-1.269000e-01 1.840031e-03 7.115031e-04))
503.29        	((-4.319427e+00 1.548065e+03 -7.034130e+01) (-2.919567e-03 7.976084e-01 -2.408493e-02)) ((8.303423e+01 -1.333892e+00 4.503974e-01) (-1.272819e-01 1.804351e-03 7.375872e-04))
503.3         	((-4.369166e+00 1.548583e+03 -7.046313e+01) (-2.924666e-03 7.953213e-01 -2.403196e-02)) ((8.295726e+01 -1.328805e+00 4.598238e-01) (-1.272823e-01 1.767990e-03 7.163345e-04))
503.31        	((-4.405495e+00 1.549073e+03 -7.063511e+01) (-2.952365e-03 7.927509e-01 -2.418915e-02)) ((8.287858e+01 -1.322568e+00 4.697769e-01) (-1.273069e-01 1.708908e-03 7.216945e-04))
503.32        	((-4.434431e+00 1.549639e+03 -7.076493e+01) (-2.956691e-03 7.899022e-01 -2.396444e-02)) ((8.280752e+01 -1.316014e+00 4.786233e-01) (-1.279376e-01 1.674003e-03 6.842124e-04))
503.33        	((-4.452493e+00 1.550170e+03 -7.093401e+01) (-2.982627e-03 7.871791e-01 -2.389148e-02)) ((8.272237e+01 -1.310245e+00 4.866834e-01) (-1.282876e-01 1.622141e-03 6.771478e-04))
503.34        	((-4.469894e+00 1.550825e+03 -7.106242e+01) (-2.955467e-03 7.854167e-01 -2.384216e-02)) ((8.265459e+01 -1.304758e+00 4.930127e-01) (-1.282806e-01 1.566049e-03 6.372087e-04))
503.35        	((-4.487010e+00 1.551475e+03 -7.123083e+01) (-2.927618e-03 7.834801e-01 -2.400433e-02)) ((8.259433e+01 -1.298308e+00 4.988520e-01) (-1.282689e-01 1.481527e-03 6.117832e-04))
503.36        	((-4.506877e+00 1.552224e+03 -7.134837e+01) (-2.864581e-03 7.809932e-01 -2.372706e-02)) ((8.254483e+01 -1.291357e+00 5.039754e-01) (-1.289577e-01 1.393994e-03 5.711932e-04))
503.37        	((-4.525045e+00 1.552926e+03 -7.151375e+01) (-2.817078e-03 7.788636e-01 -2.363905e-02)) ((8.248227e+01 -1.285212e+00 5.089949e-01) (-1.292465e-01 1.298236e-03 5.418996e-04))
503.38        	((-4.541506e+00 1.553710e+03 -7.164044e+01) (-2.762852e-03 7.775268e-01 -2.359729e-02)) ((8.242538e+01 -1.280237e+00 5.136814e-01) (-1.292177e-01 1.209952e-03 5.130706e-04))
503.39        	((-4.559361e+00 1.554462e+03 -7.181016e+01) (-2.673416e-03 7.760867e-01 -2.373455e-02)) ((8.236610e+01 -1.275201e+00 5.180964e-01) (-1.291765e-01 1.090133e-03 4.857465e-04))
503.4         	((-4.579174e+00 1.555291e+03 -7.193090e+01) (-2.616806e-03 7.740694e-01 -2.353181e-02)) ((8.231464e+01 -1.270549e+00 5.217110e-01) (-1.297927e-01 9.981255e-04 4.558633e-04))
503.41        	((-4.602543e+00 1.556088e+03 -7.209564e+01) (-2.539530e-03 7.724013e-01 -2.345084e-02)) ((8.225539e+01 -1.266235e+00 5.246015e-01) (-1.300532e-01 8.861477e-04 4.271195e-04))
503.42        	((-4.627242e+00 1.556968e+03 -7.221856e+01) (-2.469356e-03 7.714249e-01 -2.342725e-02)) ((8.220540e+01 -1.262896e+00 5.267316e-01) (-1.300165e-01 7.833118e-04 4.046473e-04))
503.43        	((-4.655887e+00 1.557833e+03 -7.238342e+01) (-2.352316e-03 7.704127e-01 -2.359128e-02)) ((8.215730e+01 -1.258932e+00 5.283912e-01) (-1.299467e-01 6.429332e-04 3.779712e-04))
503.44        	((-4.685003e+00 1.558781e+03 -7.249790e+01) (-2.243313e-03 7.686733e-01 -2.334362e-02)) ((8.211801e+01 -1.255212e+00 5.296147e-01) (-1.305962e-01 5.123535e-04 3.567934e-04))
503.45        	((-4.716155e+00 1.559691e+03 -7.265810e+01) (-2.118179e-03 7.674118e-01 -2.326908e-02)) ((8.207061e+01 -1.251804e+00 5.302191e-01) (-1.308234e-01 3.669979e-04 3.333731e-04))
503.46        	((-4.746187e+00 1.560678e+03 -7.277932e+01) (-2.011597e-03 7.667557e-01 -2.323530e-02)) ((8.202965e+01 -1.249263e+00 5.303548e-01) (-1.307673e-01 2.384385e-04 3.164762e-04))
503.47        	((-4.779265e+00 1.561630e+03 -7.294417e+01) (-1.856192e-03 7.661000e-01 -2.334067e-02)) ((8.198933e+01 -1.245850e+00 5.300599e-01) (-1.306668e-01 7.572074e-05 2.900594e-04))
503.48        	((-4.811651e+00 1.562665e+03 -7.305897e+01) (-1.758631e-03 7.647644e-01 -2.312142e-02)) ((8.195827e+01 -1.243176e+00 5.291702e-01) (-1.312143e-01 -4.613664e-05 2.607845e-04))
503.49        	((-4.844291e+00 1.563661e+03 -7.321808e+01) (-1.626816e-03 7.638386e-01 -2.301726e-02)) ((8.191874e+01 -1.241278e+00 5.276577e-01) (-1.314014e-01 -1.930748e-04 2.268273e-04))
503.5         	((-4.874062e+00 1.564741e+03 -7.333712e+01) (-1.508485e-03 7.634452e-01 -2.296689e-02)) ((8.188714e+01 -1.241164e+00 5.257131e-01) (-1.313332e-01 -3.333000e-04 1.982203e-04))
503.51        	((-4.904175e+00 1.565774e+03 -7.350041e+01) (-1.344277e-03 7.630999e-01 -2.310308e-02)) ((8.185465e+01 -1.240389e+00 5.234767e-01) (-1.312046e-01 -5.085166e-04 1.575627e-04))
503.52        	((-4.930927e+00 1.566869e+03 -7.361467e+01) (-1.198742e-03 7.619235e-01 -2.283453e-02)) ((8.182686e+01 -1.240179e+00 5.209830e-01) (-1.317945e-01 -6.673465e-04 1.232191e-04))
503.53        	((-4.957715e+00 1.567912e+03 -7.377410e+01) (-1.024204e-03 7.612908e-01 -2.274577e-02)) ((8.179198e+01 -1.240021e+00 5.179014e-01) (-1.319471e-01 -8.461973e-04 8.490899e-05))
503.54        	((-4.982171e+00 1.569035e+03 -7.389519e+01) (-8.796956e-04 7.611748e-01 -2.268678e-02)) ((8.176384e+01 -1.240210e+00 5.145060e-01) (-1.318239e-01 -1.001282e-03 5.344854e-05))
503.55        	((-5.006450e+00 1.570111e+03 -7.405853e+01) (-6.961469e-04 7.610973e-01 -2.279469e-02)) ((8.173543e+01 -1.239889e+00 5.107282e-01) (-1.316608e-01 -1.182409e-03 1.423760e-05))
503.56        	((-5.024224e+00 1.571242e+03 -7.417343e+01) (-5.456163e-04 7.601937e-01 -2.252048e-02)) ((8.170988e+01 -1.240561e+00 5.066846e-01) (-1.321925e-01 -1.336251e-03 -1.756164e-05))
503.57        	((-5.040982e+00 1.572308e+03 -7.433283e+01) (-3.848997e-04 7.599205e-01 -2.240389e-02)) ((8.167591e+01 -1.240959e+00 5.021533e-01) (-1.322980e-01 -1.497445e-03 -5.037217e-05))
503.58        	((-5.052846e+00 1.573431e+03 -7.445486e+01) (-2.356735e-04 7.600324e-01 -2.231682e-02)) ((8.164490e+01 -1.241036e+00 4.974649e-01) (-1.321213e-01 -1.647252e-03 -8.328911e-05))
503.59        	((-5.064579e+00 1.574509e+03 -7.461749e+01) (-6.608350e-05 7.602195e-01 -2.240435e-02)) ((8.161608e+01 -1.240183e+00 4.923285e-01) (-1.319445e-01 -1.812476e-03 -1.139037e-04))
503.6         	((-5.071047e+00 1.575651e+03 -7.473097e+01) (1.320931e-04 7.593957e-01 -2.209554e-02)) ((8.159232e+01 -1.239500e+00 4.870773e-01) (-1.324995e-01 -1.994640e-03 -1.454791e-04))
503.61        	((-5.077613e+00 1.576740e+03 -7.488787e+01) (3.338738e-04 7.592199e-01 -2.200271e-02)) ((8.156247e+01 -1.237913e+00 4.814203e-01) (-1.325966e-01 -2.178051e-03 -1.771684e-04))
503.62        	((-5.079077e+00 1.577894e+03 -7.500794e+01) (5.307290e-04 7.593212e-01 -2.193140e-02)) ((8.153820e+01 -1.236393e+00 4.757164e-01) (-1.324746e-01 -2.358979e-03 -2.062407e-04))
503.63        	((-5.083241e+00 1.579001e+03 -7.516976e+01) (7.479569e-04 7.595504e-01 -2.194660e-02)) ((8.151269e+01 -1.232041e+00 4.698187e-01) (-1.322667e-01 -2.549903e-03 -2.360852e-04))
503.64        	((-5.083232e+00 1.580177e+03 -7.528693e+01) (8.326408e-04 7.591542e-01 -2.180596e-02)) ((8.149574e+01 -1.228512e+00 4.633860e-01) (-1.324999e-01 -2.646045e-03 -2.662303e-04))
503.65        	((-5.079072e+00 1.581295e+03 -7.544394e+01) (1.029313e-03 7.588341e-01 -2.164217e-02)) ((8.147141e+01 -1.228244e+00 4.562042e-01) (-1.326591e-01 -2.821278e-03 -2.858521e-04))
503.66        	((-5.073902e+00 1.582477e+03 -7.556483e+01) (1.253911e-03 7.588657e-01 -2.158430e-02)) ((8.145244e+01 -1.226929e+00 4.491589e-01) (-1.325418e-01 -3.018702e-03 -3.172521e-04))
503.67        	((-5.075451e+00 1.583601e+03 -7.572767e+01) (1.498857e-03 7.590534e-01 -2.159652e-02)) ((8.143011e+01 -1.221124e+00 4.421285e-01) (-1.323047e-01 -3.226925e-03 -3.517479e-04))
503.68        	((-5.076091e+00 1.584791e+03 -7.584867e+01) (1.534519e-03 7.588050e-01 -2.152750e-02)) ((8.141571e+01 -1.215607e+00 4.345599e-01) (-1.323808e-01 -3.285527e-03 -3.809549e-04))
503.69        	((-5.071622e+00 1.585918e+03 -7.600839e+01) (1.743320e-03 7.583865e-01 -2.134044e-02)) ((8.139380e+01 -1.215046e+00 4.260942e-01) (-1.325709e-01 -3.463726e-03 -3.969045e-04))
503.7         	((-5.067780e+00 1.587111e+03 -7.613276e+01) (1.972585e-03 7.583706e-01 -2.126755e-02)) ((8.137757e+01 -1.213579e+00 4.177953e-01) (-1.324676e-01 -3.661472e-03 -4.243820e-04))
503.71        	((-5.072822e+00 1.588246e+03 -7.629936e+01) (2.224258e-03 7.586221e-01 -2.128344e-02)) ((8.135684e+01 -1.206733e+00 4.094103e-01) (-1.321774e-01 -3.868050e-03 -4.599017e-04))
503.72        	((-5.077720e+00 1.589447e+03 -7.642468e+01) (2.243665e-03 7.584320e-01 -2.119790e-02)) ((8.134475e+01 -1.200714e+00 4.003345e-01) (-1.322355e-01 -3.907705e-03 -4.810087e-04))
503.73        	((-5.077101e+00 1.590581e+03 -7.658717e+01) (2.428945e-03 7.581103e-01 -2.100801e-02)) ((8.132445e+01 -1.200119e+00 3.901800e-01) (-1.324044e-01 -4.063391e-03 -4.855615e-04))
503.74        	((-5.077970e+00 1.591780e+03 -7.671458e+01) (2.651108e-03 7.582057e-01 -2.093456e-02)) ((8.131033e+01 -1.198209e+00 3.802704e-01) (-1.322967e-01 -4.249498e-03 -5.043370e-04))
503.75        	((-5.087470e+00 1.592914e+03 -7.688234e+01) (2.840866e-03 7.585032e-01 -2.090728e-02)) ((8.129026e+01 -1.190516e+00 3.702911e-01) (-1.320620e-01 -4.406575e-03 -5.313510e-04))
503.76        	((-5.094939e+00 1.594113e+03 -7.700972e+01) (2.851221e-03 7.584629e-01 -2.083871e-02)) ((8.127885e+01 -1.184918e+00 3.595727e-01) (-1.321242e-01 -4.434471e-03 -5.426089e-04))
503.77        	((-5.095478e+00 1.595241e+03 -7.717278e+01) (3.066465e-03 7.582679e-01 -2.062991e-02)) ((8.125859e+01 -1.184714e+00 3.478673e-01) (-1.323102e-01 -4.605313e-03 -5.433686e-04))
503.78        	((-5.099697e+00 1.596437e+03 -7.730009e+01) (3.319263e-03 7.584718e-01 -2.061107e-02)) ((8.124556e+01 -1.181480e+00 3.366425e-01) (-1.322492e-01 -4.808956e-03 -5.614475e-04))
503.79        	((-5.111715e+00 1.597560e+03 -7.746455e+01) (3.433036e-03 7.584917e-01 -2.048976e-02)) ((8.122474e+01 -1.172829e+00 3.249867e-01) (-1.323443e-01 -4.911144e-03 -5.835807e-04))
503.8         	((-5.119913e+00 1.598752e+03 -7.759356e+01) (3.482994e-03 7.587267e-01 -2.040933e-02)) ((8.121133e+01 -1.167087e+00 3.127041e-01) (-1.323194e-01 -4.962174e-03 -5.888666e-04))
503.81        	((-5.123973e+00 1.599866e+03 -7.775864e+01) (3.577728e-03 7.589648e-01 -2.036163e-02)) ((8.119027e+01 -1.164365e+00 2.993108e-01) (-1.323168e-01 -5.046997e-03 -5.894492e-04))
503.82        	((-5.127372e+00 1.601054e+03 -7.788484e+01) (3.821273e-03 7.591383e-01 -2.030691e-02)) ((8.117848e+01 -1.160997e+00 2.863136e-01) (-1.324013e-01 -5.239170e-03 -5.986095e-04))
503.83        	((-5.138713e+00 1.602153e+03 -7.804617e+01) (3.895448e-03 7.591529e-01 -2.016104e-02)) ((8.115540e+01 -1.151546e+00 2.729180e-01) (-1.326117e-01 -5.310720e-03 -6.191489e-04))
503.84        	((-5.143664e+00 1.603328e+03 -7.817362e+01) (3.935046e-03 7.595706e-01 -2.013333e-02)) ((8.114077e+01 -1.145979e+00 2.588586e-01) (-1.325610e-01 -5.351855e-03 -6.207635e-04))
503.85        	((-5.146656e+00 1.604412e+03 -7.833600e+01) (4.102699e-03 7.598138e-01 -2.007233e-02)) ((8.111631e+01 -1.141831e+00 2.439254e-01) (-1.326497e-01 -5.486060e-03 -6.233483e-04))
503.86        	((-5.152156e+00 1.605574e+03 -7.846085e+01) (4.246434e-03 7.599712e-01 -1.996413e-02)) ((8.110146e+01 -1.134738e+00 2.291696e-01) (-1.328307e-01 -5.604762e-03 -6.371685e-04))
503.87        	((-5.160342e+00 1.606634e+03 -7.862149e+01) (4.303048e-03 7.602628e-01 -1.986389e-02)) ((8.107307e+01 -1.125924e+00 2.134143e-01) (-1.329113e-01 -5.659278e-03 -6.496761e-04))
503.88        	((-5.161200e+00 1.607779e+03 -7.874719e+01) (4.341197e-03 7.608284e-01 -1.988062e-02)) ((8.105665e+01 -1.121961e+00 1.968506e-01) (-1.328271e-01 -5.698043e-03 -6.502882e-04))
503.89        	((-5.161753e+00 1.608817e+03 -7.890427e+01) (4.577365e-03 7.610207e-01 -1.980869e-02)) ((8.102770e+01 -1.118042e+00 1.797654e-01) (-1.330163e-01 -5.876855e-03 -6.594220e-04))
503.9         	((-5.167374e+00 1.609945e+03 -7.902430e+01) (4.656990e-03 7.610872e-01 -1.965163e-02)) ((8.100926e+01 -1.109962e+00 1.627375e-01) (-1.333197e-01 -5.947361e-03 -6.796778e-04))
503.91        	((-5.172343e+00 1.610958e+03 -7.918206e+01) (4.702162e-03 7.616567e-01 -1.960791e-02)) ((8.097445e+01 -1.102772e+00 1.445386e-01) (-1.332388e-01 -5.987883e-03 -6.888685e-04))
503.92        	((-5.171030e+00 1.612071e+03 -7.930436e+01) (4.745750e-03 7.622540e-01 -1.965116e-02)) ((8.095526e+01 -1.099916e+00 1.255138e-01) (-1.331790e-01 -6.028272e-03 -6.898948e-04))
503.93        	((-5.168232e+00 1.613065e+03 -7.945521e+01) (4.922553e-03 7.622854e-01 -1.949968e-02)) ((8.092145e+01 -1.097344e+00 1.057551e-01) (-1.335158e-01 -6.161809e-03 -6.971849e-04))
503.94        	((-5.168328e+00 1.614153e+03 -7.957237e+01) (5.024518e-03 7.625308e-01 -1.937991e-02)) ((8.089818e+01 -1.092150e+00 8.591292e-02) (-1.337209e-01 -6.243313e-03 -7.132621e-04))
503.95        	((-5.169149e+00 1.615095e+03 -7.972788e+01) (5.110635e-03 7.631439e-01 -1.933481e-02)) ((8.085944e+01 -1.086459e+00 6.511277e-02) (-1.336294e-01 -6.310636e-03 -7.243965e-04))
503.96        	((-5.167482e+00 1.616143e+03 -7.984748e+01) (5.193864e-03 7.637966e-01 -1.938382e-02)) ((8.083488e+01 -1.082088e+00 4.405076e-02) (-1.335560e-01 -6.373713e-03 -7.314917e-04))
503.97        	((-5.164513e+00 1.617043e+03 -7.999249e+01) (5.259498e-03 7.636895e-01 -1.916003e-02)) ((8.078745e+01 -1.078156e+00 2.212681e-02) (-1.340074e-01 -6.425240e-03 -7.401667e-04))
503.98        	((-5.159116e+00 1.618058e+03 -8.010669e+01) (5.344275e-03 7.642102e-01 -1.908628e-02)) ((8.075217e+01 -1.075297e+00 4.208610e-05) (-1.340283e-01 -6.488553e-03 -7.472062e-04))
503.99        	((-5.152778e+00 1.618932e+03 -8.025169e+01) (5.436649e-03 7.647945e-01 -1.905998e-02)) ((8.070153e+01 -1.070853e+00 -2.287229e-02) (-1.339808e-01 -6.560215e-03 -7.592470e-04))
504           	((-5.145934e+00 1.619921e+03 -8.036078e+01) (5.485667e-03 7.651591e-01 -1.897760e-02)) ((8.066795e+01 -1.066115e+00 -4.585739e-02) (-1.341380e-01 -6.598676e-03 -7.719552e-04))
504.01        	((-5.134793e+00 1.620759e+03 -8.049833e+01) (5.590757e-03 7.653456e-01 -1.883116e-02)) ((8.061457e+01 -1.062131e+00 -6.947218e-02) (-1.343935e-01 -6.678539e-03 -7.824098e-04))
504.02        	((-5.125467e+00 1.621711e+03 -8.060552e+01) (5.683782e-03 7.659680e-01 -1.875584e-02)) ((8.057433e+01 -1.056456e+00 -9.274491e-02) (-1.343649e-01 -6.748493e-03 -7.974353e-04))
504.03        	((-5.114597e+00 1.622513e+03 -8.074189e+01) (5.765643e-03 7.666142e-01 -1.880848e-02)) ((8.051690e+01 -1.049912e+00 -1.166003e-01) (-1.343007e-01 -6.811002e-03 -8.104675e-04))
504.04        	((-5.098293e+00 1.623404e+03 -8.084982e+01) (5.849116e-03 7.666025e-01 -1.856891e-02)) ((8.046907e+01 -1.042039e+00 -1.400642e-01) (-1.347458e-01 -6.871285e-03 -8.230104e-04))
504.05        	((-5.080712e+00 1.624155e+03 -8.098169e+01) (5.951511e-03 7.671327e-01 -1.851472e-02)) ((8.040191e+01 -1.035587e+00 -1.644639e-01) (-1.347533e-01 -6.947542e-03 -8.356742e-04))
504.06        	((-5.064220e+00 1.625020e+03 -8.108488e+01) (6.073940e-03 7.677988e-01 -1.848659e-02)) ((8.035240e+01 -1.026260e+00 -1.880406e-01) (-1.347049e-01 -7.033237e-03 -8.523614e-04))
504.07        	((-5.051314e+00 1.625751e+03 -8.120552e+01) (6.036754e-03 7.680615e-01 -1.839875e-02)) ((8.028842e+01 -1.017351e+00 -2.125794e-01) (-1.349217e-01 -7.005851e-03 -8.655651e-04))
504.08        	((-5.029454e+00 1.626587e+03 -8.130003e+01) (6.164076e-03 7.683725e-01 -1.824559e-02)) ((8.023587e+01 -1.012090e+00 -2.366077e-01) (-1.351374e-01 -7.091302e-03 -8.667321e-04))
504.09        	((-5.014262e+00 1.627281e+03 -8.141934e+01) (6.321088e-03 7.689161e-01 -1.823238e-02)) ((8.016384e+01 -1.002351e+00 -2.604893e-01) (-1.351489e-01 -7.203863e-03 -8.854896e-04))
504.1         	((-4.998870e+00 1.628077e+03 -8.151344e+01) (6.343137e-03 7.692481e-01 -1.807584e-02)) ((8.010407e+01 -9.883659e-01 -2.833034e-01) (-1.353474e-01 -7.214018e-03 -9.017677e-04))
504.11        	((-4.977942e+00 1.628719e+03 -8.163131e+01) (6.362259e-03 7.698399e-01 -1.807923e-02)) ((8.002300e+01 -9.792445e-01 -3.070079e-01) (-1.353181e-01 -7.222895e-03 -9.026376e-04))
504.12        	((-4.951397e+00 1.629471e+03 -8.172115e+01) (6.551025e-03 7.701657e-01 -1.798954e-02)) ((7.995906e+01 -9.693367e-01 -3.292754e-01) (-1.355250e-01 -7.350556e-03 -9.097759e-04))
504.13        	((-4.932344e+00 1.630070e+03 -8.183128e+01) (6.594043e-03 7.703474e-01 -1.786478e-02)) ((7.987179e+01 -9.554616e-01 -3.514178e-01) (-1.357907e-01 -7.377898e-03 -9.279912e-04))
504.14        	((-4.906255e+00 1.630778e+03 -8.192019e+01) (6.652796e-03 7.709416e-01 -1.779272e-02)) ((7.979965e+01 -9.426223e-01 -3.726423e-01) (-1.357921e-01 -7.408148e-03 -9.307542e-04))
504.15        	((-4.871498e+00 1.631333e+03 -8.203718e+01) (6.732606e-03 7.715156e-01 -1.784091e-02)) ((7.970871e+01 -9.290107e-01 -3.935347e-01) (-1.357754e-01 -7.456165e-03 -9.384244e-04))
504.16        	((-4.838088e+00 1.632016e+03 -8.211897e+01) (6.810559e-03 7.715202e-01 -1.762412e-02)) ((7.963640e+01 -9.150829e-01 -4.136848e-01) (-1.362036e-01 -7.501419e-03 -9.468838e-04))
504.17        	((-4.801493e+00 1.632534e+03 -8.223168e+01) (6.899880e-03 7.720855e-01 -1.758269e-02)) ((7.954740e+01 -9.020762e-01 -4.335224e-01) (-1.361985e-01 -7.556113e-03 -9.548474e-04))
504.18        	((-4.772004e+00 1.633158e+03 -8.231379e+01) (6.993607e-03 7.727148e-01 -1.758987e-02)) ((7.947251e+01 -8.879716e-01 -4.523051e-01) (-1.361815e-01 -7.611454e-03 -9.644199e-04))
504.19        	((-4.736233e+00 1.633636e+03 -8.241697e+01) (7.062239e-03 7.727269e-01 -1.740537e-02)) ((7.937469e+01 -8.742244e-01 -4.706767e-01) (-1.366097e-01 -7.649841e-03 -9.746536e-04))
504.2         	((-4.702448e+00 1.634225e+03 -8.249637e+01) (7.130734e-03 7.733812e-01 -1.733987e-02)) ((7.928825e+01 -8.604393e-01 -4.881891e-01) (-1.365878e-01 -7.684911e-03 -9.805809e-04))
504.21        	((-4.658783e+00 1.634681e+03 -8.260102e+01) (7.215885e-03 7.740155e-01 -1.738923e-02)) ((7.919012e+01 -8.471168e-01 -5.053095e-01) (-1.366271e-01 -7.732212e-03 -9.884747e-04))
504.22        	((-4.617973e+00 1.635241e+03 -8.267572e+01) (7.295135e-03 7.740784e-01 -1.714762e-02)) ((7.910614e+01 -8.328053e-01 -5.215476e-01) (-1.371149e-01 -7.771497e-03 -9.960859e-04))
504.23        	((-4.567953e+00 1.635660e+03 -8.278095e+01) (7.395592e-03 7.747685e-01 -1.708461e-02)) ((7.900458e+01 -8.194280e-01 -5.374060e-01) (-1.372140e-01 -7.826310e-03 -1.001834e-03))
504.24        	((-4.524374e+00 1.636194e+03 -8.285947e+01) (7.511461e-03 7.755002e-01 -1.701921e-02)) ((7.891964e+01 -8.037008e-01 -5.520977e-01) (-1.373056e-01 -7.888875e-03 -1.010089e-03))
504.25        	((-4.473180e+00 1.636589e+03 -8.296112e+01) (7.497746e-03 7.759974e-01 -1.689584e-02)) ((7.881844e+01 -7.886682e-01 -5.665882e-01) (-1.376699e-01 -7.859789e-03 -1.014521e-03))
504.26        	((-4.419442e+00 1.637094e+03 -8.303873e+01) (7.616475e-03 7.766078e-01 -1.672927e-02)) ((7.872922e+01 -7.776804e-01 -5.805183e-01) (-1.379444e-01 -7.920293e-03 -1.007786e-03))
504.27        	((-4.362202e+00 1.637458e+03 -8.314325e+01) (7.746955e-03 7.775326e-01 -1.669208e-02)) ((7.862310e+01 -7.630806e-01 -5.933639e-01) (-1.380995e-01 -7.989950e-03 -1.014854e-03))
504.28        	((-4.309371e+00 1.637937e+03 -8.322076e+01) (7.732515e-03 7.781415e-01 -1.653985e-02)) ((7.853277e+01 -7.478160e-01 -6.056840e-01) (-1.384562e-01 -7.952879e-03 -1.015588e-03))
504.29        	((-4.241285e+00 1.638273e+03 -8.332347e+01) (7.867960e-03 7.788637e-01 -1.638168e-02)) ((7.842396e+01 -7.382150e-01 -6.178883e-01) (-1.388364e-01 -8.020617e-03 -1.001655e-03))
504.3         	((-4.183181e+00 1.638728e+03 -8.340370e+01) (8.019375e-03 7.798142e-01 -1.629918e-02)) ((7.833055e+01 -7.240639e-01 -6.287560e-01) (-1.390011e-01 -8.100355e-03 -1.004109e-03))
504.31        	((-4.125701e+00 1.638977e+03 -8.348959e+01) (8.037986e-03 7.805451e-01 -1.613239e-02)) ((7.820952e+01 -7.092930e-01 -6.391552e-01) (-1.394291e-01 -8.082798e-03 -9.977378e-04))
504.32        	((-4.059565e+00 1.639404e+03 -8.356001e+01) (8.104125e-03 7.814801e-01 -1.600248e-02)) ((7.811575e+01 -6.998323e-01 -6.494913e-01) (-1.396149e-01 -8.095982e-03 -9.786071e-04))
504.33        	((-3.984028e+00 1.639744e+03 -8.366633e+01) (8.260958e-03 7.823896e-01 -1.592009e-02)) ((7.801672e+01 -6.896901e-01 -6.595689e-01) (-1.399103e-01 -8.175418e-03 -9.670174e-04))
504.34        	((-3.916520e+00 1.640186e+03 -8.375827e+01) (8.293118e-03 7.831093e-01 -1.573218e-02)) ((7.792821e+01 -6.759727e-01 -6.686727e-01) (-1.402544e-01 -8.162508e-03 -9.614185e-04))
504.35        	((-3.845752e+00 1.640398e+03 -8.385556e+01) (8.341880e-03 7.841984e-01 -1.570454e-02)) ((7.780482e+01 -6.658726e-01 -6.776996e-01) (-1.404020e-01 -8.159673e-03 -9.383117e-04))
504.36        	((-3.774908e+00 1.640786e+03 -8.392880e+01) (8.515914e-03 7.849407e-01 -1.557045e-02)) ((7.770872e+01 -6.560589e-01 -6.859184e-01) (-1.407041e-01 -8.248804e-03 -9.260814e-04))
504.37        	((-3.698139e+00 1.641074e+03 -8.403206e+01) (8.551703e-03 7.857172e-01 -1.543598e-02)) ((7.760086e+01 -6.434286e-01 -6.939306e-01) (-1.410249e-01 -8.238663e-03 -9.184206e-04))
504.38        	((-3.617806e+00 1.641488e+03 -8.412198e+01) (8.587648e-03 7.867206e-01 -1.538408e-02)) ((7.750939e+01 -6.351804e-01 -7.017684e-01) (-1.410956e-01 -8.224404e-03 -8.966475e-04))
504.39        	((-3.531809e+00 1.641716e+03 -8.423485e+01) (8.764171e-03 7.874529e-01 -1.530801e-02)) ((7.739850e+01 -6.272019e-01 -7.092759e-01) (-1.414129e-01 -8.309854e-03 -8.786284e-04))
504.4         	((-3.456379e+00 1.642029e+03 -8.432028e+01) (8.810360e-03 7.881322e-01 -1.515242e-02)) ((7.729390e+01 -6.146213e-01 -7.158077e-01) (-1.416939e-01 -8.302149e-03 -8.725571e-04))
504.41        	((-3.369546e+00 1.642198e+03 -8.442016e+01) (8.867388e-03 7.891197e-01 -1.512645e-02)) ((7.716756e+01 -6.069036e-01 -7.227940e-01) (-1.417888e-01 -8.299552e-03 -8.471115e-04))
504.42        	((-3.286144e+00 1.642523e+03 -8.449142e+01) (9.008124e-03 7.898711e-01 -1.503679e-02)) ((7.706337e+01 -5.990692e-01 -7.290064e-01) (-1.419956e-01 -8.356333e-03 -8.309875e-04))
504.43        	((-3.200001e+00 1.642717e+03 -8.458487e+01) (9.036470e-03 7.905520e-01 -1.493123e-02)) ((7.694503e+01 -5.894362e-01 -7.352341e-01) (-1.422964e-01 -8.332525e-03 -8.153096e-04))
504.44        	((-3.111920e+00 1.643033e+03 -8.466113e+01) (9.078314e-03 7.914821e-01 -1.488827e-02)) ((7.684461e+01 -5.834233e-01 -7.413354e-01) (-1.423607e-01 -8.315190e-03 -7.897217e-04))
504.45        	((-3.019461e+00 1.643204e+03 -8.475633e+01) (9.233644e-03 7.921925e-01 -1.484507e-02)) ((7.672866e+01 -5.774537e-01 -7.474476e-01) (-1.426401e-01 -8.380216e-03 -7.675144e-04))
504.46        	((-2.935685e+00 1.643496e+03 -8.483143e+01) (9.258425e-03 7.928766e-01 -1.471561e-02)) ((7.662677e+01 -5.676012e-01 -7.528118e-01) (-1.428843e-01 -8.350321e-03 -7.552709e-04))
504.47        	((-2.841374e+00 1.643647e+03 -8.492511e+01) (9.285010e-03 7.938448e-01 -1.474805e-02)) ((7.650794e+01 -5.632051e-01 -7.590258e-01) (-1.429744e-01 -8.322326e-03 -7.226756e-04))
504.48        	((-2.750267e+00 1.643926e+03 -8.499646e+01) (9.431508e-03 7.945073e-01 -1.465716e-02)) ((7.640619e+01 -5.586727e-01 -7.644596e-01) (-1.432460e-01 -8.379397e-03 -7.012980e-04))
504.49        	((-2.660311e+00 1.644061e+03 -8.508908e+01) (9.451719e-03 7.952351e-01 -1.459436e-02)) ((7.628596e+01 -5.509810e-01 -7.699202e-01) (-1.435156e-01 -8.345573e-03 -6.822689e-04))
504.5         	((-2.568083e+00 1.644326e+03 -8.516549e+01) (9.475967e-03 7.961702e-01 -1.457386e-02)) ((7.618316e+01 -5.471195e-01 -7.753675e-01) (-1.435897e-01 -8.311149e-03 -6.518626e-04))
504.51        	((-2.472049e+00 1.644457e+03 -8.525883e+01) (9.603383e-03 7.968910e-01 -1.455420e-02)) ((7.606529e+01 -5.436107e-01 -7.809308e-01) (-1.438828e-01 -8.352980e-03 -6.230771e-04))
504.52        	((-2.384593e+00 1.644719e+03 -8.533413e+01) (9.613618e-03 7.976208e-01 -1.444669e-02)) ((7.596389e+01 -5.361863e-01 -7.857504e-01) (-1.441196e-01 -8.309535e-03 -6.053211e-04))
504.53        	((-2.288791e+00 1.644853e+03 -8.542878e+01) (9.625756e-03 7.986149e-01 -1.448239e-02)) ((7.584705e+01 -5.333334e-01 -7.913648e-01) (-1.442259e-01 -8.267550e-03 -5.657706e-04))
504.54        	((-2.196610e+00 1.645117e+03 -8.550450e+01) (9.744952e-03 7.993382e-01 -1.437813e-02)) ((7.574819e+01 -5.298017e-01 -7.961541e-01) (-1.444881e-01 -8.302430e-03 -5.375390e-04))
504.55        	((-2.105584e+00 1.645242e+03 -8.560011e+01) (9.744686e-03 8.001515e-01 -1.433677e-02)) ((7.563064e+01 -5.235642e-01 -8.009189e-01) (-1.447447e-01 -8.254033e-03 -5.092038e-04))
504.56        	((-2.012757e+00 1.645492e+03 -8.568092e+01) (9.755724e-03 8.011476e-01 -1.436088e-02)) ((7.552927e+01 -5.208274e-01 -8.054638e-01) (-1.448232e-01 -8.211086e-03 -4.718033e-04))
504.57        	((-1.917333e+00 1.645605e+03 -8.577901e+01) (9.864370e-03 8.019513e-01 -1.438271e-02)) ((7.541874e+01 -5.182081e-01 -8.099374e-01) (-1.451092e-01 -8.240561e-03 -4.350876e-04))
504.58        	((-1.830226e+00 1.645809e+03 -8.586129e+01) (9.867698e-03 8.027886e-01 -1.431785e-02)) ((7.531290e+01 -5.115750e-01 -8.134067e-01) (-1.453257e-01 -8.193030e-03 -4.097264e-04))
504.59        	((-1.734987e+00 1.645900e+03 -8.595583e+01) (9.873506e-03 8.038735e-01 -1.440767e-02)) ((7.519206e+01 -5.094289e-01 -8.174690e-01) (-1.454379e-01 -8.147858e-03 -3.622542e-04))
504.6         	((-1.643712e+00 1.646111e+03 -8.603210e+01) (9.981674e-03 8.047010e-01 -1.437079e-02)) ((7.508487e+01 -5.065449e-01 -8.206193e-01) (-1.457037e-01 -8.173521e-03 -3.256816e-04))
504.61        	((-1.554012e+00 1.646223e+03 -8.612426e+01) (9.978905e-03 8.056462e-01 -1.439138e-02)) ((7.496911e+01 -5.011522e-01 -8.236474e-01) (-1.459605e-01 -8.123096e-03 -2.871710e-04))
504.62        	((-1.463725e+00 1.646426e+03 -8.620388e+01) (9.988582e-03 8.067667e-01 -1.441779e-02)) ((7.486442e+01 -4.986449e-01 -8.264547e-01) (-1.460565e-01 -8.077639e-03 -2.395436e-04))
504.63        	((-1.370587e+00 1.646543e+03 -8.629421e+01) (1.008408e-02 8.077520e-01 -1.445557e-02)) ((7.475395e+01 -4.964725e-01 -8.290635e-01) (-1.463520e-01 -8.094668e-03 -1.886237e-04))
504.64        	((-1.284952e+00 1.646741e+03 -8.637048e+01) (1.008363e-02 8.087566e-01 -1.441312e-02)) ((7.464904e+01 -4.908813e-01 -8.307666e-01) (-1.465700e-01 -8.041622e-03 -1.499118e-04))
504.65        	((-1.212168e+00 1.646864e+03 -8.645671e+01) (1.008583e-02 8.100321e-01 -1.452007e-02)) ((7.453898e+01 -4.915235e-01 -8.332337e-01) (-1.467000e-01 -7.994005e-03 -8.844849e-05))
504.66        	((-1.126741e+00 1.647038e+03 -8.653078e+01) (1.017766e-02 8.110519e-01 -1.449017e-02)) ((7.443131e+01 -4.893682e-01 -8.341942e-01) (-1.469669e-01 -8.005315e-03 -3.765138e-05))
504.67        	((-1.044883e+00 1.647120e+03 -8.661724e+01) (1.017461e-02 8.122291e-01 -1.452517e-02)) ((7.431545e+01 -4.860082e-01 -8.350609e-01) (-1.472245e-01 -7.950202e-03 1.838237e-05))
504.68        	((-9.418674e-01 1.647254e+03 -8.669430e+01) (1.019062e-02 8.135221e-01 -1.455185e-02)) ((7.420182e+01 -4.829466e-01 -8.353705e-01) (-1.473356e-01 -7.897709e-03 7.991530e-05))
504.69        	((-8.463873e-01 1.647331e+03 -8.677869e+01) (1.028565e-02 8.147206e-01 -1.460135e-02)) ((7.408815e+01 -4.818880e-01 -8.359620e-01) (-1.476397e-01 -7.903077e-03 1.468297e-04))
504.7         	((-7.477036e-01 1.647464e+03 -8.685016e+01) (1.029500e-02 8.158993e-01 -1.456961e-02)) ((7.397595e+01 -4.761047e-01 -8.357985e-01) (-1.478634e-01 -7.842578e-03 2.002596e-04))
504.71        	((-6.591944e-01 1.647554e+03 -8.692705e+01) (1.030681e-02 8.173460e-01 -1.469628e-02)) ((7.386615e+01 -4.760157e-01 -8.366684e-01) (-1.480127e-01 -7.786220e-03 2.758237e-04))
504.72        	((-5.618494e-01 1.647696e+03 -8.699318e+01) (1.040216e-02 8.185599e-01 -1.467611e-02)) ((7.375928e+01 -4.738191e-01 -8.366712e-01) (-1.482831e-01 -7.781934e-03 3.400501e-04))
504.73        	((-4.739717e-01 1.647795e+03 -8.707690e+01) (1.040703e-02 8.199921e-01 -1.471587e-02)) ((7.365132e+01 -4.718310e-01 -8.367257e-01) (-1.485389e-01 -7.716301e-03 4.103273e-04))
504.74        	((-3.931219e-01 1.647943e+03 -8.714734e+01) (1.042086e-02 8.214111e-01 -1.477744e-02)) ((7.354482e+01 -4.732297e-01 -8.364131e-01) (-1.486516e-01 -7.652155e-03 4.781064e-04))
504.75        	((-3.070135e-01 1.648043e+03 -8.722358e+01) (1.050986e-02 8.227916e-01 -1.486503e-02)) ((7.344773e+01 -4.748112e-01 -8.361233e-01) (-1.489487e-01 -7.637028e-03 5.536401e-04))
504.76        	((-2.202889e-01 1.648147e+03 -8.729328e+01) (1.052007e-02 8.241575e-01 -1.484185e-02)) ((7.333763e+01 -4.721226e-01 -8.348488e-01) (-1.491618e-01 -7.564809e-03 6.131279e-04))
504.77        	((-1.151050e-01 1.648217e+03 -8.737227e+01) (1.053634e-02 8.258211e-01 -1.498857e-02)) ((7.322839e+01 -4.730752e-01 -8.339513e-01) (-1.493064e-01 -7.492171e-03 6.940997e-04))
504.78        	((-1.473676e-02 1.648351e+03 -8.744365e+01) (1.062989e-02 8.272258e-01 -1.497108e-02)) ((7.311843e+01 -4.723783e-01 -8.325755e-01) (-1.495696e-01 -7.473736e-03 7.569014e-04))
504.79        	((8.732879e-02 1.648470e+03 -8.753021e+01) (1.062906e-02 8.289225e-01 -1.501817e-02)) ((7.301562e+01 -4.701349e-01 -8.309561e-01) (-1.498208e-01 -7.393913e-03 8.255772e-04))
504.8         	((1.808302e-01 1.648618e+03 -8.759775e+01) (1.063814e-02 8.305679e-01 -1.508922e-02)) ((7.291040e+01 -4.698578e-01 -8.290955e-01) (-1.499366e-01 -7.322057e-03 8.923318e-04))
504.81        	((2.766860e-01 1.648738e+03 -8.766613e+01) (1.070725e-02 8.322558e-01 -1.522229e-02)) ((7.281360e+01 -4.703545e-01 -8.271721e-01) (-1.502331e-01 -7.295356e-03 9.663638e-04))
504.82        	((3.656077e-01 1.648890e+03 -8.773200e+01) (1.070752e-02 8.339350e-01 -1.521562e-02)) ((7.270942e+01 -4.672602e-01 -8.243685e-01) (-1.504494e-01 -7.221831e-03 1.024800e-03))
504.83        	((4.687706e-01 1.649012e+03 -8.782247e+01) (1.069614e-02 8.360068e-01 -1.534604e-02)) ((7.260807e+01 -4.671334e-01 -8.215021e-01) (-1.506073e-01 -7.144488e-03 1.103225e-03))
504.84        	((5.649224e-01 1.649167e+03 -8.789948e+01) (1.076356e-02 8.376726e-01 -1.536865e-02)) ((7.250271e+01 -4.655793e-01 -8.177791e-01) (-1.508609e-01 -7.117644e-03 1.164565e-03))
504.85        	((6.626682e-01 1.649279e+03 -8.797599e+01) (1.075339e-02 8.397559e-01 -1.545790e-02)) ((7.239966e+01 -4.629429e-01 -8.139043e-01) (-1.510758e-01 -7.034508e-03 1.229308e-03))
504.86        	((7.563927e-01 1.649418e+03 -8.804198e+01) (1.074579e-02 8.417237e-01 -1.550026e-02)) ((7.229210e+01 -4.613424e-01 -8.094628e-01) (-1.511720e-01 -6.956521e-03 1.288437e-03))
504.87        	((8.582211e-01 1.649513e+03 -8.811616e+01) (1.079425e-02 8.438389e-01 -1.556872e-02)) ((7.218876e+01 -4.607040e-01 -8.048189e-01) (-1.514387e-01 -6.917160e-03 1.353603e-03))
504.88        	((9.487217e-01 1.649651e+03 -8.818709e+01) (1.077131e-02 8.457903e-01 -1.555190e-02)) ((7.208332e+01 -4.565545e-01 -7.994077e-01) (-1.515994e-01 -6.834213e-03 1.401383e-03))
504.89        	((1.051105e+00 1.649748e+03 -8.826594e+01) (1.074722e-02 8.482053e-01 -1.567631e-02)) ((7.198175e+01 -4.556866e-01 -7.943442e-01) (-1.517118e-01 -6.743643e-03 1.468660e-03))
504.9         	((1.146080e+00 1.649904e+03 -8.833266e+01) (1.078726e-02 8.501573e-01 -1.565612e-02)) ((7.188085e+01 -4.530126e-01 -7.883727e-01) (-1.519347e-01 -6.702636e-03 1.517936e-03))
504.91        	((1.244294e+00 1.650012e+03 -8.840277e+01) (1.074997e-02 8.525887e-01 -1.578364e-02)) ((7.177990e+01 -4.493174e-01 -7.820668e-01) (-1.521007e-01 -6.608963e-03 1.574799e-03))
504.92        	((1.332223e+00 1.650178e+03 -8.846314e+01) (1.070029e-02 8.548463e-01 -1.584435e-02)) ((7.168063e+01 -4.462722e-01 -7.752393e-01) (-1.521828e-01 -6.520096e-03 1.625096e-03))
504.93        	((1.433151e+00 1.650289e+03 -8.853328e+01) (1.069830e-02 8.573117e-01 -1.594785e-02)) ((7.158282e+01 -4.451737e-01 -7.682501e-01) (-1.524123e-01 -6.463466e-03 1.682641e-03))
504.94        	((1.522859e+00 1.650472e+03 -8.859636e+01) (1.064983e-02 8.595507e-01 -1.599109e-02)) ((7.148795e+01 -4.410995e-01 -7.605032e-01) (-1.525249e-01 -6.375601e-03 1.723741e-03))
504.95        	((1.625214e+00 1.650601e+03 -8.866549e+01) (1.058577e-02 8.622579e-01 -1.616411e-02)) ((7.140230e+01 -4.408380e-01 -7.528273e-01) (-1.526122e-01 -6.275711e-03 1.782593e-03))
504.96        	((1.714964e+00 1.650759e+03 -8.871850e+01) (1.057453e-02 8.644372e-01 -1.619786e-02)) ((7.130976e+01 -4.396341e-01 -7.443761e-01) (-1.528001e-01 -6.218961e-03 1.829172e-03))
504.97        	((1.807807e+00 1.650868e+03 -8.878232e+01) (1.051118e-02 8.672155e-01 -1.635553e-02)) ((7.121393e+01 -4.389178e-01 -7.356301e-01) (-1.529055e-01 -6.119061e-03 1.883152e-03))
504.98        	((1.888055e+00 1.651077e+03 -8.884134e+01) (1.043376e-02 8.697249e-01 -1.642533e-02)) ((7.112365e+01 -4.388699e-01 -7.264366e-01) (-1.529737e-01 -6.019289e-03 1.930750e-03))
504.99        	((1.977321e+00 1.651271e+03 -8.890831e+01) (1.040183e-02 8.725772e-01 -1.653375e-02)) ((7.104221e+01 -4.412063e-01 -7.171815e-01) (-1.531759e-01 -5.938134e-03 1.990815e-03))
505           	((2.055338e+00 1.651559e+03 -8.896034e+01) (1.035224e-02 8.752058e-01 -1.658421e-02)) ((7.096824e+01 -4.408988e-01 -7.073358e-01) (-1.532386e-01 -5.841466e-03 2.040866e-03))
