# Forces      
# CofR        : (0.000000e+00 0.000000e+00 0.000000e+00)
# Time        forces(pressure viscous)	moments(pressure viscous)
500           	((-2.333159e+00 1.346835e+04 -3.265299e+03) (-3.999515e-05 4.130789e+00 -9.317067e-02)) ((2.667643e+03 7.898644e-01 1.083501e+00) (3.358706e-01 2.196479e-07 -1.998845e-04))
500.01        	((-5.260356e+00 1.169806e+04 -2.954975e+03) (-3.450051e-03 2.815261e+00 6.418659e-02)) ((2.305246e+03 1.153882e+00 1.541590e+00) (3.746862e-02 1.013819e-03 4.013029e-04))
500.02        	((-7.889087e+00 4.424360e+03 -1.228256e+03) (-4.121960e-03 1.469641e+00 2.514653e-01)) ((8.800143e+02 1.361953e+00 1.496139e+00) (-2.002340e-01 1.124767e-03 -8.887063e-04))
500.03        	((-3.027174e+00 -2.334274e+03 2.952448e+02) (-4.919632e-03 9.715596e-01 3.898252e-01)) ((-4.642079e+02 6.560427e-01 4.657640e-01) (-2.368978e-01 1.100355e-03 -2.246040e-04))
500.04        	((7.310717e+00 -4.382571e+03 7.613375e+02) (-1.481992e-02 1.277156e+00 4.404405e-01)) ((-8.387922e+02 4.600693e-01 -1.127217e+00) (-8.434779e-02 6.559727e-03 -5.484853e-03))
500.05        	((1.496738e+01 -2.547930e+03 3.768346e+02) (-1.153174e-03 2.213298e+00 3.976729e-01)) ((-4.381825e+02 6.740694e-01 -1.697833e+00) (1.434390e-01 1.990591e-03 -2.598787e-03))
500.06        	((1.167992e+01 3.502846e+02 -2.368760e+02) (6.085379e-03 3.398182e+00 3.346624e-01)) ((1.622484e+02 3.546480e-01 -9.079802e-01) (3.108270e-01 -1.038352e-03 -4.255312e-03))
500.07        	((9.643902e-01 2.346627e+03 -6.573042e+02) (-2.772278e-03 4.032301e+00 2.827588e-01)) ((5.593977e+02 8.057175e-01 -1.588014e-01) (3.292837e-01 -1.897240e-03 6.025755e-04))
500.08        	((-8.230866e+00 2.758313e+03 -7.563081e+02) (4.362485e-03 3.929790e+00 2.669466e-01)) ((6.310820e+02 8.943770e-01 3.404411e-01) (2.475404e-01 -2.741974e-03 3.097806e-03))
500.09        	((-1.113444e+01 2.042531e+03 -6.330435e+02) (1.093366e-03 3.477953e+00 2.678703e-01)) ((4.838583e+02 1.312809e+00 2.530304e-02) (1.344200e-01 -2.139127e-03 1.954587e-03))
500.1         	((-6.383538e+00 1.063774e+03 -4.692553e+02) (5.710378e-03 2.964982e+00 2.815495e-01)) ((2.968287e+02 1.025091e+00 -4.869735e-01) (5.814636e-02 -1.924237e-03 3.556970e-04))
500.11        	((-8.921667e-01 4.722794e+02 -3.688323e+02) (1.397298e-02 2.697741e+00 2.869897e-01)) ((1.892494e+02 1.210571e+00 -1.080775e+00) (5.041845e-02 1.193928e-03 -2.339681e-03))
500.12        	((2.056885e+00 4.269563e+02 -3.548186e+02) (1.389290e-02 2.776244e+00 3.116705e-01)) ((1.840316e+02 1.327887e+00 -1.075983e+00) (8.883849e-02 5.245596e-04 -3.156550e-03))
500.13        	((1.413853e+00 7.016284e+02 -3.894908e+02) (1.124114e-02 3.068409e+00 3.207103e-01)) ((2.353476e+02 1.077931e+00 -5.354889e-01) (1.328650e-01 8.961278e-04 -2.407607e-03))
500.14        	((-1.904073e+00 9.899743e+02 -4.301440e+02) (1.209410e-02 3.428165e+00 3.112619e-01)) ((2.890897e+02 9.204813e-01 -7.352116e-02) (1.723315e-01 1.401908e-05 -1.042848e-03))
500.15        	((-4.020340e+00 1.129305e+03 -4.559014e+02) (1.295924e-02 3.677193e+00 2.874532e-01)) ((3.170137e+02 4.920839e-01 9.779445e-02) (1.901121e-01 -5.651440e-04 -8.696649e-04))
500.16        	((-3.865484e+00 1.129951e+03 -4.661181e+02) (1.361083e-02 3.790092e+00 2.680443e-01)) ((3.203909e+02 1.836543e-01 -6.696144e-02) (1.915621e-01 -4.146155e-04 -5.726775e-04))
500.17        	((-2.489953e+00 1.078669e+03 -4.667578e+02) (1.686585e-02 3.823822e+00 2.553314e-01)) ((3.137107e+02 5.727041e-02 -3.719066e-01) (1.859279e-01 -2.120587e-04 -4.683049e-04))
500.18        	((-1.118413e+00 1.044236e+03 -4.629023e+02) (1.908003e-02 3.851561e+00 2.470464e-01)) ((3.089216e+02 3.948780e-02 -5.318406e-01) (1.823979e-01 -7.119514e-04 1.332844e-04))
500.19        	((-8.273227e-01 1.038718e+03 -4.557331e+02) (2.225594e-02 3.907426e+00 2.388115e-01)) ((3.084811e+02 -1.006007e-02 -4.854676e-01) (1.839203e-01 -1.173358e-03 6.385915e-04))
500.2         	((-1.541314e+00 1.041804e+03 -4.467431e+02) (2.356656e-02 3.995713e+00 2.305461e-01)) ((3.093707e+02 -1.471633e-01 -3.164267e-01) (1.885523e-01 -1.582554e-03 1.586393e-03))
500.21        	((-2.499087e+00 1.038565e+03 -4.391434e+02) (2.293301e-02 4.097549e+00 2.211894e-01)) ((3.091370e+02 -3.475301e-01 -1.614529e-01) (1.927113e-01 -1.994463e-03 2.954676e-03))
500.22        	((-3.109262e+00 1.032926e+03 -4.367017e+02) (2.198254e-02 4.194021e+00 2.114643e-01)) ((3.084207e+02 -5.334504e-01 -1.217545e-01) (1.945284e-01 -1.841920e-03 3.583637e-03))
500.23        	((-3.284435e+00 1.037465e+03 -4.400808e+02) (2.091989e-02 4.272148e+00 2.016498e-01)) ((3.091870e+02 -6.702951e-01 -1.335560e-01) (1.931566e-01 -1.638033e-03 4.430989e-03))
500.24        	((-3.330785e+00 1.057166e+03 -4.464211e+02) (2.004262e-02 4.327616e+00 1.892817e-01)) ((3.122467e+02 -7.702745e-01 -1.632300e-01) (1.881463e-01 -1.276270e-03 4.557759e-03))
500.25        	((-3.584350e+00 1.085544e+03 -4.516976e+02) (1.898941e-02 4.368973e+00 1.813682e-01)) ((3.169845e+02 -8.577667e-01 -1.687763e-01) (1.819046e-01 -7.741674e-04 6.208843e-03))
500.26        	((-4.061200e+00 1.106558e+03 -4.528258e+02) (1.700506e-02 4.404762e+00 1.750790e-01)) ((3.206295e+02 -9.190330e-01 -1.567465e-01) (1.751406e-01 -4.307422e-05 4.932111e-03))
500.27        	((-4.637518e+00 1.111253e+03 -4.499243e+02) (1.633299e-02 4.435123e+00 1.699379e-01)) ((3.214829e+02 -9.946165e-01 -9.948640e-02) (1.670534e-01 2.278056e-04 5.017691e-03))
500.28        	((-5.161515e+00 1.102701e+03 -4.456363e+02) (1.522155e-02 4.461544e+00 1.678447e-01)) ((3.199889e+02 -1.066612e+00 -7.427517e-02) (1.594613e-01 2.390670e-04 5.276844e-03))
500.29        	((-5.528506e+00 1.091211e+03 -4.423796e+02) (1.402267e-02 4.482239e+00 1.703472e-01)) ((3.176071e+02 -1.116899e+00 -8.912705e-02) (1.506311e-01 3.856085e-04 5.572822e-03))
500.3         	((-5.785588e+00 1.086064e+03 -4.411001e+02) (1.309530e-02 4.495417e+00 1.724865e-01)) ((3.157300e+02 -1.131753e+00 -1.285007e-01) (1.417084e-01 4.941121e-05 6.183807e-03))
500.31        	((-6.065281e+00 1.090732e+03 -4.412512e+02) (1.321882e-02 4.502709e+00 1.746967e-01)) ((3.149619e+02 -1.120306e+00 -1.659814e-01) (1.324806e-01 -2.692802e-04 6.086644e-03))
500.32        	((-6.401080e+00 1.102026e+03 -4.415956e+02) (1.352359e-02 4.502926e+00 1.752120e-01)) ((3.150218e+02 -1.092325e+00 -1.936600e-01) (1.219846e-01 -8.633816e-04 6.027685e-03))
500.33        	((-6.794845e+00 1.113836e+03 -4.411440e+02) (1.394282e-02 4.501874e+00 1.754504e-01)) ((3.152697e+02 -1.061391e+00 -2.100669e-01) (1.124091e-01 -1.486557e-03 6.182381e-03))
500.34        	((-7.165869e+00 1.121343e+03 -4.395785e+02) (1.379688e-02 4.498926e+00 1.767215e-01)) ((3.151188e+02 -1.015602e+00 -2.235103e-01) (1.036205e-01 -2.028858e-03 6.719440e-03))
500.35        	((-7.455701e+00 1.123564e+03 -4.372038e+02) (1.421801e-02 4.496336e+00 1.795221e-01)) ((3.143734e+02 -9.606740e-01 -2.440739e-01) (9.583633e-02 -2.695175e-03 6.631269e-03))
500.36        	((-7.642821e+00 1.122632e+03 -4.346015e+02) (1.494004e-02 4.489909e+00 1.813502e-01)) ((3.131285e+02 -9.218511e-01 -2.632492e-01) (8.843320e-02 -3.211182e-03 6.696859e-03))
500.37        	((-7.702866e+00 1.122171e+03 -4.322712e+02) (1.505760e-02 4.483770e+00 1.824912e-01)) ((3.117399e+02 -8.827836e-01 -2.926698e-01) (8.275942e-02 -3.979225e-03 6.771194e-03))
500.38        	((-7.776548e+00 1.124007e+03 -4.304760e+02) (1.519239e-02 4.472089e+00 1.825256e-01)) ((3.104714e+02 -8.345601e-01 -3.207297e-01) (7.642792e-02 -4.612921e-03 6.704375e-03))
500.39        	((-7.835769e+00 1.127985e+03 -4.291284e+02) (1.518833e-02 4.459962e+00 1.830024e-01)) ((3.094042e+02 -7.984756e-01 -3.439248e-01) (7.051696e-02 -4.868812e-03 7.029469e-03))
500.4         	((-7.873142e+00 1.132632e+03 -4.278293e+02) (1.421273e-02 4.446169e+00 1.820214e-01)) ((3.084349e+02 -7.569105e-01 -3.740359e-01) (6.493310e-02 -4.996636e-03 7.074892e-03))
500.41        	((-7.898696e+00 1.136578e+03 -4.264104e+02) (1.394580e-02 4.434030e+00 1.812386e-01)) ((3.074809e+02 -7.219045e-01 -3.867273e-01) (6.015674e-02 -5.018994e-03 6.760950e-03))
500.42        	((-7.934506e+00 1.139203e+03 -4.248774e+02) (1.313364e-02 4.419445e+00 1.796513e-01)) ((3.065151e+02 -6.727198e-01 -4.133434e-01) (5.492440e-02 -4.948836e-03 6.386809e-03))
500.43        	((-7.927695e+00 1.140764e+03 -4.233696e+02) (1.206519e-02 4.407169e+00 1.782001e-01)) ((3.055597e+02 -6.206471e-01 -4.460768e-01) (5.090540e-02 -4.735020e-03 6.143191e-03))
500.44        	((-7.886709e+00 1.141818e+03 -4.220079e+02) (1.046629e-02 4.393590e+00 1.754836e-01)) ((3.046085e+02 -5.641180e-01 -4.800438e-01) (4.677156e-02 -4.528861e-03 5.814461e-03))
500.45        	((-7.834340e+00 1.143012e+03 -4.208767e+02) (9.405556e-03 4.379553e+00 1.723557e-01)) ((3.036871e+02 -5.198517e-01 -5.087364e-01) (4.304597e-02 -4.047436e-03 5.653091e-03))
500.46        	((-7.734441e+00 1.144512e+03 -4.198573e+02) (6.858021e-03 4.363701e+00 1.679251e-01)) ((3.027818e+02 -4.713116e-01 -5.396532e-01) (3.891078e-02 -3.633270e-03 5.573259e-03))
500.47        	((-7.601582e+00 1.145278e+03 -4.178593e+02) (6.296782e-03 4.351287e+00 1.633876e-01)) ((3.012358e+02 -4.325975e-01 -5.566830e-01) (3.510253e-02 -3.381883e-03 4.964342e-03))
500.48        	((-7.447221e+00 1.146297e+03 -4.158947e+02) (4.997330e-03 4.337957e+00 1.582502e-01)) ((2.997458e+02 -3.911498e-01 -5.865544e-01) (3.099050e-02 -3.241149e-03 4.347317e-03))
500.49        	((-7.297969e+00 1.148815e+03 -4.154170e+02) (3.969664e-03 4.326255e+00 1.526049e-01)) ((2.993292e+02 -3.543354e-01 -6.031668e-01) (2.842346e-02 -3.057310e-03 4.189978e-03))
500.5         	((-7.126121e+00 1.151370e+03 -4.153820e+02) (2.880086e-03 4.314690e+00 1.460602e-01)) ((2.993453e+02 -3.154905e-01 -6.295677e-01) (2.586814e-02 -2.941525e-03 3.407045e-03))
500.51        	((-6.938296e+00 1.152995e+03 -4.148461e+02) (1.856000e-03 4.305422e+00 1.386233e-01)) ((2.991277e+02 -2.863658e-01 -6.393056e-01) (2.413609e-02 -2.823871e-03 3.419117e-03))
500.52        	((-6.679098e+00 1.153621e+03 -4.135869e+02) (7.906535e-04 4.294589e+00 1.300991e-01)) ((2.984145e+02 -2.701082e-01 -6.518102e-01) (2.183075e-02 -2.830465e-03 2.891310e-03))
500.53        	((-6.330569e+00 1.153393e+03 -4.110312e+02) (4.301091e-04 4.285427e+00 1.217438e-01)) ((2.968326e+02 -2.934730e-01 -6.322379e-01) (1.897742e-02 -2.856933e-03 2.963536e-03))
500.54        	((-5.936818e+00 1.153737e+03 -4.085988e+02) (3.275861e-04 4.272706e+00 1.132504e-01)) ((2.952710e+02 -3.254514e-01 -6.292855e-01) (1.495443e-02 -3.055366e-03 1.758263e-03))
500.55        	((-5.592769e+00 1.155383e+03 -4.070110e+02) (-2.205374e-04 4.264467e+00 1.050485e-01)) ((2.943405e+02 -3.655398e-01 -6.148619e-01) (1.197779e-02 -3.170856e-03 2.585876e-03))
500.56        	((-5.249773e+00 1.157677e+03 -4.061210e+02) (-1.355083e-03 4.255266e+00 9.662202e-02)) ((2.939468e+02 -3.776499e-01 -6.127411e-01) (8.826971e-03 -3.281209e-03 2.350740e-03))
500.57        	((-4.981615e+00 1.159816e+03 -4.052434e+02) (-1.167769e-03 4.248324e+00 8.768798e-02)) ((2.936830e+02 -3.914974e-01 -6.107967e-01) (6.312871e-03 -3.434663e-03 2.242350e-03))
500.58        	((-4.654719e+00 1.161227e+03 -4.040136e+02) (-2.162192e-03 4.240428e+00 7.920943e-02)) ((2.931820e+02 -3.935160e-01 -6.104756e-01) (3.457105e-03 -3.728462e-03 1.923029e-03))
500.59        	((-4.357109e+00 1.162095e+03 -4.024015e+02) (-2.078297e-03 4.234141e+00 7.114526e-02)) ((2.924160e+02 -4.137467e-01 -6.117909e-01) (9.630585e-04 -3.773198e-03 1.843788e-03))
500.6         	((-4.036004e+00 1.162701e+03 -4.007269e+02) (-3.125371e-03 4.227183e+00 6.404263e-02)) ((2.915291e+02 -4.222936e-01 -6.201140e-01) (-2.002792e-03 -3.841964e-03 1.682843e-03))
500.61        	((-3.817881e+00 1.163437e+03 -3.991665e+02) (-2.697199e-03 4.221882e+00 5.687833e-02)) ((2.907352e+02 -4.356644e-01 -6.469311e-01) (-4.472000e-03 -3.903028e-03 1.410401e-03))
500.62        	((-3.585065e+00 1.164285e+03 -3.978351e+02) (-3.823370e-03 4.215678e+00 5.053308e-02)) ((2.900980e+02 -4.169770e-01 -6.833582e-01) (-7.155727e-03 -4.173692e-03 1.242072e-03))
500.63        	((-3.435279e+00 1.165201e+03 -3.965744e+02) (-3.626383e-03 4.211018e+00 4.440290e-02)) ((2.895932e+02 -4.006104e-01 -7.331380e-01) (-9.425941e-03 -4.105249e-03 1.004518e-03))
500.64        	((-3.210416e+00 1.165933e+03 -3.953143e+02) (-5.398826e-03 4.206190e+00 3.921669e-02)) ((2.891105e+02 -3.574265e-01 -7.792429e-01) (-1.166250e-02 -4.184222e-03 1.118129e-03))
500.65        	((-3.040026e+00 1.166519e+03 -3.939637e+02) (-4.904487e-03 4.201916e+00 3.403176e-02)) ((2.886128e+02 -3.241129e-01 -8.366809e-01) (-1.372451e-02 -4.051033e-03 5.418318e-04))
500.66        	((-2.791403e+00 1.166955e+03 -3.925812e+02) (-7.607345e-03 4.195819e+00 2.959535e-02)) ((2.880833e+02 -2.627084e-01 -8.841654e-01) (-1.607366e-02 -4.177979e-03 2.338930e-03))
500.67        	((-2.579665e+00 1.167418e+03 -3.911894e+02) (-6.470644e-03 4.194415e+00 2.578227e-02)) ((2.875647e+02 -2.092331e-01 -9.140698e-01) (-1.741943e-02 -4.217561e-03 1.388332e-03))
500.68        	((-2.381140e+00 1.167984e+03 -3.898763e+02) (-7.145717e-03 4.191599e+00 2.228921e-02)) ((2.870846e+02 -1.361128e-01 -9.902987e-01) (-1.897365e-02 -4.385676e-03 6.635698e-04))
500.69        	((-2.239677e+00 1.168634e+03 -3.885844e+02) (-6.820690e-03 4.187782e+00 1.829974e-02)) ((2.866493e+02 -8.056937e-02 -1.060140e+00) (-2.073032e-02 -4.593940e-03 1.046756e-03))
500.7         	((-2.055962e+00 1.169273e+03 -3.873146e+02) (-8.005470e-03 4.184937e+00 1.502709e-02)) ((2.862321e+02 -4.970735e-04 -1.142447e+00) (-2.218529e-02 -4.738989e-03 7.118554e-04))
500.71        	((-1.919988e+00 1.169828e+03 -3.860265e+02) (-7.773922e-03 4.181006e+00 1.148507e-02)) ((2.858211e+02 5.939398e-02 -1.199766e+00) (-2.386315e-02 -4.747732e-03 1.069620e-03))
500.72        	((-1.757305e+00 1.170292e+03 -3.847436e+02) (-8.890505e-03 4.178685e+00 8.909256e-03)) ((2.854005e+02 1.378519e-01 -1.269276e+00) (-2.507162e-02 -4.890921e-03 6.738094e-04))
500.73        	((-1.618381e+00 1.170681e+03 -3.834450e+02) (-8.783832e-03 4.174804e+00 5.821129e-03)) ((2.849731e+02 1.958629e-01 -1.310790e+00) (-2.660468e-02 -5.067320e-03 1.133921e-03))
500.74        	((-1.444280e+00 1.171038e+03 -3.821797e+02) (-9.919119e-03 4.172815e+00 3.737652e-03)) ((2.845456e+02 2.710674e-01 -1.367620e+00) (-2.764292e-02 -5.167014e-03 8.417706e-04))
500.75        	((-1.308287e+00 1.171379e+03 -3.809523e+02) (-1.002151e-02 4.168983e+00 1.239335e-03)) ((2.841324e+02 3.224322e-01 -1.399832e+00) (-2.905295e-02 -5.261801e-03 1.584118e-03))
500.76        	((-1.156449e+00 1.171717e+03 -3.797970e+02) (-1.091707e-02 4.167657e+00 -2.514386e-04)) ((2.837340e+02 3.874879e-01 -1.449428e+00) (-2.984060e-02 -5.311226e-03 9.807761e-04))
500.77        	((-1.061537e+00 1.172019e+03 -3.786900e+02) (-1.053838e-02 4.164046e+00 -2.082778e-03)) ((2.833456e+02 4.201494e-01 -1.485088e+00) (-3.107005e-02 -5.352228e-03 1.084698e-03))
500.78        	((-9.440072e-01 1.172280e+03 -3.776373e+02) (-1.174382e-02 4.162774e+00 -3.032924e-03)) ((2.829521e+02 4.633965e-01 -1.537817e+00) (-3.173580e-02 -5.452099e-03 8.843664e-04))
500.79        	((-8.470533e-01 1.172491e+03 -3.766156e+02) (-1.184030e-02 4.159896e+00 -4.353033e-03)) ((2.825559e+02 4.882751e-01 -1.562610e+00) (-3.269218e-02 -5.638032e-03 1.516682e-03))
500.8         	((-7.253393e-01 1.172669e+03 -3.756520e+02) (-1.268374e-02 4.158244e+00 -4.825169e-03)) ((2.821576e+02 5.281102e-01 -1.601321e+00) (-3.332271e-02 -5.748592e-03 1.136160e-03))
500.81        	((-6.368292e-01 1.172813e+03 -3.747245e+02) (-1.284715e-02 4.153964e+00 -5.776999e-03)) ((2.817682e+02 5.427447e-01 -1.619079e+00) (-3.444096e-02 -5.844831e-03 2.085259e-03))
500.82        	((-5.223191e-01 1.172954e+03 -3.738710e+02) (-1.343666e-02 4.153853e+00 -5.419749e-03)) ((2.813874e+02 5.730463e-01 -1.649098e+00) (-3.462690e-02 -5.958355e-03 1.267231e-03))
500.83        	((-4.836371e-01 1.173230e+03 -3.733030e+02) (-1.308405e-02 4.151582e+00 -5.526606e-03)) ((2.811602e+02 5.798712e-01 -1.671969e+00) (-3.510958e-02 -6.026453e-03 1.325343e-03))
500.84        	((-3.985434e-01 1.173488e+03 -3.728362e+02) (-1.410334e-02 4.150219e+00 -5.081932e-03)) ((2.809576e+02 6.081229e-01 -1.709755e+00) (-3.537752e-02 -6.180900e-03 1.095228e-03))
500.85        	((-3.697713e-01 1.173646e+03 -3.723092e+02) (-1.357873e-02 4.147683e+00 -5.109239e-03)) ((2.806992e+02 6.136130e-01 -1.743283e+00) (-3.580925e-02 -6.298852e-03 1.216349e-03))
500.86        	((-2.885388e-01 1.173658e+03 -3.717110e+02) (-1.475092e-02 4.146335e+00 -4.490734e-03)) ((2.803567e+02 6.428275e-01 -1.788205e+00) (-3.600903e-02 -6.495874e-03 1.096260e-03))
500.87        	((-2.685145e-01 1.173644e+03 -3.711042e+02) (-1.458193e-02 4.143710e+00 -4.169024e-03)) ((2.799981e+02 6.557495e-01 -1.819305e+00) (-3.635836e-02 -6.653624e-03 1.452167e-03))
500.88        	((-2.156621e-01 1.173650e+03 -3.705700e+02) (-1.575023e-02 4.141517e+00 -3.270478e-03)) ((2.796646e+02 6.982928e-01 -1.860109e+00) (-3.664211e-02 -6.801233e-03 1.084509e-03))
500.89        	((-2.491002e-01 1.173752e+03 -3.701064e+02) (-1.487808e-02 4.137394e+00 -2.614721e-03)) ((2.793957e+02 7.195621e-01 -1.891200e+00) (-3.736885e-02 -6.956809e-03 5.534037e-04))
500.9         	((-2.578420e-01 1.173877e+03 -3.697214e+02) (-1.637793e-02 4.136652e+00 -1.106797e-03)) ((2.791632e+02 7.650058e-01 -1.941705e+00) (-3.732654e-02 -7.187031e-03 7.750485e-04))
500.91        	((-3.059341e-01 1.174051e+03 -3.693845e+02) (-1.622578e-02 4.135073e+00 -4.064856e-04)) ((2.789653e+02 8.018515e-01 -1.961789e+00) (-3.746492e-02 -7.350561e-03 1.542153e-03))
500.92        	((-3.208864e-01 1.174174e+03 -3.690726e+02) (-1.687394e-02 4.133112e+00 7.470856e-04)) ((2.787628e+02 8.624576e-01 -2.006674e+00) (-3.761476e-02 -7.507343e-03 9.854260e-04))
500.93        	((-3.651928e-01 1.174324e+03 -3.687670e+02) (-1.657082e-02 4.131389e+00 1.637846e-03)) ((2.785755e+02 9.019012e-01 -2.018524e+00) (-3.771659e-02 -7.658854e-03 1.666959e-03))
500.94        	((-4.271049e-01 1.174427e+03 -3.684742e+02) (-1.715404e-02 4.129203e+00 2.721122e-03)) ((2.783852e+02 9.625980e-01 -2.071536e+00) (-3.787885e-02 -7.701045e-03 9.611256e-04))
500.95        	((-5.662261e-01 1.174593e+03 -3.681944e+02) (-1.698686e-02 4.127276e+00 3.589780e-03)) ((2.782249e+02 1.009543e+00 -2.091897e+00) (-3.799084e-02 -7.827406e-03 1.619918e-03))
500.96        	((-7.456621e-01 1.174750e+03 -3.679347e+02) (-1.759506e-02 4.124779e+00 4.639069e-03)) ((2.780734e+02 1.077812e+00 -2.152432e+00) (-3.820432e-02 -7.786585e-03 8.291148e-04))
500.97        	((-9.669419e-01 1.175006e+03 -3.677031e+02) (-1.758373e-02 4.122463e+00 5.628680e-03)) ((2.779579e+02 1.126497e+00 -2.175694e+00) (-3.837162e-02 -7.871655e-03 1.515615e-03))
500.98        	((-1.184482e+00 1.175284e+03 -3.675023e+02) (-1.796605e-02 4.118797e+00 6.659101e-03)) ((2.778540e+02 1.189402e+00 -2.240357e+00) (-3.882216e-02 -7.908563e-03 5.152714e-04))
500.99        	((-1.428847e+00 1.175696e+03 -3.673282e+02) (-1.861352e-02 4.114404e+00 7.541576e-03)) ((2.777910e+02 1.234323e+00 -2.256815e+00) (-3.938485e-02 -8.005740e-03 1.440370e-03))
501           	((-1.633201e+00 1.176075e+03 -3.671707e+02) (-1.802602e-02 4.109635e+00 8.469357e-03)) ((2.777286e+02 1.287201e+00 -2.314180e+00) (-4.005906e-02 -8.144391e-03 6.202302e-04))
501.01        	((-1.849847e+00 1.176542e+03 -3.670360e+02) (-1.851507e-02 4.107390e+00 9.322610e-03)) ((2.776951e+02 1.311709e+00 -2.331703e+00) (-4.014310e-02 -8.225243e-03 1.775508e-03))
501.02        	((-2.067398e+00 1.176972e+03 -3.669187e+02) (-1.962378e-02 4.104693e+00 9.957151e-03)) ((2.776576e+02 1.350119e+00 -2.391729e+00) (-4.036617e-02 -8.103801e-03 1.118531e-03))
501.03        	((-2.322942e+00 1.177438e+03 -3.668018e+02) (-2.023739e-02 4.102450e+00 1.056932e-02)) ((2.776374e+02 1.370097e+00 -2.409257e+00) (-4.046543e-02 -8.166733e-03 2.058697e-03))
501.04        	((-2.606397e+00 1.177812e+03 -3.666701e+02) (-2.112483e-02 4.099120e+00 1.098430e-02)) ((2.776024e+02 1.403536e+00 -2.464064e+00) (-4.086189e-02 -7.955712e-03 1.017895e-03))
501.05        	((-2.911408e+00 1.178235e+03 -3.665406e+02) (-2.226082e-02 4.097560e+00 1.186765e-02)) ((2.775873e+02 1.409817e+00 -2.481311e+00) (-4.080850e-02 -7.886728e-03 2.015958e-03))
501.06        	((-3.175589e+00 1.178612e+03 -3.664195e+02) (-2.369683e-02 4.094591e+00 1.281534e-02)) ((2.775633e+02 1.428707e+00 -2.531744e+00) (-4.111317e-02 -7.691881e-03 1.282431e-03))
501.07        	((-3.396251e+00 1.179057e+03 -3.663065e+02) (-2.397268e-02 4.092301e+00 1.347788e-02)) ((2.775611e+02 1.416410e+00 -2.542406e+00) (-4.119844e-02 -7.729759e-03 2.174270e-03))
501.08        	((-3.569307e+00 1.179427e+03 -3.661844e+02) (-2.473793e-02 4.089881e+00 1.426608e-02)) ((2.775419e+02 1.412682e+00 -2.586412e+00) (-4.141601e-02 -7.712587e-03 1.350168e-03))
501.09        	((-3.738469e+00 1.179827e+03 -3.660558e+02) (-2.556431e-02 4.088905e+00 1.502435e-02)) ((2.775371e+02 1.385271e+00 -2.590281e+00) (-4.123170e-02 -7.678666e-03 2.339824e-03))
501.1         	((-3.887741e+00 1.180133e+03 -3.659117e+02) (-2.609668e-02 4.086534e+00 1.592827e-02)) ((2.775154e+02 1.371030e+00 -2.635788e+00) (-4.143208e-02 -7.626889e-03 1.136396e-03))
501.11        	((-4.006527e+00 1.180450e+03 -3.657533e+02) (-2.700517e-02 4.085834e+00 1.684551e-02)) ((2.775034e+02 1.334731e+00 -2.639064e+00) (-4.115275e-02 -7.669339e-03 2.316403e-03))
501.12        	((-4.051129e+00 1.180684e+03 -3.655945e+02) (-2.801555e-02 4.084332e+00 1.797621e-02)) ((2.774738e+02 1.314752e+00 -2.667558e+00) (-4.115124e-02 -7.638444e-03 1.810532e-03))
501.13        	((-4.058141e+00 1.180949e+03 -3.654359e+02) (-2.845635e-02 4.082844e+00 1.888565e-02)) ((2.774579e+02 1.272357e+00 -2.653851e+00) (-4.099674e-02 -7.715091e-03 2.599415e-03))
501.14        	((-4.027575e+00 1.181140e+03 -3.652710e+02) (-2.917939e-02 4.081149e+00 1.982389e-02)) ((2.774259e+02 1.240894e+00 -2.678236e+00) (-4.102179e-02 -7.610779e-03 1.903988e-03))
501.15        	((-3.987303e+00 1.181350e+03 -3.651017e+02) (-2.951544e-02 4.079424e+00 2.054943e-02)) ((2.774060e+02 1.192619e+00 -2.669777e+00) (-4.087897e-02 -7.780187e-03 2.603874e-03))
501.16        	((-3.918582e+00 1.181474e+03 -3.649357e+02) (-3.006237e-02 4.077499e+00 2.167457e-02)) ((2.773700e+02 1.164314e+00 -2.695235e+00) (-4.094216e-02 -7.852894e-03 1.803912e-03))
501.17        	((-3.837449e+00 1.181634e+03 -3.647818e+02) (-3.049843e-02 4.076495e+00 2.267349e-02)) ((2.773493e+02 1.119600e+00 -2.683470e+00) (-4.063098e-02 -7.940162e-03 2.709023e-03))
501.18        	((-3.737553e+00 1.181706e+03 -3.646338e+02) (-3.079595e-02 4.074804e+00 2.369094e-02)) ((2.773139e+02 1.092460e+00 -2.712082e+00) (-4.065684e-02 -7.894865e-03 1.791520e-03))
501.19        	((-3.624543e+00 1.181809e+03 -3.644947e+02) (-3.107940e-02 4.073879e+00 2.462336e-02)) ((2.772957e+02 1.049952e+00 -2.697840e+00) (-4.032500e-02 -8.057062e-03 2.712455e-03))
501.2         	((-3.491628e+00 1.181821e+03 -3.643590e+02) (-3.108768e-02 4.071628e+00 2.552195e-02)) ((2.772606e+02 1.026120e+00 -2.718844e+00) (-4.042232e-02 -8.048227e-03 1.536824e-03))
501.21        	((-3.356570e+00 1.181866e+03 -3.642381e+02) (-3.149134e-02 4.071351e+00 2.661561e-02)) ((2.772415e+02 9.847704e-01 -2.706043e+00) (-3.990850e-02 -8.205144e-03 2.788198e-03))
501.22        	((-3.187660e+00 1.181846e+03 -3.641488e+02) (-3.200886e-02 4.070250e+00 2.776197e-02)) ((2.772115e+02 9.685663e-01 -2.722555e+00) (-3.973085e-02 -8.239263e-03 2.306737e-03))
501.23        	((-3.031508e+00 1.181857e+03 -3.640817e+02) (-3.192798e-02 4.068959e+00 2.860911e-02)) ((2.771980e+02 9.385748e-01 -2.706203e+00) (-3.943735e-02 -8.391775e-03 3.046793e-03))
501.24        	((-2.862857e+00 1.181789e+03 -3.640373e+02) (-3.223532e-02 4.067089e+00 2.972533e-02)) ((2.771708e+02 9.281108e-01 -2.723898e+00) (-3.928833e-02 -8.416429e-03 2.411367e-03))
501.25        	((-2.718362e+00 1.181761e+03 -3.640228e+02) (-3.207750e-02 4.064937e+00 3.058003e-02)) ((2.771582e+02 8.977483e-01 -2.709606e+00) (-3.888075e-02 -8.493008e-03 3.180310e-03))
501.26        	((-2.567618e+00 1.181667e+03 -3.640214e+02) (-3.217798e-02 4.063066e+00 3.129538e-02)) ((2.771298e+02 8.841300e-01 -2.741871e+00) (-3.882468e-02 -8.361365e-03 2.372513e-03))
501.27        	((-2.407866e+00 1.181623e+03 -3.640366e+02) (-3.200171e-02 4.061497e+00 3.198527e-02)) ((2.771175e+02 8.582631e-01 -2.741232e+00) (-3.861849e-02 -8.515073e-03 3.037179e-03))
501.28        	((-2.222127e+00 1.181512e+03 -3.640744e+02) (-3.212085e-02 4.059199e+00 3.286388e-02)) ((2.770929e+02 8.565590e-01 -2.778994e+00) (-3.861075e-02 -8.541121e-03 2.129222e-03))
501.29        	((-2.041533e+00 1.181456e+03 -3.641445e+02) (-3.209843e-02 4.057739e+00 3.361655e-02)) ((2.770898e+02 8.376644e-01 -2.780363e+00) (-3.828334e-02 -8.630071e-03 2.982889e-03))
501.3         	((-1.858875e+00 1.181326e+03 -3.642421e+02) (-3.198310e-02 4.054949e+00 3.436033e-02)) ((2.770767e+02 8.391405e-01 -2.823733e+00) (-3.831431e-02 -8.726944e-03 1.762547e-03))
501.31        	((-1.683683e+00 1.181237e+03 -3.643633e+02) (-3.220410e-02 4.053856e+00 3.476651e-02)) ((2.770824e+02 8.217761e-01 -2.827484e+00) (-3.796790e-02 -8.859227e-03 2.886332e-03))
501.32        	((-1.488658e+00 1.181089e+03 -3.645084e+02) (-3.249660e-02 4.052426e+00 3.526914e-02)) ((2.770773e+02 8.285605e-01 -2.858969e+00) (-3.799291e-02 -8.903225e-03 2.341420e-03))
501.33        	((-1.318092e+00 1.181000e+03 -3.646676e+02) (-3.209269e-02 4.051337e+00 3.555363e-02)) ((2.770924e+02 8.179060e-01 -2.854744e+00) (-3.791654e-02 -8.980993e-03 3.041498e-03))
501.34        	((-1.150849e+00 1.180852e+03 -3.648303e+02) (-3.217552e-02 4.049849e+00 3.583325e-02)) ((2.770978e+02 8.282938e-01 -2.891776e+00) (-3.796731e-02 -8.914370e-03 2.267171e-03))
501.35        	((-1.009374e+00 1.180738e+03 -3.649968e+02) (-3.167022e-02 4.048337e+00 3.586851e-02)) ((2.771193e+02 8.182004e-01 -2.899921e+00) (-3.795448e-02 -9.007412e-03 2.880427e-03))
501.36        	((-8.636343e-01 1.180557e+03 -3.651725e+02) (-3.156123e-02 4.046266e+00 3.607876e-02)) ((2.771305e+02 8.300617e-01 -2.944651e+00) (-3.812678e-02 -9.097237e-03 2.037166e-03))
501.37        	((-7.358124e-01 1.180428e+03 -3.653597e+02) (-3.112616e-02 4.044762e+00 3.600263e-02)) ((2.771602e+02 8.195356e-01 -2.946924e+00) (-3.815164e-02 -9.191223e-03 2.851353e-03))
501.38        	((-6.307392e-01 1.180237e+03 -3.655461e+02) (-3.089871e-02 4.042555e+00 3.579079e-02)) ((2.771777e+02 8.287823e-01 -2.993908e+00) (-3.839660e-02 -9.156481e-03 1.937039e-03))
501.39        	((-5.513017e-01 1.180103e+03 -3.657395e+02) (-3.042704e-02 4.040676e+00 3.549843e-02)) ((2.772122e+02 8.179718e-01 -2.996769e+00) (-3.854112e-02 -9.340842e-03 2.690008e-03))
501.4         	((-4.967804e-01 1.179913e+03 -3.659373e+02) (-2.999975e-02 4.037602e+00 3.525298e-02)) ((2.772338e+02 8.320482e-01 -3.043434e+00) (-3.896563e-02 -9.428927e-03 1.457106e-03))
501.41        	((-4.658647e-01 1.179785e+03 -3.661460e+02) (-2.983440e-02 4.036191e+00 3.522462e-02)) ((2.772697e+02 8.210493e-01 -3.049404e+00) (-3.908033e-02 -9.575038e-03 2.567330e-03))
501.42        	((-4.433360e-01 1.179624e+03 -3.663780e+02) (-2.980204e-02 4.034218e+00 3.530147e-02)) ((2.772971e+02 8.395819e-01 -3.094284e+00) (-3.939459e-02 -9.688218e-03 1.879674e-03))
501.43        	((-4.382769e-01 1.179516e+03 -3.666191e+02) (-2.936976e-02 4.031992e+00 3.495685e-02)) ((2.773352e+02 8.333521e-01 -3.095404e+00) (-3.976261e-02 -9.800434e-03 2.654190e-03))
501.44        	((-4.592352e-01 1.179360e+03 -3.668689e+02) (-2.919327e-02 4.029302e+00 3.482342e-02)) ((2.773593e+02 8.539737e-01 -3.139346e+00) (-4.019267e-02 -9.875647e-03 1.840811e-03))
501.45        	((-5.004777e-01 1.179268e+03 -3.671343e+02) (-2.894609e-02 4.026639e+00 3.445912e-02)) ((2.773916e+02 8.431222e-01 -3.140746e+00) (-4.061148e-02 -9.862659e-03 2.641370e-03))
501.46        	((-5.936293e-01 1.179144e+03 -3.674162e+02) (-2.860906e-02 4.023713e+00 3.426071e-02)) ((2.774116e+02 8.582594e-01 -3.196959e+00) (-4.106945e-02 -9.846139e-03 1.658026e-03))
501.47        	((-6.984971e-01 1.179099e+03 -3.677090e+02) (-2.824513e-02 4.020645e+00 3.404159e-02)) ((2.774359e+02 8.389445e-01 -3.203771e+00) (-4.142967e-02 -9.829146e-03 2.554846e-03))
501.48        	((-8.335230e-01 1.179038e+03 -3.680129e+02) (-2.727236e-02 4.016806e+00 3.404851e-02)) ((2.774457e+02 8.488918e-01 -3.260936e+00) (-4.167694e-02 -9.748112e-03 1.542003e-03))
501.49        	((-9.718103e-01 1.179052e+03 -3.683276e+02) (-2.637699e-02 4.013219e+00 3.384272e-02)) ((2.774572e+02 8.182888e-01 -3.268076e+00) (-4.185674e-02 -9.579643e-03 2.509427e-03))
501.5         	((-1.167608e+00 1.179041e+03 -3.686709e+02) (-2.512988e-02 4.009544e+00 3.359998e-02)) ((2.774540e+02 8.115691e-01 -3.325670e+00) (-4.208584e-02 -9.461995e-03 1.525348e-03))
501.51        	((-1.377575e+00 1.179089e+03 -3.690333e+02) (-2.420766e-02 4.006394e+00 3.279662e-02)) ((2.774540e+02 7.653282e-01 -3.330610e+00) (-4.248422e-02 -9.279436e-03 2.352302e-03))
501.52        	((-1.628238e+00 1.179075e+03 -3.694171e+02) (-2.307090e-02 4.002280e+00 3.229038e-02)) ((2.774430e+02 7.474714e-01 -3.389343e+00) (-4.313186e-02 -9.256649e-03 7.212949e-04))
501.53        	((-1.876055e+00 1.179101e+03 -3.698186e+02) (-2.356462e-02 4.000923e+00 3.165991e-02)) ((2.774395e+02 6.919145e-01 -3.401086e+00) (-4.356792e-02 -9.135035e-03 2.018977e-03))
501.54        	((-2.127334e+00 1.179114e+03 -3.702511e+02) (-2.387128e-02 3.999178e+00 3.142470e-02)) ((2.774290e+02 6.744814e-01 -3.450592e+00) (-4.400809e-02 -9.182566e-03 1.385995e-03))
501.55        	((-2.399470e+00 1.179186e+03 -3.706692e+02) (-2.383513e-02 3.996886e+00 3.069490e-02)) ((2.774224e+02 6.180404e-01 -3.449713e+00) (-4.468613e-02 -9.127991e-03 2.051326e-03))
501.56        	((-2.722550e+00 1.179227e+03 -3.710770e+02) (-2.416660e-02 3.995140e+00 3.047242e-02)) ((2.774075e+02 5.857679e-01 -3.477969e+00) (-4.523229e-02 -9.233608e-03 1.389337e-03))
501.57        	((-3.098703e+00 1.179271e+03 -3.714566e+02) (-2.487343e-02 3.992690e+00 2.955074e-02)) ((2.773996e+02 5.052076e-01 -3.465786e+00) (-4.591653e-02 -9.215284e-03 2.059290e-03))
501.58        	((-3.533552e+00 1.179255e+03 -3.718161e+02) (-2.465994e-02 3.990866e+00 2.927552e-02)) ((2.773857e+02 4.507555e-01 -3.493142e+00) (-4.647131e-02 -9.240920e-03 1.252179e-03))
501.59        	((-3.984680e+00 1.179213e+03 -3.721431e+02) (-2.453716e-02 3.988272e+00 2.836427e-02)) ((2.773799e+02 3.599075e-01 -3.483105e+00) (-4.718558e-02 -9.183027e-03 1.834863e-03))
501.6         	((-4.446937e+00 1.179092e+03 -3.724540e+02) (-2.471204e-02 3.986106e+00 2.794683e-02)) ((2.773688e+02 3.087470e-01 -3.509923e+00) (-4.775993e-02 -9.339383e-03 1.152302e-03))
501.61        	((-4.909385e+00 1.178969e+03 -3.727306e+02) (-2.464614e-02 3.983523e+00 2.708494e-02)) ((2.773650e+02 2.239946e-01 -3.499401e+00) (-4.840361e-02 -9.273390e-03 1.747142e-03))
501.62        	((-5.372860e+00 1.178805e+03 -3.729903e+02) (-2.493155e-02 3.981786e+00 2.685311e-02)) ((2.773546e+02 1.793369e-01 -3.525576e+00) (-4.876427e-02 -9.452450e-03 1.108692e-03))
501.63        	((-5.835193e+00 1.178658e+03 -3.732132e+02) (-2.484889e-02 3.979444e+00 2.611953e-02)) ((2.773452e+02 1.041500e-01 -3.514242e+00) (-4.927296e-02 -9.432762e-03 1.730838e-03))
501.64        	((-6.297061e+00 1.178403e+03 -3.734153e+02) (-2.509254e-02 3.977765e+00 2.617704e-02)) ((2.773095e+02 8.061537e-02 -3.539686e+00) (-4.960821e-02 -9.640502e-03 1.169539e-03))
501.65        	((-6.742745e+00 1.178254e+03 -3.735838e+02) (-2.495257e-02 3.975573e+00 2.559475e-02)) ((2.772876e+02 2.488188e-02 -3.531560e+00) (-5.007547e-02 -9.560129e-03 1.754801e-03))
501.66        	((-7.180081e+00 1.178043e+03 -3.737465e+02) (-2.520753e-02 3.974055e+00 2.571076e-02)) ((2.772474e+02 2.149091e-02 -3.565304e+00) (-5.033159e-02 -9.776124e-03 1.168160e-03))
501.67        	((-7.597739e+00 1.177849e+03 -3.738745e+02) (-2.520992e-02 3.971795e+00 2.517691e-02)) ((2.772042e+02 -6.372266e-03 -3.569484e+00) (-5.074496e-02 -9.773111e-03 1.761741e-03))
501.68        	((-7.979079e+00 1.177743e+03 -3.740140e+02) (-2.569954e-02 3.970298e+00 2.521851e-02)) ((2.771680e+02 1.224625e-02 -3.600014e+00) (-5.095886e-02 -1.000144e-02 1.250210e-03))
501.69        	((-8.359201e+00 1.177601e+03 -3.741256e+02) (-2.570471e-02 3.968200e+00 2.471574e-02)) ((2.771183e+02 7.429585e-03 -3.607611e+00) (-5.129200e-02 -9.875969e-03 1.832788e-03))
501.7         	((-8.720899e+00 1.177396e+03 -3.742360e+02) (-2.616371e-02 3.966867e+00 2.499053e-02)) ((2.770473e+02 5.768380e-02 -3.657572e+00) (-5.143422e-02 -1.008431e-02 1.240140e-03))
501.71        	((-9.058614e+00 1.177291e+03 -3.743257e+02) (-2.615962e-02 3.964798e+00 2.455495e-02)) ((2.769881e+02 8.100776e-02 -3.674686e+00) (-5.173969e-02 -1.009144e-02 1.774992e-03))
501.72        	((-9.374425e+00 1.177112e+03 -3.744132e+02) (-2.676787e-02 3.963736e+00 2.484943e-02)) ((2.769044e+02 1.605886e-01 -3.725233e+00) (-5.180566e-02 -1.029462e-02 1.407535e-03))
501.73        	((-9.681124e+00 1.177003e+03 -3.744748e+02) (-2.686308e-02 3.961664e+00 2.435079e-02)) ((2.768285e+02 2.061883e-01 -3.752711e+00) (-5.212360e-02 -1.009557e-02 1.890174e-03))
501.74        	((-9.969541e+00 1.176895e+03 -3.745469e+02) (-2.746380e-02 3.960628e+00 2.466389e-02)) ((2.767459e+02 2.996785e-01 -3.815570e+00) (-5.217835e-02 -1.027268e-02 1.355127e-03))
501.75        	((-1.025420e+01 1.176782e+03 -3.745929e+02) (-2.736010e-02 3.958256e+00 2.428781e-02)) ((2.766578e+02 3.691870e-01 -3.856772e+00) (-5.255502e-02 -1.025362e-02 1.597265e-03))
501.76        	((-1.050527e+01 1.176632e+03 -3.746400e+02) (-2.824739e-02 3.957803e+00 2.467818e-02)) ((2.765581e+02 4.857646e-01 -3.926996e+00) (-5.249534e-02 -1.038095e-02 1.396127e-03))
501.77        	((-1.074776e+01 1.176494e+03 -3.746611e+02) (-2.835772e-02 3.955989e+00 2.441534e-02)) ((2.764601e+02 5.741210e-01 -3.972291e+00) (-5.276563e-02 -1.025261e-02 1.856791e-03))
501.78        	((-1.095935e+01 1.176357e+03 -3.746849e+02) (-2.909979e-02 3.955434e+00 2.474753e-02)) ((2.763615e+02 7.027586e-01 -4.044569e+00) (-5.271233e-02 -1.032764e-02 1.426194e-03))
501.79        	((-1.117293e+01 1.176241e+03 -3.746674e+02) (-2.919022e-02 3.953505e+00 2.409732e-02)) ((2.762676e+02 7.945194e-01 -4.092705e+00) (-5.299698e-02 -1.007075e-02 1.797586e-03))
501.8         	((-1.141373e+01 1.176003e+03 -3.746432e+02) (-3.001792e-02 3.952708e+00 2.443915e-02)) ((2.761304e+02 9.539027e-01 -4.181672e+00) (-5.297468e-02 -1.015697e-02 1.332445e-03))
501.81        	((-1.166495e+01 1.175753e+03 -3.745747e+02) (-3.009412e-02 3.950524e+00 2.394145e-02)) ((2.759893e+02 1.086366e+00 -4.260407e+00) (-5.329200e-02 -9.889759e-03 1.480888e-03))
501.82        	((-1.187872e+01 1.175555e+03 -3.745143e+02) (-3.086576e-02 3.950377e+00 2.429466e-02)) ((2.758742e+02 1.233084e+00 -4.351453e+00) (-5.307707e-02 -9.933914e-03 1.237776e-03))
501.83        	((-1.205266e+01 1.175441e+03 -3.744328e+02) (-3.112436e-02 3.948516e+00 2.389920e-02)) ((2.757881e+02 1.332897e+00 -4.407669e+00) (-5.331520e-02 -9.749823e-03 1.598380e-03))
501.84        	((-1.219901e+01 1.175361e+03 -3.743659e+02) (-3.182358e-02 3.948233e+00 2.416350e-02)) ((2.757142e+02 1.456173e+00 -4.472228e+00) (-5.310001e-02 -9.784435e-03 1.253967e-03))
501.85        	((-1.237001e+01 1.175269e+03 -3.742554e+02) (-3.037023e-02 3.943307e+00 2.347845e-02)) ((2.756291e+02 1.544689e+00 -4.526707e+00) (-5.395170e-02 -9.686680e-03 -4.611133e-04))
501.86        	((-1.258854e+01 1.175097e+03 -3.741393e+02) (-3.203089e-02 3.945363e+00 2.418213e-02)) ((2.755246e+02 1.665302e+00 -4.639022e+00) (-5.323849e-02 -9.762730e-03 5.821423e-04))
501.87        	((-1.272893e+01 1.174989e+03 -3.740314e+02) (-3.280055e-02 3.944810e+00 2.407633e-02)) ((2.754305e+02 1.767023e+00 -4.675927e+00) (-5.317313e-02 -9.676902e-03 1.698849e-03))
501.88        	((-1.287277e+01 1.174849e+03 -3.739264e+02) (-3.307346e-02 3.944058e+00 2.397606e-02)) ((2.753369e+02 1.889311e+00 -4.743702e+00) (-5.303192e-02 -9.556549e-03 1.016390e-03))
501.89        	((-1.297132e+01 1.174777e+03 -3.738118e+02) (-3.348710e-02 3.942868e+00 2.389051e-02)) ((2.752605e+02 1.971227e+00 -4.757398e+00) (-5.308562e-02 -9.470325e-03 1.657904e-03))
501.9         	((-1.310700e+01 1.174657e+03 -3.736931e+02) (-3.334304e-02 3.941595e+00 2.381834e-02)) ((2.751806e+02 2.065507e+00 -4.830098e+00) (-5.311484e-02 -9.400370e-03 3.573288e-04))
501.91        	((-1.321761e+01 1.174572e+03 -3.735561e+02) (-3.384967e-02 3.941033e+00 2.378186e-02)) ((2.751043e+02 2.126701e+00 -4.864692e+00) (-5.303045e-02 -9.442404e-03 1.406864e-03))
501.92        	((-1.334085e+01 1.174448e+03 -3.734410e+02) (-3.419634e-02 3.940713e+00 2.400869e-02)) ((2.750237e+02 2.218483e+00 -4.934333e+00) (-5.285962e-02 -9.508788e-03 8.052030e-04))
501.93        	((-1.344810e+01 1.174366e+03 -3.733194e+02) (-3.437961e-02 3.939865e+00 2.386466e-02)) ((2.749489e+02 2.282375e+00 -4.963624e+00) (-5.291584e-02 -9.466892e-03 1.482223e-03))
501.94        	((-1.358059e+01 1.174254e+03 -3.732129e+02) (-3.438873e-02 3.939310e+00 2.409077e-02)) ((2.748723e+02 2.370794e+00 -5.032316e+00) (-5.280320e-02 -9.615903e-03 6.591574e-04))
501.95        	((-1.367753e+01 1.174190e+03 -3.730961e+02) (-3.449300e-02 3.938229e+00 2.385113e-02)) ((2.748050e+02 2.427623e+00 -5.052776e+00) (-5.283814e-02 -9.693870e-03 1.423735e-03))
501.96        	((-1.380047e+01 1.174081e+03 -3.729838e+02) (-3.445394e-02 3.937453e+00 2.379759e-02)) ((2.747347e+02 2.503123e+00 -5.115375e+00) (-5.276911e-02 -9.717062e-03 5.821588e-04))
501.97        	((-1.390318e+01 1.174024e+03 -3.728667e+02) (-3.456425e-02 3.936593e+00 2.370920e-02)) ((2.746741e+02 2.548316e+00 -5.135795e+00) (-5.283161e-02 -9.767469e-03 1.280340e-03))
501.98        	((-1.404130e+01 1.173931e+03 -3.727683e+02) (-3.435052e-02 3.935714e+00 2.381319e-02)) ((2.746102e+02 2.619898e+00 -5.202890e+00) (-5.278432e-02 -9.895454e-03 2.661553e-04))
501.99        	((-1.415680e+01 1.173882e+03 -3.726645e+02) (-3.445594e-02 3.935086e+00 2.368597e-02)) ((2.745528e+02 2.666719e+00 -5.227265e+00) (-5.280085e-02 -1.003254e-02 1.151466e-03))
502           	((-1.429317e+01 1.173795e+03 -3.725816e+02) (-3.431753e-02 3.934436e+00 2.386305e-02)) ((2.744921e+02 2.742307e+00 -5.289056e+00) (-5.270027e-02 -1.023872e-02 3.783827e-04))
502.01        	((-1.440937e+01 1.173755e+03 -3.724949e+02) (-3.427004e-02 3.933670e+00 2.373348e-02)) ((2.744389e+02 2.790987e+00 -5.309789e+00) (-5.274164e-02 -1.032234e-02 1.136500e-03))
502.02        	((-1.457127e+01 1.173671e+03 -3.724147e+02) (-3.286703e-02 3.930732e+00 2.370037e-02)) ((2.743817e+02 2.861923e+00 -5.380822e+00) (-5.310937e-02 -1.061476e-02 -1.208065e-03))
502.03        	((-1.474502e+01 1.173592e+03 -3.723137e+02) (-3.349466e-02 3.931495e+00 2.377305e-02)) ((2.743241e+02 2.906590e+00 -5.434869e+00) (-5.283184e-02 -1.077800e-02 5.612884e-04))
502.04        	((-1.487430e+01 1.173540e+03 -3.722649e+02) (-3.388018e-02 3.931904e+00 2.421256e-02)) ((2.742766e+02 2.989446e+00 -5.480360e+00) (-5.250425e-02 -1.103127e-02 4.713864e-04))
502.05        	((-1.501650e+01 1.173510e+03 -3.721954e+02) (-3.343915e-02 3.930540e+00 2.367941e-02)) ((2.742317e+02 3.042499e+00 -5.504083e+00) (-5.267121e-02 -1.092524e-02 8.569640e-04))
502.06        	((-1.515611e+01 1.173487e+03 -3.721556e+02) (-3.353486e-02 3.930390e+00 2.411098e-02)) ((2.741925e+02 3.123299e+00 -5.543303e+00) (-5.245994e-02 -1.119071e-02 3.114029e-04))
502.07        	((-1.532802e+01 1.173451e+03 -3.720797e+02) (-3.276762e-02 3.928232e+00 2.350061e-02)) ((2.741488e+02 3.172735e+00 -5.580284e+00) (-5.279252e-02 -1.120265e-02 2.375400e-04))
502.08        	((-1.549244e+01 1.173396e+03 -3.720268e+02) (-3.306559e-02 3.928546e+00 2.399257e-02)) ((2.741055e+02 3.249810e+00 -5.638435e+00) (-5.247995e-02 -1.149868e-02 9.993402e-05))
502.09        	((-1.566235e+01 1.173356e+03 -3.719629e+02) (-3.272594e-02 3.927260e+00 2.370529e-02)) ((2.740639e+02 3.302671e+00 -5.677984e+00) (-5.262435e-02 -1.152035e-02 5.486651e-04))
502.1         	((-1.582877e+01 1.173313e+03 -3.719291e+02) (-3.275489e-02 3.927175e+00 2.408988e-02)) ((2.740262e+02 3.385828e+00 -5.737787e+00) (-5.239069e-02 -1.175715e-02 5.495360e-05))
502.11        	((-1.601077e+01 1.173279e+03 -3.718687e+02) (-3.214197e-02 3.925414e+00 2.371436e-02)) ((2.739888e+02 3.441595e+00 -5.779242e+00) (-5.262762e-02 -1.187089e-02 2.461342e-04))
502.12        	((-1.617603e+01 1.173239e+03 -3.718335e+02) (-3.242405e-02 3.925474e+00 2.407927e-02)) ((2.739542e+02 3.525684e+00 -5.833581e+00) (-5.235715e-02 -1.207029e-02 -3.989070e-05))
502.13        	((-1.636695e+01 1.173200e+03 -3.717685e+02) (-3.128578e-02 3.922440e+00 2.348232e-02)) ((2.739185e+02 3.577321e+00 -5.878974e+00) (-5.285306e-02 -1.203810e-02 -6.892174e-04))
502.14        	((-1.655878e+01 1.173147e+03 -3.717274e+02) (-3.196251e-02 3.923474e+00 2.410185e-02)) ((2.738838e+02 3.655738e+00 -5.952440e+00) (-5.237546e-02 -1.226474e-02 -4.503963e-04))
502.15        	((-1.671803e+01 1.173138e+03 -3.716863e+02) (-3.197819e-02 3.922644e+00 2.387443e-02)) ((2.738560e+02 3.714647e+00 -5.980751e+00) (-5.240776e-02 -1.231515e-02 3.624678e-04))
502.16        	((-1.688575e+01 1.173100e+03 -3.716655e+02) (-3.194347e-02 3.922021e+00 2.408458e-02)) ((2.738272e+02 3.802662e+00 -6.038679e+00) (-5.226424e-02 -1.245562e-02 -3.493737e-04))
502.17        	((-1.703335e+01 1.173108e+03 -3.716356e+02) (-3.191595e-02 3.921026e+00 2.391829e-02)) ((2.738052e+02 3.862127e+00 -6.056632e+00) (-5.231932e-02 -1.244398e-02 3.255497e-04))
502.18        	((-1.721309e+01 1.173068e+03 -3.716075e+02) (-3.182403e-02 3.920320e+00 2.388267e-02)) ((2.737775e+02 3.940608e+00 -6.124948e+00) (-5.218855e-02 -1.239328e-02 -5.392115e-04))
502.19        	((-1.737536e+01 1.173063e+03 -3.715664e+02) (-3.183428e-02 3.919164e+00 2.368179e-02)) ((2.737546e+02 3.993017e+00 -6.156197e+00) (-5.226869e-02 -1.244678e-02 7.966355e-05))
502.2         	((-1.755740e+01 1.173010e+03 -3.715358e+02) (-3.172939e-02 3.918083e+00 2.377097e-02)) ((2.737268e+02 4.070537e+00 -6.228697e+00) (-5.220501e-02 -1.250812e-02 -9.009854e-04))
502.21        	((-1.771387e+01 1.173002e+03 -3.715005e+02) (-3.188968e-02 3.917314e+00 2.370269e-02)) ((2.737058e+02 4.120836e+00 -6.259234e+00) (-5.219329e-02 -1.250173e-02 -5.328913e-05))
502.22        	((-1.788628e+01 1.172962e+03 -3.714863e+02) (-3.189114e-02 3.916567e+00 2.389483e-02)) ((2.736826e+02 4.198509e+00 -6.329542e+00) (-5.204622e-02 -1.256404e-02 -9.126370e-04))
502.23        	((-1.802990e+01 1.172966e+03 -3.714656e+02) (-3.202739e-02 3.915615e+00 2.367143e-02)) ((2.736657e+02 4.250169e+00 -6.355019e+00) (-5.205833e-02 -1.256368e-02 -1.227605e-04))
502.24        	((-1.819987e+01 1.172921e+03 -3.714511e+02) (-3.116940e-02 3.912918e+00 2.363409e-02)) ((2.736431e+02 4.324208e+00 -6.424370e+00) (-5.229797e-02 -1.269584e-02 -2.100656e-03))
502.25        	((-1.836723e+01 1.172895e+03 -3.714244e+02) (-3.189582e-02 3.913208e+00 2.368358e-02)) ((2.736212e+02 4.368522e+00 -6.471250e+00) (-5.203480e-02 -1.264661e-02 -5.336652e-04))
502.26        	((-1.849556e+01 1.172888e+03 -3.714447e+02) (-3.246961e-02 3.913337e+00 2.405509e-02)) ((2.736058e+02 4.446886e+00 -6.523447e+00) (-5.166937e-02 -1.271043e-02 -8.011119e-04))
502.27        	((-1.862493e+01 1.172898e+03 -3.714423e+02) (-3.231434e-02 3.911748e+00 2.345136e-02)) ((2.735908e+02 4.493846e+00 -6.548537e+00) (-5.178107e-02 -1.253076e-02 -3.803975e-04))
502.28        	((-1.873867e+01 1.172902e+03 -3.714624e+02) (-3.280767e-02 3.911419e+00 2.376046e-02)) ((2.735777e+02 4.566625e+00 -6.587173e+00) (-5.152997e-02 -1.262391e-02 -8.761467e-04))
502.29        	((-1.886044e+01 1.172926e+03 -3.714579e+02) (-3.210420e-02 3.908836e+00 2.313126e-02)) ((2.735737e+02 4.583125e+00 -6.605653e+00) (-5.189848e-02 -1.245825e-02 -1.226599e-03))
502.3         	((-1.895974e+01 1.172940e+03 -3.714767e+02) (-3.303067e-02 3.909414e+00 2.371697e-02)) ((2.735717e+02 4.626319e+00 -6.655260e+00) (-5.150272e-02 -1.259415e-02 -1.256126e-03))
502.31        	((-1.906036e+01 1.172975e+03 -3.714920e+02) (-3.305658e-02 3.908595e+00 2.333313e-02)) ((2.735715e+02 4.653101e+00 -6.671386e+00) (-5.147319e-02 -1.255590e-02 -4.582290e-04))
502.32        	((-1.915812e+01 1.172957e+03 -3.715221e+02) (-3.346966e-02 3.908100e+00 2.360201e-02)) ((2.735598e+02 4.721275e+00 -6.723122e+00) (-5.128544e-02 -1.264602e-02 -1.077970e-03))
502.33        	((-1.926385e+01 1.172964e+03 -3.715391e+02) (-3.341570e-02 3.907164e+00 2.332601e-02)) ((2.735514e+02 4.760246e+00 -6.737686e+00) (-5.126955e-02 -1.258502e-02 -3.866674e-04))
502.34        	((-1.936506e+01 1.172927e+03 -3.715658e+02) (-3.374758e-02 3.906650e+00 2.354902e-02)) ((2.735378e+02 4.825196e+00 -6.792009e+00) (-5.107893e-02 -1.262609e-02 -1.147858e-03))
502.35        	((-1.945925e+01 1.172923e+03 -3.715766e+02) (-3.372032e-02 3.905637e+00 2.315109e-02)) ((2.735316e+02 4.854014e+00 -6.805132e+00) (-5.108172e-02 -1.259295e-02 -4.718509e-04))
502.36        	((-1.954493e+01 1.172883e+03 -3.715980e+02) (-3.406423e-02 3.904931e+00 2.326624e-02)) ((2.735207e+02 4.908950e+00 -6.856087e+00) (-5.093328e-02 -1.261250e-02 -1.229036e-03))
502.37        	((-1.963237e+01 1.172889e+03 -3.716116e+02) (-3.401786e-02 3.903978e+00 2.294919e-02)) ((2.735176e+02 4.930674e+00 -6.867707e+00) (-5.092153e-02 -1.253706e-02 -5.471176e-04))
502.38        	((-1.972512e+01 1.172860e+03 -3.716337e+02) (-3.428882e-02 3.903399e+00 2.307667e-02)) ((2.735074e+02 4.982533e+00 -6.922557e+00) (-5.074208e-02 -1.255859e-02 -1.355131e-03))
502.39        	((-1.981595e+01 1.172869e+03 -3.716445e+02) (-3.428591e-02 3.902497e+00 2.270795e-02)) ((2.735026e+02 5.005089e+00 -6.933246e+00) (-5.072287e-02 -1.254766e-02 -6.061669e-04))
502.4         	((-1.990639e+01 1.172830e+03 -3.716576e+02) (-3.459411e-02 3.901844e+00 2.274630e-02)) ((2.734891e+02 5.056428e+00 -6.983704e+00) (-5.056003e-02 -1.254724e-02 -1.359035e-03))
502.41        	((-1.999609e+01 1.172831e+03 -3.716654e+02) (-3.458855e-02 3.900971e+00 2.247783e-02)) ((2.734823e+02 5.075615e+00 -6.993166e+00) (-5.053873e-02 -1.249357e-02 -6.268375e-04))
502.42        	((-2.008835e+01 1.172795e+03 -3.716814e+02) (-3.484671e-02 3.900401e+00 2.260354e-02)) ((2.734691e+02 5.124070e+00 -7.046613e+00) (-5.036436e-02 -1.252553e-02 -1.448964e-03))
502.43        	((-2.017138e+01 1.172803e+03 -3.716914e+02) (-3.490068e-02 3.899591e+00 2.227979e-02)) ((2.734631e+02 5.142413e+00 -7.051858e+00) (-5.034139e-02 -1.252636e-02 -6.406028e-04))
502.44        	((-2.025774e+01 1.172763e+03 -3.717000e+02) (-3.520821e-02 3.898939e+00 2.223998e-02)) ((2.734479e+02 5.188284e+00 -7.099431e+00) (-5.019392e-02 -1.248619e-02 -1.415463e-03))
502.45        	((-2.034579e+01 1.172761e+03 -3.717063e+02) (-3.520161e-02 3.898086e+00 2.199199e-02)) ((2.734390e+02 5.202976e+00 -7.106695e+00) (-5.018743e-02 -1.244184e-02 -6.781856e-04))
502.46        	((-2.043822e+01 1.172722e+03 -3.717211e+02) (-3.544405e-02 3.897546e+00 2.215067e-02)) ((2.734236e+02 5.248596e+00 -7.157869e+00) (-5.002478e-02 -1.250522e-02 -1.512996e-03))
502.47        	((-2.052041e+01 1.172730e+03 -3.717314e+02) (-3.551804e-02 3.896845e+00 2.186364e-02)) ((2.734156e+02 5.265584e+00 -7.158844e+00) (-4.999806e-02 -1.252097e-02 -6.559348e-04))
502.48        	((-2.060587e+01 1.172688e+03 -3.717378e+02) (-3.582643e-02 3.896256e+00 2.179138e-02)) ((2.733983e+02 5.309071e+00 -7.203730e+00) (-4.985505e-02 -1.246243e-02 -1.434252e-03))
502.49        	((-2.069275e+01 1.172683e+03 -3.717432e+02) (-3.580250e-02 3.895431e+00 2.155719e-02)) ((2.733880e+02 5.320616e+00 -7.208118e+00) (-4.986151e-02 -1.241547e-02 -7.193386e-04))
502.5         	((-2.078305e+01 1.172641e+03 -3.717561e+02) (-3.605133e-02 3.894989e+00 2.174046e-02)) ((2.733714e+02 5.363329e+00 -7.256838e+00) (-4.969694e-02 -1.248541e-02 -1.541652e-03))
502.51        	((-2.086075e+01 1.172642e+03 -3.717675e+02) (-3.610125e-02 3.894374e+00 2.148711e-02)) ((2.733625e+02 5.376714e+00 -7.254530e+00) (-4.967154e-02 -1.250577e-02 -6.735083e-04))
502.52        	((-2.094426e+01 1.172594e+03 -3.717726e+02) (-3.640185e-02 3.893871e+00 2.144720e-02)) ((2.733444e+02 5.417915e+00 -7.296663e+00) (-4.952927e-02 -1.245658e-02 -1.452285e-03))
502.53        	((-2.105216e+01 1.172551e+03 -3.717716e+02) (-3.636252e-02 3.893069e+00 2.123698e-02)) ((2.733211e+02 5.439493e+00 -7.310004e+00) (-4.954695e-02 -1.240266e-02 -7.270117e-04))
502.54        	((-2.118204e+01 1.172470e+03 -3.717740e+02) (-3.650158e-02 3.892813e+00 2.138321e-02)) ((2.732917e+02 5.487331e+00 -7.361694e+00) (-4.933538e-02 -1.246510e-02 -1.508286e-03))
502.55        	((-2.127968e+01 1.172443e+03 -3.717756e+02) (-3.669495e-02 3.892104e+00 2.121187e-02)) ((2.732732e+02 5.503690e+00 -7.363733e+00) (-4.937203e-02 -1.245736e-02 -6.970198e-04))
502.56        	((-2.138088e+01 1.172399e+03 -3.717752e+02) (-3.693050e-02 3.891783e+00 2.116620e-02)) ((2.732563e+02 5.539218e+00 -7.400691e+00) (-4.919255e-02 -1.239436e-02 -1.423967e-03))
502.57        	((-2.146886e+01 1.172398e+03 -3.717718e+02) (-3.700918e-02 3.890988e+00 2.104710e-02)) ((2.732460e+02 5.545001e+00 -7.400167e+00) (-4.925428e-02 -1.232846e-02 -7.482357e-04))
502.58        	((-2.158457e+01 1.172359e+03 -3.717725e+02) (-3.695737e-02 3.890406e+00 2.120492e-02)) ((2.732298e+02 5.580570e+00 -7.446511e+00) (-4.913741e-02 -1.240812e-02 -1.787595e-03))
502.59        	((-2.168311e+01 1.172346e+03 -3.717689e+02) (-3.722036e-02 3.890112e+00 2.106747e-02)) ((2.732146e+02 5.592219e+00 -7.450279e+00) (-4.909950e-02 -1.238327e-02 -7.794153e-04))
502.6         	((-2.179608e+01 1.172291e+03 -3.717710e+02) (-3.742826e-02 3.889805e+00 2.121642e-02)) ((2.731934e+02 5.634710e+00 -7.492578e+00) (-4.893438e-02 -1.242695e-02 -1.564677e-03))
502.61        	((-2.188528e+01 1.172282e+03 -3.717751e+02) (-3.756526e-02 3.889361e+00 2.115425e-02)) ((2.731798e+02 5.647634e+00 -7.488173e+00) (-4.893914e-02 -1.235594e-02 -7.159540e-04))
502.62        	((-2.199563e+01 1.172243e+03 -3.717757e+02) (-3.770485e-02 3.889137e+00 2.113422e-02)) ((2.731632e+02 5.682110e+00 -7.529203e+00) (-4.877009e-02 -1.225578e-02 -1.588162e-03))
502.63        	((-2.208808e+01 1.172243e+03 -3.717698e+02) (-3.779259e-02 3.888595e+00 2.103981e-02)) ((2.731530e+02 5.688632e+00 -7.525806e+00) (-4.879886e-02 -1.226636e-02 -8.015981e-04))
502.64        	((-2.219782e+01 1.172199e+03 -3.717658e+02) (-3.776956e-02 3.887849e+00 2.108325e-02)) ((2.731367e+02 5.722971e+00 -7.567542e+00) (-4.874644e-02 -1.226671e-02 -1.926671e-03))
502.65        	((-2.229302e+01 1.172194e+03 -3.717631e+02) (-3.800256e-02 3.887839e+00 2.115743e-02)) ((2.731253e+02 5.729750e+00 -7.569193e+00) (-4.867248e-02 -1.224118e-02 -8.597629e-04))
502.66        	((-2.239307e+01 1.172162e+03 -3.717756e+02) (-3.827106e-02 3.887966e+00 2.141932e-02)) ((2.731108e+02 5.768433e+00 -7.609745e+00) (-4.844251e-02 -1.228207e-02 -1.563241e-03))
502.67        	((-2.247444e+01 1.172163e+03 -3.717833e+02) (-3.825474e-02 3.887528e+00 2.129782e-02)) ((2.731014e+02 5.780291e+00 -7.605290e+00) (-4.846341e-02 -1.228391e-02 -7.523439e-04))
502.68        	((-2.256787e+01 1.172125e+03 -3.717894e+02) (-3.840576e-02 3.887308e+00 2.140263e-02)) ((2.730872e+02 5.817908e+00 -7.641180e+00) (-4.831731e-02 -1.228326e-02 -1.581023e-03))
502.69        	((-2.264716e+01 1.172129e+03 -3.717931e+02) (-3.843012e-02 3.886913e+00 2.135241e-02)) ((2.730790e+02 5.824751e+00 -7.635941e+00) (-4.833550e-02 -1.221770e-02 -7.952035e-04))
502.7         	((-2.275098e+01 1.172094e+03 -3.717959e+02) (-3.816685e-02 3.886122e+00 2.135127e-02)) ((2.730656e+02 5.856899e+00 -7.681533e+00) (-4.830948e-02 -1.220450e-02 -2.128601e-03))
502.71        	((-2.283932e+01 1.172092e+03 -3.717929e+02) (-3.848857e-02 3.886300e+00 2.137830e-02)) ((2.730567e+02 5.860968e+00 -7.684130e+00) (-4.821539e-02 -1.222929e-02 -9.567936e-04))
502.72        	((-2.292173e+01 1.172063e+03 -3.718059e+02) (-3.887558e-02 3.886480e+00 2.161180e-02)) ((2.730450e+02 5.899367e+00 -7.717561e+00) (-4.799727e-02 -1.227131e-02 -1.565229e-03))
502.73        	((-2.299309e+01 1.172070e+03 -3.718187e+02) (-3.877450e-02 3.886080e+00 2.154469e-02)) ((2.730384e+02 5.909361e+00 -7.710488e+00) (-4.802526e-02 -1.223046e-02 -8.103029e-04))
502.74        	((-2.307443e+01 1.172049e+03 -3.718388e+02) (-3.896350e-02 3.886196e+00 2.179184e-02)) ((2.730290e+02 5.947914e+00 -7.744412e+00) (-4.781959e-02 -1.229634e-02 -1.591166e-03))
502.75        	((-2.314118e+01 1.172062e+03 -3.718528e+02) (-3.892354e-02 3.885768e+00 2.162316e-02)) ((2.730240e+02 5.957780e+00 -7.736049e+00) (-4.786657e-02 -1.228373e-02 -8.156830e-04))
502.76        	((-2.322240e+01 1.172029e+03 -3.718596e+02) (-3.914935e-02 3.885706e+00 2.158199e-02)) ((2.730122e+02 5.991473e+00 -7.771498e+00) (-4.771066e-02 -1.220595e-02 -1.601360e-03))
502.77        	((-2.329957e+01 1.172026e+03 -3.718616e+02) (-3.903122e-02 3.885171e+00 2.146599e-02)) ((2.730042e+02 5.994843e+00 -7.771530e+00) (-4.777532e-02 -1.215367e-02 -9.459196e-04))
502.78        	((-2.338501e+01 1.171996e+03 -3.718737e+02) (-3.921380e-02 3.885299e+00 2.171028e-02)) ((2.729937e+02 6.028512e+00 -7.811884e+00) (-4.758102e-02 -1.223766e-02 -1.729359e-03))
502.79        	((-2.345313e+01 1.172003e+03 -3.718844e+02) (-3.917320e-02 3.884934e+00 2.155856e-02)) ((2.729885e+02 6.036156e+00 -7.805623e+00) (-4.762798e-02 -1.225050e-02 -9.139941e-04))
502.8         	((-2.353028e+01 1.171971e+03 -3.718924e+02) (-3.940682e-02 3.884930e+00 2.156278e-02)) ((2.729774e+02 6.070395e+00 -7.838648e+00) (-4.746731e-02 -1.222240e-02 -1.671312e-03))
502.81        	((-2.360279e+01 1.171969e+03 -3.718955e+02) (-3.926731e-02 3.884472e+00 2.142141e-02)) ((2.729699e+02 6.074028e+00 -7.835662e+00) (-4.752673e-02 -1.217049e-02 -9.658045e-04))
502.82        	((-2.369017e+01 1.171936e+03 -3.719053e+02) (-3.936393e-02 3.884373e+00 2.160588e-02)) ((2.729591e+02 6.107316e+00 -7.876291e+00) (-4.739739e-02 -1.224880e-02 -1.887588e-03))
502.83        	((-2.375899e+01 1.171941e+03 -3.719139e+02) (-3.940357e-02 3.884123e+00 2.143410e-02)) ((2.729533e+02 6.114486e+00 -7.869689e+00) (-4.743223e-02 -1.224242e-02 -9.921414e-04))
502.84        	((-2.383969e+01 1.171902e+03 -3.719172e+02) (-3.959122e-02 3.884040e+00 2.137106e-02)) ((2.729406e+02 6.147838e+00 -7.905528e+00) (-4.729536e-02 -1.219638e-02 -1.806177e-03))
502.85        	((-2.391025e+01 1.171901e+03 -3.719194e+02) (-3.952603e-02 3.883673e+00 2.126522e-02)) ((2.729336e+02 6.151346e+00 -7.899466e+00) (-4.735115e-02 -1.215353e-02 -1.029889e-03))
502.86        	((-2.400729e+01 1.171862e+03 -3.719225e+02) (-3.915898e-02 3.882535e+00 2.126128e-02)) ((2.729215e+02 6.183533e+00 -7.943542e+00) (-4.745536e-02 -1.221339e-02 -2.604708e-03))
502.87        	((-2.409598e+01 1.171846e+03 -3.719202e+02) (-3.951433e-02 3.883031e+00 2.121249e-02)) ((2.729115e+02 6.188650e+00 -7.949290e+00) (-4.734068e-02 -1.222353e-02 -1.233339e-03))
502.88        	((-2.416086e+01 1.171818e+03 -3.719370e+02) (-4.000232e-02 3.883571e+00 2.143549e-02)) ((2.729011e+02 6.229058e+00 -7.976289e+00) (-4.707824e-02 -1.230160e-02 -1.654381e-03))
502.89        	((-2.422982e+01 1.171818e+03 -3.719524e+02) (-3.978296e-02 3.882946e+00 2.125165e-02)) ((2.728947e+02 6.241108e+00 -7.969523e+00) (-4.720575e-02 -1.223172e-02 -1.028062e-03))
502.9         	((-2.429583e+01 1.171807e+03 -3.719797e+02) (-4.019613e-02 3.883276e+00 2.148865e-02)) ((2.728885e+02 6.284050e+00 -7.992695e+00) (-4.701543e-02 -1.228475e-02 -1.664108e-03))
502.91        	((-2.437856e+01 1.171797e+03 -3.719843e+02) (-3.990885e-02 3.882529e+00 2.106453e-02)) ((2.728796e+02 6.294121e+00 -7.993929e+00) (-4.715731e-02 -1.218630e-02 -1.102425e-03))
502.92        	((-2.444926e+01 1.171764e+03 -3.719931e+02) (-4.029710e-02 3.882829e+00 2.127635e-02)) ((2.728678e+02 6.331925e+00 -8.024672e+00) (-4.695085e-02 -1.226373e-02 -1.695437e-03))
502.93        	((-2.453508e+01 1.171743e+03 -3.719967e+02) (-4.003124e-02 3.882046e+00 2.107866e-02)) ((2.728576e+02 6.339723e+00 -8.030655e+00) (-4.712393e-02 -1.216851e-02 -1.175516e-03))
502.94        	((-2.461120e+01 1.171718e+03 -3.720128e+02) (-4.049856e-02 3.882515e+00 2.136914e-02)) ((2.728474e+02 6.379564e+00 -8.061439e+00) (-4.690111e-02 -1.223068e-02 -1.756534e-03))
502.95        	((-2.469755e+01 1.171699e+03 -3.720072e+02) (-4.017114e-02 3.881849e+00 2.093546e-02)) ((2.728358e+02 6.385217e+00 -8.065120e+00) (-4.701586e-02 -1.211700e-02 -1.183327e-03))
502.96        	((-2.477656e+01 1.171665e+03 -3.720117e+02) (-4.061302e-02 3.882176e+00 2.122097e-02)) ((2.728237e+02 6.423876e+00 -8.095216e+00) (-4.682106e-02 -1.220689e-02 -1.761082e-03))
502.97        	((-2.487368e+01 1.171647e+03 -3.720145e+02) (-4.037932e-02 3.881450e+00 2.107491e-02)) ((2.728129e+02 6.436511e+00 -8.099159e+00) (-4.699282e-02 -1.212218e-02 -1.207215e-03))
502.98        	((-2.495908e+01 1.171622e+03 -3.720288e+02) (-4.082690e-02 3.882012e+00 2.137741e-02)) ((2.728016e+02 6.480799e+00 -8.129686e+00) (-4.673666e-02 -1.219937e-02 -1.769096e-03))
502.99        	((-2.505072e+01 1.171604e+03 -3.720233e+02) (-4.049682e-02 3.881453e+00 2.100886e-02)) ((2.727892e+02 6.490592e+00 -8.133441e+00) (-4.682551e-02 -1.211552e-02 -1.155204e-03))
503           	((-2.513673e+01 1.171566e+03 -3.720302e+02) (-4.095578e-02 3.881672e+00 2.128432e-02)) ((2.727757e+02 6.533647e+00 -8.166793e+00) (-4.667404e-02 -1.217782e-02 -1.798228e-03))
503.01        	((-2.524010e+01 1.171545e+03 -3.720354e+02) (-4.074322e-02 3.880999e+00 2.113620e-02)) ((2.727636e+02 6.549867e+00 -8.172869e+00) (-4.683164e-02 -1.208336e-02 -1.231997e-03))
503.02        	((-2.533064e+01 1.171518e+03 -3.720463e+02) (-4.112609e-02 3.881687e+00 2.141981e-02)) ((2.727502e+02 6.595175e+00 -8.206229e+00) (-4.651705e-02 -1.217495e-02 -1.783873e-03))
503.03        	((-2.542807e+01 1.171505e+03 -3.720443e+02) (-4.082794e-02 3.881120e+00 2.113027e-02)) ((2.727387e+02 6.608211e+00 -8.210761e+00) (-4.662676e-02 -1.210922e-02 -1.173135e-03))
503.04        	((-2.552540e+01 1.171473e+03 -3.720574e+02) (-4.133389e-02 3.881298e+00 2.139908e-02)) ((2.727263e+02 6.657148e+00 -8.245612e+00) (-4.649988e-02 -1.214820e-02 -1.842555e-03))
503.05        	((-2.563776e+01 1.171455e+03 -3.720639e+02) (-4.109887e-02 3.880717e+00 2.121344e-02)) ((2.727135e+02 6.676806e+00 -8.253684e+00) (-4.661803e-02 -1.204561e-02 -1.264099e-03))
503.06        	((-2.572888e+01 1.171433e+03 -3.720727e+02) (-4.140139e-02 3.881593e+00 2.150130e-02)) ((2.727000e+02 6.721202e+00 -8.288003e+00) (-4.622934e-02 -1.217009e-02 -1.770912e-03))
503.07        	((-2.583397e+01 1.171429e+03 -3.720752e+02) (-4.117266e-02 3.880875e+00 2.122748e-02)) ((2.726903e+02 6.736586e+00 -8.294379e+00) (-4.641421e-02 -1.207395e-02 -1.215059e-03))
503.08        	((-2.594340e+01 1.171400e+03 -3.720969e+02) (-4.171090e-02 3.881045e+00 2.147804e-02)) ((2.726778e+02 6.790766e+00 -8.331864e+00) (-4.629753e-02 -1.210397e-02 -1.890549e-03))
503.09        	((-2.606450e+01 1.171387e+03 -3.721039e+02) (-4.140703e-02 3.880657e+00 2.121205e-02)) ((2.726636e+02 6.812559e+00 -8.342293e+00) (-4.632665e-02 -1.201500e-02 -1.259693e-03))
503.1         	((-2.615897e+01 1.171381e+03 -3.721194e+02) (-4.168185e-02 3.881525e+00 2.156015e-02)) ((2.726536e+02 6.857526e+00 -8.377676e+00) (-4.595893e-02 -1.217126e-02 -1.768745e-03))
503.11        	((-2.627632e+01 1.171389e+03 -3.721343e+02) (-4.152074e-02 3.880657e+00 2.126379e-02)) ((2.726475e+02 6.877877e+00 -8.386565e+00) (-4.621366e-02 -1.204731e-02 -1.260079e-03))
503.12        	((-2.639421e+01 1.171372e+03 -3.721656e+02) (-4.205643e-02 3.880837e+00 2.146151e-02)) ((2.726374e+02 6.935288e+00 -8.426251e+00) (-4.609228e-02 -1.207451e-02 -1.934139e-03))
503.13        	((-2.651209e+01 1.171367e+03 -3.721748e+02) (-4.163330e-02 3.880662e+00 2.117759e-02)) ((2.726238e+02 6.954373e+00 -8.436477e+00) (-4.603370e-02 -1.203929e-02 -1.235146e-03))
503.14        	((-2.661227e+01 1.171367e+03 -3.721974e+02) (-4.202302e-02 3.881264e+00 2.152212e-02)) ((2.726155e+02 7.001147e+00 -8.472796e+00) (-4.578894e-02 -1.215319e-02 -1.822770e-03))
503.15        	((-2.674004e+01 1.171376e+03 -3.722199e+02) (-4.185923e-02 3.880381e+00 2.117348e-02)) ((2.726089e+02 7.025540e+00 -8.483763e+00) (-4.604999e-02 -1.202524e-02 -1.313911e-03))
503.16        	((-2.686722e+01 1.171355e+03 -3.722510e+02) (-4.236590e-02 3.880629e+00 2.131553e-02)) ((2.725968e+02 7.085069e+00 -8.525215e+00) (-4.589725e-02 -1.206279e-02 -1.961954e-03))
503.17        	((-2.698861e+01 1.171349e+03 -3.722647e+02) (-4.191354e-02 3.880453e+00 2.107819e-02)) ((2.725843e+02 7.105258e+00 -8.536021e+00) (-4.585565e-02 -1.206161e-02 -1.248476e-03))
503.18        	((-2.709961e+01 1.171339e+03 -3.722937e+02) (-4.240458e-02 3.880837e+00 2.136174e-02)) ((2.725744e+02 7.156985e+00 -8.574499e+00) (-4.570147e-02 -1.212750e-02 -1.896631e-03))
503.19        	((-2.723478e+01 1.171339e+03 -3.723169e+02) (-4.221338e-02 3.880019e+00 2.094888e-02)) ((2.725658e+02 7.183667e+00 -8.587209e+00) (-4.593020e-02 -1.200622e-02 -1.359844e-03))
503.2         	((-2.733457e+01 1.171326e+03 -3.723332e+02) (-4.261212e-02 3.880528e+00 2.106004e-02)) ((2.725554e+02 7.231504e+00 -8.625352e+00) (-4.566546e-02 -1.207975e-02 -1.935584e-03))
503.21        	((-2.745516e+01 1.171319e+03 -3.723461e+02) (-4.216629e-02 3.880218e+00 2.089826e-02)) ((2.725448e+02 7.249945e+00 -8.635846e+00) (-4.569275e-02 -1.206916e-02 -1.250151e-03))
503.22        	((-2.756353e+01 1.171311e+03 -3.723720e+02) (-4.273115e-02 3.880570e+00 2.118314e-02)) ((2.725369e+02 7.302528e+00 -8.674594e+00) (-4.556686e-02 -1.210784e-02 -1.972248e-03))
503.23        	((-2.771759e+01 1.171289e+03 -3.723985e+02) (-4.249801e-02 3.879833e+00 2.075895e-02)) ((2.725234e+02 7.336585e+00 -8.690213e+00) (-4.575843e-02 -1.198487e-02 -1.413478e-03))
503.24        	((-2.785486e+01 1.171244e+03 -3.724175e+02) (-4.283285e-02 3.880632e+00 2.088573e-02)) ((2.725032e+02 7.397062e+00 -8.733518e+00) (-4.537804e-02 -1.210747e-02 -1.951719e-03))
503.25        	((-2.799314e+01 1.171235e+03 -3.724312e+02) (-4.255699e-02 3.880130e+00 2.071630e-02)) ((2.724911e+02 7.421881e+00 -8.746309e+00) (-4.549962e-02 -1.205034e-02 -1.362742e-03))
503.26        	((-2.812082e+01 1.171226e+03 -3.724646e+02) (-4.312043e-02 3.880448e+00 2.098290e-02)) ((2.724826e+02 7.479994e+00 -8.787926e+00) (-4.537898e-02 -1.207574e-02 -2.055419e-03))
503.27        	((-2.825752e+01 1.171225e+03 -3.724824e+02) (-4.289946e-02 3.879838e+00 2.051725e-02)) ((2.724729e+02 7.506030e+00 -8.802109e+00) (-4.551571e-02 -1.195550e-02 -1.482125e-03))
503.28        	((-2.836753e+01 1.171209e+03 -3.724988e+02) (-4.319131e-02 3.880593e+00 2.069972e-02)) ((2.724608e+02 7.555515e+00 -8.841388e+00) (-4.516453e-02 -1.209853e-02 -1.995623e-03))
503.29        	((-2.849769e+01 1.171212e+03 -3.725165e+02) (-4.299197e-02 3.879906e+00 2.051195e-02)) ((2.724528e+02 7.578952e+00 -8.853286e+00) (-4.536571e-02 -1.199760e-02 -1.458079e-03))
503.3         	((-2.860237e+01 1.171217e+03 -3.725463e+02) (-4.353354e-02 3.880268e+00 2.072810e-02)) ((2.724474e+02 7.630131e+00 -8.891664e+00) (-4.522373e-02 -1.202266e-02 -2.133246e-03))
503.31        	((-2.873667e+01 1.171214e+03 -3.725589e+02) (-4.313736e-02 3.879956e+00 2.020835e-02)) ((2.724346e+02 7.653400e+00 -8.905305e+00) (-4.521946e-02 -1.194894e-02 -1.435361e-03))
503.32        	((-2.885982e+01 1.171197e+03 -3.725837e+02) (-4.354080e-02 3.880518e+00 2.044707e-02)) ((2.724220e+02 7.709366e+00 -8.946821e+00) (-4.497356e-02 -1.207515e-02 -2.052362e-03))
503.33        	((-2.900551e+01 1.171201e+03 -3.726181e+02) (-4.338806e-02 3.879761e+00 2.023005e-02)) ((2.724145e+02 7.741568e+00 -8.961576e+00) (-4.521112e-02 -1.195584e-02 -1.550402e-03))
503.34        	((-2.913641e+01 1.171199e+03 -3.726645e+02) (-4.392319e-02 3.880180e+00 2.039882e-02)) ((2.724063e+02 7.803059e+00 -9.005365e+00) (-4.503922e-02 -1.197728e-02 -2.220706e-03))
503.35        	((-2.924995e+01 1.171216e+03 -3.726820e+02) (-4.348138e-02 3.880039e+00 1.994324e-02)) ((2.723986e+02 7.819352e+00 -9.016739e+00) (-4.498578e-02 -1.196037e-02 -1.502972e-03))
503.36        	((-2.934750e+01 1.171221e+03 -3.727092e+02) (-4.397448e-02 3.880381e+00 2.015452e-02)) ((2.723922e+02 7.865624e+00 -9.054617e+00) (-4.483076e-02 -1.202964e-02 -2.157001e-03))
503.37        	((-2.947145e+01 1.171243e+03 -3.727419e+02) (-4.378589e-02 3.879720e+00 1.990752e-02)) ((2.723891e+02 7.889083e+00 -9.066547e+00) (-4.502594e-02 -1.191402e-02 -1.623578e-03))
503.38        	((-2.958942e+01 1.171246e+03 -3.727829e+02) (-4.424702e-02 3.880354e+00 2.004452e-02)) ((2.723810e+02 7.945355e+00 -9.108301e+00) (-4.476236e-02 -1.196498e-02 -2.243305e-03))
503.39        	((-2.970587e+01 1.171268e+03 -3.728060e+02) (-4.381085e-02 3.880141e+00 1.961895e-02)) ((2.723759e+02 7.964180e+00 -9.119511e+00) (-4.475324e-02 -1.195218e-02 -1.544684e-03))
503.4         	((-2.981603e+01 1.171271e+03 -3.728448e+02) (-4.437701e-02 3.880315e+00 1.980570e-02)) ((2.723702e+02 8.018410e+00 -9.159366e+00) (-4.467230e-02 -1.198953e-02 -2.247184e-03))
503.41        	((-2.994430e+01 1.171285e+03 -3.728841e+02) (-4.419148e-02 3.879662e+00 1.949866e-02)) ((2.723649e+02 8.045812e+00 -9.172574e+00) (-4.486195e-02 -1.186209e-02 -1.709169e-03))
503.42        	((-3.004858e+01 1.171287e+03 -3.729167e+02) (-4.453821e-02 3.880576e+00 1.957035e-02)) ((2.723544e+02 8.095997e+00 -9.212465e+00) (-4.447254e-02 -1.195367e-02 -2.245206e-03))
503.43        	((-3.015163e+01 1.171308e+03 -3.729352e+02) (-4.418621e-02 3.880155e+00 1.918743e-02)) ((2.723488e+02 8.109598e+00 -9.220921e+00) (-4.456820e-02 -1.191702e-02 -1.606503e-03))
503.44        	((-3.026175e+01 1.171314e+03 -3.729759e+02) (-4.479434e-02 3.880253e+00 1.934696e-02)) ((2.723435e+02 8.164563e+00 -9.260612e+00) (-4.452088e-02 -1.193511e-02 -2.331365e-03))
503.45        	((-3.039037e+01 1.171330e+03 -3.730118e+02) (-4.458908e-02 3.879669e+00 1.898775e-02)) ((2.723378e+02 8.191780e+00 -9.273671e+00) (-4.467787e-02 -1.180770e-02 -1.769744e-03))
503.46        	((-3.048777e+01 1.171335e+03 -3.730457e+02) (-4.489122e-02 3.880622e+00 1.913118e-02)) ((2.723289e+02 8.240302e+00 -9.312103e+00) (-4.428871e-02 -1.194074e-02 -2.288069e-03))
503.47        	((-3.059770e+01 1.171358e+03 -3.730662e+02) (-4.465718e-02 3.880004e+00 1.869356e-02)) ((2.723239e+02 8.257586e+00 -9.321358e+00) (-4.446633e-02 -1.184440e-02 -1.710854e-03))
503.48        	((-3.070710e+01 1.171359e+03 -3.731006e+02) (-4.524172e-02 3.880193e+00 1.879812e-02)) ((2.723166e+02 8.311928e+00 -9.360685e+00) (-4.437430e-02 -1.186550e-02 -2.404992e-03))
503.49        	((-3.082781e+01 1.171374e+03 -3.731207e+02) (-4.494239e-02 3.879842e+00 1.840131e-02)) ((2.723083e+02 8.333573e+00 -9.371838e+00) (-4.442734e-02 -1.177292e-02 -1.765272e-03))
503.5         	((-3.092318e+01 1.171383e+03 -3.731475e+02) (-4.530754e-02 3.880604e+00 1.857828e-02)) ((2.723003e+02 8.380198e+00 -9.408883e+00) (-4.413032e-02 -1.188947e-02 -2.333667e-03))
503.51        	((-3.104035e+01 1.171404e+03 -3.731684e+02) (-4.513157e-02 3.879837e+00 1.811764e-02)) ((2.722949e+02 8.401105e+00 -9.418495e+00) (-4.437288e-02 -1.176530e-02 -1.794528e-03))
503.52        	((-3.115405e+01 1.171395e+03 -3.731980e+02) (-4.572787e-02 3.880017e+00 1.816944e-02)) ((2.722838e+02 8.457222e+00 -9.458093e+00) (-4.427856e-02 -1.177281e-02 -2.488431e-03))
503.53        	((-3.126720e+01 1.171404e+03 -3.732038e+02) (-4.531213e-02 3.879922e+00 1.776979e-02)) ((2.722719e+02 8.473819e+00 -9.467222e+00) (-4.422406e-02 -1.172974e-02 -1.766569e-03))
503.54        	((-3.136147e+01 1.171410e+03 -3.732199e+02) (-4.580239e-02 3.880441e+00 1.796792e-02)) ((2.722621e+02 8.518111e+00 -9.502558e+00) (-4.403827e-02 -1.179799e-02 -2.408942e-03))
503.55        	((-3.148209e+01 1.171427e+03 -3.732322e+02) (-4.565210e-02 3.879674e+00 1.749131e-02)) ((2.722547e+02 8.538551e+00 -9.511286e+00) (-4.428204e-02 -1.165743e-02 -1.871326e-03))
503.56        	((-3.159576e+01 1.171414e+03 -3.732471e+02) (-4.623253e-02 3.879970e+00 1.750538e-02)) ((2.722403e+02 8.591727e+00 -9.549438e+00) (-4.413380e-02 -1.166441e-02 -2.533881e-03))
503.57        	((-3.170375e+01 1.171425e+03 -3.732458e+02) (-4.579587e-02 3.879893e+00 1.717986e-02)) ((2.722282e+02 8.604736e+00 -9.555905e+00) (-4.408846e-02 -1.164669e-02 -1.800640e-03))
503.58        	((-3.180297e+01 1.171430e+03 -3.732587e+02) (-4.640803e-02 3.880214e+00 1.735589e-02)) ((2.722171e+02 8.650507e+00 -9.590783e+00) (-4.398817e-02 -1.165798e-02 -2.507484e-03))
503.59        	((-3.192362e+01 1.171442e+03 -3.732615e+02) (-4.624549e-02 3.879543e+00 1.683712e-02)) ((2.722061e+02 8.669385e+00 -9.598626e+00) (-4.418747e-02 -1.151216e-02 -1.942941e-03))
503.6         	((-3.202277e+01 1.171428e+03 -3.732551e+02) (-4.668975e-02 3.880202e+00 1.681598e-02)) ((2.721874e+02 8.713134e+00 -9.633124e+00) (-4.388033e-02 -1.157133e-02 -2.496795e-03))
503.61        	((-3.212265e+01 1.171442e+03 -3.732435e+02) (-4.638847e-02 3.879818e+00 1.655310e-02)) ((2.721747e+02 8.721509e+00 -9.636417e+00) (-4.398303e-02 -1.150767e-02 -1.851806e-03))
503.62        	((-3.222177e+01 1.171445e+03 -3.732548e+02) (-4.705874e-02 3.880048e+00 1.671839e-02)) ((2.721622e+02 8.767659e+00 -9.669942e+00) (-4.392508e-02 -1.149129e-02 -2.589258e-03))
503.63        	((-3.233718e+01 1.171452e+03 -3.732490e+02) (-4.689093e-02 3.879463e+00 1.614761e-02)) ((2.721469e+02 8.783768e+00 -9.676045e+00) (-4.408252e-02 -1.133612e-02 -2.000466e-03))
503.64        	((-3.241658e+01 1.171441e+03 -3.732364e+02) (-4.726956e-02 3.880233e+00 1.623497e-02)) ((2.721273e+02 8.819715e+00 -9.705862e+00) (-4.374974e-02 -1.145005e-02 -2.514735e-03))
503.65        	((-3.250938e+01 1.171455e+03 -3.732190e+02) (-4.710222e-02 3.879649e+00 1.593131e-02)) ((2.721127e+02 8.825205e+00 -9.706469e+00) (-4.393765e-02 -1.131658e-02 -1.935621e-03))
503.66        	((-3.259827e+01 1.171456e+03 -3.732168e+02) (-4.774568e-02 3.879991e+00 1.604268e-02)) ((2.720965e+02 8.865786e+00 -9.736947e+00) (-4.382617e-02 -1.130109e-02 -2.638584e-03))
503.67        	((-3.269344e+01 1.171467e+03 -3.731900e+02) (-4.743475e-02 3.879705e+00 1.543464e-02)) ((2.720778e+02 8.871004e+00 -9.737768e+00) (-4.385431e-02 -1.120009e-02 -1.949408e-03))
503.68        	((-3.276317e+01 1.171460e+03 -3.731701e+02) (-4.794528e-02 3.880102e+00 1.553006e-02)) ((2.720576e+02 8.903123e+00 -9.763802e+00) (-4.369149e-02 -1.126141e-02 -2.564806e-03))
503.69        	((-3.285315e+01 1.171471e+03 -3.731536e+02) (-4.780788e-02 3.879401e+00 1.517016e-02)) ((2.720414e+02 8.909173e+00 -9.762413e+00) (-4.392967e-02 -1.110325e-02 -2.013787e-03))
503.7         	((-3.293262e+01 1.171465e+03 -3.731438e+02) (-4.843288e-02 3.879786e+00 1.518369e-02)) ((2.720201e+02 8.946805e+00 -9.790640e+00) (-4.379110e-02 -1.107652e-02 -2.702071e-03))
503.71        	((-3.300336e+01 1.171476e+03 -3.731071e+02) (-4.801112e-02 3.879680e+00 1.461699e-02)) ((2.719991e+02 8.942388e+00 -9.786019e+00) (-4.375634e-02 -1.103289e-02 -1.951100e-03))
503.72        	((-3.306017e+01 1.171468e+03 -3.730791e+02) (-4.865505e-02 3.879853e+00 1.467906e-02)) ((2.719763e+02 8.970074e+00 -9.808533e+00) (-4.369262e-02 -1.102897e-02 -2.641188e-03))
503.73        	((-3.313828e+01 1.171478e+03 -3.730518e+02) (-4.849669e-02 3.879250e+00 1.427033e-02)) ((2.719563e+02 8.971218e+00 -9.803964e+00) (-4.388692e-02 -1.086725e-02 -2.063051e-03))
503.74        	((-3.319722e+01 1.171471e+03 -3.730238e+02) (-4.899584e-02 3.879950e+00 1.424414e-02)) ((2.719307e+02 8.999308e+00 -9.827669e+00) (-4.361072e-02 -1.088494e-02 -2.658278e-03))
503.75        	((-3.325473e+01 1.171485e+03 -3.729815e+02) (-4.866476e-02 3.879605e+00 1.373390e-02)) ((2.719090e+02 8.990574e+00 -9.819487e+00) (-4.369498e-02 -1.081225e-02 -1.977003e-03))
503.76        	((-3.330628e+01 1.171473e+03 -3.729554e+02) (-4.936027e-02 3.879673e+00 1.379023e-02)) ((2.718848e+02 9.018611e+00 -9.840317e+00) (-4.367937e-02 -1.078242e-02 -2.701409e-03))
503.77        	((-3.337385e+01 1.171477e+03 -3.729225e+02) (-4.918843e-02 3.879148e+00 1.334394e-02)) ((2.718611e+02 9.016490e+00 -9.833810e+00) (-4.383658e-02 -1.061333e-02 -2.105481e-03))
503.78        	((-3.340486e+01 1.171471e+03 -3.728856e+02) (-4.959062e-02 3.880096e+00 1.343629e-02)) ((2.718342e+02 9.033699e+00 -9.851951e+00) (-4.347200e-02 -1.069476e-02 -2.631013e-03))
503.79        	((-3.344564e+01 1.171485e+03 -3.728352e+02) (-4.940084e-02 3.879585e+00 1.297351e-02)) ((2.718111e+02 9.018340e+00 -9.839702e+00) (-4.363370e-02 -1.056288e-02 -2.014723e-03))
503.8         	((-3.348162e+01 1.171472e+03 -3.727969e+02) (-5.008379e-02 3.879786e+00 1.305878e-02)) ((2.717836e+02 9.039366e+00 -9.856594e+00) (-4.356096e-02 -1.053747e-02 -2.707050e-03))
503.81        	((-3.352980e+01 1.171474e+03 -3.727443e+02) (-4.980857e-02 3.879549e+00 1.264835e-02)) ((2.717553e+02 9.027216e+00 -9.845100e+00) (-4.359424e-02 -1.041172e-02 -2.026630e-03))
503.82        	((-3.354954e+01 1.171471e+03 -3.726982e+02) (-5.026520e-02 3.880283e+00 1.281627e-02)) ((2.717267e+02 9.039581e+00 -9.859162e+00) (-4.333271e-02 -1.047998e-02 -2.605635e-03))
503.83        	((-3.358906e+01 1.171483e+03 -3.726474e+02) (-5.011344e-02 3.879615e+00 1.236682e-02)) ((2.717019e+02 9.024933e+00 -9.844803e+00) (-4.356280e-02 -1.032755e-02 -2.028705e-03))
503.84        	((-3.361865e+01 1.171465e+03 -3.726048e+02) (-5.077458e-02 3.879820e+00 1.242234e-02)) ((2.716705e+02 9.044251e+00 -9.859541e+00) (-4.348319e-02 -1.029972e-02 -2.713576e-03))
503.85        	((-3.364428e+01 1.171466e+03 -3.725412e+02) (-5.036022e-02 3.879821e+00 1.204027e-02)) ((2.716395e+02 9.022756e+00 -9.842950e+00) (-4.341893e-02 -1.023620e-02 -1.951142e-03))
503.86        	((-3.364836e+01 1.171462e+03 -3.724884e+02) (-5.092425e-02 3.880334e+00 1.224888e-02)) ((2.716092e+02 9.029298e+00 -9.852933e+00) (-4.326110e-02 -1.026195e-02 -2.595940e-03))
503.87        	((-3.367431e+01 1.171469e+03 -3.724327e+02) (-5.077403e-02 3.879692e+00 1.179954e-02)) ((2.715819e+02 9.010419e+00 -9.835392e+00) (-4.348172e-02 -1.010392e-02 -2.010590e-03))
503.88        	((-3.368545e+01 1.171448e+03 -3.723798e+02) (-5.138218e-02 3.880070e+00 1.184031e-02)) ((2.715472e+02 9.022623e+00 -9.846165e+00) (-4.332723e-02 -1.009095e-02 -2.644374e-03))
503.89        	((-3.368923e+01 1.171450e+03 -3.723137e+02) (-5.094936e-02 3.880074e+00 1.155267e-02)) ((2.715162e+02 8.994271e+00 -9.824564e+00) (-4.327975e-02 -1.005065e-02 -1.877252e-03))
503.9         	((-3.368182e+01 1.171442e+03 -3.722638e+02) (-5.160083e-02 3.880417e+00 1.177498e-02)) ((2.714851e+02 8.999350e+00 -9.831222e+00) (-4.320053e-02 -1.003539e-02 -2.575931e-03))
503.91        	((-3.369468e+01 1.171442e+03 -3.722068e+02) (-5.142756e-02 3.879843e+00 1.130784e-02)) ((2.714547e+02 8.977371e+00 -9.810500e+00) (-4.339087e-02 -9.877063e-03 -1.972458e-03))
503.92        	((-3.368055e+01 1.171413e+03 -3.721415e+02) (-5.188265e-02 3.880550e+00 1.134132e-02)) ((2.714158e+02 8.979809e+00 -9.815871e+00) (-4.309272e-02 -9.921995e-03 -2.502605e-03))
503.93        	((-3.366715e+01 1.171412e+03 -3.720724e+02) (-5.156860e-02 3.880256e+00 1.113739e-02)) ((2.713842e+02 8.946359e+00 -9.789974e+00) (-4.318838e-02 -9.840186e-03 -1.824365e-03))
503.94        	((-3.364966e+01 1.171398e+03 -3.720260e+02) (-5.225002e-02 3.880518e+00 1.136541e-02)) ((2.713521e+02 8.950272e+00 -9.794045e+00) (-4.314486e-02 -9.804564e-03 -2.546025e-03))
503.95        	((-3.364863e+01 1.171390e+03 -3.719648e+02) (-5.204970e-02 3.880007e+00 1.086442e-02)) ((2.713188e+02 8.924026e+00 -9.770575e+00) (-4.330029e-02 -9.640793e-03 -1.923995e-03))
503.96        	((-3.360893e+01 1.171360e+03 -3.718978e+02) (-5.243430e-02 3.880779e+00 1.100839e-02)) ((2.712806e+02 8.917839e+00 -9.770582e+00) (-4.299149e-02 -9.732734e-03 -2.426621e-03))
503.97        	((-3.358248e+01 1.171356e+03 -3.718276e+02) (-5.222856e-02 3.880262e+00 1.078909e-02)) ((2.712483e+02 8.880570e+00 -9.741442e+00) (-4.317936e-02 -9.590566e-03 -1.817643e-03))
503.98        	((-3.354915e+01 1.171336e+03 -3.717724e+02) (-5.285406e-02 3.880621e+00 1.098399e-02)) ((2.712131e+02 8.877990e+00 -9.742124e+00) (-4.308652e-02 -9.562652e-03 -2.506294e-03))
503.99        	((-3.352187e+01 1.171327e+03 -3.716948e+02) (-5.249171e-02 3.880391e+00 1.047340e-02)) ((2.711772e+02 8.839635e+00 -9.713339e+00) (-4.311657e-02 -9.457211e-03 -1.790205e-03))
504           	((-3.346558e+01 1.171306e+03 -3.716251e+02) (-5.296459e-02 3.880834e+00 1.067660e-02)) ((2.711411e+02 8.827069e+00 -9.709463e+00) (-4.295851e-02 -9.513941e-03 -2.381808e-03))
504.01        	((-3.342875e+01 1.171304e+03 -3.715595e+02) (-5.275893e-02 3.880196e+00 1.045040e-02)) ((2.711102e+02 8.787749e+00 -9.678160e+00) (-4.319609e-02 -9.360710e-03 -1.801223e-03))
504.02        	((-3.337739e+01 1.171282e+03 -3.715013e+02) (-5.332120e-02 3.880606e+00 1.060495e-02)) ((2.710738e+02 8.778786e+00 -9.675997e+00) (-4.307196e-02 -9.341538e-03 -2.468287e-03))
504.03        	((-3.331715e+01 1.171276e+03 -3.714162e+02) (-5.281901e-02 3.880518e+00 1.016262e-02)) ((2.710387e+02 8.727719e+00 -9.641321e+00) (-4.305004e-02 -9.304484e-03 -1.695894e-03))
504.04        	((-3.323893e+01 1.171251e+03 -3.713407e+02) (-5.337199e-02 3.880720e+00 1.037893e-02)) ((2.710023e+02 8.707134e+00 -9.633155e+00) (-4.299636e-02 -9.320878e-03 -2.354824e-03))
504.05        	((-3.318405e+01 1.171247e+03 -3.712687e+02) (-5.312078e-02 3.880113e+00 1.013890e-02)) ((2.709703e+02 8.660714e+00 -9.598197e+00) (-4.321516e-02 -9.177121e-03 -1.757746e-03))
504.06        	((-3.311010e+01 1.171227e+03 -3.711988e+02) (-5.354511e-02 3.880737e+00 1.026544e-02)) ((2.709332e+02 8.641718e+00 -9.591416e+00) (-4.299182e-02 -9.205476e-03 -2.347358e-03))
504.07        	((-3.303346e+01 1.171229e+03 -3.711134e+02) (-5.307015e-02 3.880436e+00 9.886188e-03)) ((2.709012e+02 8.584898e+00 -9.552543e+00) (-4.307200e-02 -9.165189e-03 -1.625815e-03))
504.08        	((-3.294656e+01 1.171208e+03 -3.710452e+02) (-5.362966e-02 3.880479e+00 1.008705e-02)) ((2.708676e+02 8.563686e+00 -9.542123e+00) (-4.308576e-02 -9.169512e-03 -2.321105e-03))
504.09        	((-3.287782e+01 1.171202e+03 -3.709758e+02) (-5.330951e-02 3.879862e+00 9.789067e-03)) ((2.708363e+02 8.514235e+00 -9.504919e+00) (-4.329983e-02 -9.037338e-03 -1.716521e-03))
504.1         	((-3.277833e+01 1.171183e+03 -3.709020e+02) (-5.355947e-02 3.880660e+00 9.926611e-03)) ((2.708005e+02 8.486181e+00 -9.493530e+00) (-4.300253e-02 -9.137352e-03 -2.236530e-03))
504.11        	((-3.268241e+01 1.171186e+03 -3.708171e+02) (-5.314195e-02 3.880092e+00 9.560599e-03)) ((2.707708e+02 8.424193e+00 -9.451489e+00) (-4.319925e-02 -9.066978e-03 -1.589212e-03))
504.12        	((-3.258159e+01 1.171164e+03 -3.707501e+02) (-5.364723e-02 3.880127e+00 9.739468e-03)) ((2.707382e+02 8.399621e+00 -9.438983e+00) (-4.321091e-02 -9.081218e-03 -2.278862e-03))
504.13        	((-3.249716e+01 1.171157e+03 -3.706749e+02) (-5.323268e-02 3.879637e+00 9.419029e-03)) ((2.707066e+02 8.344507e+00 -9.399320e+00) (-4.336312e-02 -8.977594e-03 -1.630570e-03))
504.14        	((-3.237974e+01 1.171144e+03 -3.706026e+02) (-5.344309e-02 3.880405e+00 9.635011e-03)) ((2.706740e+02 8.311290e+00 -9.384807e+00) (-4.308999e-02 -9.104422e-03 -2.150577e-03))
504.15        	((-3.227918e+01 1.171150e+03 -3.705243e+02) (-5.308670e-02 3.879662e+00 9.284974e-03)) ((2.706471e+02 8.249838e+00 -9.341851e+00) (-4.336232e-02 -9.003612e-03 -1.555531e-03))
504.16        	((-3.217097e+01 1.171128e+03 -3.704610e+02) (-5.356262e-02 3.879747e+00 9.455804e-03)) ((2.706160e+02 8.224286e+00 -9.328581e+00) (-4.334803e-02 -9.020684e-03 -2.229816e-03))
504.17        	((-3.206824e+01 1.171124e+03 -3.703778e+02) (-5.301044e-02 3.879573e+00 9.111213e-03)) ((2.705848e+02 8.161755e+00 -9.286369e+00) (-4.335488e-02 -8.964127e-03 -1.485499e-03))
504.18        	((-3.193818e+01 1.171119e+03 -3.703066e+02) (-5.331466e-02 3.880116e+00 9.452769e-03)) ((2.705562e+02 8.125024e+00 -9.269795e+00) (-4.319630e-02 -9.070433e-03 -2.071949e-03))
504.19        	((-3.183480e+01 1.171125e+03 -3.702371e+02) (-5.300528e-02 3.879284e+00 9.136006e-03)) ((2.705320e+02 8.065322e+00 -9.226998e+00) (-4.350916e-02 -8.949439e-03 -1.505578e-03))
504.2         	((-3.172315e+01 1.171101e+03 -3.701768e+02) (-5.345660e-02 3.879442e+00 9.307182e-03)) ((2.705011e+02 8.039927e+00 -9.213965e+00) (-4.345822e-02 -8.969146e-03 -2.158811e-03))
504.21        	((-3.160588e+01 1.171100e+03 -3.700984e+02) (-5.283239e-02 3.879359e+00 9.097641e-03)) ((2.704732e+02 7.973571e+00 -9.169569e+00) (-4.344404e-02 -8.968528e-03 -1.382465e-03))
504.22        	((-3.147463e+01 1.171091e+03 -3.700328e+02) (-5.322756e-02 3.879711e+00 9.438154e-03)) ((2.704465e+02 7.938188e+00 -9.152966e+00) (-4.336452e-02 -9.027203e-03 -2.028802e-03))
504.23        	((-3.136647e+01 1.171095e+03 -3.699643e+02) (-5.286355e-02 3.878965e+00 9.109361e-03)) ((2.704231e+02 7.877359e+00 -9.109949e+00) (-4.363267e-02 -8.920313e-03 -1.435499e-03))
504.24        	((-3.124286e+01 1.171076e+03 -3.699001e+02) (-5.319136e-02 3.879329e+00 9.283539e-03)) ((2.703948e+02 7.846857e+00 -9.095379e+00) (-4.348891e-02 -8.987203e-03 -2.021160e-03))
504.25        	((-3.112021e+01 1.171083e+03 -3.698293e+02) (-5.260778e-02 3.879045e+00 9.133579e-03)) ((2.703717e+02 7.779952e+00 -9.050577e+00) (-4.356892e-02 -8.977495e-03 -1.299412e-03))
504.26        	((-3.099209e+01 1.171083e+03 -3.697794e+02) (-5.301670e-02 3.879284e+00 9.480635e-03)) ((2.703498e+02 7.748760e+00 -9.035335e+00) (-4.353824e-02 -9.026239e-03 -1.976211e-03))
504.27        	((-3.088410e+01 1.171089e+03 -3.697225e+02) (-5.261835e-02 3.878560e+00 9.127902e-03)) ((2.703289e+02 7.690528e+00 -8.993757e+00) (-4.379288e-02 -8.925088e-03 -1.377157e-03))
504.28        	((-3.075012e+01 1.171071e+03 -3.696580e+02) (-5.280845e-02 3.879175e+00 9.286066e-03)) ((2.703015e+02 7.656229e+00 -8.978552e+00) (-4.353805e-02 -9.042852e-03 -1.885155e-03))
504.29        	((-3.062170e+01 1.171082e+03 -3.695919e+02) (-5.229527e-02 3.878688e+00 9.206422e-03)) ((2.702824e+02 7.588188e+00 -8.933584e+00) (-4.371735e-02 -9.015159e-03 -1.226906e-03))
504.3         	((-3.049493e+01 1.171083e+03 -3.695517e+02) (-5.271157e-02 3.878879e+00 9.557991e-03)) ((2.702644e+02 7.559590e+00 -8.919586e+00) (-4.370918e-02 -9.056223e-03 -1.919746e-03))
504.31        	((-3.038688e+01 1.171089e+03 -3.694985e+02) (-5.226996e-02 3.878240e+00 9.182715e-03)) ((2.702454e+02 7.501996e+00 -8.879416e+00) (-4.392204e-02 -8.965084e-03 -1.299526e-03))
504.32        	((-3.024784e+01 1.171076e+03 -3.694415e+02) (-5.239690e-02 3.878916e+00 9.439130e-03)) ((2.702228e+02 7.467355e+00 -8.864474e+00) (-4.365704e-02 -9.127144e-03 -1.787086e-03))
504.33        	((-3.012513e+01 1.171088e+03 -3.693850e+02) (-5.196685e-02 3.878256e+00 9.359061e-03)) ((2.702071e+02 7.403693e+00 -8.821538e+00) (-4.391072e-02 -9.059569e-03 -1.189108e-03))
504.34        	((-3.000323e+01 1.171088e+03 -3.693492e+02) (-5.234087e-02 3.878538e+00 9.690610e-03)) ((2.701913e+02 7.378209e+00 -8.809707e+00) (-4.385935e-02 -9.109704e-03 -1.857478e-03))
504.35        	((-2.989119e+01 1.171098e+03 -3.692927e+02) (-5.179100e-02 3.878135e+00 9.301047e-03)) ((2.701749e+02 7.318791e+00 -8.769922e+00) (-4.396611e-02 -9.059178e-03 -1.169181e-03))
504.36        	((-2.975379e+01 1.171092e+03 -3.692427e+02) (-5.198107e-02 3.878611e+00 9.626693e-03)) ((2.701585e+02 7.285974e+00 -8.755737e+00) (-4.379918e-02 -9.204427e-03 -1.717162e-03))
504.37        	((-2.964196e+01 1.171104e+03 -3.691986e+02) (-5.157902e-02 3.877855e+00 9.545500e-03)) ((2.701477e+02 7.228738e+00 -8.715493e+00) (-4.409244e-02 -9.122623e-03 -1.151481e-03))
504.38        	((-2.952760e+01 1.171100e+03 -3.691692e+02) (-5.191070e-02 3.878206e+00 9.854714e-03)) ((2.701346e+02 7.207125e+00 -8.705976e+00) (-4.400534e-02 -9.181509e-03 -1.801659e-03))
504.39        	((-2.941378e+01 1.171109e+03 -3.691123e+02) (-5.125516e-02 3.877990e+00 9.502498e-03)) ((2.701212e+02 7.146707e+00 -8.666611e+00) (-4.403378e-02 -9.182379e-03 -1.058986e-03))
504.4         	((-2.928530e+01 1.171103e+03 -3.690652e+02) (-5.152698e-02 3.878278e+00 9.869629e-03)) ((2.701089e+02 7.117469e+00 -8.654094e+00) (-4.395179e-02 -9.295351e-03 -1.669367e-03))
504.41        	((-2.918391e+01 1.171115e+03 -3.690263e+02) (-5.112107e-02 3.877527e+00 9.787694e-03)) ((2.701017e+02 7.065257e+00 -8.616253e+00) (-4.423849e-02 -9.211752e-03 -1.108488e-03))
504.42        	((-2.907586e+01 1.171112e+03 -3.689959e+02) (-5.138386e-02 3.878027e+00 1.008267e-02)) ((2.700914e+02 7.045834e+00 -8.608365e+00) (-4.408120e-02 -9.291137e-03 -1.716899e-03))
504.43        	((-2.896673e+01 1.171123e+03 -3.689434e+02) (-5.070691e-02 3.877795e+00 9.807104e-03)) ((2.700831e+02 6.988065e+00 -8.570256e+00) (-4.412477e-02 -9.314006e-03 -9.803058e-04))
504.44        	((-2.885386e+01 1.171116e+03 -3.689056e+02) (-5.103229e-02 3.877948e+00 1.018540e-02)) ((2.700755e+02 6.966454e+00 -8.561100e+00) (-4.409965e-02 -9.398789e-03 -1.636208e-03))
504.45        	((-2.876674e+01 1.171122e+03 -3.688728e+02) (-5.060781e-02 3.877236e+00 1.009413e-02)) ((2.700712e+02 6.920909e+00 -8.527041e+00) (-4.436198e-02 -9.316223e-03 -1.071158e-03))
504.46        	((-2.866655e+01 1.171115e+03 -3.688382e+02) (-5.075227e-02 3.878004e+00 1.036348e-02)) ((2.700628e+02 6.903349e+00 -8.521440e+00) (-4.407805e-02 -9.433376e-03 -1.601699e-03))
504.47        	((-2.856988e+01 1.171127e+03 -3.687899e+02) (-5.014749e-02 3.877587e+00 1.019005e-02)) ((2.700593e+02 6.850580e+00 -8.485733e+00) (-4.421209e-02 -9.441462e-03 -9.281401e-04))
504.48        	((-2.847913e+01 1.171117e+03 -3.687624e+02) (-5.050164e-02 3.877689e+00 1.058751e-02)) ((2.700557e+02 6.838625e+00 -8.480781e+00) (-4.420654e-02 -9.509723e-03 -1.607100e-03))
504.49        	((-2.841282e+01 1.171118e+03 -3.687346e+02) (-5.005685e-02 3.877063e+00 1.049379e-02)) ((2.700532e+02 6.801048e+00 -8.451062e+00) (-4.442347e-02 -9.430280e-03 -1.027432e-03))
504.5         	((-2.832422e+01 1.171113e+03 -3.687044e+02) (-5.013008e-02 3.878021e+00 1.086252e-02)) ((2.700489e+02 6.787424e+00 -8.447838e+00) (-4.406762e-02 -9.593387e-03 -1.508144e-03))
504.51        	((-2.824866e+01 1.171124e+03 -3.686638e+02) (-4.964823e-02 3.877460e+00 1.073312e-02)) ((2.700495e+02 6.742771e+00 -8.416358e+00) (-4.426130e-02 -9.550553e-03 -8.971965e-04))
504.52        	((-2.817960e+01 1.171111e+03 -3.686425e+02) (-5.000030e-02 3.877690e+00 1.116084e-02)) ((2.700487e+02 6.738351e+00 -8.415894e+00) (-4.419520e-02 -9.616092e-03 -1.553840e-03))
504.53        	((-2.813040e+01 1.171111e+03 -3.686136e+02) (-4.952662e-02 3.877297e+00 1.111345e-02)) ((2.700481e+02 6.704762e+00 -8.389696e+00) (-4.430663e-02 -9.551305e-03 -9.253598e-04))
504.54        	((-2.805935e+01 1.171107e+03 -3.685882e+02) (-4.963134e-02 3.878309e+00 1.159795e-02)) ((2.700479e+02 6.696196e+00 -8.389427e+00) (-4.393698e-02 -9.716381e-03 -1.406798e-03))
504.55        	((-2.800884e+01 1.171115e+03 -3.685577e+02) (-4.924681e-02 3.877721e+00 1.153515e-02)) ((2.700516e+02 6.660513e+00 -8.362348e+00) (-4.414527e-02 -9.638696e-03 -8.319202e-04))
504.56        	((-2.796066e+01 1.171092e+03 -3.685437e+02) (-4.962896e-02 3.878118e+00 1.200800e-02)) ((2.700516e+02 6.662809e+00 -8.366158e+00) (-4.400912e-02 -9.693292e-03 -1.468743e-03))
504.57        	((-2.791770e+01 1.171085e+03 -3.685131e+02) (-4.912796e-02 3.878171e+00 1.200532e-02)) ((2.700515e+02 6.628820e+00 -8.341649e+00) (-4.393152e-02 -9.647319e-03 -7.483842e-04))
504.58        	((-2.784562e+01 1.171083e+03 -3.684972e+02) (-4.934385e-02 3.879103e+00 1.260169e-02)) ((2.700568e+02 6.618960e+00 -8.341819e+00) (-4.361690e-02 -9.794889e-03 -1.262370e-03))
504.59        	((-2.780086e+01 1.171094e+03 -3.684848e+02) (-4.904097e-02 3.878385e+00 1.250512e-02)) ((2.700657e+02 6.586306e+00 -8.316982e+00) (-4.388075e-02 -9.687493e-03 -7.224357e-04))
504.6         	((-2.775885e+01 1.171076e+03 -3.684866e+02) (-4.945057e-02 3.878721e+00 1.289799e-02)) ((2.700698e+02 6.591538e+00 -8.323074e+00) (-4.375991e-02 -9.728919e-03 -1.357186e-03))
504.61        	((-2.771648e+01 1.171074e+03 -3.684707e+02) (-4.891347e-02 3.878658e+00 1.285709e-02)) ((2.700736e+02 6.558102e+00 -8.299410e+00) (-4.372534e-02 -9.711682e-03 -6.277441e-04))
504.62        	((-2.765586e+01 1.171075e+03 -3.684721e+02) (-4.925797e-02 3.879265e+00 1.340879e-02)) ((2.700822e+02 6.553639e+00 -8.301760e+00) (-4.354171e-02 -9.806785e-03 -1.219367e-03))
504.63        	((-2.761358e+01 1.171089e+03 -3.684776e+02) (-4.896651e-02 3.878511e+00 1.327185e-02)) ((2.700949e+02 6.523317e+00 -8.278290e+00) (-4.380860e-02 -9.696686e-03 -6.743316e-04))
504.64        	((-2.755821e+01 1.171083e+03 -3.684936e+02) (-4.929844e-02 3.878933e+00 1.362422e-02)) ((2.701043e+02 6.523780e+00 -8.283670e+00) (-4.364071e-02 -9.770554e-03 -1.266961e-03))
504.65        	((-2.749424e+01 1.171103e+03 -3.685011e+02) (-4.871184e-02 3.878793e+00 1.360921e-02)) ((2.701173e+02 6.484174e+00 -8.258450e+00) (-4.364345e-02 -9.787406e-03 -5.452943e-04))
504.66        	((-2.742202e+01 1.171127e+03 -3.685335e+02) (-4.904748e-02 3.879178e+00 1.410542e-02)) ((2.701352e+02 6.478643e+00 -8.260898e+00) (-4.354767e-02 -9.879247e-03 -1.186845e-03))
504.67        	((-2.737050e+01 1.171161e+03 -3.685683e+02) (-4.868475e-02 3.878352e+00 1.388822e-02)) ((2.701542e+02 6.448180e+00 -8.238059e+00) (-4.383213e-02 -9.787932e-03 -6.473115e-04))
504.68        	((-2.730371e+01 1.171179e+03 -3.686029e+02) (-4.887374e-02 3.878880e+00 1.414622e-02)) ((2.701688e+02 6.445734e+00 -8.243102e+00) (-4.360016e-02 -9.906269e-03 -1.189338e-03))
504.69        	((-2.723263e+01 1.171228e+03 -3.686351e+02) (-4.827904e-02 3.878481e+00 1.415204e-02)) ((2.701908e+02 6.406193e+00 -8.217564e+00) (-4.371581e-02 -9.935673e-03 -5.252781e-04))
504.7         	((-2.716314e+01 1.171273e+03 -3.686944e+02) (-4.859366e-02 3.878716e+00 1.462046e-02)) ((2.702168e+02 6.405524e+00 -8.221693e+00) (-4.367621e-02 -1.002871e-02 -1.201840e-03))
504.71        	((-2.711410e+01 1.171314e+03 -3.687467e+02) (-4.813597e-02 3.877885e+00 1.435993e-02)) ((2.702400e+02 6.378800e+00 -8.200816e+00) (-4.395046e-02 -9.967067e-03 -6.572930e-04))
504.72        	((-2.704395e+01 1.171323e+03 -3.687897e+02) (-4.813909e-02 3.878541e+00 1.463415e-02)) ((2.702552e+02 6.376691e+00 -8.206262e+00) (-4.366223e-02 -1.016488e-02 -1.150147e-03))
504.73        	((-2.698280e+01 1.171344e+03 -3.688280e+02) (-4.755215e-02 3.877884e+00 1.464276e-02)) ((2.702743e+02 6.343492e+00 -8.183220e+00) (-4.388541e-02 -1.018866e-02 -5.594161e-04))
504.74        	((-2.693033e+01 1.171348e+03 -3.688884e+02) (-4.777011e-02 3.878086e+00 1.506767e-02)) ((2.702935e+02 6.351399e+00 -8.191261e+00) (-4.384909e-02 -1.031043e-02 -1.235404e-03))
504.75        	((-2.690109e+01 1.171350e+03 -3.689329e+02) (-4.720085e-02 3.877326e+00 1.475551e-02)) ((2.703090e+02 6.332089e+00 -8.174632e+00) (-4.408014e-02 -1.028714e-02 -6.625474e-04))
504.76        	((-2.685334e+01 1.171332e+03 -3.689735e+02) (-4.713695e-02 3.877964e+00 1.505513e-02)) ((2.703215e+02 6.338017e+00 -8.184124e+00) (-4.380711e-02 -1.052288e-02 -1.153008e-03))
504.77        	((-2.682785e+01 1.171335e+03 -3.690153e+02) (-4.659692e-02 3.877148e+00 1.502403e-02)) ((2.703388e+02 6.317598e+00 -8.167190e+00) (-4.409562e-02 -1.052496e-02 -6.116339e-04))
504.78        	((-2.681240e+01 1.171325e+03 -3.690767e+02) (-4.678839e-02 3.877410e+00 1.539399e-02)) ((2.703555e+02 6.336726e+00 -8.181355e+00) (-4.403029e-02 -1.065323e-02 -1.272317e-03))
504.79        	((-2.681372e+01 1.171321e+03 -3.691134e+02) (-4.614363e-02 3.876872e+00 1.503973e-02)) ((2.703682e+02 6.323219e+00 -8.169194e+00) (-4.416087e-02 -1.066226e-02 -6.368161e-04))
504.8         	((-2.679889e+01 1.171306e+03 -3.691536e+02) (-4.615529e-02 3.877379e+00 1.542247e-02)) ((2.703808e+02 6.336654e+00 -8.182848e+00) (-4.395845e-02 -1.088989e-02 -1.167265e-03))
504.81        	((-2.681217e+01 1.171313e+03 -3.692004e+02) (-4.568859e-02 3.876473e+00 1.540100e-02)) ((2.703980e+02 6.327025e+00 -8.171262e+00) (-4.428668e-02 -1.087124e-02 -6.540828e-04))
504.82        	((-2.682964e+01 1.171313e+03 -3.692641e+02) (-4.589625e-02 3.876780e+00 1.574477e-02)) ((2.704141e+02 6.353930e+00 -8.189953e+00) (-4.420059e-02 -1.099649e-02 -1.300192e-03))
504.83        	((-2.685073e+01 1.171325e+03 -3.693003e+02) (-4.521039e-02 3.876416e+00 1.541050e-02)) ((2.704275e+02 6.342505e+00 -8.179963e+00) (-4.426240e-02 -1.104069e-02 -6.074837e-04))
504.84        	((-2.686011e+01 1.171330e+03 -3.693467e+02) (-4.538241e-02 3.876716e+00 1.581293e-02)) ((2.704425e+02 6.360771e+00 -8.196213e+00) (-4.415987e-02 -1.121543e-02 -1.202849e-03))
504.85        	((-2.689500e+01 1.171355e+03 -3.694038e+02) (-4.501063e-02 3.875836e+00 1.577462e-02)) ((2.704614e+02 6.355941e+00 -8.187563e+00) (-4.448202e-02 -1.116683e-02 -6.886076e-04))
504.86        	((-2.692552e+01 1.171372e+03 -3.694719e+02) (-4.529559e-02 3.876331e+00 1.610203e-02)) ((2.704773e+02 6.383790e+00 -8.208028e+00) (-4.432213e-02 -1.127043e-02 -1.294537e-03))
504.87        	((-2.695004e+01 1.171406e+03 -3.695197e+02) (-4.473556e-02 3.876016e+00 1.582461e-02)) ((2.704941e+02 6.371585e+00 -8.198261e+00) (-4.438298e-02 -1.129771e-02 -5.936540e-04))
504.88        	((-2.696780e+01 1.171430e+03 -3.695823e+02) (-4.511933e-02 3.876260e+00 1.620187e-02)) ((2.705129e+02 6.392817e+00 -8.215934e+00) (-4.431421e-02 -1.139227e-02 -1.220432e-03))
504.89        	((-2.700553e+01 1.171471e+03 -3.696527e+02) (-4.483331e-02 3.875491e+00 1.612621e-02)) ((2.705349e+02 6.388813e+00 -8.208033e+00) (-4.459082e-02 -1.131368e-02 -6.867960e-04))
504.9         	((-2.702799e+01 1.171496e+03 -3.697233e+02) (-4.512704e-02 3.876223e+00 1.639691e-02)) ((2.705525e+02 6.411997e+00 -8.227381e+00) (-4.432257e-02 -1.141492e-02 -1.221257e-03))
504.91        	((-2.704372e+01 1.171531e+03 -3.697783e+02) (-4.467317e-02 3.875759e+00 1.617192e-02)) ((2.705717e+02 6.397079e+00 -8.216059e+00) (-4.445683e-02 -1.141603e-02 -5.656570e-04))
504.92        	((-2.705576e+01 1.171542e+03 -3.698509e+02) (-4.513636e-02 3.875908e+00 1.652219e-02)) ((2.705900e+02 6.418963e+00 -8.233392e+00) (-4.442417e-02 -1.147584e-02 -1.224619e-03))
504.93        	((-2.708373e+01 1.171567e+03 -3.699249e+02) (-4.486732e-02 3.875156e+00 1.637431e-02)) ((2.706103e+02 6.413451e+00 -8.224994e+00) (-4.467678e-02 -1.138365e-02 -6.791459e-04))
504.94        	((-2.708456e+01 1.171585e+03 -3.699951e+02) (-4.508339e-02 3.876059e+00 1.664478e-02)) ((2.706284e+02 6.430382e+00 -8.241755e+00) (-4.433133e-02 -1.151775e-02 -1.163762e-03))
504.95        	((-2.708785e+01 1.171620e+03 -3.700559e+02) (-4.472831e-02 3.875376e+00 1.640528e-02)) ((2.706511e+02 6.413644e+00 -8.229078e+00) (-4.455588e-02 -1.147253e-02 -5.747653e-04))
504.96        	((-2.709058e+01 1.171634e+03 -3.701368e+02) (-4.518353e-02 3.875513e+00 1.670561e-02)) ((2.706730e+02 6.435251e+00 -8.246000e+00) (-4.451645e-02 -1.152347e-02 -1.238760e-03))
504.97        	((-2.710554e+01 1.171663e+03 -3.702116e+02) (-4.485557e-02 3.874863e+00 1.650165e-02)) ((2.706950e+02 6.426886e+00 -8.236457e+00) (-4.471236e-02 -1.144228e-02 -6.621525e-04))
504.98        	((-2.709169e+01 1.171691e+03 -3.702883e+02) (-4.502604e-02 3.875751e+00 1.681259e-02)) ((2.707177e+02 6.441116e+00 -8.251680e+00) (-4.437754e-02 -1.160267e-02 -1.148523e-03))
504.99        	((-2.709152e+01 1.171735e+03 -3.703578e+02) (-4.471374e-02 3.874901e+00 1.653746e-02)) ((2.707435e+02 6.426877e+00 -8.239256e+00) (-4.466700e-02 -1.152824e-02 -6.094298e-04))
505           	((-2.709273e+01 1.171757e+03 -3.704431e+02) (-4.512025e-02 3.875063e+00 1.678213e-02)) ((2.707674e+02 6.450741e+00 -8.257110e+00) (-4.460675e-02 -1.158522e-02 -1.267698e-03))
