# Forces      
# CofR        : (0.000000e+00 0.000000e+00 0.000000e+00)
# Time        forces(pressure viscous)	moments(pressure viscous)
500           	((-2.030176e+00 1.027432e+04 8.474077e+03) (-1.439665e-04 4.030634e+00 2.137754e-01)) ((2.642967e+03 -1.059416e-01 1.820377e-01) (2.645763e-01 2.345601e-05 -4.168923e-06))
500.01        	((4.450678e+00 7.926177e+03 6.538269e+03) (-1.747435e-03 3.099442e+00 1.055995e-01)) ((1.671834e+03 -2.086695e-01 -3.752337e-01) (-4.877999e-05 1.636881e-04 8.453644e-04))
500.02        	((9.461597e+00 1.223767e+03 3.493600e+02) (-2.457212e-03 2.251420e+00 -7.084365e-02)) ((-4.109030e+02 5.543395e-01 -3.423843e-01) (-2.408532e-01 9.838940e-04 1.502822e-03))
500.03        	((6.440676e+00 -3.176222e+03 -3.372128e+03) (-8.574074e-04 2.150090e+00 -2.072963e-01)) ((-1.606695e+03 1.413815e+00 -1.750680e-01) (-2.817192e-01 1.046261e-03 1.025836e-03))
500.04        	((2.230280e+00 -2.668198e+03 -2.502616e+03) (8.206913e-03 3.150311e+00 -1.689328e-01)) ((-1.110682e+03 1.011510e+00 -1.762659e-01) (5.266917e-03 -4.468665e-04 3.289085e-04))
500.05        	((-1.264202e+00 1.625831e+02 4.227138e+02) (1.296884e-02 4.512347e+00 1.393553e-01)) ((3.120962e+01 9.022651e-01 6.167324e-01) (4.002505e-01 -1.284599e-03 9.522186e-04))
500.06        	((9.523495e-01 2.299290e+03 2.391025e+03) (9.319500e-04 5.093574e+00 4.775401e-01)) ((6.988950e+02 -7.577458e-02 6.992737e-01) (4.972287e-01 1.879129e-03 4.201084e-03))
500.07        	((3.840705e+00 2.557116e+03 2.320704e+03) (3.206654e-03 4.682686e+00 6.060227e-01)) ((5.478621e+02 -5.543218e-01 3.441369e-01) (2.132067e-01 -1.073837e-03 3.781905e-04))
500.08        	((5.058009e+00 1.600657e+03 1.161852e+03) (-5.576042e-03 3.959811e+00 6.414172e-01)) ((-7.537259e+00 -6.412681e-01 -5.585169e-01) (-1.706393e-01 1.049454e-03 4.690967e-03))
500.09        	((3.457372e+00 6.223287e+02 2.574763e+02) (-1.643897e-02 3.691048e+00 5.747673e-01)) ((-4.029439e+02 -9.491504e-02 -3.672137e-01) (-4.015290e-01 6.451317e-03 9.399656e-03))
500.1         	((6.511085e-01 2.579441e+02 1.272523e+02) (5.012865e-03 4.145481e+00 6.389391e-01)) ((-4.109321e+02 7.108436e-01 2.661205e-01) (-3.060537e-01 9.067209e-04 -2.808409e-03))
500.11        	((-5.870874e-01 5.646739e+02 6.191675e+02) (1.921615e-02 4.989183e+00 8.526785e-01)) ((-1.513923e+02 8.223547e-01 2.691539e-01) (-1.990274e-02 -3.041378e-03 -7.641021e-03))
500.12        	((-2.048218e-01 9.939931e+02 1.048274e+03) (2.101413e-02 5.646299e+00 1.191633e+00)) ((7.308706e+01 3.186320e-01 -4.074074e-01) (2.312429e-01 -3.099461e-03 -1.466203e-02))
500.13        	((8.526767e-01 1.201936e+03 1.085267e+03) (1.302071e-02 5.665998e+00 1.408684e+00)) ((1.116815e+02 -5.477531e-01 -1.021180e+00) (1.820750e-01 -2.159927e-03 -9.918859e-03))
500.14        	((7.867967e-01 1.159522e+03 8.586454e+02) (2.997012e-03 5.572819e+00 1.505043e+00)) ((-1.215567e-01 -9.042164e-01 -9.918937e-01) (5.341649e-02 1.635876e-04 -3.024044e-03))
500.15        	((8.499004e-02 1.029450e+03 6.486098e+02) (-1.970069e-03 5.548805e+00 1.509640e+00)) ((-1.287362e+02 -6.730720e-01 -5.919522e-01) (-6.559238e-02 1.632652e-03 1.216941e-03))
500.16        	((-5.609414e-01 9.505610e+02 5.810473e+02) (-3.696567e-03 5.650667e+00 1.508932e+00)) ((-1.775647e+02 -2.537570e-01 -4.346243e-01) (-1.129225e-01 1.973022e-03 2.237302e-03))
500.17        	((-1.521393e+00 9.534131e+02 6.049342e+02) (-1.176287e-03 5.910128e+00 1.559723e+00)) ((-1.429229e+02 3.022556e-01 -3.089904e-01) (-6.119283e-02 1.204772e-03 1.302880e-04))
500.18        	((-1.331213e+00 9.915493e+02 6.054180e+02) (-1.370455e-03 6.214868e+00 1.644694e+00)) ((-8.301501e+01 1.898807e-01 -5.985702e-01) (3.327806e-02 1.087163e-03 -3.112563e-04))
500.19        	((-7.540913e-01 1.023887e+03 5.452562e+02) (9.265785e-04 6.435751e+00 1.690201e+00)) ((-5.217950e+01 -2.369787e-01 -8.442820e-01) (9.245184e-02 8.998961e-05 -1.404974e-03))
500.2         	((-7.073995e-01 1.044132e+03 4.649386e+02) (9.663411e-04 6.574400e+00 1.672929e+00)) ((-6.469343e+01 -4.772097e-01 -7.696439e-01) (1.064204e-01 -3.278546e-04 -7.672504e-04))
500.21        	((-1.433746e+00 1.065038e+03 4.164275e+02) (1.370279e-03 6.689704e+00 1.621751e+00)) ((-9.944026e+01 -3.815907e-01 -4.884151e-01) (1.006757e-01 1.471051e-04 -1.102840e-03))
500.22        	((-2.384448e+00 1.086853e+03 4.073095e+02) (1.541614e-03 6.821343e+00 1.568110e+00)) ((-1.280667e+02 -1.220435e-01 -2.972232e-01) (1.002333e-01 7.977387e-05 -1.410019e-03))
500.23        	((-2.949851e+00 1.097626e+03 4.052255e+02) (1.542950e-03 6.982308e+00 1.529513e+00)) ((-1.370471e+02 4.351754e-02 -3.669976e-01) (1.155527e-01 -2.849751e-04 -1.301784e-03))
500.24        	((-3.028409e+00 1.090725e+03 3.802917e+02) (1.152317e-03 7.158787e+00 1.495711e+00)) ((-1.314645e+02 2.724583e-02 -6.108892e-01) (1.403900e-01 -2.957239e-04 -1.581339e-03))
500.25        	((-2.817970e+00 1.075966e+03 3.334292e+02) (3.894328e-04 7.327971e+00 1.448289e+00)) ((-1.245011e+02 -9.832116e-02 -8.127629e-01) (1.638766e-01 -3.245723e-04 -1.359068e-03))
500.26        	((-2.618941e+00 1.072397e+03 2.901983e+02) (-6.178717e-04 7.475701e+00 1.375695e+00)) ((-1.253890e+02 -2.059740e-01 -8.410425e-01) (1.796057e-01 -2.123670e-04 -9.640859e-04))
500.27        	((-2.614594e+00 1.090679e+03 2.738751e+02) (-9.877033e-04 7.606416e+00 1.287829e+00)) ((-1.346881e+02 -2.006549e-01 -7.127050e-01) (1.892121e-01 -2.631641e-04 -8.857617e-04))
500.28        	((-2.790818e+00 1.123671e+03 2.869935e+02) (-1.307989e-03 7.735513e+00 1.201597e+00)) ((-1.474899e+02 -1.038944e-01 -5.540368e-01) (1.963484e-01 -2.182857e-04 -7.268803e-04))
500.29        	((-2.962846e+00 1.154514e+03 3.129433e+02) (-1.817543e-03 7.874026e+00 1.129517e+00)) ((-1.583758e+02 2.956584e-02 -4.520873e-01) (2.051258e-01 -1.905515e-04 -6.100249e-04))
500.3         	((-2.923790e+00 1.173877e+03 3.353342e+02) (-2.375014e-03 8.018239e+00 1.070995e+00)) ((-1.648249e+02 1.348251e-01 -4.023507e-01) (2.141501e-01 -4.063995e-05 -3.435853e-04))
500.31        	((-2.646863e+00 1.183557e+03 3.475425e+02) (-2.769923e-03 8.160947e+00 1.018461e+00)) ((-1.682756e+02 2.453884e-01 -3.511768e-01) (2.227042e-01 1.668828e-05 -3.345548e-04))
500.32        	((-2.293780e+00 1.196907e+03 3.605680e+02) (-2.958532e-03 8.303922e+00 9.648314e-01)) ((-1.707720e+02 3.068382e-01 -2.600838e-01) (2.302262e-01 1.755718e-04 5.034326e-05))
500.33        	((-1.957580e+00 1.219510e+03 3.783561e+02) (-2.850802e-03 8.433818e+00 9.111186e-01)) ((-1.750145e+02 4.185340e-01 -1.269528e-01) (2.348802e-01 5.650812e-05 -3.232145e-04))
500.34        	((-1.643327e+00 1.251894e+03 4.058990e+02) (-2.765284e-03 8.560513e+00 8.610084e-01)) ((-1.806471e+02 5.172570e-01 4.617415e-02) (2.372576e-01 -5.327567e-05 3.996067e-05))
500.35        	((-1.459378e+00 1.289641e+03 4.436205e+02) (-2.040900e-03 8.681754e+00 8.214018e-01)) ((-1.861226e+02 6.563061e-01 1.677726e-01) (2.416754e-01 1.799681e-04 -4.150389e-04))
500.36        	((-1.212034e+00 1.331904e+03 4.925134e+02) (-1.966544e-03 8.812174e+00 7.959303e-01)) ((-1.890439e+02 7.624106e-01 2.961569e-01) (2.456332e-01 1.299090e-04 1.100750e-04))
500.37        	((-9.555684e-01 1.376765e+03 5.467189e+02) (-1.699234e-03 8.941679e+00 7.842672e-01)) ((-1.895680e+02 8.805523e-01 3.750263e-01) (2.505488e-01 2.699577e-05 -2.840997e-04))
500.38        	((-5.968613e-01 1.429292e+03 6.066106e+02) (-1.122047e-03 9.075359e+00 7.815165e-01)) ((-1.879695e+02 9.394017e-01 4.306240e-01) (2.552297e-01 1.487869e-04 4.001534e-05))
500.39        	((-3.413633e-01 1.493793e+03 6.728056e+02) (-8.283024e-04 9.203061e+00 7.877364e-01)) ((-1.850509e+02 9.831480e-01 4.517867e-01) (2.596973e-01 5.546507e-05 -1.001555e-05))
500.4         	((-2.357837e-01 1.555161e+03 7.312270e+02) (-5.139003e-05 9.336125e+00 8.006244e-01)) ((-1.849712e+02 1.036087e+00 4.748457e-01) (2.649324e-01 1.100136e-04 -8.980507e-05))
500.41        	((-1.790876e-01 1.596408e+03 7.719133e+02) (5.954964e-04 9.464271e+00 8.244562e-01)) ((-1.911993e+02 1.067925e+00 4.666824e-01) (2.692046e-01 -2.199196e-05 -2.862561e-04))
500.42        	((-4.584525e-02 1.626132e+03 8.052196e+02) (1.223710e-03 9.597594e+00 8.523252e-01)) ((-1.992488e+02 1.115023e+00 4.845041e-01) (2.729173e-01 -1.417703e-04 -3.837531e-04))
500.43        	((-4.160515e-02 1.656732e+03 8.407596e+02) (2.023924e-03 9.723196e+00 8.858425e-01)) ((-2.049274e+02 1.115508e+00 4.252755e-01) (2.763861e-01 -1.271421e-04 -6.557701e-04))
500.44        	((4.960195e-03 1.693345e+03 8.810059e+02) (2.467856e-03 9.853314e+00 9.240579e-01)) ((-2.074785e+02 1.170483e+00 4.487998e-01) (2.784775e-01 -5.151571e-04 -7.891363e-04))
500.45        	((-1.327183e-01 1.733483e+03 9.205722e+02) (3.202543e-03 9.978614e+00 9.676903e-01)) ((-2.091375e+02 1.156217e+00 3.725155e-01) (2.812401e-01 -5.953106e-04 -9.821646e-04))
500.46        	((-2.633891e-01 1.773881e+03 9.566808e+02) (4.100536e-03 1.010833e+01 1.014251e+00)) ((-2.117875e+02 1.124345e+00 3.013377e-01) (2.836164e-01 -6.046935e-04 -1.155504e-03))
500.47        	((-3.249618e-01 1.812161e+03 9.876881e+02) (4.132907e-03 1.023428e+01 1.063903e+00)) ((-2.160718e+02 1.143917e+00 2.856783e-01) (2.867719e-01 -1.226947e-03 -1.617750e-03))
500.48        	((-4.551370e-01 1.847598e+03 1.015234e+03) (5.067789e-03 1.036445e+01 1.114990e+00)) ((-2.211354e+02 1.112691e+00 2.057412e-01) (2.898785e-01 -1.023552e-03 -1.430754e-03))
500.49        	((-5.672917e-01 1.888476e+03 1.047708e+03) (5.615670e-03 1.049182e+01 1.168683e+00)) ((-2.238914e+02 1.095502e+00 1.415660e-01) (2.931643e-01 -1.138359e-03 -1.550381e-03))
500.5         	((-7.197303e-01 1.930839e+03 1.080894e+03) (6.044453e-03 1.062599e+01 1.223831e+00)) ((-2.250724e+02 1.077215e+00 8.600729e-02) (2.970263e-01 -1.286998e-03 -1.716358e-03))
500.51        	((-8.522966e-01 1.967740e+03 1.106465e+03) (6.487582e-03 1.075845e+01 1.281358e+00)) ((-2.270843e+02 1.068586e+00 4.301133e-02) (3.008895e-01 -1.481119e-03 -1.894020e-03))
500.52        	((-9.708182e-01 2.001724e+03 1.128038e+03) (7.009532e-03 1.089603e+01 1.336964e+00)) ((-2.299018e+02 1.058042e+00 6.383339e-03) (3.046499e-01 -1.625460e-03 -1.976990e-03))
500.53        	((-1.194180e+00 2.036049e+03 1.149041e+03) (7.448882e-03 1.102884e+01 1.391988e+00)) ((-2.332009e+02 1.053735e+00 -2.570423e-02) (3.083744e-01 -1.762553e-03 -2.063406e-03))
500.54        	((-1.350222e+00 2.071339e+03 1.171005e+03) (7.755164e-03 1.116364e+01 1.444210e+00)) ((-2.366425e+02 1.042922e+00 -5.691370e-02) (3.123340e-01 -1.924159e-03 -2.068584e-03))
500.55        	((-1.557623e+00 2.105632e+03 1.191278e+03) (8.014306e-03 1.129555e+01 1.496595e+00)) ((-2.404272e+02 1.047808e+00 -7.451521e-02) (3.171966e-01 -2.109500e-03 -2.173463e-03))
500.56        	((-1.934360e+00 2.136890e+03 1.208139e+03) (8.177972e-03 1.143208e+01 1.546773e+00)) ((-2.445058e+02 1.061840e+00 -7.942688e-02) (3.230189e-01 -2.212652e-03 -2.226172e-03))
500.57        	((-2.386611e+00 2.163622e+03 1.219868e+03) (8.090015e-03 1.156481e+01 1.596098e+00)) ((-2.490883e+02 1.075029e+00 -8.711851e-02) (3.292820e-01 -2.258507e-03 -2.245114e-03))
500.58        	((-2.600039e+00 2.188612e+03 1.230489e+03) (8.067250e-03 1.170008e+01 1.641354e+00)) ((-2.534081e+02 1.058033e+00 -1.042543e-01) (3.354795e-01 -2.286093e-03 -2.293180e-03))
500.59        	((-2.641097e+00 2.217183e+03 1.245749e+03) (7.798195e-03 1.183031e+01 1.685231e+00)) ((-2.564554e+02 1.034896e+00 -1.236991e-01) (3.414882e-01 -2.217183e-03 -2.286298e-03))
500.6         	((-2.737330e+00 2.253374e+03 1.270005e+03) (7.782591e-03 1.196520e+01 1.726132e+00)) ((-2.574753e+02 1.011538e+00 -1.354343e-01) (3.481268e-01 -2.191520e-03 -2.262032e-03))
500.61        	((-2.885956e+00 2.292748e+03 1.297188e+03) (7.780137e-03 1.209641e+01 1.769184e+00)) ((-2.579773e+02 9.920224e-01 -1.486354e-01) (3.555036e-01 -2.218604e-03 -2.225933e-03))
500.62        	((-3.029894e+00 2.329278e+03 1.321432e+03) (7.692913e-03 1.223291e+01 1.810452e+00)) ((-2.594457e+02 9.901283e-01 -1.580179e-01) (3.634704e-01 -2.279968e-03 -2.287069e-03))
500.63        	((-3.115378e+00 2.361512e+03 1.341290e+03) (7.658342e-03 1.236315e+01 1.851984e+00)) ((-2.620887e+02 9.888732e-01 -1.575482e-01) (3.708510e-01 -2.203043e-03 -2.554436e-03))
500.64        	((-3.240260e+00 2.391389e+03 1.359902e+03) (7.707841e-03 1.249993e+01 1.891785e+00)) ((-2.650076e+02 1.005556e+00 -1.457553e-01) (3.797700e-01 -2.434975e-03 -2.316415e-03))
500.65        	((-3.385409e+00 2.420478e+03 1.378724e+03) (7.813585e-03 1.263034e+01 1.931352e+00)) ((-2.676815e+02 1.023632e+00 -1.263548e-01) (3.881603e-01 -2.508385e-03 -2.404881e-03))
500.66        	((-3.470705e+00 2.449129e+03 1.398492e+03) (7.802356e-03 1.276175e+01 1.967496e+00)) ((-2.699704e+02 1.048843e+00 -1.028689e-01) (3.958474e-01 -2.553987e-03 -2.537219e-03))
500.67        	((-3.447088e+00 2.477041e+03 1.418184e+03) (7.929228e-03 1.288815e+01 2.005163e+00)) ((-2.721515e+02 1.057027e+00 -7.122230e-02) (4.037470e-01 -2.605582e-03 -2.603854e-03))
500.68        	((-3.418580e+00 2.504329e+03 1.438054e+03) (7.886834e-03 1.301603e+01 2.040534e+00)) ((-2.742840e+02 1.087013e+00 -3.476462e-02) (4.113179e-01 -2.624981e-03 -2.683216e-03))
500.69        	((-3.441318e+00 2.531162e+03 1.457839e+03) (8.210547e-03 1.313893e+01 2.077684e+00)) ((-2.764019e+02 1.116718e+00 5.046077e-03) (4.190098e-01 -2.728462e-03 -2.874318e-03))
500.7         	((-3.506845e+00 2.557539e+03 1.478095e+03) (8.107949e-03 1.326263e+01 2.112190e+00)) ((-2.784312e+02 1.160456e+00 4.873843e-02) (4.261654e-01 -2.676269e-03 -2.869147e-03))
500.71        	((-3.551487e+00 2.583147e+03 1.498175e+03) (8.290449e-03 1.338108e+01 2.148257e+00)) ((-2.803989e+02 1.183267e+00 9.087155e-02) (4.332810e-01 -2.674960e-03 -2.893455e-03))
500.72        	((-3.553810e+00 2.607718e+03 1.517974e+03) (8.113439e-03 1.349965e+01 2.182128e+00)) ((-2.822613e+02 1.213269e+00 1.245080e-01) (4.398935e-01 -2.567542e-03 -2.856786e-03))
500.73        	((-3.552653e+00 2.634244e+03 1.540328e+03) (8.330514e-03 1.361594e+01 2.217622e+00)) ((-2.835206e+02 1.215577e+00 1.629779e-01) (4.468070e-01 -2.531143e-03 -2.859628e-03))
500.74        	((-3.584150e+00 2.659838e+03 1.561936e+03) (8.254582e-03 1.373183e+01 2.251270e+00)) ((-2.848347e+02 1.239181e+00 1.987628e-01) (4.532936e-01 -2.425621e-03 -2.916977e-03))
500.75        	((-3.653652e+00 2.682268e+03 1.580223e+03) (8.706348e-03 1.384239e+01 2.285936e+00)) ((-2.867139e+02 1.226094e+00 2.326230e-01) (4.596497e-01 -2.286511e-03 -3.180710e-03))
500.76        	((-3.743104e+00 2.702439e+03 1.596942e+03) (8.678525e-03 1.395017e+01 2.317259e+00)) ((-2.887094e+02 1.207719e+00 2.767616e-01) (4.649193e-01 -2.124315e-03 -3.405367e-03))
500.77        	((-3.780791e+00 2.721977e+03 1.613981e+03) (8.601645e-03 1.405399e+01 2.350700e+00)) ((-2.902497e+02 1.208705e+00 2.960597e-01) (4.704739e-01 -2.442513e-03 -2.983616e-03))
500.78        	((-3.842962e+00 2.741565e+03 1.631722e+03) (8.460124e-03 1.415945e+01 2.383209e+00)) ((-2.913163e+02 1.222263e+00 2.792247e-01) (4.760580e-01 -2.356122e-03 -2.728591e-03))
500.79        	((-3.947205e+00 2.760863e+03 1.649649e+03) (8.577121e-03 1.426008e+01 2.416958e+00)) ((-2.921494e+02 1.227854e+00 2.647813e-01) (4.815993e-01 -2.329096e-03 -2.863223e-03))
500.8         	((-4.055985e+00 2.779440e+03 1.666793e+03) (8.286869e-03 1.436031e+01 2.449021e+00)) ((-2.930602e+02 1.230186e+00 2.638669e-01) (4.867837e-01 -2.142293e-03 -2.753726e-03))
500.81        	((-4.173130e+00 2.796880e+03 1.682678e+03) (8.271089e-03 1.445511e+01 2.482422e+00)) ((-2.941165e+02 1.225280e+00 2.800779e-01) (4.918149e-01 -2.157337e-03 -2.787293e-03))
500.82        	((-4.258508e+00 2.813220e+03 1.697703e+03) (7.975545e-03 1.454911e+01 2.513204e+00)) ((-2.951732e+02 1.233901e+00 2.949077e-01) (4.962647e-01 -2.090772e-03 -2.499488e-03))
500.83        	((-4.350773e+00 2.828775e+03 1.712052e+03) (7.926510e-03 1.463870e+01 2.546076e+00)) ((-2.960374e+02 1.252193e+00 2.922211e-01) (5.009338e-01 -2.092285e-03 -2.508087e-03))
500.84        	((-4.442008e+00 2.843591e+03 1.725927e+03) (7.563093e-03 1.472753e+01 2.576591e+00)) ((-2.967024e+02 1.272833e+00 2.883102e-01) (5.051038e-01 -1.974463e-03 -2.131526e-03))
500.85        	((-4.539703e+00 2.857786e+03 1.739452e+03) (7.544975e-03 1.481155e+01 2.608510e+00)) ((-2.971588e+02 1.291928e+00 2.837451e-01) (5.092968e-01 -1.871728e-03 -2.252190e-03))
500.86        	((-4.639901e+00 2.871370e+03 1.752368e+03) (7.277637e-03 1.489476e+01 2.637885e+00)) ((-2.975690e+02 1.306714e+00 2.841134e-01) (5.129110e-01 -1.568116e-03 -2.308779e-03))
500.87        	((-4.735373e+00 2.884272e+03 1.764622e+03) (7.236537e-03 1.497232e+01 2.668591e+00)) ((-2.979712e+02 1.321860e+00 2.856589e-01) (5.163628e-01 -1.536341e-03 -2.454717e-03))
500.88        	((-4.810254e+00 2.896432e+03 1.776195e+03) (6.902011e-03 1.504930e+01 2.696631e+00)) ((-2.983818e+02 1.339558e+00 2.895830e-01) (5.192633e-01 -1.459599e-03 -2.121094e-03))
500.89        	((-4.854381e+00 2.907884e+03 1.787158e+03) (6.761149e-03 1.512230e+01 2.726745e+00)) ((-2.987110e+02 1.363229e+00 2.964107e-01) (5.224697e-01 -1.659254e-03 -1.734316e-03))
500.9         	((-4.897867e+00 2.918642e+03 1.797435e+03) (6.492616e-03 1.519564e+01 2.754698e+00)) ((-2.989485e+02 1.390634e+00 2.961505e-01) (5.253881e-01 -1.443153e-03 -1.645513e-03))
500.91        	((-4.938670e+00 2.928779e+03 1.807177e+03) (6.423545e-03 1.526394e+01 2.784220e+00)) ((-2.990431e+02 1.417980e+00 2.972221e-01) (5.283368e-01 -1.438830e-03 -1.723657e-03))
500.92        	((-4.981805e+00 2.938266e+03 1.816321e+03) (6.134029e-03 1.533205e+01 2.811131e+00)) ((-2.990823e+02 1.443666e+00 3.000122e-01) (5.308059e-01 -1.296032e-03 -1.532234e-03))
500.93        	((-5.022122e+00 2.947151e+03 1.824867e+03) (6.162954e-03 1.539567e+01 2.839780e+00)) ((-2.990635e+02 1.470185e+00 3.038654e-01) (5.334311e-01 -1.374004e-03 -1.572477e-03))
500.94        	((-5.059650e+00 2.955425e+03 1.832801e+03) (5.985875e-03 1.545937e+01 2.865838e+00)) ((-2.990601e+02 1.496805e+00 3.065783e-01) (5.356138e-01 -1.298380e-03 -1.379136e-03))
500.95        	((-5.094645e+00 2.963121e+03 1.840175e+03) (6.058450e-03 1.551857e+01 2.893594e+00)) ((-2.990170e+02 1.522791e+00 3.112374e-01) (5.379277e-01 -1.411898e-03 -1.387987e-03))
500.96        	((-5.115653e+00 2.970267e+03 1.847003e+03) (5.830945e-03 1.557776e+01 2.918827e+00)) ((-2.989585e+02 1.544975e+00 3.185877e-01) (5.397854e-01 -1.357406e-03 -1.072702e-03))
500.97        	((-5.121349e+00 2.976805e+03 1.853267e+03) (5.808237e-03 1.563252e+01 2.945904e+00)) ((-2.988356e+02 1.568129e+00 3.251809e-01) (5.418014e-01 -1.458090e-03 -9.616256e-04))
500.98        	((-5.104073e+00 2.982727e+03 1.858886e+03) (5.474911e-03 1.568727e+01 2.970563e+00)) ((-2.986975e+02 1.594241e+00 3.180704e-01) (5.433621e-01 -1.386760e-03 -6.584142e-04))
500.99        	((-5.061479e+00 2.988074e+03 1.863956e+03) (5.266283e-03 1.573749e+01 2.996890e+00)) ((-2.985246e+02 1.618713e+00 2.913605e-01) (5.449447e-01 -1.393340e-03 -6.367410e-04))
501           	((-4.998985e+00 2.992130e+03 1.867813e+03) (4.622644e-03 1.578721e+01 3.020789e+00)) ((-2.984855e+02 1.640905e+00 2.570463e-01) (5.460798e-01 -1.168464e-03 -2.472328e-04))
501.01        	((-4.937529e+00 2.995769e+03 1.871239e+03) (4.299649e-03 1.583306e+01 3.046573e+00)) ((-2.983728e+02 1.662107e+00 2.186902e-01) (5.475045e-01 -1.150179e-03 -1.362567e-04))
501.02        	((-4.872094e+00 2.999407e+03 1.874691e+03) (3.751455e-03 1.587963e+01 3.070025e+00)) ((-2.981513e+02 1.676117e+00 1.805178e-01) (5.486382e-01 -9.701910e-04 1.917181e-04))
501.03        	((-4.792413e+00 3.003053e+03 1.878131e+03) (3.513911e-03 1.592224e+01 3.095405e+00)) ((-2.977955e+02 1.679755e+00 1.396877e-01) (5.500046e-01 -9.887802e-04 2.697061e-04))
501.04        	((-4.714352e+00 3.006222e+03 1.881021e+03) (3.108416e-03 1.596531e+01 3.118445e+00)) ((-2.974851e+02 1.676548e+00 1.017947e-01) (5.509572e-01 -8.806012e-04 5.914039e-04))
501.05        	((-4.647135e+00 3.008635e+03 1.883156e+03) (2.859058e-03 1.600447e+01 3.143286e+00)) ((-2.972393e+02 1.666595e+00 6.593376e-02) (5.520953e-01 -9.067316e-04 8.200931e-04))
501.06        	((-4.585529e+00 3.010346e+03 1.884670e+03) (2.218413e-03 1.604412e+01 3.165656e+00)) ((-2.970478e+02 1.650241e+00 2.545181e-02) (5.527880e-01 -6.850342e-04 1.296645e-03))
501.07        	((-4.530431e+00 3.011604e+03 1.885863e+03) (1.830911e-03 1.607981e+01 3.189761e+00)) ((-2.967842e+02 1.628669e+00 -1.865415e-02) (5.535950e-01 -6.154512e-04 1.488773e-03))
501.08        	((-4.504039e+00 3.012542e+03 1.886917e+03) (1.311473e-03 1.611602e+01 3.211471e+00)) ((-2.964457e+02 1.584242e+00 -5.811369e-02) (5.538895e-01 -4.178110e-04 2.009470e-03))
501.09        	((-4.516077e+00 3.013136e+03 1.887807e+03) (1.241194e-03 1.614840e+01 3.235009e+00)) ((-2.960191e+02 1.528804e+00 -1.073398e-01) (5.543172e-01 -4.702019e-04 2.173069e-03))
501.1         	((-4.529910e+00 3.013227e+03 1.888414e+03) (8.828397e-04 1.618168e+01 3.256265e+00)) ((-2.955872e+02 1.483634e+00 -1.765345e-01) (5.543109e-01 -3.554811e-04 2.369849e-03))
501.11        	((-4.549941e+00 3.012784e+03 1.888764e+03) (1.002472e-03 1.621132e+01 3.279296e+00)) ((-2.951260e+02 1.434147e+00 -2.348922e-01) (5.544343e-01 -4.813374e-04 2.261178e-03))
501.12        	((-4.564549e+00 3.011921e+03 1.888936e+03) (8.398672e-04 1.624096e+01 3.299817e+00)) ((-2.946409e+02 1.375711e+00 -2.756993e-01) (5.541584e-01 -4.181628e-04 2.439628e-03))
501.13        	((-4.581469e+00 3.010583e+03 1.888867e+03) (1.042395e-03 1.626725e+01 3.322078e+00)) ((-2.941003e+02 1.315975e+00 -3.094249e-01) (5.540916e-01 -5.705095e-04 2.295899e-03))
501.14        	((-4.591560e+00 3.008969e+03 1.888729e+03) (9.635965e-04 1.629452e+01 3.342016e+00)) ((-2.934883e+02 1.260288e+00 -3.434119e-01) (5.536513e-01 -5.518293e-04 2.338752e-03))
501.15        	((-4.594441e+00 3.007146e+03 1.888622e+03) (1.224089e-03 1.631863e+01 3.363771e+00)) ((-2.927603e+02 1.211995e+00 -3.825027e-01) (5.535009e-01 -7.351719e-04 2.084402e-03))
501.16        	((-4.595311e+00 3.004910e+03 1.888319e+03) (1.203125e-03 1.634366e+01 3.383238e+00)) ((-2.920215e+02 1.171567e+00 -4.223984e-01) (5.529350e-01 -7.420713e-04 2.045945e-03))
501.17        	((-4.587908e+00 3.002322e+03 1.887868e+03) (1.495570e-03 1.636547e+01 3.404463e+00)) ((-2.912321e+02 1.136317e+00 -4.618817e-01) (5.525725e-01 -9.341781e-04 1.769757e-03))
501.18        	((-4.572230e+00 2.999399e+03 1.887250e+03) (1.558564e-03 1.638811e+01 3.423358e+00)) ((-2.904240e+02 1.105314e+00 -4.977831e-01) (5.517222e-01 -9.585750e-04 1.697743e-03))
501.19        	((-4.568153e+00 2.996043e+03 1.886356e+03) (1.946046e-03 1.640757e+01 3.444038e+00)) ((-2.895888e+02 1.080574e+00 -5.292906e-01) (5.510907e-01 -1.160338e-03 1.357287e-03))
501.2         	((-4.568655e+00 2.992459e+03 1.885373e+03) (2.012987e-03 1.642789e+01 3.462469e+00)) ((-2.887073e+02 1.060336e+00 -5.571453e-01) (5.500006e-01 -1.166992e-03 1.271827e-03))
501.21        	((-4.581422e+00 2.988716e+03 1.884393e+03) (2.355920e-03 1.644507e+01 3.482688e+00)) ((-2.877338e+02 1.045942e+00 -5.810758e-01) (5.491188e-01 -1.356715e-03 9.468130e-04))
501.22        	((-4.601371e+00 2.984639e+03 1.883197e+03) (2.460335e-03 1.646330e+01 3.500673e+00)) ((-2.867686e+02 1.033219e+00 -6.023338e-01) (5.478090e-01 -1.380295e-03 8.236995e-04))
501.23        	((-4.596360e+00 2.980559e+03 1.882136e+03) (2.745161e-03 1.647864e+01 3.520469e+00)) ((-2.856952e+02 1.017480e+00 -6.237850e-01) (5.467630e-01 -1.522240e-03 5.331662e-04))
501.24        	((-4.605972e+00 2.975963e+03 1.880662e+03) (2.721373e-03 1.649505e+01 3.538149e+00)) ((-2.846907e+02 1.004525e+00 -6.406343e-01) (5.453148e-01 -1.473096e-03 5.293357e-04))
501.25        	((-4.651102e+00 2.971065e+03 1.879000e+03) (2.952239e-03 1.650849e+01 3.557665e+00)) ((-2.836565e+02 1.001137e+00 -6.509459e-01) (5.441011e-01 -1.584812e-03 3.191642e-04))
501.26        	((-4.693751e+00 2.965983e+03 1.877262e+03) (2.961812e-03 1.652295e+01 3.575018e+00)) ((-2.825894e+02 1.002027e+00 -6.580856e-01) (5.424463e-01 -1.556377e-03 3.061466e-04))
501.27        	((-4.740472e+00 2.960475e+03 1.875200e+03) (3.197042e-03 1.653445e+01 3.594170e+00)) ((-2.815209e+02 1.003378e+00 -6.651675e-01) (5.409911e-01 -1.683922e-03 9.452119e-05))
501.28        	((-4.790414e+00 2.954726e+03 1.872993e+03) (3.216109e-03 1.654708e+01 3.611093e+00)) ((-2.804431e+02 1.002597e+00 -6.716846e-01) (5.390968e-01 -1.667072e-03 6.228537e-05))
501.29        	((-4.834402e+00 2.948776e+03 1.870695e+03) (3.538852e-03 1.655693e+01 3.629805e+00)) ((-2.793161e+02 1.000215e+00 -6.792264e-01) (5.374590e-01 -1.822344e-03 -2.563091e-04))
501.3         	((-4.871495e+00 2.942547e+03 1.868207e+03) (3.642791e-03 1.656808e+01 3.646346e+00)) ((-2.782030e+02 9.979704e-01 -6.865184e-01) (5.354361e-01 -1.820611e-03 -3.888451e-04))
501.31        	((-4.928773e+00 2.936126e+03 1.865633e+03) (3.994689e-03 1.657644e+01 3.664671e+00)) ((-2.770456e+02 9.994703e-01 -6.922023e-01) (5.336383e-01 -1.980036e-03 -7.250500e-04))
501.32        	((-4.974200e+00 2.929562e+03 1.862990e+03) (4.073774e-03 1.658596e+01 3.680810e+00)) ((-2.758714e+02 9.995706e-01 -6.975898e-01) (5.313846e-01 -1.986738e-03 -7.966406e-04))
501.33        	((-5.015229e+00 2.922719e+03 1.860151e+03) (4.224505e-03 1.659270e+01 3.698784e+00)) ((-2.746832e+02 9.974553e-01 -7.033769e-01) (5.293686e-01 -2.083192e-03 -9.394614e-04))
501.34        	((-5.047547e+00 2.916159e+03 1.857755e+03) (4.083335e-03 1.660053e+01 3.714077e+00)) ((-2.735006e+02 9.933647e-01 -7.101781e-01) (5.267019e-01 -2.008805e-03 -8.317207e-04))
501.35        	((-5.080218e+00 2.909084e+03 1.854777e+03) (4.141233e-03 1.660560e+01 3.731903e+00)) ((-2.722667e+02 9.923989e-01 -7.147649e-01) (5.244651e-01 -2.064422e-03 -9.351448e-04))
501.36        	((-5.125722e+00 2.902063e+03 1.852012e+03) (3.960745e-03 1.661061e+01 3.746599e+00)) ((-2.710229e+02 9.955578e-01 -7.162541e-01) (5.218908e-01 -1.964486e-03 -8.500938e-04))
501.37        	((-5.175443e+00 2.894803e+03 1.849090e+03) (4.015819e-03 1.661282e+01 3.763215e+00)) ((-2.697907e+02 1.000050e+00 -7.152190e-01) (5.195594e-01 -2.015168e-03 -9.811406e-04))
501.38        	((-5.211717e+00 2.886775e+03 1.845290e+03) (3.876527e-03 1.661632e+01 3.778115e+00)) ((-2.685660e+02 1.002338e+00 -7.119749e-01) (5.169943e-01 -1.932088e-03 -9.291674e-04))
501.39        	((-5.248173e+00 2.879213e+03 1.842227e+03) (3.989385e-03 1.661694e+01 3.794245e+00)) ((-2.671995e+02 1.001407e+00 -7.099096e-01) (5.144347e-01 -2.012366e-03 -1.090440e-03))
501.4         	((-5.261483e+00 2.871682e+03 1.839278e+03) (3.893662e-03 1.661888e+01 3.808275e+00)) ((-2.658708e+02 9.973309e-01 -7.096654e-01) (5.114753e-01 -1.952766e-03 -1.058038e-03))
501.41        	((-5.264491e+00 2.863885e+03 1.836045e+03) (4.050794e-03 1.661563e+01 3.823078e+00)) ((-2.645737e+02 9.938375e-01 -7.105952e-01) (5.093688e-01 -2.056182e-03 -1.243468e-03))
501.42        	((-5.309845e+00 2.855808e+03 1.832509e+03) (3.993253e-03 1.661368e+01 3.835694e+00)) ((-2.633018e+02 9.973020e-01 -7.070429e-01) (5.068621e-01 -2.018248e-03 -1.236301e-03))
501.43        	((-5.322584e+00 2.847509e+03 1.828790e+03) (4.140481e-03 1.660892e+01 3.850105e+00)) ((-2.619851e+02 9.976473e-01 -7.058793e-01) (5.045939e-01 -2.119724e-03 -1.424006e-03))
501.44        	((-5.328249e+00 2.838968e+03 1.824875e+03) (4.026158e-03 1.660537e+01 3.862246e+00)) ((-2.606864e+02 9.950090e-01 -7.041105e-01) (5.019061e-01 -2.055882e-03 -1.380027e-03))
501.45        	((-5.348067e+00 2.830549e+03 1.821132e+03) (4.113162e-03 1.659901e+01 3.876178e+00)) ((-2.592951e+02 9.912486e-01 -7.014323e-01) (4.994490e-01 -2.121885e-03 -1.520744e-03))
501.46        	((-5.327622e+00 2.821938e+03 1.817190e+03) (3.968049e-03 1.659393e+01 3.887898e+00)) ((-2.579511e+02 9.824269e-01 -7.001665e-01) (4.965819e-01 -2.033841e-03 -1.451803e-03))
501.47        	((-5.345856e+00 2.813261e+03 1.813179e+03) (4.032586e-03 1.658615e+01 3.901489e+00)) ((-2.565860e+02 9.784457e-01 -6.957085e-01) (4.939773e-01 -2.076122e-03 -1.578173e-03))
501.48        	((-5.334373e+00 2.804240e+03 1.808815e+03) (3.844898e-03 1.657967e+01 3.912841e+00)) ((-2.553097e+02 9.712267e-01 -6.920785e-01) (4.909538e-01 -1.954230e-03 -1.480253e-03))
501.49        	((-5.287761e+00 2.795188e+03 1.804443e+03) (3.885928e-03 1.657286e+01 3.927234e+00)) ((-2.539926e+02 9.601379e-01 -6.917241e-01) (4.875827e-01 -1.963026e-03 -1.584486e-03))
501.5         	((-5.275258e+00 2.785906e+03 1.799850e+03) (3.730204e-03 1.656737e+01 3.939378e+00)) ((-2.527277e+02 9.522991e-01 -6.865016e-01) (4.837725e-01 -1.837196e-03 -1.497164e-03))
501.51        	((-5.281527e+00 2.776535e+03 1.795164e+03) (3.819675e-03 1.656059e+01 3.954024e+00)) ((-2.514377e+02 9.468908e-01 -6.799395e-01) (4.799455e-01 -1.858612e-03 -1.637763e-03))
501.52        	((-5.278565e+00 2.767093e+03 1.790407e+03) (3.707495e-03 1.655526e+01 3.966511e+00)) ((-2.501683e+02 9.381913e-01 -6.710989e-01) (4.756201e-01 -1.752286e-03 -1.587951e-03))
501.53        	((-5.268871e+00 2.757671e+03 1.785643e+03) (3.813806e-03 1.654796e+01 3.981155e+00)) ((-2.488511e+02 9.270594e-01 -6.640917e-01) (4.716345e-01 -1.783091e-03 -1.762273e-03))
501.54        	((-5.254837e+00 2.748127e+03 1.780754e+03) (3.709398e-03 1.654209e+01 3.993630e+00)) ((-2.475880e+02 9.107834e-01 -6.537078e-01) (4.670752e-01 -1.686767e-03 -1.727317e-03))
501.55        	((-5.241692e+00 2.738606e+03 1.775845e+03) (3.809703e-03 1.653456e+01 4.008370e+00)) ((-2.462892e+02 8.931862e-01 -6.458006e-01) (4.629414e-01 -1.712258e-03 -1.916419e-03))
501.56        	((-5.226565e+00 2.728913e+03 1.770773e+03) (3.702491e-03 1.652810e+01 4.020783e+00)) ((-2.450692e+02 8.698688e-01 -6.327426e-01) (4.581134e-01 -1.612622e-03 -1.874226e-03))
501.57        	((-5.213447e+00 2.719281e+03 1.765698e+03) (3.777630e-03 1.652050e+01 4.035662e+00)) ((-2.437952e+02 8.471280e-01 -6.239746e-01) (4.539004e-01 -1.612995e-03 -2.075408e-03))
501.58        	((-5.199815e+00 2.709426e+03 1.760441e+03) (3.661529e-03 1.651322e+01 4.047891e+00)) ((-2.426136e+02 8.172970e-01 -6.084110e-01) (4.487075e-01 -1.520241e-03 -1.977606e-03))
501.59        	((-5.189059e+00 2.699708e+03 1.755235e+03) (3.694786e-03 1.650587e+01 4.063015e+00)) ((-2.413452e+02 7.900436e-01 -5.971021e-01) (4.445546e-01 -1.478904e-03 -2.200277e-03))
501.6         	((-5.181885e+00 2.689730e+03 1.749827e+03) (3.548411e-03 1.649731e+01 4.074907e+00)) ((-2.401947e+02 7.571337e-01 -5.808977e-01) (4.388934e-01 -1.359478e-03 -2.090369e-03))
501.61        	((-5.176180e+00 2.679943e+03 1.744540e+03) (3.541210e-03 1.649052e+01 4.090381e+00)) ((-2.389362e+02 7.258423e-01 -5.640610e-01) (4.349802e-01 -1.303610e-03 -2.271985e-03))
501.62        	((-5.178164e+00 2.669950e+03 1.739046e+03) (3.299735e-03 1.648243e+01 4.102619e+00)) ((-2.377908e+02 6.961194e-01 -5.514478e-01) (4.295652e-01 -1.085291e-03 -2.289682e-03))
501.63        	((-5.182835e+00 2.660172e+03 1.733682e+03) (3.274243e-03 1.647464e+01 4.117742e+00)) ((-2.365287e+02 6.656242e-01 -5.380750e-01) (4.253721e-01 -1.093410e-03 -2.272430e-03))
501.64        	((-5.183440e+00 2.650159e+03 1.728160e+03) (2.971794e-03 1.646540e+01 4.129445e+00)) ((-2.353710e+02 6.396314e-01 -5.226046e-01) (4.196472e-01 -9.346119e-04 -2.103402e-03))
501.65        	((-5.185425e+00 2.640358e+03 1.722785e+03) (2.873767e-03 1.645692e+01 4.144265e+00)) ((-2.340912e+02 6.143163e-01 -5.039171e-01) (4.153584e-01 -9.070368e-04 -2.087307e-03))
501.66        	((-5.188559e+00 2.630319e+03 1.717226e+03) (2.552677e-03 1.644702e+01 4.155705e+00)) ((-2.329271e+02 5.873661e-01 -4.797231e-01) (4.095945e-01 -7.441238e-04 -1.861020e-03))
501.67        	((-5.191866e+00 2.620478e+03 1.711806e+03) (2.385073e-03 1.643747e+01 4.170033e+00)) ((-2.316539e+02 5.613172e-01 -4.533702e-01) (4.051234e-01 -6.811828e-04 -1.859413e-03))
501.68        	((-5.195923e+00 2.610420e+03 1.706241e+03) (2.004415e-03 1.642692e+01 4.181118e+00)) ((-2.304875e+02 5.372720e-01 -4.274618e-01) (3.993530e-01 -4.884184e-04 -1.650676e-03))
501.69        	((-5.201916e+00 2.600569e+03 1.700819e+03) (1.812178e-03 1.641603e+01 4.194857e+00)) ((-2.292115e+02 5.167420e-01 -4.049116e-01) (3.946270e-01 -4.175204e-04 -1.624338e-03))
501.7         	((-5.207816e+00 2.590530e+03 1.695280e+03) (1.411743e-03 1.640468e+01 4.205585e+00)) ((-2.280271e+02 4.998365e-01 -3.855300e-01) (3.888022e-01 -2.130527e-04 -1.412514e-03))
501.71        	((-5.212732e+00 2.580685e+03 1.689879e+03) (1.196775e-03 1.639265e+01 4.218839e+00)) ((-2.267392e+02 4.862456e-01 -3.690667e-01) (3.839120e-01 -1.411984e-04 -1.379278e-03))
501.72        	((-5.214579e+00 2.570668e+03 1.684377e+03) (7.799481e-04 1.638055e+01 4.229271e+00)) ((-2.255357e+02 4.740126e-01 -3.525874e-01) (3.780946e-01 5.800469e-05 -1.160528e-03))
501.73        	((-5.214321e+00 2.560815e+03 1.678985e+03) (5.643772e-04 1.636747e+01 4.242126e+00)) ((-2.242482e+02 4.627564e-01 -3.361332e-01) (3.730847e-01 1.278627e-04 -1.126995e-03))
501.74        	((-5.210828e+00 2.550820e+03 1.673511e+03) (1.581171e-04 1.635475e+01 4.252365e+00)) ((-2.230381e+02 4.514395e-01 -3.191955e-01) (3.672937e-01 3.235781e-04 -9.096524e-04))
501.75        	((-5.205486e+00 2.540968e+03 1.668134e+03) (-3.991368e-05 1.634082e+01 4.264918e+00)) ((-2.217564e+02 4.410279e-01 -3.037894e-01) (3.621803e-01 3.859439e-04 -8.820324e-04))
501.76        	((-5.197085e+00 2.531010e+03 1.662699e+03) (-4.197354e-04 1.632765e+01 4.274981e+00)) ((-2.205373e+02 4.309891e-01 -2.897747e-01) (3.564247e-01 5.691177e-04 -6.785128e-04))
501.77        	((-5.187074e+00 2.521170e+03 1.657345e+03) (-5.885418e-04 1.631298e+01 4.287183e+00)) ((-2.192588e+02 4.220438e-01 -2.783759e-01) (3.512318e-01 6.164742e-04 -6.662084e-04))
501.78        	((-5.174423e+00 2.511260e+03 1.651949e+03) (-9.365893e-04 1.629942e+01 4.297057e+00)) ((-2.180299e+02 4.136757e-01 -2.685852e-01) (3.455388e-01 7.847015e-04 -4.805943e-04))
501.79        	((-5.160731e+00 2.501436e+03 1.646612e+03) (-1.070265e-03 1.628402e+01 4.308908e+00)) ((-2.167582e+02 4.063767e-01 -2.608682e-01) (3.402918e-01 8.150598e-04 -4.817032e-04))
501.8         	((-5.144502e+00 2.491578e+03 1.641249e+03) (-1.381945e-03 1.626998e+01 4.318535e+00)) ((-2.155248e+02 3.995175e-01 -2.539652e-01) (3.346356e-01 9.682024e-04 -3.127049e-04))
501.81        	((-5.127303e+00 2.481775e+03 1.635929e+03) (-1.490832e-03 1.625383e+01 4.330015e+00)) ((-2.142639e+02 3.931847e-01 -2.482752e-01) (3.292963e-01 9.888037e-04 -3.296811e-04))
501.82        	((-5.107707e+00 2.471971e+03 1.630598e+03) (-1.783793e-03 1.623934e+01 4.339444e+00)) ((-2.130305e+02 3.869711e-01 -2.429612e-01) (3.236538e-01 1.131410e-03 -1.770029e-04))
501.83        	((-5.087831e+00 2.462204e+03 1.625296e+03) (-1.872770e-03 1.622260e+01 4.350646e+00)) ((-2.117783e+02 3.810955e-01 -2.387397e-01) (3.182655e-01 1.144894e-03 -2.100248e-04))
501.84        	((-5.066333e+00 2.452444e+03 1.619982e+03) (-2.138014e-03 1.620755e+01 4.359878e+00)) ((-2.105523e+02 3.754159e-01 -2.349079e-01) (3.125885e-01 1.276419e-03 -7.334244e-05))
501.85        	((-5.044845e+00 2.442723e+03 1.614705e+03) (-2.201231e-03 1.619032e+01 4.370883e+00)) ((-2.093061e+02 3.701534e-01 -2.320535e-01) (3.071472e-01 1.279080e-03 -1.180029e-04))
501.86        	((-5.021759e+00 2.433008e+03 1.609421e+03) (-2.442321e-03 1.617481e+01 4.379949e+00)) ((-2.080859e+02 3.652256e-01 -2.294651e-01) (3.014180e-01 1.400108e-03 5.720039e-06))
501.87        	((-4.998371e+00 2.423334e+03 1.604175e+03) (-2.498458e-03 1.615717e+01 4.390791e+00)) ((-2.068467e+02 3.606251e-01 -2.276655e-01) (2.959219e-01 1.396343e-03 -4.767012e-05))
501.88        	((-4.973165e+00 2.413668e+03 1.598917e+03) (-2.730504e-03 1.614129e+01 4.399719e+00)) ((-2.056358e+02 3.559716e-01 -2.259028e-01) (2.901266e-01 1.508766e-03 6.441100e-05))
501.89        	((-4.947861e+00 2.404044e+03 1.593691e+03) (-2.770755e-03 1.612330e+01 4.410431e+00)) ((-2.044080e+02 3.513764e-01 -2.248487e-01) (2.845496e-01 1.499934e-03 -2.713981e-06))
501.9         	((-4.921438e+00 2.394429e+03 1.588451e+03) (-2.980372e-03 1.610709e+01 4.419241e+00)) ((-2.032093e+02 3.468361e-01 -2.237733e-01) (2.786765e-01 1.609852e-03 8.741528e-05))
501.91        	((-4.895439e+00 2.384857e+03 1.583244e+03) (-3.002248e-03 1.608880e+01 4.429822e+00)) ((-2.019929e+02 3.425572e-01 -2.233333e-01) (2.730276e-01 1.598072e-03 8.837977e-06))
501.92        	((-4.868431e+00 2.375297e+03 1.578026e+03) (-3.185523e-03 1.607231e+01 4.438516e+00)) ((-2.008049e+02 3.383536e-01 -2.229073e-01) (2.670909e-01 1.694952e-03 9.756472e-05))
501.93        	((-4.841718e+00 2.365782e+03 1.572843e+03) (-3.183613e-03 1.605377e+01 4.448974e+00)) ((-1.995991e+02 3.342277e-01 -2.231249e-01) (2.613769e-01 1.669401e-03 2.525681e-05))
501.94        	((-4.814012e+00 2.356279e+03 1.567648e+03) (-3.349101e-03 1.603702e+01 4.457543e+00)) ((-1.984222e+02 3.300048e-01 -2.232155e-01) (2.553858e-01 1.755338e-03 1.145468e-04))
501.95        	((-4.786796e+00 2.346822e+03 1.562490e+03) (-3.342570e-03 1.601825e+01 4.467860e+00)) ((-1.972282e+02 3.257903e-01 -2.238419e-01) (2.496084e-01 1.727726e-03 3.885800e-05))
501.96        	((-4.758859e+00 2.337379e+03 1.557321e+03) (-3.500577e-03 1.600127e+01 4.476295e+00)) ((-1.960632e+02 3.215316e-01 -2.242884e-01) (2.435619e-01 1.809111e-03 1.218131e-04))
501.97        	((-4.731527e+00 2.327982e+03 1.552189e+03) (-3.488069e-03 1.598226e+01 4.486458e+00)) ((-1.948812e+02 3.173517e-01 -2.252418e-01) (2.377414e-01 1.771651e-03 4.932758e-05))
501.98        	((-4.703464e+00 2.318601e+03 1.547049e+03) (-3.637508e-03 1.596504e+01 4.494724e+00)) ((-1.937278e+02 3.131721e-01 -2.260380e-01) (2.316681e-01 1.838445e-03 1.385380e-04))
501.99        	((-4.675888e+00 2.309270e+03 1.541949e+03) (-3.619653e-03 1.594582e+01 4.504703e+00)) ((-1.925567e+02 3.090246e-01 -2.273593e-01) (2.258201e-01 1.793876e-03 7.298714e-05))
502           	((-4.647450e+00 2.299959e+03 1.536845e+03) (-3.768072e-03 1.592840e+01 4.512806e+00)) ((-1.914134e+02 3.048001e-01 -2.285264e-01) (2.197102e-01 1.857797e-03 1.610339e-04))
502.01        	((-4.619505e+00 2.290700e+03 1.531784e+03) (-3.756363e-03 1.590903e+01 4.522634e+00)) ((-1.902522e+02 3.005870e-01 -2.302215e-01) (2.138121e-01 1.817473e-03 9.128488e-05))
502.02        	((-4.590912e+00 2.281460e+03 1.526716e+03) (-3.893666e-03 1.589151e+01 4.530623e+00)) ((-1.891197e+02 2.962910e-01 -2.317782e-01) (2.076549e-01 1.880970e-03 1.775631e-04))
502.03        	((-4.564523e+00 2.272344e+03 1.521843e+03) (-3.879793e-03 1.587208e+01 4.540364e+00)) ((-1.879252e+02 2.913499e-01 -2.340773e-01) (2.017153e-01 1.838814e-03 1.144574e-04))
502.04        	((-4.537388e+00 2.263209e+03 1.516926e+03) (-4.029826e-03 1.585443e+01 4.548241e+00)) ((-1.867728e+02 2.864581e-01 -2.360151e-01) (1.955291e-01 1.903914e-03 1.956296e-04))
502.05        	((-4.509384e+00 2.254083e+03 1.511955e+03) (-4.021287e-03 1.583476e+01 4.557756e+00)) ((-1.856430e+02 2.818740e-01 -2.385131e-01) (1.895605e-01 1.864599e-03 1.276520e-04))
502.06        	((-4.479447e+00 2.244965e+03 1.506924e+03) (-4.169695e-03 1.581680e+01 4.565365e+00)) ((-1.845640e+02 2.773175e-01 -2.410847e-01) (1.833459e-01 1.927351e-03 2.128616e-04))
502.07        	((-4.449729e+00 2.235909e+03 1.501930e+03) (-4.162092e-03 1.579685e+01 4.574626e+00)) ((-1.834591e+02 2.725337e-01 -2.445123e-01) (1.773399e-01 1.885042e-03 1.528959e-04))
502.08        	((-4.420170e+00 2.226879e+03 1.496947e+03) (-4.307652e-03 1.577866e+01 4.582027e+00)) ((-1.823619e+02 2.673952e-01 -2.479466e-01) (1.711188e-01 1.945203e-03 2.382818e-04))
502.09        	((-4.392372e+00 2.217904e+03 1.492022e+03) (-4.299827e-03 1.575852e+01 4.591108e+00)) ((-1.812353e+02 2.619912e-01 -2.519751e-01) (1.651190e-01 1.904027e-03 1.752821e-04))
502.1         	((-4.364960e+00 2.208954e+03 1.487105e+03) (-4.437397e-03 1.574016e+01 4.598368e+00)) ((-1.801403e+02 2.564154e-01 -2.558631e-01) (1.588893e-01 1.959483e-03 2.593719e-04))
502.11        	((-4.338526e+00 2.200065e+03 1.482234e+03) (-4.424110e-03 1.571986e+01 4.607303e+00)) ((-1.790378e+02 2.508054e-01 -2.603337e-01) (1.528745e-01 1.912678e-03 1.960034e-04))
502.12        	((-4.311490e+00 2.191199e+03 1.477356e+03) (-4.555073e-03 1.570135e+01 4.614444e+00)) ((-1.779712e+02 2.451169e-01 -2.645980e-01) (1.466288e-01 1.961557e-03 2.758820e-04))
502.13        	((-4.284838e+00 2.182383e+03 1.472510e+03) (-4.525704e-03 1.568092e+01 4.623244e+00)) ((-1.768875e+02 2.394299e-01 -2.692047e-01) (1.405988e-01 1.911390e-03 2.126236e-04))
502.14        	((-4.257581e+00 2.173584e+03 1.467653e+03) (-4.634408e-03 1.566229e+01 4.630239e+00)) ((-1.758277e+02 2.338660e-01 -2.735230e-01) (1.343534e-01 1.956433e-03 2.907592e-04))
502.15        	((-4.230910e+00 2.164838e+03 1.462839e+03) (-4.593734e-03 1.564174e+01 4.638879e+00)) ((-1.747466e+02 2.283784e-01 -2.780416e-01) (1.283207e-01 1.902914e-03 2.271673e-04))
502.16        	((-4.203794e+00 2.156116e+03 1.458027e+03) (-4.696196e-03 1.562298e+01 4.645728e+00)) ((-1.736931e+02 2.230387e-01 -2.821478e-01) (1.220914e-01 1.942208e-03 3.007049e-04))
502.17        	((-4.177194e+00 2.147451e+03 1.453265e+03) (-4.654454e-03 1.560234e+01 4.654216e+00)) ((-1.726244e+02 2.180897e-01 -2.864527e-01) (1.160848e-01 1.884878e-03 2.351041e-04))
502.18        	((-4.149773e+00 2.138808e+03 1.448501e+03) (-4.750730e-03 1.558352e+01 4.660942e+00)) ((-1.715873e+02 2.136012e-01 -2.902217e-01) (1.098912e-01 1.919661e-03 3.082026e-04))
502.19        	((-4.122533e+00 2.130213e+03 1.443777e+03) (-4.703850e-03 1.556288e+01 4.669314e+00)) ((-1.705352e+02 2.097786e-01 -2.940355e-01) (1.039185e-01 1.859516e-03 2.460812e-04))
502.2         	((-4.093894e+00 2.121634e+03 1.439046e+03) (-4.790561e-03 1.554407e+01 4.675932e+00)) ((-1.695110e+02 2.067545e-01 -2.973557e-01) (9.775584e-02 1.889548e-03 3.200548e-04))
502.21        	((-4.064437e+00 2.113107e+03 1.434361e+03) (-4.737322e-03 1.552343e+01 4.684176e+00)) ((-1.684674e+02 2.047988e-01 -3.006624e-01) (9.179441e-02 1.822112e-03 2.619262e-04))
502.22        	((-4.032237e+00 2.104601e+03 1.429683e+03) (-4.819422e-03 1.550461e+01 4.690679e+00)) ((-1.674496e+02 2.044359e-01 -3.031075e-01) (8.562567e-02 1.837757e-03 3.466070e-04))
502.23        	((-3.996547e+00 2.096146e+03 1.425064e+03) (-4.778603e-03 1.548396e+01 4.698794e+00)) ((-1.664132e+02 2.070471e-01 -3.049632e-01) (7.963378e-02 1.750976e-03 3.152150e-04))
502.24        	((-3.954278e+00 2.087708e+03 1.420463e+03) (-4.903196e-03 1.546513e+01 4.705165e+00)) ((-1.654021e+02 2.136270e-01 -3.067770e-01) (7.342338e-02 1.746138e-03 4.289461e-04))
502.25        	((-3.911221e+00 2.079327e+03 1.415911e+03) (-4.830381e-03 1.544458e+01 4.713204e+00)) ((-1.643721e+02 2.212992e-01 -3.130146e-01) (6.748658e-02 1.673445e-03 3.305295e-04))
502.26        	((-3.870040e+00 2.070968e+03 1.411358e+03) (-4.827868e-03 1.542575e+01 4.719480e+00)) ((-1.633692e+02 2.274526e-01 -3.211239e-01) (6.141905e-02 1.682672e-03 3.206594e-04))
502.27        	((-3.832795e+00 2.062658e+03 1.406860e+03) (-4.737578e-03 1.540500e+01 4.727275e+00)) ((-1.623474e+02 2.316474e-01 -3.273475e-01) (5.556277e-02 1.615527e-03 1.991318e-04))
502.28        	((-3.801355e+00 2.054361e+03 1.402375e+03) (-4.719288e-03 1.538597e+01 4.733303e+00)) ((-1.613516e+02 2.309971e-01 -3.322356e-01) (4.955235e-02 1.650434e-03 1.587725e-04))
502.29        	((-3.777211e+00 2.046117e+03 1.397941e+03) (-4.546678e-03 1.536514e+01 4.740928e+00)) ((-1.603376e+02 2.262670e-01 -3.331970e-01) (4.381833e-02 1.577915e-03 2.245689e-05))
502.3         	((-3.756102e+00 2.037901e+03 1.393507e+03) (-4.617287e-03 1.534608e+01 4.746879e+00)) ((-1.593511e+02 2.208599e-01 -3.280937e-01) (3.797498e-02 1.592354e-03 1.005486e-04))
502.31        	((-3.739681e+00 2.029743e+03 1.389113e+03) (-4.509579e-03 1.532522e+01 4.754424e+00)) ((-1.583491e+02 2.145843e-01 -3.235815e-01) (3.236372e-02 1.522367e-03 1.911263e-05))
502.32        	((-3.725798e+00 2.021602e+03 1.384715e+03) (-4.554821e-03 1.530611e+01 4.760283e+00)) ((-1.573771e+02 2.089015e-01 -3.198542e-01) (2.658637e-02 1.537380e-03 8.316279e-05))
502.33        	((-3.716678e+00 2.013517e+03 1.380345e+03) (-4.433679e-03 1.528529e+01 4.767782e+00)) ((-1.563923e+02 2.024414e-01 -3.183612e-01) (2.109432e-02 1.472882e-03 -1.536124e-05))
502.34        	((-3.706591e+00 2.005453e+03 1.375971e+03) (-4.532030e-03 1.526618e+01 4.773574e+00)) ((-1.554371e+02 1.975868e-01 -3.153863e-01) (1.542914e-02 1.498068e-03 5.191366e-05))
502.35        	((-3.699662e+00 1.997452e+03 1.371620e+03) (-4.362763e-03 1.524545e+01 4.781072e+00)) ((-1.544697e+02 1.907387e-01 -3.140170e-01) (1.007647e-02 1.426210e-03 -9.582427e-05))
502.36        	((-3.689336e+00 1.989469e+03 1.367268e+03) (-4.491600e-03 1.522635e+01 4.786800e+00)) ((-1.535309e+02 1.876577e-01 -3.076605e-01) (4.505073e-03 1.434098e-03 -5.571486e-06))
502.37        	((-3.685074e+00 1.981558e+03 1.362927e+03) (-4.235564e-03 1.520562e+01 4.794201e+00)) ((-1.525793e+02 1.813185e-01 -3.043707e-01) (-8.723740e-04 1.342472e-03 -1.962071e-04))
502.38        	((-3.672885e+00 1.973657e+03 1.358606e+03) (-4.511167e-03 1.518614e+01 4.799611e+00)) ((-1.516522e+02 1.820253e-01 -2.949957e-01) (-6.718522e-03 1.354638e-03 9.447828e-07))
502.39        	((-3.668779e+00 1.965834e+03 1.354282e+03) (-4.145840e-03 1.516532e+01 4.806916e+00)) ((-1.507145e+02 1.759229e-01 -2.948010e-01) (-1.212101e-02 1.268574e-03 -2.506018e-04))
502.4         	((-3.648025e+00 1.957998e+03 1.350006e+03) (-4.782252e-03 1.514530e+01 4.811877e+00)) ((-1.497971e+02 1.821207e-01 -2.848910e-01) (-1.811968e-02 1.293247e-03 2.068607e-04))
502.41        	((-3.638651e+00 1.950256e+03 1.345708e+03) (-4.157092e-03 1.512460e+01 4.819179e+00)) ((-1.488701e+02 1.780184e-01 -2.894015e-01) (-2.329078e-02 1.211254e-03 -2.348191e-04))
502.42        	((-3.604919e+00 1.942485e+03 1.341491e+03) (-5.233168e-03 1.510357e+01 4.823394e+00)) ((-1.479590e+02 1.887696e-01 -2.786987e-01) (-2.966078e-02 1.152391e-03 7.131477e-04))
502.43        	((-3.579578e+00 1.934815e+03 1.337245e+03) (-4.261071e-03 1.508356e+01 4.830993e+00)) ((-1.470386e+02 1.914191e-01 -2.814563e-01) (-3.439734e-02 1.129730e-03 -1.196000e-04))
502.44        	((-3.551064e+00 1.927121e+03 1.333044e+03) (-4.519261e-03 1.506301e+01 4.835477e+00)) ((-1.461414e+02 1.941550e-01 -2.773584e-01) (-4.039061e-02 1.082830e-03 2.140110e-04))
502.45        	((-3.532510e+00 1.919535e+03 1.328792e+03) (-4.216772e-03 1.504252e+01 4.842732e+00)) ((-1.452406e+02 1.886137e-01 -2.793079e-01) (-4.523912e-02 1.101327e-03 -1.655354e-04))
502.46        	((-3.513853e+00 1.911915e+03 1.324650e+03) (-4.686576e-03 1.502132e+01 4.846788e+00)) ((-1.443473e+02 1.890438e-01 -2.759565e-01) (-5.145922e-02 1.150142e-03 2.367502e-04))
502.47        	((-3.495076e+00 1.904418e+03 1.320446e+03) (-4.367545e-03 1.500127e+01 4.854210e+00)) ((-1.434491e+02 1.864231e-01 -2.758262e-01) (-5.604892e-02 1.126806e-03 -1.296191e-04))
502.48        	((-3.471966e+00 1.896855e+03 1.316361e+03) (-4.459225e-03 1.497935e+01 4.857707e+00)) ((-1.425651e+02 1.814615e-01 -2.761049e-01) (-6.261909e-02 1.161751e-03 -1.901896e-05))
502.49        	((-3.452954e+00 1.889420e+03 1.312209e+03) (-4.394727e-03 1.495990e+01 4.865445e+00)) ((-1.416778e+02 1.744023e-01 -2.763342e-01) (-6.690763e-02 1.129280e-03 -1.377394e-04))
502.5         	((-3.440694e+00 1.881946e+03 1.308141e+03) (-4.202761e-03 1.493842e+01 4.869214e+00)) ((-1.408074e+02 1.639096e-01 -2.777618e-01) (-7.322647e-02 1.219818e-03 -3.480891e-04))
502.51        	((-3.432304e+00 1.874595e+03 1.303997e+03) (-4.411654e-03 1.491888e+01 4.876760e+00)) ((-1.399362e+02 1.544206e-01 -2.779934e-01) (-7.756967e-02 1.155433e-03 -1.511730e-04))
502.52        	((-3.417345e+00 1.867205e+03 1.299957e+03) (-4.668074e-03 1.489742e+01 4.880506e+00)) ((-1.390747e+02 1.493637e-01 -2.761798e-01) (-8.384126e-02 1.224566e-03 2.517864e-05))
502.53        	((-3.403162e+00 1.859936e+03 1.295845e+03) (-4.567458e-03 1.487782e+01 4.887905e+00)) ((-1.382131e+02 1.466204e-01 -2.753890e-01) (-8.817170e-02 1.167057e-03 -3.882992e-05))
502.54        	((-3.386990e+00 1.852612e+03 1.291844e+03) (-4.353811e-03 1.485608e+01 4.891363e+00)) ((-1.373646e+02 1.387469e-01 -2.758333e-01) (-9.454596e-02 1.175376e-03 -1.684417e-04))
502.55        	((-3.373757e+00 1.845412e+03 1.287769e+03) (-4.529232e-03 1.483665e+01 4.898722e+00)) ((-1.365153e+02 1.309975e-01 -2.759751e-01) (-9.879130e-02 1.158030e-03 -4.249789e-05))
502.56        	((-3.361810e+00 1.838171e+03 1.283778e+03) (-4.708364e-03 1.481540e+01 4.902388e+00)) ((-1.356827e+02 1.257443e-01 -2.755210e-01) (-1.048688e-01 1.242394e-03 5.234609e-05))
502.57        	((-3.350012e+00 1.831053e+03 1.279715e+03) (-4.725842e-03 1.479544e+01 4.909387e+00)) ((-1.348488e+02 1.226736e-01 -2.755717e-01) (-1.092368e-01 1.214220e-03 4.022521e-05))
502.58        	((-3.332129e+00 1.823896e+03 1.275765e+03) (-4.805522e-03 1.477378e+01 4.912728e+00)) ((-1.340229e+02 1.181984e-01 -2.757039e-01) (-1.153173e-01 1.240138e-03 1.159490e-04))
502.59        	((-3.314035e+00 1.816863e+03 1.271751e+03) (-4.826608e-03 1.475388e+01 4.919548e+00)) ((-1.331946e+02 1.143189e-01 -2.763361e-01) (-1.194588e-01 1.221707e-03 1.161236e-04))
502.6         	((-3.297234e+00 1.809782e+03 1.267840e+03) (-4.840786e-03 1.473208e+01 4.922645e+00)) ((-1.323811e+02 1.077414e-01 -2.779246e-01) (-1.253890e-01 1.290012e-03 1.218593e-04))
502.61        	((-3.282255e+00 1.802824e+03 1.263860e+03) (-5.026733e-03 1.471198e+01 4.929319e+00)) ((-1.315666e+02 1.024525e-01 -2.790981e-01) (-1.293425e-01 1.297755e-03 2.404029e-04))
502.62        	((-3.266237e+00 1.795833e+03 1.259973e+03) (-5.170366e-03 1.469017e+01 4.932337e+00)) ((-1.307645e+02 9.912530e-02 -2.794388e-01) (-1.350458e-01 1.360137e-03 3.376687e-04))
502.63        	((-3.252044e+00 1.788963e+03 1.256022e+03) (-5.130846e-03 1.466957e+01 4.938525e+00)) ((-1.299580e+02 9.817421e-02 -2.786863e-01) (-1.391399e-01 1.325631e-03 2.897566e-04))
502.64        	((-3.236872e+00 1.782049e+03 1.252180e+03) (-5.161945e-03 1.464725e+01 4.941153e+00)) ((-1.291607e+02 9.588971e-02 -2.763788e-01) (-1.449335e-01 1.360206e-03 3.126131e-04))
502.65        	((-3.224779e+00 1.775250e+03 1.248277e+03) (-5.198704e-03 1.462637e+01 4.947165e+00)) ((-1.283604e+02 9.521376e-02 -2.727144e-01) (-1.489144e-01 1.332694e-03 2.952188e-04))
502.66        	((-3.214207e+00 1.768402e+03 1.244470e+03) (-5.156419e-03 1.460380e+01 4.949594e+00)) ((-1.275741e+02 9.397834e-02 -2.694248e-01) (-1.545834e-01 1.352568e-03 2.518294e-04))
502.67        	((-3.203957e+00 1.761671e+03 1.240603e+03) (-5.161803e-03 1.458275e+01 4.955342e+00)) ((-1.267836e+02 9.393162e-02 -2.662635e-01) (-1.584895e-01 1.308798e-03 2.455942e-04))
502.68        	((-3.191386e+00 1.754901e+03 1.236833e+03) (-5.245227e-03 1.456024e+01 4.957688e+00)) ((-1.260032e+02 9.309991e-02 -2.627320e-01) (-1.640047e-01 1.353302e-03 3.004998e-04))
502.69        	((-3.180256e+00 1.748247e+03 1.233004e+03) (-5.256910e-03 1.453904e+01 4.963325e+00)) ((-1.252175e+02 9.327787e-02 -2.589360e-01) (-1.678606e-01 1.320494e-03 2.807720e-04))
502.7         	((-3.168532e+00 1.741548e+03 1.229274e+03) (-5.213812e-03 1.451641e+01 4.965555e+00)) ((-1.244435e+02 9.193067e-02 -2.559270e-01) (-1.733300e-01 1.322415e-03 2.635857e-04))
502.71        	((-3.157544e+00 1.734960e+03 1.225486e+03) (-5.210798e-03 1.449525e+01 4.971040e+00)) ((-1.236653e+02 9.141162e-02 -2.532483e-01) (-1.770913e-01 1.269740e-03 2.639424e-04))
502.72        	((-3.146035e+00 1.728327e+03 1.221791e+03) (-5.268344e-03 1.447263e+01 4.973170e+00)) ((-1.229000e+02 8.997664e-02 -2.506742e-01) (-1.824191e-01 1.301858e-03 3.065388e-04))
502.73        	((-3.136035e+00 1.721804e+03 1.218035e+03) (-5.306749e-03 1.445128e+01 4.978581e+00)) ((-1.221307e+02 9.015238e-02 -2.472862e-01) (-1.860892e-01 1.252377e-03 3.139568e-04))
502.74        	((-3.124174e+00 1.715240e+03 1.214369e+03) (-5.281253e-03 1.442860e+01 4.980662e+00)) ((-1.213741e+02 8.966509e-02 -2.441026e-01) (-1.912846e-01 1.248738e-03 3.088896e-04))
502.75        	((-3.110481e+00 1.708731e+03 1.210535e+03) (-5.237740e-03 1.440725e+01 4.985842e+00)) ((-1.206458e+02 9.039601e-02 -2.408460e-01) (-1.948644e-01 1.196789e-03 2.872898e-04))
502.76        	((-3.095538e+00 1.702207e+03 1.206819e+03) (-5.287946e-03 1.438457e+01 4.987783e+00)) ((-1.199199e+02 8.935568e-02 -2.377856e-01) (-1.999568e-01 1.240979e-03 3.259485e-04))
502.77        	((-3.084013e+00 1.695826e+03 1.203113e+03) (-5.327406e-03 1.436309e+01 4.992934e+00)) ((-1.191603e+02 8.985324e-02 -2.339506e-01) (-2.034649e-01 1.206118e-03 3.299001e-04))
502.78        	((-3.073026e+00 1.689413e+03 1.199534e+03) (-5.294680e-03 1.434034e+01 4.994846e+00)) ((-1.183979e+02 8.981302e-02 -2.308510e-01) (-2.084890e-01 1.214183e-03 3.088637e-04))
502.79        	((-3.062148e+00 1.683101e+03 1.195903e+03) (-5.268442e-03 1.431889e+01 4.999802e+00)) ((-1.176368e+02 9.104469e-02 -2.277134e-01) (-2.119561e-01 1.169597e-03 2.785338e-04))
502.8         	((-3.049576e+00 1.676743e+03 1.192345e+03) (-5.355652e-03 1.429612e+01 5.001584e+00)) ((-1.169034e+02 9.085674e-02 -2.243547e-01) (-2.168800e-01 1.226154e-03 3.292286e-04))
502.81        	((-3.039272e+00 1.670488e+03 1.188716e+03) (-5.383298e-03 1.427438e+01 5.006415e+00)) ((-1.161753e+02 9.270205e-02 -2.196868e-01) (-2.202768e-01 1.190297e-03 3.162165e-04))
502.82        	((-3.028535e+00 1.664189e+03 1.185164e+03) (-5.333364e-03 1.425144e+01 5.008049e+00)) ((-1.154601e+02 9.359143e-02 -2.159643e-01) (-2.251363e-01 1.199611e-03 2.964938e-04))
502.83        	((-3.018332e+00 1.657991e+03 1.181554e+03) (-5.280837e-03 1.422976e+01 5.012615e+00)) ((-1.147329e+02 9.512501e-02 -2.127315e-01) (-2.284901e-01 1.150411e-03 2.755792e-04))
502.84        	((-3.007108e+00 1.651750e+03 1.178031e+03) (-5.383413e-03 1.420685e+01 5.014127e+00)) ((-1.140126e+02 9.472946e-02 -2.099086e-01) (-2.332416e-01 1.213700e-03 3.512006e-04))
502.85        	((-2.999096e+00 1.645616e+03 1.174457e+03) (-5.400431e-03 1.418493e+01 5.018632e+00)) ((-1.132870e+02 9.631911e-02 -2.060867e-01) (-2.365101e-01 1.166377e-03 3.340311e-04))
502.86        	((-2.989756e+00 1.639444e+03 1.170971e+03) (-5.358384e-03 1.416187e+01 5.020039e+00)) ((-1.125784e+02 9.699517e-02 -2.033884e-01) (-2.411602e-01 1.173408e-03 3.172434e-04))
502.87        	((-2.980074e+00 1.633375e+03 1.167434e+03) (-5.294602e-03 1.413997e+01 5.024245e+00)) ((-1.118674e+02 9.858607e-02 -2.007685e-01) (-2.443389e-01 1.115222e-03 2.794650e-04))
502.88        	((-2.968756e+00 1.627264e+03 1.163976e+03) (-5.428653e-03 1.411684e+01 5.025467e+00)) ((-1.111695e+02 9.818978e-02 -1.982284e-01) (-2.488479e-01 1.191565e-03 3.622555e-04))
502.89        	((-2.961037e+00 1.621251e+03 1.160458e+03) (-5.436692e-03 1.409460e+01 5.029563e+00)) ((-1.104658e+02 9.999798e-02 -1.943650e-01) (-2.519400e-01 1.143103e-03 3.290997e-04))
502.9         	((-2.952001e+00 1.615197e+03 1.157018e+03) (-5.398450e-03 1.407066e+01 5.030194e+00)) ((-1.097743e+02 1.006703e-01 -1.919517e-01) (-2.561526e-01 1.159124e-03 3.056117e-04))
502.91        	((-2.942777e+00 1.609243e+03 1.153533e+03) (-5.319133e-03 1.404773e+01 5.033482e+00)) ((-1.090755e+02 1.021440e-01 -1.894682e-01) (-2.589465e-01 1.102080e-03 2.518378e-04))
502.92        	((-2.931834e+00 1.603252e+03 1.150129e+03) (-5.488387e-03 1.402354e+01 5.033896e+00)) ((-1.083891e+02 1.013059e-01 -1.869469e-01) (-2.629889e-01 1.192678e-03 3.476727e-04))
502.93        	((-2.924190e+00 1.597358e+03 1.146672e+03) (-5.481769e-03 1.400008e+01 5.037037e+00)) ((-1.077000e+02 1.027437e-01 -1.830462e-01) (-2.656423e-01 1.139467e-03 3.055095e-04))
502.94        	((-2.914018e+00 1.591425e+03 1.143289e+03) (-5.507641e-03 1.397556e+01 5.037238e+00)) ((-1.070248e+02 1.023464e-01 -1.812534e-01) (-2.695494e-01 1.187592e-03 3.265521e-04))
502.95        	((-2.905656e+00 1.585588e+03 1.139865e+03) (-5.382919e-03 1.395218e+01 5.039930e+00)) ((-1.063425e+02 1.045635e-01 -1.790427e-01) (-2.721153e-01 1.111983e-03 2.518756e-04))
502.96        	((-2.898439e+00 1.579715e+03 1.136518e+03) (-5.545041e-03 1.392748e+01 5.040030e+00)) ((-1.056708e+02 1.056948e-01 -1.762659e-01) (-2.758869e-01 1.177337e-03 3.198190e-04))
502.97        	((-2.892847e+00 1.573933e+03 1.133115e+03) (-5.367760e-03 1.390359e+01 5.042771e+00)) ((-1.049983e+02 1.087106e-01 -1.728167e-01) (-2.783396e-01 1.047870e-03 1.743261e-04))
502.98        	((-2.879241e+00 1.568116e+03 1.129790e+03) (-5.386420e-03 1.387901e+01 5.042493e+00)) ((-1.043362e+02 1.067440e-01 -1.721600e-01) (-2.820455e-01 1.103479e-03 2.054189e-04))
502.99        	((-2.866403e+00 1.562390e+03 1.126418e+03) (-5.248036e-03 1.385541e+01 5.044827e+00)) ((-1.036705e+02 1.063211e-01 -1.706228e-01) (-2.844443e-01 1.027324e-03 1.334696e-04))
503           	((-2.853740e+00 1.556631e+03 1.123121e+03) (-5.554522e-03 1.383067e+01 5.044680e+00)) ((-1.030148e+02 1.038893e-01 -1.684482e-01) (-2.880112e-01 1.158735e-03 2.890343e-04))
503.01        	((-2.847167e+00 1.550960e+03 1.119770e+03) (-5.444308e-03 1.380673e+01 5.047089e+00)) ((-1.023582e+02 1.064551e-01 -1.646880e-01) (-2.903293e-01 1.056563e-03 1.826161e-04))
503.02        	((-2.836515e+00 1.545254e+03 1.116491e+03) (-5.447092e-03 1.378210e+01 5.046728e+00)) ((-1.017141e+02 1.066866e-01 -1.633435e-01) (-2.938209e-01 1.106649e-03 2.108038e-04))
503.03        	((-2.822984e+00 1.539638e+03 1.113170e+03) (-5.239242e-03 1.375857e+01 5.048707e+00)) ((-1.010653e+02 1.072865e-01 -1.620963e-01) (-2.961077e-01 1.029882e-03 1.255391e-04))
503.04        	((-2.808102e+00 1.533988e+03 1.109919e+03) (-5.586457e-03 1.373384e+01 5.048538e+00)) ((-1.004259e+02 1.050542e-01 -1.607281e-01) (-2.994644e-01 1.161847e-03 3.012031e-04))
503.05        	((-2.796569e+00 1.528423e+03 1.106619e+03) (-5.495120e-03 1.371002e+01 5.050743e+00)) ((-9.978376e+01 1.059678e-01 -1.581580e-01) (-3.016727e-01 1.066479e-03 2.048769e-04))
503.06        	((-2.782155e+00 1.522824e+03 1.103389e+03) (-5.498080e-03 1.368559e+01 5.050336e+00)) ((-9.915486e+01 1.050154e-01 -1.576334e-01) (-3.050031e-01 1.110130e-03 2.273901e-04))
503.07        	((-2.767732e+00 1.517316e+03 1.100125e+03) (-5.404121e-03 1.366222e+01 5.052224e+00)) ((-9.851953e+01 1.054757e-01 -1.561044e-01) (-3.071799e-01 1.054299e-03 1.840444e-04))
503.08        	((-2.752677e+00 1.511779e+03 1.096934e+03) (-5.687264e-03 1.363775e+01 5.051962e+00)) ((-9.789344e+01 1.037032e-01 -1.545413e-01) (-3.103895e-01 1.163904e-03 3.172108e-04))
503.09        	((-2.741158e+00 1.506330e+03 1.093701e+03) (-5.572780e-03 1.361408e+01 5.053978e+00)) ((-9.726413e+01 1.055109e-01 -1.517187e-01) (-3.124742e-01 1.054844e-03 2.027002e-04))
503.1         	((-2.725423e+00 1.500854e+03 1.090540e+03) (-5.587744e-03 1.358980e+01 5.053454e+00)) ((-9.664690e+01 1.049468e-01 -1.514170e-01) (-3.156121e-01 1.101883e-03 2.323481e-04))
503.11        	((-2.708144e+00 1.495467e+03 1.087347e+03) (-5.382839e-03 1.356652e+01 5.055051e+00)) ((-9.602370e+01 1.053742e-01 -1.505844e-01) (-3.176610e-01 1.011642e-03 1.340544e-04))
503.12        	((-2.689816e+00 1.490052e+03 1.084224e+03) (-5.744885e-03 1.354213e+01 5.054638e+00)) ((-9.540863e+01 1.033384e-01 -1.496940e-01) (-3.206732e-01 1.149608e-03 3.134514e-04))
503.13        	((-2.675657e+00 1.484721e+03 1.081060e+03) (-5.634108e-03 1.351850e+01 5.056376e+00)) ((-9.479093e+01 1.051427e-01 -1.471760e-01) (-3.226200e-01 1.043153e-03 1.995057e-04))
503.14        	((-2.657741e+00 1.479359e+03 1.077960e+03) (-5.651434e-03 1.349432e+01 5.055637e+00)) ((-9.418560e+01 1.045622e-01 -1.470685e-01) (-3.255571e-01 1.095990e-03 2.361054e-04))
503.15        	((-2.641590e+00 1.474085e+03 1.074829e+03) (-5.664351e-03 1.346986e+01 5.056360e+00)) ((-9.357339e+01 1.062500e-01 -1.447295e-01) (-3.270354e-01 1.050157e-03 2.151392e-04))
503.16        	((-2.622109e+00 1.468785e+03 1.071763e+03) (-5.791543e-03 1.344451e+01 5.054818e+00)) ((-9.297143e+01 1.054441e-01 -1.441830e-01) (-3.295229e-01 1.132278e-03 2.924830e-04))
503.17        	((-2.605470e+00 1.463566e+03 1.068659e+03) (-5.707445e-03 1.341973e+01 5.055456e+00)) ((-9.236337e+01 1.079389e-01 -1.417097e-01) (-3.309800e-01 1.039912e-03 2.025091e-04))
503.18        	((-2.583425e+00 1.458319e+03 1.065616e+03) (-5.709433e-03 1.339430e+01 5.053699e+00)) ((-9.176800e+01 1.079110e-01 -1.422369e-01) (-3.334380e-01 1.095755e-03 2.317476e-04))
503.19        	((-2.564910e+00 1.453155e+03 1.062540e+03) (-5.797792e-03 1.336930e+01 5.054238e+00)) ((-9.116620e+01 1.115296e-01 -1.392565e-01) (-3.348385e-01 1.052516e-03 2.216968e-04))
503.2         	((-2.540992e+00 1.447966e+03 1.059520e+03) (-5.812342e-03 1.334352e+01 5.052477e+00)) ((-9.057871e+01 1.141592e-01 -1.391472e-01) (-3.372412e-01 1.089548e-03 2.203694e-04))
503.21        	((-2.512990e+00 1.442858e+03 1.056465e+03) (-5.662854e-03 1.331930e+01 5.053358e+00)) ((-8.998592e+01 1.203800e-01 -1.379092e-01) (-3.390335e-01 9.907997e-04 9.446090e-05))
503.22        	((-2.476938e+00 1.437731e+03 1.053463e+03) (-6.043647e-03 1.329424e+01 5.052368e+00)) ((-8.940321e+01 1.272072e-01 -1.374372e-01) (-3.416899e-01 1.121967e-03 2.178522e-04))
503.23        	((-2.432774e+00 1.432688e+03 1.050410e+03) (-6.128605e-03 1.326960e+01 5.053332e+00)) ((-8.881780e+01 1.428919e-01 -1.355332e-01) (-3.434554e-01 1.042930e-03 -1.550016e-05))
503.24        	((-2.381688e+00 1.427629e+03 1.047415e+03) (-6.279731e-03 1.324502e+01 5.051964e+00)) ((-8.823860e+01 1.535595e-01 -1.315454e-01) (-3.460480e-01 1.181898e-03 5.796517e-05))
503.25        	((-2.345519e+00 1.422650e+03 1.044407e+03) (-6.306115e-03 1.322128e+01 5.052892e+00)) ((-8.764247e+01 1.585866e-01 -1.168620e-01) (-3.475459e-01 1.134959e-03 1.929753e-04))
503.26        	((-2.301823e+00 1.417639e+03 1.041436e+03) (-6.269512e-03 1.319673e+01 5.051862e+00)) ((-8.705872e+01 1.664666e-01 -1.059541e-01) (-3.499483e-01 1.112413e-03 1.890668e-04))
503.27        	((-2.236704e+00 1.412695e+03 1.038387e+03) (-6.357340e-03 1.317245e+01 5.052689e+00)) ((-8.647122e+01 1.951985e-01 -9.282175e-02) (-3.514573e-01 1.020994e-03 -5.792136e-05))
503.28        	((-2.122844e+00 1.407733e+03 1.035365e+03) (-6.842789e-03 1.314829e+01 5.051780e+00)) ((-8.586310e+01 2.400658e-01 -4.411288e-02) (-3.535311e-01 1.050519e-03 -8.205147e-05))
503.29        	((-2.169854e+00 1.402869e+03 1.032250e+03) (-5.091797e-03 1.312193e+01 5.051996e+00)) ((-8.520450e+01 2.086455e-01 -8.300095e-02) (-3.530950e-01 1.477855e-03 1.036078e-03))
503.3         	((-2.205599e+00 1.398095e+03 1.029345e+03) (-6.230354e-03 1.310172e+01 5.052348e+00)) ((-8.471868e+01 1.847678e-01 -1.308360e-01) (-3.572833e-01 1.210146e-03 3.237941e-04))
503.31        	((-2.127190e+00 1.393328e+03 1.026321e+03) (-6.664955e-03 1.307796e+01 5.053594e+00)) ((-8.413347e+01 2.150006e-01 -1.036533e-01) (-3.583515e-01 9.202287e-04 -1.930156e-04))
503.32        	((-2.085454e+00 1.388545e+03 1.023386e+03) (-6.346430e-03 1.305672e+01 5.053533e+00)) ((-8.359544e+01 2.223960e-01 -9.236746e-02) (-3.615837e-01 1.155217e-03 2.750132e-04))
503.33        	((-2.021268e+00 1.383725e+03 1.020247e+03) (-6.356047e-03 1.303272e+01 5.054511e+00)) ((-8.289152e+01 2.466602e-01 -6.508312e-02) (-3.623803e-01 9.296025e-04 -1.237415e-04))
503.34        	((-1.998735e+00 1.378933e+03 1.017260e+03) (-6.279971e-03 1.301146e+01 5.054117e+00)) ((-8.229324e+01 2.469266e-01 -5.812394e-02) (-3.652752e-01 1.119567e-03 2.537137e-04))
503.35        	((-1.974568e+00 1.374150e+03 1.014141e+03) (-6.086144e-03 1.298751e+01 5.054866e+00)) ((-8.159031e+01 2.502597e-01 -4.853458e-02) (-3.659020e-01 9.772263e-04 7.427333e-05))
503.36        	((-1.963215e+00 1.369432e+03 1.011204e+03) (-6.116657e-03 1.296598e+01 5.054305e+00)) ((-8.103474e+01 2.455802e-01 -4.504021e-02) (-3.685557e-01 1.053847e-03 2.892607e-04))
503.37        	((-1.956266e+00 1.364731e+03 1.008122e+03) (-5.700635e-03 1.294192e+01 5.054795e+00)) ((-8.038586e+01 2.391532e-01 -4.059110e-02) (-3.692852e-01 9.501118e-04 2.196624e-04))
503.38        	((-1.960468e+00 1.360069e+03 1.005166e+03) (-5.711399e-03 1.291962e+01 5.054035e+00)) ((-7.983767e+01 2.311481e-01 -3.681580e-02) (-3.717331e-01 9.449231e-04 4.589341e-04))
503.39        	((-1.953515e+00 1.355414e+03 1.002132e+03) (-5.642806e-03 1.289631e+01 5.054211e+00)) ((-7.917142e+01 2.358755e-01 -4.244375e-02) (-3.722745e-01 8.405936e-04 1.205051e-04))
503.4         	((-1.947958e+00 1.350766e+03 9.992109e+02) (-5.679904e-03 1.287390e+01 5.053151e+00)) ((-7.859276e+01 2.387920e-01 -4.097108e-02) (-3.743287e-01 8.776758e-04 1.357014e-04))
503.41        	((-1.956509e+00 1.346123e+03 9.961753e+02) (-5.490835e-03 1.284958e+01 5.053147e+00)) ((-7.795053e+01 2.240865e-01 -3.391298e-02) (-3.749913e-01 8.560128e-04 2.322460e-04))
503.42        	((-1.956073e+00 1.341498e+03 9.932735e+02) (-5.475083e-03 1.282690e+01 5.051612e+00)) ((-7.739065e+01 2.192783e-01 -2.907544e-02) (-3.768228e-01 7.636215e-04 1.006717e-04))
503.43        	((-1.963015e+00 1.336903e+03 9.903212e+02) (-5.431324e-03 1.280295e+01 5.051277e+00)) ((-7.677443e+01 2.095547e-01 -2.665378e-02) (-3.774521e-01 7.436338e-04 1.220768e-04))
503.44        	((-1.971397e+00 1.332320e+03 9.874612e+02) (-5.366765e-03 1.277971e+01 5.049744e+00)) ((-7.622677e+01 2.058497e-01 -2.298511e-02) (-3.791376e-01 6.962103e-04 7.883245e-05))
503.45        	((-1.978702e+00 1.327771e+03 9.845647e+02) (-5.354250e-03 1.275585e+01 5.049168e+00)) ((-7.562686e+01 2.011892e-01 -2.410500e-02) (-3.798157e-01 6.709183e-04 4.415729e-05))
503.46        	((-1.984546e+00 1.323222e+03 9.817425e+02) (-5.337647e-03 1.273239e+01 5.047458e+00)) ((-7.507895e+01 2.009206e-01 -2.321675e-02) (-3.813309e-01 6.639580e-04 -1.637974e-05))
503.47        	((-1.991709e+00 1.318704e+03 9.788933e+02) (-5.317497e-03 1.270840e+01 5.046656e+00)) ((-7.449331e+01 1.937057e-01 -2.249533e-02) (-3.819829e-01 6.587782e-04 1.136534e-05))
503.48        	((-1.998779e+00 1.314183e+03 9.761079e+02) (-5.250934e-03 1.268464e+01 5.044734e+00)) ((-7.395391e+01 1.896219e-01 -2.013376e-02) (-3.833149e-01 6.298109e-04 -3.435607e-05))
503.49        	((-2.003379e+00 1.309701e+03 9.733174e+02) (-5.269696e-03 1.266061e+01 5.043664e+00)) ((-7.338632e+01 1.853533e-01 -2.006751e-02) (-3.838782e-01 6.094823e-04 -5.583647e-05))
503.5         	((-2.010004e+00 1.305213e+03 9.705796e+02) (-5.273832e-03 1.263663e+01 5.041563e+00)) ((-7.285900e+01 1.849442e-01 -1.876068e-02) (-3.850068e-01 6.213753e-04 -7.815077e-05))
503.51        	((-2.018048e+00 1.300768e+03 9.678339e+02) (-5.266348e-03 1.261243e+01 5.040312e+00)) ((-7.231105e+01 1.801558e-01 -1.706871e-02) (-3.855281e-01 6.060284e-04 -4.385100e-05))
503.52        	((-2.025389e+00 1.296317e+03 9.651311e+02) (-5.237053e-03 1.258832e+01 5.038039e+00)) ((-7.179429e+01 1.789390e-01 -1.608756e-02) (-3.865514e-01 5.928663e-04 -7.040933e-05))
503.53        	((-2.028262e+00 1.291911e+03 9.624321e+02) (-5.256539e-03 1.256416e+01 5.036607e+00)) ((-7.125936e+01 1.768200e-01 -1.606145e-02) (-3.870386e-01 5.677803e-04 -8.482717e-05))
503.54        	((-2.030680e+00 1.287496e+03 9.597689e+02) (-5.269006e-03 1.254001e+01 5.034252e+00)) ((-7.075121e+01 1.765849e-01 -1.621506e-02) (-3.879563e-01 5.857692e-04 -9.041718e-05))
503.55        	((-2.030972e+00 1.283124e+03 9.571107e+02) (-5.272031e-03 1.251581e+01 5.032694e+00)) ((-7.023064e+01 1.735364e-01 -1.531211e-02) (-3.884302e-01 5.585165e-04 -8.937294e-05))
503.56        	((-2.031669e+00 1.278744e+03 9.544829e+02) (-5.275140e-03 1.249158e+01 5.030211e+00)) ((-6.973437e+01 1.717613e-01 -1.483812e-02) (-3.892837e-01 5.670360e-04 -7.732056e-05))
503.57        	((-2.028665e+00 1.274408e+03 9.518697e+02) (-5.286311e-03 1.246742e+01 5.028483e+00)) ((-6.922641e+01 1.706499e-01 -1.418634e-02) (-3.897211e-01 5.217773e-04 -1.121135e-04))
503.58        	((-2.024970e+00 1.270064e+03 9.492831e+02) (-5.355510e-03 1.244321e+01 5.025906e+00)) ((-6.873936e+01 1.706990e-01 -1.416156e-02) (-3.904888e-01 5.507891e-04 -7.907375e-05))
503.59        	((-2.019557e+00 1.265759e+03 9.467044e+02) (-5.359797e-03 1.241893e+01 5.024036e+00)) ((-6.824428e+01 1.689334e-01 -1.211352e-02) (-3.908979e-01 4.925691e-04 -7.760267e-05))
503.6         	((-2.010083e+00 1.261446e+03 9.441498e+02) (-5.458248e-03 1.239466e+01 5.021250e+00)) ((-6.776775e+01 1.676872e-01 -1.156366e-02) (-3.916108e-01 4.872875e-04 -5.148391e-06))
503.61        	((-2.001391e+00 1.257178e+03 9.416162e+02) (-5.371957e-03 1.237045e+01 5.019239e+00)) ((-6.728118e+01 1.688548e-01 -1.525494e-02) (-3.919777e-01 4.551035e-04 -9.098934e-05))
503.62        	((-2.001556e+00 1.252912e+03 9.391049e+02) (-5.263361e-03 1.234632e+01 5.016521e+00)) ((-6.681047e+01 1.697009e-01 -2.419608e-02) (-3.925971e-01 6.038660e-04 -1.737454e-04))
503.63        	((-2.005922e+00 1.248696e+03 9.366026e+02) (-5.176267e-03 1.232226e+01 5.014691e+00)) ((-6.633224e+01 1.647563e-01 -2.273854e-02) (-3.928769e-01 5.743836e-04 -2.478579e-04))
503.64        	((-2.006613e+00 1.244477e+03 9.341084e+02) (-5.261364e-03 1.229832e+01 5.012133e+00)) ((-6.587168e+01 1.583044e-01 -1.913268e-02) (-3.933926e-01 5.978806e-04 -1.792620e-04))
503.65        	((-2.004036e+00 1.240294e+03 9.316238e+02) (-5.192692e-03 1.227440e+01 5.010242e+00)) ((-6.540495e+01 1.560623e-01 -1.661037e-02) (-3.936283e-01 5.074020e-04 -2.543862e-04))
503.66        	((-1.998941e+00 1.236108e+03 9.291485e+02) (-5.262347e-03 1.225054e+01 5.007636e+00)) ((-6.495413e+01 1.547094e-01 -1.794319e-02) (-3.941076e-01 5.612584e-04 -2.077968e-04))
503.67        	((-1.995181e+00 1.231962e+03 9.266812e+02) (-5.164558e-03 1.222653e+01 5.005654e+00)) ((-6.449741e+01 1.524343e-01 -1.884265e-02) (-3.944062e-01 5.011989e-04 -2.628138e-04))
503.68        	((-1.984713e+00 1.227820e+03 9.242272e+02) (-5.277520e-03 1.220265e+01 5.002946e+00)) ((-6.405374e+01 1.482066e-01 -2.466348e-02) (-3.949365e-01 5.771956e-04 -1.874808e-04))
503.69        	((-1.972918e+00 1.223720e+03 9.217875e+02) (-5.232699e-03 1.217866e+01 5.000914e+00)) ((-6.360299e+01 1.433612e-01 -3.037429e-02) (-3.952125e-01 5.354538e-04 -2.258592e-04))
503.7         	((-1.957639e+00 1.219624e+03 9.193566e+02) (-5.366588e-03 1.215487e+01 4.998268e+00)) ((-6.316425e+01 1.371892e-01 -3.779127e-02) (-3.956164e-01 6.208150e-04 -1.262320e-04))
503.71        	((-1.945790e+00 1.215566e+03 9.169376e+02) (-5.289879e-03 1.213103e+01 4.996226e+00)) ((-6.271892e+01 1.319045e-01 -4.173408e-02) (-3.957737e-01 5.581275e-04 -1.672113e-04))
503.72        	((-1.931222e+00 1.211507e+03 9.145244e+02) (-5.415603e-03 1.210741e+01 4.993539e+00)) ((-6.228780e+01 1.266367e-01 -4.662302e-02) (-3.960957e-01 6.288655e-04 -6.865061e-05))
503.73        	((-1.919164e+00 1.207482e+03 9.121231e+02) (-5.360692e-03 1.208365e+01 4.991390e+00)) ((-6.185121e+01 1.229889e-01 -4.976188e-02) (-3.962379e-01 5.744535e-04 -1.066116e-04))
503.74        	((-1.902029e+00 1.203459e+03 9.097268e+02) (-5.538866e-03 1.206009e+01 4.988654e+00)) ((-6.142769e+01 1.180295e-01 -5.595240e-02) (-3.965061e-01 6.750067e-04 2.210741e-05))
503.75        	((-1.887008e+00 1.199473e+03 9.073449e+02) (-5.492581e-03 1.203634e+01 4.986402e+00)) ((-6.099683e+01 1.127809e-01 -6.099133e-02) (-3.966209e-01 6.348283e-04 4.026547e-06))
503.76        	((-1.870666e+00 1.195489e+03 9.049692e+02) (-5.589616e-03 1.201274e+01 4.983532e+00)) ((-6.057671e+01 1.080859e-01 -6.633274e-02) (-3.969612e-01 6.934135e-04 6.520924e-05))
503.77        	((-1.862881e+00 1.191542e+03 9.026149e+02) (-5.456204e-03 1.198895e+01 4.981180e+00)) ((-6.014794e+01 1.071899e-01 -6.618161e-02) (-3.971412e-01 6.083355e-04 -3.996807e-05))
503.78        	((-1.854369e+00 1.187597e+03 9.002658e+02) (-5.562517e-03 1.196543e+01 4.978370e+00)) ((-5.973140e+01 1.069946e-01 -6.597294e-02) (-3.973886e-01 6.758272e-04 1.784612e-05))
503.79        	((-1.848567e+00 1.183690e+03 8.979337e+02) (-5.461065e-03 1.194173e+01 4.976008e+00)) ((-5.930714e+01 1.059301e-01 -6.451275e-02) (-3.974836e-01 6.158198e-04 -4.396957e-05))
503.8         	((-1.836361e+00 1.179783e+03 8.956010e+02) (-5.586967e-03 1.191829e+01 4.973158e+00)) ((-5.889660e+01 1.028657e-01 -6.681470e-02) (-3.976709e-01 6.899323e-04 4.016237e-05))
503.81        	((-1.826362e+00 1.175916e+03 8.932892e+02) (-5.479554e-03 1.189466e+01 4.970708e+00)) ((-5.847682e+01 9.997983e-02 -6.833750e-02) (-3.977441e-01 6.235276e-04 -3.671284e-05))
503.82        	((-1.813716e+00 1.172040e+03 8.909719e+02) (-5.601151e-03 1.187128e+01 4.967829e+00)) ((-5.807240e+01 9.715202e-02 -7.108131e-02) (-3.979135e-01 6.943986e-04 3.396710e-05))
503.83        	((-1.806634e+00 1.168209e+03 8.886759e+02) (-5.479104e-03 1.184769e+01 4.965342e+00)) ((-5.765793e+01 9.471488e-02 -7.098948e-02) (-3.979838e-01 6.266764e-04 -3.624123e-05))
503.84        	((-1.796499e+00 1.164366e+03 8.863739e+02) (-5.589603e-03 1.182438e+01 4.962455e+00)) ((-5.725943e+01 9.218562e-02 -7.225246e-02) (-3.981243e-01 6.900209e-04 3.655880e-05))
503.85        	((-1.789491e+00 1.160581e+03 8.841023e+02) (-5.482287e-03 1.180090e+01 4.959930e+00)) ((-5.684695e+01 9.010063e-02 -7.219641e-02) (-3.981603e-01 6.267243e-04 -3.703425e-05))
503.86        	((-1.778108e+00 1.156773e+03 8.818180e+02) (-5.606651e-03 1.177770e+01 4.957043e+00)) ((-5.645334e+01 8.751590e-02 -7.389426e-02) (-3.982625e-01 6.971952e-04 4.187677e-05))
503.87        	((-1.770598e+00 1.153032e+03 8.795661e+02) (-5.488650e-03 1.175429e+01 4.954485e+00)) ((-5.604352e+01 8.418362e-02 -7.382665e-02) (-3.982879e-01 6.347287e-04 -1.901757e-05))
503.88        	((-1.759302e+00 1.149249e+03 8.772917e+02) (-5.604991e-03 1.173118e+01 4.951578e+00)) ((-5.565840e+01 8.105934e-02 -7.531856e-02) (-3.983670e-01 6.994808e-04 5.408774e-05))
503.89        	((-1.752075e+00 1.145552e+03 8.750587e+02) (-5.491020e-03 1.170785e+01 4.948976e+00)) ((-5.525091e+01 7.817733e-02 -7.534070e-02) (-3.983602e-01 6.381374e-04 -1.582340e-05))
503.9         	((-1.740835e+00 1.141788e+03 8.727915e+02) (-5.614580e-03 1.168483e+01 4.946064e+00)) ((-5.487361e+01 7.560138e-02 -7.675533e-02) (-3.983932e-01 7.068709e-04 5.865061e-05))
503.91        	((-1.733732e+00 1.138141e+03 8.705783e+02) (-5.500784e-03 1.166156e+01 4.943425e+00)) ((-5.446618e+01 7.276922e-02 -7.661717e-02) (-3.983618e-01 6.464648e-04 -6.798555e-06))
503.92        	((-1.722685e+00 1.134386e+03 8.683088e+02) (-5.620523e-03 1.163862e+01 4.940498e+00)) ((-5.410032e+01 7.002927e-02 -7.797972e-02) (-3.983676e-01 7.113131e-04 6.910883e-05))
503.93        	((-1.717018e+00 1.130786e+03 8.661050e+02) (-5.509211e-03 1.161539e+01 4.937798e+00)) ((-5.369316e+01 6.691563e-02 -7.844783e-02) (-3.983305e-01 6.514289e-04 4.969078e-06))
503.94        	((-1.708127e+00 1.126994e+03 8.637916e+02) (-5.634187e-03 1.159251e+01 4.934833e+00)) ((-5.334965e+01 6.408221e-02 -8.042513e-02) (-3.983194e-01 7.188289e-04 8.105588e-05))
503.95        	((-1.706898e+00 1.123386e+03 8.615201e+02) (-5.524338e-03 1.156926e+01 4.932040e+00)) ((-5.295420e+01 6.050936e-02 -8.141797e-02) (-3.982795e-01 6.624132e-04 2.028821e-05))
503.96        	((-1.700188e+00 1.119542e+03 8.591503e+02) (-5.644680e-03 1.154640e+01 4.928990e+00)) ((-5.263190e+01 5.698385e-02 -8.391055e-02) (-3.982540e-01 7.282910e-04 9.784843e-05))
503.97        	((-1.705462e+00 1.115906e+03 8.567507e+02) (-5.543004e-03 1.152307e+01 4.926042e+00)) ((-5.224848e+01 5.291728e-02 -8.571516e-02) (-3.982082e-01 6.742406e-04 3.853781e-05))
503.98        	((-1.704072e+00 1.111887e+03 8.541834e+02) (-5.679109e-03 1.150020e+01 4.922823e+00)) ((-5.197674e+01 4.910138e-02 -8.892433e-02) (-3.981419e-01 7.426931e-04 1.188148e-04))
503.99        	((-1.726723e+00 1.108201e+03 8.515325e+02) (-5.596554e-03 1.147657e+01 4.919553e+00)) ((-5.160462e+01 4.460988e-02 -9.143067e-02) (-3.980726e-01 6.899334e-04 6.903611e-05))
504           	((-1.738678e+00 1.103885e+03 8.486138e+02) (-5.751847e-03 1.145344e+01 4.915941e+00)) ((-5.140480e+01 4.030614e-02 -9.571089e-02) (-3.979442e-01 7.573653e-04 1.540264e-04))
504.01        	((-1.713944e+00 1.099644e+03 8.448700e+02) (-5.724066e-03 1.142893e+01 4.911561e+00)) ((-5.113667e+01 3.139551e-02 -1.008586e-01) (-3.977097e-01 7.222807e-04 1.302756e-04))
504.02        	((-1.662402e+00 1.094643e+03 8.411873e+02) (-5.915691e-03 1.140460e+01 4.906828e+00)) ((-5.107614e+01 2.227774e-02 -1.084438e-01) (-3.975196e-01 8.054585e-04 2.511433e-04))
504.03        	((-1.615402e+00 1.092623e+03 8.405517e+02) (-5.699897e-03 1.137796e+01 4.901214e+00)) ((-5.021487e+01 1.308910e-02 -1.111817e-01) (-3.971760e-01 7.054817e-04 1.133640e-04))
504.04        	((-1.605541e+00 1.089076e+03 8.388551e+02) (-5.789139e-03 1.135180e+01 4.895703e+00)) ((-4.982692e+01 1.351404e-02 -1.122888e-01) (-3.965096e-01 7.670220e-04 1.619576e-04))
504.05        	((-1.646994e+00 1.089705e+03 8.411498e+02) (-5.632658e-03 1.132102e+01 4.888661e+00)) ((-4.843147e+01 1.301543e-02 -1.067575e-01) (-3.955399e-01 7.085463e-04 4.087854e-05))
504.06        	((-1.659745e+00 1.084790e+03 8.374856e+02) (-5.705799e-03 1.129002e+01 4.881468e+00)) ((-4.851830e+01 1.787587e-02 -1.065391e-01) (-3.943877e-01 7.633373e-04 4.691994e-05))
504.07        	((-1.721917e+00 1.082313e+03 8.350451e+02) (-5.536351e-03 1.125236e+01 4.870801e+00)) ((-4.839787e+01 2.026217e-02 -1.045903e-01) (-3.931002e-01 7.039005e-04 -9.491961e-05))
504.08        	((-1.706155e+00 1.075322e+03 8.292006e+02) (-5.768757e-03 1.121439e+01 4.858627e+00)) ((-4.890664e+01 1.812607e-02 -1.075084e-01) (-3.917501e-01 8.202674e-04 3.032101e-05))
504.09        	((-1.728660e+00 1.071069e+03 8.250788e+02) (-5.641624e-03 1.117428e+01 4.844464e+00)) ((-4.877781e+01 1.314787e-02 -1.066880e-01) (-3.900008e-01 7.468052e-04 -2.909534e-05))
504.1         	((-1.693916e+00 1.064827e+03 8.209534e+02) (-5.783015e-03 1.113580e+01 4.830216e+00)) ((-4.870879e+01 2.001441e-03 -1.130233e-01) (-3.875806e-01 7.966774e-04 9.859520e-05))
504.11        	((-1.707672e+00 1.059990e+03 8.173560e+02) (-5.654691e-03 1.109779e+01 4.815812e+00)) ((-4.847964e+01 -8.763201e-03 -1.187275e-01) (-3.840225e-01 6.946097e-04 8.851842e-05))
504.12        	((-1.699607e+00 1.055113e+03 8.147343e+02) (-5.787404e-03 1.105729e+01 4.799170e+00)) ((-4.832723e+01 -2.020877e-02 -1.274257e-01) (-3.788487e-01 7.202522e-04 2.287338e-04))
504.13        	((-1.732002e+00 1.051182e+03 8.116802e+02) (-5.685945e-03 1.100809e+01 4.778086e+00)) ((-4.820098e+01 -2.937560e-02 -1.330426e-01) (-3.722191e-01 6.277260e-04 2.212849e-04))
504.14        	((-1.726631e+00 1.046970e+03 8.095552e+02) (-5.821265e-03 1.094700e+01 4.750210e+00)) ((-4.801474e+01 -4.032613e-02 -1.409280e-01) (-3.639577e-01 6.667036e-04 3.363816e-04))
504.15        	((-1.740576e+00 1.042579e+03 8.060299e+02) (-5.727452e-03 1.087185e+01 4.715529e+00)) ((-4.793543e+01 -5.036059e-02 -1.452425e-01) (-3.545788e-01 5.988525e-04 3.178293e-04))
504.16        	((-1.719915e+00 1.038723e+03 8.044596e+02) (-5.829833e-03 1.078051e+01 4.672258e+00)) ((-4.751330e+01 -6.229888e-02 -1.511725e-01) (-3.438038e-01 6.566857e-04 4.136583e-04))
504.17        	((-1.721296e+00 1.034291e+03 8.010491e+02) (-5.659646e-03 1.068139e+01 4.625887e+00)) ((-4.735014e+01 -7.250297e-02 -1.515096e-01) (-3.331946e-01 6.052729e-04 4.069285e-04))
504.18        	((-1.711042e+00 1.031575e+03 8.005859e+02) (-5.690262e-03 1.055891e+01 4.568033e+00)) ((-4.665329e+01 -8.789015e-02 -1.496388e-01) (-3.209156e-01 6.993587e-04 7.227661e-04))
504.19        	((-1.708715e+00 1.027664e+03 7.976065e+02) (-5.435144e-03 1.043377e+01 4.508964e+00)) ((-4.647371e+01 -9.323236e-02 -1.487580e-01) (-3.091633e-01 5.706086e-04 4.980717e-04))
504.2         	((-1.698109e+00 1.025882e+03 7.978677e+02) (-5.364159e-03 1.028598e+01 4.439164e+00)) ((-4.570866e+01 -1.022673e-01 -1.468807e-01) (-2.964555e-01 6.541758e-04 7.521249e-04))
504.21        	((-1.673628e+00 1.022159e+03 7.949570e+02) (-5.189977e-03 1.014103e+01 4.370539e+00)) ((-4.562469e+01 -1.002736e-01 -1.476429e-01) (-2.847059e-01 5.661051e-04 3.868838e-04))
504.22        	((-1.661808e+00 1.020673e+03 7.952732e+02) (-5.085244e-03 9.974894e+00 4.292807e+00)) ((-4.486875e+01 -1.164665e-01 -1.381105e-01) (-2.729277e-01 8.093541e-04 1.042067e-03))
504.23        	((-1.625241e+00 1.016854e+03 7.921576e+02) (-4.977164e-03 9.817672e+00 4.217536e+00)) ((-4.482735e+01 -1.183534e-01 -1.370027e-01) (-2.620347e-01 5.778738e-04 4.462812e-04))
504.24        	((-1.615179e+00 1.015428e+03 7.923523e+02) (-4.825105e-03 9.642067e+00 4.135258e+00)) ((-4.405709e+01 -1.377824e-01 -1.260493e-01) (-2.514796e-01 7.621428e-04 1.324626e-03))
504.25        	((-1.584810e+00 1.011705e+03 7.893396e+02) (-4.716509e-03 9.480319e+00 4.057402e+00)) ((-4.402633e+01 -1.404932e-01 -1.267950e-01) (-2.414374e-01 5.273291e-04 5.545928e-04))
504.26        	((-1.575035e+00 1.010455e+03 7.897193e+02) (-4.633429e-03 9.305466e+00 3.974661e+00)) ((-4.327077e+01 -1.516303e-01 -1.232073e-01) (-2.321565e-01 5.805359e-04 9.167582e-04))
504.27        	((-1.537263e+00 1.007027e+03 7.871332e+02) (-4.457064e-03 9.146382e+00 3.898829e+00)) ((-4.323218e+01 -1.467685e-01 -1.295733e-01) (-2.238524e-01 4.303913e-04 5.137281e-04))
504.28        	((-1.538715e+00 1.005906e+03 7.876026e+02) (-4.343323e-03 8.979238e+00 3.820928e+00)) ((-4.249405e+01 -1.660288e-01 -1.231691e-01) (-2.169148e-01 5.998573e-04 1.255078e-03))
504.29        	((-1.516800e+00 1.002739e+03 7.852560e+02) (-4.224932e-03 8.832235e+00 3.751201e+00)) ((-4.240730e+01 -1.702353e-01 -1.276034e-01) (-2.109556e-01 4.087105e-04 6.254353e-04))
504.3         	((-1.526225e+00 1.001917e+03 7.858941e+02) (-4.160230e-03 8.683046e+00 3.681746e+00)) ((-4.163035e+01 -1.864684e-01 -1.265140e-01) (-2.067731e-01 4.558613e-04 9.775304e-04))
504.31        	((-1.501095e+00 9.990180e+02 7.837631e+02) (-4.033664e-03 8.552214e+00 3.621252e+00)) ((-4.151350e+01 -1.844700e-01 -1.366432e-01) (-2.037081e-01 3.603850e-04 5.851091e-04))
504.32        	((-1.537169e+00 9.978757e+02 7.839867e+02) (-3.674550e-03 8.419292e+00 3.562931e+00)) ((-4.086558e+01 -2.134519e-01 -1.313557e-01) (-2.032380e-01 5.519181e-04 2.486856e-03))
504.33        	((-1.593891e+00 9.949726e+02 7.817961e+02) (-3.754136e-03 8.310801e+00 3.513361e+00)) ((-4.080383e+01 -2.527172e-01 -1.257747e-01) (-2.027465e-01 4.499307e-04 1.078348e-03))
504.34        	((-1.611692e+00 9.935924e+02 7.818895e+02) (-3.755418e-03 8.205474e+00 3.467126e+00)) ((-4.019879e+01 -2.531411e-01 -1.461564e-01) (-2.045371e-01 4.574792e-04 7.174848e-04))
504.35        	((-1.625384e+00 9.908991e+02 7.800765e+02) (-3.582032e-03 8.115653e+00 3.430275e+00)) ((-4.004792e+01 -2.581750e-01 -1.615572e-01) (-2.074803e-01 4.835497e-04 7.290488e-04))
504.36        	((-1.630270e+00 9.893858e+02 7.800446e+02) (-3.696361e-03 8.032366e+00 3.396730e+00)) ((-3.945990e+01 -2.558065e-01 -1.777380e-01) (-2.121533e-01 4.603685e-04 6.179442e-04))
504.37        	((-1.654637e+00 9.868326e+02 7.783235e+02) (-3.568196e-03 7.962409e+00 3.371318e+00)) ((-3.928383e+01 -2.810986e-01 -1.739370e-01) (-2.176324e-01 4.170781e-04 8.444608e-04))
504.38        	((-1.674553e+00 9.851049e+02 7.779866e+02) (-3.654894e-03 7.901714e+00 3.349923e+00)) ((-3.876663e+01 -2.942874e-01 -1.761129e-01) (-2.239893e-01 3.923121e-04 7.061909e-04))
504.39        	((-1.711319e+00 9.825738e+02 7.762403e+02) (-3.507117e-03 7.849353e+00 3.334675e+00)) ((-3.859959e+01 -3.190908e-01 -1.736764e-01) (-2.312713e-01 3.815279e-04 9.098196e-04))
504.4         	((-1.740004e+00 9.806495e+02 7.756882e+02) (-3.589312e-03 7.804802e+00 3.322619e+00)) ((-3.814213e+01 -3.247224e-01 -1.866001e-01) (-2.391219e-01 3.680492e-04 8.656445e-04))
504.41        	((-1.772450e+00 9.781811e+02 7.740571e+02) (-3.480467e-03 7.767516e+00 3.315659e+00)) ((-3.795126e+01 -3.342823e-01 -1.987682e-01) (-2.474052e-01 3.482080e-04 9.490402e-04))
504.42        	((-1.790766e+00 9.761113e+02 7.733888e+02) (-3.603807e-03 7.736510e+00 3.310944e+00)) ((-3.751345e+01 -3.360419e-01 -2.128669e-01) (-2.558026e-01 3.516773e-04 8.204662e-04))
504.43        	((-1.804871e+00 9.736583e+02 7.718100e+02) (-3.589233e-03 7.711058e+00 3.310107e+00)) ((-3.730126e+01 -3.482041e-01 -2.157134e-01) (-2.642475e-01 3.225483e-04 8.109486e-04))
504.44        	((-1.822351e+00 9.714404e+02 7.709734e+02) (-3.679554e-03 7.689637e+00 3.310540e+00)) ((-3.689276e+01 -3.633756e-01 -2.147505e-01) (-2.725593e-01 3.364597e-04 8.624668e-04))
504.45        	((-1.830426e+00 9.689975e+02 7.694052e+02) (-3.681815e-03 7.672174e+00 3.312678e+00)) ((-3.666696e+01 -3.744040e-01 -2.135523e-01) (-2.794915e-01 2.978961e-04 7.677542e-04))
504.46        	((-1.843324e+00 9.666726e+02 7.684592e+02) (-3.796433e-03 7.656749e+00 3.315784e+00)) ((-3.627338e+01 -3.839294e-01 -2.136586e-01) (-2.871277e-01 3.288707e-04 8.223170e-04))
504.47        	((-1.845368e+00 9.641701e+02 7.668074e+02) (-3.790485e-03 7.643534e+00 3.319734e+00)) ((-3.606190e+01 -3.883226e-01 -2.158158e-01) (-2.934242e-01 3.046506e-04 7.227670e-04))
504.48        	((-1.848266e+00 9.618071e+02 7.658299e+02) (-3.912571e-03 7.632387e+00 3.324412e+00)) ((-3.566670e+01 -3.921430e-01 -2.193194e-01) (-3.002239e-01 3.514161e-04 7.491040e-04))
504.49        	((-1.846798e+00 9.593681e+02 7.642658e+02) (-3.845112e-03 7.622312e+00 3.329489e+00)) ((-3.541961e+01 -3.955977e-01 -2.229005e-01) (-3.058092e-01 3.544359e-04 6.204607e-04))
504.5         	((-1.850421e+00 9.569088e+02 7.631746e+02) (-3.906124e-03 7.614430e+00 3.335352e+00)) ((-3.504013e+01 -4.021562e-01 -2.245041e-01) (-3.118287e-01 4.343953e-04 6.189644e-04))
504.51        	((-1.846728e+00 9.544852e+02 7.616246e+02) (-3.895125e-03 7.606792e+00 3.341308e+00)) ((-3.478060e+01 -4.078648e-01 -2.223153e-01) (-3.167747e-01 4.220723e-04 5.574140e-04))
504.52        	((-1.841400e+00 9.519976e+02 7.605202e+02) (-3.966090e-03 7.601333e+00 3.348017e+00)) ((-3.438938e+01 -4.130406e-01 -2.206217e-01) (-3.222053e-01 4.369580e-04 5.758656e-04))
504.53        	((-1.833207e+00 9.495757e+02 7.589985e+02) (-3.900450e-03 7.595572e+00 3.354491e+00)) ((-3.410901e+01 -4.173672e-01 -2.206629e-01) (-3.266756e-01 4.204584e-04 4.634517e-04))
504.54        	((-1.831798e+00 9.470464e+02 7.578626e+02) (-3.959396e-03 7.592085e+00 3.361833e+00)) ((-3.371050e+01 -4.224301e-01 -2.208132e-01) (-3.316168e-01 4.839462e-04 4.545232e-04))
504.55        	((-1.827411e+00 9.446170e+02 7.563286e+02) (-3.962440e-03 7.587818e+00 3.368746e+00)) ((-3.342445e+01 -4.249607e-01 -2.185689e-01) (-3.356444e-01 4.855622e-04 3.857791e-04))
504.56        	((-1.823422e+00 9.420583e+02 7.551495e+02) (-4.019698e-03 7.585563e+00 3.376395e+00)) ((-3.302900e+01 -4.278772e-01 -2.166190e-01) (-3.401460e-01 5.076785e-04 3.832087e-04))
504.57        	((-1.817729e+00 9.396289e+02 7.536108e+02) (-3.961304e-03 7.582062e+00 3.383322e+00)) ((-3.273722e+01 -4.306896e-01 -2.150948e-01) (-3.438061e-01 4.938986e-04 2.691797e-04))
504.58        	((-1.818096e+00 9.370592e+02 7.524201e+02) (-3.996116e-03 7.580376e+00 3.390902e+00)) ((-3.233289e+01 -4.360228e-01 -2.133113e-01) (-3.478787e-01 5.497606e-04 2.462934e-04))
504.59        	((-1.817337e+00 9.346402e+02 7.509009e+02) (-3.940121e-03 7.577088e+00 3.397573e+00)) ((-3.202456e+01 -4.413955e-01 -2.097899e-01) (-3.511790e-01 5.499768e-04 1.256142e-04))
504.6         	((-1.823176e+00 9.320590e+02 7.497174e+02) (-3.931034e-03 7.575106e+00 3.404611e+00)) ((-3.160641e+01 -4.485961e-01 -2.054899e-01) (-3.548729e-01 5.894503e-04 5.822021e-05))
504.61        	((-1.839195e+00 9.296398e+02 7.482385e+02) (-3.604893e-03 7.570979e+00 3.410360e+00)) ((-3.127643e+01 -4.559840e-01 -1.987964e-01) (-3.580400e-01 5.794548e-04 -2.629691e-04))
504.62        	((-1.866822e+00 9.270635e+02 7.470887e+02) (-3.716758e-03 7.568055e+00 3.416454e+00)) ((-3.083545e+01 -4.660852e-01 -1.887284e-01) (-3.613502e-01 6.897444e-04 -2.822410e-04))
504.63        	((-1.903679e+00 9.246669e+02 7.456661e+02) (-3.646190e-03 7.562770e+00 3.421199e+00)) ((-3.047717e+01 -4.772547e-01 -1.744636e-01) (-3.642207e-01 7.629689e-04 -4.680887e-04))
504.64        	((-1.935333e+00 9.221075e+02 7.445602e+02) (-3.934420e-03 7.558394e+00 3.426136e+00)) ((-3.000911e+01 -4.930026e-01 -1.600562e-01) (-3.670648e-01 8.742045e-04 -3.588538e-04))
504.65        	((-1.948439e+00 9.197421e+02 7.431667e+02) (-3.969676e-03 7.552001e+00 3.430208e+00)) ((-2.963421e+01 -5.111051e-01 -1.507722e-01) (-3.691951e-01 7.528720e-04 -1.804645e-04))
504.66        	((-1.962463e+00 9.171881e+02 7.420660e+02) (-4.032566e-03 7.546092e+00 3.433939e+00)) ((-2.916024e+01 -5.272004e-01 -1.479164e-01) (-3.714007e-01 6.425293e-04 9.337335e-05))
504.67        	((-1.992887e+00 9.148262e+02 7.406794e+02) (-3.798967e-03 7.537870e+00 3.436842e+00)) ((-2.878300e+01 -5.362718e-01 -1.475059e-01) (-3.731646e-01 5.057859e-04 2.096557e-04))
504.68        	((-2.023740e+00 9.122840e+02 7.396008e+02) (-3.815326e-03 7.529907e+00 3.439176e+00)) ((-2.829714e+01 -5.383467e-01 -1.535880e-01) (-3.750067e-01 3.983797e-04 4.784468e-04))
504.69        	((-2.066902e+00 9.099544e+02 7.382514e+02) (-3.743629e-03 7.520329e+00 3.441075e+00)) ((-2.790605e+01 -5.312331e-01 -1.583433e-01) (-3.762373e-01 4.058986e-04 4.228527e-04))
504.7         	((-2.104435e+00 9.074199e+02 7.371702e+02) (-4.008667e-03 7.510857e+00 3.442400e+00)) ((-2.742273e+01 -5.307491e-01 -1.591245e-01) (-3.774048e-01 4.967099e-04 5.449984e-04))
504.71        	((-2.123198e+00 9.050764e+02 7.357961e+02) (-3.945111e-03 7.499694e+00 3.443310e+00)) ((-2.705145e+01 -5.386062e-01 -1.563407e-01) (-3.782040e-01 4.798365e-04 4.432339e-04))
504.72        	((-2.122204e+00 9.025022e+02 7.346826e+02) (-4.171099e-03 7.488187e+00 3.443303e+00)) ((-2.659304e+01 -5.510055e-01 -1.537664e-01) (-3.791122e-01 5.158333e-04 4.835129e-04))
504.73        	((-2.117342e+00 9.001334e+02 7.332987e+02) (-4.064773e-03 7.475091e+00 3.442946e+00)) ((-2.624136e+01 -5.588996e-01 -1.491205e-01) (-3.797924e-01 4.763254e-04 2.974796e-04))
504.74        	((-2.111574e+00 8.975521e+02 7.321865e+02) (-4.242793e-03 7.461598e+00 3.441714e+00)) ((-2.578986e+01 -5.580842e-01 -1.451467e-01) (-3.804921e-01 5.006792e-04 2.503750e-04))
504.75        	((-2.099541e+00 8.951986e+02 7.308331e+02) (-4.221904e-03 7.446775e+00 3.440260e+00)) ((-2.543030e+01 -5.491297e-01 -1.416625e-01) (-3.810621e-01 4.806251e-04 3.266755e-05))
504.76        	((-2.072940e+00 8.926423e+02 7.297346e+02) (-4.287978e-03 7.431740e+00 3.438050e+00)) ((-2.497375e+01 -5.396025e-01 -1.406936e-01) (-3.814744e-01 5.320051e-04 -1.915488e-04))
504.77        	((-2.020061e+00 8.903050e+02 7.283789e+02) (-4.257732e-03 7.415524e+00 3.435654e+00)) ((-2.462119e+01 -5.308177e-01 -1.402809e-01) (-3.819197e-01 5.364826e-04 -4.696399e-04))
504.78        	((-1.953717e+00 8.877467e+02 7.272521e+02) (-4.296627e-03 7.399084e+00 3.432432e+00)) ((-2.418490e+01 -5.280027e-01 -1.381535e-01) (-3.822324e-01 5.632749e-04 -5.303302e-04))
504.79        	((-1.876691e+00 8.854037e+02 7.258737e+02) (-4.280946e-03 7.381681e+00 3.429246e+00)) ((-2.385469e+01 -5.273617e-01 -1.379965e-01) (-3.826082e-01 5.454583e-04 -5.550028e-04))
504.8         	((-1.805202e+00 8.828341e+02 7.247224e+02) (-4.326563e-03 7.363614e+00 3.425143e+00)) ((-2.343572e+01 -5.248497e-01 -1.433437e-01) (-3.829581e-01 5.647018e-04 -5.523298e-04))
504.81        	((-1.738338e+00 8.805035e+02 7.233506e+02) (-4.367569e-03 7.344872e+00 3.421239e+00)) ((-2.310726e+01 -5.206414e-01 -1.518701e-01) (-3.833945e-01 5.932164e-04 -5.868642e-04))
504.82        	((-1.672599e+00 8.779639e+02 7.222102e+02) (-4.511357e-03 7.325711e+00 3.416547e+00)) ((-2.268260e+01 -5.192978e-01 -1.624617e-01) (-3.836697e-01 6.636832e-04 -5.526250e-04))
504.83        	((-1.587471e+00 8.756769e+02 7.208287e+02) (-4.660323e-03 7.306517e+00 3.412367e+00)) ((-2.235616e+01 -5.212744e-01 -1.755343e-01) (-3.838226e-01 6.739104e-04 -4.148061e-04))
504.84        	((-1.498954e+00 8.731598e+02 7.196409e+02) (-4.896499e-03 7.286957e+00 3.407403e+00)) ((-2.195176e+01 -5.237675e-01 -1.923642e-01) (-3.837719e-01 6.982395e-04 -2.455664e-04))
504.85        	((-1.404368e+00 8.708738e+02 7.182119e+02) (-5.106097e-03 7.267217e+00 3.402874e+00)) ((-2.165570e+01 -5.257837e-01 -2.128205e-01) (-3.837999e-01 6.925667e-04 -1.285510e-04))
504.86        	((-1.309166e+00 8.683410e+02 7.169703e+02) (-5.372385e-03 7.246883e+00 3.397431e+00)) ((-2.128337e+01 -5.286072e-01 -2.374148e-01) (-3.836855e-01 6.901046e-04 2.227246e-05))
504.87        	((-1.203422e+00 8.660542e+02 7.155015e+02) (-5.532419e-03 7.226423e+00 3.392484e+00)) ((-2.101154e+01 -5.334721e-01 -2.653299e-01) (-3.836872e-01 6.357216e-04 1.407503e-04))
504.88        	((-1.090680e+00 8.635337e+02 7.142311e+02) (-5.800631e-03 7.204320e+00 3.386167e+00)) ((-2.065269e+01 -5.408597e-01 -2.974366e-01) (-3.834857e-01 6.022129e-04 3.346272e-04))
504.89        	((-9.590828e-01 8.607005e+02 7.125569e+02) (-5.984043e-03 7.182647e+00 3.380524e+00)) ((-2.036466e+01 -5.499753e-01 -3.338591e-01) (-3.833855e-01 5.114129e-04 5.400959e-04))
504.9         	((-8.297591e-01 8.579760e+02 7.109819e+02) (-6.142381e-03 7.162114e+00 3.375242e+00)) ((-2.006897e+01 -5.587464e-01 -3.736310e-01) (-3.831652e-01 4.766869e-04 6.156967e-04))
504.91        	((-7.058141e-01 8.559235e+02 7.095567e+02) (-6.176840e-03 7.138893e+00 3.368433e+00)) ((-1.977771e+01 -5.703475e-01 -4.141635e-01) (-3.828339e-01 4.497605e-04 5.946702e-04))
504.92        	((-5.855569e-01 8.537730e+02 7.084061e+02) (-6.197859e-03 7.109553e+00 3.357588e+00)) ((-1.938665e+01 -5.870349e-01 -4.545976e-01) (-3.819728e-01 4.502307e-04 5.918375e-04))
504.93        	((-4.586748e-01 8.516823e+02 7.069562e+02) (-6.141093e-03 7.081526e+00 3.348076e+00)) ((-1.912652e+01 -6.083128e-01 -4.944866e-01) (-3.811629e-01 4.280997e-04 5.580988e-04))
504.94        	((-3.332880e-01 8.491233e+02 7.054554e+02) (-6.074830e-03 7.052633e+00 3.337572e+00)) ((-1.885134e+01 -6.330560e-01 -5.347255e-01) (-3.796615e-01 4.185445e-04 5.004268e-04))
504.95        	((-1.922484e-01 8.461202e+02 7.033915e+02) (-5.975938e-03 7.025927e+00 3.328750e+00)) ((-1.867829e+01 -6.626229e-01 -5.781734e-01) (-3.780860e-01 3.842015e-04 4.383522e-04))
504.96        	((-4.735479e-02 8.432669e+02 7.014230e+02) (-5.912363e-03 7.000412e+00 3.320307e+00)) ((-1.847713e+01 -6.947847e-01 -6.232535e-01) (-3.763384e-01 3.660683e-04 4.023609e-04))
504.97        	((8.867536e-02 8.412118e+02 6.997037e+02) (-5.775868e-03 6.972108e+00 3.310229e+00)) ((-1.824071e+01 -7.265430e-01 -6.668967e-01) (-3.744009e-01 3.218857e-04 3.364668e-04))
504.98        	((2.054461e-01 8.392623e+02 6.984067e+02) (-5.661541e-03 6.936165e+00 3.295014e+00)) ((-1.788977e+01 -7.564158e-01 -7.078118e-01) (-3.713866e-01 3.112573e-04 2.870094e-04))
504.99        	((3.235475e-01 8.369068e+02 6.966857e+02) (-5.499115e-03 6.902749e+00 3.281596e+00)) ((-1.765496e+01 -7.870383e-01 -7.479681e-01) (-3.684657e-01 2.852131e-04 2.160177e-04))
505           	((4.427002e-01 8.343029e+02 6.948232e+02) (-5.378224e-03 6.870674e+00 3.268725e+00)) ((-1.749297e+01 -8.185259e-01 -7.878936e-01) (-3.653293e-01 2.746503e-04 1.834346e-04))
