# Forces      
# CofR        : (0.000000e+00 0.000000e+00 0.000000e+00)
# Time        forces(pressure viscous)	moments(pressure viscous)
500           	((1.292790e+00 3.135625e+03 1.298309e+03) (-3.645036e-05 3.963369e+00 8.133253e-03)) ((2.935931e+02 3.434950e-01 1.222370e-02) (-8.069567e-03 -2.732559e-05 -1.465880e-04))
500.01        	((9.624973e+00 2.356490e+03 1.138384e+03) (4.897170e-04 3.189218e+00 2.988532e-01)) ((2.569506e+02 1.265750e-01 -6.718440e-01) (7.880263e-03 -1.706986e-04 5.112416e-04))
500.02        	((1.141347e+01 6.535954e+02 2.032066e+02) (1.505874e-03 2.401308e+00 4.884172e-01)) ((3.316742e+01 -5.817254e-02 -7.665526e-01) (4.332604e-03 -3.459590e-04 7.753189e-04))
500.03        	((2.684733e+00 -6.027946e+02 -1.192754e+02) (2.113638e-03 2.382733e+00 4.624300e-01)) ((-8.906781e+01 -1.598638e-01 5.504264e-01) (-3.525910e-02 -1.724581e-04 7.164403e-04))
500.04        	((-8.107346e+00 -8.548780e+02 -8.266518e+00) (2.554064e-03 3.061742e+00 3.982848e-01)) ((-8.757930e+01 -5.151263e-02 2.116935e+00) (-8.889273e-02 8.084466e-05 4.468698e-04))
500.05        	((-9.421299e+00 -4.284590e+02 3.241687e+02) (2.436893e-03 3.904859e+00 4.619935e-01)) ((2.806920e+00 1.147935e-01 2.388708e+00) (-1.368848e-01 3.186775e-04 1.541019e-04))
500.06        	((-9.210183e-01 1.153614e+02 6.076364e+02) (6.609269e-04 4.416092e+00 6.853729e-01)) ((9.377199e+01 1.201054e-01 6.318209e-01) (-1.766894e-01 3.006690e-04 6.699428e-04))
500.07        	((7.638278e+00 4.934523e+02 4.525657e+02) (1.882819e-03 4.473082e+00 9.522762e-01)) ((7.017862e+01 -2.137994e-02 -1.296289e+00) (-2.013098e-01 2.136563e-04 5.077748e-04))
500.08        	((6.312978e+00 5.257334e+02 1.581781e+02) (2.864694e-03 4.420223e+00 1.108801e+00)) ((-7.768502e+00 -1.694462e-01 -1.143777e+00) (-2.210130e-01 -1.704538e-04 5.106111e-04))
500.09        	((1.253948e+00 2.802732e+02 2.791558e+01) (3.923059e-03 4.463344e+00 1.121386e+00)) ((-5.367128e+01 -2.722298e-01 -1.741320e-01) (-2.422071e-01 -1.767111e-05 -1.279927e-04))
500.1         	((-2.174535e+00 -5.397278e+01 1.209295e+02) (3.333835e-03 4.584772e+00 1.096401e+00)) ((-4.042508e+01 -1.946524e-01 5.853461e-01) (-2.600443e-01 2.767539e-04 -3.889372e-04))
500.11        	((-2.541515e+00 -2.114137e+02 2.145503e+02) (3.208753e-03 4.720097e+00 1.164053e+00)) ((-9.565903e+00 1.079848e-01 4.851623e-01) (-2.734377e-01 4.471390e-04 -2.365854e-04))
500.12        	((-2.222038e-01 -1.418601e+02 2.332307e+02) (2.700424e-03 4.802796e+00 1.312404e+00)) ((8.193087e+00 3.119520e-01 -3.721260e-01) (-2.910238e-01 4.409381e-04 3.011345e-04))
500.13        	((1.405926e+00 2.208012e+01 2.169189e+02) (3.620123e-03 4.791499e+00 1.456212e+00)) ((9.428893e+00 3.670120e-01 -1.074677e+00) (-3.121325e-01 4.133940e-04 -8.604496e-05))
500.14        	((1.212381e+00 1.216112e+02 2.133669e+02) (4.192467e-03 4.706946e+00 1.528008e+00)) ((3.363678e+00 2.515002e-01 -1.128483e+00) (-3.362122e-01 3.844770e-04 -4.028640e-04))
500.15        	((-3.740682e-01 9.695931e+01 2.154448e+02) (3.895237e-03 4.572517e+00 1.537825e+00)) ((-2.414790e+00 1.096371e-01 -6.101494e-01) (-3.595114e-01 3.680146e-04 -6.485911e-04))
500.16        	((-1.881750e+00 3.119072e+00 2.100898e+02) (2.298470e-03 4.360531e+00 1.532833e+00)) ((-3.094457e-02 7.844762e-02 -5.419834e-02) (-3.748388e-01 4.394405e-04 -5.301656e-04))
500.17        	((-2.160648e+00 -7.126897e+01 1.949434e+02) (9.283774e-04 4.094087e+00 1.546734e+00)) ((1.231339e+01 1.633589e-01 1.088488e-01) (-3.782728e-01 4.260798e-04 -3.503648e-04))
500.18        	((-1.432276e+00 -8.075831e+01 1.863421e+02) (2.066113e-04 3.808670e+00 1.574568e+00)) ((2.884023e+01 2.686965e-01 -5.869638e-02) (-3.718030e-01 3.122842e-04 -2.376030e-04))
500.19        	((-7.592321e-01 -4.814776e+01 2.053735e+02) (5.330667e-04 3.535463e+00 1.574531e+00)) ((3.848139e+01 3.327825e-01 -2.374837e-01) (-3.608949e-01 -1.049792e-04 -2.867290e-04))
500.2         	((-6.453738e-01 -2.073339e+01 2.455865e+02) (1.231503e-03 3.284923e+00 1.544664e+00)) ((3.768929e+01 3.267842e-01 -2.128845e-01) (-3.526156e-01 7.006230e-06 -2.219700e-04))
500.21        	((-8.766617e-01 -2.606600e+01 2.817408e+02) (1.777544e-03 3.047410e+00 1.523649e+00)) ((3.426762e+01 2.909603e-01 7.950767e-03) (-3.468824e-01 1.611404e-05 -4.540603e-04))
500.22        	((-9.367988e-01 -5.424989e+01 2.946940e+02) (1.689377e-03 2.801925e+00 1.533133e+00)) ((3.876242e+01 2.824162e-01 2.312584e-01) (-3.403748e-01 2.736340e-04 -5.719872e-04))
500.23        	((-5.122494e-01 -7.837796e+01 2.868078e+02) (2.068485e-03 2.540391e+00 1.563612e+00)) ((5.180518e+01 3.321135e-01 3.324281e-01) (-3.261107e-01 8.991312e-05 -1.019465e-04))
500.24        	((2.137252e-01 -8.330619e+01 2.751592e+02) (2.927950e-03 2.277999e+00 1.600819e+00)) ((6.522182e+01 4.197724e-01 2.736430e-01) (-2.992728e-01 4.642101e-04 2.647806e-04))
500.25        	((8.665226e-01 -7.467719e+01 2.769170e+02) (3.915666e-03 2.021283e+00 1.622493e+00)) ((7.120704e+01 5.176582e-01 1.457552e-01) (-2.698128e-01 6.283602e-04 6.219736e-04))
500.26        	((1.226427e+00 -6.737241e+01 2.948061e+02) (5.240737e-03 1.771230e+00 1.633976e+00)) ((6.957991e+01 5.904047e-01 5.381193e-02) (-2.444459e-01 8.668444e-04 6.755383e-04))
500.27        	((1.432136e+00 -7.041343e+01 3.185310e+02) (6.522178e-03 1.517359e+00 1.651665e+00)) ((6.728717e+01 6.263493e-01 3.641933e-02) (-2.265518e-01 1.167488e-03 6.849932e-04))
500.28        	((1.690706e+00 -8.088007e+01 3.342818e+02) (7.769363e-03 1.260366e+00 1.694082e+00)) ((7.070027e+01 6.343038e-01 3.038251e-02) (-2.131563e-01 1.642371e-03 5.433355e-04))
500.29        	((2.115635e+00 -9.011181e+01 3.357670e+02) (9.013550e-03 1.005240e+00 1.757974e+00)) ((7.960983e+01 6.418482e-01 -3.396621e-02) (-2.007872e-01 2.278730e-03 3.451314e-04))
500.3         	((2.568283e+00 -9.282322e+01 3.270666e+02) (1.014127e-02 7.613524e-01 1.830707e+00)) ((8.815817e+01 6.720495e-01 -1.431423e-01) (-1.870733e-01 3.046616e-03 1.335689e-05))
500.31        	((2.928332e+00 -9.037454e+01 3.180842e+02) (1.148241e-02 5.365969e-01 1.894065e+00)) ((9.124577e+01 7.348193e-01 -2.778955e-01) (-1.730814e-01 3.827082e-03 -2.615544e-04))
500.32        	((3.161548e+00 -8.760900e+01 3.151363e+02) (1.286229e-02 3.303483e-01 1.945435e+00)) ((8.897724e+01 8.155993e-01 -3.845344e-01) (-1.607528e-01 4.674950e-03 -4.942186e-04))
500.33        	((3.321305e+00 -8.749686e+01 3.173604e+02) (1.469902e-02 1.352242e-01 1.998503e+00)) ((8.580930e+01 8.959932e-01 -4.186689e-01) (-1.518952e-01 5.353916e-03 -8.250183e-04))
500.34        	((3.494353e+00 -8.916323e+01 3.192142e+02) (1.666889e-02 -5.204964e-02 2.075756e+00)) ((8.621624e+01 9.675500e-01 -3.728192e-01) (-1.434602e-01 6.439027e-03 -7.322075e-04))
500.35        	((3.645560e+00 -9.022230e+01 3.170341e+02) (1.849902e-02 -2.287259e-01 2.185297e+00)) ((9.118417e+01 1.036461e+00 -2.985113e-01) (-1.330939e-01 7.495572e-03 -7.203628e-04))
500.36        	((3.698861e+00 -8.933633e+01 3.111056e+02) (2.040691e-02 -4.000599e-01 2.314334e+00)) ((9.802533e+01 1.115960e+00 -2.202120e-01) (-1.227045e-01 8.417171e-03 -6.655895e-04))
500.37        	((3.572488e+00 -8.715739e+01 3.046189e+02) (2.291724e-02 -5.614133e-01 2.450064e+00)) ((1.033372e+02 1.213098e+00 -1.544350e-01) (-1.114700e-01 9.010410e-03 -6.172294e-04))
500.38        	((3.252589e+00 -8.538061e+01 3.002581e+02) (2.592848e-02 -7.150845e-01 2.577772e+00)) ((1.057838e+02 1.329783e+00 -9.810059e-02) (-1.013973e-01 9.257981e-03 -7.124197e-04))
500.39        	((2.797168e+00 -8.503529e+01 2.979110e+02) (2.916549e-02 -8.627568e-01 2.702821e+00)) ((1.065549e+02 1.462588e+00 -4.115785e-02) (-8.996296e-02 9.103183e-03 -9.482052e-04))
500.4         	((2.209347e+00 -8.585591e+01 2.951094e+02) (3.271442e-02 -1.009970e+00 2.834298e+00)) ((1.076692e+02 1.601437e+00 2.166263e-02) (-7.551790e-02 8.697779e-03 -1.363009e-03))
500.41        	((1.517765e+00 -8.694222e+01 2.898193e+02) (3.622519e-02 -1.158757e+00 2.979139e+00)) ((1.103463e+02 1.734140e+00 7.618796e-02) (-5.638294e-02 8.040681e-03 -2.026390e-03))
500.42        	((7.721946e-01 -8.759314e+01 2.824596e+02) (4.001323e-02 -1.308393e+00 3.137151e+00)) ((1.144939e+02 1.849366e+00 1.048450e-01) (-3.263155e-02 7.125454e-03 -2.958532e-03))
500.43        	((-1.275816e-02 -8.785324e+01 2.751792e+02) (4.374238e-02 -1.460556e+00 3.302517e+00)) ((1.191560e+02 1.942204e+00 9.510274e-02) (-5.571864e-03 6.025179e-03 -3.995194e-03))
500.44        	((-8.262499e-01 -8.820861e+01 2.700678e+02) (4.745008e-02 -1.616160e+00 3.464152e+00)) ((1.234498e+02 2.018063e+00 4.286227e-02) (2.251924e-02 4.880124e-03 -5.558666e-03))
500.45        	((-1.650222e+00 -8.904592e+01 2.676476e+02) (5.062262e-02 -1.764714e+00 3.618982e+00)) ((1.270822e+02 2.084347e+00 -3.338250e-02) (5.109172e-02 3.516428e-03 -7.084518e-03))
500.46        	((-2.510459e+00 -9.038588e+01 2.672510e+02) (5.355665e-02 -1.916557e+00 3.765284e+00)) ((1.304784e+02 2.151777e+00 -1.181603e-01) (8.141868e-02 2.234898e-03 -8.783879e-03))
500.47        	((-3.353949e+00 -9.196432e+01 2.678229e+02) (5.600983e-02 -2.072797e+00 3.904065e+00)) ((1.342397e+02 2.217167e+00 -2.146083e-01) (1.126164e-01 9.364167e-04 -1.057283e-02))
500.48        	((-4.182557e+00 -9.358697e+01 2.691138e+02) (5.802292e-02 -2.232028e+00 4.040464e+00)) ((1.388473e+02 2.275093e+00 -3.250933e-01) (1.470337e-01 -2.555131e-04 -1.245147e-02))
500.49        	((-4.964983e+00 -9.522946e+01 2.718330e+02) (5.942586e-02 -2.394837e+00 4.176898e+00)) ((1.445327e+02 2.311796e+00 -4.342731e-01) (1.839430e-01 -1.268983e-03 -1.432766e-02))
500.5         	((-5.681895e+00 -9.705554e+01 2.771143e+02) (6.028783e-02 -2.560932e+00 4.313255e+00)) ((1.511338e+02 2.329689e+00 -5.515003e-01) (2.225680e-01 -2.192403e-03 -1.628296e-02))
500.51        	((-6.298923e+00 -9.918270e+01 2.856670e+02) (6.037076e-02 -2.728453e+00 4.449273e+00)) ((1.583756e+02 2.332002e+00 -6.621636e-01) (2.619905e-01 -3.141897e-03 -1.844744e-02))
500.52        	((-6.852243e+00 -1.016388e+02 2.976575e+02) (5.973140e-02 -2.898774e+00 4.583742e+00)) ((1.660391e+02 2.319007e+00 -7.712468e-01) (3.019134e-01 -3.432961e-03 -2.050602e-02))
500.53        	((-7.349439e+00 -1.043252e+02 3.128344e+02) (5.883601e-02 -3.071581e+00 4.715148e+00)) ((1.741160e+02 2.300554e+00 -8.852504e-01) (3.423525e-01 -3.471138e-03 -2.247264e-02))
500.54        	((-7.781059e+00 -1.072507e+02 3.309055e+02) (5.719670e-02 -3.246572e+00 4.847750e+00)) ((1.827068e+02 2.282629e+00 -1.004313e+00) (3.847082e-01 -3.855509e-03 -2.409167e-02))
500.55        	((-8.145974e+00 -1.104747e+02 3.514068e+02) (5.512694e-02 -3.422858e+00 4.984394e+00)) ((1.918327e+02 2.269832e+00 -1.118308e+00) (4.290000e-01 -3.991125e-03 -2.563356e-02))
500.56        	((-8.470573e+00 -1.140008e+02 3.739699e+02) (5.246178e-02 -3.602213e+00 5.125568e+00)) ((2.013621e+02 2.254391e+00 -1.207539e+00) (4.743032e-01 -3.869457e-03 -2.707793e-02))
500.57        	((-8.692370e+00 -1.178916e+02 3.984215e+02) (4.988496e-02 -3.783073e+00 5.273687e+00)) ((2.111172e+02 2.230032e+00 -1.273244e+00) (5.205274e-01 -3.743655e-03 -2.829758e-02))
500.58        	((-8.879903e+00 -1.219929e+02 4.245174e+02) (4.725140e-02 -3.965512e+00 5.428306e+00)) ((2.208517e+02 2.193769e+00 -1.330289e+00) (5.694406e-01 -3.325879e-03 -2.913899e-02))
500.59        	((-9.009104e+00 -1.262467e+02 4.520136e+02) (4.405678e-02 -4.153043e+00 5.594488e+00)) ((2.304678e+02 2.147402e+00 -1.366121e+00) (6.150990e-01 -3.497672e-03 -3.072071e-02))
500.6         	((-9.152228e+00 -1.306116e+02 4.807490e+02) (4.100076e-02 -4.344102e+00 5.767650e+00)) ((2.399695e+02 2.098795e+00 -1.389608e+00) (6.606215e-01 -2.947222e-03 -3.154655e-02))
500.61        	((-9.307865e+00 -1.349852e+02 5.102346e+02) (3.823967e-02 -4.539353e+00 5.947478e+00)) ((2.493600e+02 2.050554e+00 -1.387412e+00) (7.049428e-01 -2.854627e-03 -3.282103e-02))
500.62        	((-9.434197e+00 -1.393401e+02 5.399111e+02) (3.511230e-02 -4.738241e+00 6.140074e+00)) ((2.585967e+02 2.004321e+00 -1.376649e+00) (7.499089e-01 -2.454205e-03 -3.344391e-02))
500.63        	((-9.537323e+00 -1.435162e+02 5.693635e+02) (3.216316e-02 -4.940935e+00 6.342497e+00)) ((2.676686e+02 1.952318e+00 -1.350566e+00) (7.938722e-01 -2.456525e-03 -3.440238e-02))
500.64        	((-9.631251e+00 -1.474544e+02 5.986000e+02) (2.927813e-02 -5.148380e+00 6.554639e+00)) ((2.766368e+02 1.896864e+00 -1.331281e+00) (8.366246e-01 -2.270965e-03 -3.492240e-02))
500.65        	((-9.724590e+00 -1.510949e+02 6.275724e+02) (2.622077e-02 -5.352188e+00 6.765648e+00)) ((2.855334e+02 1.841995e+00 -1.298997e+00) (8.757562e-01 -2.172326e-03 -3.538981e-02))
500.66        	((-9.798262e+00 -1.543903e+02 6.561001e+02) (2.336907e-02 -5.560942e+00 6.987091e+00)) ((2.943824e+02 1.785307e+00 -1.282397e+00) (9.140123e-01 -2.023317e-03 -3.577961e-02))
500.67        	((-9.775454e+00 -1.573331e+02 6.841922e+02) (2.065720e-02 -5.773143e+00 7.218911e+00)) ((3.032708e+02 1.718705e+00 -1.305873e+00) (9.508723e-01 -1.958699e-03 -3.624064e-02))
500.68        	((-9.660365e+00 -1.600188e+02 7.119113e+02) (1.792920e-02 -5.990300e+00 7.459187e+00)) ((3.122629e+02 1.653049e+00 -1.367895e+00) (9.868007e-01 -1.890850e-03 -3.651410e-02))
500.69        	((-9.462651e+00 -1.624908e+02 7.392761e+02) (1.529622e-02 -6.211021e+00 7.707667e+00)) ((3.214051e+02 1.592248e+00 -1.458838e+00) (1.021102e+00 -1.864230e-03 -3.674038e-02))
500.7         	((-9.274383e+00 -1.647685e+02 7.663085e+02) (1.298013e-02 -6.437031e+00 7.962988e+00)) ((3.307269e+02 1.555641e+00 -1.528902e+00) (1.054551e+00 -1.788119e-03 -3.695338e-02))
500.71        	((-9.090308e+00 -1.668472e+02 7.928734e+02) (1.103531e-02 -6.666064e+00 8.224944e+00)) ((3.401581e+02 1.538131e+00 -1.576468e+00) (1.086382e+00 -1.676740e-03 -3.724076e-02))
500.72        	((-8.849811e+00 -1.687842e+02 8.189056e+02) (9.288600e-03 -6.899900e+00 8.492435e+00)) ((3.495947e+02 1.518678e+00 -1.640020e+00) (1.117651e+00 -1.549153e-03 -3.740086e-02))
500.73        	((-8.579872e+00 -1.706120e+02 8.444143e+02) (7.726530e-03 -7.136537e+00 8.766109e+00)) ((3.589851e+02 1.487674e+00 -1.709219e+00) (1.147991e+00 -1.428761e-03 -3.752647e-02))
500.74        	((-8.277104e+00 -1.723408e+02 8.695605e+02) (6.365105e-03 -7.377375e+00 9.045427e+00)) ((3.683411e+02 1.447255e+00 -1.789015e+00) (1.178484e+00 -1.371155e-03 -3.757706e-02))
500.75        	((-7.959011e+00 -1.739421e+02 8.946211e+02) (5.238704e-03 -7.620542e+00 9.330853e+00)) ((3.777912e+02 1.402439e+00 -1.878877e+00) (1.208736e+00 -1.292293e-03 -3.767936e-02))
500.76        	((-7.644084e+00 -1.753924e+02 9.197517e+02) (4.368176e-03 -7.866530e+00 9.621501e+00)) ((3.874202e+02 1.360025e+00 -1.955347e+00) (1.239273e+00 -1.264527e-03 -3.779212e-02))
500.77        	((-7.335138e+00 -1.766993e+02 9.448805e+02) (3.796099e-03 -8.114158e+00 9.917374e+00)) ((3.972063e+02 1.322484e+00 -2.004930e+00) (1.270035e+00 -1.207491e-03 -3.794413e-02))
500.78        	((-7.020069e+00 -1.779227e+02 9.698482e+02) (3.486340e-03 -8.363537e+00 1.021874e+01)) ((4.070193e+02 1.291444e+00 -2.027639e+00) (1.301630e+00 -1.185034e-03 -3.806609e-02))
500.79        	((-6.715417e+00 -1.791016e+02 9.945178e+02) (3.431085e-03 -8.614379e+00 1.052586e+01)) ((4.167146e+02 1.267339e+00 -2.029007e+00) (1.334313e+00 -1.217664e-03 -3.812958e-02))
500.8         	((-6.400383e+00 -1.802432e+02 1.018934e+03) (3.368936e-03 -8.866542e+00 1.083832e+01)) ((4.262554e+02 1.244026e+00 -2.026880e+00) (1.367915e+00 -1.240934e-03 -3.799823e-02))
500.81        	((-6.063790e+00 -1.817258e+02 1.043527e+03) (3.392811e-03 -9.119964e+00 1.114845e+01)) ((4.354479e+02 1.221325e+00 -2.032501e+00) (1.401920e+00 -1.192610e-03 -3.775878e-02))
500.82        	((-5.722736e+00 -1.826366e+02 1.066858e+03) (3.267950e-03 -9.374833e+00 1.147425e+01)) ((4.446420e+02 1.181980e+00 -2.049018e+00) (1.437952e+00 -1.135991e-03 -3.738722e-02))
500.83        	((-5.346606e+00 -1.836479e+02 1.090307e+03) (3.318921e-03 -9.630158e+00 1.179657e+01)) ((4.537472e+02 1.145419e+00 -2.069209e+00) (1.474290e+00 -9.650361e-04 -3.703035e-02))
500.84        	((-4.984459e+00 -1.846607e+02 1.113411e+03) (3.565083e-03 -9.885743e+00 1.212414e+01)) ((4.627228e+02 1.116828e+00 -2.069202e+00) (1.511597e+00 -7.675693e-04 -3.663496e-02))
500.85        	((-4.644553e+00 -1.855626e+02 1.135758e+03) (3.916851e-03 -1.014128e+01 1.245680e+01)) ((4.715087e+02 1.093616e+00 -2.046542e+00) (1.549956e+00 -5.541818e-04 -3.618461e-02))
500.86        	((-4.312649e+00 -1.863553e+02 1.157357e+03) (4.447069e-03 -1.039650e+01 1.279356e+01)) ((4.801032e+02 1.070804e+00 -2.006571e+00) (1.589278e+00 -3.485493e-04 -3.572504e-02))
500.87        	((-3.970477e+00 -1.871154e+02 1.178146e+03) (5.113605e-03 -1.065133e+01 1.313385e+01)) ((4.883881e+02 1.043409e+00 -1.960107e+00) (1.629558e+00 -2.657298e-04 -3.526744e-02))
500.88        	((-3.615952e+00 -1.878936e+02 1.198340e+03) (6.037128e-03 -1.090539e+01 1.347699e+01)) ((4.964326e+02 1.014107e+00 -1.914449e+00) (1.670708e+00 -1.675997e-04 -3.473603e-02))
500.89        	((-3.256921e+00 -1.886872e+02 1.217862e+03) (7.170548e-03 -1.115904e+01 1.382327e+01)) ((5.042452e+02 9.836617e-01 -1.870501e+00) (1.712958e+00 2.326037e-05 -3.412866e-02))
500.9         	((-2.918404e+00 -1.894641e+02 1.236500e+03) (8.447255e-03 -1.141202e+01 1.417207e+01)) ((5.118072e+02 9.465677e-01 -1.817460e+00) (1.756341e+00 2.708051e-04 -3.346443e-02))
500.91        	((-2.592317e+00 -1.902134e+02 1.254131e+03) (9.889796e-03 -1.166399e+01 1.452239e+01)) ((5.191054e+02 9.043831e-01 -1.752954e+00) (1.800643e+00 5.484085e-04 -3.274379e-02))
500.92        	((-2.262125e+00 -1.909500e+02 1.270726e+03) (1.143619e-02 -1.191447e+01 1.487298e+01)) ((5.261284e+02 8.591839e-01 -1.685372e+00) (1.845749e+00 8.272274e-04 -3.186000e-02))
500.93        	((-1.916920e+00 -1.917199e+02 1.286313e+03) (1.296549e-02 -1.216344e+01 1.522286e+01)) ((5.328707e+02 8.138027e-01 -1.619699e+00) (1.891468e+00 1.117898e-03 -3.086073e-02))
500.94        	((-1.549798e+00 -1.925597e+02 1.300942e+03) (1.466161e-02 -1.242492e+01 1.559057e+01)) ((5.393295e+02 7.718625e-01 -1.565195e+00) (1.940911e+00 1.557896e-03 -2.971483e-02))
500.95        	((-1.166548e+00 -1.935430e+02 1.314809e+03) (1.668899e-02 -1.268306e+01 1.595369e+01)) ((5.455388e+02 7.363495e-01 -1.521019e+00) (1.990277e+00 1.950527e-03 -2.863811e-02))
500.96        	((-7.787495e-01 -1.946371e+02 1.327727e+03) (1.923107e-02 -1.293800e+01 1.631154e+01)) ((5.514781e+02 7.096461e-01 -1.482725e+00) (2.039860e+00 2.312559e-03 -2.767613e-02))
500.97        	((-3.846487e-01 -1.958088e+02 1.339454e+03) (2.205149e-02 -1.318993e+01 1.666358e+01)) ((5.571221e+02 6.908709e-01 -1.442120e+00) (2.089404e+00 2.626574e-03 -2.689523e-02))
500.98        	((1.211081e-02 -1.970283e+02 1.349834e+03) (2.531546e-02 -1.343862e+01 1.700838e+01)) ((5.624445e+02 6.775418e-01 -1.402346e+00) (2.139187e+00 2.939217e-03 -2.618289e-02))
500.99        	((4.293508e-01 -1.983073e+02 1.358906e+03) (2.878523e-02 -1.368406e+01 1.734488e+01)) ((5.674584e+02 6.661302e-01 -1.360953e+00) (2.188666e+00 3.195513e-03 -2.559212e-02))
501           	((8.474549e-01 -1.996576e+02 1.366757e+03) (3.244202e-02 -1.392544e+01 1.767070e+01)) ((5.721610e+02 6.551545e-01 -1.319423e+00) (2.238074e+00 3.489700e-03 -2.499707e-02))
501.01        	((1.251639e+00 -2.011032e+02 1.373404e+03) (3.610938e-02 -1.416235e+01 1.798500e+01)) ((5.765574e+02 6.466738e-01 -1.267781e+00) (2.286208e+00 3.644193e-03 -2.424350e-02))
501.02        	((1.625210e+00 -2.026357e+02 1.378869e+03) (4.002639e-02 -1.439405e+01 1.828665e+01)) ((5.806542e+02 6.437025e-01 -1.215020e+00) (2.334481e+00 3.913507e-03 -2.314158e-02))
501.03        	((1.996523e+00 -2.042814e+02 1.383126e+03) (4.390215e-02 -1.462146e+01 1.857693e+01)) ((5.844511e+02 6.460060e-01 -1.150707e+00) (2.381571e+00 4.013706e-03 -2.216978e-02))
501.04        	((2.381103e+00 -2.059521e+02 1.386116e+03) (4.806664e-02 -1.484412e+01 1.885291e+01)) ((5.879345e+02 6.506018e-01 -1.095842e+00) (2.429610e+00 4.271762e-03 -2.111547e-02))
501.05        	((2.801450e+00 -2.076519e+02 1.387815e+03) (5.255827e-02 -1.506228e+01 1.911552e+01)) ((5.911133e+02 6.585410e-01 -1.044180e+00) (2.476287e+00 4.336350e-03 -2.017704e-02))
501.06        	((3.240583e+00 -2.093782e+02 1.388262e+03) (5.760971e-02 -1.527468e+01 1.936168e+01)) ((5.939877e+02 6.733861e-01 -1.000225e+00) (2.523478e+00 4.450883e-03 -1.937149e-02))
501.07        	((3.684404e+00 -2.111828e+02 1.387492e+03) (6.282737e-02 -1.548236e+01 1.959334e+01)) ((5.965752e+02 6.930712e-01 -9.503403e-01) (2.568691e+00 4.436928e-03 -1.869903e-02))
501.08        	((4.099940e+00 -2.130572e+02 1.385526e+03) (6.829090e-02 -1.568438e+01 1.980679e+01)) ((5.988245e+02 7.171054e-01 -8.866185e-01) (2.614951e+00 4.416032e-03 -1.814187e-02))
501.09        	((4.472903e+00 -2.149942e+02 1.382347e+03) (7.421959e-02 -1.588209e+01 2.000527e+01)) ((6.007554e+02 7.458756e-01 -8.155131e-01) (2.658860e+00 4.490965e-03 -1.762362e-02))
501.1         	((4.850468e+00 -2.169284e+02 1.378009e+03) (8.053285e-02 -1.607408e+01 2.018445e+01)) ((6.023471e+02 7.772388e-01 -7.421584e-01) (2.704050e+00 4.399394e-03 -1.749458e-02))
501.11        	((5.240148e+00 -2.189007e+02 1.372450e+03) (8.711679e-02 -1.626122e+01 2.034762e+01)) ((6.035877e+02 8.126224e-01 -6.729671e-01) (2.746515e+00 4.447104e-03 -1.736560e-02))
501.12        	((5.649292e+00 -2.208837e+02 1.365811e+03) (9.352152e-02 -1.644201e+01 2.049025e+01)) ((6.044874e+02 8.487266e-01 -6.027835e-01) (2.790236e+00 4.380073e-03 -1.717598e-02))
501.13        	((6.062151e+00 -2.229131e+02 1.358115e+03) (9.993048e-02 -1.661802e+01 2.061717e+01)) ((6.050804e+02 8.867034e-01 -5.392947e-01) (2.831134e+00 4.475733e-03 -1.675783e-02))
501.14        	((6.490977e+00 -2.249091e+02 1.349490e+03) (1.059540e-01 -1.678730e+01 2.072280e+01)) ((6.053496e+02 9.252708e-01 -4.709850e-01) (2.873266e+00 4.376239e-03 -1.630028e-02))
501.15        	((6.922150e+00 -2.268709e+02 1.339911e+03) (1.121363e-01 -1.695132e+01 2.081216e+01)) ((6.052935e+02 9.688559e-01 -4.067438e-01) (2.911715e+00 4.392021e-03 -1.591458e-02))
501.16        	((7.356617e+00 -2.287582e+02 1.329438e+03) (1.186061e-01 -1.710877e+01 2.088055e+01)) ((6.048592e+02 1.015114e+00 -3.427211e-01) (2.951961e+00 4.131267e-03 -1.582556e-02))
501.17        	((7.768621e+00 -2.306267e+02 1.318099e+03) (1.254324e-01 -1.726153e+01 2.093404e+01)) ((6.040923e+02 1.064205e+00 -2.968115e-01) (2.988328e+00 3.924037e-03 -1.560936e-02))
501.18        	((8.178128e+00 -2.324298e+02 1.306041e+03) (1.327534e-01 -1.740638e+01 2.096513e+01)) ((6.029826e+02 1.116365e+00 -2.556385e-01) (3.026048e+00 3.378356e-03 -1.583353e-02))
501.19        	((8.538725e+00 -2.341899e+02 1.293229e+03) (1.402091e-01 -1.754575e+01 2.098157e+01)) ((6.015516e+02 1.172830e+00 -2.087170e-01) (3.058831e+00 3.224533e-03 -1.581821e-02))
501.2         	((8.870083e+00 -2.358289e+02 1.279752e+03) (1.477220e-01 -1.767725e+01 2.097625e+01)) ((5.997500e+02 1.231626e+00 -1.403117e-01) (3.093646e+00 2.825921e-03 -1.606136e-02))
501.21        	((9.164534e+00 -2.373862e+02 1.265583e+03) (1.554477e-01 -1.780355e+01 2.095764e+01)) ((5.976145e+02 1.293474e+00 -7.191461e-02) (3.123017e+00 2.687797e-03 -1.607230e-02))
501.22        	((9.457169e+00 -2.388122e+02 1.250868e+03) (1.631127e-01 -1.792168e+01 2.091817e+01)) ((5.951110e+02 1.356402e+00 -1.242808e-03) (3.154581e+00 2.361539e-03 -1.623592e-02))
501.23        	((9.743626e+00 -2.401568e+02 1.235645e+03) (1.706944e-01 -1.803448e+01 2.086655e+01)) ((5.923024e+02 1.418197e+00 6.310258e-02) (3.180775e+00 2.216161e-03 -1.631443e-02))
501.24        	((9.998290e+00 -2.411318e+02 1.217735e+03) (1.780459e-01 -1.813805e+01 2.078387e+01)) ((5.890249e+02 1.488200e+00 1.255402e-01) (3.209179e+00 1.942474e-03 -1.658250e-02))
501.25        	((1.024088e+01 -2.419664e+02 1.199004e+03) (1.854857e-01 -1.823667e+01 2.069121e+01)) ((5.852927e+02 1.556914e+00 1.745514e-01) (3.231548e+00 2.005941e-03 -1.641684e-02))
501.26        	((1.049758e+01 -2.426856e+02 1.180949e+03) (1.927089e-01 -1.832631e+01 2.057994e+01)) ((5.810970e+02 1.616637e+00 2.256267e-01) (3.257466e+00 2.012370e-03 -1.628429e-02))
501.27        	((1.076177e+01 -2.434138e+02 1.163632e+03) (1.999962e-01 -1.841009e+01 2.046007e+01)) ((5.766162e+02 1.670427e+00 2.835112e-01) (3.277624e+00 2.051799e-03 -1.647277e-02))
501.28        	((1.102620e+01 -2.440612e+02 1.146416e+03) (2.070438e-01 -1.848321e+01 2.032169e+01)) ((5.719036e+02 1.722361e+00 3.517211e-01) (3.301446e+00 1.904133e-03 -1.721656e-02))
501.29        	((1.124222e+01 -2.446130e+02 1.128462e+03) (2.146780e-01 -1.855154e+01 2.017778e+01)) ((5.669991e+02 1.780067e+00 3.944884e-01) (3.316744e+00 2.342303e-03 -1.703010e-02))
501.3         	((1.141926e+01 -2.448624e+02 1.109680e+03) (2.226116e-01 -1.860947e+01 2.001586e+01)) ((5.617562e+02 1.842714e+00 4.222467e-01) (3.335848e+00 2.541988e-03 -1.713760e-02))
501.31        	((1.159525e+01 -2.448072e+02 1.090226e+03) (2.309657e-01 -1.866088e+01 1.984689e+01)) ((5.561341e+02 1.907677e+00 4.693247e-01) (3.348901e+00 2.452100e-03 -1.822243e-02))
501.32        	((1.176934e+01 -2.444757e+02 1.070681e+03) (2.394207e-01 -1.870211e+01 1.966216e+01)) ((5.501143e+02 1.967205e+00 5.190404e-01) (3.364480e+00 2.562107e-03 -1.920307e-02))
501.33        	((1.193233e+01 -2.440206e+02 1.051247e+03) (2.476228e-01 -1.873593e+01 1.947095e+01)) ((5.438402e+02 2.024165e+00 5.706343e-01) (3.373830e+00 2.708858e-03 -1.977206e-02))
501.34        	((1.207006e+01 -2.434021e+02 1.031950e+03) (2.550084e-01 -1.875768e+01 1.926428e+01)) ((5.373417e+02 2.074779e+00 6.204145e-01) (3.386251e+00 2.884748e-03 -1.977111e-02))
501.35        	((1.219941e+01 -2.426527e+02 1.012520e+03) (2.620215e-01 -1.877351e+01 1.905441e+01)) ((5.306998e+02 2.132913e+00 6.874897e-01) (3.391366e+00 3.069434e-03 -1.994721e-02))
501.36        	((1.232788e+01 -2.416531e+02 9.929291e+02) (2.683001e-01 -1.877850e+01 1.883154e+01)) ((5.238358e+02 2.184974e+00 7.629960e-01) (3.399813e+00 3.301099e-03 -1.955187e-02))
501.37        	((1.244489e+01 -2.404411e+02 9.731056e+02) (2.748085e-01 -1.877703e+01 1.860508e+01)) ((5.167600e+02 2.243294e+00 8.609297e-01) (3.402812e+00 3.614250e-03 -1.916100e-02))
501.38        	((1.254870e+01 -2.389936e+02 9.532167e+02) (2.800844e-01 -1.876593e+01 1.836627e+01)) ((5.094142e+02 2.277403e+00 9.437577e-01) (3.406460e+00 3.678355e-03 -1.865862e-02))
501.39        	((1.260350e+01 -2.373986e+02 9.332387e+02) (2.872945e-01 -1.874749e+01 1.812447e+01)) ((5.018387e+02 2.326124e+00 1.052581e+00) (3.404851e+00 4.339850e-03 -1.814841e-02))
501.4         	((1.263792e+01 -2.356474e+02 9.133838e+02) (2.919812e-01 -1.872032e+01 1.787437e+01)) ((4.940703e+02 2.341097e+00 1.148029e+00) (3.405579e+00 3.875171e-03 -1.874582e-02))
501.41        	((1.267210e+01 -2.337956e+02 8.935628e+02) (2.985832e-01 -1.868573e+01 1.762158e+01)) ((4.861636e+02 2.372683e+00 1.281132e+00) (3.401889e+00 4.175119e-03 -1.892324e-02))
501.42        	((1.269815e+01 -2.318336e+02 8.738556e+02) (3.041058e-01 -1.864197e+01 1.736174e+01)) ((4.781465e+02 2.390722e+00 1.390759e+00) (3.399294e+00 4.206249e-03 -1.942770e-02))
501.43        	((1.273603e+01 -2.297913e+02 8.540797e+02) (3.103749e-01 -1.859088e+01 1.710068e+01)) ((4.699992e+02 2.420903e+00 1.515171e+00) (3.392883e+00 4.534103e-03 -1.975809e-02))
501.44        	((1.276489e+01 -2.276137e+02 8.343223e+02) (3.158567e-01 -1.853159e+01 1.683547e+01)) ((4.616945e+02 2.443364e+00 1.613062e+00) (3.387353e+00 4.763580e-03 -2.022169e-02))
501.45        	((1.282050e+01 -2.253337e+02 8.146315e+02) (3.214912e-01 -1.846514e+01 1.656738e+01)) ((4.532713e+02 2.473174e+00 1.715787e+00) (3.378294e+00 4.986632e-03 -2.049028e-02))
501.46        	((1.289823e+01 -2.229543e+02 7.950731e+02) (3.267851e-01 -1.838913e+01 1.629336e+01)) ((4.447325e+02 2.496887e+00 1.782314e+00) (3.369137e+00 5.161614e-03 -2.115168e-02))
501.47        	((1.301169e+01 -2.205242e+02 7.755636e+02) (3.326092e-01 -1.830371e+01 1.601616e+01)) ((4.361055e+02 2.520997e+00 1.845011e+00) (3.356835e+00 5.345039e-03 -2.191993e-02))
501.48        	((1.312493e+01 -2.180090e+02 7.561287e+02) (3.378142e-01 -1.820859e+01 1.573396e+01)) ((4.273975e+02 2.529810e+00 1.885080e+00) (3.343963e+00 5.498313e-03 -2.278406e-02))
501.49        	((1.324028e+01 -2.153971e+02 7.366883e+02) (3.431973e-01 -1.810628e+01 1.545140e+01)) ((4.186223e+02 2.535575e+00 1.929219e+00) (3.328521e+00 5.662375e-03 -2.346903e-02))
501.5         	((1.335015e+01 -2.126661e+02 7.173304e+02) (3.481076e-01 -1.799584e+01 1.516612e+01)) ((4.097738e+02 2.535153e+00 1.964149e+00) (3.312245e+00 5.850992e-03 -2.433653e-02))
501.51        	((1.346743e+01 -2.098725e+02 6.980772e+02) (3.528201e-01 -1.787645e+01 1.487867e+01)) ((4.008650e+02 2.536093e+00 2.004332e+00) (3.293494e+00 6.040821e-03 -2.508456e-02))
501.52        	((1.357378e+01 -2.070446e+02 6.789655e+02) (3.570960e-01 -1.774906e+01 1.458862e+01)) ((3.918990e+02 2.535853e+00 2.038677e+00) (3.273335e+00 6.281378e-03 -2.586704e-02))
501.53        	((1.366121e+01 -2.041873e+02 6.600021e+02) (3.612681e-01 -1.761420e+01 1.429707e+01)) ((3.828930e+02 2.536210e+00 2.064611e+00) (3.251533e+00 6.573288e-03 -2.650636e-02))
501.54        	((1.373798e+01 -2.012920e+02 6.411835e+02) (3.652097e-01 -1.747245e+01 1.400395e+01)) ((3.738699e+02 2.531995e+00 2.072174e+00) (3.228394e+00 6.890906e-03 -2.725249e-02))
501.55        	((1.380684e+01 -1.983491e+02 6.224667e+02) (3.690527e-01 -1.732382e+01 1.370949e+01)) ((3.648349e+02 2.522612e+00 2.067266e+00) (3.203763e+00 7.282651e-03 -2.801601e-02))
501.56        	((1.387286e+01 -1.953808e+02 6.038295e+02) (3.727176e-01 -1.716885e+01 1.341397e+01)) ((3.557772e+02 2.507094e+00 2.057205e+00) (3.177660e+00 7.701265e-03 -2.887145e-02))
501.57        	((1.394559e+01 -1.924221e+02 5.853027e+02) (3.762689e-01 -1.700769e+01 1.311750e+01)) ((3.466968e+02 2.487799e+00 2.042048e+00) (3.150080e+00 8.147567e-03 -2.982788e-02))
501.58        	((1.402571e+01 -1.894849e+02 5.669292e+02) (3.796238e-01 -1.684067e+01 1.282033e+01)) ((3.376093e+02 2.465674e+00 2.018369e+00) (3.121073e+00 8.582750e-03 -3.086469e-02))
501.59        	((1.410863e+01 -1.865563e+02 5.487219e+02) (3.826812e-01 -1.666822e+01 1.252287e+01)) ((3.285306e+02 2.440550e+00 1.985630e+00) (3.090733e+00 9.017554e-03 -3.193594e-02))
501.6         	((1.418807e+01 -1.836565e+02 5.307248e+02) (3.853896e-01 -1.649065e+01 1.222546e+01)) ((3.194760e+02 2.413623e+00 1.945657e+00) (3.059029e+00 9.451821e-03 -3.294115e-02))
501.61        	((1.426705e+01 -1.807771e+02 5.128533e+02) (3.876464e-01 -1.630794e+01 1.192804e+01)) ((3.104537e+02 2.384067e+00 1.898925e+00) (3.025850e+00 9.888981e-03 -3.380958e-02))
501.62        	((1.432521e+01 -1.779507e+02 4.951321e+02) (3.894871e-01 -1.612031e+01 1.163070e+01)) ((3.014837e+02 2.351644e+00 1.847787e+00) (2.991232e+00 1.033804e-02 -3.450945e-02))
501.63        	((1.434712e+01 -1.751787e+02 4.776286e+02) (3.911617e-01 -1.592781e+01 1.133345e+01)) ((2.925789e+02 2.317122e+00 1.798697e+00) (2.955142e+00 1.080589e-02 -3.515181e-02))
501.64        	((1.433873e+01 -1.724573e+02 4.604076e+02) (3.925747e-01 -1.573068e+01 1.103659e+01)) ((2.837439e+02 2.283222e+00 1.753565e+00) (2.917679e+00 1.129375e-02 -3.586209e-02))
501.65        	((1.430554e+01 -1.697847e+02 4.434720e+02) (3.937420e-01 -1.552979e+01 1.074083e+01)) ((2.749782e+02 2.249385e+00 1.714902e+00) (2.879159e+00 1.187167e-02 -3.652385e-02))
501.66        	((1.424774e+01 -1.671777e+02 4.267815e+02) (3.947201e-01 -1.532556e+01 1.044680e+01)) ((2.662771e+02 2.213787e+00 1.683278e+00) (2.839772e+00 1.258753e-02 -3.719431e-02))
501.67        	((1.415851e+01 -1.646252e+02 4.103189e+02) (3.955057e-01 -1.511899e+01 1.015511e+01)) ((2.576496e+02 2.175836e+00 1.657269e+00) (2.799856e+00 1.336350e-02 -3.789408e-02))
501.68        	((1.401354e+01 -1.621106e+02 3.941201e+02) (3.962736e-01 -1.491039e+01 9.865320e+00)) ((2.491112e+02 2.137173e+00 1.644680e+00) (2.759070e+00 1.383135e-02 -3.870574e-02))
501.69        	((1.381838e+01 -1.596311e+02 3.782237e+02) (3.967540e-01 -1.470038e+01 9.577751e+00)) ((2.406734e+02 2.099635e+00 1.647149e+00) (2.717483e+00 1.422273e-02 -3.965256e-02))
501.7         	((1.359867e+01 -1.572081e+02 3.626683e+02) (3.966969e-01 -1.448353e+01 9.290040e+00)) ((2.323532e+02 2.065073e+00 1.655721e+00) (2.674894e+00 1.474278e-02 -4.045691e-02))
501.71        	((1.336670e+01 -1.548311e+02 3.474494e+02) (3.963995e-01 -1.426628e+01 9.005569e+00)) ((2.241622e+02 2.033914e+00 1.659943e+00) (2.631654e+00 1.524845e-02 -4.135208e-02))
501.72        	((1.313528e+01 -1.525238e+02 3.326020e+02) (3.957142e-01 -1.404811e+01 8.724016e+00)) ((2.161051e+02 2.007117e+00 1.657200e+00) (2.587442e+00 1.566282e-02 -4.230139e-02))
501.73        	((1.288348e+01 -1.502929e+02 3.181462e+02) (3.948968e-01 -1.382903e+01 8.445178e+00)) ((2.081852e+02 1.984668e+00 1.656860e+00) (2.542190e+00 1.612328e-02 -4.329372e-02))
501.74        	((1.258463e+01 -1.481394e+02 3.040982e+02) (3.945229e-01 -1.360970e+01 8.169647e+00)) ((2.004107e+02 1.965256e+00 1.667445e+00) (2.496244e+00 1.675929e-02 -4.448486e-02))
501.75        	((1.227549e+01 -1.460351e+02 2.904746e+02) (3.936546e-01 -1.339101e+01 7.898294e+00)) ((1.928033e+02 1.948342e+00 1.674141e+00) (2.450077e+00 1.730857e-02 -4.572172e-02))
501.76        	((1.199343e+01 -1.439928e+02 2.772947e+02) (3.919142e-01 -1.317289e+01 7.631035e+00)) ((1.853760e+02 1.933729e+00 1.662958e+00) (2.403586e+00 1.771872e-02 -4.659952e-02))
501.77        	((1.171933e+01 -1.420451e+02 2.645749e+02) (3.899241e-01 -1.295484e+01 7.367324e+00)) ((1.781323e+02 1.919896e+00 1.642803e+00) (2.356374e+00 1.808495e-02 -4.746720e-02))
501.78        	((1.143194e+01 -1.402080e+02 2.523410e+02) (3.877461e-01 -1.273714e+01 7.107502e+00)) ((1.710787e+02 1.908176e+00 1.625846e+00) (2.308578e+00 1.838370e-02 -4.840093e-02))
501.79        	((1.113022e+01 -1.384850e+02 2.406042e+02) (3.854654e-01 -1.252080e+01 6.852140e+00)) ((1.642194e+02 1.899922e+00 1.613382e+00) (2.260530e+00 1.869823e-02 -4.941635e-02))
501.8         	((1.084088e+01 -1.368850e+02 2.293125e+02) (3.828403e-01 -1.230591e+01 6.601270e+00)) ((1.575364e+02 1.888336e+00 1.590827e+00) (2.212180e+00 1.889008e-02 -5.040586e-02))
501.81        	((1.056795e+01 -1.354169e+02 2.183963e+02) (3.798837e-01 -1.209236e+01 6.354576e+00)) ((1.510131e+02 1.871226e+00 1.558311e+00) (2.163285e+00 1.903900e-02 -5.128734e-02))
501.82        	((1.030108e+01 -1.340868e+02 2.078695e+02) (3.767319e-01 -1.188006e+01 6.112029e+00)) ((1.446689e+02 1.851007e+00 1.522401e+00) (2.113871e+00 1.918712e-02 -5.211585e-02))
501.83        	((1.002765e+01 -1.329035e+02 1.977478e+02) (3.735391e-01 -1.166939e+01 5.873775e+00)) ((1.385019e+02 1.830364e+00 1.490226e+00) (2.064150e+00 1.931828e-02 -5.295595e-02))
501.84        	((9.760266e+00 -1.318671e+02 1.880193e+02) (3.702014e-01 -1.146060e+01 5.640021e+00)) ((1.325017e+02 1.805915e+00 1.455658e+00) (2.014244e+00 1.942113e-02 -5.379121e-02))
501.85        	((9.508450e+00 -1.309677e+02 1.786289e+02) (3.665255e-01 -1.125431e+01 5.411125e+00)) ((1.266471e+02 1.775983e+00 1.410717e+00) (1.964239e+00 1.943717e-02 -5.455990e-02))
501.86        	((9.272843e+00 -1.301868e+02 1.695435e+02) (3.625299e-01 -1.105046e+01 5.186684e+00)) ((1.209311e+02 1.739754e+00 1.357650e+00) (1.914022e+00 1.936416e-02 -5.521553e-02))
501.87        	((9.044313e+00 -1.295128e+02 1.607450e+02) (3.582382e-01 -1.084896e+01 4.967031e+00)) ((1.153526e+02 1.698038e+00 1.303659e+00) (1.863691e+00 1.924427e-02 -5.576579e-02))
501.88        	((8.819135e+00 -1.289403e+02 1.522264e+02) (3.535717e-01 -1.064980e+01 4.752142e+00)) ((1.099123e+02 1.652804e+00 1.253495e+00) (1.813308e+00 1.911472e-02 -5.615900e-02))
501.89        	((8.585443e+00 -1.284542e+02 1.439748e+02) (3.486173e-01 -1.045339e+01 4.542156e+00)) ((1.046072e+02 1.606870e+00 1.203967e+00) (1.763060e+00 1.893054e-02 -5.645096e-02))
501.9         	((8.338452e+00 -1.280349e+02 1.359637e+02) (3.434503e-01 -1.026016e+01 4.337493e+00)) ((9.942897e+01 1.560336e+00 1.147413e+00) (1.713223e+00 1.869833e-02 -5.672964e-02))
501.91        	((8.086804e+00 -1.276635e+02 1.281806e+02) (3.381515e-01 -1.006988e+01 4.138373e+00)) ((9.437384e+01 1.510367e+00 1.081487e+00) (1.664098e+00 1.847037e-02 -5.705425e-02))
501.92        	((7.842200e+00 -1.273267e+02 1.206439e+02) (3.327233e-01 -9.883081e+00 3.944482e+00)) ((8.944925e+01 1.455767e+00 1.012204e+00) (1.615679e+00 1.829419e-02 -5.734116e-02))
501.93        	((7.609914e+00 -1.270221e+02 1.133600e+02) (3.271308e-01 -9.699666e+00 3.755656e+00)) ((8.465696e+01 1.401187e+00 9.436213e-01) (1.568088e+00 1.810646e-02 -5.752751e-02))
501.94        	((7.389588e+00 -1.267416e+02 1.063213e+02) (3.212994e-01 -9.519477e+00 3.571362e+00)) ((8.000455e+01 1.351187e+00 8.783165e-01) (1.520983e+00 1.790511e-02 -5.764721e-02))
501.95        	((7.160269e+00 -1.264589e+02 9.951355e+01) (3.152941e-01 -9.342417e+00 3.391634e+00)) ((7.550446e+01 1.305858e+00 8.154543e-01) (1.474335e+00 1.773102e-02 -5.775212e-02))
501.96        	((6.912722e+00 -1.261484e+02 9.292433e+01) (3.092300e-01 -9.169039e+00 3.216918e+00)) ((7.116100e+01 1.263718e+00 7.522131e-01) (1.428688e+00 1.755079e-02 -5.790033e-02))
501.97        	((6.649847e+00 -1.258197e+02 8.656246e+01) (3.032487e-01 -8.999730e+00 3.047175e+00)) ((6.698211e+01 1.222169e+00 6.921490e-01) (1.384123e+00 1.735338e-02 -5.795595e-02))
501.98        	((6.375146e+00 -1.254893e+02 8.044296e+01) (2.972202e-01 -8.834635e+00 2.882217e+00)) ((6.297210e+01 1.180637e+00 6.394146e-01) (1.340617e+00 1.710718e-02 -5.773640e-02))
501.99        	((6.096769e+00 -1.251621e+02 7.458462e+01) (2.913472e-01 -8.673594e+00 2.721575e+00)) ((5.914366e+01 1.142316e+00 5.897971e-01) (1.297933e+00 1.683579e-02 -5.765212e-02))
502           	((5.823171e+00 -1.248199e+02 6.897595e+01) (2.854374e-01 -8.516363e+00 2.565300e+00)) ((5.550298e+01 1.108918e+00 5.418346e-01) (1.256114e+00 1.654534e-02 -5.761637e-02))
502.01        	((5.557659e+00 -1.244458e+02 6.359297e+01) (2.794821e-01 -8.363155e+00 2.413814e+00)) ((5.205243e+01 1.080104e+00 4.968286e-01) (1.215482e+00 1.626087e-02 -5.758605e-02))
502.02        	((5.297998e+00 -1.240299e+02 5.842422e+01) (2.735317e-01 -8.214012e+00 2.267124e+00)) ((4.878827e+01 1.052967e+00 4.591644e-01) (1.176121e+00 1.597598e-02 -5.753027e-02))
502.03        	((5.038301e+00 -1.235708e+02 5.345110e+01) (2.675937e-01 -8.068823e+00 2.124987e+00)) ((4.569839e+01 1.024669e+00 4.263864e-01) (1.137958e+00 1.570525e-02 -5.747358e-02))
502.04        	((4.772966e+00 -1.230720e+02 4.866730e+01) (2.615719e-01 -7.927454e+00 1.987349e+00)) ((4.277403e+01 9.952063e-01 3.964454e-01) (1.100947e+00 1.545704e-02 -5.738294e-02))
502.05        	((4.496470e+00 -1.225442e+02 4.408062e+01) (2.554322e-01 -7.789527e+00 1.854015e+00)) ((4.000999e+01 9.665030e-01 3.673109e-01) (1.064887e+00 1.521315e-02 -5.727908e-02))
502.06        	((4.207852e+00 -1.219860e+02 3.968889e+01) (2.492019e-01 -7.655018e+00 1.724949e+00)) ((3.739553e+01 9.394678e-01 3.392588e-01) (1.029689e+00 1.496140e-02 -5.712050e-02))
502.07        	((3.909279e+00 -1.213933e+02 3.549017e+01) (2.429329e-01 -7.524615e+00 1.600287e+00)) ((3.492116e+01 9.103245e-01 3.118124e-01) (9.955054e-01 1.469624e-02 -5.704847e-02))
502.08        	((3.601627e+00 -1.207709e+02 3.148585e+01) (2.366140e-01 -7.397561e+00 1.479770e+00)) ((3.257889e+01 8.788584e-01 2.845140e-01) (9.621370e-01 1.444045e-02 -5.699740e-02))
502.09        	((3.284747e+00 -1.201211e+02 2.766635e+01) (2.302739e-01 -7.273644e+00 1.363385e+00)) ((3.035970e+01 8.465660e-01 2.583136e-01) (9.296868e-01 1.423142e-02 -5.690471e-02))
502.1         	((2.960880e+00 -1.194420e+02 2.403606e+01) (2.239215e-01 -7.152610e+00 1.250722e+00)) ((2.826124e+01 8.141791e-01 2.323855e-01) (8.980019e-01 1.405626e-02 -5.678335e-02))
502.11        	((2.632419e+00 -1.187373e+02 2.058602e+01) (2.175560e-01 -7.034284e+00 1.141782e+00)) ((2.627165e+01 7.820036e-01 2.065228e-01) (8.670220e-01 1.393943e-02 -5.653406e-02))
502.12        	((2.305846e+00 -1.180134e+02 1.731186e+01) (2.112393e-01 -6.918627e+00 1.036625e+00)) ((2.438262e+01 7.506344e-01 1.796253e-01) (8.367040e-01 1.384982e-02 -5.613735e-02))
502.13        	((1.981500e+00 -1.172748e+02 1.421359e+01) (2.048579e-01 -6.805602e+00 9.352523e-01)) ((2.259328e+01 7.192016e-01 1.498221e-01) (8.070628e-01 1.371466e-02 -5.568597e-02))
502.14        	((1.662180e+00 -1.165216e+02 1.127990e+01) (1.983780e-01 -6.695151e+00 8.377236e-01)) ((2.089922e+01 6.879285e-01 1.165367e-01) (7.781712e-01 1.353680e-02 -5.523342e-02))
502.15        	((1.347470e+00 -1.157516e+02 8.486240e+00) (1.917943e-01 -6.587317e+00 7.440816e-01)) ((1.928834e+01 6.577932e-01 8.065683e-02) (7.500715e-01 1.330129e-02 -5.480698e-02))
502.16        	((1.042600e+00 -1.149631e+02 5.811162e+00) (1.850778e-01 -6.482006e+00 6.540506e-01)) ((1.774874e+01 6.287889e-01 4.485146e-02) (7.226204e-01 1.304858e-02 -5.444252e-02))
502.17        	((7.492994e-01 -1.141550e+02 3.248970e+00) (1.782515e-01 -6.378983e+00 5.675098e-01)) ((1.627598e+01 6.010313e-01 1.071654e-02) (6.957536e-01 1.279376e-02 -5.414314e-02))
502.18        	((4.644036e-01 -1.133321e+02 8.180236e-01) (1.712712e-01 -6.278306e+00 4.844447e-01)) ((1.487296e+01 5.750147e-01 -2.159030e-02) (6.695427e-01 1.254384e-02 -5.380347e-02))
502.19        	((1.775578e-01 -1.124961e+02 -1.463399e+00) (1.643669e-01 -6.180050e+00 4.048349e-01)) ((1.354301e+01 5.519781e-01 -5.284194e-02) (6.439825e-01 1.232713e-02 -5.354360e-02))
502.2         	((-1.164080e-01 -1.116440e+02 -3.595663e+00) (1.573898e-01 -6.084046e+00 3.287789e-01)) ((1.228471e+01 5.313714e-01 -8.330846e-02) (6.190849e-01 1.213420e-02 -5.326308e-02))
502.21        	((-4.147659e-01 -1.107765e+02 -5.584992e+00) (1.503460e-01 -5.990499e+00 2.562689e-01)) ((1.109495e+01 5.128339e-01 -1.119760e-01) (5.948687e-01 1.193181e-02 -5.299875e-02))
502.22        	((-7.141717e-01 -1.098939e+02 -7.443978e+00) (1.432314e-01 -5.899472e+00 1.872567e-01)) ((9.968386e+00 4.960295e-01 -1.383244e-01) (5.713239e-01 1.170164e-02 -5.273512e-02))
502.23        	((-1.011345e+00 -1.090005e+02 -9.177772e+00) (1.360334e-01 -5.810925e+00 1.217418e-01)) ((8.901089e+00 4.803134e-01 -1.625904e-01) (5.484486e-01 1.147242e-02 -5.249899e-02))
502.24        	((-1.306055e+00 -1.081301e+02 -1.073498e+01) (1.287117e-01 -5.724835e+00 5.974730e-02)) ((7.909443e+00 4.639107e-01 -1.854906e-01) (5.262717e-01 1.125087e-02 -5.232389e-02))
502.25        	((-1.597822e+00 -1.072345e+02 -1.217395e+01) (1.212859e-01 -5.641042e+00 1.237011e-03)) ((6.974741e+00 4.471882e-01 -2.073287e-01) (5.047584e-01 1.104762e-02 -5.219530e-02))
502.26        	((-1.884637e+00 -1.063005e+02 -1.351547e+01) (1.137734e-01 -5.559477e+00 -5.384116e-02)) ((6.087927e+00 4.302679e-01 -2.274511e-01) (4.838954e-01 1.087688e-02 -5.206812e-02))
502.27        	((-2.159969e+00 -1.053388e+02 -1.473953e+01) (1.060788e-01 -5.479869e+00 -1.054741e-01)) ((5.255134e+00 4.129197e-01 -2.431581e-01) (4.636013e-01 1.073916e-02 -5.201910e-02))
502.28        	((-2.432002e+00 -1.043752e+02 -1.581446e+01) (9.870907e-02 -5.402905e+00 -1.540736e-01)) ((4.481519e+00 3.952367e-01 -2.611628e-01) (4.440423e-01 1.063005e-02 -5.178669e-02))
502.29        	((-2.698730e+00 -1.034111e+02 -1.673476e+01) (9.115744e-02 -5.327960e+00 -1.994431e-01)) ((3.770425e+00 3.763668e-01 -2.765258e-01) (4.250803e-01 1.056231e-02 -5.164582e-02))
502.3         	((-2.963554e+00 -1.024415e+02 -1.751009e+01) (8.363528e-02 -5.255033e+00 -2.416822e-01)) ((3.117680e+00 3.564286e-01 -2.900969e-01) (4.066778e-01 1.050000e-02 -5.144458e-02))
502.31        	((-3.222505e+00 -1.014640e+02 -1.815481e+01) (7.608831e-02 -5.184157e+00 -2.808865e-01)) ((2.519319e+00 3.357004e-01 -3.013596e-01) (3.888410e-01 1.044958e-02 -5.122880e-02))
502.32        	((-3.474454e+00 -1.004807e+02 -1.867233e+01) (6.852135e-02 -5.115318e+00 -3.171270e-01)) ((1.973052e+00 3.146462e-01 -3.113184e-01) (3.715256e-01 1.039085e-02 -5.098202e-02))
502.33        	((-3.720546e+00 -9.949990e+01 -1.905767e+01) (6.096246e-02 -5.048550e+00 -3.504805e-01)) ((1.479424e+00 2.929366e-01 -3.196030e-01) (3.547497e-01 1.032522e-02 -5.070910e-02))
502.34        	((-3.957988e+00 -9.852352e+01 -1.930234e+01) (5.343959e-02 -4.983865e+00 -3.810270e-01)) ((1.039851e+00 2.713258e-01 -3.262401e-01) (3.385008e-01 1.025532e-02 -5.041290e-02))
502.35        	((-4.184705e+00 -9.755016e+01 -1.941088e+01) (4.591197e-02 -4.921239e+00 -4.087671e-01)) ((6.537569e-01 2.499390e-01 -3.310133e-01) (3.227872e-01 1.018580e-02 -5.006411e-02))
502.36        	((-4.401877e+00 -9.657943e+01 -1.939484e+01) (3.836802e-02 -4.860513e+00 -4.337268e-01)) ((3.187260e-01 2.291674e-01 -3.343446e-01) (3.076028e-01 1.011047e-02 -4.965468e-02))
502.37        	((-4.611639e+00 -9.561593e+01 -1.925902e+01) (3.083323e-02 -4.801631e+00 -4.559747e-01)) ((3.277673e-02 2.092596e-01 -3.366822e-01) (2.929526e-01 1.003107e-02 -4.919384e-02))
502.38        	((-4.814409e+00 -9.465714e+01 -1.900253e+01) (2.331848e-02 -4.744491e+00 -4.755856e-01)) ((-2.057112e-01 1.899843e-01 -3.380917e-01) (2.788309e-01 9.947062e-03 -4.867087e-02))
502.39        	((-5.010492e+00 -9.370150e+01 -1.862378e+01) (1.585802e-02 -4.688946e+00 -4.926156e-01)) ((-3.972673e-01 1.712207e-01 -3.386180e-01) (2.652188e-01 9.855144e-03 -4.805995e-02))
502.4         	((-5.198702e+00 -9.274677e+01 -1.812779e+01) (8.438687e-03 -4.634879e+00 -5.070856e-01)) ((-5.420038e-01 1.528224e-01 -3.373911e-01) (2.520924e-01 9.754429e-03 -4.736633e-02))
502.41        	((-5.376814e+00 -9.179244e+01 -1.751563e+01) (1.039327e-03 -4.582284e+00 -5.191049e-01)) ((-6.398939e-01 1.345206e-01 -3.324441e-01) (2.395289e-01 9.623049e-03 -4.660900e-02))
502.42        	((-5.546305e+00 -9.086900e+01 -1.678446e+01) (-6.269278e-03 -4.531039e+00 -5.287106e-01)) ((-6.868867e-01 1.164833e-01 -3.261079e-01) (2.275362e-01 9.446154e-03 -4.573370e-02))
502.43        	((-5.705056e+00 -8.993114e+01 -1.593793e+01) (-1.350002e-02 -4.480962e+00 -5.358708e-01)) ((-6.867495e-01 9.853388e-02 -3.182979e-01) (2.160671e-01 9.242892e-03 -4.476122e-02))
502.44        	((-5.850599e+00 -8.896478e+01 -1.498742e+01) (-2.067110e-02 -4.431978e+00 -5.406224e-01)) ((-6.447007e-01 8.052902e-02 -3.088033e-01) (2.050997e-01 9.023045e-03 -4.370483e-02))
502.45        	((-5.982340e+00 -8.798414e+01 -1.394211e+01) (-2.776189e-02 -4.384050e+00 -5.430540e-01)) ((-5.614534e-01 6.241035e-02 -2.969727e-01) (1.946351e-01 8.780117e-03 -4.257906e-02))
502.46        	((-6.100876e+00 -8.700745e+01 -1.280407e+01) (-3.474472e-02 -4.337138e+00 -5.432637e-01)) ((-4.362970e-01 4.415913e-02 -2.831255e-01) (1.846897e-01 8.508038e-03 -4.137745e-02))
502.47        	((-6.208980e+00 -8.603833e+01 -1.157779e+01) (-4.161295e-02 -4.291192e+00 -5.412839e-01)) ((-2.684042e-01 2.576004e-02 -2.680577e-01) (1.752597e-01 8.209019e-03 -4.009998e-02))
502.48        	((-6.306397e+00 -8.506889e+01 -1.026796e+01) (-4.836280e-02 -4.246185e+00 -5.371579e-01)) ((-5.905498e-02 7.178452e-03 -2.521309e-01) (1.663432e-01 7.887445e-03 -3.875000e-02))
502.49        	((-6.391308e+00 -8.408933e+01 -8.884756e+00) (-5.499210e-02 -4.202056e+00 -5.309474e-01)) ((1.888451e-01 -1.145813e-02 -2.355000e-01) (1.579275e-01 7.543138e-03 -3.733316e-02))
502.5         	((-6.463477e+00 -8.309623e+01 -7.429917e+00) (-6.149506e-02 -4.158781e+00 -5.227448e-01)) ((4.741854e-01 -3.015780e-02 -2.180197e-01) (1.500172e-01 7.174904e-03 -3.585763e-02))
502.51        	((-6.523944e+00 -8.209055e+01 -5.912073e+00) (-6.786118e-02 -4.116288e+00 -5.126116e-01)) ((7.957867e-01 -4.898314e-02 -1.994960e-01) (1.426147e-01 6.779971e-03 -3.431828e-02))
502.52        	((-6.572505e+00 -8.107426e+01 -4.339564e+00) (-7.407362e-02 -4.074493e+00 -5.005962e-01)) ((1.152642e+00 -6.806801e-02 -1.802514e-01) (1.357142e-01 6.360837e-03 -3.272281e-02))
502.53        	((-6.609222e+00 -8.004657e+01 -2.715948e+00) (-8.013081e-02 -4.033313e+00 -4.867576e-01)) ((1.544816e+00 -8.721830e-02 -1.610900e-01) (1.293028e-01 5.918610e-03 -3.106761e-02))
502.54        	((-6.634346e+00 -7.900440e+01 -1.037967e+00) (-8.603059e-02 -3.992704e+00 -4.711456e-01)) ((1.972807e+00 -1.062291e-01 -1.424042e-01) (1.233835e-01 5.451754e-03 -2.936303e-02))
502.55        	((-6.648319e+00 -7.794419e+01 6.908726e-01) (-9.178666e-02 -3.952641e+00 -4.538370e-01)) ((2.434946e+00 -1.250152e-01 -1.243542e-01) (1.179647e-01 4.962123e-03 -2.762097e-02))
502.56        	((-6.653529e+00 -7.686536e+01 2.462879e+00) (-9.738921e-02 -3.913075e+00 -4.348904e-01)) ((2.928333e+00 -1.435632e-01 -1.069621e-01) (1.130434e-01 4.451322e-03 -2.584371e-02))
502.57        	((-6.652067e+00 -7.576750e+01 4.262377e+00) (-1.028301e-01 -3.873914e+00 -4.143642e-01)) ((3.449848e+00 -1.617683e-01 -9.022022e-02) (1.086071e-01 3.918943e-03 -2.402948e-02))
502.58        	((-6.645311e+00 -7.465029e+01 6.082134e+00) (-1.081112e-01 -3.835147e+00 -3.923497e-01)) ((3.997472e+00 -1.794006e-01 -7.431167e-02) (1.046432e-01 3.365173e-03 -2.217962e-02))
502.59        	((-6.634341e+00 -7.354093e+01 7.907313e+00) (-1.132260e-01 -3.796838e+00 -3.689725e-01)) ((4.566217e+00 -1.961348e-01 -6.007732e-02) (1.011433e-01 2.795900e-03 -2.030090e-02))
502.6         	((-6.618112e+00 -7.240647e+01 9.744916e+00) (-1.181654e-01 -3.758918e+00 -3.443175e-01)) ((5.158591e+00 -2.122341e-01 -4.591221e-02) (9.809868e-02 2.216260e-03 -1.840273e-02))
502.61        	((-6.594649e+00 -7.123287e+01 1.157412e+01) (-1.229431e-01 -3.721296e+00 -3.184633e-01)) ((5.768708e+00 -2.276271e-01 -3.203700e-02) (9.550673e-02 1.627744e-03 -1.648846e-02))
502.62        	((-6.565460e+00 -7.002751e+01 1.338557e+01) (-1.275666e-01 -3.683945e+00 -2.915082e-01)) ((6.391913e+00 -2.421696e-01 -1.976507e-02) (9.336127e-02 1.036369e-03 -1.456845e-02))
502.63        	((-6.534414e+00 -6.880254e+01 1.517432e+01) (-1.320235e-01 -3.646829e+00 -2.635800e-01)) ((7.024530e+00 -2.556570e-01 -9.537599e-03) (9.164569e-02 4.527114e-04 -1.264131e-02))
502.64        	((-6.505911e+00 -6.756229e+01 1.693688e+01) (-1.363490e-01 -3.609896e+00 -2.348263e-01)) ((7.663576e+00 -2.677469e-01 -9.803831e-04) (9.034108e-02 -1.226960e-04 -1.071692e-02))
502.65        	((-6.480128e+00 -6.630334e+01 1.866149e+01) (-1.405700e-01 -3.573125e+00 -2.053460e-01)) ((8.305209e+00 -2.783696e-01 6.617115e-03) (8.943524e-02 -6.915205e-04 -8.810596e-03))
502.66        	((-6.455291e+00 -6.501876e+01 2.033191e+01) (-1.447094e-01 -3.536513e+00 -1.752431e-01)) ((8.945337e+00 -2.877086e-01 1.352683e-02) (8.891846e-02 -1.253842e-03 -6.935323e-03))
502.67        	((-6.430332e+00 -6.370908e+01 2.191540e+01) (-1.487565e-01 -3.500046e+00 -1.446919e-01)) ((9.575039e+00 -2.958451e-01 1.887479e-02) (8.876993e-02 -1.794887e-03 -5.102387e-03))
502.68        	((-6.405393e+00 -6.237732e+01 2.339791e+01) (-1.527189e-01 -3.463752e+00 -1.138833e-01)) ((1.018865e+01 -3.027018e-01 2.202779e-02) (8.897051e-02 -2.306736e-03 -3.310339e-03))
502.69        	((-6.383340e+00 -6.102773e+01 2.477968e+01) (-1.565905e-01 -3.427609e+00 -8.297320e-02)) ((1.078320e+01 -3.079722e-01 2.272070e-02) (8.950505e-02 -2.785606e-03 -1.574452e-03))
502.7         	((-6.367339e+00 -5.966505e+01 2.606027e+01) (-1.603624e-01 -3.391632e+00 -5.212382e-02)) ((1.135583e+01 -3.115998e-01 2.107619e-02) (9.034665e-02 -3.228836e-03 9.097243e-05))
502.71        	((-6.359018e+00 -5.829134e+01 2.723121e+01) (-1.640338e-01 -3.355710e+00 -2.143193e-02)) ((1.190206e+01 -3.137437e-01 1.720381e-02) (9.148507e-02 -3.629701e-03 1.684900e-03))
502.72        	((-6.356365e+00 -5.690696e+01 2.825568e+01) (-1.676209e-01 -3.319823e+00 8.935240e-03)) ((1.241265e+01 -3.145683e-01 1.068841e-02) (9.288875e-02 -3.993452e-03 3.206779e-03))
502.73        	((-6.357716e+00 -5.553219e+01 2.908951e+01) (-1.711391e-01 -3.283916e+00 3.878241e-02)) ((1.287408e+01 -3.139139e-01 3.511473e-04) (9.453544e-02 -4.322420e-03 4.643803e-03))
502.74        	((-6.363331e+00 -5.414339e+01 2.973749e+01) (-1.745927e-01 -3.247861e+00 6.789228e-02)) ((1.328759e+01 -3.118730e-01 -1.182795e-02) (9.639063e-02 -4.621434e-03 5.993856e-03))
502.75        	((-6.374172e+00 -5.273513e+01 3.020790e+01) (-1.779654e-01 -3.211609e+00 9.606458e-02)) ((1.365189e+01 -3.086362e-01 -2.548472e-02) (9.842738e-02 -4.882447e-03 7.250225e-03))
502.76        	((-6.389548e+00 -5.131893e+01 3.049692e+01) (-1.812557e-01 -3.175076e+00 1.231511e-01)) ((1.396205e+01 -3.043268e-01 -4.162700e-02) (1.006192e-01 -5.108270e-03 8.428746e-03))
502.77        	((-6.406958e+00 -4.991380e+01 3.058922e+01) (-1.844833e-01 -3.138193e+00 1.489886e-01)) ((1.421092e+01 -2.992166e-01 -6.163880e-02) (1.029354e-01 -5.291033e-03 9.524675e-03))
502.78        	((-6.423131e+00 -4.853549e+01 3.045272e+01) (-1.876442e-01 -3.100946e+00 1.733944e-01)) ((1.438883e+01 -2.933117e-01 -8.531700e-02) (1.053339e-01 -5.435767e-03 1.054497e-02))
502.79        	((-6.437345e+00 -4.718497e+01 3.009102e+01) (-1.907210e-01 -3.063315e+00 1.961838e-01)) ((1.449482e+01 -2.866244e-01 -1.114283e-01) (1.077717e-01 -5.544774e-03 1.148423e-02))
502.8         	((-6.448034e+00 -4.585820e+01 2.952309e+01) (-1.936947e-01 -3.025308e+00 2.171800e-01)) ((1.453027e+01 -2.791513e-01 -1.394491e-01) (1.102054e-01 -5.623725e-03 1.233985e-02))
502.81        	((-6.454440e+00 -4.456013e+01 2.877085e+01) (-1.965635e-01 -2.986905e+00 2.362239e-01)) ((1.449746e+01 -2.711385e-01 -1.697761e-01) (1.125982e-01 -5.671032e-03 1.311187e-02))
502.82        	((-6.455153e+00 -4.330130e+01 2.784658e+01) (-1.993260e-01 -2.948058e+00 2.532173e-01)) ((1.439854e+01 -2.625207e-01 -2.024555e-01) (1.149238e-01 -5.690298e-03 1.380216e-02))
502.83        	((-6.444490e+00 -4.210634e+01 2.674416e+01) (-2.019912e-01 -2.908802e+00 2.680641e-01)) ((1.422879e+01 -2.534461e-01 -2.396393e-01) (1.171519e-01 -5.691555e-03 1.442588e-02))
502.84        	((-6.423230e+00 -4.096748e+01 2.544339e+01) (-2.045578e-01 -2.869220e+00 2.806321e-01)) ((1.398680e+01 -2.443717e-01 -2.789437e-01) (1.192427e-01 -5.677582e-03 1.500007e-02))
502.85        	((-6.388181e+00 -3.987971e+01 2.397749e+01) (-2.069806e-01 -2.829292e+00 2.908159e-01)) ((1.368182e+01 -2.348591e-01 -3.196645e-01) (1.211703e-01 -5.640978e-03 1.550776e-02))
502.86        	((-6.340371e+00 -3.885352e+01 2.238796e+01) (-2.092264e-01 -2.789040e+00 2.985454e-01)) ((1.332005e+01 -2.247669e-01 -3.619531e-01) (1.229163e-01 -5.586761e-03 1.594325e-02))
502.87        	((-6.276928e+00 -3.789894e+01 2.070779e+01) (-2.112898e-01 -2.748500e+00 3.038331e-01)) ((1.290777e+01 -2.143999e-01 -4.066253e-01) (1.244715e-01 -5.521898e-03 1.632106e-02))
502.88        	((-6.200477e+00 -3.702396e+01 1.895383e+01) (-2.131350e-01 -2.707788e+00 3.066970e-01)) ((1.245047e+01 -2.037860e-01 -4.524186e-01) (1.258097e-01 -5.443771e-03 1.664082e-02))
502.89        	((-6.110525e+00 -3.623138e+01 1.714048e+01) (-2.147789e-01 -2.667034e+00 3.071720e-01)) ((1.195450e+01 -1.929849e-01 -4.987480e-01) (1.269124e-01 -5.354850e-03 1.691883e-02))
502.9         	((-6.007421e+00 -3.553372e+01 1.529432e+01) (-2.162181e-01 -2.626280e+00 3.053404e-01)) ((1.142628e+01 -1.821355e-01 -5.469241e-01) (1.277831e-01 -5.263559e-03 1.716470e-02))
502.91        	((-5.891620e+00 -3.491760e+01 1.341169e+01) (-2.174307e-01 -2.585608e+00 3.012582e-01)) ((1.086992e+01 -1.714410e-01 -5.944826e-01) (1.284114e-01 -5.166948e-03 1.738339e-02))
502.92        	((-5.764218e+00 -3.438271e+01 1.150608e+01) (-2.184057e-01 -2.545132e+00 2.950087e-01)) ((1.029201e+01 -1.607787e-01 -6.402206e-01) (1.288031e-01 -5.064004e-03 1.758119e-02))
502.93        	((-5.629790e+00 -3.393429e+01 9.603970e+00) (-2.191448e-01 -2.504944e+00 2.866759e-01)) ((9.699036e+00 -1.501209e-01 -6.837573e-01) (1.289665e-01 -4.956728e-03 1.775977e-02))
502.94        	((-5.490119e+00 -3.358001e+01 7.730842e+00) (-2.196356e-01 -2.465146e+00 2.763570e-01)) ((9.096637e+00 -1.396063e-01 -7.253788e-01) (1.289094e-01 -4.842522e-03 1.791336e-02))
502.95        	((-5.346976e+00 -3.332001e+01 5.897898e+00) (-2.198674e-01 -2.425856e+00 2.641913e-01)) ((8.489000e+00 -1.293791e-01 -7.644680e-01) (1.286381e-01 -4.721250e-03 1.803824e-02))
502.96        	((-5.201841e+00 -3.315776e+01 4.128237e+00) (-2.198493e-01 -2.387186e+00 2.503208e-01)) ((7.882497e+00 -1.191042e-01 -8.007822e-01) (1.281560e-01 -4.589900e-03 1.813456e-02))
502.97        	((-5.058576e+00 -3.307252e+01 2.396440e+00) (-2.195812e-01 -2.349172e+00 2.348689e-01)) ((7.276374e+00 -1.088311e-01 -8.309095e-01) (1.274710e-01 -4.449866e-03 1.820556e-02))
502.98        	((-4.933065e+00 -3.299008e+01 6.444165e-01) (-2.190826e-01 -2.311007e+00 2.179411e-01)) ((6.664597e+00 -9.903564e-02 -8.518326e-01) (1.265830e-01 -4.303908e-03 1.827573e-02))
502.99        	((-4.812385e+00 -3.298200e+01 -1.110009e+00) (-2.183789e-01 -2.273593e+00 1.995855e-01)) ((6.044215e+00 -8.943259e-02 -8.661779e-01) (1.255079e-01 -4.152429e-03 1.833498e-02))
503           	((-4.693400e+00 -3.308853e+01 -2.745276e+00) (-2.174870e-01 -2.237163e+00 1.798981e-01)) ((5.437631e+00 -7.967565e-02 -8.757067e-01) (1.242530e-01 -3.995041e-03 1.838211e-02))
503.01        	((-4.582795e+00 -3.327930e+01 -4.233000e+00) (-2.163930e-01 -2.201832e+00 1.591050e-01)) ((4.855377e+00 -7.013291e-02 -8.782831e-01) (1.228228e-01 -3.829132e-03 1.841108e-02))
503.02        	((-4.490990e+00 -3.350945e+01 -5.597897e+00) (-2.150959e-01 -2.167623e+00 1.374649e-01)) ((4.298570e+00 -6.095511e-02 -8.721059e-01) (1.212360e-01 -3.656750e-03 1.842954e-02))
503.03        	((-4.425367e+00 -3.375856e+01 -6.821288e+00) (-2.136279e-01 -2.134556e+00 1.151928e-01)) ((3.772817e+00 -5.199796e-02 -8.579311e-01) (1.195107e-01 -3.478027e-03 1.845024e-02))
503.04        	((-4.387041e+00 -3.400689e+01 -7.857704e+00) (-2.120404e-01 -2.102612e+00 9.254446e-02)) ((3.286095e+00 -4.323066e-02 -8.351741e-01) (1.176725e-01 -3.296758e-03 1.848237e-02))
503.05        	((-4.372724e+00 -3.424322e+01 -8.632016e+00) (-2.103719e-01 -2.071765e+00 6.979258e-02)) ((2.852273e+00 -3.438006e-02 -8.048821e-01) (1.157500e-01 -3.111416e-03 1.852892e-02))
503.06        	((-4.380672e+00 -3.446324e+01 -9.074507e+00) (-2.086643e-01 -2.042036e+00 4.727982e-02)) ((2.487936e+00 -2.534851e-02 -7.692134e-01) (1.137712e-01 -2.922544e-03 1.857520e-02))
503.07        	((-4.409538e+00 -3.464268e+01 -9.206995e+00) (-2.069589e-01 -2.013440e+00 2.540886e-02)) ((2.192764e+00 -1.645598e-02 -7.292944e-01) (1.117717e-01 -2.730074e-03 1.861899e-02))
503.08        	((-4.455040e+00 -3.476402e+01 -9.063644e+00) (-2.052582e-01 -1.985898e+00 4.591278e-03)) ((1.960207e+00 -7.461816e-03 -6.874503e-01) (1.098021e-01 -2.542871e-03 1.863628e-02))
503.09        	((-4.506325e+00 -3.483506e+01 -8.537634e+00) (-2.036056e-01 -1.959865e+00 -1.488310e-02)) ((1.802876e+00 1.821393e-03 -6.467289e-01) (1.078488e-01 -2.350464e-03 1.860475e-02))
503.1         	((-4.555641e+00 -3.481111e+01 -7.920333e+00) (-2.019775e-01 -1.934624e+00 -3.269289e-02)) ((1.682037e+00 1.075439e-02 -6.088285e-01) (1.059186e-01 -2.154581e-03 1.852843e-02))
503.11        	((-4.599385e+00 -3.467534e+01 -7.342724e+00) (-2.003889e-01 -1.910005e+00 -4.890500e-02)) ((1.578951e+00 1.901431e-02 -5.734212e-01) (1.039996e-01 -1.952099e-03 1.841723e-02))
503.12        	((-4.631097e+00 -3.444762e+01 -6.769474e+00) (-1.988271e-01 -1.885903e+00 -6.373014e-02)) ((1.494778e+00 2.719176e-02 -5.412824e-01) (1.020562e-01 -1.742629e-03 1.827611e-02))
503.13        	((-4.646311e+00 -3.416109e+01 -6.140561e+00) (-1.972553e-01 -1.862199e+00 -7.726043e-02)) ((1.434783e+00 3.594632e-02 -5.138357e-01) (1.000492e-01 -1.529954e-03 1.809421e-02))
503.14        	((-4.644379e+00 -3.382318e+01 -5.468901e+00) (-1.956343e-01 -1.838830e+00 -8.943887e-02)) ((1.394687e+00 4.500439e-02 -4.912894e-01) (9.796939e-02 -1.308742e-03 1.785436e-02))
503.15        	((-4.625608e+00 -3.343416e+01 -4.821213e+00) (-1.939408e-01 -1.815752e+00 -1.002910e-01)) ((1.365052e+00 5.355507e-02 -4.732618e-01) (9.578992e-02 -1.076658e-03 1.754643e-02))
503.16        	((-4.602382e+00 -3.299756e+01 -4.183644e+00) (-1.921529e-01 -1.792384e+00 -1.098598e-01)) ((1.362523e+00 6.119072e-02 -4.562983e-01) (9.350704e-02 -8.376463e-04 1.718269e-02))
503.17        	((-4.567624e+00 -3.251478e+01 -3.600103e+00) (-1.902708e-01 -1.769232e+00 -1.182037e-01)) ((1.367030e+00 6.860554e-02 -4.414837e-01) (9.112793e-02 -5.949038e-04 1.675252e-02))
503.18        	((-4.515135e+00 -3.199476e+01 -3.118335e+00) (-1.883012e-01 -1.746236e+00 -1.254840e-01)) ((1.361336e+00 7.619610e-02 -4.302109e-01) (8.863231e-02 -3.414559e-04 1.625913e-02))
503.19        	((-4.446537e+00 -3.145658e+01 -2.745400e+00) (-1.861906e-01 -1.723315e+00 -1.318476e-01)) ((1.344144e+00 8.415243e-02 -4.220484e-01) (8.601931e-02 -8.501992e-05 1.570130e-02))
503.2         	((-4.367778e+00 -3.090049e+01 -2.467372e+00) (-1.839248e-01 -1.700398e+00 -1.374412e-01)) ((1.321119e+00 9.220651e-02 -4.148509e-01) (8.328170e-02 1.666999e-04 1.508135e-02))
503.21        	((-4.282873e+00 -3.032805e+01 -2.266827e+00) (-1.815087e-01 -1.677469e+00 -1.423846e-01)) ((1.298164e+00 9.980017e-02 -4.073035e-01) (8.041958e-02 4.152583e-04 1.440519e-02))
503.22        	((-4.191085e+00 -2.974902e+01 -2.141030e+00) (-1.789479e-01 -1.654543e+00 -1.467428e-01)) ((1.274013e+00 1.065963e-01 -3.998547e-01) (7.746988e-02 6.603611e-04 1.368691e-02))
503.23        	((-4.089253e+00 -2.916183e+01 -2.105324e+00) (-1.762491e-01 -1.631646e+00 -1.506017e-01)) ((1.240068e+00 1.126461e-01 -3.933739e-01) (7.445175e-02 9.011679e-04 1.293777e-02))
503.24        	((-3.976596e+00 -2.857204e+01 -2.162611e+00) (-1.734121e-01 -1.608796e+00 -1.541117e-01)) ((1.190175e+00 1.181234e-01 -3.881107e-01) (7.136903e-02 1.132691e-03 1.216288e-02))
503.25        	((-3.856249e+00 -2.798556e+01 -2.303977e+00) (-1.704364e-01 -1.585983e+00 -1.573548e-01)) ((1.124966e+00 1.229720e-01 -3.834603e-01) (6.823289e-02 1.355701e-03 1.136487e-02))
503.26        	((-3.732277e+00 -2.741383e+01 -2.510440e+00) (-1.673230e-01 -1.563252e+00 -1.604185e-01)) ((1.049440e+00 1.270809e-01 -3.787689e-01) (6.505906e-02 1.566904e-03 1.055112e-02))
503.27        	((-3.605475e+00 -2.685091e+01 -2.770776e+00) (-1.640844e-01 -1.540635e+00 -1.633638e-01)) ((9.655108e-01 1.304991e-01 -3.738670e-01) (6.186474e-02 1.767262e-03 9.725036e-03))
503.28        	((-3.474509e+00 -2.629731e+01 -3.082825e+00) (-1.607311e-01 -1.518177e+00 -1.662448e-01)) ((8.716235e-01 1.332779e-01 -3.691075e-01) (5.867343e-02 1.954856e-03 8.889939e-03))
503.29        	((-3.337375e+00 -2.576205e+01 -3.447656e+00) (-1.572708e-01 -1.495915e+00 -1.691127e-01)) ((7.645529e-01 1.354484e-01 -3.654488e-01) (5.549812e-02 2.131573e-03 8.052618e-03))
503.3         	((-3.197545e+00 -2.524695e+01 -3.856888e+00) (-1.537131e-01 -1.473891e+00 -1.720326e-01)) ((6.457499e-01 1.369058e-01 -3.623739e-01) (5.235196e-02 2.294791e-03 7.214484e-03))
503.31        	((-3.048307e+00 -2.475139e+01 -4.395646e+00) (-1.500658e-01 -1.452591e+00 -1.751103e-01)) ((4.959593e-01 1.373939e-01 -3.607612e-01) (4.924170e-02 2.441717e-03 6.373341e-03))
503.32        	((-2.904554e+00 -2.429764e+01 -4.915571e+00) (-1.463383e-01 -1.431534e+00 -1.784481e-01)) ((3.483788e-01 1.371524e-01 -3.590459e-01) (4.617963e-02 2.569063e-03 5.539243e-03))
503.33        	((-2.771225e+00 -2.387905e+01 -5.356487e+00) (-1.425567e-01 -1.410779e+00 -1.819566e-01)) ((2.161302e-01 1.364273e-01 -3.565276e-01) (4.319618e-02 2.679294e-03 4.719590e-03))
503.34        	((-2.643064e+00 -2.348239e+01 -5.755054e+00) (-1.387455e-01 -1.390397e+00 -1.855163e-01)) ((9.065619e-02 1.352334e-01 -3.536380e-01) (4.032229e-02 2.773715e-03 3.920717e-03))
503.35        	((-2.514032e+00 -2.310171e+01 -6.170517e+00) (-1.349171e-01 -1.370443e+00 -1.891036e-01)) ((-4.087480e-02 1.334284e-01 -3.511467e-01) (3.756872e-02 2.854799e-03 3.144551e-03))
503.36        	((-2.384335e+00 -2.273971e+01 -6.622635e+00) (-1.310784e-01 -1.350925e+00 -1.927820e-01)) ((-1.827655e-01 1.308911e-01 -3.489282e-01) (3.493444e-02 2.922118e-03 2.392825e-03))
503.37        	((-2.257229e+00 -2.241123e+01 -7.089224e+00) (-1.272352e-01 -1.331858e+00 -1.966163e-01)) ((-3.299363e-01 1.277419e-01 -3.469490e-01) (3.241838e-02 2.972982e-03 1.668058e-03))
503.38        	((-2.135768e+00 -2.211207e+01 -7.538124e+00) (-1.234053e-01 -1.313259e+00 -2.006224e-01)) ((-4.753601e-01 1.241729e-01 -3.448925e-01) (3.002250e-02 3.008297e-03 9.733952e-04))
503.39        	((-2.021290e+00 -2.183712e+01 -7.952865e+00) (-1.196041e-01 -1.295146e+00 -2.047629e-01)) ((-6.150311e-01 1.202618e-01 -3.424422e-01) (2.775062e-02 3.028549e-03 3.096925e-04))
503.4         	((-1.913043e+00 -2.158201e+01 -8.336113e+00) (-1.158413e-01 -1.277543e+00 -2.089901e-01)) ((-7.491047e-01 1.159878e-01 -3.394932e-01) (2.560795e-02 3.034005e-03 -3.215343e-04))
503.41        	((-1.809382e+00 -2.134675e+01 -8.698418e+00) (-1.121275e-01 -1.260457e+00 -2.132662e-01)) ((-8.791117e-01 1.113303e-01 -3.362938e-01) (2.359620e-02 3.025426e-03 -9.177349e-04))
503.42        	((-1.710704e+00 -2.113773e+01 -9.044160e+00) (-1.084701e-01 -1.243897e+00 -2.175786e-01)) ((-1.005665e+00 1.063150e-01 -3.327582e-01) (2.171503e-02 3.002466e-03 -1.478278e-03))
503.43        	((-1.617471e+00 -2.094612e+01 -9.369561e+00) (-1.048703e-01 -1.227860e+00 -2.219131e-01)) ((-1.127620e+00 1.010186e-01 -3.287095e-01) (1.996074e-02 2.966380e-03 -2.004215e-03))
503.44        	((-1.533645e+00 -2.076547e+01 -9.681396e+00) (-1.013370e-01 -1.212013e+00 -2.262607e-01)) ((-1.244914e+00 9.574307e-02 -3.241210e-01) (1.832461e-02 2.919931e-03 -2.489375e-03))
503.45        	((-1.454830e+00 -2.059479e+01 -9.970808e+00) (-9.787521e-02 -1.196736e+00 -2.306160e-01)) ((-1.357940e+00 9.027280e-02 -3.190738e-01) (1.679892e-02 2.863810e-03 -2.940889e-03))
503.46        	((-1.379722e+00 -2.044000e+01 -1.022303e+01) (-9.448569e-02 -1.182018e+00 -2.349472e-01)) ((-1.464072e+00 8.446129e-02 -3.134168e-01) (1.537979e-02 2.797653e-03 -3.359478e-03))
503.47        	((-1.309821e+00 -2.029708e+01 -1.043378e+01) (-9.116756e-02 -1.167829e+00 -2.392013e-01)) ((-1.560223e+00 7.836197e-02 -3.070080e-01) (1.406798e-02 2.720605e-03 -3.746381e-03))
503.48        	((-1.245811e+00 -2.016095e+01 -1.061010e+01) (-8.792725e-02 -1.154132e+00 -2.433351e-01)) ((-1.646702e+00 7.209041e-02 -2.999082e-01) (1.286096e-02 2.632179e-03 -4.100258e-03))
503.49        	((-1.188493e+00 -2.003075e+01 -1.075781e+01) (-8.477885e-02 -1.140901e+00 -2.473140e-01)) ((-1.723838e+00 6.573363e-02 -2.921613e-01) (1.175534e-02 2.533843e-03 -4.420466e-03))
503.5         	((-1.137701e+00 -1.991040e+01 -1.087705e+01) (-8.173165e-02 -1.128124e+00 -2.511157e-01)) ((-1.792417e+00 5.931936e-02 -2.838682e-01) (1.074274e-02 2.428312e-03 -4.710473e-03))
503.51        	((-1.091918e+00 -1.978960e+01 -1.096218e+01) (-7.878837e-02 -1.115789e+00 -2.547013e-01)) ((-1.851534e+00 5.294481e-02 -2.752185e-01) (9.820670e-03 2.313121e-03 -4.976101e-03))
503.52        	((-1.050344e+00 -1.966236e+01 -1.100987e+01) (-7.594369e-02 -1.103842e+00 -2.580436e-01)) ((-1.900416e+00 4.654066e-02 -2.660522e-01) (8.980483e-03 2.192164e-03 -5.216920e-03))
503.53        	((-1.012975e+00 -1.953110e+01 -1.102220e+01) (-7.319813e-02 -1.092238e+00 -2.611090e-01)) ((-1.938905e+00 4.008529e-02 -2.563080e-01) (8.216261e-03 2.066569e-03 -5.433773e-03))
503.54        	((-9.800940e-01 -1.940340e+01 -1.100482e+01) (-7.054925e-02 -1.080952e+00 -2.638708e-01)) ((-1.968006e+00 3.356690e-02 -2.459433e-01) (7.523968e-03 1.936929e-03 -5.627432e-03))
503.55        	((-9.508918e-01 -1.927287e+01 -1.095896e+01) (-6.799446e-02 -1.069955e+00 -2.663119e-01)) ((-1.987195e+00 2.703083e-02 -2.351739e-01) (6.897974e-03 1.804420e-03 -5.799752e-03))
503.56        	((-9.243797e-01 -1.913435e+01 -1.088453e+01) (-6.553595e-02 -1.059225e+00 -2.684223e-01)) ((-1.996542e+00 2.052985e-02 -2.241781e-01) (6.331198e-03 1.668864e-03 -5.949723e-03))
503.57        	((-9.003267e-01 -1.898636e+01 -1.074059e+01) (-6.316927e-02 -1.048950e+00 -2.701639e-01)) ((-1.988956e+00 1.392622e-02 -2.127313e-01) (5.826544e-03 1.530054e-03 -6.079387e-03))
503.58        	((-8.768491e-01 -1.883466e+01 -1.058238e+01) (-6.089449e-02 -1.038833e+00 -2.714876e-01)) ((-1.973866e+00 7.413357e-03 -2.010330e-01) (5.380489e-03 1.389516e-03 -6.188635e-03))
503.59        	((-8.536294e-01 -1.868126e+01 -1.043673e+01) (-5.870782e-02 -1.028866e+00 -2.724261e-01)) ((-1.956379e+00 1.017715e-03 -1.890539e-01) (4.983042e-03 1.248640e-03 -6.280974e-03))
503.6         	((-8.320606e-01 -1.852876e+01 -1.029486e+01) (-5.660142e-02 -1.019063e+00 -2.730332e-01)) ((-1.936307e+00 -5.300158e-03 -1.765798e-01) (4.620983e-03 1.107648e-03 -6.355768e-03))
503.61        	((-8.114806e-01 -1.836775e+01 -1.013186e+01) (-5.457365e-02 -1.009416e+00 -2.733227e-01)) ((-1.909288e+00 -1.155519e-02 -1.636808e-01) (4.288777e-03 9.664158e-04 -6.413796e-03))
503.62        	((-7.911160e-01 -1.819448e+01 -9.936922e+00) (-5.262008e-02 -9.998861e-01 -2.732696e-01)) ((-1.873012e+00 -1.776472e-02 -1.504231e-01) (3.985268e-03 8.244984e-04 -6.453745e-03))
503.63        	((-7.704666e-01 -1.801337e+01 -9.718273e+00) (-5.073786e-02 -9.904484e-01 -2.728485e-01)) ((-1.828696e+00 -2.393541e-02 -1.368426e-01) (3.713161e-03 6.825087e-04 -6.476201e-03))
503.64        	((-7.492761e-01 -1.783030e+01 -9.491208e+00) (-4.892187e-02 -9.810865e-01 -2.720511e-01)) ((-1.779192e+00 -3.006783e-02 -1.229462e-01) (3.472070e-03 5.410645e-04 -6.480757e-03))
503.65        	((-7.273584e-01 -1.764718e+01 -9.264399e+00) (-4.716747e-02 -9.717999e-01 -2.708986e-01)) ((-1.726445e+00 -3.612842e-02 -1.087585e-01) (3.257260e-03 3.999958e-04 -6.468846e-03))
503.66        	((-7.045816e-01 -1.746263e+01 -9.037263e+00) (-4.547291e-02 -9.625896e-01 -2.694230e-01)) ((-1.671033e+00 -4.209678e-02 -9.428908e-02) (3.064463e-03 2.580009e-04 -6.439258e-03))
503.67        	((-6.807751e-01 -1.727475e+01 -8.806150e+00) (-4.384434e-02 -9.534677e-01 -2.676572e-01)) ((-1.612832e+00 -4.790561e-02 -7.957858e-02) (2.883438e-03 1.193786e-04 -6.392997e-03))
503.68        	((-6.558340e-01 -1.708349e+01 -8.570249e+00) (-4.227567e-02 -9.444238e-01 -2.656074e-01)) ((-1.551857e+00 -5.356258e-02 -6.467262e-02) (2.713528e-03 -1.653352e-05 -6.330405e-03))
503.69        	((-6.298040e-01 -1.689088e+01 -8.331633e+00) (-4.075635e-02 -9.354323e-01 -2.632697e-01)) ((-1.488470e+00 -5.913833e-02 -4.957415e-02) (2.563474e-03 -1.552850e-04 -6.249973e-03))
503.7         	((-6.026625e-01 -1.669874e+01 -8.094309e+00) (-3.928066e-02 -9.264835e-01 -2.606530e-01)) ((-1.423375e+00 -6.465738e-02 -3.425882e-02) (2.433657e-03 -2.980646e-04 -6.151617e-03))
503.71        	((-5.744531e-01 -1.650800e+01 -7.861052e+00) (-3.784585e-02 -9.175834e-01 -2.577815e-01)) ((-1.357401e+00 -7.010534e-02 -1.874818e-02) (2.321540e-03 -4.439889e-04 -6.035710e-03))
503.72        	((-5.452496e-01 -1.631872e+01 -7.632558e+00) (-3.645092e-02 -9.087402e-01 -2.546830e-01)) ((-1.291112e+00 -7.546155e-02 -3.084397e-03) (2.223943e-03 -5.919097e-04 -5.902874e-03))
503.73        	((-5.150997e-01 -1.613084e+01 -7.408647e+00) (-3.509474e-02 -8.999578e-01 -2.513800e-01)) ((-1.224818e+00 -8.072446e-02 1.271108e-02) (2.138395e-03 -7.411144e-04 -5.753485e-03))
503.74        	((-4.841760e-01 -1.594478e+01 -7.189227e+00) (-3.377547e-02 -8.912388e-01 -2.478909e-01)) ((-1.158682e+00 -8.591509e-02 2.865096e-02) (2.063699e-03 -8.914252e-04 -5.587473e-03))
503.75        	((-4.527300e-01 -1.576149e+01 -6.974672e+00) (-3.249122e-02 -8.825852e-01 -2.442330e-01)) ((-1.092953e+00 -9.104621e-02 4.476151e-02) (1.999924e-03 -1.043161e-03 -5.404415e-03))
503.76        	((-4.209477e-01 -1.558184e+01 -6.765496e+00) (-3.124125e-02 -8.740026e-01 -2.404222e-01)) ((-1.027896e+00 -9.610786e-02 6.103138e-02) (1.946683e-03 -1.196728e-03 -5.204932e-03))
503.77        	((-3.888444e-01 -1.540591e+01 -6.561808e+00) (-3.002457e-02 -8.654953e-01 -2.364755e-01)) ((-9.636915e-01 -1.010970e-01 7.745248e-02) (1.904218e-03 -1.352050e-03 -4.988292e-03))
503.78        	((-3.566939e-01 -1.523393e+01 -6.363686e+00) (-2.884093e-02 -8.570678e-01 -2.324073e-01)) ((-9.005632e-01 -1.060056e-01 9.397545e-02) (1.871931e-03 -1.509283e-03 -4.754296e-03))
503.79        	((-3.246965e-01 -1.506612e+01 -6.170987e+00) (-2.769100e-02 -8.487256e-01 -2.282321e-01)) ((-8.386675e-01 -1.108357e-01 1.105858e-01) (1.849344e-03 -1.668261e-03 -4.503525e-03))
503.8         	((-2.931190e-01 -1.490268e+01 -5.983193e+00) (-2.657332e-02 -8.404756e-01 -2.239668e-01)) ((-7.780893e-01 -1.156037e-01 1.272944e-01) (1.836301e-03 -1.829021e-03 -4.235305e-03))
503.81        	((-2.620975e-01 -1.474374e+01 -5.799838e+00) (-2.548839e-02 -8.323231e-01 -2.196244e-01)) ((-7.187354e-01 -1.203219e-01 1.440915e-01) (1.833105e-03 -1.991361e-03 -3.950321e-03))
503.82        	((-2.318170e-01 -1.458938e+01 -5.620381e+00) (-2.443652e-02 -8.242719e-01 -2.152168e-01)) ((-6.605425e-01 -1.249749e-01 1.609380e-01) (1.839539e-03 -2.155327e-03 -3.648820e-03))
503.83        	((-2.024869e-01 -1.443972e+01 -5.444339e+00) (-2.341950e-02 -8.163269e-01 -2.107544e-01)) ((-6.035170e-01 -1.295574e-01 1.778452e-01) (1.856006e-03 -2.320837e-03 -3.331125e-03))
503.84        	((-1.742895e-01 -1.429475e+01 -5.271272e+00) (-2.243706e-02 -8.084896e-01 -2.062448e-01)) ((-5.477138e-01 -1.340758e-01 1.948119e-01) (1.882760e-03 -2.487898e-03 -2.996233e-03))
503.85        	((-1.475241e-01 -1.415441e+01 -5.100489e+00) (-2.149097e-02 -8.007620e-01 -2.016971e-01)) ((-4.930372e-01 -1.385496e-01 2.118904e-01) (1.919962e-03 -2.656173e-03 -2.645213e-03))
503.86        	((-1.223420e-01 -1.401858e+01 -4.931484e+00) (-2.058132e-02 -7.931442e-01 -1.971178e-01)) ((-4.393612e-01 -1.429688e-01 2.290530e-01) (1.967342e-03 -2.825451e-03 -2.277077e-03))
503.87        	((-9.875052e-02 -1.388716e+01 -4.763795e+00) (-1.971127e-02 -7.856399e-01 -1.925153e-01)) ((-3.865890e-01 -1.473377e-01 2.463289e-01) (2.025063e-03 -2.995446e-03 -1.893528e-03))
503.88        	((-7.687075e-02 -1.375998e+01 -4.596790e+00) (-1.887985e-02 -7.782511e-01 -1.878959e-01)) ((-3.345681e-01 -1.516693e-01 2.637274e-01) (2.093365e-03 -3.166091e-03 -1.494441e-03))
503.89        	((-5.678643e-02 -1.363689e+01 -4.429966e+00) (-1.808931e-02 -7.709800e-01 -1.832651e-01)) ((-2.832128e-01 -1.559703e-01 2.812920e-01) (2.172914e-03 -3.336941e-03 -1.081942e-03))
503.9         	((-3.868907e-02 -1.351777e+01 -4.262944e+00) (-1.734041e-02 -7.638271e-01 -1.786262e-01)) ((-2.324738e-01 -1.602257e-01 2.989624e-01) (2.263447e-03 -3.507851e-03 -6.548567e-04))
503.91        	((-2.267494e-02 -1.340236e+01 -4.095378e+00) (-1.663738e-02 -7.567944e-01 -1.739836e-01)) ((-1.822512e-01 -1.644331e-01 3.167562e-01) (2.364755e-03 -3.678404e-03 -2.149909e-04))
503.92        	((-8.819118e-03 -1.329042e+01 -3.926908e+00) (-1.598082e-02 -7.498829e-01 -1.693385e-01)) ((-1.324321e-01 -1.685872e-01 3.346249e-01) (2.476585e-03 -3.848468e-03 2.392716e-04))
503.93        	((2.909957e-03 -1.318182e+01 -3.757034e+00) (-1.537508e-02 -7.430954e-01 -1.646942e-01)) ((-8.290454e-02 -1.726936e-01 3.526350e-01) (2.599176e-03 -4.017168e-03 7.054610e-04))
503.94        	((1.237923e-02 -1.307630e+01 -3.585390e+00) (-1.481956e-02 -7.364333e-01 -1.600522e-01)) ((-3.356307e-02 -1.767418e-01 3.707668e-01) (2.731067e-03 -4.184201e-03 1.185029e-03))
503.95        	((1.964931e-02 -1.297365e+01 -3.411863e+00) (-1.431926e-02 -7.298991e-01 -1.554135e-01)) ((1.560376e-02 -1.807346e-01 3.890870e-01) (2.873361e-03 -4.349450e-03 1.675206e-03))
503.96        	((2.453858e-02 -1.287356e+01 -3.236357e+00) (-1.387099e-02 -7.234919e-01 -1.507781e-01)) ((6.470409e-02 -1.846585e-01 4.075524e-01) (3.024588e-03 -4.512585e-03 2.176618e-03))
503.97        	((2.713014e-02 -1.277586e+01 -3.058733e+00) (-1.347753e-02 -7.172088e-01 -1.461451e-01)) ((1.137770e-01 -1.885261e-01 4.262128e-01) (3.186251e-03 -4.673723e-03 2.686262e-03))
503.98        	((2.747530e-02 -1.268017e+01 -2.878850e+00) (-1.313400e-02 -7.110398e-01 -1.415101e-01)) ((1.629111e-01 -1.923408e-01 4.449521e-01) (3.358002e-03 -4.833646e-03 3.207492e-03))
503.99        	((2.525558e-02 -1.258888e+01 -2.697197e+00) (-1.284650e-02 -7.049868e-01 -1.368738e-01)) ((2.117803e-01 -1.961115e-01 4.639589e-01) (3.540415e-03 -4.992022e-03 3.737234e-03))
504           	((2.102505e-02 -1.249869e+01 -2.513137e+00) (-1.260920e-02 -6.990464e-01 -1.322351e-01)) ((2.608877e-01 -1.998255e-01 4.830360e-01) (3.730909e-03 -5.149193e-03 4.279052e-03))
504.01        	((1.511702e-02 -1.240827e+01 -2.326323e+00) (-1.242788e-02 -6.932189e-01 -1.275955e-01)) ((3.103419e-01 -2.035067e-01 5.022348e-01) (3.930132e-03 -5.304078e-03 4.826795e-03))
504.02        	((7.331551e-03 -1.231832e+01 -2.136948e+00) (-1.229587e-02 -6.874955e-01 -1.229521e-01)) ((3.601009e-01 -2.071589e-01 5.214843e-01) (4.136576e-03 -5.457574e-03 5.384914e-03))
504.03        	((-2.478677e-03 -1.223019e+01 -1.945590e+00) (-1.221986e-02 -6.818783e-01 -1.183051e-01)) ((4.099418e-01 -2.107909e-01 5.409613e-01) (4.349163e-03 -5.608314e-03 5.949437e-03))
504.04        	((-1.437657e-02 -1.214388e+01 -1.752598e+00) (-1.219696e-02 -6.763649e-01 -1.136542e-01)) ((4.597591e-01 -2.143772e-01 5.606155e-01) (4.568212e-03 -5.756703e-03 6.522449e-03))
504.05        	((-2.824318e-02 -1.205905e+01 -1.557958e+00) (-1.222929e-02 -6.709556e-01 -1.090012e-01)) ((5.096158e-01 -2.179187e-01 5.804176e-01) (4.791460e-03 -5.902550e-03 7.102545e-03))
504.06        	((-4.383663e-02 -1.197511e+01 -1.361486e+00) (-1.231421e-02 -6.656469e-01 -1.043453e-01)) ((5.596096e-01 -2.214423e-01 6.003887e-01) (5.018392e-03 -6.045953e-03 7.690113e-03))
504.07        	((-6.106204e-02 -1.189173e+01 -1.163361e+00) (-1.245115e-02 -6.604355e-01 -9.968786e-02)) ((6.097793e-01 -2.249751e-01 6.205497e-01) (5.247918e-03 -6.186839e-03 8.285390e-03))
504.08        	((-7.985443e-02 -1.180908e+01 -9.639623e-01) (-1.263886e-02 -6.553217e-01 -9.502791e-02)) ((6.600469e-01 -2.285350e-01 6.408997e-01) (5.479562e-03 -6.324991e-03 8.887980e-03))
504.09        	((-1.001986e-01 -1.172737e+01 -7.636709e-01) (-1.287736e-02 -6.503035e-01 -9.036572e-02)) ((7.103050e-01 -2.321118e-01 6.614010e-01) (5.712807e-03 -6.460139e-03 9.497002e-03))
504.1         	((-1.220507e-01 -1.164664e+01 -5.626192e-01) (-1.316579e-02 -6.453785e-01 -8.570315e-02)) ((7.605072e-01 -2.357008e-01 6.820216e-01) (5.946855e-03 -6.591856e-03 1.011244e-02))
504.11        	((-1.453735e-01 -1.156691e+01 -3.612695e-01) (-1.350224e-02 -6.405486e-01 -8.104211e-02)) ((8.105277e-01 -2.393044e-01 7.027201e-01) (6.180970e-03 -6.719970e-03 1.073323e-02))
504.12        	((-1.699113e-01 -1.148799e+01 -1.599848e-01) (-1.388527e-02 -6.358130e-01 -7.638356e-02)) ((8.602637e-01 -2.429221e-01 7.235120e-01) (6.413874e-03 -6.844826e-03 1.135920e-02))
504.13        	((-1.953646e-01 -1.140962e+01 4.107797e-02) (-1.431502e-02 -6.311773e-01 -7.172770e-02)) ((9.096369e-01 -2.465405e-01 7.444778e-01) (6.644625e-03 -6.966780e-03 1.198909e-02))
504.14        	((-2.217532e-01 -1.133201e+01 2.415251e-01) (-1.479147e-02 -6.266486e-01 -6.707522e-02)) ((9.585437e-01 -2.501788e-01 7.656128e-01) (6.873911e-03 -7.084968e-03 1.262097e-02))
504.15        	((-2.491958e-01 -1.125528e+01 4.412452e-01) (-1.531412e-02 -6.222259e-01 -6.242659e-02)) ((1.006957e+00 -2.538416e-01 7.868918e-01) (7.102632e-03 -7.199926e-03 1.325628e-02))
504.16        	((-2.777071e-01 -1.117944e+01 6.399145e-01) (-1.588360e-02 -6.179040e-01 -5.778057e-02)) ((1.054779e+00 -2.574877e-01 8.082454e-01) (7.330092e-03 -7.312875e-03 1.389412e-02))
504.17        	((-3.073131e-01 -1.110457e+01 8.373864e-01) (-1.649882e-02 -6.136717e-01 -5.314092e-02)) ((1.102014e+00 -2.611188e-01 8.296552e-01) (7.554382e-03 -7.424392e-03 1.453526e-02))
504.18        	((-3.378602e-01 -1.103092e+01 1.033643e+00) (-1.715762e-02 -6.095282e-01 -4.851406e-02)) ((1.148714e+00 -2.647699e-01 8.511113e-01) (7.773911e-03 -7.534221e-03 1.518082e-02))
504.19        	((-3.693480e-01 -1.095848e+01 1.228579e+00) (-1.785835e-02 -6.054758e-01 -4.389959e-02)) ((1.194872e+00 -2.684805e-01 8.726142e-01) (7.989586e-03 -7.642420e-03 1.583050e-02))
504.2         	((-4.018578e-01 -1.088738e+01 1.422153e+00) (-1.860689e-02 -6.015172e-01 -3.930032e-02)) ((1.240477e+00 -2.723002e-01 8.941531e-01) (8.199880e-03 -7.748130e-03 1.648336e-02))
504.21        	((-4.357103e-01 -1.081930e+01 1.614558e+00) (-1.939759e-02 -5.976527e-01 -3.471947e-02)) ((1.285469e+00 -2.762070e-01 9.157787e-01) (8.404390e-03 -7.851982e-03 1.714086e-02))
504.22        	((-4.704189e-01 -1.075195e+01 1.805120e+00) (-2.022771e-02 -5.938784e-01 -3.015958e-02)) ((1.329758e+00 -2.801440e-01 9.372476e-01) (8.602894e-03 -7.953528e-03 1.780281e-02))
504.23        	((-5.058790e-01 -1.068434e+01 1.993356e+00) (-2.109735e-02 -5.901894e-01 -2.562345e-02)) ((1.373216e+00 -2.841024e-01 9.584515e-01) (8.795528e-03 -8.052470e-03 1.846704e-02))
504.24        	((-5.422316e-01 -1.061716e+01 2.179526e+00) (-2.200739e-02 -5.865852e-01 -2.111147e-02)) ((1.415866e+00 -2.880912e-01 9.794692e-01) (8.983345e-03 -8.149776e-03 1.913362e-02))
504.25        	((-5.796838e-01 -1.055159e+01 2.363603e+00) (-2.295518e-02 -5.830689e-01 -1.662558e-02)) ((1.457761e+00 -2.921409e-01 1.000411e+00) (9.165541e-03 -8.245251e-03 1.980248e-02))
504.26        	((-6.182778e-01 -1.048779e+01 2.546113e+00) (-2.393950e-02 -5.796417e-01 -1.216750e-02)) ((1.498994e+00 -2.962605e-01 1.021297e+00) (9.342657e-03 -8.339432e-03 2.047493e-02))
504.27        	((-6.579202e-01 -1.042563e+01 2.726729e+00) (-2.495988e-02 -5.763030e-01 -7.738818e-03)) ((1.539501e+00 -3.004429e-01 1.041993e+00) (9.514895e-03 -8.431928e-03 2.115156e-02))
504.28        	((-6.986957e-01 -1.036461e+01 2.905600e+00) (-2.601763e-02 -5.730531e-01 -3.341726e-03)) ((1.579370e+00 -3.047019e-01 1.062456e+00) (9.682402e-03 -8.522216e-03 2.183122e-02))
504.29        	((-7.405422e-01 -1.030453e+01 3.082565e+00) (-2.711355e-02 -5.698861e-01 1.022276e-03)) ((1.618539e+00 -3.090432e-01 1.082645e+00) (9.844812e-03 -8.610856e-03 2.251288e-02))
504.3         	((-7.834937e-01 -1.024552e+01 3.257631e+00) (-2.824807e-02 -5.668021e-01 5.352714e-03)) ((1.657009e+00 -3.134634e-01 1.102519e+00) (1.000195e-02 -8.698588e-03 2.319516e-02))
504.31        	((-8.277346e-01 -1.018768e+01 3.430940e+00) (-2.942044e-02 -5.637976e-01 9.646493e-03)) ((1.694834e+00 -3.180119e-01 1.122103e+00) (1.015420e-02 -8.785980e-03 2.387781e-02))
504.32        	((-8.732235e-01 -1.013098e+01 3.602661e+00) (-3.063015e-02 -5.608701e-01 1.390231e-02)) ((1.732017e+00 -3.227027e-01 1.141432e+00) (1.030174e-02 -8.872647e-03 2.456139e-02))
504.33        	((-9.200650e-01 -1.007539e+01 3.772840e+00) (-3.187929e-02 -5.580165e-01 1.811813e-02)) ((1.768622e+00 -3.275309e-01 1.160477e+00) (1.044442e-02 -8.958518e-03 2.524625e-02))
504.34        	((-9.681918e-01 -1.002083e+01 3.941570e+00) (-3.316801e-02 -5.552409e-01 2.229542e-02)) ((1.804668e+00 -3.324848e-01 1.179199e+00) (1.058351e-02 -9.043607e-03 2.593227e-02))
504.35        	((-1.017637e+00 -9.967084e+00 4.108707e+00) (-3.449434e-02 -5.525417e-01 2.643584e-02)) ((1.840083e+00 -3.375483e-01 1.197554e+00) (1.072000e-02 -9.127821e-03 2.661850e-02))
504.36        	((-1.068570e+00 -9.914280e+00 4.274405e+00) (-3.585973e-02 -5.499143e-01 3.053690e-02)) ((1.874964e+00 -3.427215e-01 1.215559e+00) (1.085317e-02 -9.211554e-03 2.730464e-02))
504.37        	((-1.121015e+00 -9.862412e+00 4.438733e+00) (-3.726498e-02 -5.473523e-01 3.459860e-02)) ((1.909352e+00 -3.480129e-01 1.233181e+00) (1.098351e-02 -9.294905e-03 2.799067e-02))
504.38        	((-1.174939e+00 -9.811523e+00 4.601794e+00) (-3.870773e-02 -5.448566e-01 3.861943e-02)) ((1.943292e+00 -3.534134e-01 1.250392e+00) (1.111012e-02 -9.378440e-03 2.867553e-02))
504.39        	((-1.230395e+00 -9.761407e+00 4.763542e+00) (-4.018984e-02 -5.424266e-01 4.259737e-02)) ((1.976771e+00 -3.589562e-01 1.267201e+00) (1.123244e-02 -9.461672e-03 2.935967e-02))
504.4         	((-1.287563e+00 -9.713416e+00 4.924887e+00) (-4.171051e-02 -5.400620e-01 4.653909e-02)) ((2.010009e+00 -3.646291e-01 1.283671e+00) (1.135252e-02 -9.544831e-03 3.004336e-02))
504.41        	((-1.345883e+00 -9.664394e+00 5.083783e+00) (-4.326953e-02 -5.377575e-01 5.044519e-02)) ((2.042483e+00 -3.704124e-01 1.299555e+00) (1.147078e-02 -9.627918e-03 3.072667e-02))
504.42        	((-1.405853e+00 -9.616630e+00 5.241338e+00) (-4.486839e-02 -5.355128e-01 5.431163e-02)) ((2.074449e+00 -3.763309e-01 1.314977e+00) (1.158624e-02 -9.711669e-03 3.141057e-02))
504.43        	((-1.467444e+00 -9.569594e+00 5.398111e+00) (-4.650706e-02 -5.333239e-01 5.814100e-02)) ((2.106095e+00 -3.823811e-01 1.329982e+00) (1.169917e-02 -9.795928e-03 3.209419e-02))
504.44        	((-1.530546e+00 -9.523097e+00 5.553134e+00) (-4.818617e-02 -5.311860e-01 6.193607e-02)) ((2.137277e+00 -3.885622e-01 1.344488e+00) (1.181069e-02 -9.880496e-03 3.277651e-02))
504.45        	((-1.595163e+00 -9.476730e+00 5.707181e+00) (-4.990534e-02 -5.290973e-01 6.569496e-02)) ((2.168091e+00 -3.948747e-01 1.358491e+00) (1.191969e-02 -9.966069e-03 3.345739e-02))
504.46        	((-1.661275e+00 -9.430991e+00 5.859880e+00) (-5.166585e-02 -5.270622e-01 6.941707e-02)) ((2.198517e+00 -4.013123e-01 1.371997e+00) (1.202632e-02 -1.005310e-02 3.413843e-02))
504.47        	((-1.729048e+00 -9.385746e+00 6.011853e+00) (-5.346697e-02 -5.250768e-01 7.310598e-02)) ((2.228663e+00 -4.078886e-01 1.385075e+00) (1.213261e-02 -1.014109e-02 3.481864e-02))
504.48        	((-1.798317e+00 -9.341195e+00 6.162638e+00) (-5.531035e-02 -5.231391e-01 7.676267e-02)) ((2.258446e+00 -4.146121e-01 1.397675e+00) (1.223924e-02 -1.023000e-02 3.549796e-02))
504.49        	((-1.868951e+00 -9.297060e+00 6.312500e+00) (-5.719646e-02 -5.212468e-01 8.038559e-02)) ((2.287973e+00 -4.214706e-01 1.409725e+00) (1.234556e-02 -1.032001e-02 3.617664e-02))
504.5         	((-1.940910e+00 -9.253297e+00 6.461136e+00) (-5.912357e-02 -5.193977e-01 8.397447e-02)) ((2.317157e+00 -4.284464e-01 1.421215e+00) (1.245128e-02 -1.041139e-02 3.685359e-02))
504.51        	((-2.014386e+00 -9.209820e+00 6.608785e+00) (-6.109217e-02 -5.175916e-01 8.753020e-02)) ((2.346093e+00 -4.355313e-01 1.432166e+00) (1.255798e-02 -1.050461e-02 3.752856e-02))
504.52        	((-2.089223e+00 -9.166917e+00 6.755632e+00) (-6.310278e-02 -5.158311e-01 9.105380e-02)) ((2.374808e+00 -4.426975e-01 1.442675e+00) (1.266519e-02 -1.059972e-02 3.820272e-02))
504.53        	((-2.165517e+00 -9.124409e+00 6.901555e+00) (-6.515488e-02 -5.141136e-01 9.454571e-02)) ((2.403278e+00 -4.499448e-01 1.452672e+00) (1.277256e-02 -1.069671e-02 3.887538e-02))
504.54        	((-2.243728e+00 -9.083458e+00 7.047633e+00) (-6.724945e-02 -5.124398e-01 9.800724e-02)) ((2.431769e+00 -4.573294e-01 1.462270e+00) (1.288053e-02 -1.079610e-02 3.954594e-02))
504.55        	((-2.323262e+00 -9.042584e+00 7.192643e+00) (-6.938550e-02 -5.108079e-01 1.014407e-01)) ((2.460008e+00 -4.648084e-01 1.471283e+00) (1.298983e-02 -1.089773e-02 4.021483e-02))
504.56        	((-2.403837e+00 -9.001139e+00 7.335589e+00) (-7.156233e-02 -5.092150e-01 1.048424e-01)) ((2.487784e+00 -4.724012e-01 1.479578e+00) (1.309882e-02 -1.100119e-02 4.088140e-02))
504.57        	((-2.485635e+00 -8.959491e+00 7.477327e+00) (-7.377852e-02 -5.076607e-01 1.082119e-01)) ((2.515303e+00 -4.801128e-01 1.487264e+00) (1.320783e-02 -1.110671e-02 4.154562e-02))
504.58        	((-2.568767e+00 -8.918503e+00 7.618314e+00) (-7.603416e-02 -5.061438e-01 1.115534e-01)) ((2.542699e+00 -4.879344e-01 1.494464e+00) (1.331900e-02 -1.121418e-02 4.220762e-02))
504.59        	((-2.653351e+00 -8.878183e+00 7.758859e+00) (-7.833049e-02 -5.046623e-01 1.148675e-01)) ((2.570004e+00 -4.958711e-01 1.501172e+00) (1.343214e-02 -1.132373e-02 4.286789e-02))
504.6         	((-2.739384e+00 -8.838355e+00 7.898370e+00) (-8.066803e-02 -5.032142e-01 1.181537e-01)) ((2.597030e+00 -5.039611e-01 1.507305e+00) (1.354675e-02 -1.143523e-02 4.352556e-02))
504.61        	((-2.826654e+00 -8.798790e+00 8.036817e+00) (-8.304707e-02 -5.017999e-01 1.214140e-01)) ((2.623755e+00 -5.121837e-01 1.512864e+00) (1.366339e-02 -1.154877e-02 4.418081e-02))
504.62        	((-2.915020e+00 -8.759490e+00 8.174041e+00) (-8.546498e-02 -5.004166e-01 1.246490e-01)) ((2.650248e+00 -5.204986e-01 1.517856e+00) (1.378238e-02 -1.166451e-02 4.483335e-02))
504.63        	((-3.004994e+00 -8.721416e+00 8.311663e+00) (-8.792305e-02 -4.990649e-01 1.278577e-01)) ((2.676892e+00 -5.289624e-01 1.522452e+00) (1.390279e-02 -1.178265e-02 4.548323e-02))
504.64        	((-3.096038e+00 -8.683473e+00 8.448071e+00) (-9.042149e-02 -4.977438e-01 1.310427e-01)) ((2.703361e+00 -5.375361e-01 1.526434e+00) (1.402595e-02 -1.190298e-02 4.613044e-02))
504.65        	((-3.187819e+00 -8.645184e+00 8.582272e+00) (-9.295651e-02 -4.964505e-01 1.342031e-01)) ((2.729351e+00 -5.461771e-01 1.529726e+00) (1.415226e-02 -1.202551e-02 4.677464e-02))
504.66        	((-3.280620e+00 -8.606840e+00 8.715135e+00) (-9.552821e-02 -4.951811e-01 1.373383e-01)) ((2.755058e+00 -5.549042e-01 1.532413e+00) (1.428221e-02 -1.215044e-02 4.741672e-02))
504.67        	((-3.374711e+00 -8.569057e+00 8.847150e+00) (-9.813550e-02 -4.939335e-01 1.404466e-01)) ((2.780564e+00 -5.637442e-01 1.534597e+00) (1.441427e-02 -1.227821e-02 4.805611e-02))
504.68        	((-3.470085e+00 -8.532083e+00 8.978745e+00) (-1.007786e-01 -4.927069e-01 1.435304e-01)) ((2.805994e+00 -5.726675e-01 1.536337e+00) (1.454878e-02 -1.240831e-02 4.869229e-02))
504.69        	((-3.566599e+00 -8.495761e+00 9.109369e+00) (-1.034569e-01 -4.914966e-01 1.465916e-01)) ((2.831245e+00 -5.816716e-01 1.537612e+00) (1.468607e-02 -1.254023e-02 4.932430e-02))
504.7         	((-3.664037e+00 -8.459778e+00 9.239025e+00) (-1.061695e-01 -4.903047e-01 1.496278e-01)) ((2.856267e+00 -5.907305e-01 1.538393e+00) (1.482526e-02 -1.267329e-02 4.995200e-02))
504.71        	((-3.762969e+00 -8.425102e+00 9.368974e+00) (-1.089185e-01 -4.891343e-01 1.526450e-01)) ((2.881404e+00 -5.998935e-01 1.538730e+00) (1.496697e-02 -1.280863e-02 5.057780e-02))
504.72        	((-3.862878e+00 -8.390287e+00 9.497489e+00) (-1.117013e-01 -4.879771e-01 1.556401e-01)) ((2.906208e+00 -6.091102e-01 1.538484e+00) (1.511127e-02 -1.294615e-02 5.119972e-02))
504.73        	((-3.963493e+00 -8.355177e+00 9.623590e+00) (-1.145154e-01 -4.868317e-01 1.586110e-01)) ((2.930509e+00 -6.183518e-01 1.537640e+00) (1.525680e-02 -1.308477e-02 5.181843e-02))
504.74        	((-4.065052e+00 -8.320077e+00 9.748468e+00) (-1.173615e-01 -4.856964e-01 1.615574e-01)) ((2.954592e+00 -6.276496e-01 1.536311e+00) (1.540522e-02 -1.322563e-02 5.243338e-02))
504.75        	((-4.167641e+00 -8.285708e+00 9.872895e+00) (-1.202392e-01 -4.845713e-01 1.644814e-01)) ((2.978620e+00 -6.370045e-01 1.534557e+00) (1.555676e-02 -1.336855e-02 5.304504e-02))
504.76        	((-4.271350e+00 -8.252061e+00 9.997297e+00) (-1.231480e-01 -4.834562e-01 1.673844e-01)) ((3.002641e+00 -6.464258e-01 1.532388e+00) (1.571148e-02 -1.351315e-02 5.365349e-02))
504.77        	((-4.376079e+00 -8.219019e+00 1.012110e+01) (-1.260865e-01 -4.823484e-01 1.702667e-01)) ((3.026567e+00 -6.559267e-01 1.529719e+00) (1.586903e-02 -1.365913e-02 5.425798e-02))
504.78        	((-4.481686e+00 -8.186254e+00 1.024419e+01) (-1.290548e-01 -4.812473e-01 1.731280e-01)) ((3.050348e+00 -6.654958e-01 1.526572e+00) (1.602896e-02 -1.380626e-02 5.485943e-02))
504.79        	((-4.588691e+00 -8.154696e+00 1.036798e+01) (-1.320536e-01 -4.801545e-01 1.759698e-01)) ((3.074220e+00 -6.751705e-01 1.523100e+00) (1.619137e-02 -1.395423e-02 5.545895e-02))
504.8         	((-4.696331e+00 -8.123189e+00 1.049062e+01) (-1.350831e-01 -4.790702e-01 1.787945e-01)) ((3.097842e+00 -6.848573e-01 1.519183e+00) (1.635720e-02 -1.410273e-02 5.605740e-02))
504.81        	((-4.804477e+00 -8.091592e+00 1.061119e+01) (-1.381405e-01 -4.779905e-01 1.816005e-01)) ((3.121026e+00 -6.945400e-01 1.514789e+00) (1.652551e-02 -1.425155e-02 5.665444e-02))
504.82        	((-4.913360e+00 -8.060079e+00 1.073075e+01) (-1.412231e-01 -4.769140e-01 1.843840e-01)) ((3.144017e+00 -7.042349e-01 1.509973e+00) (1.669557e-02 -1.440046e-02 5.724876e-02))
504.83        	((-5.023326e+00 -8.029378e+00 1.084988e+01) (-1.443314e-01 -4.758390e-01 1.871490e-01)) ((3.166940e+00 -7.139682e-01 1.504857e+00) (1.686902e-02 -1.454941e-02 5.784044e-02))
504.84        	((-5.134414e+00 -7.999463e+00 1.096929e+01) (-1.474632e-01 -4.747674e-01 1.898967e-01)) ((3.189926e+00 -7.237365e-01 1.499457e+00) (1.704468e-02 -1.469825e-02 5.842908e-02))
504.85        	((-5.247091e+00 -7.971150e+00 1.109023e+01) (-1.506187e-01 -4.736994e-01 1.926287e-01)) ((3.213198e+00 -7.335808e-01 1.493832e+00) (1.722226e-02 -1.484735e-02 5.901459e-02))
504.86        	((-5.360162e+00 -7.942866e+00 1.121006e+01) (-1.537973e-01 -4.726329e-01 1.953457e-01)) ((3.236226e+00 -7.433995e-01 1.487826e+00) (1.740158e-02 -1.499623e-02 5.959734e-02))
504.87        	((-5.473348e+00 -7.914327e+00 1.132721e+01) (-1.569966e-01 -4.715660e-01 1.980455e-01)) ((3.258751e+00 -7.531987e-01 1.481434e+00) (1.758191e-02 -1.514486e-02 6.017729e-02))
504.88        	((-5.586880e+00 -7.885759e+00 1.144313e+01) (-1.602152e-01 -4.704970e-01 2.007261e-01)) ((3.281033e+00 -7.629683e-01 1.474744e+00) (1.776261e-02 -1.529321e-02 6.075513e-02))
504.89        	((-5.701039e+00 -7.857896e+00 1.155872e+01) (-1.634533e-01 -4.694255e-01 2.033890e-01)) ((3.303258e+00 -7.727199e-01 1.467764e+00) (1.794387e-02 -1.544156e-02 6.133069e-02))
504.9         	((-5.815913e+00 -7.830787e+00 1.167475e+01) (-1.667107e-01 -4.683534e-01 2.060357e-01)) ((3.325582e+00 -7.824386e-01 1.460525e+00) (1.812615e-02 -1.558960e-02 6.190454e-02))
504.91        	((-5.932121e+00 -7.805255e+00 1.179245e+01) (-1.699874e-01 -4.672825e-01 2.086703e-01)) ((3.348162e+00 -7.921745e-01 1.453130e+00) (1.831018e-02 -1.573727e-02 6.247593e-02))
504.92        	((-6.048288e+00 -7.779740e+00 1.190898e+01) (-1.732827e-01 -4.662121e-01 2.112951e-01)) ((3.370443e+00 -8.018306e-01 1.445449e+00) (1.849576e-02 -1.588444e-02 6.304490e-02))
504.93        	((-6.164125e+00 -7.754022e+00 1.202283e+01) (-1.765946e-01 -4.651435e-01 2.139102e-01)) ((3.392165e+00 -8.114084e-01 1.437468e+00) (1.868247e-02 -1.603105e-02 6.361133e-02))
504.94        	((-6.279946e+00 -7.728109e+00 1.213526e+01) (-1.799210e-01 -4.640743e-01 2.165127e-01)) ((3.413519e+00 -8.209317e-01 1.429207e+00) (1.887054e-02 -1.617690e-02 6.417464e-02))
504.95        	((-6.396143e+00 -7.702904e+00 1.224744e+01) (-1.832622e-01 -4.630021e-01 2.191002e-01)) ((3.434790e+00 -8.304193e-01 1.420773e+00) (1.905919e-02 -1.632191e-02 6.473400e-02))
504.96        	((-6.512777e+00 -7.678423e+00 1.236021e+01) (-1.866172e-01 -4.619305e-01 2.216758e-01)) ((3.456113e+00 -8.398594e-01 1.412211e+00) (1.924870e-02 -1.646586e-02 6.529071e-02))
504.97        	((-6.630501e+00 -7.655515e+00 1.247478e+01) (-1.899860e-01 -4.608631e-01 2.242473e-01)) ((3.477691e+00 -8.492851e-01 1.403581e+00) (1.943965e-02 -1.660873e-02 6.584476e-02))
504.98        	((-6.747839e+00 -7.632537e+00 1.258800e+01) (-1.933680e-01 -4.597972e-01 2.268159e-01)) ((3.498928e+00 -8.586103e-01 1.394732e+00) (1.963129e-02 -1.675065e-02 6.639619e-02))
504.99        	((-6.864408e+00 -7.609287e+00 1.269840e+01) (-1.967601e-01 -4.587298e-01 2.293781e-01)) ((3.519610e+00 -8.678313e-01 1.385649e+00) (1.982407e-02 -1.689095e-02 6.694584e-02))
505           	((-6.980574e+00 -7.585877e+00 1.280741e+01) (-2.001611e-01 -4.576601e-01 2.319283e-01)) ((3.539919e+00 -8.769662e-01 1.376329e+00) (2.001834e-02 -1.702920e-02 6.749603e-02))
