# Forces      
# CofR        : (0.000000e+00 0.000000e+00 0.000000e+00)
# Time        forces(pressure viscous)	moments(pressure viscous)
500           	((-3.207053e+00 1.557469e+04 4.918936e+03) (-1.111098e-04 4.222996e+00 1.390228e-01)) ((3.231827e+03 -8.696205e-02 9.734156e-01) (3.612793e-01 2.393491e-05 -5.841696e-05))
500.01        	((-3.797087e+00 1.242954e+04 4.079934e+03) (-3.991800e-03 2.510697e+00 -2.872206e-02)) ((2.277111e+03 7.819337e-02 1.116438e+00) (-1.394950e-01 7.512622e-04 8.625482e-04))
500.02        	((-3.133391e+00 2.700165e+03 8.132437e+02) (-5.488176e-03 1.191632e+00 -2.787091e-01)) ((-5.099874e+01 1.460942e+00 1.089721e+00) (-5.208555e-01 1.024568e-03 1.296362e-03))
500.03        	((2.272018e+00 -4.619868e+03 -1.515697e+03) (-2.682845e-04 1.032193e+00 -5.139615e-01)) ((-1.768718e+03 1.467760e+00 3.192461e-01) (-5.240253e-01 5.663636e-04 -7.104344e-04))
500.04        	((9.469503e+00 -4.911946e+03 -1.620420e+03) (-7.056220e-04 1.991076e+00 -5.954213e-01)) ((-1.616381e+03 5.675815e-01 -5.725907e-01) (-2.642852e-01 8.535826e-04 -9.518135e-04))
500.05        	((1.301021e+01 -9.619289e+02 -3.644284e+02) (-8.810605e-03 3.857683e+00 -4.062073e-01)) ((-3.474781e+02 -4.324210e-01 -1.005145e+00) (2.861781e-01 4.625277e-03 -3.138505e-03))
500.06        	((6.277893e+00 2.783695e+03 8.148319e+02) (-5.562887e-03 5.322678e+00 -1.869858e-01)) ((7.478216e+02 8.378165e-01 -2.153870e-03) (6.889798e-01 2.473652e-03 -4.703767e-03))
500.07        	((-7.625118e+00 4.175895e+03 1.203105e+03) (-1.493486e-03 5.394639e+00 6.101087e-02)) ((1.041465e+03 3.561552e+00 1.146733e+00) (6.230433e-01 -3.009458e-03 -3.987212e-03))
500.08        	((-1.377599e+01 3.214468e+03 9.206688e+02) (2.945062e-02 3.748366e+00 1.252059e-01)) ((5.458377e+02 4.048395e+00 1.665164e+00) (-1.381814e-01 -1.525969e-02 -1.189084e-02))
500.09        	((-1.270052e+01 1.598059e+03 4.692565e+02) (3.995257e-02 2.414774e+00 2.428085e-02)) ((-8.292752e+01 3.865579e+00 1.106159e+00) (-7.889940e-01 -1.862677e-02 -1.173499e-02))
500.1         	((-6.270572e+00 5.448387e+02 1.997746e+02) (3.477149e-02 2.726923e+00 -5.700672e-02)) ((-3.968316e+02 3.171601e+00 -8.569851e-01) (-7.131417e-01 -1.389385e-02 -7.251539e-03))
500.11        	((2.675610e+00 4.556488e+02 1.695508e+02) (2.178969e-02 3.950754e+00 -4.668859e-02)) ((-2.902488e+02 1.109169e+00 -2.265285e+00) (-2.376973e-01 -6.252684e-03 -4.771596e-03))
500.12        	((6.264004e+00 9.029841e+02 2.566960e+02) (2.416233e-02 5.167155e+00 7.658599e-02)) ((-1.111757e+01 -4.344715e-01 -2.215328e+00) (2.411040e-01 -8.468949e-03 3.316116e-04))
500.13        	((4.419389e+00 1.368761e+03 3.442696e+02) (4.604340e-02 5.809509e+00 2.536917e-01)) ((1.859153e+02 -9.377276e-01 -8.544169e-01) (4.673083e-01 -2.035529e-02 -1.067241e-04))
500.14        	((-1.692187e+00 1.623011e+03 3.896722e+02) (2.705745e-02 5.746135e+00 3.618890e-01)) ((2.220802e+02 2.194270e-01 6.992557e-01) (3.663287e-01 -1.190738e-02 1.408566e-03))
500.15        	((-5.456079e+00 1.627387e+03 3.923451e+02) (1.525145e-02 5.470501e+00 4.322495e-01)) ((1.367472e+02 9.674737e-01 9.409326e-01) (1.654077e-01 -6.115588e-03 -2.424343e-03))
500.16        	((-5.133153e+00 1.485143e+03 3.606449e+02) (1.024433e-02 5.204416e+00 4.118119e-01)) ((2.816242e+01 7.094229e-01 2.444772e-01) (-2.421963e-02 -1.884652e-03 -7.540859e-03))
500.17        	((-1.761412e+00 1.310310e+03 3.022015e+02) (2.713560e-02 5.277222e+00 3.571351e-01)) ((-3.200534e+01 -2.457447e-01 -7.723790e-01) (-4.105170e-02 -9.853938e-03 -7.833836e-03))
500.18        	((5.882291e-01 1.178367e+03 2.363682e+02) (4.537934e-02 5.608884e+00 3.333030e-01)) ((-3.106703e+01 -6.218141e-01 -1.412533e+00) (8.718917e-02 -1.832498e-02 -2.457210e-03))
500.19        	((4.069462e-01 1.131259e+03 1.896609e+02) (6.026364e-02 5.927262e+00 3.212509e-01)) ((6.387067e+00 -1.751241e-01 -1.156288e+00) (2.283571e-01 -2.581962e-02 3.629735e-03))
500.2         	((-1.525316e+00 1.161162e+03 1.759905e+02) (6.878619e-02 6.106024e+00 3.072243e-01)) ((4.341197e+01 6.384979e-01 -4.102899e-01) (3.102293e-01 -2.996544e-02 6.892926e-03))
500.21        	((-2.841510e+00 1.229297e+03 1.883702e+02) (7.760739e-02 6.151182e+00 2.869535e-01)) ((5.858515e+01 8.857731e-01 1.034669e-01) (3.277035e-01 -3.486553e-02 7.329762e-03))
500.22        	((-2.568169e+00 1.288042e+03 2.028513e+02) (8.275382e-02 6.136810e+00 2.458099e-01)) ((5.146828e+01 4.576215e-01 1.083644e-01) (3.140286e-01 -3.754283e-02 7.076646e-03))
500.23        	((-1.331174e+00 1.296675e+03 2.033964e+02) (8.636366e-02 6.130792e+00 2.019845e-01)) ((3.264216e+01 -1.621385e-01 -2.176026e-01) (3.004928e-01 -3.917799e-02 7.133803e-03))
500.24        	((-3.239719e-02 1.253500e+03 1.863334e+02) (8.993381e-02 6.158884e+00 1.540914e-01)) ((1.583997e+01 -5.406496e-01 -5.780419e-01) (3.067863e-01 -4.092426e-02 8.826354e-03))
500.25        	((5.183037e-01 1.190359e+03 1.607619e+02) (9.076186e-02 6.206208e+00 1.010596e-01)) ((8.841807e+00 -4.965926e-01 -7.379318e-01) (3.287309e-01 -4.184249e-02 1.147364e-02))
500.26        	((2.143578e-01 1.145720e+03 1.383336e+02) (9.283400e-02 6.245352e+00 4.673315e-02)) ((1.141628e+01 -1.821701e-01 -6.589713e-01) (3.548386e-01 -4.291659e-02 1.335465e-02))
500.27        	((-4.345614e-01 1.136215e+03 1.267982e+02) (9.095279e-02 6.257404e+00 -6.454011e-03)) ((1.797165e+01 1.436642e-01 -4.578927e-01) (3.738138e-01 -4.328205e-02 1.563962e-02))
500.28        	((-8.909961e-01 1.155067e+03 1.264309e+02) (9.183058e-02 6.247072e+00 -5.711572e-02)) ((2.249093e+01 2.772663e-01 -2.786964e-01) (3.848532e-01 -4.295116e-02 1.695196e-02))
500.29        	((-8.546562e-01 1.183577e+03 1.297833e+02) (8.734699e-02 6.231097e+00 -1.105152e-01)) ((2.226930e+01 2.217374e-01 -1.873026e-01) (3.899332e-01 -4.246903e-02 1.830975e-02))
500.3         	((-5.378666e-01 1.199413e+03 1.297958e+02) (8.449696e-02 6.211978e+00 -1.609342e-01)) ((1.770673e+01 8.066313e-02 -1.713462e-01) (3.914551e-01 -4.170830e-02 2.063207e-02))
500.31        	((-2.702269e-01 1.196796e+03 1.250445e+02) (8.113479e-02 6.199260e+00 -2.030515e-01)) ((1.169345e+01 1.538427e-02 -1.740255e-01) (3.923560e-01 -3.986558e-02 2.018849e-02))
500.32        	((-2.040889e-01 1.185980e+03 1.189083e+02) (7.671350e-02 6.182199e+00 -2.424985e-01)) ((7.278073e+00 7.428832e-02 -1.906623e-01) (3.914503e-01 -3.795267e-02 2.040678e-02))
500.33        	((-4.664102e-01 1.182826e+03 1.163516e+02) (7.236508e-02 6.161084e+00 -2.796153e-01)) ((6.003197e+00 2.538801e-01 -1.626398e-01) (3.890954e-01 -3.622200e-02 2.086162e-02))
500.34        	((-8.515770e-01 1.192899e+03 1.176643e+02) (6.657832e-02 6.130886e+00 -3.158979e-01)) ((6.306240e+00 4.692662e-01 -1.274817e-01) (3.829660e-01 -3.379285e-02 2.064083e-02))
500.35        	((-1.258331e+00 1.212910e+03 1.212615e+02) (6.192059e-02 6.097214e+00 -3.503783e-01)) ((6.109849e+00 6.581766e-01 -6.376967e-02) (3.734669e-01 -3.161365e-02 2.011665e-02))
500.36        	((-1.546195e+00 1.236386e+03 1.256124e+02) (5.578954e-02 6.064262e+00 -3.817786e-01)) ((4.675436e+00 8.109956e-01 4.200483e-04) (3.610906e-01 -2.941907e-02 1.967261e-02))
500.37        	((-1.697707e+00 1.259317e+03 1.301601e+02) (5.097192e-02 6.036629e+00 -4.075423e-01)) ((2.820093e+00 8.953473e-01 5.950242e-02) (3.474885e-01 -2.706979e-02 1.884145e-02))
500.38        	((-1.755774e+00 1.281888e+03 1.352189e+02) (4.466229e-02 6.017085e+00 -4.288009e-01)) ((1.791973e+00 9.676119e-01 1.039488e-01) (3.331770e-01 -2.498865e-02 1.782610e-02))
500.39        	((-1.941682e+00 1.306508e+03 1.410650e+02) (4.047444e-02 6.003393e+00 -4.483517e-01)) ((2.101858e+00 1.066874e+00 1.423437e-01) (3.175128e-01 -2.270907e-02 1.659262e-02))
500.4         	((-2.162295e+00 1.337192e+03 1.487292e+02) (3.439474e-02 5.993548e+00 -4.682480e-01)) ((3.456858e+00 1.208906e+00 1.748944e-01) (3.000321e-01 -2.072338e-02 1.529102e-02))
500.41        	((-2.469719e+00 1.368793e+03 1.558609e+02) (3.091590e-02 5.985717e+00 -4.864577e-01)) ((3.991288e+00 1.348392e+00 2.014865e-01) (2.812668e-01 -1.846074e-02 1.378779e-02))
500.42        	((-2.652375e+00 1.396988e+03 1.613366e+02) (2.574355e-02 5.981808e+00 -5.022988e-01)) ((2.901233e+00 1.466152e+00 2.160175e-01) (2.625859e-01 -1.665200e-02 1.234585e-02))
500.43        	((-2.831159e+00 1.421395e+03 1.656869e+02) (2.321933e-02 5.981402e+00 -5.158464e-01)) ((8.382662e-01 1.522212e+00 2.276177e-01) (2.440378e-01 -1.445614e-02 1.105712e-02))
500.44        	((-2.865009e+00 1.444291e+03 1.701371e+02) (1.819182e-02 5.987429e+00 -5.261986e-01)) ((-1.030229e+00 1.565311e+00 2.244751e-01) (2.260443e-01 -1.278945e-02 9.764660e-03))
500.45        	((-3.020264e+00 1.467621e+03 1.751137e+02) (1.726205e-02 5.999012e+00 -5.332305e-01)) ((-2.082712e+00 1.573354e+00 2.180436e-01) (2.092592e-01 -1.084658e-02 8.915692e-03))
500.46        	((-3.046858e+00 1.491876e+03 1.805167e+02) (1.224534e-02 6.018612e+00 -5.386292e-01)) ((-2.505208e+00 1.596882e+00 1.946159e-01) (1.924885e-01 -9.514057e-03 7.384038e-03))
500.47        	((-3.241031e+00 1.516687e+03 1.858763e+02) (1.219063e-02 6.043408e+00 -5.422072e-01)) ((-2.858603e+00 1.582074e+00 1.873340e-01) (1.765833e-01 -7.748340e-03 6.745080e-03))
500.48        	((-3.246977e+00 1.541706e+03 1.909671e+02) (8.290949e-03 6.074825e+00 -5.448951e-01)) ((-3.556464e+00 1.567227e+00 1.534446e-01) (1.621205e-01 -6.689904e-03 5.578236e-03))
500.49        	((-3.372933e+00 1.566650e+03 1.958394e+02) (7.970882e-03 6.109981e+00 -5.466142e-01)) ((-4.673035e+00 1.519599e+00 1.395212e-01) (1.487646e-01 -5.329000e-03 4.861778e-03))
500.5         	((-3.408779e+00 1.591233e+03 2.005129e+02) (5.631409e-03 6.150209e+00 -5.472626e-01)) ((-6.036449e+00 1.474095e+00 1.151081e-01) (1.376432e-01 -4.399062e-03 3.803554e-03))
500.51        	((-3.541029e+00 1.615168e+03 2.049945e+02) (6.128827e-03 6.193726e+00 -5.469204e-01)) ((-7.427220e+00 1.417228e+00 1.044781e-01) (1.284804e-01 -3.192199e-03 3.402967e-03))
500.52        	((-3.505318e+00 1.638370e+03 2.093664e+02) (2.662352e-03 6.243926e+00 -5.465415e-01)) ((-8.707169e+00 1.380230e+00 8.787413e-02) (1.207594e-01 -2.723928e-03 2.493222e-03))
500.53        	((-3.611688e+00 1.661111e+03 2.135712e+02) (3.228037e-03 6.299873e+00 -5.453943e-01)) ((-9.841667e+00 1.322054e+00 8.781247e-02) (1.144332e-01 -1.820886e-03 2.352635e-03))
500.54        	((-3.587073e+00 1.683746e+03 2.176086e+02) (1.365715e-03 6.358133e+00 -5.441739e-01)) ((-1.089899e+01 1.274397e+00 7.559193e-02) (1.097360e-01 -1.439816e-03 1.782960e-03))
500.55        	((-3.700877e+00 1.706564e+03 2.214827e+02) (2.500470e-03 6.418110e+00 -5.430377e-01)) ((-1.199040e+01 1.209224e+00 6.406291e-02) (1.062802e-01 -6.689775e-04 1.585757e-03))
500.56        	((-3.646953e+00 1.729405e+03 2.252709e+02) (4.235285e-04 6.483203e+00 -5.428434e-01)) ((-1.322501e+01 1.166551e+00 4.534543e-02) (1.038494e-01 -6.245512e-04 1.189791e-03))
500.57        	((-3.693997e+00 1.751950e+03 2.289072e+02) (1.078420e-03 6.548933e+00 -5.428363e-01)) ((-1.459716e+01 1.114683e+00 2.880600e-02) (1.025632e-01 -2.371009e-04 9.137332e-04))
500.58        	((-3.629729e+00 1.774023e+03 2.323940e+02) (-5.673422e-04 6.614596e+00 -5.429829e-01)) ((-1.602700e+01 1.070680e+00 1.396864e-02) (1.027458e-01 -3.479593e-04 6.018471e-04))
500.59        	((-3.649233e+00 1.795603e+03 2.358631e+02) (7.182259e-04 6.684937e+00 -5.444559e-01)) ((-1.746197e+01 1.021746e+00 -3.896049e-03) (1.029641e-01 2.632321e-05 2.744231e-04))
500.6         	((-3.668682e+00 1.816846e+03 2.391680e+02) (2.849320e-03 6.748819e+00 -5.448726e-01)) ((-1.879379e+01 9.716898e-01 -1.742956e-02) (1.052713e-01 5.394543e-04 4.061972e-04))
500.61        	((-3.771308e+00 1.837903e+03 2.424473e+02) (1.470756e-03 6.823547e+00 -5.480846e-01)) ((-2.006784e+01 9.325022e-01 -4.627510e-02) (1.059231e-01 3.213402e-04 1.424860e-04))
500.62        	((-3.701960e+00 1.858805e+03 2.458290e+02) (5.894807e-06 6.893310e+00 -5.513906e-01)) ((-2.127228e+01 9.122378e-01 -5.755852e-02) (1.073490e-01 -4.085134e-05 7.169622e-04))
500.63        	((-3.760964e+00 1.879486e+03 2.491544e+02) (1.296164e-03 6.961790e+00 -5.549958e-01)) ((-2.245795e+01 8.807045e-01 -8.442045e-02) (1.089723e-01 2.447941e-04 -4.750804e-04))
500.64        	((-3.678183e+00 1.899905e+03 2.524720e+02) (4.288068e-05 7.032208e+00 -5.586603e-01)) ((-2.361882e+01 8.508771e-01 -9.039852e-02) (1.117230e-01 -1.524539e-06 -4.646717e-04))
500.65        	((-3.799777e+00 1.919952e+03 2.556417e+02) (3.077527e-03 7.099602e+00 -5.621131e-01)) ((-2.477551e+01 8.089415e-01 -1.106606e-01) (1.146017e-01 3.899621e-04 -4.303012e-04))
500.66        	((-3.782880e+00 1.939644e+03 2.589189e+02) (1.360780e-03 7.171974e+00 -5.666987e-01)) ((-2.588432e+01 7.817420e-01 -1.147689e-01) (1.171327e-01 -3.580479e-05 -3.697359e-04))
500.67        	((-3.930718e+00 1.958929e+03 2.620006e+02) (4.600257e-03 7.233896e+00 -5.700142e-01)) ((-2.693425e+01 7.630302e-01 -1.351973e-01) (1.207839e-01 4.262496e-04 -4.430719e-04))
500.68        	((-4.034317e+00 1.977959e+03 2.652224e+02) (2.099004e-03 7.306764e+00 -5.747942e-01)) ((-2.790537e+01 7.489835e-01 -1.318334e-01) (1.230405e-01 -1.205115e-04 -5.755435e-04))
500.69        	((-4.150200e+00 1.996589e+03 2.683813e+02) (2.846179e-03 7.373958e+00 -5.789299e-01)) ((-2.882537e+01 7.544991e-01 -1.474941e-01) (1.257112e-01 -6.495670e-06 -8.600176e-04))
500.7         	((-4.123697e+00 2.014944e+03 2.714745e+02) (-5.121258e-03 7.426243e+00 -5.805586e-01)) ((-2.963148e+01 7.549789e-01 -1.363883e-01) (1.310683e-01 -1.453586e-03 -1.216416e-03))
500.71        	((-3.869515e+00 2.033027e+03 2.743517e+02) (6.356662e-04 7.501262e+00 -5.862159e-01)) ((-3.039219e+01 8.005907e-01 -1.332252e-01) (1.319988e-01 -5.303275e-04 -1.101978e-03))
500.72        	((-3.881046e+00 2.050709e+03 2.775481e+02) (1.746710e-03 7.568421e+00 -5.909272e-01)) ((-3.110334e+01 7.882406e-01 -1.131193e-01) (1.344630e-01 -4.029040e-04 -7.624057e-04))
500.73        	((-3.932681e+00 2.067864e+03 2.805426e+02) (3.084873e-03 7.629068e+00 -5.948393e-01)) ((-3.177468e+01 8.115364e-01 -1.302567e-01) (1.369985e-01 -2.665810e-04 -1.110546e-03))
500.74        	((-3.973272e+00 2.084649e+03 2.837047e+02) (2.098334e-03 7.691106e+00 -5.993502e-01)) ((-3.238122e+01 8.198322e-01 -1.214229e-01) (1.394101e-01 -5.007425e-04 -9.132612e-04))
500.75        	((-3.889517e+00 2.101008e+03 2.864399e+02) (-2.019079e-03 7.734732e+00 -6.017508e-01)) ((-3.290867e+01 8.734956e-01 -1.270988e-01) (1.437611e-01 -1.249657e-03 -1.908628e-03))
500.76        	((-3.561667e+00 2.117104e+03 2.892590e+02) (5.906632e-04 7.804614e+00 -6.068532e-01)) ((-3.335583e+01 9.392468e-01 -8.719893e-02) (1.441446e-01 -9.022791e-04 -1.197823e-03))
500.77        	((-3.543758e+00 2.132755e+03 2.922349e+02) (2.374075e-03 7.863180e+00 -6.107941e-01)) ((-3.378654e+01 9.766074e-01 -7.299191e-02) (1.455530e-01 -5.880743e-04 -1.297303e-03))
500.78        	((-3.459461e+00 2.147979e+03 2.952313e+02) (9.843109e-04 7.918167e+00 -6.145211e-01)) ((-3.412189e+01 1.007809e+00 -4.097397e-02) (1.477563e-01 -7.696978e-04 -9.357702e-04))
500.79        	((-3.502173e+00 2.162769e+03 2.981993e+02) (1.953333e-03 7.972887e+00 -6.189032e-01)) ((-3.442426e+01 1.046181e+00 -3.198083e-02) (1.493545e-01 -5.786783e-04 -1.142132e-03))
500.8         	((-3.457567e+00 2.177159e+03 3.009480e+02) (3.072668e-03 8.022439e+00 -6.219283e-01)) ((-3.461068e+01 1.089234e+00 -3.061025e-03) (1.519026e-01 -3.886319e-04 -7.830040e-04))
500.81        	((-3.439493e+00 2.191160e+03 3.036857e+02) (2.345356e-03 8.076687e+00 -6.264397e-01)) ((-3.476381e+01 1.151577e+00 8.846549e-03) (1.529417e-01 -5.853906e-04 -1.168353e-03))
500.82        	((-3.319973e+00 2.204839e+03 3.063373e+02) (1.490555e-03 8.121311e+00 -6.294478e-01)) ((-3.482227e+01 1.217329e+00 5.320992e-02) (1.555230e-01 -8.209372e-04 -1.026181e-03))
500.83        	((-3.274888e+00 2.218187e+03 3.090881e+02) (2.153393e-03 8.175245e+00 -6.338155e-01)) ((-3.487351e+01 1.275911e+00 8.523839e-02) (1.558439e-01 -7.504374e-04 -1.253031e-03))
500.84        	((-3.229313e+00 2.231112e+03 3.118016e+02) (1.446996e-03 8.223241e+00 -6.375417e-01)) ((-3.485692e+01 1.316192e+00 1.304190e-01) (1.570954e-01 -8.425178e-04 -1.019728e-03))
500.85        	((-3.237170e+00 2.243525e+03 3.144143e+02) (2.093745e-03 8.270453e+00 -6.412084e-01)) ((-3.481070e+01 1.368754e+00 1.589587e-01) (1.577807e-01 -7.811187e-04 -1.198282e-03))
500.86        	((-3.126877e+00 2.256939e+03 3.173200e+02) (-9.952688e-04 8.313681e+00 -6.436419e-01)) ((-3.462208e+01 1.446681e+00 2.097287e-01) (1.594663e-01 -1.353831e-03 -1.289910e-03))
500.87        	((-3.081212e+00 2.268959e+03 3.196493e+02) (1.258953e-03 8.360649e+00 -6.474781e-01)) ((-3.449465e+01 1.527013e+00 2.496589e-01) (1.595082e-01 -9.822624e-04 -1.279021e-03))
500.88        	((-3.102568e+00 2.280858e+03 3.222279e+02) (1.469162e-03 8.406816e+00 -6.513686e-01)) ((-3.435734e+01 1.602243e+00 2.996628e-01) (1.599633e-01 -9.431292e-04 -1.101135e-03))
500.89        	((-3.073045e+00 2.292329e+03 3.246121e+02) (1.061451e-03 8.448563e+00 -6.539951e-01)) ((-3.417945e+01 1.700616e+00 3.357074e-01) (1.605591e-01 -1.031964e-03 -1.343701e-03))
500.9         	((-3.236181e+00 2.303215e+03 3.269207e+02) (7.731416e-03 8.481583e+00 -6.555671e-01)) ((-3.396749e+01 1.770304e+00 3.827544e-01) (1.623831e-01 1.386760e-04 -7.264991e-04))
500.91        	((-3.312494e+00 2.313421e+03 3.286739e+02) (6.819473e-04 8.523097e+00 -6.581115e-01)) ((-3.370397e+01 1.870032e+00 4.079103e-01) (1.623524e-01 -1.144309e-03 -1.589663e-03))
500.92        	((-3.220171e+00 2.323112e+03 3.307355e+02) (7.554981e-04 8.570077e+00 -6.629576e-01)) ((-3.344916e+01 1.991535e+00 4.732976e-01) (1.613791e-01 -1.111074e-03 -1.342853e-03))
500.93        	((-3.245456e+00 2.332259e+03 3.327132e+02) (1.135533e-03 8.607376e+00 -6.652978e-01)) ((-3.315983e+01 2.103920e+00 5.208473e-01) (1.614606e-01 -1.051392e-03 -1.638515e-03))
500.94        	((-3.213339e+00 2.341131e+03 3.346044e+02) (4.618281e-04 8.643354e+00 -6.680203e-01)) ((-3.282133e+01 2.230762e+00 5.957411e-01) (1.616993e-01 -1.124106e-03 -1.496541e-03))
500.95        	((-3.423858e+00 2.349707e+03 3.362885e+02) (2.455321e-03 8.673838e+00 -6.695999e-01)) ((-3.246412e+01 2.323588e+00 6.231523e-01) (1.622478e-01 -7.020523e-04 -1.557018e-03))
500.96        	((-3.354839e+00 2.357995e+03 3.379343e+02) (-3.443095e-04 8.708713e+00 -6.717214e-01)) ((-3.209865e+01 2.449690e+00 6.877130e-01) (1.619734e-01 -9.986014e-04 -1.489110e-03))
500.97        	((-3.492215e+00 2.365885e+03 3.394371e+02) (7.694731e-03 8.729930e+00 -6.720601e-01)) ((-3.173026e+01 2.539887e+00 6.979339e-01) (1.633267e-01 5.081975e-04 -1.120381e-03))
500.98        	((-3.715958e+00 2.373396e+03 3.409118e+02) (3.535069e-03 8.774392e+00 -6.756637e-01)) ((-3.136040e+01 2.617453e+00 7.416503e-01) (1.607571e-01 3.411035e-07 -1.169612e-03))
500.99        	((-3.763701e+00 2.380348e+03 3.424023e+02) (1.772701e-03 8.806882e+00 -6.772955e-01)) ((-3.098810e+01 2.726940e+00 7.443161e-01) (1.596794e-01 -2.323827e-04 -1.876577e-03))
501           	((-3.787162e+00 2.386878e+03 3.438566e+02) (2.114809e-03 8.838342e+00 -6.791889e-01)) ((-3.058345e+01 2.826546e+00 8.100189e-01) (1.585986e-01 2.236470e-05 -1.342077e-03))
501.01        	((-3.973698e+00 2.393049e+03 3.449372e+02) (3.035483e-03 8.862179e+00 -6.796096e-01)) ((-3.012827e+01 2.903414e+00 8.162020e-01) (1.585179e-01 2.912581e-04 -1.703817e-03))
501.02        	((-4.040630e+00 2.399002e+03 3.461778e+02) (2.173567e-03 8.895158e+00 -6.814754e-01)) ((-2.968580e+01 2.994075e+00 8.652885e-01) (1.568456e-01 3.478432e-04 -1.336608e-03))
501.03        	((-4.290963e+00 2.404632e+03 3.472050e+02) (4.416762e-03 8.914521e+00 -6.810186e-01)) ((-2.921898e+01 3.059014e+00 8.548349e-01) (1.570426e-01 8.239045e-04 -1.578537e-03))
501.04        	((-4.460576e+00 2.410021e+03 3.483710e+02) (2.619966e-03 8.948335e+00 -6.828455e-01)) ((-2.877368e+01 3.134670e+00 8.928630e-01) (1.547728e-01 6.919253e-04 -1.289671e-03))
501.05        	((-4.601548e+00 2.414957e+03 3.494572e+02) (1.566605e-03 8.974018e+00 -6.831360e-01)) ((-2.832096e+01 3.215673e+00 8.846408e-01) (1.535125e-01 5.731175e-04 -1.968806e-03))
501.06        	((-4.744417e+00 2.418956e+03 3.502788e+02) (2.798090e-03 8.997643e+00 -6.837665e-01)) ((-2.789707e+01 3.290459e+00 9.327960e-01) (1.521639e-01 9.534972e-04 -1.277098e-03))
501.07        	((-4.820368e+00 2.422381e+03 3.508853e+02) (1.500186e-03 9.021473e+00 -6.841329e-01)) ((-2.750084e+01 3.372456e+00 9.316002e-01) (1.507008e-01 7.635838e-04 -2.026255e-03))
501.08        	((-4.947142e+00 2.425949e+03 3.515442e+02) (2.194944e-03 9.044946e+00 -6.845216e-01)) ((-2.703925e+01 3.442995e+00 9.864286e-01) (1.491502e-01 1.037975e-03 -1.342435e-03))
501.09        	((-5.156075e+00 2.429804e+03 3.523905e+02) (1.592454e-03 9.066696e+00 -6.844222e-01)) ((-2.650270e+01 3.505938e+00 9.888748e-01) (1.477814e-01 9.652113e-04 -2.073861e-03))
501.1         	((-5.300834e+00 2.433715e+03 3.534138e+02) (2.211277e-03 9.088916e+00 -6.844213e-01)) ((-2.596436e+01 3.583192e+00 1.046141e+00) (1.461679e-01 1.255804e-03 -1.334704e-03))
501.11        	((-5.474999e+00 2.437253e+03 3.544173e+02) (1.420524e-03 9.110255e+00 -6.839972e-01)) ((-2.546695e+01 3.652777e+00 1.050612e+00) (1.445675e-01 1.174607e-03 -2.096212e-03))
501.12        	((-5.638881e+00 2.440301e+03 3.552085e+02) (2.978868e-03 9.129056e+00 -6.831251e-01)) ((-2.501226e+01 3.729369e+00 1.106995e+00) (1.431296e-01 1.685882e-03 -1.250899e-03))
501.13        	((-5.779750e+00 2.442940e+03 3.560130e+02) (1.440325e-03 9.150842e+00 -6.829063e-01)) ((-2.456505e+01 3.804932e+00 1.117230e+00) (1.410989e-01 1.426132e-03 -2.086187e-03))
501.14        	((-5.925834e+00 2.445301e+03 3.566794e+02) (2.112017e-03 9.169706e+00 -6.818976e-01)) ((-2.408692e+01 3.888465e+00 1.183468e+00) (1.393660e-01 1.823633e-03 -1.307776e-03))
501.15        	((-6.078180e+00 2.447491e+03 3.574534e+02) (1.175863e-03 9.189157e+00 -6.811676e-01)) ((-2.357605e+01 3.961557e+00 1.205130e+00) (1.374088e-01 1.686147e-03 -2.079690e-03))
501.16        	((-6.208408e+00 2.449570e+03 3.581617e+02) (1.646280e-03 9.206952e+00 -6.796984e-01)) ((-2.304317e+01 4.036861e+00 1.275007e+00) (1.355613e-01 2.146888e-03 -1.219560e-03))
501.17        	((-6.328304e+00 2.450827e+03 3.589201e+02) (6.342915e-04 9.224149e+00 -6.781440e-01)) ((-2.254320e+01 4.107666e+00 1.300367e+00) (1.333652e-01 1.998318e-03 -1.946721e-03))
501.18        	((-6.444004e+00 2.451779e+03 3.595775e+02) (1.175792e-03 9.239896e+00 -6.759351e-01)) ((-2.205870e+01 4.184648e+00 1.374610e+00) (1.313327e-01 2.477634e-03 -1.115696e-03))
501.19        	((-6.557835e+00 2.452900e+03 3.603523e+02) (1.928617e-04 9.256293e+00 -6.739811e-01)) ((-2.155556e+01 4.252376e+00 1.398774e+00) (1.290254e-01 2.285466e-03 -1.855794e-03))
501.2         	((-6.671220e+00 2.454249e+03 3.610419e+02) (8.366521e-04 9.271125e+00 -6.714223e-01)) ((-2.102917e+01 4.321972e+00 1.467381e+00) (1.269155e-01 2.777870e-03 -1.028909e-03))
501.21        	((-6.764177e+00 2.455519e+03 3.617425e+02) (-1.995072e-04 9.286789e+00 -6.691918e-01)) ((-2.051220e+01 4.381020e+00 1.487858e+00) (1.244978e-01 2.533095e-03 -1.755863e-03))
501.22        	((-6.855372e+00 2.456795e+03 3.622658e+02) (3.869531e-04 9.301585e+00 -6.664882e-01)) ((-1.998905e+01 4.438642e+00 1.551499e+00) (1.223161e-01 3.042133e-03 -9.394207e-04))
501.23        	((-6.930062e+00 2.457673e+03 3.627876e+02) (-5.927399e-04 9.316638e+00 -6.640063e-01)) ((-1.949080e+01 4.484216e+00 1.573569e+00) (1.198902e-01 2.783652e-03 -1.656216e-03))
501.24        	((-7.004072e+00 2.458023e+03 3.631855e+02) (3.004771e-05 9.330096e+00 -6.609652e-01)) ((-1.900652e+01 4.530367e+00 1.632022e+00) (1.176662e-01 3.319128e-03 -8.511617e-04))
501.25        	((-7.052171e+00 2.457967e+03 3.636019e+02) (-8.647201e-04 9.343994e+00 -6.580295e-01)) ((-1.854100e+01 4.566840e+00 1.648654e+00) (1.152012e-01 3.020231e-03 -1.549241e-03))
501.26        	((-7.106506e+00 2.457796e+03 3.639354e+02) (-1.947978e-04 9.356422e+00 -6.545612e-01)) ((-1.806024e+01 4.603403e+00 1.696706e+00) (1.130129e-01 3.566048e-03 -7.601541e-04))
501.27        	((-7.127564e+00 2.457606e+03 3.643380e+02) (-1.043355e-03 9.369781e+00 -6.512889e-01)) ((-1.756976e+01 4.627227e+00 1.705677e+00) (1.105794e-01 3.211296e-03 -1.440095e-03))
501.28        	((-7.164521e+00 2.457395e+03 3.646600e+02) (-1.344003e-04 9.381278e+00 -6.475468e-01)) ((-1.707363e+01 4.646235e+00 1.741195e+00) (1.085384e-01 3.821129e-03 -6.226449e-04))
501.29        	((-7.160567e+00 2.457014e+03 3.650054e+02) (-1.158654e-03 9.394588e+00 -6.441332e-01)) ((-1.660008e+01 4.650903e+00 1.740732e+00) (1.060539e-01 3.405716e-03 -1.255734e-03))
501.3         	((-7.227929e+00 2.456428e+03 3.651880e+02) (2.942184e-03 9.397940e+00 -6.395232e-01)) ((-1.613733e+01 4.643928e+00 1.760293e+00) (1.051077e-01 4.554442e-03 -1.277201e-04))
501.31        	((-7.409852e+00 2.455675e+03 3.652528e+02) (-4.379828e-05 9.415649e+00 -6.361263e-01)) ((-1.568157e+01 4.603783e+00 1.738388e+00) (1.017827e-01 3.823415e-03 -9.797148e-04))
501.32        	((-7.290302e+00 2.454752e+03 3.655902e+02) (-1.427603e-03 9.429981e+00 -6.329683e-01)) ((-1.526920e+01 4.611602e+00 1.747659e+00) (9.898222e-02 4.080047e-03 -3.490998e-04))
501.33        	((-7.464171e+00 2.453641e+03 3.656062e+02) (3.966326e-03 9.428795e+00 -6.267796e-01)) ((-1.481072e+01 4.550541e+00 1.727013e+00) (9.858514e-02 4.844593e-03 -3.182542e-04))
501.34        	((-7.526090e+00 2.452537e+03 3.657068e+02) (-2.515502e-04 9.448947e+00 -6.240890e-01)) ((-1.437793e+01 4.518769e+00 1.715031e+00) (9.485170e-02 4.656326e-03 3.351588e-05))
501.35        	((-7.567035e+00 2.451204e+03 3.658591e+02) (-7.126518e-04 9.459511e+00 -6.195641e-01)) ((-1.395379e+01 4.468835e+00 1.686481e+00) (9.261459e-02 4.372145e-03 -5.158376e-04))
501.36        	((-7.566693e+00 2.449727e+03 3.659989e+02) (-9.422854e-04 9.470348e+00 -6.153289e-01)) ((-1.354335e+01 4.432712e+00 1.680640e+00) (9.034209e-02 4.821130e-03 2.362838e-04))
501.37        	((-7.597604e+00 2.448098e+03 3.660837e+02) (-9.113443e-04 9.479345e+00 -6.104201e-01)) ((-1.312883e+01 4.374408e+00 1.651141e+00) (8.824320e-02 4.537476e-03 -3.185579e-04))
501.38        	((-7.600209e+00 2.446375e+03 3.661488e+02) (-1.047157e-03 9.489511e+00 -6.058951e-01)) ((-1.271909e+01 4.330602e+00 1.637724e+00) (8.580866e-02 4.924406e-03 3.725026e-04))
501.39        	((-7.688706e+00 2.444526e+03 3.661314e+02) (-6.062234e-04 9.496758e+00 -6.004231e-01)) ((-1.229352e+01 4.255165e+00 1.601843e+00) (8.361875e-02 4.744204e-03 -1.422860e-04))
501.4         	((-7.688531e+00 2.442627e+03 3.661980e+02) (-9.990351e-04 9.507013e+00 -5.960491e-01)) ((-1.188445e+01 4.208266e+00 1.581024e+00) (8.105978e-02 5.023921e-03 4.836556e-04))
501.41        	((-7.776726e+00 2.440598e+03 3.661795e+02) (-4.014014e-04 9.513910e+00 -5.906756e-01)) ((-1.146009e+01 4.132255e+00 1.541488e+00) (7.893070e-02 4.680651e-03 -1.970920e-04))
501.42        	((-7.744437e+00 2.438497e+03 3.662424e+02) (-7.238147e-04 9.523831e+00 -5.860331e-01)) ((-1.105793e+01 4.085249e+00 1.517646e+00) (7.639532e-02 4.956530e-03 4.142917e-04))
501.43        	((-7.814396e+00 2.436239e+03 3.661666e+02) (-7.641400e-05 9.530183e+00 -5.803509e-01)) ((-1.063801e+01 4.000177e+00 1.479245e+00) (7.441414e-02 4.720846e-03 -2.033256e-04))
501.44        	((-7.768135e+00 2.433920e+03 3.661764e+02) (-5.019278e-04 9.539764e+00 -5.754875e-01)) ((-1.023913e+01 3.946445e+00 1.456766e+00) (7.187255e-02 4.973093e-03 4.273518e-04))
501.45        	((-7.830808e+00 2.431473e+03 3.660687e+02) (1.303921e-04 9.545615e+00 -5.696233e-01)) ((-9.819783e+00 3.857130e+00 1.420616e+00) (6.985760e-02 4.692177e-03 -2.271465e-04))
501.46        	((-7.774914e+00 2.428989e+03 3.660719e+02) (-2.559984e-04 9.554805e+00 -5.645975e-01)) ((-9.423637e+00 3.803823e+00 1.397663e+00) (6.729011e-02 4.904826e-03 3.838915e-04))
501.47        	((-7.823988e+00 2.426382e+03 3.659592e+02) (4.152668e-04 9.560363e+00 -5.585076e-01)) ((-9.009628e+00 3.715102e+00 1.360679e+00) (6.531708e-02 4.612228e-03 -2.898151e-04))
501.48        	((-7.749940e+00 2.423729e+03 3.659521e+02) (-2.232436e-05 9.569361e+00 -5.532201e-01)) ((-8.622432e+00 3.661461e+00 1.336049e+00) (6.282881e-02 4.798375e-03 3.396926e-04))
501.49        	((-7.781410e+00 2.420943e+03 3.658194e+02) (6.471769e-04 9.574640e+00 -5.468973e-01)) ((-8.220956e+00 3.569124e+00 1.299531e+00) (6.091386e-02 4.496955e-03 -3.354595e-04))
501.5         	((-7.691763e+00 2.418124e+03 3.657934e+02) (2.145625e-04 9.583138e+00 -5.414320e-01)) ((-7.844270e+00 3.512760e+00 1.275071e+00) (5.840238e-02 4.666777e-03 2.910858e-04))
501.51        	((-7.722919e+00 2.415204e+03 3.656501e+02) (9.224358e-04 9.587792e+00 -5.349634e-01)) ((-7.445245e+00 3.422076e+00 1.242436e+00) (5.638863e-02 4.356900e-03 -4.218194e-04))
501.52        	((-7.652000e+00 2.412273e+03 3.656214e+02) (5.107501e-04 9.595615e+00 -5.293209e-01)) ((-7.065928e+00 3.374735e+00 1.223727e+00) (5.379263e-02 4.487567e-03 1.736056e-04))
501.53        	((-7.709129e+00 2.409250e+03 3.654783e+02) (1.270340e-03 9.599694e+00 -5.226911e-01)) ((-6.664878e+00 3.294025e+00 1.198144e+00) (5.171163e-02 4.151927e-03 -5.730902e-04))
501.54        	((-7.656602e+00 2.406211e+03 3.654417e+02) (8.824740e-04 9.606842e+00 -5.168888e-01)) ((-6.289395e+00 3.253948e+00 1.183201e+00) (4.904532e-02 4.272249e-03 -9.231343e-06))
501.55        	((-7.717215e+00 2.403065e+03 3.652800e+02) (1.631311e-03 9.610284e+00 -5.100795e-01)) ((-5.904934e+00 3.176216e+00 1.159645e+00) (4.684250e-02 3.932775e-03 -7.390685e-04))
501.56        	((-7.660446e+00 2.399884e+03 3.652205e+02) (1.224498e-03 9.616800e+00 -5.040589e-01)) ((-5.555654e+00 3.136757e+00 1.142876e+00) (4.405385e-02 4.045402e-03 -2.086659e-04))
501.57        	((-7.713930e+00 2.396606e+03 3.650508e+02) (1.915911e-03 9.619867e+00 -4.971044e-01)) ((-5.191662e+00 3.057284e+00 1.118597e+00) (4.179095e-02 3.716030e-03 -8.732148e-04))
501.58        	((-7.651193e+00 2.393318e+03 3.649901e+02) (1.414231e-03 9.626165e+00 -4.909967e-01)) ((-4.848527e+00 3.014970e+00 1.099688e+00) (3.903562e-02 3.865099e-03 -3.082076e-04))
501.59        	((-7.699681e+00 2.389948e+03 3.648163e+02) (1.972969e-03 9.627633e+00 -4.841685e-01)) ((-4.485772e+00 2.934287e+00 1.075050e+00) (3.717800e-02 3.551631e-03 -8.757063e-04))
501.6         	((-7.634659e+00 2.386566e+03 3.647339e+02) (1.502832e-03 9.632115e+00 -4.781172e-01)) ((-4.147411e+00 2.892169e+00 1.052415e+00) (3.480078e-02 3.700555e-03 -3.760788e-04))
501.61        	((-7.670780e+00 2.383102e+03 3.645364e+02) (1.997991e-03 9.633324e+00 -4.713652e-01)) ((-3.794871e+00 2.810561e+00 1.023614e+00) (3.290628e-02 3.402992e-03 -8.896338e-04))
501.62        	((-7.589422e+00 2.379627e+03 3.644337e+02) (1.475706e-03 9.637426e+00 -4.652820e-01)) ((-3.466602e+00 2.767563e+00 9.934777e-01) (3.051739e-02 3.565273e-03 -4.252222e-04))
501.63        	((-7.611119e+00 2.376082e+03 3.642275e+02) (1.949279e-03 9.638421e+00 -4.586478e-01)) ((-3.121288e+00 2.686706e+00 9.595995e-01) (2.859080e-02 3.272655e-03 -9.255826e-04))
501.64        	((-7.522894e+00 2.372534e+03 3.641174e+02) (1.473741e-03 9.642187e+00 -4.525699e-01)) ((-2.796095e+00 2.645907e+00 9.250348e-01) (2.618050e-02 3.428170e-03 -5.183595e-04))
501.65        	((-7.536766e+00 2.368918e+03 3.639030e+02) (2.004301e-03 9.643001e+00 -4.460247e-01)) ((-2.453273e+00 2.566416e+00 8.905609e-01) (2.422352e-02 3.134292e-03 -1.013905e-03))
501.66        	((-7.440932e+00 2.365298e+03 3.637764e+02) (1.620405e-03 9.646509e+00 -4.399545e-01)) ((-2.131577e+00 2.526076e+00 8.552321e-01) (2.178128e-02 3.286013e-03 -6.511511e-04))
501.67        	((-7.444536e+00 2.361616e+03 3.635439e+02) (2.151490e-03 9.647116e+00 -4.334105e-01)) ((-1.792201e+00 2.447733e+00 8.220051e-01) (1.979183e-02 3.001605e-03 -1.117213e-03))
501.68        	((-7.344501e+00 2.357933e+03 3.633977e+02) (1.798249e-03 9.650443e+00 -4.272536e-01)) ((-1.472482e+00 2.410298e+00 7.872603e-01) (1.734023e-02 3.167004e-03 -7.579648e-04))
501.69        	((-7.344987e+00 2.354196e+03 3.631500e+02) (2.290031e-03 9.650906e+00 -4.205426e-01)) ((-1.132817e+00 2.337810e+00 7.559986e-01) (1.535403e-02 2.901295e-03 -1.174959e-03))
501.7         	((-7.247599e+00 2.350462e+03 3.629894e+02) (1.987930e-03 9.654039e+00 -4.142400e-01)) ((-8.127402e-01 2.306226e+00 7.223209e-01) (1.287058e-02 3.072768e-03 -8.322289e-04))
501.71        	((-7.246984e+00 2.346678e+03 3.627331e+02) (2.482253e-03 9.654351e+00 -4.073519e-01)) ((-4.732589e-01 2.239453e+00 6.931845e-01) (1.085866e-02 2.789456e-03 -1.220332e-03))
501.72        	((-7.156298e+00 2.342901e+03 3.625639e+02) (2.281011e-03 9.657257e+00 -4.008684e-01)) ((-1.526002e-01 2.212789e+00 6.615412e-01) (8.322960e-03 2.937174e-03 -9.264501e-04))
501.73        	((-7.163025e+00 2.339080e+03 3.622984e+02) (2.729380e-03 9.657503e+00 -3.937750e-01)) ((1.893818e-01 2.154281e+00 6.359451e-01) (6.301683e-03 2.639792e-03 -1.283618e-03))
501.74        	((-7.086615e+00 2.335265e+03 3.621117e+02) (2.590082e-03 9.660396e+00 -3.870664e-01)) ((5.113685e-01 2.135554e+00 6.073027e-01) (3.777044e-03 2.793987e-03 -1.038500e-03))
501.75        	((-7.093403e+00 2.331412e+03 3.618305e+02) (2.942668e-03 9.660729e+00 -3.797667e-01)) ((8.551269e-01 2.083950e+00 5.832315e-01) (1.767340e-03 2.505596e-03 -1.349020e-03))
501.76        	((-7.014683e+00 2.327577e+03 3.616348e+02) (2.837134e-03 9.663622e+00 -3.728767e-01)) ((1.181832e+00 2.070833e+00 5.500874e-01) (-7.796450e-04 2.682775e-03 -1.147449e-03))
501.77        	((-7.005332e+00 2.323711e+03 3.613573e+02) (3.121020e-03 9.663995e+00 -3.654234e-01)) ((1.532861e+00 2.027809e+00 5.202255e-01) (-2.819297e-03 2.395510e-03 -1.430196e-03))
501.78        	((-6.916193e+00 2.319854e+03 3.611651e+02) (3.122205e-03 9.666818e+00 -3.584015e-01)) ((1.863364e+00 2.022235e+00 4.862787e-01) (-5.430977e-03 2.581685e-03 -1.315062e-03))
501.79        	((-6.895266e+00 2.315957e+03 3.608914e+02) (3.338539e-03 9.667214e+00 -3.508426e-01)) ((2.212477e+00 1.987704e+00 4.639943e-01) (-7.530529e-03 2.307395e-03 -1.572421e-03))
501.8         	((-6.805840e+00 2.312060e+03 3.606899e+02) (3.406527e-03 9.669993e+00 -3.437525e-01)) ((2.534999e+00 1.987585e+00 4.403856e-01) (-1.022268e-02 2.512979e-03 -1.510185e-03))
501.81        	((-6.777752e+00 2.308127e+03 3.603990e+02) (3.533770e-03 9.670456e+00 -3.361588e-01)) ((2.875036e+00 1.958369e+00 4.263185e-01) (-1.238641e-02 2.240416e-03 -1.715394e-03))
501.82        	((-6.685887e+00 2.304202e+03 3.601727e+02) (3.681747e-03 9.673299e+00 -3.290444e-01)) ((3.190312e+00 1.961445e+00 4.058920e-01) (-1.513620e-02 2.449615e-03 -1.700642e-03))
501.83        	((-6.644830e+00 2.300252e+03 3.598578e+02) (3.715392e-03 9.673924e+00 -3.213894e-01)) ((3.526171e+00 1.936451e+00 3.924269e-01) (-1.731989e-02 2.181095e-03 -1.857126e-03))
501.84        	((-6.542640e+00 2.296315e+03 3.596046e+02) (3.915668e-03 9.676897e+00 -3.141780e-01)) ((3.838403e+00 1.942339e+00 3.724938e-01) (-2.007080e-02 2.402813e-03 -1.861814e-03))
501.85        	((-6.484333e+00 2.292353e+03 3.592576e+02) (3.865301e-03 9.677673e+00 -3.063412e-01)) ((4.168601e+00 1.921360e+00 3.624563e-01) (-2.221407e-02 2.146080e-03 -1.955435e-03))
501.86        	((-6.371510e+00 2.288402e+03 3.589654e+02) (4.139600e-03 9.680786e+00 -2.989002e-01)) ((4.472088e+00 1.929205e+00 3.482784e-01) (-2.493385e-02 2.380612e-03 -1.969670e-03))
501.87        	((-6.299596e+00 2.284430e+03 3.585755e+02) (4.129382e-03 9.681524e+00 -2.907099e-01)) ((4.793842e+00 1.909155e+00 3.456139e-01) (-2.708320e-02 2.138156e-03 -1.963051e-03))
501.88        	((-6.180982e+00 2.280473e+03 3.582325e+02) (4.400494e-03 9.684615e+00 -2.829243e-01)) ((5.090432e+00 1.918063e+00 3.382657e-01) (-2.978582e-02 2.362412e-03 -2.035628e-03))
501.89        	((-6.106987e+00 2.276501e+03 3.577834e+02) (4.279459e-03 9.685349e+00 -2.744945e-01)) ((5.405603e+00 1.904375e+00 3.405665e-01) (-3.191833e-02 2.103901e-03 -2.024674e-03))
501.9         	((-5.987275e+00 2.272550e+03 3.573810e+02) (4.535262e-03 9.688489e+00 -2.666647e-01)) ((5.695500e+00 1.923499e+00 3.367695e-01) (-3.463563e-02 2.310364e-03 -2.105953e-03))
501.91        	((-5.903972e+00 2.268583e+03 3.568755e+02) (4.505277e-03 9.689126e+00 -2.582077e-01)) ((6.002704e+00 1.919353e+00 3.469006e-01) (-3.682010e-02 2.063302e-03 -2.033266e-03))
501.92        	((-5.766540e+00 2.264634e+03 3.564184e+02) (4.634278e-03 9.692261e+00 -2.503603e-01)) ((6.284541e+00 1.944448e+00 3.491977e-01) (-3.957142e-02 2.275994e-03 -2.206534e-03))
501.93        	((-5.664949e+00 2.260674e+03 3.558586e+02) (4.731137e-03 9.692908e+00 -2.417354e-01)) ((6.585678e+00 1.943647e+00 3.660768e-01) (-4.175859e-02 2.035783e-03 -2.054538e-03))
501.94        	((-5.517731e+00 2.256748e+03 3.553522e+02) (4.716463e-03 9.696147e+00 -2.338044e-01)) ((6.867690e+00 1.975327e+00 3.770738e-01) (-4.450948e-02 2.219141e-03 -2.370572e-03))
501.95        	((-5.421742e+00 2.252818e+03 3.547481e+02) (5.082338e-03 9.696703e+00 -2.250819e-01)) ((7.173367e+00 1.979579e+00 4.093379e-01) (-4.671587e-02 1.941329e-03 -2.117117e-03))
501.96        	((-5.279853e+00 2.248915e+03 3.541959e+02) (4.849649e-03 9.699843e+00 -2.171277e-01)) ((7.455112e+00 2.019495e+00 4.263275e-01) (-4.953303e-02 2.123343e-03 -2.528835e-03))
501.97        	((-5.187648e+00 2.245007e+03 3.535449e+02) (5.540764e-03 9.700460e+00 -2.083429e-01)) ((7.755938e+00 2.028904e+00 4.637994e-01) (-5.177043e-02 1.823458e-03 -2.161361e-03))
501.98        	((-5.037918e+00 2.241133e+03 3.529398e+02) (5.112682e-03 9.703525e+00 -2.003535e-01)) ((8.034088e+00 2.076738e+00 4.805064e-01) (-5.461804e-02 1.974692e-03 -2.657241e-03))
501.99        	((-4.944408e+00 2.237263e+03 3.522326e+02) (5.952112e-03 9.704019e+00 -1.915002e-01)) ((8.332560e+00 2.091376e+00 5.202099e-01) (-5.693627e-02 1.736403e-03 -2.281294e-03))
502           	((-4.786502e+00 2.233441e+03 3.515520e+02) (5.271620e-03 9.706778e+00 -1.833427e-01)) ((8.614628e+00 2.145088e+00 5.431553e-01) (-5.983604e-02 1.877906e-03 -2.825780e-03))
502.01        	((-4.703549e+00 2.229639e+03 3.507592e+02) (6.226089e-03 9.707060e+00 -1.743394e-01)) ((8.919906e+00 2.168080e+00 5.938753e-01) (-6.226382e-02 1.671225e-03 -2.304462e-03))
502.02        	((-4.570187e+00 2.225875e+03 3.499865e+02) (5.370183e-03 9.709341e+00 -1.659799e-01)) ((9.204591e+00 2.237139e+00 6.309801e-01) (-6.530707e-02 1.817604e-03 -2.743632e-03))
502.03        	((-4.537370e+00 2.222109e+03 3.491178e+02) (6.318936e-03 9.709314e+00 -1.568181e-01)) ((9.504262e+00 2.279219e+00 6.892673e-01) (-6.789180e-02 1.730833e-03 -2.187008e-03))
502.04        	((-4.444662e+00 2.218333e+03 3.482913e+02) (5.625820e-03 9.711565e+00 -1.485264e-01)) ((9.776932e+00 2.376755e+00 7.392686e-01) (-7.086488e-02 1.745215e-03 -2.621366e-03))
502.05        	((-4.420553e+00 2.214547e+03 3.473533e+02) (6.437918e-03 9.711637e+00 -1.395026e-01)) ((1.005891e+01 2.436835e+00 7.973230e-01) (-7.341462e-02 1.660550e-03 -2.376676e-03))
502.06        	((-4.290480e+00 2.210806e+03 3.463805e+02) (6.121142e-03 9.713150e+00 -1.308359e-01)) ((1.032644e+01 2.518996e+00 8.561237e-01) (-7.663455e-02 1.625490e-03 -2.588899e-03))
502.07        	((-4.219957e+00 2.207099e+03 3.452716e+02) (6.463746e-03 9.712717e+00 -1.213770e-01)) ((1.061705e+01 2.558410e+00 9.112239e-01) (-7.938415e-02 1.585466e-03 -2.845729e-03))
502.08        	((-4.048388e+00 2.203446e+03 3.441714e+02) (6.027629e-03 9.714984e+00 -1.124320e-01)) ((1.090525e+01 2.635438e+00 9.649990e-01) (-8.243202e-02 1.562335e-03 -2.921975e-03))
502.09        	((-3.971659e+00 2.199763e+03 3.430471e+02) (6.941748e-03 9.715889e+00 -1.031103e-01)) ((1.120206e+01 2.670209e+00 1.019750e+00) (-8.479659e-02 1.532426e-03 -2.918689e-03))
502.1         	((-3.822680e+00 2.196061e+03 3.419135e+02) (6.437980e-03 9.718485e+00 -9.409419e-02)) ((1.146290e+01 2.747510e+00 1.070187e+00) (-8.760531e-02 1.647690e-03 -2.947172e-03))
502.11        	((-3.769360e+00 2.192359e+03 3.406254e+02) (6.807383e-03 9.718674e+00 -8.446846e-02)) ((1.172391e+01 2.795392e+00 1.116765e+00) (-9.018318e-02 1.737666e-03 -2.848637e-03))
502.12        	((-3.614100e+00 2.188730e+03 3.392925e+02) (6.087217e-03 9.720697e+00 -7.542811e-02)) ((1.198211e+01 2.879023e+00 1.164560e+00) (-9.320098e-02 1.930804e-03 -2.834007e-03))
502.13        	((-3.542996e+00 2.185152e+03 3.378709e+02) (6.847755e-03 9.720887e+00 -6.564862e-02)) ((1.227225e+01 2.918657e+00 1.212103e+00) (-9.575421e-02 1.947401e-03 -2.759038e-03))
502.14        	((-3.376995e+00 2.181618e+03 3.364902e+02) (6.337852e-03 9.723245e+00 -5.623432e-02)) ((1.256106e+01 2.984505e+00 1.255378e+00) (-9.848843e-02 2.119834e-03 -2.746679e-03))
502.15        	((-3.315189e+00 2.178085e+03 3.350493e+02) (6.674312e-03 9.723597e+00 -4.627600e-02)) ((1.286053e+01 3.022032e+00 1.295796e+00) (-1.009256e-01 2.216550e-03 -2.658347e-03))
502.16        	((-3.181725e+00 2.174570e+03 3.336235e+02) (6.147887e-03 9.725604e+00 -3.693734e-02)) ((1.314069e+01 3.109265e+00 1.340509e+00) (-1.037945e-01 2.439747e-03 -2.687920e-03))
502.17        	((-3.150050e+00 2.171036e+03 3.321291e+02) (6.806782e-03 9.725883e+00 -2.704672e-02)) ((1.342322e+01 3.167448e+00 1.387927e+00) (-1.063454e-01 2.469482e-03 -2.641312e-03))
502.18        	((-3.042709e+00 2.167493e+03 3.306653e+02) (6.458042e-03 9.727959e+00 -1.768442e-02)) ((1.368726e+01 3.261697e+00 1.437280e+00) (-1.092321e-01 2.663600e-03 -2.679496e-03))
502.19        	((-3.029405e+00 2.163915e+03 3.291733e+02) (6.609847e-03 9.728451e+00 -7.828854e-03)) ((1.396049e+01 3.321272e+00 1.484431e+00) (-1.117868e-01 2.726845e-03 -2.581802e-03))
502.2         	((-2.933577e+00 2.160320e+03 3.277506e+02) (6.312325e-03 9.730638e+00 1.544285e-03)) ((1.421788e+01 3.414078e+00 1.533078e+00) (-1.146234e-01 2.922482e-03 -2.643977e-03))
502.21        	((-2.940618e+00 2.156683e+03 3.263395e+02) (7.033651e-03 9.731478e+00 1.156964e-02)) ((1.447855e+01 3.472531e+00 1.579916e+00) (-1.170861e-01 2.847742e-03 -2.617777e-03))
502.22        	((-2.905755e+00 2.153008e+03 3.249968e+02) (7.200088e-03 9.733793e+00 2.129444e-02)) ((1.471047e+01 3.571501e+00 1.624900e+00) (-1.198049e-01 2.936918e-03 -2.774042e-03))
502.23        	((-2.970677e+00 2.149272e+03 3.236423e+02) (7.607224e-03 9.734591e+00 3.152696e-02)) ((1.493270e+01 3.641895e+00 1.663558e+00) (-1.222561e-01 2.854885e-03 -2.769838e-03))
502.24        	((-2.966356e+00 2.145501e+03 3.223479e+02) (7.851757e-03 9.736572e+00 4.144004e-02)) ((1.513130e+01 3.747174e+00 1.702572e+00) (-1.249920e-01 2.936338e-03 -2.995771e-03))
502.25        	((-3.051594e+00 2.141686e+03 3.210548e+02) (8.831577e-03 9.737178e+00 5.200423e-02)) ((1.533218e+01 3.816970e+00 1.739600e+00) (-1.274330e-01 2.742381e-03 -3.058534e-03))
502.26        	((-3.078674e+00 2.137856e+03 3.198225e+02) (9.298962e-03 9.738850e+00 6.229103e-02)) ((1.551904e+01 3.917503e+00 1.772996e+00) (-1.301970e-01 2.765968e-03 -3.246539e-03))
502.27        	((-3.204860e+00 2.134013e+03 3.185780e+02) (9.860410e-03 9.738994e+00 7.308842e-02)) ((1.571432e+01 3.990884e+00 1.802741e+00) (-1.327928e-01 2.606980e-03 -3.121850e-03))
502.28        	((-3.291044e+00 2.130171e+03 3.173622e+02) (1.014888e-02 9.740036e+00 8.348470e-02)) ((1.589545e+01 4.108635e+00 1.835222e+00) (-1.357817e-01 2.680855e-03 -3.276223e-03))
502.29        	((-3.480455e+00 2.126313e+03 3.160933e+02) (1.092625e-02 9.739898e+00 9.453914e-02)) ((1.608025e+01 4.199937e+00 1.866408e+00) (-1.384822e-01 2.520520e-03 -3.176405e-03))
502.3         	((-3.623945e+00 2.122460e+03 3.148027e+02) (1.119914e-02 9.741165e+00 1.055049e-01)) ((1.624841e+01 4.323433e+00 1.898105e+00) (-1.413515e-01 2.680577e-03 -3.316438e-03))
502.31        	((-3.828133e+00 2.118616e+03 3.134457e+02) (1.170574e-02 9.741672e+00 1.169117e-01)) ((1.642573e+01 4.410350e+00 1.932249e+00) (-1.438090e-01 2.595406e-03 -3.238061e-03))
502.32        	((-3.901330e+00 2.114832e+03 3.120225e+02) (1.178163e-02 9.742277e+00 1.279419e-01)) ((1.659979e+01 4.499566e+00 1.963667e+00) (-1.469425e-01 2.779025e-03 -3.512791e-03))
502.33        	((-3.982922e+00 2.111144e+03 3.104553e+02) (1.250377e-02 9.741519e+00 1.394018e-01)) ((1.681046e+01 4.530664e+00 1.982236e+00) (-1.500170e-01 2.625571e-03 -3.387849e-03))
502.34        	((-3.969294e+00 2.107625e+03 3.087443e+02) (1.274261e-02 9.736163e+00 1.512139e-01)) ((1.705448e+01 4.571908e+00 1.985199e+00) (-1.558301e-01 2.901250e-03 -2.544382e-03))
502.35        	((-4.132038e+00 2.104162e+03 3.069908e+02) (1.308598e-02 9.742093e+00 1.632847e-01)) ((1.733001e+01 4.642913e+00 2.007423e+00) (-1.557914e-01 3.009403e-03 -3.395414e-03))
502.36        	((-4.254760e+00 2.100690e+03 3.052426e+02) (1.298202e-02 9.744288e+00 1.748554e-01)) ((1.757657e+01 4.799252e+00 2.056961e+00) (-1.580811e-01 3.308580e-03 -4.129096e-03))
502.37        	((-4.354515e+00 2.097368e+03 3.032016e+02) (1.417376e-02 9.739548e+00 1.870367e-01)) ((1.785295e+01 4.903711e+00 2.115600e+00) (-1.627230e-01 2.893184e-03 -4.836659e-03))
502.38        	((-4.214191e+00 2.094192e+03 3.011408e+02) (1.361850e-02 9.743327e+00 1.988008e-01)) ((1.815932e+01 4.958242e+00 2.158810e+00) (-1.642268e-01 3.286715e-03 -4.592911e-03))
502.39        	((-4.076215e+00 2.091035e+03 2.991188e+02) (1.364146e-02 9.743953e+00 2.106777e-01)) ((1.848719e+01 4.943383e+00 2.191801e+00) (-1.663729e-01 3.402834e-03 -4.055500e-03))
502.4         	((-3.968953e+00 2.087910e+03 2.970585e+02) (1.279991e-02 9.744488e+00 2.224485e-01)) ((1.879922e+01 5.021838e+00 2.245309e+00) (-1.691962e-01 3.860581e-03 -4.288163e-03))
502.41        	((-3.994281e+00 2.084793e+03 2.949346e+02) (1.249542e-02 9.743975e+00 2.346119e-01)) ((1.911026e+01 5.130732e+00 2.311279e+00) (-1.716921e-01 4.099162e-03 -3.866421e-03))
502.42        	((-3.955961e+00 2.081669e+03 2.928517e+02) (1.143266e-02 9.744347e+00 2.464086e-01)) ((1.939971e+01 5.279495e+00 2.381979e+00) (-1.744988e-01 4.599766e-03 -4.130567e-03))
502.43        	((-3.889468e+00 2.078539e+03 2.908225e+02) (1.141590e-02 9.743543e+00 2.584054e-01)) ((1.969759e+01 5.350652e+00 2.451176e+00) (-1.770818e-01 4.735863e-03 -3.725144e-03))
502.44        	((-3.685876e+00 2.075357e+03 2.888995e+02) (1.085222e-02 9.743533e+00 2.702200e-01)) ((1.997160e+01 5.407964e+00 2.509924e+00) (-1.799154e-01 4.917730e-03 -3.900500e-03))
502.45        	((-3.510600e+00 2.072138e+03 2.870501e+02) (1.114188e-02 9.743157e+00 2.822711e-01)) ((2.024467e+01 5.425731e+00 2.573830e+00) (-1.822894e-01 4.920562e-03 -3.492708e-03))
502.46        	((-3.281296e+00 2.068808e+03 2.853071e+02) (1.094072e-02 9.743302e+00 2.941672e-01)) ((2.047170e+01 5.480724e+00 2.624833e+00) (-1.850102e-01 4.947845e-03 -3.850973e-03))
502.47        	((-3.129197e+00 2.065401e+03 2.836441e+02) (1.143442e-02 9.742694e+00 3.060975e-01)) ((2.068700e+01 5.515824e+00 2.693060e+00) (-1.874463e-01 4.973407e-03 -3.521726e-03))
502.48        	((-2.899998e+00 2.061894e+03 2.821124e+02) (1.093844e-02 9.738706e+00 3.170889e-01)) ((2.086350e+01 5.576510e+00 2.733426e+00) (-1.892166e-01 5.010945e-03 -3.930750e-03))
502.49        	((-2.669195e+00 2.058308e+03 2.806736e+02) (1.140115e-02 9.734136e+00 3.284604e-01)) ((2.103144e+01 5.573998e+00 2.790906e+00) (-1.905169e-01 4.979173e-03 -3.322133e-03))
502.5         	((-2.325963e+00 2.054645e+03 2.793596e+02) (1.095277e-02 9.730549e+00 3.395666e-01)) ((2.116898e+01 5.573146e+00 2.805563e+00) (-1.920728e-01 4.906528e-03 -3.716415e-03))
502.51        	((-2.056651e+00 2.050923e+03 2.781224e+02) (1.154271e-02 9.725765e+00 3.508061e-01)) ((2.129766e+01 5.536539e+00 2.850041e+00) (-1.934443e-01 4.839468e-03 -3.169168e-03))
502.52        	((-1.744905e+00 2.047138e+03 2.769856e+02) (1.082678e-02 9.722280e+00 3.616708e-01)) ((2.138888e+01 5.537486e+00 2.855537e+00) (-1.950328e-01 4.767997e-03 -3.482043e-03))
502.53        	((-1.505670e+00 2.043293e+03 2.758868e+02) (1.100579e-02 9.717740e+00 3.730388e-01)) ((2.146594e+01 5.504922e+00 2.893051e+00) (-1.962730e-01 4.762022e-03 -2.647224e-03))
502.54        	((-1.214135e+00 2.039402e+03 2.748586e+02) (9.945429e-03 9.714192e+00 3.839592e-01)) ((2.151059e+01 5.499758e+00 2.887038e+00) (-1.978151e-01 4.769265e-03 -2.866753e-03))
502.55        	((-9.786245e-01 2.035493e+03 2.738602e+02) (9.739622e-03 9.709186e+00 3.951086e-01)) ((2.155774e+01 5.447056e+00 2.914548e+00) (-1.991833e-01 4.908596e-03 -2.000170e-03))
502.56        	((-6.736113e-01 2.031604e+03 2.729455e+02) (8.267642e-03 9.705191e+00 4.057832e-01)) ((2.159620e+01 5.414515e+00 2.897894e+00) (-2.008310e-01 5.013269e-03 -2.178385e-03))
502.57        	((-4.359840e-01 2.027733e+03 2.720580e+02) (7.830509e-03 9.700004e+00 4.168194e-01)) ((2.164572e+01 5.346030e+00 2.917331e+00) (-2.021586e-01 5.168973e-03 -1.253750e-03))
502.58        	((-1.450415e-01 2.023913e+03 2.712486e+02) (6.363847e-03 9.696159e+00 4.274132e-01)) ((2.169642e+01 5.305072e+00 2.892697e+00) (-2.036494e-01 5.271062e-03 -1.517159e-03))
502.59        	((8.083770e-02 2.020113e+03 2.704746e+02) (5.945077e-03 9.691004e+00 4.384798e-01)) ((2.176161e+01 5.227992e+00 2.905526e+00) (-2.047753e-01 5.445242e-03 -7.236500e-04))
502.6         	((3.606032e-01 2.016332e+03 2.697834e+02) (4.572380e-03 9.687184e+00 4.491585e-01)) ((2.181668e+01 5.177142e+00 2.875981e+00) (-2.060490e-01 5.519223e-03 -1.081424e-03))
502.61        	((5.829983e-01 2.012560e+03 2.691192e+02) (4.197268e-03 9.682386e+00 4.600544e-01)) ((2.188012e+01 5.089908e+00 2.886281e+00) (-2.070005e-01 5.628844e-03 -2.038889e-04))
502.62        	((8.575332e-01 2.008829e+03 2.685279e+02) (3.021187e-03 9.679040e+00 4.703721e-01)) ((2.193936e+01 5.028697e+00 2.854923e+00) (-2.081914e-01 5.643898e-03 -5.802835e-04))
502.63        	((1.084188e+00 2.005134e+03 2.679734e+02) (2.814563e-03 9.674476e+00 4.807756e-01)) ((2.201802e+01 4.928564e+00 2.863548e+00) (-2.092143e-01 5.710458e-03 2.340683e-04))
502.64        	((1.377179e+00 2.001487e+03 2.674999e+02) (1.721373e-03 9.671385e+00 4.905429e-01)) ((2.209760e+01 4.848614e+00 2.826887e+00) (-2.105147e-01 5.691692e-03 -1.521491e-04))
502.65        	((1.629072e+00 1.997853e+03 2.670515e+02) (1.623268e-03 9.667196e+00 5.005597e-01)) ((2.219095e+01 4.727465e+00 2.825076e+00) (-2.115440e-01 5.698390e-03 7.030950e-04))
502.66        	((1.933921e+00 1.994242e+03 2.666629e+02) (7.035211e-04 9.664505e+00 5.099749e-01)) ((2.227446e+01 4.628829e+00 2.774403e+00) (-2.128631e-01 5.635882e-03 2.466486e-04))
502.67        	((2.190175e+00 1.990647e+03 2.662836e+02) (6.903702e-04 9.660484e+00 5.194400e-01)) ((2.236890e+01 4.490830e+00 2.759088e+00) (-2.140611e-01 5.652386e-03 1.048431e-03))
502.68        	((2.503203e+00 1.987094e+03 2.659532e+02) (-2.270095e-04 9.657979e+00 5.282025e-01)) ((2.245792e+01 4.374731e+00 2.694587e+00) (-2.156110e-01 5.620544e-03 5.953644e-04))
502.69        	((2.770161e+00 1.983582e+03 2.656192e+02) (-4.171796e-04 9.658465e+00 5.378328e-01)) ((2.256756e+01 4.221606e+00 2.664794e+00) (-2.180369e-01 5.748801e-03 1.524081e-03))
502.7         	((3.085664e+00 1.980128e+03 2.653244e+02) (-1.512650e-03 9.660558e+00 5.468241e-01)) ((2.267604e+01 4.094772e+00 2.584832e+00) (-2.207910e-01 5.833545e-03 1.153860e-03))
502.71        	((3.349638e+00 1.976694e+03 2.650107e+02) (-1.756855e-03 9.661433e+00 5.560901e-01)) ((2.279515e+01 3.933633e+00 2.541564e+00) (-2.234240e-01 6.012071e-03 2.070445e-03))
502.72        	((3.659767e+00 1.973286e+03 2.647189e+02) (-2.900297e-03 9.664061e+00 5.647537e-01)) ((2.289982e+01 3.798614e+00 2.450130e+00) (-2.264126e-01 6.125317e-03 1.667300e-03))
502.73        	((3.926106e+00 1.969885e+03 2.643964e+02) (-3.126841e-03 9.665627e+00 5.738091e-01)) ((2.301161e+01 3.627477e+00 2.397910e+00) (-2.292185e-01 6.306874e-03 2.569948e-03))
502.74        	((4.247901e+00 1.966522e+03 2.640931e+02) (-4.224314e-03 9.669085e+00 5.822903e-01)) ((2.311960e+01 3.481126e+00 2.298297e+00) (-2.323670e-01 6.417983e-03 2.106726e-03))
502.75        	((4.527534e+00 1.963185e+03 2.637555e+02) (-4.354800e-03 9.671460e+00 5.910614e-01)) ((2.324503e+01 3.301329e+00 2.239157e+00) (-2.353552e-01 6.574679e-03 2.961397e-03))
502.76        	((4.856518e+00 1.959883e+03 2.634408e+02) (-5.294546e-03 9.675776e+00 5.992621e-01)) ((2.336879e+01 3.150234e+00 2.133626e+00) (-2.386686e-01 6.620318e-03 2.436487e-03))
502.77        	((5.141208e+00 1.956605e+03 2.630991e+02) (-5.170020e-03 9.674065e+00 6.070156e-01)) ((2.350746e+01 2.968149e+00 2.069661e+00) (-2.406316e-01 6.636876e-03 3.227817e-03))
502.78        	((5.471373e+00 1.953348e+03 2.627796e+02) (-5.892444e-03 9.679010e+00 6.151111e-01)) ((2.363837e+01 2.815333e+00 1.960251e+00) (-2.440444e-01 6.588217e-03 2.616450e-03))
502.79        	((5.749861e+00 1.950116e+03 2.624373e+02) (-5.561973e-03 9.677690e+00 6.227815e-01)) ((2.378753e+01 2.636213e+00 1.894072e+00) (-2.460623e-01 6.500505e-03 3.332040e-03))
502.8         	((6.069062e+00 1.946910e+03 2.621226e+02) (-6.056783e-03 9.683080e+00 6.308460e-01)) ((2.393695e+01 2.488603e+00 1.784256e+00) (-2.495239e-01 6.329129e-03 2.632526e-03))
502.81        	((6.338814e+00 1.943746e+03 2.617900e+02) (-5.579120e-03 9.682027e+00 6.384674e-01)) ((2.411301e+01 2.315209e+00 1.719325e+00) (-2.515880e-01 6.161658e-03 3.311223e-03))
502.82        	((6.641070e+00 1.940612e+03 2.614847e+02) (-5.888193e-03 9.687749e+00 6.464535e-01)) ((2.429051e+01 2.175714e+00 1.612684e+00) (-2.550750e-01 5.926418e-03 2.531327e-03))
502.83        	((6.891801e+00 1.937516e+03 2.611627e+02) (-5.215846e-03 9.691988e+00 6.549413e-01)) ((2.449194e+01 2.010918e+00 1.552903e+00) (-2.583095e-01 5.686550e-03 3.145631e-03))
502.84        	((7.176151e+00 1.934434e+03 2.608632e+02) (-5.337534e-03 9.697851e+00 6.630100e-01)) ((2.468338e+01 1.879209e+00 1.452691e+00) (-2.617716e-01 5.340392e-03 2.297694e-03))
502.85        	((7.403562e+00 1.931381e+03 2.605348e+02) (-4.569418e-03 9.702138e+00 6.715789e-01)) ((2.489281e+01 1.725854e+00 1.399920e+00) (-2.649502e-01 5.049856e-03 2.897828e-03))
502.86        	((7.653349e+00 1.928341e+03 2.602185e+02) (-4.628012e-03 9.707953e+00 6.796090e-01)) ((2.509631e+01 1.609077e+00 1.306694e+00) (-2.683674e-01 4.697165e-03 2.016982e-03))
502.87        	((7.843211e+00 1.925383e+03 2.598819e+02) (-3.744964e-03 9.711602e+00 6.880173e-01)) ((2.534142e+01 1.470278e+00 1.261284e+00) (-2.717109e-01 4.394599e-03 2.563641e-03))
502.88        	((8.059573e+00 1.922506e+03 2.595405e+02) (-3.697352e-03 9.716197e+00 6.958887e-01)) ((2.560935e+01 1.367378e+00 1.176657e+00) (-2.755612e-01 3.992120e-03 1.598865e-03))
502.89        	((8.227258e+00 1.919826e+03 2.591424e+02) (-2.812689e-03 9.718202e+00 7.042118e-01)) ((2.595622e+01 1.242267e+00 1.140521e+00) (-2.795162e-01 3.673775e-03 2.118454e-03))
502.9         	((8.417492e+00 1.917188e+03 2.587297e+02) (-2.748680e-03 9.721614e+00 7.120116e-01)) ((2.630946e+01 1.147345e+00 1.055437e+00) (-2.838049e-01 3.254017e-03 1.304893e-03))
502.91        	((8.544955e+00 1.914549e+03 2.582980e+02) (-1.739681e-03 9.724819e+00 7.205887e-01)) ((2.664748e+01 1.038873e+00 1.015917e+00) (-2.870819e-01 2.897173e-03 1.916852e-03))
502.92        	((8.686898e+00 1.911758e+03 2.577892e+02) (-1.679950e-03 9.729709e+00 7.287867e-01)) ((2.690417e+01 9.710267e-01 9.404357e-01) (-2.905205e-01 2.488944e-03 9.780508e-04))
502.93        	((8.778996e+00 1.909105e+03 2.572035e+02) (-7.732066e-04 9.732804e+00 7.376503e-01)) ((2.719423e+01 8.803263e-01 9.137401e-01) (-2.936143e-01 2.154903e-03 1.589628e-03))
502.94        	((8.902077e+00 1.906368e+03 2.565780e+02) (-8.567072e-04 9.737533e+00 7.459722e-01)) ((2.746050e+01 8.204070e-01 8.463050e-01) (-2.969369e-01 1.833962e-03 6.821800e-04))
502.95        	((8.972095e+00 1.903916e+03 2.559649e+02) (1.090128e-04 9.742507e+00 7.550445e-01)) ((2.781453e+01 7.397912e-01 8.259580e-01) (-3.005196e-01 1.495624e-03 1.262421e-03))
502.96        	((9.057299e+00 1.901225e+03 2.553328e+02) (9.790095e-05 9.749084e+00 7.635515e-01)) ((2.810126e+01 6.995234e-01 7.662225e-01) (-3.043529e-01 1.132145e-03 3.183258e-04))
502.97        	((9.080098e+00 1.898857e+03 2.547326e+02) (9.694222e-04 9.753741e+00 7.725770e-01)) ((2.846323e+01 6.442976e-01 7.543669e-01) (-3.078881e-01 8.492652e-04 9.251514e-04))
502.98        	((9.125515e+00 1.895965e+03 2.540525e+02) (8.250987e-04 9.760084e+00 7.810035e-01)) ((2.867658e+01 6.272242e-01 7.021361e-01) (-3.116722e-01 5.534891e-04 3.085857e-05))
502.99        	((9.121474e+00 1.893612e+03 2.534339e+02) (1.652646e-03 9.764468e+00 7.899742e-01)) ((2.902201e+01 5.883998e-01 6.964437e-01) (-3.151288e-01 3.301963e-04 6.694890e-04))
503           	((9.149146e+00 1.890420e+03 2.527106e+02) (1.396413e-03 9.770722e+00 7.983361e-01)) ((2.915857e+01 5.854324e-01 6.498506e-01) (-3.188400e-01 8.880629e-05 -1.703268e-04))
503.01        	((9.124605e+00 1.888826e+03 2.524284e+02) (2.218914e-03 9.775769e+00 8.074533e-01)) ((2.964678e+01 5.613958e-01 6.488317e-01) (-3.223984e-01 -8.849241e-05 4.582392e-04))
503.02        	((9.132722e+00 1.885529e+03 2.517404e+02) (1.831038e-03 9.781835e+00 8.157980e-01)) ((2.975214e+01 5.760679e-01 6.075046e-01) (-3.259135e-01 -2.735995e-04 -3.293728e-04))
503.03        	((9.085245e+00 1.885395e+03 2.521752e+02) (2.637727e-03 9.784992e+00 8.247049e-01)) ((3.048138e+01 5.694733e-01 6.116044e-01) (-3.290030e-01 -3.911362e-04 2.901792e-04))
503.04        	((9.076070e+00 1.881187e+03 2.512871e+02) (2.134030e-03 9.789884e+00 8.327871e-01)) ((3.038302e+01 6.012843e-01 5.770764e-01) (-3.318924e-01 -5.401998e-04 -4.315967e-04))
503.05        	((9.018594e+00 1.884905e+03 2.528595e+02) (2.939353e-03 9.790688e+00 8.411595e-01)) ((3.147243e+01 6.087106e-01 5.839307e-01) (-3.341447e-01 -6.154576e-04 1.819117e-04))
503.06        	((8.984168e+00 1.878625e+03 2.513418e+02) (2.302040e-03 9.797582e+00 8.490836e-01)) ((3.101656e+01 6.581801e-01 5.570293e-01) (-3.364498e-01 -7.190508e-04 -4.619396e-04))
503.07        	((8.885076e+00 1.874389e+03 2.500424e+02) (3.070818e-03 9.817365e+00 8.590693e-01)) ((3.066998e+01 6.850717e-01 5.760177e-01) (-3.400554e-01 -7.526967e-04 1.241036e-04))
503.08        	((8.823249e+00 1.866829e+03 2.483229e+02) (2.312925e-03 9.864948e+00 8.710481e-01)) ((3.014311e+01 7.473049e-01 5.559683e-01) (-3.453953e-01 -8.286396e-04 -4.385317e-04))
503.09        	((8.702482e+00 1.863315e+03 2.478578e+02) (3.097556e-03 9.933104e+00 8.869145e-01)) ((3.046449e+01 7.805762e-01 5.773381e-01) (-3.520596e-01 -8.303207e-04 1.583471e-04))
503.1         	((8.634442e+00 1.859850e+03 2.478113e+02) (2.283191e-03 1.001783e+01 9.042809e-01)) ((3.083304e+01 8.513532e-01 5.615177e-01) (-3.579370e-01 -8.662222e-04 -2.896304e-04))
503.11        	((8.502097e+00 1.857497e+03 2.479472e+02) (3.126509e-03 1.010102e+01 9.227845e-01)) ((3.121623e+01 8.947585e-01 5.894010e-01) (-3.620588e-01 -8.237072e-04 3.490188e-04))
503.12        	((8.427948e+00 1.855017e+03 2.479446e+02) (2.219631e-03 1.017549e+01 9.390348e-01)) ((3.136283e+01 9.765591e-01 5.816959e-01) (-3.631996e-01 -8.322125e-04 -5.635579e-06))
503.13        	((8.288296e+00 1.852256e+03 2.476967e+02) (3.180956e-03 1.021944e+01 9.523039e-01)) ((3.136580e+01 1.027212e+00 6.169205e-01) (-3.617472e-01 -7.530036e-04 6.407443e-04))
503.14        	((8.207848e+00 1.848560e+03 2.473155e+02) (2.259110e-03 1.022998e+01 9.600447e-01)) ((3.126769e+01 1.115813e+00 6.166135e-01) (-3.570623e-01 -7.538250e-04 3.374102e-04))
503.15        	((8.052642e+00 1.844907e+03 2.469992e+02) (3.342606e-03 1.020195e+01 9.631479e-01)) ((3.133105e+01 1.177398e+00 6.580189e-01) (-3.484082e-01 -6.649092e-04 9.393949e-04))
503.16        	((7.956919e+00 1.841386e+03 2.469073e+02) (2.403722e-03 1.013551e+01 9.598492e-01)) ((3.149299e+01 1.280763e+00 6.658166e-01) (-3.355155e-01 -6.796749e-04 6.330775e-04))
503.17        	((7.791293e+00 1.838924e+03 2.470553e+02) (3.566178e-03 1.002891e+01 9.511079e-01)) ((3.179925e+01 1.349737e+00 7.114668e-01) (-3.178324e-01 -5.979535e-04 1.132656e-03))
503.18        	((7.696041e+00 1.836703e+03 2.472558e+02) (2.544711e-03 9.885855e+00 9.359181e-01)) ((3.203707e+01 1.454188e+00 7.224208e-01) (-2.956663e-01 -5.744939e-04 7.950740e-04))
503.19        	((7.528969e+00 1.834520e+03 2.473152e+02) (3.672029e-03 9.707558e+00 9.158533e-01)) ((3.220137e+01 1.525763e+00 7.714850e-01) (-2.690821e-01 -4.310328e-04 1.193733e-03))
503.2         	((7.436781e+00 1.831964e+03 2.473106e+02) (2.507081e-03 9.499281e+00 8.897837e-01)) ((3.226806e+01 1.635476e+00 7.871257e-01) (-2.387326e-01 -3.539886e-04 8.208784e-04))
503.21        	((7.270085e+00 1.829397e+03 2.472515e+02) (3.616920e-03 9.263844e+00 8.596815e-01)) ((3.237638e+01 1.710679e+00 8.412111e-01) (-2.049505e-01 -1.652521e-04 1.139340e-03))
503.22        	((7.179765e+00 1.826822e+03 2.472840e+02) (2.359273e-03 9.007596e+00 8.247348e-01)) ((3.253513e+01 1.822375e+00 8.616857e-01) (-1.687093e-01 -6.248798e-05 7.528635e-04))
503.23        	((7.015033e+00 1.824510e+03 2.473296e+02) (3.455796e-03 8.733232e+00 7.872452e-01)) ((3.277760e+01 1.896322e+00 9.178489e-01) (-1.306303e-01 1.423533e-04 1.013659e-03))
503.24        	((6.936248e+00 1.822242e+03 2.474380e+02) (2.151832e-03 8.446618e+00 7.466065e-01)) ((3.300992e+01 2.004455e+00 9.383143e-01) (-9.203661e-02 2.507792e-04 6.504517e-04))
503.25        	((6.784381e+00 1.820156e+03 2.475362e+02) (3.193093e-03 8.150402e+00 7.051851e-01)) ((3.323781e+01 2.072643e+00 9.944069e-01) (-5.350799e-02 4.855514e-04 9.309726e-04))
503.26        	((6.717845e+00 1.817906e+03 2.476600e+02) (1.844601e-03 7.850226e+00 6.623484e-01)) ((3.339221e+01 2.174900e+00 1.015548e+00) (-1.637684e-02 6.071173e-04 6.646132e-04))
503.27        	((6.574086e+00 1.815603e+03 2.477109e+02) (3.110767e-03 7.580821e+00 6.245061e-01)) ((3.352025e+01 2.235090e+00 1.069961e+00) (1.517949e-02 8.642921e-04 9.538342e-04))
503.28        	((6.515466e+00 1.813173e+03 2.478174e+02) (1.793954e-03 7.280480e+00 5.827244e-01)) ((3.363105e+01 2.327706e+00 1.086756e+00) (4.755510e-02 9.961113e-04 7.242421e-04))
503.29        	((6.380786e+00 1.810739e+03 2.478769e+02) (3.063185e-03 7.015121e+00 5.469542e-01)) ((3.377520e+01 2.376489e+00 1.135038e+00) (7.407008e-02 1.270773e-03 1.010254e-03))
503.3         	((6.327889e+00 1.808024e+03 2.479527e+02) (1.692843e-03 6.726108e+00 5.094558e-01)) ((3.391064e+01 2.461670e+00 1.148292e+00) (9.932990e-02 1.448576e-03 8.106748e-04))
503.31        	((6.203827e+00 1.805675e+03 2.480947e+02) (2.669622e-03 6.446437e+00 4.755455e-01)) ((3.411090e+01 2.500181e+00 1.193198e+00) (1.196694e-01 1.815729e-03 1.166129e-03))
503.32        	((6.173806e+00 1.803151e+03 2.482411e+02) (1.251883e-03 6.178907e+00 4.446884e-01)) ((3.427155e+01 2.571122e+00 1.201718e+00) (1.346552e-01 2.050569e-03 1.099285e-03))
503.33        	((6.072292e+00 1.801027e+03 2.484493e+02) (2.358860e-03 5.948536e+00 4.202699e-01)) ((3.447064e+01 2.595355e+00 1.240803e+00) (1.439973e-01 2.386635e-03 1.492548e-03))
503.34        	((6.055214e+00 1.798608e+03 2.486348e+02) (9.429216e-04 5.705306e+00 3.965278e-01)) ((3.461772e+01 2.656163e+00 1.243527e+00) (1.486821e-01 2.615228e-03 1.386209e-03))
503.35        	((5.957609e+00 1.796435e+03 2.488388e+02) (1.969327e-03 5.497863e+00 3.782733e-01)) ((3.480159e+01 2.672577e+00 1.278425e+00) (1.490350e-01 2.951597e-03 1.751050e-03))
503.36        	((5.945715e+00 1.793977e+03 2.490379e+02) (4.573233e-04 5.281326e+00 3.608661e-01)) ((3.496189e+01 2.724090e+00 1.278253e+00) (1.440803e-01 3.203677e-03 1.664719e-03))
503.37        	((5.857622e+00 1.791754e+03 2.492222e+02) (1.370766e-03 5.097355e+00 3.477427e-01)) ((3.515668e+01 2.727601e+00 1.310697e+00) (1.364134e-01 3.533907e-03 2.025170e-03))
503.38        	((5.854531e+00 1.789276e+03 2.493812e+02) (-1.880595e-04 4.906121e+00 3.352449e-01)) ((3.531833e+01 2.764812e+00 1.307598e+00) (1.237170e-01 3.792468e-03 1.958359e-03))
503.39        	((5.769878e+00 1.787113e+03 2.495447e+02) (6.361669e-04 4.743816e+00 3.258061e-01)) ((3.551765e+01 2.755021e+00 1.337489e+00) (1.102150e-01 4.142499e-03 2.306459e-03))
503.4         	((5.772393e+00 1.784666e+03 2.496789e+02) (-9.790218e-04 4.575921e+00 3.165143e-01)) ((3.567853e+01 2.779385e+00 1.331725e+00) (9.233861e-02 4.441820e-03 2.257792e-03))
503.41        	((5.697567e+00 1.782537e+03 2.498213e+02) (-2.148473e-04 4.433580e+00 3.092448e-01)) ((3.587709e+01 2.756626e+00 1.358376e+00) (7.512279e-02 4.793611e-03 2.621457e-03))
503.42        	((5.710793e+00 1.780069e+03 2.499246e+02) (-1.787764e-03 4.287300e+00 3.018154e-01)) ((3.603081e+01 2.768416e+00 1.348115e+00) (5.427662e-02 5.068351e-03 2.567178e-03))
503.43        	((5.641275e+00 1.777929e+03 2.500395e+02) (-1.036160e-03 4.164161e+00 2.959205e-01)) ((3.622640e+01 2.735678e+00 1.369317e+00) (3.523562e-02 5.374048e-03 2.910066e-03))
503.44        	((5.651915e+00 1.775425e+03 2.501004e+02) (-2.556378e-03 4.038333e+00 2.897823e-01)) ((3.637657e+01 2.740594e+00 1.352519e+00) (1.345411e-02 5.605291e-03 2.869110e-03))
503.45        	((5.576320e+00 1.773270e+03 2.501704e+02) (-1.859651e-03 3.932358e+00 2.847281e-01)) ((3.657399e+01 2.702841e+00 1.368093e+00) (-5.690604e-03 5.905037e-03 3.205617e-03))
503.46        	((5.584841e+00 1.770762e+03 2.501891e+02) (-3.299737e-03 3.834837e+00 2.797469e-01)) ((3.672866e+01 2.701423e+00 1.347648e+00) (-2.438056e-02 6.136796e-03 3.111235e-03))
503.47        	((5.510355e+00 1.768620e+03 2.502328e+02) (-2.720757e-03 3.744117e+00 2.755893e-01)) ((3.692903e+01 2.656295e+00 1.360785e+00) (-4.216915e-02 6.460717e-03 3.399268e-03))
503.48        	((5.518680e+00 1.766133e+03 2.502328e+02) (-4.177030e-03 3.661130e+00 2.715593e-01)) ((3.708557e+01 2.647726e+00 1.337014e+00) (-5.907698e-02 6.696166e-03 3.275828e-03))
503.49        	((5.440419e+00 1.764010e+03 2.502596e+02) (-3.650097e-03 3.583655e+00 2.682081e-01)) ((3.728896e+01 2.597024e+00 1.345811e+00) (-7.480570e-02 7.006919e-03 3.532801e-03))
503.5         	((5.440625e+00 1.761535e+03 2.502399e+02) (-5.069992e-03 3.512384e+00 2.648676e-01)) ((3.744881e+01 2.583100e+00 1.317323e+00) (-8.943873e-02 7.229076e-03 3.373269e-03))
503.51        	((5.351910e+00 1.759407e+03 2.502409e+02) (-4.548006e-03 3.445527e+00 2.621706e-01)) ((3.765360e+01 2.526951e+00 1.321588e+00) (-1.027765e-01 7.508457e-03 3.598851e-03))
503.52        	((5.336248e+00 1.756937e+03 2.501973e+02) (-5.916357e-03 3.383585e+00 2.594719e-01)) ((3.781809e+01 2.508190e+00 1.288735e+00) (-1.149416e-01 7.705688e-03 3.423051e-03))
503.53        	((5.229260e+00 1.754808e+03 2.501748e+02) (-5.383642e-03 3.324776e+00 2.572709e-01)) ((3.802626e+01 2.446909e+00 1.288126e+00) (-1.257756e-01 7.952639e-03 3.638109e-03))
503.54        	((5.196156e+00 1.752318e+03 2.500885e+02) (-6.698300e-03 3.269307e+00 2.548272e-01)) ((3.818707e+01 2.419101e+00 1.249406e+00) (-1.355199e-01 8.117820e-03 3.468939e-03))
503.55        	((5.071469e+00 1.750218e+03 2.500535e+02) (-6.170158e-03 3.215726e+00 2.527631e-01)) ((3.839828e+01 2.341663e+00 1.239677e+00) (-1.441241e-01 8.329839e-03 3.693639e-03))
503.56        	((5.005473e+00 1.747772e+03 2.499667e+02) (-7.431389e-03 3.164311e+00 2.504383e-01)) ((3.856423e+01 2.286637e+00 1.186170e+00) (-1.517707e-01 8.459983e-03 3.534016e-03))
503.57        	((4.790823e+00 1.745694e+03 2.499199e+02) (-7.312025e-03 3.113016e+00 2.488414e-01)) ((3.877106e+01 2.146921e+00 1.142115e+00) (-1.579716e-01 8.439057e-03 3.809665e-03))
503.58        	((4.633444e+00 1.743316e+03 2.498275e+02) (-8.093470e-03 3.064169e+00 2.457595e-01)) ((3.891756e+01 2.034547e+00 1.051196e+00) (-1.637323e-01 8.674141e-03 3.757957e-03))
503.59        	((4.412961e+00 1.741301e+03 2.497767e+02) (-7.111562e-03 3.016212e+00 2.434786e-01)) ((3.908819e+01 1.898597e+00 9.977797e-01) (-1.691028e-01 9.044468e-03 4.026791e-03))
503.6         	((4.321258e+00 1.738973e+03 2.496673e+02) (-7.514097e-03 2.968206e+00 2.415208e-01)) ((3.921331e+01 1.834801e+00 9.297607e-01) (-1.734200e-01 9.539241e-03 3.832436e-03))
503.61        	((4.139112e+00 1.736989e+03 2.495849e+02) (-7.183359e-03 2.922069e+00 2.386277e-01)) ((3.937461e+01 1.721400e+00 9.004863e-01) (-1.775902e-01 9.657284e-03 3.965237e-03))
503.62        	((3.997448e+00 1.734666e+03 2.494450e+02) (-8.533761e-03 2.876964e+00 2.359359e-01)) ((3.948715e+01 1.619098e+00 8.302250e-01) (-1.815669e-01 9.614054e-03 3.747545e-03))
503.63        	((3.766614e+00 1.732685e+03 2.493420e+02) (-8.123711e-03 2.832443e+00 2.337345e-01)) ((3.965053e+01 1.472818e+00 7.912158e-01) (-1.850688e-01 9.616128e-03 3.908964e-03))
503.64        	((3.630698e+00 1.730364e+03 2.491809e+02) (-9.315574e-03 2.788966e+00 2.312941e-01)) ((3.977857e+01 1.379283e+00 7.206834e-01) (-1.882240e-01 9.624768e-03 3.692121e-03))
503.65        	((3.447965e+00 1.728390e+03 2.490595e+02) (-8.848294e-03 2.746311e+00 2.293349e-01)) ((3.996286e+01 1.270225e+00 6.926121e-01) (-1.909430e-01 9.666408e-03 3.850397e-03))
503.66        	((3.362792e+00 1.726075e+03 2.488801e+02) (-1.001659e-02 2.704800e+00 2.272197e-01)) ((4.010870e+01 1.213410e+00 6.380378e-01) (-1.933573e-01 9.662917e-03 3.637445e-03))
503.67        	((3.206792e+00 1.724107e+03 2.487458e+02) (-9.550563e-03 2.664235e+00 2.255609e-01)) ((4.030877e+01 1.121706e+00 6.238565e-01) (-1.953969e-01 9.665298e-03 3.816003e-03))
503.68        	((3.124495e+00 1.721774e+03 2.485501e+02) (-1.059245e-02 2.624632e+00 2.237179e-01)) ((4.046233e+01 1.067123e+00 5.781129e-01) (-1.971443e-01 9.641380e-03 3.621501e-03))
503.69        	((2.968759e+00 1.719800e+03 2.484053e+02) (-9.949485e-03 2.585842e+00 2.222729e-01)) ((4.067503e+01 9.751319e-01 5.677953e-01) (-1.985400e-01 9.641104e-03 3.794999e-03))
503.7         	((2.904907e+00 1.717461e+03 2.482039e+02) (-1.081419e-02 2.547864e+00 2.206233e-01)) ((4.084419e+01 9.281352e-01 5.244050e-01) (-1.997110e-01 9.633766e-03 3.600734e-03))
503.71        	((2.784786e+00 1.715492e+03 2.480649e+02) (-1.007295e-02 2.510641e+00 2.193637e-01)) ((4.107408e+01 8.531828e-01 5.183583e-01) (-2.006237e-01 9.652479e-03 3.779708e-03))
503.72        	((2.756096e+00 1.713140e+03 2.478668e+02) (-1.082448e-02 2.474114e+00 2.179031e-01)) ((4.124953e+01 8.273019e-01 4.828515e-01) (-2.013764e-01 9.672993e-03 3.597071e-03))
503.73        	((2.660563e+00 1.711160e+03 2.477332e+02) (-1.004264e-02 2.438463e+00 2.167953e-01)) ((4.147897e+01 7.710807e-01 4.865096e-01) (-2.019726e-01 9.692843e-03 3.773954e-03))
503.74        	((2.641040e+00 1.708791e+03 2.475406e+02) (-1.073117e-02 2.403483e+00 2.154867e-01)) ((4.165170e+01 7.568712e-01 4.608757e-01) (-2.024590e-01 9.708167e-03 3.587295e-03))
503.75        	((2.545392e+00 1.706804e+03 2.474195e+02) (-9.908742e-03 2.369264e+00 2.144788e-01)) ((4.188468e+01 7.062965e-01 4.711487e-01) (-2.027838e-01 9.712633e-03 3.746241e-03))
503.76        	((2.518920e+00 1.704433e+03 2.472456e+02) (-1.055309e-02 2.335678e+00 2.132144e-01)) ((4.206238e+01 6.954873e-01 4.488349e-01) (-2.030538e-01 9.699195e-03 3.535575e-03))
503.77        	((2.417195e+00 1.702455e+03 2.471514e+02) (-9.717874e-03 2.302975e+00 2.122067e-01)) ((4.230191e+01 6.510600e-01 4.597910e-01) (-2.032112e-01 9.677109e-03 3.667056e-03))
503.78        	((2.386585e+00 1.700071e+03 2.469976e+02) (-1.034747e-02 2.270830e+00 2.109236e-01)) ((4.247821e+01 6.482867e-01 4.387423e-01) (-2.033243e-01 9.638492e-03 3.427893e-03))
503.79        	((2.279795e+00 1.698098e+03 2.469260e+02) (-9.496656e-03 2.239556e+00 2.098643e-01)) ((4.271735e+01 6.107668e-01 4.512537e-01) (-2.033437e-01 9.603909e-03 3.535917e-03))
503.8         	((2.238270e+00 1.695716e+03 2.467915e+02) (-1.010911e-02 2.208758e+00 2.085389e-01)) ((4.289037e+01 6.114269e-01 4.324115e-01) (-2.033147e-01 9.551090e-03 3.289427e-03))
503.81        	((2.116132e+00 1.693763e+03 2.467445e+02) (-9.238097e-03 2.178833e+00 2.074077e-01)) ((4.312890e+01 5.750280e-01 4.468067e-01) (-2.031934e-01 9.492039e-03 3.389935e-03))
503.82        	((2.057810e+00 1.691626e+03 2.466899e+02) (-9.888776e-03 2.149236e+00 2.059036e-01)) ((4.332727e+01 5.775199e-01 4.298745e-01) (-2.030435e-01 9.407442e-03 3.144784e-03))
503.83        	((1.919707e+00 1.689682e+03 2.466451e+02) (-8.958869e-03 2.120591e+00 2.046985e-01)) ((4.355526e+01 5.460915e-01 4.463343e-01) (-2.028025e-01 9.338125e-03 3.250752e-03))
503.84        	((1.854149e+00 1.687377e+03 2.465524e+02) (-9.682182e-03 2.092038e+00 2.031632e-01)) ((4.371926e+01 5.563970e-01 4.311173e-01) (-2.025108e-01 9.232168e-03 3.015666e-03))
503.85        	((1.714801e+00 1.685319e+03 2.465109e+02) (-8.732151e-03 2.064415e+00 2.019160e-01)) ((4.392869e+01 5.327410e-01 4.498039e-01) (-2.021539e-01 9.152811e-03 3.124250e-03))
503.86        	((1.654855e+00 1.683036e+03 2.464624e+02) (-9.480845e-03 2.036742e+00 2.003563e-01)) ((4.410034e+01 5.491385e-01 4.369220e-01) (-2.017258e-01 9.043706e-03 2.910890e-03))
503.87        	((1.518190e+00 1.681035e+03 2.464537e+02) (-8.606225e-03 2.010069e+00 1.991116e-01)) ((4.431426e+01 5.299424e-01 4.579758e-01) (-2.012733e-01 8.961825e-03 3.049647e-03))
503.88        	((1.457481e+00 1.678836e+03 2.464362e+02) (-9.364586e-03 1.983103e+00 1.975437e-01)) ((4.449134e+01 5.498460e-01 4.454493e-01) (-2.007668e-01 8.850594e-03 2.834775e-03))
503.89        	((1.305720e+00 1.676934e+03 2.464922e+02) (-8.405597e-03 1.957460e+00 1.962781e-01)) ((4.471942e+01 5.330545e-01 4.660009e-01) (-2.002909e-01 8.772797e-03 2.981502e-03))
503.9         	((1.240829e+00 1.674696e+03 2.464713e+02) (-9.351570e-03 1.930864e+00 1.947438e-01)) ((4.488860e+01 5.587686e-01 4.512964e-01) (-1.997090e-01 8.648924e-03 2.763749e-03))
503.91        	((1.083663e+00 1.672711e+03 2.465010e+02) (-8.190901e-03 1.913573e+00 1.941892e-01)) ((4.508486e+01 5.452830e-01 4.707658e-01) (-1.993566e-01 8.611432e-03 2.948196e-03))
503.92        	((1.018749e+00 1.670496e+03 2.464996e+02) (-9.070684e-03 1.887301e+00 1.925927e-01)) ((4.524031e+01 5.699721e-01 4.536599e-01) (-1.987467e-01 8.509648e-03 2.731600e-03))
503.93        	((8.601593e-01 1.668566e+03 2.465686e+02) (-7.976527e-03 1.870187e+00 1.919760e-01)) ((4.544119e+01 5.519527e-01 4.691564e-01) (-1.983873e-01 8.475901e-03 2.917865e-03))
503.94        	((7.941990e-01 1.666382e+03 2.465932e+02) (-8.940680e-03 1.844358e+00 1.904007e-01)) ((4.560261e+01 5.716188e-01 4.477410e-01) (-1.978346e-01 8.375029e-03 2.696957e-03))
503.95        	((6.347441e-01 1.664452e+03 2.466730e+02) (-7.889370e-03 1.827780e+00 1.898703e-01)) ((4.579758e+01 5.488848e-01 4.603833e-01) (-1.975510e-01 8.335983e-03 2.876447e-03))
503.96        	((5.644014e-01 1.662258e+03 2.467115e+02) (-8.791030e-03 1.803345e+00 1.885426e-01)) ((4.594249e+01 5.638989e-01 4.372301e-01) (-1.972842e-01 8.242641e-03 2.653764e-03))
503.97        	((4.111443e-01 1.660160e+03 2.468356e+02) (-7.765219e-03 1.784904e+00 1.874454e-01)) ((4.610043e+01 5.366471e-01 4.470200e-01) (-1.971775e-01 8.193961e-03 2.844504e-03))
503.98        	((3.492661e-01 1.659361e+03 2.472335e+02) (-8.683127e-03 1.748150e+00 1.826636e-01)) ((4.670909e+01 5.471977e-01 4.190221e-01) (-1.965556e-01 8.101440e-03 2.623149e-03))
503.99        	((1.997943e-01 1.658164e+03 2.475421e+02) (-7.773733e-03 1.722495e+00 1.796431e-01)) ((4.707015e+01 5.144860e-01 4.225185e-01) (-1.981442e-01 8.062648e-03 2.766830e-03))
504           	((1.408014e-01 1.654981e+03 2.473641e+02) (-8.734509e-03 1.706657e+00 1.787002e-01)) ((4.671960e+01 5.203136e-01 3.907545e-01) (-2.007717e-01 7.976691e-03 2.526462e-03))
504.01        	((-9.083965e-03 1.652322e+03 2.473132e+02) (-7.791260e-03 1.698396e+00 1.790634e-01)) ((4.661696e+01 4.844843e-01 3.947902e-01) (-2.025199e-01 7.921236e-03 2.683831e-03))
504.02        	((-5.648063e-02 1.649913e+03 2.473233e+02) (-8.682781e-03 1.694367e+00 1.810695e-01)) ((4.670374e+01 4.863792e-01 3.632636e-01) (-2.050473e-01 7.821444e-03 2.437676e-03))
504.03        	((-1.807983e-01 1.648109e+03 2.475233e+02) (-7.720310e-03 1.688964e+00 1.823084e-01)) ((4.700413e+01 4.463096e-01 3.651793e-01) (-2.062787e-01 7.750438e-03 2.595718e-03))
504.04        	((-2.242613e-01 1.647946e+03 2.480728e+02) (-8.542021e-03 1.673222e+00 1.813542e-01)) ((4.780450e+01 4.446742e-01 3.308894e-01) (-2.071034e-01 7.663144e-03 2.367696e-03))
504.05        	((-3.554194e-01 1.646914e+03 2.483848e+02) (-7.711635e-03 1.667835e+00 1.822586e-01)) ((4.819373e+01 4.014879e-01 3.290292e-01) (-2.092574e-01 7.595169e-03 2.496466e-03))
504.06        	((-4.048639e-01 1.643438e+03 2.480891e+02) (-8.513774e-03 1.670714e+00 1.848511e-01)) ((4.772132e+01 3.964314e-01 2.928660e-01) (-2.118290e-01 7.504679e-03 2.270728e-03))
504.07        	((-5.269854e-01 1.640045e+03 2.478636e+02) (-7.676819e-03 1.670134e+00 1.867443e-01)) ((4.735401e+01 3.514623e-01 2.915045e-01) (-2.134511e-01 7.414699e-03 2.414678e-03))
504.08        	((-5.565339e-01 1.639138e+03 2.481760e+02) (-8.363926e-03 1.665139e+00 1.871459e-01)) ((4.799897e+01 3.439538e-01 2.556130e-01) (-2.144201e-01 7.322255e-03 2.185395e-03))
504.09        	((-6.625592e-01 1.638492e+03 2.485673e+02) (-7.578811e-03 1.670238e+00 1.895687e-01)) ((4.860898e+01 2.973065e-01 2.524102e-01) (-2.158410e-01 7.229528e-03 2.298573e-03))
504.1         	((-7.037601e-01 1.635728e+03 2.484233e+02) (-8.266792e-03 1.682592e+00 1.935212e-01)) ((4.839844e+01 2.920374e-01 2.164655e-01) (-2.169235e-01 7.135028e-03 2.062244e-03))
504.11        	((-8.303357e-01 1.632743e+03 2.482387e+02) (-7.418550e-03 1.689385e+00 1.963880e-01)) ((4.813076e+01 2.493976e-01 2.157400e-01) (-2.166945e-01 7.029706e-03 2.191870e-03))
504.12        	((-8.709439e-01 1.631875e+03 2.484735e+02) (-8.050447e-03 1.689784e+00 1.973873e-01)) ((4.872194e+01 2.425302e-01 1.816193e-01) (-2.158195e-01 6.934346e-03 1.964483e-03))
504.13        	((-9.715036e-01 1.631035e+03 2.487279e+02) (-7.283652e-03 1.697580e+00 1.999504e-01)) ((4.920937e+01 1.952472e-01 1.766595e-01) (-2.152999e-01 6.833463e-03 2.073820e-03))
504.14        	((-9.976166e-01 1.628030e+03 2.484667e+02) (-7.943037e-03 1.710470e+00 2.036101e-01)) ((4.888142e+01 1.875064e-01 1.392957e-01) (-2.144234e-01 6.746284e-03 1.841628e-03))
504.15        	((-1.101284e+00 1.624960e+03 2.482167e+02) (-7.143752e-03 1.716255e+00 2.059595e-01)) ((4.857820e+01 1.457538e-01 1.364154e-01) (-2.122815e-01 6.649627e-03 1.970429e-03))
504.16        	((-1.129447e+00 1.624291e+03 2.484947e+02) (-7.778042e-03 1.715111e+00 2.063964e-01)) ((4.923262e+01 1.420518e-01 1.033376e-01) (-2.095914e-01 6.563748e-03 1.762837e-03))
504.17        	((-1.218366e+00 1.623662e+03 2.488146e+02) (-7.044722e-03 1.720100e+00 2.082614e-01)) ((4.978573e+01 1.027785e-01 9.966902e-02) (-2.073015e-01 6.462930e-03 1.865188e-03))
504.18        	((-1.233279e+00 1.620700e+03 2.485633e+02) (-7.652162e-03 1.728922e+00 2.109626e-01)) ((4.945403e+01 1.002517e-01 6.612744e-02) (-2.048071e-01 6.365067e-03 1.662772e-03))
504.19        	((-1.306270e+00 1.617586e+03 2.482863e+02) (-6.869996e-03 1.729659e+00 2.121026e-01)) ((4.910759e+01 6.769367e-02 6.054359e-02) (-2.012109e-01 6.258277e-03 1.759925e-03))
504.2         	((-1.299582e+00 1.616951e+03 2.485331e+02) (-7.416056e-03 1.723078e+00 2.112906e-01)) ((4.973156e+01 6.708253e-02 2.867562e-02) (-1.973336e-01 6.155899e-03 1.582359e-03))
504.21        	((-1.338099e+00 1.616385e+03 2.488515e+02) (-6.731417e-03 1.722207e+00 2.118796e-01)) ((5.027279e+01 3.930133e-02 1.968846e-02) (-1.940800e-01 6.056915e-03 1.642573e-03))
504.22        	((-1.317230e+00 1.613433e+03 2.485842e+02) (-7.260138e-03 1.724700e+00 2.133112e-01)) ((4.991644e+01 4.212113e-02 -9.850414e-03) (-1.909070e-01 5.934970e-03 1.480191e-03))
504.23        	((-1.350399e+00 1.610383e+03 2.483504e+02) (-6.522755e-03 1.719329e+00 2.131363e-01)) ((4.957134e+01 2.223494e-02 -1.739696e-02) (-1.867564e-01 5.828271e-03 1.556251e-03))
504.24        	((-1.325231e+00 1.610074e+03 2.487040e+02) (-6.912026e-03 1.706820e+00 2.111119e-01)) ((5.023947e+01 2.578766e-02 -4.206344e-02) (-1.826364e-01 5.696105e-03 1.466714e-03))
504.25        	((-1.334831e+00 1.609610e+03 2.490716e+02) (-6.273172e-03 1.700645e+00 2.107076e-01)) ((5.078784e+01 8.590094e-03 -5.200154e-02) (-1.793460e-01 5.592096e-03 1.542478e-03))
504.26        	((-1.300235e+00 1.606525e+03 2.487763e+02) (-6.648592e-03 1.697818e+00 2.112679e-01)) ((5.038316e+01 1.133477e-02 -7.668975e-02) (-1.763759e-01 5.448151e-03 1.478896e-03))
504.27        	((-1.314067e+00 1.603362e+03 2.485357e+02) (-5.944203e-03 1.692241e+00 2.111334e-01)) ((4.998838e+01 -5.159583e-03 -8.527018e-02) (-1.741761e-01 5.356531e-03 1.598237e-03))
504.28        	((-1.284062e+00 1.603098e+03 2.489427e+02) (-6.103867e-03 1.677336e+00 2.086843e-01)) ((5.063928e+01 -6.501234e-03 -1.046702e-01) (-1.703928e-01 5.227361e-03 1.598492e-03))
504.29        	((-1.278377e+00 1.602763e+03 2.493599e+02) (-5.567013e-03 1.668648e+00 2.080041e-01)) ((5.119458e+01 -2.327488e-02 -1.129656e-01) (-1.675600e-01 5.122897e-03 1.704529e-03))
504.3         	((-1.251935e+00 1.599822e+03 2.491255e+02) (-5.790801e-03 1.663563e+00 2.083786e-01)) ((5.081108e+01 -3.108147e-02 -1.270507e-01) (-1.649536e-01 5.008656e-03 1.769348e-03))
504.31        	((-1.262137e+00 1.596739e+03 2.488882e+02) (-5.260548e-03 1.656165e+00 2.080310e-01)) ((5.041958e+01 -5.042778e-02 -1.339164e-01) (-1.630867e-01 4.966192e-03 1.857181e-03))
504.32        	((-1.248121e+00 1.596549e+03 2.493128e+02) (-5.328640e-03 1.638581e+00 2.052748e-01)) ((5.107633e+01 -6.500115e-02 -1.443319e-01) (-1.597167e-01 4.859610e-03 1.886167e-03))
504.33        	((-1.250883e+00 1.596258e+03 2.497194e+02) (-4.951446e-03 1.627500e+00 2.043649e-01)) ((5.161429e+01 -8.751506e-02 -1.518675e-01) (-1.575285e-01 4.812455e-03 1.902868e-03))
504.34        	((-1.240463e+00 1.593328e+03 2.494657e+02) (-5.112572e-03 1.619930e+00 2.044139e-01)) ((5.120186e+01 -1.073605e-01 -1.590489e-01) (-1.555925e-01 4.706619e-03 1.878907e-03))
504.35        	((-1.256251e+00 1.590281e+03 2.491954e+02) (-4.754462e-03 1.610892e+00 2.039301e-01)) ((5.078700e+01 -1.330616e-01 -1.614166e-01) (-1.542520e-01 4.678605e-03 1.851741e-03))
504.36        	((-1.252776e+00 1.590169e+03 2.495947e+02) (-4.918315e-03 1.591047e+00 2.008961e-01)) ((5.143971e+01 -1.541898e-01 -1.636973e-01) (-1.515248e-01 4.568100e-03 1.782112e-03))
504.37        	((-1.260024e+00 1.590305e+03 2.500451e+02) (-4.621318e-03 1.577083e+00 1.989472e-01)) ((5.212826e+01 -1.789051e-01 -1.643548e-01) (-1.496988e-01 4.530832e-03 1.718910e-03))
504.38        	((-1.246684e+00 1.589030e+03 2.501338e+02) (-4.929717e-03 1.555802e+00 1.952128e-01)) ((5.220909e+01 -1.980721e-01 -1.660513e-01) (-1.474628e-01 4.415990e-03 1.630726e-03))
504.39        	((-1.254162e+00 1.586912e+03 2.500239e+02) (-4.654471e-03 1.542401e+00 1.929436e-01)) ((5.199711e+01 -2.189426e-01 -1.663137e-01) (-1.464860e-01 4.377316e-03 1.573841e-03))
504.4         	((-1.239728e+00 1.584778e+03 2.498708e+02) (-4.940815e-03 1.524689e+00 1.897515e-01)) ((5.183227e+01 -2.323365e-01 -1.701782e-01) (-1.460746e-01 4.260168e-03 1.478587e-03))
504.41        	((-1.232958e+00 1.583046e+03 2.498226e+02) (-4.733055e-03 1.514100e+00 1.881637e-01)) ((5.185052e+01 -2.464759e-01 -1.736309e-01) (-1.461034e-01 4.203988e-03 1.397704e-03))
504.42        	((-1.207405e+00 1.581705e+03 2.498500e+02) (-5.034117e-03 1.503484e+00 1.866807e-01)) ((5.201721e+01 -2.554851e-01 -1.780565e-01) (-1.465191e-01 4.074789e-03 1.292511e-03))
504.43        	((-1.202460e+00 1.580480e+03 2.499266e+02) (-4.770204e-03 1.498391e+00 1.862886e-01)) ((5.220004e+01 -2.671850e-01 -1.796698e-01) (-1.468276e-01 4.010461e-03 1.228741e-03))
504.44        	((-1.182584e+00 1.579202e+03 2.499545e+02) (-5.000124e-03 1.495866e+00 1.865931e-01)) ((5.232236e+01 -2.731727e-01 -1.836277e-01) (-1.477841e-01 3.883581e-03 1.136009e-03))
504.45        	((-1.179511e+00 1.577811e+03 2.499582e+02) (-4.707916e-03 1.495578e+00 1.873221e-01)) ((5.236711e+01 -2.806797e-01 -1.873338e-01) (-1.484244e-01 3.812017e-03 1.071603e-03))
504.46        	((-1.161327e+00 1.576384e+03 2.499163e+02) (-4.927522e-03 1.500350e+00 1.892426e-01)) ((5.238578e+01 -2.835331e-01 -1.939183e-01) (-1.498818e-01 3.671348e-03 9.710816e-04))
504.47        	((-1.165337e+00 1.574985e+03 2.498807e+02) (-4.606358e-03 1.504635e+00 1.909358e-01)) ((5.241685e+01 -2.904778e-01 -1.991147e-01) (-1.507968e-01 3.587706e-03 9.065089e-04))
504.48        	((-1.160588e+00 1.573652e+03 2.498074e+02) (-4.669860e-03 1.515652e+00 1.942238e-01)) ((5.248185e+01 -2.943649e-01 -2.059555e-01) (-1.523265e-01 3.442509e-03 8.133955e-04))
504.49        	((-1.172147e+00 1.572362e+03 2.497460e+02) (-4.310954e-03 1.523675e+00 1.968255e-01)) ((5.255672e+01 -3.011524e-01 -2.114116e-01) (-1.531200e-01 3.333431e-03 7.480201e-04))
504.5         	((-1.177000e+00 1.571078e+03 2.496486e+02) (-4.367257e-03 1.539839e+00 2.011284e-01)) ((5.261902e+01 -3.048716e-01 -2.180373e-01) (-1.543988e-01 3.162434e-03 6.634162e-04))
504.51        	((-1.205005e+00 1.569822e+03 2.495505e+02) (-4.018060e-03 1.550750e+00 2.042572e-01)) ((5.266896e+01 -3.127094e-01 -2.230484e-01) (-1.549483e-01 3.031639e-03 6.060928e-04))
504.52        	((-1.225925e+00 1.568636e+03 2.494185e+02) (-4.044353e-03 1.562243e+00 2.075210e-01)) ((5.272925e+01 -3.190166e-01 -2.291763e-01) (-1.553678e-01 2.861740e-03 5.332741e-04))
504.53        	((-1.265835e+00 1.567453e+03 2.492937e+02) (-3.654153e-03 1.574308e+00 2.108212e-01)) ((5.277396e+01 -3.303454e-01 -2.341003e-01) (-1.556928e-01 2.742869e-03 4.960447e-04))
504.54        	((-1.292467e+00 1.566277e+03 2.491410e+02) (-3.687174e-03 1.586846e+00 2.140843e-01)) ((5.281513e+01 -3.384223e-01 -2.415961e-01) (-1.558753e-01 2.568303e-03 4.240143e-04))
504.55        	((-1.334780e+00 1.565113e+03 2.490003e+02) (-3.417003e-03 1.599500e+00 2.173563e-01)) ((5.285247e+01 -3.499007e-01 -2.487471e-01) (-1.558612e-01 2.417670e-03 3.689935e-04))
504.56        	((-1.376507e+00 1.563956e+03 2.488301e+02) (-3.343134e-03 1.612011e+00 2.205409e-01)) ((5.288763e+01 -3.609427e-01 -2.567103e-01) (-1.556921e-01 2.248025e-03 3.054977e-04))
504.57        	((-1.417911e+00 1.562845e+03 2.487019e+02) (-3.159165e-03 1.624598e+00 2.236311e-01)) ((5.292401e+01 -3.739404e-01 -2.645597e-01) (-1.553725e-01 2.089001e-03 2.545529e-04))
504.58        	((-1.461535e+00 1.561793e+03 2.485548e+02) (-3.034811e-03 1.636818e+00 2.265717e-01)) ((5.297284e+01 -3.873761e-01 -2.727296e-01) (-1.548317e-01 1.906254e-03 1.830112e-04))
504.59        	((-1.501954e+00 1.560760e+03 2.484369e+02) (-2.809640e-03 1.648772e+00 2.293461e-01)) ((5.301495e+01 -4.038176e-01 -2.806204e-01) (-1.541050e-01 1.720738e-03 1.139385e-04))
504.6         	((-1.541637e+00 1.559744e+03 2.483010e+02) (-2.652399e-03 1.660123e+00 2.319212e-01)) ((5.305438e+01 -4.210065e-01 -2.885535e-01) (-1.531992e-01 1.522752e-03 4.437743e-05))
504.61        	((-1.574132e+00 1.558735e+03 2.482009e+02) (-2.431691e-03 1.670915e+00 2.343192e-01)) ((5.308302e+01 -4.398834e-01 -2.973757e-01) (-1.520943e-01 1.314041e-03 -3.750732e-05))
504.62        	((-1.606351e+00 1.557752e+03 2.480862e+02) (-2.225694e-03 1.680828e+00 2.365034e-01)) ((5.311289e+01 -4.594828e-01 -3.068664e-01) (-1.507866e-01 1.095747e-03 -1.236525e-04))
504.63        	((-1.628908e+00 1.556788e+03 2.480095e+02) (-1.996816e-03 1.689899e+00 2.384811e-01)) ((5.313697e+01 -4.802921e-01 -3.164601e-01) (-1.492979e-01 8.796172e-04 -2.020174e-04))
504.64        	((-1.649607e+00 1.555859e+03 2.479200e+02) (-1.761984e-03 1.697969e+00 2.402091e-01)) ((5.316265e+01 -5.014204e-01 -3.248085e-01) (-1.476289e-01 6.706969e-04 -2.567945e-04))
504.65        	((-1.662918e+00 1.554950e+03 2.478675e+02) (-1.385513e-03 1.705155e+00 2.418027e-01)) ((5.318056e+01 -5.225496e-01 -3.317493e-01) (-1.457337e-01 4.678799e-04 -3.383227e-04))
504.66        	((-1.682092e+00 1.554066e+03 2.478015e+02) (-8.935353e-04 1.711391e+00 2.431143e-01)) ((5.319885e+01 -5.433351e-01 -3.365212e-01) (-1.436384e-01 2.389122e-04 -4.445067e-04))
504.67        	((-1.694963e+00 1.553198e+03 2.477737e+02) (-4.110665e-04 1.716572e+00 2.441004e-01)) ((5.321064e+01 -5.641792e-01 -3.398450e-01) (-1.413966e-01 2.102674e-06 -5.319772e-04))
504.68        	((-1.709725e+00 1.552355e+03 2.477260e+02) (9.721089e-05 1.720614e+00 2.448999e-01)) ((5.322556e+01 -5.842865e-01 -3.419956e-01) (-1.389743e-01 -2.291542e-04 -6.225542e-04))
504.69        	((-1.717480e+00 1.551534e+03 2.477141e+02) (5.640233e-04 1.723532e+00 2.454591e-01)) ((5.323530e+01 -6.043417e-01 -3.437718e-01) (-1.364164e-01 -4.548730e-04 -6.987865e-04))
504.7         	((-1.734293e+00 1.550757e+03 2.476927e+02) (1.118865e-03 1.725363e+00 2.455829e-01)) ((5.324738e+01 -6.249468e-01 -3.440836e-01) (-1.322511e-01 -6.906286e-04 -7.662638e-04))
504.71        	((-1.752621e+00 1.550006e+03 2.477106e+02) (1.524805e-03 1.725614e+00 2.456461e-01)) ((5.325350e+01 -6.457248e-01 -3.443095e-01) (-1.294453e-01 -8.946826e-04 -8.238871e-04))
504.72        	((-1.786446e+00 1.549290e+03 2.477143e+02) (1.934509e-03 1.724716e+00 2.455238e-01)) ((5.326157e+01 -6.671638e-01 -3.429543e-01) (-1.265375e-01 -1.087262e-03 -8.668189e-04))
504.73        	((-1.822275e+00 1.548591e+03 2.477497e+02) (2.261924e-03 1.722709e+00 2.451822e-01)) ((5.326293e+01 -6.869129e-01 -3.426337e-01) (-1.235760e-01 -1.262626e-03 -9.071505e-04))
504.74        	((-1.874500e+00 1.547927e+03 2.477696e+02) (2.671025e-03 1.717368e+00 2.440644e-01)) ((5.326906e+01 -7.069982e-01 -3.407424e-01) (-1.190012e-01 -1.449182e-03 -9.207730e-04))
504.75        	((-1.926855e+00 1.547281e+03 2.478198e+02) (2.914558e-03 1.713102e+00 2.433900e-01)) ((5.327081e+01 -7.235757e-01 -3.412089e-01) (-1.159900e-01 -1.592015e-03 -9.506625e-04))
504.76        	((-1.998633e+00 1.546679e+03 2.478612e+02) (3.209652e-03 1.707974e+00 2.426043e-01)) ((5.327910e+01 -7.422797e-01 -3.388599e-01) (-1.129882e-01 -1.724173e-03 -9.422214e-04))
504.77        	((-2.069032e+00 1.546096e+03 2.479287e+02) (3.369709e-03 1.701968e+00 2.416788e-01)) ((5.328150e+01 -7.551538e-01 -3.409150e-01) (-1.100775e-01 -1.831416e-03 -9.842709e-04))
504.78        	((-2.165249e+00 1.545561e+03 2.479909e+02) (3.654666e-03 1.695354e+00 2.406569e-01)) ((5.329219e+01 -7.739717e-01 -3.368924e-01) (-1.072042e-01 -1.943165e-03 -9.551331e-04))
504.79        	((-2.253747e+00 1.545040e+03 2.480710e+02) (3.710945e-03 1.687999e+00 2.395524e-01)) ((5.329611e+01 -7.830327e-01 -3.400468e-01) (-1.044855e-01 -2.018072e-03 -1.014838e-03))
504.8         	((-2.373944e+00 1.544562e+03 2.481476e+02) (3.998145e-03 1.680319e+00 2.383842e-01)) ((5.330836e+01 -8.029235e-01 -3.331392e-01) (-1.018279e-01 -2.110210e-03 -9.559247e-04))
504.81        	((-2.478874e+00 1.544089e+03 2.482308e+02) (3.959720e-03 1.672055e+00 2.371868e-01)) ((5.331006e+01 -8.085901e-01 -3.371523e-01) (-9.938072e-02 -2.158027e-03 -1.021724e-03))
504.82        	((-2.617358e+00 1.543665e+03 2.483200e+02) (4.229923e-03 1.663697e+00 2.359708e-01)) ((5.332245e+01 -8.288255e-01 -3.288600e-01) (-9.701551e-02 -2.226109e-03 -9.408514e-04))
504.83        	((-2.731859e+00 1.543242e+03 2.484100e+02) (4.091394e-03 1.654870e+00 2.347515e-01)) ((5.332275e+01 -8.317481e-01 -3.341204e-01) (-9.491258e-02 -2.252163e-03 -1.004507e-03))
504.84        	((-2.881759e+00 1.542871e+03 2.485142e+02) (4.336533e-03 1.646164e+00 2.335642e-01)) ((5.333694e+01 -8.532420e-01 -3.241663e-01) (-9.289343e-02 -2.291482e-03 -9.003178e-04))
504.85        	((-2.998968e+00 1.542494e+03 2.486100e+02) (4.096028e-03 1.637055e+00 2.323757e-01)) ((5.333713e+01 -8.543692e-01 -3.297115e-01) (-9.117861e-02 -2.293083e-03 -9.685729e-04))
504.86        	((-3.152651e+00 1.542172e+03 2.487297e+02) (4.313897e-03 1.628234e+00 2.312333e-01)) ((5.335364e+01 -8.779885e-01 -3.168042e-01) (-8.953710e-02 -2.314818e-03 -8.305759e-04))
504.87        	((-3.263515e+00 1.541837e+03 2.488285e+02) (3.974529e-03 1.619051e+00 2.301777e-01)) ((5.335383e+01 -8.773787e-01 -3.228180e-01) (-8.821231e-02 -2.274492e-03 -9.141892e-04))
504.88        	((-3.411897e+00 1.541531e+03 2.489542e+02) (4.177499e-03 1.610335e+00 2.290899e-01)) ((5.336226e+01 -9.033898e-01 -3.067178e-01) (-8.695093e-02 -2.288308e-03 -7.502040e-04))
504.89        	((-3.506997e+00 1.541223e+03 2.490515e+02) (3.732932e-03 1.601216e+00 2.281397e-01)) ((5.335855e+01 -9.006884e-01 -3.129757e-01) (-8.601214e-02 -2.211077e-03 -8.572381e-04))
504.9         	((-3.642967e+00 1.540994e+03 2.491955e+02) (3.947769e-03 1.592656e+00 2.271070e-01)) ((5.338384e+01 -9.285850e-01 -2.930356e-01) (-8.509032e-02 -2.221657e-03 -6.633190e-04))
504.91        	((-3.716449e+00 1.540755e+03 2.493003e+02) (3.420646e-03 1.583569e+00 2.262319e-01)) ((5.339184e+01 -9.231731e-01 -2.990766e-01) (-8.448992e-02 -2.118182e-03 -7.986659e-04))
504.92        	((-3.834119e+00 1.540571e+03 2.494511e+02) (3.662902e-03 1.575107e+00 2.252239e-01)) ((5.341837e+01 -9.521554e-01 -2.753904e-01) (-8.384503e-02 -2.125337e-03 -5.739603e-04))
504.93        	((-3.880956e+00 1.540357e+03 2.495523e+02) (3.062097e-03 1.565926e+00 2.243397e-01)) ((5.341976e+01 -9.438678e-01 -2.809211e-01) (-8.354141e-02 -1.991880e-03 -7.427243e-04))
504.94        	((-3.974814e+00 1.540203e+03 2.497016e+02) (3.307239e-03 1.557392e+00 2.233004e-01)) ((5.344272e+01 -9.728683e-01 -2.539483e-01) (-8.314700e-02 -1.993965e-03 -4.844319e-04))
504.95        	((-3.992445e+00 1.540026e+03 2.498001e+02) (2.645432e-03 1.547941e+00 2.223883e-01)) ((5.344424e+01 -9.620656e-01 -2.593712e-01) (-8.311396e-02 -1.811657e-03 -6.651738e-04))
504.96        	((-4.059475e+00 1.539914e+03 2.499445e+02) (2.888916e-03 1.539244e+00 2.212985e-01)) ((5.347023e+01 -9.903540e-01 -2.301264e-01) (-8.291230e-02 -1.803202e-03 -3.847172e-04))
504.97        	((-4.046559e+00 1.539779e+03 2.500476e+02) (2.179897e-03 1.529544e+00 2.202334e-01)) ((5.347527e+01 -9.772568e-01 -2.342586e-01) (-8.308254e-02 -1.594855e-03 -6.031546e-04))
504.98        	((-4.082262e+00 1.539703e+03 2.501948e+02) (2.467345e-03 1.520493e+00 2.190967e-01)) ((5.350109e+01 -1.003273e+00 -2.021407e-01) (-8.306944e-02 -1.594243e-03 -2.496585e-04))
504.99        	((-4.037293e+00 1.539598e+03 2.503154e+02) (1.766186e-03 1.510404e+00 2.179539e-01)) ((5.350533e+01 -9.856995e-01 -2.030254e-01) (-8.340849e-02 -1.394961e-03 -4.208261e-04))
505           	((-4.048570e+00 1.539553e+03 2.504669e+02) (2.089743e-03 1.501038e+00 2.167378e-01)) ((5.353062e+01 -1.006187e+00 -1.678088e-01) (-8.352892e-02 -1.414908e-03 -7.843284e-05))
