# Forces      
# CofR        : (0.000000e+00 0.000000e+00 0.000000e+00)
# Time        forces(pressure viscous)	moments(pressure viscous)
500           	((-5.589003e-01 5.361657e+03 6.105113e+03) (-1.128197e-04 3.949676e+00 1.623692e-01)) ((1.569653e+03 1.828665e-01 -1.125028e-01) (1.598857e-01 2.487518e-06 7.625099e-06))
500.01        	((5.741701e+00 4.216578e+03 4.739297e+03) (-1.408536e-03 3.195559e+00 2.625361e-01)) ((9.830998e+02 8.753444e-02 -5.529217e-01) (2.651853e-02 -4.224652e-05 1.353629e-03))
500.02        	((9.462464e+00 9.102211e+02 1.109042e+02) (-1.017522e-03 2.488728e+00 3.153750e-01)) ((-3.106746e+02 1.432595e-01 -7.159018e-01) (-6.757414e-02 6.521225e-05 2.293972e-03))
500.03        	((5.179128e+00 -1.323213e+03 -2.513646e+03) (1.211531e-03 2.424869e+00 2.394709e-01)) ((-9.935992e+02 4.309399e-01 1.157571e-01) (-1.068483e-01 8.861899e-05 1.987981e-03))
500.04        	((-3.637520e+00 -1.307741e+03 -1.678735e+03) (-1.285708e-03 3.085260e+00 2.454570e-01)) ((-6.867815e+02 9.744404e-01 1.438850e+00) (-3.893469e-02 1.141636e-03 1.780311e-03))
500.05        	((-6.290342e+00 -5.937793e+01 5.901803e+02) (-2.958862e-03 4.036718e+00 5.396781e-01)) ((1.307586e+01 1.101195e+00 1.845923e+00) (1.448795e-01 1.573123e-03 8.503081e-04))
500.06        	((-1.327012e+00 1.071216e+03 2.239397e+03) (2.232634e-03 4.592814e+00 8.508735e-01)) ((4.266177e+02 3.663203e-01 7.604605e-01) (2.054686e-01 1.167739e-04 -2.796297e-03))
500.07        	((5.518880e+00 1.327757e+03 2.033942e+03) (5.863459e-03 4.574569e+00 1.038092e+00)) ((2.790517e+02 -4.015792e-01 -6.496036e-01) (1.041147e-01 -5.267027e-03 5.382353e-04))
500.08        	((7.464708e+00 9.008576e+02 8.369391e+02) (3.001500e-03 4.421527e+00 1.166848e+00)) ((-1.260305e+02 -4.197737e-01 -9.055178e-01) (-2.084434e-02 -1.194826e-03 -1.782890e-03))
500.09        	((3.369552e+00 3.857574e+02 5.769703e+01) (3.872711e-03 4.343622e+00 1.207959e+00)) ((-3.635558e+02 4.612441e-01 1.712154e-01) (-1.269820e-01 2.654512e-04 -3.520521e-03))
500.1         	((-2.233346e+00 1.633067e+02 1.886502e+02) (4.566475e-03 4.490118e+00 1.309954e+00)) ((-2.973809e+02 1.422691e+00 1.621144e+00) (-1.228452e-01 5.133619e-04 -3.678987e-03))
500.11        	((-3.759206e+00 2.525355e+02 7.744075e+02) (6.421733e-03 4.816945e+00 1.577158e+00)) ((-9.072062e+01 1.529201e+00 1.569757e+00) (-3.677554e-02 -4.469718e-04 -4.640113e-03))
500.12        	((-1.369679e+00 4.612084e+02 1.181170e+03) (3.749543e-03 5.122725e+00 1.916681e+00)) ((4.225037e+01 7.422190e-01 2.902492e-01) (3.990375e-02 -1.126571e-03 -3.076988e-03))
500.13        	((1.696340e+00 6.244117e+02 1.190507e+03) (4.552674e-03 5.290097e+00 2.189310e+00)) ((2.546854e+01 -3.772901e-02 -9.309520e-01) (4.314713e-02 -7.492278e-04 -3.007787e-03))
500.14        	((2.359985e+00 6.728821e+02 9.840711e+02) (3.049599e-03 5.390415e+00 2.364469e+00)) ((-7.648428e+01 -1.648412e-01 -1.112589e+00) (2.857664e-03 -1.736684e-03 -3.511791e-03))
500.15        	((7.991901e-01 6.456761e+02 8.391604e+02) (3.437589e-03 5.482688e+00 2.485509e+00)) ((-1.571497e+02 2.656146e-01 -3.235374e-01) (-5.030385e-02 5.242757e-04 -3.249487e-03))
500.16        	((-1.274007e+00 6.099995e+02 8.549476e+02) (4.273764e-03 5.612395e+00 2.628986e+00)) ((-1.649114e+02 7.152343e-01 5.216471e-01) (-6.959259e-02 -2.077450e-04 -3.528472e-03))
500.17        	((-1.986044e+00 6.075903e+02 9.404341e+02) (3.622450e-03 5.779499e+00 2.814398e+00)) ((-1.246133e+02 8.109704e-01 7.231574e-01) (-4.620834e-02 -4.957465e-04 -2.981921e-03))
500.18        	((-9.725355e-01 6.438176e+02 9.794383e+02) (3.842216e-03 5.936160e+00 3.000564e+00)) ((-8.830278e+01 5.261455e-01 1.463543e-01) (-1.451872e-02 -8.436365e-04 -3.007394e-03))
500.19        	((4.265238e-01 7.051019e+02 9.543304e+02) (5.062968e-03 6.066224e+00 3.138532e+00)) ((-8.562101e+01 1.602097e-01 -6.009949e-01) (4.153048e-04 -1.169302e-03 -3.560021e-03))
500.2         	((9.516466e-01 7.740400e+02 9.218599e+02) (6.560449e-03 6.187230e+00 3.223230e+00)) ((-1.115953e+02 -2.617642e-02 -9.443700e-01) (-5.648486e-03 -1.291587e-03 -4.362611e-03))
500.21        	((4.396742e-01 8.357468e+02 9.282589e+02) (5.788644e-03 6.316202e+00 3.287444e+00)) ((-1.422927e+02 4.998494e-02 -7.668747e-01) (-1.916458e-02 -1.732377e-03 -2.936639e-03))
500.22        	((-4.389455e-01 8.801268e+02 9.608060e+02) (5.363438e-03 6.469694e+00 3.366512e+00)) ((-1.589438e+02 2.524583e-01 -3.851640e-01) (-3.204654e-02 -1.466012e-03 -3.004369e-03))
500.23        	((-9.231587e-01 9.052844e+02 9.712831e+02) (5.098811e-03 6.643633e+00 3.464441e+00)) ((-1.602747e+02 4.011383e-01 -1.779671e-01) (-3.881441e-02 -1.240828e-03 -2.754229e-03))
500.24        	((-7.717863e-01 9.202527e+02 9.348157e+02) (5.313013e-03 6.825331e+00 3.555026e+00)) ((-1.566297e+02 4.037239e-01 -2.597559e-01) (-4.368756e-02 -1.046481e-03 -3.239152e-03))
500.25        	((-2.661066e-01 9.411921e+02 8.754600e+02) (4.952182e-03 7.006136e+00 3.616426e+00)) ((-1.574365e+02 3.063180e-01 -4.631272e-01) (-4.695319e-02 -8.533397e-04 -2.938805e-03))
500.26        	((1.018348e-01 9.790936e+02 8.360220e+02) (5.184772e-03 7.192697e+00 3.650275e+00)) ((-1.647878e+02 2.209042e-01 -5.680663e-01) (-5.150969e-02 -5.265055e-04 -2.764095e-03))
500.27        	((2.742189e-01 1.030925e+03 8.359305e+02) (4.522455e-03 7.396751e+00 3.677267e+00)) ((-1.747476e+02 2.516810e-01 -4.168151e-01) (-5.966005e-02 -9.332358e-04 -2.610950e-03))
500.28        	((2.054976e-01 1.081199e+03 8.566010e+02) (4.350831e-03 7.621374e+00 3.716405e+00)) ((-1.829730e+02 3.866226e-01 -1.386340e-01) (-6.740767e-02 -1.130304e-03 -2.371362e-03))
500.29        	((1.622199e-01 1.115521e+03 8.644943e+02) (3.714082e-03 7.869874e+00 3.773866e+00)) ((-1.883484e+02 5.483403e-01 1.223310e-01) (-7.567445e-02 -1.075975e-03 -1.684683e-03))
500.3         	((2.982888e-01 1.131737e+03 8.426514e+02) (4.114643e-03 8.137470e+00 3.837183e+00)) ((-1.924818e+02 6.671724e-01 3.000145e-01) (-8.627140e-02 -9.084661e-04 -1.567101e-03))
500.31        	((6.742858e-01 1.139298e+03 8.000821e+02) (4.084980e-03 8.413336e+00 3.889677e+00)) ((-1.974982e+02 7.573936e-01 4.892042e-01) (-9.950403e-02 -1.042059e-03 -1.447881e-03))
500.32        	((1.113729e+00 1.150103e+03 7.593974e+02) (4.711282e-03 8.695920e+00 3.926848e+00)) ((-2.038710e+02 7.932120e-01 6.524820e-01) (-1.158424e-01 -8.542754e-04 -1.008075e-03))
500.33        	((1.534660e+00 1.169029e+03 7.368983e+02) (5.566640e-03 9.007759e+00 3.966090e+00)) ((-2.104767e+02 8.025942e-01 8.514078e-01) (-1.373665e-01 -8.558257e-04 -6.076792e-04))
500.34        	((1.805337e+00 1.191656e+03 7.329135e+02) (6.163291e-03 9.334625e+00 4.011447e+00)) ((-2.159778e+02 8.131136e-01 1.082917e+00) (-1.592090e-01 -9.173300e-04 -2.801640e-04))
500.35        	((1.860041e+00 1.210506e+03 7.378978e+02) (7.070244e-03 9.673601e+00 4.067339e+00)) ((-2.200278e+02 8.307552e-01 1.285848e+00) (-1.800340e-01 -7.421635e-04 -1.207903e-04))
500.36        	((1.737801e+00 1.221743e+03 7.420044e+02) (7.886875e-03 1.002388e+01 4.133465e+00)) ((-2.233862e+02 8.418387e-01 1.385680e+00) (-2.012212e-01 -7.377792e-04 4.036526e-04))
500.37        	((1.553812e+00 1.226436e+03 7.407107e+02) (8.634482e-03 1.037446e+01 4.199715e+00)) ((-2.272952e+02 8.328670e-01 1.406969e+00) (-2.223185e-01 -7.337072e-04 3.471893e-04))
500.38        	((1.376698e+00 1.227856e+03 7.347735e+02) (8.983282e-03 1.072041e+01 4.262199e+00)) ((-2.324725e+02 7.860725e-01 1.349865e+00) (-2.430985e-01 -8.927611e-04 6.509022e-04))
500.39        	((1.131366e+00 1.227436e+03 7.273568e+02) (9.545004e-03 1.105485e+01 4.318893e+00)) ((-2.386156e+02 7.134720e-01 1.224796e+00) (-2.606733e-01 -8.730495e-04 8.384600e-04))
500.4         	((7.927064e-01 1.224757e+03 7.215480e+02) (9.211561e-03 1.137703e+01 4.374084e+00)) ((-2.445936e+02 6.351450e-01 1.063260e+00) (-2.743881e-01 -1.124604e-03 3.063728e-04))
500.41        	((2.918154e-01 1.218600e+03 7.185438e+02) (1.016078e-02 1.168430e+01 4.430515e+00)) ((-2.494213e+02 5.587503e-01 8.574665e-01) (-2.840253e-01 -7.689102e-04 7.458446e-04))
500.42        	((-3.231150e-01 1.208800e+03 7.178928e+02) (8.867074e-03 1.197263e+01 4.486378e+00)) ((-2.530454e+02 4.980169e-01 6.480777e-01) (-2.890352e-01 -1.450755e-03 -5.560079e-04))
500.43        	((-1.046715e+00 1.196459e+03 7.184470e+02) (1.071873e-02 1.223911e+01 4.540023e+00)) ((-2.561700e+02 4.246329e-01 3.713977e-01) (-2.927704e-01 -9.813240e-04 -6.480807e-04))
500.44        	((-1.644108e+00 1.183441e+03 7.200010e+02) (7.674651e-03 1.247268e+01 4.583006e+00)) ((-2.595426e+02 3.784180e-01 1.747087e-01) (-2.895710e-01 -1.744188e-03 -1.409269e-03))
500.45        	((-2.188826e+00 1.172895e+03 7.264295e+02) (8.229343e-03 1.267841e+01 4.620417e+00)) ((-2.626033e+02 3.278616e-01 -4.936475e-02) (-2.871076e-01 -9.637001e-04 -1.035623e-03))
500.46        	((-2.744262e+00 1.165898e+03 7.401044e+02) (9.643120e-03 1.284602e+01 4.646796e+00)) ((-2.644785e+02 2.595526e-01 -3.061746e-01) (-2.760023e-01 4.780876e-05 -1.099087e-04))
500.47        	((-3.132374e+00 1.164706e+03 7.665621e+02) (6.368463e-03 1.298368e+01 4.670330e+00)) ((-2.634801e+02 2.448179e-01 -4.166596e-01) (-2.617647e-01 -1.093157e-03 -1.909563e-03))
500.48        	((-3.492568e+00 1.169380e+03 8.059650e+02) (6.568289e-03 1.309257e+01 4.691741e+00)) ((-2.593121e+02 2.319930e-01 -5.562413e-01) (-2.425847e-01 -6.260584e-04 -2.024854e-03))
500.49        	((-3.801783e+00 1.175247e+03 8.468104e+02) (7.165727e-03 1.317387e+01 4.710761e+00)) ((-2.544876e+02 2.120160e-01 -7.118551e-01) (-2.181443e-01 1.937914e-05 -1.914313e-03))
500.5         	((-3.944328e+00 1.183940e+03 8.908141e+02) (5.103840e-03 1.323047e+01 4.725902e+00)) ((-2.493290e+02 2.202096e-01 -7.521134e-01) (-1.901252e-01 -5.449315e-04 -2.951357e-03))
500.51        	((-4.061658e+00 1.193317e+03 9.319090e+02) (4.875172e-03 1.326295e+01 4.736877e+00)) ((-2.454869e+02 2.223400e-01 -7.950918e-01) (-1.611922e-01 -1.122717e-04 -2.328187e-03))
500.52        	((-4.160089e+00 1.205987e+03 9.781642e+02) (5.274435e-03 1.327229e+01 4.742871e+00)) ((-2.418073e+02 2.275154e-01 -8.052722e-01) (-1.300695e-01 3.493098e-04 -1.920444e-03))
500.53        	((-4.114078e+00 1.217075e+03 1.016936e+03) (3.696477e-03 1.326516e+01 4.749400e+00)) ((-2.402318e+02 2.529242e-01 -7.271527e-01) (-1.000977e-01 -7.005922e-05 -2.531909e-03))
500.54        	((-4.035598e+00 1.223203e+03 1.041441e+03) (3.920390e-03 1.324430e+01 4.754670e+00)) ((-2.415438e+02 2.792649e-01 -6.557544e-01) (-7.044752e-02 2.454316e-04 -1.979901e-03))
500.55        	((-3.953824e+00 1.225574e+03 1.056102e+03) (5.902311e-03 1.321013e+01 4.755117e+00)) ((-2.445212e+02 3.071652e-01 -5.913381e-01) (-4.039341e-02 1.358988e-03 -1.960550e-05))
500.56        	((-3.777792e+00 1.227825e+03 1.069439e+03) (2.747503e-03 1.316671e+01 4.757438e+00)) ((-2.473058e+02 3.462369e-01 -4.780127e-01) (-1.629988e-02 1.979879e-04 -1.710280e-03))
500.57        	((-3.502039e+00 1.232353e+03 1.086298e+03) (1.669182e-03 1.311752e+01 4.757579e+00)) ((-2.489500e+02 3.871407e-01 -3.616526e-01) (5.928435e-03 -1.133100e-04 -1.785996e-03))
500.58        	((-3.163644e+00 1.239866e+03 1.107098e+03) (1.399869e-03 1.306429e+01 4.758806e+00)) ((-2.495920e+02 4.367005e-01 -2.243104e-01) (2.590165e-02 -1.169333e-04 -1.227259e-03))
500.59        	((-2.856573e+00 1.249957e+03 1.130465e+03) (1.264802e-03 1.300935e+01 4.761804e+00)) ((-2.497609e+02 4.857075e-01 -1.067969e-01) (4.405541e-02 -7.731389e-05 -7.833064e-04))
500.6         	((-2.606690e+00 1.265855e+03 1.163418e+03) (8.452739e-04 1.295488e+01 4.768302e+00)) ((-2.482580e+02 5.353232e-01 -1.825022e-02) (6.053076e-02 -7.609555e-05 -4.534132e-04))
500.61        	((-2.410281e+00 1.282409e+03 1.195236e+03) (7.162892e-04 1.290308e+01 4.779193e+00)) ((-2.472973e+02 5.831896e-01 5.773157e-02) (7.596571e-02 -5.459626e-05 -4.021014e-04))
500.62        	((-2.244326e+00 1.297668e+03 1.222134e+03) (6.541095e-04 1.285556e+01 4.794508e+00)) ((-2.475079e+02 6.211313e-01 1.292213e-01) (8.993014e-02 8.791092e-07 -4.278059e-04))
500.63        	((-2.103335e+00 1.312019e+03 1.245390e+03) (7.643953e-04 1.281293e+01 4.813193e+00)) ((-2.483629e+02 6.455289e-01 1.873342e-01) (1.024622e-01 3.586587e-05 -4.047134e-04))
500.64        	((-1.978925e+00 1.326126e+03 1.266751e+03) (8.284853e-04 1.277579e+01 4.834855e+00)) ((-2.493313e+02 6.585655e-01 2.254747e-01) (1.135410e-01 7.035992e-05 -3.107858e-04))
500.65        	((-1.871482e+00 1.340516e+03 1.286924e+03) (1.226956e-03 1.274455e+01 4.859502e+00)) ((-2.501971e+02 6.640133e-01 2.400216e-01) (1.232901e-01 6.188319e-05 -3.931704e-04))
500.66        	((-1.780792e+00 1.355603e+03 1.307643e+03) (1.607548e-03 1.271997e+01 4.887701e+00)) ((-2.507079e+02 6.608183e-01 2.281647e-01) (1.320701e-01 6.929695e-06 -4.292311e-04))
500.67        	((-1.703851e+00 1.371543e+03 1.329730e+03) (1.871420e-03 1.270209e+01 4.919719e+00)) ((-2.508476e+02 6.516426e-01 1.963471e-01) (1.399581e-01 -2.887900e-05 -4.560028e-04))
500.68        	((-1.631054e+00 1.388204e+03 1.352909e+03) (2.059042e-03 1.269104e+01 4.955846e+00)) ((-2.508224e+02 6.404270e-01 1.538806e-01) (1.469899e-01 -8.676769e-05 -4.897298e-04))
500.69        	((-1.604182e+00 1.405206e+03 1.375998e+03) (2.314085e-03 1.268706e+01 4.996094e+00)) ((-2.509022e+02 6.335206e-01 1.123605e-01) (1.532985e-01 -1.531736e-04 -6.417268e-04))
500.7         	((-1.617963e+00 1.421870e+03 1.396645e+03) (2.549189e-03 1.268977e+01 5.039701e+00)) ((-2.514050e+02 6.305419e-01 7.229143e-02) (1.591497e-01 -1.880799e-04 -8.138771e-04))
500.71        	((-1.595728e+00 1.437888e+03 1.414192e+03) (2.730283e-03 1.269910e+01 5.086170e+00)) ((-2.523243e+02 6.299380e-01 3.590258e-02) (1.644221e-01 -2.355401e-04 -9.741621e-04))
500.72        	((-1.554614e+00 1.453411e+03 1.430495e+03) (3.035116e-03 1.271430e+01 5.134394e+00)) ((-2.533092e+02 6.344859e-01 8.854052e-03) (1.695158e-01 -3.177771e-04 -1.286218e-03))
500.73        	((-1.578759e+00 1.468720e+03 1.447449e+03) (3.495499e-03 1.273525e+01 5.184763e+00)) ((-2.540739e+02 6.475172e-01 -3.159639e-03) (1.741771e-01 -3.738520e-04 -1.683896e-03))
500.74        	((-1.664324e+00 1.483856e+03 1.465201e+03) (3.738618e-03 1.276138e+01 5.237112e+00)) ((-2.546693e+02 6.671697e-01 2.223393e-03) (1.790337e-01 -4.028315e-04 -1.904888e-03))
500.75        	((-1.752311e+00 1.498686e+03 1.482605e+03) (3.893981e-03 1.279268e+01 5.291884e+00)) ((-2.553271e+02 6.848704e-01 1.305853e-02) (1.836693e-01 -4.000062e-04 -1.972992e-03))
500.76        	((-1.802651e+00 1.513000e+03 1.498696e+03) (4.024249e-03 1.282847e+01 5.348570e+00)) ((-2.562113e+02 6.995010e-01 2.589914e-02) (1.882850e-01 -4.153346e-04 -2.019095e-03))
500.77        	((-1.828219e+00 1.526615e+03 1.513381e+03) (4.149777e-03 1.286839e+01 5.406385e+00)) ((-2.572962e+02 7.155505e-01 4.081327e-02) (1.927103e-01 -4.060775e-04 -2.069019e-03))
500.78        	((-1.856465e+00 1.539533e+03 1.527065e+03) (4.250109e-03 1.291107e+01 5.465019e+00)) ((-2.584703e+02 7.376472e-01 6.279615e-02) (1.971878e-01 -3.882596e-04 -2.110079e-03))
500.79        	((-1.904788e+00 1.551792e+03 1.540126e+03) (4.383280e-03 1.295667e+01 5.524296e+00)) ((-2.596521e+02 7.632581e-01 8.916236e-02) (2.015739e-01 -3.480525e-04 -2.153288e-03))
500.8         	((-1.971615e+00 1.563493e+03 1.552681e+03) (4.534013e-03 1.300500e+01 5.584183e+00)) ((-2.608477e+02 7.853388e-01 1.077616e-01) (2.057267e-01 -2.799991e-04 -2.168809e-03))
500.81        	((-2.050024e+00 1.574675e+03 1.564713e+03) (4.788939e-03 1.305531e+01 5.644156e+00)) ((-2.620876e+02 7.925622e-01 1.021436e-01) (2.101422e-01 -1.752810e-04 -2.141140e-03))
500.82        	((-2.137725e+00 1.585360e+03 1.576255e+03) (5.086383e-03 1.310713e+01 5.704224e+00)) ((-2.633573e+02 7.851646e-01 6.808281e-02) (2.147201e-01 -8.173218e-05 -2.193614e-03))
500.83        	((-2.242865e+00 1.595523e+03 1.587347e+03) (5.383231e-03 1.316043e+01 5.764285e+00)) ((-2.646193e+02 7.694472e-01 1.970595e-02) (2.192790e-01 -6.300631e-06 -2.213191e-03))
500.84        	((-2.361047e+00 1.605121e+03 1.598012e+03) (5.640775e-03 1.321492e+01 5.824166e+00)) ((-2.658421e+02 7.570398e-01 -2.475236e-02) (2.238698e-01 5.797031e-05 -2.165586e-03))
500.85        	((-2.474709e+00 1.614069e+03 1.608171e+03) (5.843941e-03 1.327016e+01 5.883724e+00)) ((-2.670304e+02 7.556710e-01 -4.335741e-02) (2.284452e-01 7.547197e-05 -2.090474e-03))
500.86        	((-2.576597e+00 1.622323e+03 1.617718e+03) (5.940244e-03 1.332577e+01 5.942797e+00)) ((-2.681944e+02 7.698037e-01 -3.838830e-02) (2.331424e-01 8.068374e-05 -2.046487e-03))
500.87        	((-2.663681e+00 1.629901e+03 1.626649e+03) (5.967593e-03 1.338120e+01 6.001095e+00)) ((-2.693481e+02 7.888443e-01 -1.636550e-02) (2.379069e-01 3.076279e-05 -2.070330e-03))
500.88        	((-2.738609e+00 1.636880e+03 1.635063e+03) (5.852579e-03 1.343634e+01 6.058600e+00)) ((-2.704801e+02 8.110174e-01 3.260354e-03) (2.428070e-01 -3.058351e-05 -2.155063e-03))
500.89        	((-2.805343e+00 1.643284e+03 1.643065e+03) (5.688368e-03 1.349086e+01 6.115108e+00)) ((-2.715878e+02 8.265654e-01 2.623588e-02) (2.477913e-01 -1.242814e-04 -2.220234e-03))
500.9         	((-2.867350e+00 1.649167e+03 1.650743e+03) (5.456227e-03 1.354484e+01 6.170718e+00)) ((-2.726450e+02 8.465225e-01 4.490992e-02) (2.529282e-01 -1.784313e-04 -2.316781e-03))
500.91        	((-2.923166e+00 1.654492e+03 1.658025e+03) (5.266959e-03 1.359784e+01 6.225262e+00)) ((-2.736579e+02 8.576908e-01 7.760260e-02) (2.580792e-01 -2.720662e-04 -2.327806e-03))
500.92        	((-2.977910e+00 1.659323e+03 1.664880e+03) (5.143773e-03 1.364987e+01 6.278827e+00)) ((-2.746147e+02 8.739484e-01 1.013017e-01) (2.632653e-01 -2.542384e-04 -2.449694e-03))
500.93        	((-3.016566e+00 1.663582e+03 1.671154e+03) (4.985151e-03 1.370046e+01 6.331151e+00)) ((-2.755346e+02 8.859292e-01 1.331766e-01) (2.683302e-01 -2.952719e-04 -2.422130e-03))
500.94        	((-3.053077e+00 1.667298e+03 1.676848e+03) (4.828459e-03 1.374964e+01 6.382373e+00)) ((-2.764010e+02 8.995523e-01 1.536567e-01) (2.733109e-01 -2.489563e-04 -2.411475e-03))
500.95        	((-3.079987e+00 1.670480e+03 1.682024e+03) (4.547626e-03 1.379715e+01 6.432265e+00)) ((-2.772080e+02 9.078505e-01 1.711647e-01) (2.780696e-01 -2.269290e-04 -2.248517e-03))
500.96        	((-3.111557e+00 1.673159e+03 1.686727e+03) (4.408429e-03 1.384310e+01 6.480873e+00)) ((-2.779387e+02 9.119053e-01 1.810181e-01) (2.826170e-01 -1.893441e-04 -2.200269e-03))
500.97        	((-3.141596e+00 1.675367e+03 1.690988e+03) (4.228015e-03 1.388733e+01 6.528182e+00)) ((-2.785792e+02 9.142990e-01 1.864197e-01) (2.869155e-01 -1.545701e-04 -2.122905e-03))
500.98        	((-3.169262e+00 1.676805e+03 1.694130e+03) (4.196767e-03 1.392928e+01 6.574175e+00)) ((-2.792031e+02 9.137804e-01 1.876752e-01) (2.909330e-01 -1.337537e-04 -2.144389e-03))
500.99        	((-3.194767e+00 1.677950e+03 1.696976e+03) (4.252179e-03 1.396965e+01 6.618711e+00)) ((-2.797091e+02 9.130572e-01 1.886148e-01) (2.946907e-01 -1.455623e-04 -2.242531e-03))
501           	((-3.220507e+00 1.678983e+03 1.699923e+03) (4.392967e-03 1.400848e+01 6.661859e+00)) ((-2.800557e+02 9.125816e-01 1.902174e-01) (2.982396e-01 -1.781854e-04 -2.392729e-03))
501.01        	((-3.246697e+00 1.679821e+03 1.702719e+03) (4.589080e-03 1.404565e+01 6.703691e+00)) ((-2.802976e+02 9.134445e-01 1.897472e-01) (3.015870e-01 -2.110620e-04 -2.613801e-03))
501.02        	((-3.267636e+00 1.680216e+03 1.704945e+03) (4.738075e-03 1.408094e+01 6.744156e+00)) ((-2.805132e+02 9.147313e-01 1.859544e-01) (3.046518e-01 -2.552881e-04 -2.801401e-03))
501.03        	((-3.284219e+00 1.680065e+03 1.706402e+03) (4.793914e-03 1.411438e+01 6.783244e+00)) ((-2.807184e+02 9.138177e-01 1.803921e-01) (3.074029e-01 -2.938691e-04 -2.857505e-03))
501.04        	((-3.277450e+00 1.679532e+03 1.706772e+03) (4.695217e-03 1.414599e+01 6.819129e+00)) ((-2.810249e+02 9.110439e-01 1.707305e-01) (3.095741e-01 -2.971373e-04 -2.772238e-03))
501.05        	((-3.268829e+00 1.678632e+03 1.706674e+03) (4.427507e-03 1.417588e+01 6.854145e+00)) ((-2.812313e+02 9.075482e-01 1.598505e-01) (3.114795e-01 -2.661361e-04 -2.582693e-03))
501.06        	((-3.269443e+00 1.677380e+03 1.706673e+03) (4.135902e-03 1.420399e+01 6.888317e+00)) ((-2.812158e+02 9.027447e-01 1.487924e-01) (3.131090e-01 -2.192489e-04 -2.362741e-03))
501.07        	((-3.278074e+00 1.675838e+03 1.706892e+03) (3.878586e-03 1.423028e+01 6.921459e+00)) ((-2.810030e+02 8.973095e-01 1.365983e-01) (3.144565e-01 -1.626266e-04 -2.177562e-03))
501.08        	((-3.283476e+00 1.674029e+03 1.707016e+03) (3.624153e-03 1.425516e+01 6.953606e+00)) ((-2.807085e+02 8.917868e-01 1.219567e-01) (3.154036e-01 -1.062846e-04 -2.023357e-03))
501.09        	((-3.281180e+00 1.671927e+03 1.706633e+03) (3.405757e-03 1.427818e+01 6.984428e+00)) ((-2.804309e+02 8.858856e-01 1.062567e-01) (3.160193e-01 -6.192874e-05 -1.894802e-03))
501.1         	((-3.274855e+00 1.669503e+03 1.705576e+03) (3.287435e-03 1.429946e+01 7.013993e+00)) ((-2.801730e+02 8.797339e-01 9.019513e-02) (3.163240e-01 -2.364270e-05 -1.839019e-03))
501.11        	((-3.268094e+00 1.666728e+03 1.703955e+03) (3.239075e-03 1.431906e+01 7.042422e+00)) ((-2.798759e+02 8.747433e-01 7.458417e-02) (3.163424e-01 8.411972e-06 -1.861277e-03))
501.12        	((-3.262921e+00 1.663643e+03 1.702026e+03) (3.200434e-03 1.433692e+01 7.069760e+00)) ((-2.794768e+02 8.708289e-01 6.055305e-02) (3.160380e-01 1.286189e-05 -1.879114e-03))
501.13        	((-3.257288e+00 1.660299e+03 1.699937e+03) (3.141841e-03 1.435309e+01 7.096131e+00)) ((-2.789645e+02 8.664039e-01 4.689526e-02) (3.154736e-01 1.951350e-05 -1.871442e-03))
501.14        	((-3.246355e+00 1.656731e+03 1.697670e+03) (3.015577e-03 1.436714e+01 7.121253e+00)) ((-2.783710e+02 8.608428e-01 3.157321e-02) (3.147676e-01 3.670408e-05 -1.817966e-03))
501.15        	((-3.227510e+00 1.652909e+03 1.695066e+03) (2.826991e-03 1.437959e+01 7.145356e+00)) ((-2.777455e+02 8.549487e-01 1.518976e-02) (3.138323e-01 5.736341e-05 -1.711812e-03))
501.16        	((-3.201141e+00 1.648850e+03 1.692084e+03) (2.563137e-03 1.439045e+01 7.168391e+00)) ((-2.770950e+02 8.496884e-01 -1.710200e-03) (3.126551e-01 9.912216e-05 -1.546714e-03))
501.17        	((-3.167980e+00 1.644574e+03 1.688759e+03) (2.264988e-03 1.439963e+01 7.190300e+00)) ((-2.764011e+02 8.467971e-01 -1.799547e-02) (3.111865e-01 1.658339e-04 -1.384799e-03))
501.18        	((-3.127932e+00 1.640089e+03 1.685123e+03) (1.974870e-03 1.440712e+01 7.211151e+00)) ((-2.756565e+02 8.490283e-01 -3.223758e-02) (3.094617e-01 2.352314e-04 -1.270921e-03))
501.19        	((-3.081040e+00 1.635407e+03 1.681214e+03) (1.685488e-03 1.441293e+01 7.230985e+00)) ((-2.748595e+02 8.520916e-01 -4.318306e-02) (3.074896e-01 3.013240e-04 -1.183881e-03))
501.2         	((-3.029423e+00 1.630528e+03 1.677044e+03) (1.390720e-03 1.441652e+01 7.249231e+00)) ((-2.740236e+02 8.510573e-01 -5.210574e-02) (3.049144e-01 3.919010e-04 -1.133781e-03))
501.21        	((-2.978993e+00 1.625482e+03 1.672622e+03) (1.147957e-03 1.442027e+01 7.268075e+00)) ((-2.731420e+02 8.471583e-01 -5.827587e-02) (3.030780e-01 3.704300e-04 -9.986372e-04))
501.22        	((-2.932086e+00 1.620297e+03 1.667951e+03) (9.042039e-04 1.442284e+01 7.286231e+00)) ((-2.722107e+02 8.442940e-01 -6.404612e-02) (3.012021e-01 4.381267e-04 -9.633114e-04))
501.23        	((-2.893066e+00 1.614893e+03 1.663023e+03) (7.161778e-04 1.442308e+01 7.302664e+00)) ((-2.712619e+02 8.443941e-01 -7.104662e-02) (2.986429e-01 4.777147e-04 -9.272319e-04))
501.24        	((-2.860474e+00 1.609283e+03 1.657879e+03) (5.820976e-04 1.442186e+01 7.317999e+00)) ((-2.702798e+02 8.479481e-01 -7.855089e-02) (2.958127e-01 4.982077e-04 -8.970697e-04))
501.25        	((-2.835226e+00 1.603526e+03 1.652516e+03) (4.910935e-04 1.441934e+01 7.332397e+00)) ((-2.692630e+02 8.525330e-01 -8.653305e-02) (2.927978e-01 5.102298e-04 -8.668347e-04))
501.26        	((-2.820476e+00 1.597661e+03 1.646930e+03) (4.440315e-04 1.441554e+01 7.345905e+00)) ((-2.682232e+02 8.538780e-01 -9.585692e-02) (2.896106e-01 5.119477e-04 -8.225488e-04))
501.27        	((-2.820787e+00 1.591686e+03 1.641117e+03) (4.482853e-04 1.441040e+01 7.358544e+00)) ((-2.671616e+02 8.508554e-01 -1.058070e-01) (2.862363e-01 5.057639e-04 -7.590848e-04))
501.28        	((-2.832631e+00 1.585588e+03 1.635119e+03) (5.031512e-04 1.440400e+01 7.370395e+00)) ((-2.660745e+02 8.489749e-01 -1.189231e-01) (2.827038e-01 5.060086e-04 -7.200502e-04))
501.29        	((-2.849434e+00 1.579357e+03 1.628969e+03) (5.934923e-04 1.439645e+01 7.381512e+00)) ((-2.649554e+02 8.495989e-01 -1.351418e-01) (2.790309e-01 5.093192e-04 -7.034347e-04))
501.3         	((-2.868026e+00 1.572993e+03 1.622673e+03) (7.078779e-04 1.438776e+01 7.391901e+00)) ((-2.638086e+02 8.496618e-01 -1.523996e-01) (2.752076e-01 5.137179e-04 -7.026932e-04))
501.31        	((-2.886003e+00 1.566503e+03 1.616230e+03) (8.287334e-04 1.437799e+01 7.401593e+00)) ((-2.626363e+02 8.448831e-01 -1.692495e-01) (2.712398e-01 5.173445e-04 -7.137357e-04))
501.32        	((-2.902930e+00 1.559898e+03 1.609641e+03) (9.402287e-04 1.436721e+01 7.410617e+00)) ((-2.614441e+02 8.334220e-01 -1.851533e-01) (2.671401e-01 5.201259e-04 -7.292901e-04))
501.33        	((-2.920277e+00 1.553186e+03 1.602916e+03) (1.036938e-03 1.435544e+01 7.418986e+00)) ((-2.602356e+02 8.164577e-01 -2.000622e-01) (2.629083e-01 5.240140e-04 -7.481343e-04))
501.34        	((-2.939274e+00 1.546372e+03 1.596067e+03) (1.107471e-03 1.434272e+01 7.426718e+00)) ((-2.590117e+02 7.966941e-01 -2.141866e-01) (2.585466e-01 5.282639e-04 -7.588314e-04))
501.35        	((-2.960109e+00 1.539460e+03 1.589104e+03) (1.151850e-03 1.432908e+01 7.433849e+00)) ((-2.577717e+02 7.762899e-01 -2.275406e-01) (2.540663e-01 5.358597e-04 -7.622939e-04))
501.36        	((-2.977707e+00 1.531700e+03 1.580519e+03) (1.178455e-03 1.431349e+01 7.440302e+00)) ((-2.567473e+02 7.549348e-01 -2.401274e-01) (2.494058e-01 5.474243e-04 -7.589387e-04))
501.37        	((-2.999869e+00 1.524556e+03 1.573585e+03) (1.192549e-03 1.429803e+01 7.445988e+00)) ((-2.553944e+02 7.351290e-01 -2.515209e-01) (2.446869e-01 5.597942e-04 -7.527843e-04))
501.38        	((-3.022153e+00 1.517828e+03 1.567476e+03) (1.206818e-03 1.428176e+01 7.451269e+00)) ((-2.538727e+02 7.158300e-01 -2.616262e-01) (2.399264e-01 5.716301e-04 -7.478870e-04))
501.39        	((-3.037145e+00 1.510230e+03 1.559364e+03) (1.231515e-03 1.426358e+01 7.456131e+00)) ((-2.526661e+02 6.949965e-01 -2.705049e-01) (2.350342e-01 5.806414e-04 -7.482426e-04))
501.4         	((-3.051321e+00 1.502198e+03 1.550569e+03) (1.259421e-03 1.424456e+01 7.460230e+00)) ((-2.515453e+02 6.744403e-01 -2.776898e-01) (2.300098e-01 5.882710e-04 -7.503574e-04))
501.41        	((-3.073286e+00 1.495091e+03 1.543984e+03) (1.284329e-03 1.422590e+01 7.463682e+00)) ((-2.500289e+02 6.568272e-01 -2.828337e-01) (2.249549e-01 5.936696e-04 -7.525736e-04))
501.42        	((-3.091506e+00 1.487586e+03 1.536450e+03) (1.300860e-03 1.420539e+01 7.466817e+00)) ((-2.486365e+02 6.396113e-01 -2.870618e-01) (2.197995e-01 5.990699e-04 -7.512426e-04))
501.43        	((-3.107130e+00 1.479734e+03 1.528223e+03) (1.309836e-03 1.418418e+01 7.469435e+00)) ((-2.473398e+02 6.229476e-01 -2.905144e-01) (2.145554e-01 6.068280e-04 -7.471863e-04))
501.44        	((-3.121855e+00 1.471822e+03 1.520014e+03) (1.308750e-03 1.416227e+01 7.471471e+00)) ((-2.460186e+02 6.079436e-01 -2.931650e-01) (2.092121e-01 6.144155e-04 -7.402784e-04))
501.45        	((-3.137601e+00 1.464051e+03 1.512204e+03) (1.303697e-03 1.413968e+01 7.472984e+00)) ((-2.446070e+02 5.945531e-01 -2.949939e-01) (2.038041e-01 6.239469e-04 -7.346440e-04))
501.46        	((-3.154113e+00 1.456410e+03 1.504658e+03) (1.294992e-03 1.411642e+01 7.474019e+00)) ((-2.431370e+02 5.824878e-01 -2.957876e-01) (1.983424e-01 6.362571e-04 -7.315009e-04))
501.47        	((-3.170425e+00 1.448773e+03 1.497049e+03) (1.287579e-03 1.409251e+01 7.474607e+00)) ((-2.416788e+02 5.716637e-01 -2.954608e-01) (1.928220e-01 6.499077e-04 -7.295490e-04))
501.48        	((-3.186183e+00 1.441045e+03 1.489204e+03) (1.277788e-03 1.406800e+01 7.474745e+00)) ((-2.402672e+02 5.621795e-01 -2.941643e-01) (1.872304e-01 6.647270e-04 -7.284540e-04))
501.49        	((-3.201668e+00 1.433220e+03 1.481186e+03) (1.272620e-03 1.404288e+01 7.474397e+00)) ((-2.388856e+02 5.540391e-01 -2.919006e-01) (1.815736e-01 6.762734e-04 -7.250041e-04))
501.5         	((-3.217363e+00 1.425352e+03 1.473146e+03) (1.271604e-03 1.401712e+01 7.473539e+00)) ((-2.374988e+02 5.469754e-01 -2.886737e-01) (1.758787e-01 6.858050e-04 -7.198254e-04))
501.51        	((-3.233514e+00 1.417488e+03 1.465177e+03) (1.288052e-03 1.399078e+01 7.472222e+00)) ((-2.360885e+02 5.408224e-01 -2.846249e-01) (1.701486e-01 6.935853e-04 -7.183003e-04))
501.52        	((-3.249664e+00 1.409641e+03 1.457272e+03) (1.310628e-03 1.396387e+01 7.470487e+00)) ((-2.346621e+02 5.355534e-01 -2.799199e-01) (1.643838e-01 7.011715e-04 -7.165710e-04))
501.53        	((-3.265488e+00 1.401799e+03 1.449376e+03) (1.330442e-03 1.393642e+01 7.468361e+00)) ((-2.332371e+02 5.311190e-01 -2.745664e-01) (1.585866e-01 7.095307e-04 -7.183491e-04))
501.54        	((-3.281179e+00 1.393949e+03 1.441455e+03) (1.350820e-03 1.390846e+01 7.465850e+00)) ((-2.318249e+02 5.275460e-01 -2.684725e-01) (1.527586e-01 7.200775e-04 -7.277938e-04))
501.55        	((-3.297067e+00 1.386085e+03 1.433511e+03) (1.379930e-03 1.387995e+01 7.462899e+00)) ((-2.304249e+02 5.248287e-01 -2.615187e-01) (1.469228e-01 7.310166e-04 -7.423272e-04))
501.56        	((-3.313140e+00 1.378211e+03 1.425567e+03) (1.412216e-03 1.385089e+01 7.459489e+00)) ((-2.290304e+02 5.228645e-01 -2.537445e-01) (1.410852e-01 7.411606e-04 -7.575297e-04))
501.57        	((-3.329169e+00 1.370332e+03 1.417638e+03) (1.448930e-03 1.382130e+01 7.455638e+00)) ((-2.276360e+02 5.214498e-01 -2.453635e-01) (1.352533e-01 7.512181e-04 -7.695980e-04))
501.58        	((-3.344803e+00 1.362455e+03 1.409724e+03) (1.484560e-03 1.379126e+01 7.451393e+00)) ((-2.262407e+02 5.204593e-01 -2.366000e-01) (1.294295e-01 7.602214e-04 -7.780415e-04))
501.59        	((-3.359977e+00 1.354584e+03 1.401825e+03) (1.525662e-03 1.376079e+01 7.446789e+00)) ((-2.248472e+02 5.198573e-01 -2.274813e-01) (1.236133e-01 7.653487e-04 -7.827699e-04))
501.6         	((-3.374757e+00 1.346724e+03 1.393939e+03) (1.566903e-03 1.372993e+01 7.441853e+00)) ((-2.234586e+02 5.196411e-01 -2.179732e-01) (1.178167e-01 7.708814e-04 -7.879142e-04))
501.61        	((-3.389191e+00 1.338879e+03 1.386071e+03) (1.603729e-03 1.369866e+01 7.436583e+00)) ((-2.220769e+02 5.197615e-01 -2.080723e-01) (1.120247e-01 7.842498e-04 -7.993806e-04))
501.62        	((-3.403132e+00 1.331048e+03 1.378223e+03) (1.637405e-03 1.366699e+01 7.430964e+00)) ((-2.207021e+02 5.201406e-01 -1.978292e-01) (1.062304e-01 7.992371e-04 -8.098680e-04))
501.63        	((-3.416371e+00 1.323231e+03 1.370392e+03) (1.668193e-03 1.363494e+01 7.425037e+00)) ((-2.193334e+02 5.206669e-01 -1.873841e-01) (1.004372e-01 8.132681e-04 -8.201733e-04))
501.64        	((-3.428776e+00 1.315429e+03 1.362576e+03) (1.700214e-03 1.360252e+01 7.418817e+00)) ((-2.179700e+02 5.213037e-01 -1.768816e-01) (9.465430e-02 8.266935e-04 -8.308102e-04))
501.65        	((-3.440215e+00 1.307645e+03 1.354774e+03) (1.734093e-03 1.356977e+01 7.412321e+00)) ((-2.166119e+02 5.220263e-01 -1.664335e-01) (8.888940e-02 8.375926e-04 -8.389921e-04))
501.66        	((-3.450630e+00 1.299884e+03 1.346991e+03) (1.767506e-03 1.353666e+01 7.405513e+00)) ((-2.152599e+02 5.228391e-01 -1.560440e-01) (8.316134e-02 8.479220e-04 -8.473783e-04))
501.67        	((-3.459981e+00 1.292148e+03 1.339230e+03) (1.798510e-03 1.350322e+01 7.398405e+00)) ((-2.139147e+02 5.237612e-01 -1.457360e-01) (7.747199e-02 8.571332e-04 -8.539740e-04))
501.68        	((-3.468196e+00 1.284439e+03 1.331496e+03) (1.825490e-03 1.346947e+01 7.391012e+00)) ((-2.125770e+02 5.248431e-01 -1.355531e-01) (7.181926e-02 8.660668e-04 -8.600937e-04))
501.69        	((-3.475154e+00 1.276758e+03 1.323788e+03) (1.844724e-03 1.343543e+01 7.383349e+00)) ((-2.112472e+02 5.261050e-01 -1.255749e-01) (6.620510e-02 8.754336e-04 -8.652002e-04))
501.7         	((-3.480825e+00 1.269104e+03 1.316103e+03) (1.860308e-03 1.340113e+01 7.375420e+00)) ((-2.099257e+02 5.276387e-01 -1.158680e-01) (6.062469e-02 8.853533e-04 -8.711020e-04))
501.71        	((-3.485127e+00 1.261479e+03 1.308439e+03) (1.866494e-03 1.336656e+01 7.367220e+00)) ((-2.086134e+02 5.295183e-01 -1.065161e-01) (5.508747e-02 8.969935e-04 -8.734219e-04))
501.72        	((-3.488289e+00 1.253885e+03 1.300795e+03) (1.882436e-03 1.333173e+01 7.358742e+00)) ((-2.073113e+02 5.319331e-01 -9.747231e-02) (4.957954e-02 9.060623e-04 -8.821503e-04))
501.73        	((-3.489983e+00 1.246322e+03 1.293171e+03) (1.874350e-03 1.329668e+01 7.350031e+00)) ((-2.060206e+02 5.348859e-01 -8.888104e-02) (4.410433e-02 9.149091e-04 -8.696608e-04))
501.74        	((-3.490733e+00 1.238792e+03 1.285570e+03) (1.908782e-03 1.326142e+01 7.341092e+00)) ((-2.047421e+02 5.387244e-01 -8.062770e-02) (3.864708e-02 9.160589e-04 -8.833423e-04))
501.75        	((-3.489356e+00 1.231295e+03 1.277989e+03) (1.867801e-03 1.322604e+01 7.332002e+00)) ((-2.034769e+02 5.432860e-01 -7.315731e-02) (3.324103e-02 9.213859e-04 -8.415955e-04))
501.76        	((-3.487238e+00 1.223830e+03 1.270429e+03) (1.911774e-03 1.319051e+01 7.322721e+00)) ((-2.022265e+02 5.491825e-01 -6.602372e-02) (2.785530e-02 9.153237e-04 -8.544553e-04))
501.77        	((-3.482933e+00 1.216403e+03 1.262891e+03) (1.861839e-03 1.315483e+01 7.313256e+00)) ((-2.009892e+02 5.561258e-01 -5.992079e-02) (2.255711e-02 9.142954e-04 -8.045651e-04))
501.78        	((-3.478258e+00 1.209011e+03 1.255371e+03) (1.914674e-03 1.311899e+01 7.303556e+00)) ((-1.997686e+02 5.647768e-01 -5.415663e-02) (1.729470e-02 9.003574e-04 -8.163594e-04))
501.79        	((-3.471831e+00 1.201659e+03 1.247871e+03) (1.896082e-03 1.308299e+01 7.293674e+00)) ((-1.985632e+02 5.747885e-01 -4.941740e-02) (1.212196e-02 8.898352e-04 -7.800445e-04))
501.8         	((-3.469282e+00 1.195111e+03 1.241876e+03) (1.950877e-03 1.304828e+01 7.283680e+00)) ((-1.971509e+02 5.876396e-01 -4.529497e-02) (7.064124e-03 8.703968e-04 -7.907596e-04))
501.81        	((-3.459197e+00 1.187864e+03 1.234197e+03) (2.008972e-03 1.301191e+01 7.273688e+00)) ((-1.960568e+02 6.004899e-01 -4.261100e-02) (1.999684e-03 8.474277e-04 -8.038415e-04))
501.82        	((-3.445215e+00 1.180153e+03 1.225653e+03) (2.055811e-03 1.297529e+01 7.263304e+00)) ((-1.951254e+02 6.137424e-01 -4.134121e-02) (-3.062845e-03 8.237990e-04 -8.083827e-04))
501.83        	((-3.434964e+00 1.173276e+03 1.218963e+03) (2.089813e-03 1.293995e+01 7.252603e+00)) ((-1.938900e+02 6.289333e-01 -4.137068e-02) (-8.038271e-03 7.986818e-04 -8.047904e-04))
501.84        	((-3.418133e+00 1.166042e+03 1.211448e+03) (2.106796e-03 1.290302e+01 7.241859e+00)) ((-1.927860e+02 6.434252e-01 -4.321545e-02) (-1.300425e-02 7.730183e-04 -7.931008e-04))
501.85        	((-3.397713e+00 1.158609e+03 1.203535e+03) (2.114484e-03 1.286593e+01 7.230841e+00)) ((-1.917511e+02 6.576641e-01 -4.674222e-02) (-1.793313e-02 7.488268e-04 -7.875737e-04))
501.86        	((-3.381652e+00 1.152032e+03 1.197330e+03) (2.143194e-03 1.283014e+01 7.219619e+00)) ((-1.904575e+02 6.731395e-01 -5.140151e-02) (-2.275978e-02 7.207550e-04 -8.008131e-04))
501.87        	((-3.360121e+00 1.144988e+03 1.189960e+03) (2.197736e-03 1.279276e+01 7.208368e+00)) ((-1.893842e+02 6.873202e-01 -5.724414e-02) (-2.759780e-02 6.886949e-04 -8.314528e-04))
501.88        	((-3.336197e+00 1.137639e+03 1.181987e+03) (2.273579e-03 1.275520e+01 7.196785e+00)) ((-1.884287e+02 7.005255e-01 -6.394572e-02) (-3.242709e-02 6.545031e-04 -8.764509e-04))
501.89        	((-3.316580e+00 1.131100e+03 1.175725e+03) (2.371537e-03 1.271895e+01 7.184939e+00)) ((-1.872007e+02 7.140169e-01 -7.141782e-02) (-3.716588e-02 6.175386e-04 -9.343753e-04))
501.9         	((-3.290804e+00 1.124129e+03 1.168456e+03) (2.490316e-03 1.268107e+01 7.173020e+00)) ((-1.861404e+02 7.253763e-01 -8.011417e-02) (-4.189397e-02 5.797255e-04 -1.003126e-03))
501.91        	((-3.266620e+00 1.117631e+03 1.162104e+03) (2.619404e-03 1.264449e+01 7.160900e+00)) ((-1.849458e+02 7.362263e-01 -8.963548e-02) (-4.650570e-02 5.420055e-04 -1.082779e-03))
501.92        	((-3.236971e+00 1.110526e+03 1.154420e+03) (2.755154e-03 1.260631e+01 7.148641e+00)) ((-1.839830e+02 7.448828e-01 -9.971487e-02) (-5.111078e-02 5.045182e-04 -1.170890e-03))
501.93        	((-3.211378e+00 1.103947e+03 1.147868e+03) (2.899681e-03 1.256943e+01 7.136099e+00)) ((-1.828462e+02 7.532997e-01 -1.095858e-01) (-5.561874e-02 4.680043e-04 -1.267330e-03))
501.94        	((-3.186515e+00 1.097645e+03 1.141773e+03) (3.049467e-03 1.253245e+01 7.123524e+00)) ((-1.816518e+02 7.607009e-01 -1.192086e-01) (-6.005180e-02 4.330052e-04 -1.369508e-03))
501.95        	((-3.155841e+00 1.090541e+03 1.133976e+03) (3.200419e-03 1.249391e+01 7.110797e+00)) ((-1.807504e+02 7.655832e-01 -1.285691e-01) (-6.448960e-02 3.997345e-04 -1.471343e-03))
501.96        	((-3.130007e+00 1.083915e+03 1.127281e+03) (3.344754e-03 1.245669e+01 7.097731e+00)) ((-1.796716e+02 7.703686e-01 -1.370569e-01) (-6.883981e-02 3.701923e-04 -1.576509e-03))
501.97        	((-3.106155e+00 1.077647e+03 1.121264e+03) (3.486964e-03 1.241940e+01 7.084604e+00)) ((-1.784834e+02 7.744644e-01 -1.447685e-01) (-7.310232e-02 3.423505e-04 -1.678318e-03))
501.98        	((-3.077617e+00 1.070696e+03 1.113767e+03) (3.622506e-03 1.238061e+01 7.071378e+00)) ((-1.775447e+02 7.764352e-01 -1.517914e-01) (-7.735683e-02 3.176024e-04 -1.776354e-03))
501.99        	((-3.054475e+00 1.064254e+03 1.107366e+03) (3.750696e-03 1.234318e+01 7.057859e+00)) ((-1.764356e+02 7.786168e-01 -1.576367e-01) (-8.150417e-02 2.924368e-04 -1.870081e-03))
502           	((-3.033716e+00 1.058142e+03 1.101534e+03) (3.871739e-03 1.230567e+01 7.044286e+00)) ((-1.752503e+02 7.804366e-01 -1.625036e-01) (-8.556369e-02 2.664575e-04 -1.956100e-03))
502.01        	((-3.008560e+00 1.051314e+03 1.094154e+03) (3.983906e-03 1.226664e+01 7.030572e+00)) ((-1.743352e+02 7.803856e-01 -1.666568e-01) (-8.960971e-02 2.414816e-04 -2.034566e-03))
502.02        	((-2.988824e+00 1.044961e+03 1.087832e+03) (4.088687e-03 1.222894e+01 7.016519e+00)) ((-1.732549e+02 7.808122e-01 -1.697123e-01) (-9.354670e-02 2.109949e-04 -2.106511e-03))
502.03        	((-2.971298e+00 1.038937e+03 1.082098e+03) (4.193038e-03 1.219119e+01 7.002410e+00)) ((-1.720866e+02 7.810828e-01 -1.719461e-01) (-9.739408e-02 1.749887e-04 -2.168079e-03))
502.04        	((-2.953284e+00 1.032916e+03 1.076202e+03) (4.292364e-03 1.215337e+01 6.988276e+00)) ((-1.709690e+02 7.807216e-01 -1.736646e-01) (-1.011515e-01 1.386147e-04 -2.223612e-03))
502.05        	((-2.934586e+00 1.026722e+03 1.069849e+03) (4.386025e-03 1.211544e+01 6.973983e+00)) ((-1.699571e+02 7.797333e-01 -1.748850e-01) (-1.048183e-01 1.061254e-04 -2.271937e-03))
502.06        	((-2.916374e+00 1.020409e+03 1.063270e+03) (4.473223e-03 1.207741e+01 6.959448e+00)) ((-1.690005e+02 7.784020e-01 -1.754589e-01) (-1.084142e-01 8.401092e-05 -2.316731e-03))
502.07        	((-2.899393e+00 1.014124e+03 1.056818e+03) (4.554170e-03 1.203931e+01 6.944687e+00)) ((-1.680223e+02 7.769152e-01 -1.753498e-01) (-1.119438e-01 6.466475e-05 -2.354451e-03))
502.08        	((-2.883403e+00 1.007957e+03 1.050642e+03) (4.627860e-03 1.200118e+01 6.929774e+00)) ((-1.669928e+02 7.753257e-01 -1.747115e-01) (-1.154015e-01 4.845850e-05 -2.387282e-03))
502.09        	((-2.867785e+00 1.001901e+03 1.044649e+03) (4.693921e-03 1.196302e+01 6.914761e+00)) ((-1.659368e+02 7.735941e-01 -1.737556e-01) (-1.187752e-01 3.354835e-05 -2.415839e-03))
502.1         	((-2.852296e+00 9.958997e+02 1.038681e+03) (4.753522e-03 1.192483e+01 6.899665e+00)) ((-1.648945e+02 7.717272e-01 -1.725770e-01) (-1.220599e-01 1.909637e-05 -2.440002e-03))
502.11        	((-2.837238e+00 9.899106e+02 1.032664e+03) (4.806783e-03 1.188663e+01 6.884467e+00)) ((-1.638832e+02 7.697745e-01 -1.710805e-01) (-1.252761e-01 6.690468e-06 -2.461603e-03))
502.12        	((-2.822713e+00 9.839411e+02 1.026633e+03) (4.855990e-03 1.184840e+01 6.869147e+00)) ((-1.628963e+02 7.677328e-01 -1.692977e-01) (-1.284398e-01 -4.161732e-06 -2.479705e-03))
502.13        	((-2.808629e+00 9.780032e+02 1.020641e+03) (4.899981e-03 1.181013e+01 6.853695e+00)) ((-1.619170e+02 7.656234e-01 -1.672443e-01) (-1.315218e-01 -1.244546e-05 -2.495182e-03))
502.14        	((-2.794945e+00 9.720943e+02 1.014708e+03) (4.940051e-03 1.177186e+01 6.838157e+00)) ((-1.609308e+02 7.634436e-01 -1.651122e-01) (-1.345267e-01 -1.884049e-05 -2.507782e-03))
502.15        	((-2.781395e+00 9.662241e+02 1.008830e+03) (4.977348e-03 1.173362e+01 6.822570e+00)) ((-1.599386e+02 7.612248e-01 -1.630363e-01) (-1.374731e-01 -2.445322e-05 -2.518571e-03))
502.16        	((-2.768076e+00 9.604010e+02 1.002993e+03) (5.015817e-03 1.169539e+01 6.806932e+00)) ((-1.589483e+02 7.590596e-01 -1.611044e-01) (-1.403646e-01 -2.749073e-05 -2.529108e-03))
502.17        	((-2.755000e+00 9.546283e+02 9.971944e+02) (5.049033e-03 1.165717e+01 6.791207e+00)) ((-1.579673e+02 7.567689e-01 -1.590040e-01) (-1.431901e-01 -2.859154e-05 -2.538634e-03))
502.18        	((-2.742388e+00 9.489037e+02 9.914364e+02) (5.081237e-03 1.161896e+01 6.775383e+00)) ((-1.569983e+02 7.544138e-01 -1.567259e-01) (-1.459605e-01 -2.933668e-05 -2.546062e-03))
502.19        	((-2.730334e+00 9.432175e+02 9.857155e+02) (5.113130e-03 1.158076e+01 6.759463e+00)) ((-1.560383e+02 7.520640e-01 -1.543304e-01) (-1.486780e-01 -2.864812e-05 -2.551585e-03))
502.2         	((-2.718726e+00 9.375731e+02 9.800349e+02) (5.143285e-03 1.154257e+01 6.743442e+00)) ((-1.550854e+02 7.497611e-01 -1.519435e-01) (-1.513482e-01 -2.486145e-05 -2.556694e-03))
502.21        	((-2.707309e+00 9.319639e+02 9.743860e+02) (5.173358e-03 1.150441e+01 6.727343e+00)) ((-1.541371e+02 7.474735e-01 -1.496077e-01) (-1.539800e-01 -1.697052e-05 -2.563209e-03))
502.22        	((-2.695922e+00 9.263881e+02 9.687649e+02) (5.204211e-03 1.146628e+01 6.711177e+00)) ((-1.531930e+02 7.451508e-01 -1.473119e-01) (-1.565810e-01 -5.463260e-06 -2.570872e-03))
502.23        	((-2.684551e+00 9.208495e+02 9.631764e+02) (5.235462e-03 1.142819e+01 6.694938e+00)) ((-1.522542e+02 7.427615e-01 -1.450185e-01) (-1.591477e-01 6.511951e-06 -2.578215e-03))
502.24        	((-2.673282e+00 9.153531e+02 9.576302e+02) (5.265815e-03 1.139015e+01 6.678634e+00)) ((-1.513219e+02 7.403047e-01 -1.427035e-01) (-1.616806e-01 1.807105e-05 -2.585735e-03))
502.25        	((-2.662164e+00 9.098998e+02 9.521302e+02) (5.295292e-03 1.135215e+01 6.662253e+00)) ((-1.503969e+02 7.377951e-01 -1.403687e-01) (-1.641658e-01 2.857182e-05 -2.592503e-03))
502.26        	((-2.651150e+00 9.044871e+02 9.466735e+02) (5.325520e-03 1.131420e+01 6.645813e+00)) ((-1.494790e+02 7.352685e-01 -1.380447e-01) (-1.666147e-01 3.751905e-05 -2.597253e-03))
502.27        	((-2.640954e+00 8.991109e+02 9.412516e+02) (5.352998e-03 1.127630e+01 6.629309e+00)) ((-1.485682e+02 7.327892e-01 -1.357401e-01) (-1.690218e-01 4.798588e-05 -2.605266e-03))
502.28        	((-2.630836e+00 8.937701e+02 9.358607e+02) (5.380854e-03 1.123843e+01 6.612731e+00)) ((-1.476639e+02 7.303317e-01 -1.334909e-01) (-1.713825e-01 5.698812e-05 -2.609912e-03))
502.29        	((-2.620333e+00 8.884696e+02 9.305041e+02) (5.408032e-03 1.120062e+01 6.596101e+00)) ((-1.467669e+02 7.278796e-01 -1.312965e-01) (-1.737038e-01 6.409768e-05 -2.612282e-03))
502.3         	((-2.609837e+00 8.832016e+02 9.251797e+02) (5.437318e-03 1.116287e+01 6.579425e+00)) ((-1.458755e+02 7.254601e-01 -1.290849e-01) (-1.759698e-01 7.009877e-05 -2.611980e-03))
502.31        	((-2.599371e+00 8.779706e+02 9.198943e+02) (5.466686e-03 1.112520e+01 6.562697e+00)) ((-1.449897e+02 7.230654e-01 -1.268237e-01) (-1.781696e-01 7.551668e-05 -2.610560e-03))
502.32        	((-2.589045e+00 8.727795e+02 9.146542e+02) (5.495441e-03 1.108757e+01 6.545912e+00)) ((-1.441099e+02 7.206757e-01 -1.244713e-01) (-1.802992e-01 8.081016e-05 -2.609608e-03))
502.33        	((-2.578821e+00 8.676286e+02 9.094570e+02) (5.523898e-03 1.104999e+01 6.529065e+00)) ((-1.432366e+02 7.182842e-01 -1.220676e-01) (-1.823538e-01 8.620989e-05 -2.609303e-03))
502.34        	((-2.568633e+00 8.625158e+02 9.042967e+02) (5.550142e-03 1.101248e+01 6.512172e+00)) ((-1.423702e+02 7.159066e-01 -1.196701e-01) (-1.843491e-01 9.062445e-05 -2.608321e-03))
502.35        	((-2.558452e+00 8.574393e+02 8.991691e+02) (5.575958e-03 1.097504e+01 6.495228e+00)) ((-1.415108e+02 7.135510e-01 -1.173217e-01) (-1.862859e-01 9.534788e-05 -2.607560e-03))
502.36        	((-2.548311e+00 8.523983e+02 8.940744e+02) (5.602034e-03 1.093768e+01 6.478245e+00)) ((-1.406581e+02 7.112225e-01 -1.150294e-01) (-1.881670e-01 9.952127e-05 -2.605494e-03))
502.37        	((-2.538242e+00 8.473927e+02 8.890151e+02) (5.626186e-03 1.090039e+01 6.461228e+00)) ((-1.398115e+02 7.089110e-01 -1.127887e-01) (-1.899871e-01 1.028432e-04 -2.602955e-03))
502.38        	((-2.528261e+00 8.424223e+02 8.839929e+02) (5.650194e-03 1.086314e+01 6.444138e+00)) ((-1.389708e+02 7.066037e-01 -1.105989e-01) (-1.917310e-01 1.047823e-04 -2.600124e-03))
502.39        	((-2.518360e+00 8.374869e+02 8.790072e+02) (5.674419e-03 1.082596e+01 6.426995e+00)) ((-1.381363e+02 7.042906e-01 -1.084568e-01) (-1.934018e-01 1.052149e-04 -2.596263e-03))
502.4         	((-2.508564e+00 8.325865e+02 8.740569e+02) (5.701086e-03 1.078884e+01 6.409809e+00)) ((-1.373074e+02 7.019572e-01 -1.064258e-01) (-1.950032e-01 1.053749e-04 -2.591455e-03))
502.41        	((-2.498868e+00 8.277214e+02 8.691400e+02) (5.728675e-03 1.075181e+01 6.392593e+00)) ((-1.364851e+02 6.996340e-01 -1.043865e-01) (-1.965505e-01 1.059154e-04 -2.587092e-03))
502.42        	((-2.489284e+00 8.228912e+02 8.642563e+02) (5.755152e-03 1.071486e+01 6.375359e+00)) ((-1.356694e+02 6.973211e-01 -1.023618e-01) (-1.980541e-01 1.090652e-04 -2.584570e-03))
502.43        	((-2.479804e+00 8.180956e+02 8.594065e+02) (5.782078e-03 1.067799e+01 6.358097e+00)) ((-1.348602e+02 6.950154e-01 -1.003833e-01) (-1.995171e-01 1.149041e-04 -2.584738e-03))
502.44        	((-2.470415e+00 8.133343e+02 8.545906e+02) (5.808993e-03 1.064120e+01 6.340807e+00)) ((-1.340571e+02 6.927126e-01 -9.847241e-02) (-2.009484e-01 1.202648e-04 -2.584487e-03))
502.45        	((-2.461131e+00 8.086070e+02 8.498079e+02) (5.835634e-03 1.060449e+01 6.323508e+00)) ((-1.332600e+02 6.904150e-01 -9.663176e-02) (-2.023487e-01 1.265870e-04 -2.584958e-03))
502.46        	((-2.451978e+00 8.039133e+02 8.450568e+02) (5.862820e-03 1.056786e+01 6.306194e+00)) ((-1.324688e+02 6.881239e-01 -9.485082e-02) (-2.037196e-01 1.318641e-04 -2.584026e-03))
502.47        	((-2.442982e+00 7.992528e+02 8.403361e+02) (5.891344e-03 1.053130e+01 6.288852e+00)) ((-1.316837e+02 6.858412e-01 -9.311396e-02) (-2.050535e-01 1.370976e-04 -2.582492e-03))
502.48        	((-2.434170e+00 7.946253e+02 8.356450e+02) (5.920897e-03 1.049482e+01 6.271478e+00)) ((-1.309047e+02 6.835652e-01 -9.141066e-02) (-2.063433e-01 1.400686e-04 -2.579354e-03))
502.49        	((-2.425422e+00 7.900307e+02 8.309828e+02) (5.949643e-03 1.045843e+01 6.254085e+00)) ((-1.301318e+02 6.812872e-01 -8.974734e-02) (-2.075948e-01 1.436982e-04 -2.576993e-03))
502.5         	((-2.416583e+00 7.854690e+02 8.263493e+02) (5.978443e-03 1.042212e+01 6.236664e+00)) ((-1.293651e+02 6.790046e-01 -8.812566e-02) (-2.088167e-01 1.488474e-04 -2.575970e-03))
502.51        	((-2.407363e+00 7.809403e+02 8.217464e+02) (6.006531e-03 1.038589e+01 6.219221e+00)) ((-1.286043e+02 6.767189e-01 -8.653428e-02) (-2.100073e-01 1.538234e-04 -2.575091e-03))
502.52        	((-2.398029e+00 7.764451e+02 8.171799e+02) (6.034640e-03 1.034975e+01 6.201757e+00)) ((-1.278486e+02 6.744523e-01 -8.494737e-02) (-2.111662e-01 1.588592e-04 -2.574112e-03))
502.53        	((-2.388821e+00 7.719850e+02 8.126627e+02) (6.063052e-03 1.031371e+01 6.184282e+00)) ((-1.270962e+02 6.722231e-01 -8.334413e-02) (-2.123013e-01 1.652047e-04 -2.573914e-03))
502.54        	((-2.379798e+00 7.675598e+02 8.081920e+02) (6.091053e-03 1.027775e+01 6.166792e+00)) ((-1.263478e+02 6.700222e-01 -8.175037e-02) (-2.133949e-01 1.713368e-04 -2.574028e-03))
502.55        	((-2.370672e+00 7.631663e+02 8.037551e+02) (6.119273e-03 1.024188e+01 6.149294e+00)) ((-1.256050e+02 6.678632e-01 -8.010661e-02) (-2.144459e-01 1.767730e-04 -2.573634e-03))
502.56        	((-2.361386e+00 7.588029e+02 7.993414e+02) (6.148259e-03 1.020610e+01 6.131789e+00)) ((-1.248694e+02 6.657416e-01 -7.840848e-02) (-2.154568e-01 1.805020e-04 -2.571539e-03))
502.57        	((-2.352443e+00 7.544691e+02 7.949488e+02) (6.176790e-03 1.017039e+01 6.114264e+00)) ((-1.241409e+02 6.636712e-01 -7.666396e-02) (-2.164292e-01 1.838806e-04 -2.569702e-03))
502.58        	((-2.344349e+00 7.501648e+02 7.905815e+02) (6.204565e-03 1.013478e+01 6.096733e+00)) ((-1.234187e+02 6.616504e-01 -7.490951e-02) (-2.173566e-01 1.870155e-04 -2.567673e-03))
502.59        	((-2.336474e+00 7.458903e+02 7.862446e+02) (6.232010e-03 1.009927e+01 6.079198e+00)) ((-1.227018e+02 6.596149e-01 -7.321882e-02) (-2.182361e-01 1.907343e-04 -2.566652e-03))
502.6         	((-2.327982e+00 7.416458e+02 7.819403e+02) (6.259039e-03 1.006382e+01 6.061620e+00)) ((-1.219898e+02 6.575130e-01 -7.163970e-02) (-2.190430e-01 1.939802e-04 -2.564963e-03))
502.61        	((-2.318982e+00 7.374311e+02 7.776679e+02) (6.286150e-03 1.002845e+01 6.044019e+00)) ((-1.212828e+02 6.553660e-01 -7.014860e-02) (-2.197853e-01 1.975712e-04 -2.563572e-03))
502.62        	((-2.310161e+00 7.332459e+02 7.734257e+02) (6.313916e-03 9.993158e+00 6.026415e+00)) ((-1.205812e+02 6.532328e-01 -6.868777e-02) (-2.204791e-01 2.008380e-04 -2.561637e-03))
502.63        	((-2.301945e+00 7.290896e+02 7.692122e+02) (6.341310e-03 9.957961e+00 6.008817e+00)) ((-1.198851e+02 6.511302e-01 -6.720828e-02) (-2.211257e-01 2.035944e-04 -2.559500e-03))
502.64        	((-2.294125e+00 7.249621e+02 7.650273e+02) (6.364910e-03 9.922862e+00 5.991224e+00)) ((-1.191944e+02 6.489805e-01 -6.564594e-02) (-2.217253e-01 2.060965e-04 -2.557506e-03))
502.65        	((-2.286201e+00 7.208629e+02 7.608711e+02) (6.389674e-03 9.887867e+00 5.973641e+00)) ((-1.185088e+02 6.468464e-01 -6.416249e-02) (-2.222781e-01 2.088652e-04 -2.556077e-03))
502.66        	((-2.278212e+00 7.167922e+02 7.567436e+02) (6.413097e-03 9.852977e+00 5.956066e+00)) ((-1.178280e+02 6.447158e-01 -6.274019e-02) (-2.227824e-01 2.111578e-04 -2.554281e-03))
502.67        	((-2.270394e+00 7.127499e+02 7.526446e+02) (6.436508e-03 9.818194e+00 5.938502e+00)) ((-1.171521e+02 6.426122e-01 -6.134791e-02) (-2.232337e-01 2.136206e-04 -2.552388e-03))
502.68        	((-2.262723e+00 7.087359e+02 7.485740e+02) (6.460053e-03 9.783531e+00 5.920966e+00)) ((-1.164811e+02 6.405280e-01 -5.993723e-02) (-2.236447e-01 2.169141e-04 -2.551207e-03))
502.69        	((-2.255054e+00 7.047502e+02 7.445312e+02) (6.483695e-03 9.748983e+00 5.903451e+00)) ((-1.158150e+02 6.384582e-01 -5.849308e-02) (-2.240184e-01 2.199465e-04 -2.549265e-03))
502.7         	((-2.247283e+00 7.007923e+02 7.405159e+02) (6.506940e-03 9.714555e+00 5.885962e+00)) ((-1.151540e+02 6.363976e-01 -5.702023e-02) (-2.243504e-01 2.226531e-04 -2.546694e-03))
502.71        	((-2.239424e+00 6.968621e+02 7.365275e+02) (6.530047e-03 9.680239e+00 5.868494e+00)) ((-1.144980e+02 6.343519e-01 -5.552877e-02) (-2.246350e-01 2.255625e-04 -2.543823e-03))
502.72        	((-2.231534e+00 6.929591e+02 7.325656e+02) (6.552968e-03 9.646045e+00 5.851051e+00)) ((-1.138468e+02 6.323294e-01 -5.401910e-02) (-2.248816e-01 2.284039e-04 -2.540695e-03))
502.73        	((-2.223651e+00 6.890830e+02 7.286297e+02) (6.575374e-03 9.611960e+00 5.833625e+00)) ((-1.132005e+02 6.303370e-01 -5.248523e-02) (-2.250978e-01 2.323193e-04 -2.538708e-03))
502.74        	((-2.215753e+00 6.852334e+02 7.247199e+02) (6.597577e-03 9.577987e+00 5.816216e+00)) ((-1.125590e+02 6.283715e-01 -5.093021e-02) (-2.252888e-01 2.364769e-04 -2.536936e-03))
502.75        	((-2.207804e+00 6.814101e+02 7.208362e+02) (6.619749e-03 9.544136e+00 5.798834e+00)) ((-1.119225e+02 6.264240e-01 -4.936564e-02) (-2.254618e-01 2.401167e-04 -2.534571e-03))
502.76        	((-2.199789e+00 6.776133e+02 7.169789e+02) (6.642062e-03 9.510412e+00 5.781481e+00)) ((-1.112906e+02 6.244864e-01 -4.780512e-02) (-2.256161e-01 2.437800e-04 -2.531816e-03))
502.77        	((-2.191719e+00 6.738434e+02 7.131480e+02) (6.664104e-03 9.476825e+00 5.764166e+00)) ((-1.106632e+02 6.225561e-01 -4.625472e-02) (-2.257468e-01 2.470975e-04 -2.528868e-03))
502.78        	((-2.183619e+00 6.701000e+02 7.093432e+02) (6.685299e-03 9.443382e+00 5.746899e+00)) ((-1.100401e+02 6.206301e-01 -4.471520e-02) (-2.258561e-01 2.510456e-04 -2.526998e-03))
502.79        	((-2.175514e+00 6.663829e+02 7.055641e+02) (6.706637e-03 9.410076e+00 5.729678e+00)) ((-1.094215e+02 6.187185e-01 -4.318590e-02) (-2.259509e-01 2.548558e-04 -2.524999e-03))
502.8         	((-2.167424e+00 6.626915e+02 7.018103e+02) (6.728629e-03 9.376912e+00 5.712504e+00)) ((-1.088073e+02 6.168177e-01 -4.166817e-02) (-2.260289e-01 2.569732e-04 -2.520546e-03))
502.81        	((-2.159385e+00 6.590255e+02 6.980815e+02) (6.750341e-03 9.343889e+00 5.695376e+00)) ((-1.081975e+02 6.149292e-01 -4.016752e-02) (-2.260815e-01 2.580394e-04 -2.515319e-03))
502.82        	((-2.151395e+00 6.553848e+02 6.943775e+02) (6.771871e-03 9.311014e+00 5.678299e+00)) ((-1.075923e+02 6.130440e-01 -3.869180e-02) (-2.261097e-01 2.584712e-04 -2.509738e-03))
502.83        	((-2.143426e+00 6.517692e+02 6.906981e+02) (6.793178e-03 9.278290e+00 5.661275e+00)) ((-1.069913e+02 6.111595e-01 -3.724525e-02) (-2.261235e-01 2.582480e-04 -2.503824e-03))
502.84        	((-2.135469e+00 6.481786e+02 6.870431e+02) (6.814398e-03 9.245716e+00 5.644306e+00)) ((-1.063947e+02 6.092716e-01 -3.582262e-02) (-2.261232e-01 2.583160e-04 -2.498264e-03))
502.85        	((-2.127536e+00 6.446129e+02 6.834123e+02) (6.835306e-03 9.213295e+00 5.627395e+00)) ((-1.058023e+02 6.073849e-01 -3.441778e-02) (-2.261101e-01 2.593448e-04 -2.493900e-03))
502.86        	((-2.119656e+00 6.410718e+02 6.798053e+02) (6.855838e-03 9.181025e+00 5.610544e+00)) ((-1.052140e+02 6.055055e-01 -3.301948e-02) (-2.260826e-01 2.606315e-04 -2.489713e-03))
502.87        	((-2.111812e+00 6.375548e+02 6.762216e+02) (6.876516e-03 9.148901e+00 5.593747e+00)) ((-1.046301e+02 6.036358e-01 -3.162686e-02) (-2.260338e-01 2.623737e-04 -2.485632e-03))
502.88        	((-2.103971e+00 6.340617e+02 6.726609e+02) (6.895760e-03 9.116913e+00 5.577003e+00)) ((-1.040505e+02 6.017740e-01 -3.024078e-02) (-2.259723e-01 2.664537e-04 -2.484070e-03))
502.89        	((-2.096109e+00 6.305923e+02 6.691233e+02) (6.915732e-03 9.085049e+00 5.560301e+00)) ((-1.034751e+02 5.999242e-01 -2.886014e-02) (-2.259070e-01 2.706602e-04 -2.482813e-03))
502.9         	((-2.088228e+00 6.271467e+02 6.656092e+02) (6.935949e-03 9.053312e+00 5.543646e+00)) ((-1.029037e+02 5.980879e-01 -2.748162e-02) (-2.258414e-01 2.741865e-04 -2.480640e-03))
502.91        	((-2.080369e+00 6.237249e+02 6.621186e+02) (6.956188e-03 9.021707e+00 5.527035e+00)) ((-1.023363e+02 5.962688e-01 -2.609714e-02) (-2.257700e-01 2.771802e-04 -2.477607e-03))
502.92        	((-2.072212e+00 6.203265e+02 6.586510e+02) (6.976323e-03 8.990234e+00 5.510470e+00)) ((-1.017730e+02 5.944553e-01 -2.470589e-02) (-2.256865e-01 2.800232e-04 -2.474692e-03))
502.93        	((-2.063698e+00 6.169512e+02 6.552057e+02) (6.996761e-03 8.958898e+00 5.493954e+00)) ((-1.012137e+02 5.926532e-01 -2.329609e-02) (-2.255940e-01 2.826795e-04 -2.471615e-03))
502.94        	((-2.055512e+00 6.135988e+02 6.517825e+02) (7.017864e-03 8.927703e+00 5.477492e+00)) ((-1.006584e+02 5.908973e-01 -2.184460e-02) (-2.254921e-01 2.857168e-04 -2.468941e-03))
502.95        	((-2.048235e+00 6.102689e+02 6.483818e+02) (7.038427e-03 8.896643e+00 5.461074e+00)) ((-1.001071e+02 5.892140e-01 -2.033435e-02) (-2.253790e-01 2.892234e-04 -2.466735e-03))
502.96        	((-2.041557e+00 6.069620e+02 6.450025e+02) (7.058595e-03 8.865720e+00 5.444706e+00)) ((-9.955993e+01 5.875351e-01 -1.887435e-02) (-2.252562e-01 2.925410e-04 -2.464297e-03))
502.97        	((-2.034629e+00 6.036777e+02 6.416452e+02) (7.077733e-03 8.834935e+00 5.428392e+00)) ((-9.901656e+01 5.858088e-01 -1.752147e-02) (-2.251252e-01 2.958681e-04 -2.461876e-03))
502.98        	((-2.027165e+00 6.004156e+02 6.383101e+02) (7.097077e-03 8.804288e+00 5.412132e+00)) ((-9.847690e+01 5.840312e-01 -1.627251e-02) (-2.249883e-01 2.988334e-04 -2.459032e-03))
502.99        	((-2.019561e+00 5.971754e+02 6.349971e+02) (7.116660e-03 8.773784e+00 5.395931e+00)) ((-9.794095e+01 5.822389e-01 -1.507912e-02) (-2.248462e-01 3.014796e-04 -2.455898e-03))
503           	((-2.012289e+00 5.939570e+02 6.317059e+02) (7.136260e-03 8.743424e+00 5.379790e+00)) ((-9.740878e+01 5.804609e-01 -1.391047e-02) (-2.246992e-01 3.038072e-04 -2.452055e-03))
503.01        	((-2.005399e+00 5.907605e+02 6.284359e+02) (7.154924e-03 8.713208e+00 5.363709e+00)) ((-9.688038e+01 5.786912e-01 -1.278120e-02) (-2.245477e-01 3.061102e-04 -2.448574e-03))
503.02        	((-1.998756e+00 5.875857e+02 6.251864e+02) (7.172880e-03 8.683132e+00 5.347687e+00)) ((-9.635582e+01 5.768983e-01 -1.173791e-02) (-2.243905e-01 3.089262e-04 -2.445941e-03))
503.03        	((-1.992028e+00 5.844312e+02 6.219585e+02) (7.190707e-03 8.653185e+00 5.331714e+00)) ((-9.583506e+01 5.751002e-01 -1.073621e-02) (-2.242225e-01 3.118255e-04 -2.443967e-03))
503.04        	((-1.985355e+00 5.812976e+02 6.187514e+02) (7.208704e-03 8.623369e+00 5.315793e+00)) ((-9.531826e+01 5.732820e-01 -9.807566e-03) (-2.240460e-01 3.144882e-04 -2.441701e-03))
503.05        	((-1.978693e+00 5.781851e+02 6.155651e+02) (7.226280e-03 8.593686e+00 5.299925e+00)) ((-9.480524e+01 5.714534e-01 -8.924421e-03) (-2.238597e-01 3.177760e-04 -2.440039e-03))
503.06        	((-1.972025e+00 5.750937e+02 6.123995e+02) (7.243855e-03 8.564129e+00 5.284106e+00)) ((-9.429576e+01 5.696335e-01 -8.041593e-03) (-2.236572e-01 3.205143e-04 -2.437542e-03))
503.07        	((-1.965349e+00 5.720233e+02 6.092548e+02) (7.261005e-03 8.534697e+00 5.268341e+00)) ((-9.378965e+01 5.678350e-01 -7.126186e-03) (-2.234417e-01 3.230684e-04 -2.434980e-03))
503.08        	((-1.958264e+00 5.689736e+02 6.061307e+02) (7.278237e-03 8.505393e+00 5.252629e+00)) ((-9.328695e+01 5.660475e-01 -6.173309e-03) (-2.232120e-01 3.254498e-04 -2.431771e-03))
503.09        	((-1.951348e+00 5.659441e+02 6.030268e+02) (7.295459e-03 8.476219e+00 5.236972e+00)) ((-9.278779e+01 5.642992e-01 -5.166651e-03) (-2.229694e-01 3.277102e-04 -2.427983e-03))
503.1         	((-1.944738e+00 5.629347e+02 5.999432e+02) (7.312227e-03 8.447174e+00 5.221371e+00)) ((-9.229221e+01 5.625935e-01 -4.111263e-03) (-2.227178e-01 3.300474e-04 -2.424499e-03))
503.11        	((-1.938349e+00 5.599449e+02 5.968789e+02) (7.329153e-03 8.418260e+00 5.205826e+00)) ((-9.180031e+01 5.609168e-01 -3.033923e-03) (-2.224579e-01 3.329190e-04 -2.421369e-03))
503.12        	((-1.932420e+00 5.569746e+02 5.938333e+02) (7.346046e-03 8.389474e+00 5.190334e+00)) ((-9.131201e+01 5.592656e-01 -1.955222e-03) (-2.221870e-01 3.355490e-04 -2.417570e-03))
503.13        	((-1.927063e+00 5.540248e+02 5.908079e+02) (7.362194e-03 8.360821e+00 5.174896e+00)) ((-9.082729e+01 5.576274e-01 -8.735855e-04) (-2.219045e-01 3.379429e-04 -2.413583e-03))
503.14        	((-1.920374e+00 5.510963e+02 5.878057e+02) (7.377594e-03 8.332305e+00 5.159519e+00)) ((-9.034456e+01 5.558856e-01 3.173207e-05) (-2.216130e-01 3.404697e-04 -2.409834e-03))
503.15        	((-1.911290e+00 5.481884e+02 5.848235e+02) (7.393427e-03 8.303928e+00 5.144202e+00)) ((-8.986505e+01 5.540407e-01 8.608608e-04) (-2.213135e-01 3.431806e-04 -2.406431e-03))
503.16        	((-1.902070e+00 5.452990e+02 5.818586e+02) (7.409912e-03 8.275686e+00 5.128944e+00)) ((-8.938945e+01 5.522599e-01 1.805355e-03) (-2.210071e-01 3.460899e-04 -2.403424e-03))
503.17        	((-1.895885e+00 5.424278e+02 5.789113e+02) (7.426945e-03 8.247580e+00 5.113746e+00)) ((-8.891778e+01 5.506969e-01 2.980595e-03) (-2.206939e-01 3.486897e-04 -2.399869e-03))
503.18        	((-1.891672e+00 5.395751e+02 5.759821e+02) (7.443153e-03 8.219609e+00 5.098606e+00)) ((-8.844966e+01 5.492350e-01 4.235873e-03) (-2.203740e-01 3.516617e-04 -2.396446e-03))
503.19        	((-1.886342e+00 5.367417e+02 5.730716e+02) (7.458066e-03 8.191772e+00 5.083524e+00)) ((-8.798459e+01 5.476684e-01 5.329685e-03) (-2.200485e-01 3.545826e-04 -2.392631e-03))
503.2         	((-1.878934e+00 5.339280e+02 5.701802e+02) (7.472568e-03 8.164069e+00 5.068501e+00)) ((-8.752238e+01 5.459609e-01 6.214241e-03) (-2.197155e-01 3.575494e-04 -2.388727e-03))
503.21        	((-1.870987e+00 5.311333e+02 5.673078e+02) (7.487638e-03 8.136499e+00 5.053535e+00)) ((-8.706322e+01 5.442323e-01 7.071861e-03) (-2.193760e-01 3.601555e-04 -2.384354e-03))
503.22        	((-1.864071e+00 5.283568e+02 5.644534e+02) (7.503005e-03 8.109064e+00 5.038630e+00)) ((-8.660744e+01 5.425930e-01 8.062058e-03) (-2.190310e-01 3.628775e-04 -2.379877e-03))
503.23        	((-1.858235e+00 5.255980e+02 5.616156e+02) (7.518284e-03 8.081764e+00 5.023788e+00)) ((-8.615522e+01 5.410140e-01 9.157360e-03) (-2.186810e-01 3.652822e-04 -2.374635e-03))
503.24        	((-1.852425e+00 5.228567e+02 5.587949e+02) (7.532782e-03 8.054597e+00 5.009008e+00)) ((-8.570642e+01 5.394257e-01 1.026962e-02) (-2.183250e-01 3.677159e-04 -2.368667e-03))
503.25        	((-1.846044e+00 5.201329e+02 5.559913e+02) (7.546394e-03 8.027558e+00 4.994287e+00)) ((-8.526102e+01 5.377761e-01 1.131820e-02) (-2.179620e-01 3.703859e-04 -2.362220e-03))
503.26        	((-1.839323e+00 5.174265e+02 5.532053e+02) (7.559985e-03 8.000646e+00 4.979628e+00)) ((-8.481907e+01 5.360792e-01 1.231481e-02) (-2.175947e-01 3.730319e-04 -2.354714e-03))
503.27        	((-1.832777e+00 5.147370e+02 5.504374e+02) (7.575455e-03 7.973847e+00 4.965034e+00)) ((-8.438057e+01 5.343727e-01 1.334065e-02) (-2.172272e-01 3.752694e-04 -2.346436e-03))
503.28        	((-1.826610e+00 5.120647e+02 5.476880e+02) (7.600427e-03 7.947141e+00 4.950500e+00)) ((-8.394560e+01 5.326480e-01 1.441300e-02) (-2.168690e-01 3.746940e-04 -2.342126e-03))
503.29        	((-1.820479e+00 5.094098e+02 5.449559e+02) (7.632616e-03 7.920603e+00 4.936009e+00)) ((-8.351446e+01 5.308604e-01 1.533795e-02) (-2.165177e-01 3.704017e-04 -2.346773e-03))
503.3         	((-1.815157e+00 5.067731e+02 5.422415e+02) (7.634708e-03 7.894253e+00 4.921597e+00)) ((-8.308625e+01 5.293197e-01 1.691265e-02) (-2.161385e-01 3.748011e-04 -2.331676e-03))
503.31        	((-1.810723e+00 5.041545e+02 5.395448e+02) (7.608338e-03 7.868101e+00 4.907274e+00)) ((-8.266021e+01 5.280949e-01 1.921714e-02) (-2.157236e-01 3.880638e-04 -2.298121e-03))
503.32        	((-1.806681e+00 5.015538e+02 5.368667e+02) (7.569179e-03 7.842109e+00 4.893035e+00)) ((-8.223590e+01 5.270899e-01 2.179884e-02) (-2.152867e-01 4.061831e-04 -2.256273e-03))
503.33        	((-1.802393e+00 4.989709e+02 5.342063e+02) (7.538681e-03 7.816242e+00 4.878861e+00)) ((-8.181345e+01 5.260707e-01 2.395831e-02) (-2.148496e-01 4.221212e-04 -2.220944e-03))
503.34        	((-1.797431e+00 4.964050e+02 5.315628e+02) (7.529435e-03 7.790488e+00 4.864742e+00)) ((-8.139362e+01 5.249203e-01 2.548670e-02) (-2.144256e-01 4.320661e-04 -2.202206e-03))
503.35        	((-1.791825e+00 4.938557e+02 5.289365e+02) (7.541954e-03 7.764849e+00 4.850674e+00)) ((-8.097618e+01 5.236364e-01 2.652943e-02) (-2.140191e-01 4.355553e-04 -2.200154e-03))
503.36        	((-1.786070e+00 4.913231e+02 5.263273e+02) (7.569159e-03 7.739325e+00 4.836659e+00)) ((-8.056142e+01 5.223102e-01 2.753686e-02) (-2.136281e-01 4.344395e-04 -2.208969e-03))
503.37        	((-1.780626e+00 4.888073e+02 5.237346e+02) (7.602651e-03 7.713917e+00 4.822702e+00)) ((-8.014965e+01 5.210103e-01 2.880265e-02) (-2.132467e-01 4.310898e-04 -2.222022e-03))
503.38        	((-1.775487e+00 4.863079e+02 5.211573e+02) (7.636391e-03 7.688632e+00 4.808806e+00)) ((-7.974119e+01 5.197228e-01 3.029492e-02) (-2.128712e-01 4.271984e-04 -2.234289e-03))
503.39        	((-1.770314e+00 4.838243e+02 5.185952e+02) (7.666945e-03 7.663473e+00 4.794975e+00)) ((-7.933609e+01 5.183910e-01 3.177515e-02) (-2.124984e-01 4.238963e-04 -2.243319e-03))
503.4         	((-1.764875e+00 4.813564e+02 5.160489e+02) (7.692810e-03 7.638445e+00 4.781210e+00)) ((-7.893416e+01 5.169791e-01 3.304309e-02) (-2.121264e-01 4.218656e-04 -2.248335e-03))
503.41        	((-1.759097e+00 4.789043e+02 5.135186e+02) (7.713684e-03 7.613551e+00 4.767512e+00)) ((-7.853512e+01 5.154906e-01 3.404534e-02) (-2.117521e-01 4.212796e-04 -2.249309e-03))
503.42        	((-1.753081e+00 4.764684e+02 5.110048e+02) (7.729957e-03 7.588791e+00 4.753881e+00)) ((-7.813858e+01 5.139643e-01 3.486681e-02) (-2.113736e-01 4.220604e-04 -2.246780e-03))
503.43        	((-1.746976e+00 4.740491e+02 5.085075e+02) (7.742641e-03 7.564168e+00 4.740315e+00)) ((-7.774433e+01 5.124457e-01 3.563567e-02) (-2.109897e-01 4.239757e-04 -2.241645e-03))
503.44        	((-1.740962e+00 4.716463e+02 5.060266e+02) (7.753167e-03 7.539680e+00 4.726816e+00)) ((-7.735236e+01 5.109647e-01 3.644014e-02) (-2.106020e-01 4.266302e-04 -2.235064e-03))
503.45        	((-1.735013e+00 4.692593e+02 5.035617e+02) (7.763125e-03 7.515326e+00 4.713382e+00)) ((-7.696284e+01 5.095220e-01 3.729757e-02) (-2.102122e-01 4.295549e-04 -2.228272e-03))
503.46        	((-1.729118e+00 4.668877e+02 5.011126e+02) (7.773885e-03 7.491104e+00 4.700012e+00)) ((-7.657597e+01 5.081012e-01 3.817198e-02) (-2.098214e-01 4.322750e-04 -2.222345e-03))
503.47        	((-1.723196e+00 4.645312e+02 4.986792e+02) (7.786454e-03 7.467010e+00 4.686705e+00)) ((-7.619183e+01 5.066817e-01 3.901615e-02) (-2.094310e-01 4.345199e-04 -2.217896e-03))
503.48        	((-1.716827e+00 4.621842e+02 4.961989e+02) (7.805736e-03 7.443045e+00 4.673453e+00)) ((-7.582581e+01 5.053737e-01 3.987981e-02) (-2.090443e-01 4.361844e-04 -2.215840e-03))
503.49        	((-1.710640e+00 4.598595e+02 4.937510e+02) (7.825175e-03 7.419206e+00 4.660269e+00)) ((-7.545824e+01 5.040455e-01 4.060151e-02) (-2.086596e-01 4.373553e-04 -2.215024e-03))
503.5         	((-1.704880e+00 4.575546e+02 4.913599e+02) (7.844444e-03 7.395494e+00 4.647160e+00)) ((-7.507925e+01 5.026228e-01 4.123667e-02) (-2.082752e-01 4.382624e-04 -2.215280e-03))
503.51        	((-1.699502e+00 4.552631e+02 4.890076e+02) (7.863727e-03 7.371908e+00 4.634129e+00)) ((-7.469461e+01 5.011471e-01 4.190950e-02) (-2.078919e-01 4.389416e-04 -2.215857e-03))
503.52        	((-1.694396e+00 4.529835e+02 4.866708e+02) (7.882966e-03 7.348448e+00 4.621168e+00)) ((-7.431506e+01 4.996926e-01 4.266546e-02) (-2.075098e-01 4.395838e-04 -2.216291e-03))
503.53        	((-1.689421e+00 4.507182e+02 4.843408e+02) (7.901932e-03 7.325114e+00 4.608272e+00)) ((-7.394542e+01 4.982850e-01 4.345109e-02) (-2.071307e-01 4.403059e-04 -2.216237e-03))
503.54        	((-1.684535e+00 4.484685e+02 4.820183e+02) (7.920281e-03 7.301907e+00 4.595435e+00)) ((-7.358276e+01 4.969062e-01 4.419285e-02) (-2.067551e-01 4.411518e-04 -2.215531e-03))
503.55        	((-1.679695e+00 4.462338e+02 4.797082e+02) (7.937640e-03 7.278825e+00 4.582656e+00)) ((-7.322211e+01 4.955088e-01 4.487123e-02) (-2.063822e-01 4.422539e-04 -2.214230e-03))
503.56        	((-1.674567e+00 4.440123e+02 4.774113e+02) (7.954102e-03 7.255871e+00 4.569938e+00)) ((-7.285985e+01 4.940847e-01 4.543767e-02) (-2.060104e-01 4.433846e-04 -2.212481e-03))
503.57        	((-1.669245e+00 4.418069e+02 4.751353e+02) (7.970049e-03 7.233044e+00 4.557281e+00)) ((-7.249652e+01 4.926233e-01 4.597049e-02) (-2.056382e-01 4.444896e-04 -2.210693e-03))
503.58        	((-1.664446e+00 4.396148e+02 4.728724e+02) (7.985504e-03 7.210343e+00 4.544686e+00)) ((-7.213642e+01 4.911786e-01 4.651648e-02) (-2.052656e-01 4.456284e-04 -2.208781e-03))
503.59        	((-1.660194e+00 4.374386e+02 4.706298e+02) (8.000542e-03 7.187773e+00 4.532158e+00)) ((-7.177935e+01 4.897561e-01 4.706500e-02) (-2.048964e-01 4.466970e-04 -2.206906e-03))
503.6         	((-1.656597e+00 4.352781e+02 4.684039e+02) (8.015094e-03 7.165334e+00 4.519695e+00)) ((-7.142751e+01 4.883422e-01 4.760160e-02) (-2.045329e-01 4.476718e-04 -2.205126e-03))
503.61        	((-1.652769e+00 4.331137e+02 4.661625e+02) (8.029023e-03 7.142980e+00 4.507264e+00)) ((-7.108337e+01 4.869110e-01 4.800384e-02) (-2.041657e-01 4.486827e-04 -2.203652e-03))
503.62        	((-1.648131e+00 4.310012e+02 4.639881e+02) (8.042612e-03 7.120746e+00 4.494889e+00)) ((-7.072628e+01 4.853969e-01 4.842052e-02) (-2.037954e-01 4.497112e-04 -2.202497e-03))
503.63        	((-1.643673e+00 4.288428e+02 4.617509e+02) (8.056065e-03 7.098627e+00 4.482565e+00)) ((-7.039316e+01 4.839777e-01 4.886921e-02) (-2.034184e-01 4.507017e-04 -2.201474e-03))
503.64        	((-1.638666e+00 4.267823e+02 4.596502e+02) (8.069400e-03 7.076558e+00 4.470265e+00)) ((-7.002923e+01 4.824510e-01 4.932369e-02) (-2.030375e-01 4.518242e-04 -2.200722e-03))
503.65        	((-1.635020e+00 4.246096e+02 4.573799e+02) (8.080856e-03 7.054635e+00 4.458081e+00)) ((-6.971673e+01 4.811353e-01 4.987898e-02) (-2.026378e-01 4.529943e-04 -2.199003e-03))
503.66        	((-1.629948e+00 4.226295e+02 4.553952e+02) (8.093964e-03 7.032689e+00 4.445828e+00)) ((-6.933641e+01 4.795804e-01 5.028310e-02) (-2.022429e-01 4.544289e-04 -2.199024e-03))
503.67        	((-1.626555e+00 4.204288e+02 4.530603e+02) (8.104680e-03 7.010894e+00 4.433688e+00)) ((-6.904850e+01 4.783663e-01 5.090828e-02) (-2.018135e-01 4.559912e-04 -2.197910e-03))
503.68        	((-1.620813e+00 4.185533e+02 4.512340e+02) (8.117289e-03 6.988890e+00 4.421366e+00)) ((-6.863949e+01 4.767193e-01 5.135688e-02) (-2.013900e-01 4.578749e-04 -2.198666e-03))
503.69        	((-1.617791e+00 4.162833e+02 4.487801e+02) (8.127049e-03 6.967012e+00 4.409118e+00)) ((-6.839048e+01 4.756667e-01 5.220816e-02) (-2.009014e-01 4.600593e-04 -2.198033e-03))
503.7         	((-1.611588e+00 4.145866e+02 4.472852e+02) (8.139221e-03 6.944561e+00 4.396458e+00)) ((-6.791825e+01 4.738125e-01 5.279235e-02) (-2.004090e-01 4.631626e-04 -2.200282e-03))
503.71        	((-1.609784e+00 4.121931e+02 4.446533e+02) (8.147728e-03 6.922052e+00 4.383766e+00)) ((-6.772900e+01 4.729546e-01 5.385547e-02) (-1.998139e-01 4.666588e-04 -2.201032e-03))
503.72        	((-1.604442e+00 4.107646e+02 4.436642e+02) (8.158839e-03 6.898339e+00 4.370261e+00)) ((-6.715260e+01 4.707317e-01 5.473184e-02) (-1.992053e-01 4.726884e-04 -2.206828e-03))
503.73        	((-1.602578e+00 4.081571e+02 4.407711e+02) (8.163549e-03 6.874394e+00 4.356622e+00)) ((-6.705455e+01 4.701004e-01 5.587614e-02) (-1.984384e-01 4.790294e-04 -2.210535e-03))
503.74        	((-1.596861e+00 4.074125e+02 4.411341e+02) (8.172972e-03 6.848131e+00 4.341494e+00)) ((-6.621905e+01 4.671258e-01 5.737115e-02) (-1.976313e-01 4.875427e-04 -2.219503e-03))
503.75        	((-1.584623e+00 4.049567e+02 4.393786e+02) (8.175293e-03 6.821078e+00 4.326174e+00)) ((-6.600697e+01 4.662203e-01 5.758720e-02) (-1.966863e-01 4.956346e-04 -2.224668e-03))
503.76        	((-1.566469e+00 4.038606e+02 4.383266e+02) (8.189207e-03 6.790896e+00 4.308946e+00)) ((-6.572248e+01 4.651911e-01 5.860399e-02) (-1.957921e-01 5.044914e-04 -2.234762e-03))
503.77        	((-1.563379e+00 4.011560e+02 4.364590e+02) (8.195220e-03 6.759504e+00 4.290796e+00)) ((-6.557480e+01 4.654524e-01 5.984265e-02) (-1.949389e-01 5.107731e-04 -2.239765e-03))
503.78        	((-1.555620e+00 3.996231e+02 4.343650e+02) (8.208858e-03 6.725076e+00 4.270647e+00)) ((-6.532914e+01 4.648339e-01 6.483148e-02) (-1.940343e-01 5.154925e-04 -2.241616e-03))
503.79        	((-1.565790e+00 3.972999e+02 4.338163e+02) (8.205108e-03 6.689314e+00 4.249195e+00)) ((-6.478764e+01 4.645026e-01 6.699810e-02) (-1.929232e-01 5.142618e-04 -2.235157e-03))
503.8         	((-1.545630e+00 3.951284e+02 4.304191e+02) (8.220163e-03 6.653591e+00 4.227888e+00)) ((-6.468161e+01 4.629982e-01 7.018261e-02) (-1.916480e-01 5.114256e-04 -2.226545e-03))
503.81        	((-1.551758e+00 3.930191e+02 4.301121e+02) (8.210989e-03 6.614071e+00 4.203333e+00)) ((-6.417711e+01 4.620537e-01 6.979439e-02) (-1.898239e-01 5.001582e-04 -2.211397e-03))
503.82        	((-1.519153e+00 3.901888e+02 4.258194e+02) (8.213863e-03 6.573658e+00 4.178147e+00)) ((-6.433972e+01 4.595597e-01 7.014337e-02) (-1.876332e-01 4.855166e-04 -2.192796e-03))
503.83        	((-1.542484e+00 3.878851e+02 4.245243e+02) (8.215579e-03 6.529075e+00 4.149390e+00)) ((-6.405518e+01 4.596458e-01 7.135999e-02) (-1.849253e-01 4.641208e-04 -2.173041e-03))
503.84        	((-1.509510e+00 3.855133e+02 4.213573e+02) (8.224543e-03 6.481015e+00 4.118280e+00)) ((-6.399554e+01 4.565864e-01 7.195627e-02) (-1.819122e-01 4.431561e-04 -2.150944e-03))
503.85        	((-1.528097e+00 3.840669e+02 4.216695e+02) (8.228462e-03 6.425805e+00 4.081374e+00)) ((-6.330141e+01 4.563509e-01 7.247823e-02) (-1.782662e-01 4.171198e-04 -2.129715e-03))
503.86        	((-1.487644e+00 3.822273e+02 4.197719e+02) (8.246927e-03 6.366724e+00 4.042999e+00)) ((-6.298780e+01 4.525847e-01 7.160109e-02) (-1.744705e-01 3.925269e-04 -2.108935e-03))
503.87        	((-1.511424e+00 3.809054e+02 4.203251e+02) (8.256424e-03 6.299940e+00 3.998695e+00)) ((-6.229115e+01 4.526539e-01 7.178242e-02) (-1.702480e-01 3.629469e-04 -2.090692e-03))
503.88        	((-1.476155e+00 3.787621e+02 4.178059e+02) (8.300461e-03 6.234880e+00 3.956669e+00)) ((-6.217538e+01 4.494980e-01 7.080237e-02) (-1.665570e-01 3.376195e-04 -2.071995e-03))
503.89        	((-1.505473e+00 3.773356e+02 4.178638e+02) (8.301246e-03 6.158169e+00 3.905607e+00)) ((-6.161397e+01 4.505764e-01 7.155987e-02) (-1.623963e-01 3.071141e-04 -2.056504e-03))
503.9         	((-1.473261e+00 3.751821e+02 4.148309e+02) (8.337657e-03 6.085325e+00 3.857597e+00)) ((-6.157487e+01 4.481396e-01 7.073854e-02) (-1.588506e-01 2.820300e-04 -2.039599e-03))
503.91        	((-1.508831e+00 3.739657e+02 4.152088e+02) (8.322355e-03 6.001896e+00 3.802319e+00)) ((-6.095157e+01 4.487947e-01 7.149841e-02) (-1.551639e-01 2.499620e-04 -2.022069e-03))
503.92        	((-1.466277e+00 3.719911e+02 4.127150e+02) (8.348823e-03 5.924371e+00 3.751473e+00)) ((-6.085652e+01 4.443766e-01 6.845475e-02) (-1.521181e-01 2.218045e-04 -2.002040e-03))
503.93        	((-1.501511e+00 3.710723e+02 4.133473e+02) (8.339283e-03 5.840324e+00 3.695880e+00)) ((-6.019787e+01 4.450895e-01 6.908834e-02) (-1.492138e-01 1.879028e-04 -1.982961e-03))
503.94        	((-1.445770e+00 3.692042e+02 4.104184e+02) (8.316214e-03 5.756291e+00 3.640071e+00)) ((-6.017382e+01 4.410169e-01 6.494964e-02) (-1.465969e-01 1.565519e-04 -1.960761e-03))
503.95        	((-1.486395e+00 3.682654e+02 4.106866e+02) (8.300059e-03 5.672626e+00 3.584742e+00)) ((-5.958308e+01 4.433088e-01 6.775544e-02) (-1.445108e-01 1.219320e-04 -1.939096e-03))
503.96        	((-1.431660e+00 3.663881e+02 4.081158e+02) (8.298272e-03 5.595014e+00 3.533852e+00)) ((-5.955282e+01 4.394053e-01 6.462218e-02) (-1.429161e-01 9.075072e-05 -1.914836e-03))
503.97        	((-1.482031e+00 3.655387e+02 4.085953e+02) (8.256838e-03 5.514305e+00 3.480829e+00)) ((-5.894909e+01 4.426422e-01 6.943213e-02) (-1.418570e-01 5.741866e-05 -1.890563e-03))
503.98        	((-1.424875e+00 3.638699e+02 4.062780e+02) (8.230656e-03 5.440816e+00 3.433076e+00)) ((-5.887976e+01 4.390395e-01 6.630131e-02) (-1.412827e-01 3.049709e-05 -1.868084e-03))
503.99        	((-1.475899e+00 3.631562e+02 4.066557e+02) (8.170308e-03 5.366203e+00 3.384748e+00)) ((-5.828325e+01 4.425950e-01 7.138369e-02) (-1.414178e-01 3.118228e-06 -1.845338e-03))
504           	((-1.420480e+00 3.616764e+02 4.045084e+02) (8.129466e-03 5.299430e+00 3.342099e+00)) ((-5.818511e+01 4.390580e-01 6.807739e-02) (-1.420018e-01 -1.676016e-05 -1.826095e-03))
504.01        	((-1.473672e+00 3.609941e+02 4.047935e+02) (8.057623e-03 5.233219e+00 3.300182e+00)) ((-5.762014e+01 4.425784e-01 7.329634e-02) (-1.434283e-01 -3.428310e-05 -1.806622e-03))
504.02        	((-1.429076e+00 3.596214e+02 4.028739e+02) (8.001439e-03 5.175058e+00 3.264094e+00)) ((-5.751418e+01 4.394654e-01 7.073334e-02) (-1.452016e-01 -4.439004e-05 -1.793128e-03))
504.03        	((-1.481831e+00 3.588571e+02 4.029602e+02) (7.916434e-03 5.118910e+00 3.229930e+00)) ((-5.702189e+01 4.425182e-01 7.527990e-02) (-1.478559e-01 -5.465651e-05 -1.774515e-03))
504.04        	((-1.448356e+00 3.575413e+02 4.011738e+02) (7.850061e-03 5.070462e+00 3.201327e+00)) ((-5.691995e+01 4.396122e-01 7.271825e-02) (-1.507092e-01 -5.858035e-05 -1.760650e-03))
504.05        	((-1.496784e+00 3.566651e+02 4.009586e+02) (7.760146e-03 5.024905e+00 3.175355e+00)) ((-5.649296e+01 4.416477e-01 7.541331e-02) (-1.544334e-01 -5.548574e-05 -1.745308e-03))
504.06        	((-1.472208e+00 3.554075e+02 3.992622e+02) (7.683144e-03 4.986270e+00 3.154332e+00)) ((-5.637103e+01 4.385631e-01 7.217088e-02) (-1.581968e-01 -4.595416e-05 -1.737829e-03))
504.07        	((-1.518048e+00 3.544524e+02 3.988174e+02) (7.584610e-03 4.952101e+00 3.136726e+00)) ((-5.598015e+01 4.395999e-01 7.276835e-02) (-1.623802e-01 -2.834543e-05 -1.724742e-03))
504.08        	((-1.499363e+00 3.532242e+02 3.971667e+02) (7.460432e-03 4.922378e+00 3.122499e+00)) ((-5.585081e+01 4.363307e-01 6.876025e-02) (-1.668211e-01 2.958318e-06 -1.692872e-03))
504.09        	((-1.540816e+00 3.521804e+02 3.965217e+02) (7.381031e-03 4.897066e+00 3.111340e+00)) ((-5.550698e+01 4.363049e-01 6.753983e-02) (-1.713836e-01 2.318373e-05 -1.675957e-03))
504.1         	((-1.526581e+00 3.509703e+02 3.949395e+02) (7.372968e-03 4.875377e+00 3.103096e+00)) ((-5.537731e+01 4.327556e-01 6.311429e-02) (-1.759364e-01 2.055872e-05 -1.730786e-03))
504.11        	((-1.566715e+00 3.498489e+02 3.941500e+02) (7.343995e-03 4.857151e+00 3.097239e+00)) ((-5.506944e+01 4.324042e-01 6.235208e-02) (-1.804947e-01 2.491746e-05 -1.763182e-03))
504.12        	((-1.557445e+00 3.486420e+02 3.926018e+02) (7.302131e-03 4.841785e+00 3.093500e+00)) ((-5.493716e+01 4.291593e-01 5.913772e-02) (-1.849134e-01 3.217571e-05 -1.791909e-03))
504.13        	((-1.593308e+00 3.474503e+02 3.916721e+02) (7.228180e-03 4.828973e+00 3.091446e+00)) ((-5.465208e+01 4.289343e-01 5.911882e-02) (-1.892017e-01 4.920875e-05 -1.795529e-03))
504.14        	((-1.583820e+00 3.462266e+02 3.901150e+02) (7.128140e-03 4.818181e+00 3.090737e+00)) ((-5.451364e+01 4.264019e-01 5.745841e-02) (-1.932257e-01 7.362091e-05 -1.780221e-03))
504.15        	((-1.614615e+00 3.449841e+02 3.890880e+02) (7.029738e-03 4.809201e+00 3.091066e+00)) ((-5.423653e+01 4.262629e-01 5.782556e-02) (-1.969901e-01 9.943362e-05 -1.761861e-03))
504.16        	((-1.602588e+00 3.437653e+02 3.875501e+02) (6.937579e-03 4.801557e+00 3.092150e+00)) ((-5.408590e+01 4.238884e-01 5.646506e-02) (-2.004005e-01 1.254545e-04 -1.750097e-03))
504.17        	((-1.627241e+00 3.424842e+02 3.864533e+02) (6.861320e-03 4.795159e+00 3.093803e+00)) ((-5.381878e+01 4.237273e-01 5.686234e-02) (-2.035249e-01 1.472849e-04 -1.745558e-03))
504.18        	((-1.611847e+00 3.412587e+02 3.849093e+02) (6.792979e-03 4.789612e+00 3.095830e+00)) ((-5.367063e+01 4.216917e-01 5.644013e-02) (-2.063158e-01 1.677919e-04 -1.744879e-03))
504.19        	((-1.631271e+00 3.399449e+02 3.837489e+02) (6.733044e-03 4.784910e+00 3.098127e+00)) ((-5.341453e+01 4.218164e-01 5.806797e-02) (-2.088407e-01 1.859793e-04 -1.744566e-03))
504.2         	((-1.612943e+00 3.387135e+02 3.821934e+02) (6.674562e-03 4.780670e+00 3.100514e+00)) ((-5.326436e+01 4.202892e-01 5.921809e-02) (-2.110570e-01 2.063587e-04 -1.745242e-03))
504.21        	((-1.628446e+00 3.373722e+02 3.809771e+02) (6.621254e-03 4.776959e+00 3.102953e+00)) ((-5.301097e+01 4.206952e-01 6.175553e-02) (-2.130550e-01 2.252808e-04 -1.745131e-03))
504.22        	((-1.607614e+00 3.361320e+02 3.794071e+02) (6.568639e-03 4.773440e+00 3.105297e+00)) ((-5.285575e+01 4.193872e-01 6.328850e-02) (-2.147950e-01 2.431977e-04 -1.742423e-03))
504.23        	((-1.618809e+00 3.347713e+02 3.781507e+02) (6.523250e-03 4.770235e+00 3.107547e+00)) ((-5.260168e+01 4.197494e-01 6.559884e-02) (-2.163484e-01 2.619810e-04 -1.740601e-03))
504.24        	((-1.594396e+00 3.335278e+02 3.765742e+02) (6.482030e-03 4.767004e+00 3.109567e+00)) ((-5.244167e+01 4.183846e-01 6.689444e-02) (-2.176851e-01 2.790613e-04 -1.741315e-03))
504.25        	((-1.602613e+00 3.321545e+02 3.752895e+02) (6.445615e-03 4.763914e+00 3.111392e+00)) ((-5.218699e+01 4.186730e-01 6.897190e-02) (-2.188866e-01 2.966611e-04 -1.740682e-03))
504.26        	((-1.576498e+00 3.309110e+02 3.737072e+02) (6.416434e-03 4.760645e+00 3.112905e+00)) ((-5.202474e+01 4.173412e-01 7.017218e-02) (-2.198951e-01 3.113099e-04 -1.743768e-03))
504.27        	((-1.583495e+00 3.295265e+02 3.723926e+02) (6.389657e-03 4.757396e+00 3.114156e+00)) ((-5.177184e+01 4.176165e-01 7.225006e-02) (-2.207801e-01 3.263369e-04 -1.742264e-03))
504.28        	((-1.556299e+00 3.282804e+02 3.708001e+02) (6.370523e-03 4.753872e+00 3.115055e+00)) ((-5.160877e+01 4.162244e-01 7.332701e-02) (-2.214829e-01 3.374232e-04 -1.745733e-03))
504.29        	((-1.562106e+00 3.268877e+02 3.694622e+02) (6.350235e-03 4.750293e+00 3.115666e+00)) ((-5.135579e+01 4.163432e-01 7.499304e-02) (-2.220843e-01 3.489839e-04 -1.743430e-03))
504.3         	((-1.533662e+00 3.256416e+02 3.678663e+02) (6.339025e-03 4.746356e+00 3.115894e+00)) ((-5.118954e+01 4.147755e-01 7.557293e-02) (-2.225347e-01 3.567154e-04 -1.748010e-03))
504.31        	((-1.539042e+00 3.242436e+02 3.665118e+02) (6.324405e-03 4.742591e+00 3.116020e+00)) ((-5.093505e+01 4.147431e-01 7.675939e-02) (-2.229745e-01 3.642839e-04 -1.743079e-03))
504.32        	((-1.491531e+00 3.234538e+02 3.655323e+02) (6.323402e-03 4.737856e+00 3.115439e+00)) ((-5.078490e+01 4.127414e-01 7.771270e-02) (-2.233366e-01 3.688001e-04 -1.747426e-03))
504.33        	((-1.499511e+00 3.220637e+02 3.642939e+02) (6.322598e-03 4.733286e+00 3.114921e+00)) ((-5.050715e+01 4.130824e-01 7.917057e-02) (-2.238625e-01 3.754548e-04 -1.742515e-03))
504.34        	((-1.474096e+00 3.205875e+02 3.622972e+02) (6.324438e-03 4.728932e+00 3.114336e+00)) ((-5.038066e+01 4.118192e-01 7.960273e-02) (-2.241882e-01 3.762679e-04 -1.745101e-03))
504.35        	((-1.484509e+00 3.190038e+02 3.606709e+02) (6.316292e-03 4.725771e+00 3.114386e+00)) ((-5.013672e+01 4.122050e-01 8.048451e-02) (-2.244847e-01 3.791257e-04 -1.738206e-03))
504.36        	((-1.454681e+00 3.177298e+02 3.591046e+02) (6.317230e-03 4.722661e+00 3.114461e+00)) ((-4.994928e+01 4.106759e-01 8.053486e-02) (-2.246987e-01 3.791211e-04 -1.742575e-03))
504.37        	((-1.459152e+00 3.164129e+02 3.579133e+02) (6.312291e-03 4.719775e+00 3.114612e+00)) ((-4.966649e+01 4.105153e-01 8.110117e-02) (-2.250152e-01 3.830410e-04 -1.738119e-03))
504.38        	((-1.406814e+00 3.158395e+02 3.572644e+02) (6.325048e-03 4.715898e+00 3.114197e+00)) ((-4.949970e+01 4.083110e-01 8.176819e-02) (-2.253886e-01 3.846231e-04 -1.744949e-03))
504.39        	((-1.416678e+00 3.145208e+02 3.560597e+02) (6.336192e-03 4.711939e+00 3.113702e+00)) ((-4.924272e+01 4.085843e-01 8.299868e-02) (-2.259945e-01 3.897171e-04 -1.742076e-03))
504.4         	((-1.394216e+00 3.130035e+02 3.539701e+02) (6.353112e-03 4.708703e+00 3.113725e+00)) ((-4.914038e+01 4.072800e-01 8.311073e-02) (-2.266766e-01 3.913185e-04 -1.748082e-03))
504.41        	((-1.408868e+00 3.112398e+02 3.520674e+02) (6.357300e-03 4.706749e+00 3.114518e+00)) ((-4.891887e+01 4.076096e-01 8.312757e-02) (-2.274710e-01 3.961803e-04 -1.744289e-03))
504.42        	((-1.382023e+00 3.098327e+02 3.503635e+02) (6.369275e-03 4.704968e+00 3.115472e+00)) ((-4.871883e+01 4.059156e-01 8.208186e-02) (-2.282635e-01 3.989462e-04 -1.753133e-03))
504.43        	((-1.391342e+00 3.084532e+02 3.491120e+02) (6.372489e-03 4.703553e+00 3.116651e+00)) ((-4.841103e+01 4.055943e-01 8.152851e-02) (-2.291507e-01 4.050337e-04 -1.751790e-03))
504.44        	((-1.343274e+00 3.079746e+02 3.486344e+02) (6.392138e-03 4.701166e+00 3.117313e+00)) ((-4.820804e+01 4.030589e-01 8.131162e-02) (-2.299985e-01 4.089721e-04 -1.762892e-03))
504.45        	((-1.359008e+00 3.067293e+02 3.474752e+02) (6.411027e-03 4.698671e+00 3.117887e+00)) ((-4.794842e+01 4.029871e-01 8.159870e-02) (-2.309160e-01 4.165146e-04 -1.764718e-03))
504.46        	((-1.341924e+00 3.052627e+02 3.453979e+02) (6.431250e-03 4.696641e+00 3.118745e+00)) ((-4.785641e+01 4.013246e-01 8.058275e-02) (-2.317239e-01 4.213821e-04 -1.776786e-03))
504.47        	((-1.362244e+00 3.034556e+02 3.433542e+02) (6.437383e-03 4.695461e+00 3.119969e+00)) ((-4.766168e+01 4.013281e-01 7.942373e-02) (-2.324355e-01 4.275654e-04 -1.778878e-03))
504.48        	((-1.339901e+00 3.019792e+02 3.415231e+02) (6.449331e-03 4.693922e+00 3.120848e+00)) ((-4.747822e+01 3.993052e-01 7.740615e-02) (-2.329396e-01 4.307614e-04 -1.791418e-03))
504.49        	((-1.355290e+00 3.005352e+02 3.401547e+02) (6.452843e-03 4.692115e+00 3.121372e+00)) ((-4.718209e+01 3.987922e-01 7.626001e-02) (-2.333440e-01 4.359911e-04 -1.793725e-03))
504.5         	((-1.312187e+00 3.000494e+02 3.396863e+02) (6.471003e-03 4.688636e+00 3.120766e+00)) ((-4.697480e+01 3.960053e-01 7.550082e-02) (-2.335460e-01 4.379844e-04 -1.806254e-03))
504.51        	((-1.333170e+00 2.988218e+02 3.385228e+02) (6.486649e-03 4.684343e+00 3.119494e+00)) ((-4.671700e+01 3.957499e-01 7.529712e-02) (-2.336906e-01 4.428512e-04 -1.809868e-03))
504.52        	((-1.319305e+00 2.974049e+02 3.364889e+02) (6.501404e-03 4.679848e+00 3.117961e+00)) ((-4.662201e+01 3.939497e-01 7.387304e-02) (-2.336504e-01 4.426812e-04 -1.819737e-03))
504.53        	((-1.342553e+00 2.956323e+02 3.344287e+02) (6.500797e-03 4.675941e+00 3.116545e+00)) ((-4.643022e+01 3.938470e-01 7.240645e-02) (-2.335504e-01 4.434590e-04 -1.820773e-03))
504.54        	((-1.299144e+00 2.947401e+02 3.334242e+02) (6.509301e-03 4.670668e+00 3.114110e+00)) ((-4.625538e+01 3.914273e-01 7.106622e-02) (-2.333206e-01 4.421018e-04 -1.831036e-03))
504.55        	((-1.316068e+00 2.932925e+02 3.320929e+02) (6.517386e-03 4.664551e+00 3.110961e+00)) ((-4.596093e+01 3.915161e-01 7.119841e-02) (-2.330873e-01 4.427376e-04 -1.832443e-03))
504.56        	((-1.298842e+00 2.919984e+02 3.303413e+02) (6.529792e-03 4.658075e+00 3.107473e+00)) ((-4.580543e+01 3.899082e-01 7.114698e-02) (-2.326967e-01 4.400628e-04 -1.840791e-03))
504.57        	((-1.325245e+00 2.905634e+02 3.287525e+02) (6.529934e-03 4.652158e+00 3.104161e+00)) ((-4.558730e+01 3.901524e-01 7.149735e-02) (-2.322791e-01 4.381884e-04 -1.839667e-03))
504.58        	((-1.283118e+00 2.899627e+02 3.281034e+02) (6.535754e-03 4.645088e+00 3.100098e+00)) ((-4.544009e+01 3.879312e-01 7.112148e-02) (-2.318209e-01 4.347608e-04 -1.846102e-03))
504.59        	((-1.299638e+00 2.885263e+02 3.267003e+02) (6.540258e-03 4.637481e+00 3.095673e+00)) ((-4.519474e+01 3.882149e-01 7.142278e-02) (-2.315033e-01 4.339722e-04 -1.844872e-03))
504.6         	((-1.279161e+00 2.870326e+02 3.246402e+02) (6.548746e-03 4.629738e+00 3.091131e+00)) ((-4.506598e+01 3.868345e-01 7.136803e-02) (-2.311880e-01 4.297742e-04 -1.848771e-03))
504.61        	((-1.303125e+00 2.853783e+02 3.227327e+02) (6.547746e-03 4.622660e+00 3.086856e+00)) ((-4.484303e+01 3.873564e-01 7.216411e-02) (-2.309780e-01 4.274829e-04 -1.845917e-03))
504.62        	((-1.260743e+00 2.847219e+02 3.220598e+02) (6.553497e-03 4.614561e+00 3.081922e+00)) ((-4.466405e+01 3.853495e-01 7.250883e-02) (-2.307992e-01 4.254253e-04 -1.851311e-03))
504.63        	((-1.280354e+00 2.833921e+02 3.208384e+02) (6.559366e-03 4.606148e+00 3.076832e+00)) ((-4.439946e+01 3.857721e-01 7.340953e-02) (-2.307675e-01 4.264345e-04 -1.850591e-03))
504.64        	((-1.262685e+00 2.820665e+02 3.190321e+02) (6.563923e-03 4.597903e+00 3.071931e+00)) ((-4.427268e+01 3.843565e-01 7.321317e-02) (-2.307146e-01 4.263445e-04 -1.855179e-03))
504.65        	((-1.287074e+00 2.804949e+02 3.172015e+02) (6.558541e-03 4.590609e+00 3.067593e+00)) ((-4.407026e+01 3.845547e-01 7.321136e-02) (-2.307282e-01 4.281619e-04 -1.854320e-03))
504.66        	((-1.243162e+00 2.798235e+02 3.164724e+02) (6.558984e-03 4.582476e+00 3.062756e+00)) ((-4.390880e+01 3.822797e-01 7.268452e-02) (-2.307330e-01 4.293423e-04 -1.860593e-03))
504.67        	((-1.262052e+00 2.784140e+02 3.150763e+02) (6.561220e-03 4.574023e+00 3.057723e+00)) ((-4.365442e+01 3.825795e-01 7.326239e-02) (-2.308302e-01 4.322820e-04 -1.861050e-03))
504.68        	((-1.245966e+00 2.770304e+02 3.131745e+02) (6.561942e-03 4.565542e+00 3.052648e+00)) ((-4.352352e+01 3.811581e-01 7.324627e-02) (-2.308300e-01 4.339399e-04 -1.866041e-03))
504.69        	((-1.272574e+00 2.754668e+02 3.113511e+02) (6.553219e-03 4.557759e+00 3.047877e+00)) ((-4.332042e+01 3.814412e-01 7.348074e-02) (-2.307966e-01 4.358752e-04 -1.865914e-03))
504.7         	((-1.231548e+00 2.748512e+02 3.107346e+02) (6.548159e-03 4.548955e+00 3.042439e+00)) ((-4.316086e+01 3.791289e-01 7.277564e-02) (-2.306541e-01 4.368605e-04 -1.870837e-03))
504.71        	((-1.251455e+00 2.734931e+02 3.094017e+02) (6.545169e-03 4.539708e+00 3.036722e+00)) ((-4.291931e+01 3.792713e-01 7.284555e-02) (-2.305174e-01 4.388658e-04 -1.871089e-03))
504.72        	((-1.235598e+00 2.721402e+02 3.075295e+02) (6.539400e-03 4.530325e+00 3.030881e+00)) ((-4.279607e+01 3.777137e-01 7.233525e-02) (-2.302380e-01 4.395186e-04 -1.874656e-03))
504.73        	((-1.261347e+00 2.705837e+02 3.056705e+02) (6.526141e-03 4.521509e+00 3.025222e+00)) ((-4.259546e+01 3.779126e-01 7.238737e-02) (-2.299161e-01 4.399576e-04 -1.873969e-03))
504.74        	((-1.219943e+00 2.699691e+02 3.050351e+02) (6.516361e-03 4.511566e+00 3.018766e+00)) ((-4.243077e+01 3.756738e-01 7.186430e-02) (-2.295032e-01 4.398741e-04 -1.877360e-03))
504.75        	((-1.238890e+00 2.686271e+02 3.036971e+02) (6.511272e-03 4.501074e+00 3.011916e+00)) ((-4.218981e+01 3.759439e-01 7.239291e-02) (-2.291164e-01 4.403812e-04 -1.876834e-03))
504.76        	((-1.222907e+00 2.673043e+02 3.018737e+02) (6.503180e-03 4.490372e+00 3.004869e+00)) ((-4.207103e+01 3.745460e-01 7.235381e-02) (-2.286091e-01 4.400069e-04 -1.878622e-03))
504.77        	((-1.247150e+00 2.657771e+02 3.000513e+02) (6.488414e-03 4.480201e+00 2.997999e+00)) ((-4.188376e+01 3.748718e-01 7.278168e-02) (-2.280787e-01 4.395952e-04 -1.877331e-03))
504.78        	((-1.204913e+00 2.651789e+02 2.994545e+02) (6.476243e-03 4.468959e+00 2.990405e+00)) ((-4.172976e+01 3.728087e-01 7.251002e-02) (-2.274855e-01 4.393235e-04 -1.879484e-03))
504.79        	((-1.221890e+00 2.638457e+02 2.981088e+02) (6.469892e-03 4.457242e+00 2.982515e+00)) ((-4.149734e+01 3.732824e-01 7.339801e-02) (-2.269540e-01 4.396619e-04 -1.878818e-03))
504.8         	((-1.204948e+00 2.625367e+02 2.963000e+02) (6.460017e-03 4.445394e+00 2.974501e+00)) ((-4.137555e+01 3.721945e-01 7.395427e-02) (-2.263470e-01 4.399025e-04 -1.879288e-03))
504.81        	((-1.226500e+00 2.610284e+02 2.944829e+02) (6.445967e-03 4.434134e+00 2.966717e+00)) ((-4.118454e+01 3.727666e-01 7.514638e-02) (-2.257583e-01 4.396697e-04 -1.877477e-03))
504.82        	((-1.182945e+00 2.604534e+02 2.939239e+02) (6.434599e-03 4.421905e+00 2.958286e+00)) ((-4.102692e+01 3.710011e-01 7.558706e-02) (-2.251413e-01 4.399184e-04 -1.877518e-03))
504.83        	((-1.195129e+00 2.591464e+02 2.925995e+02) (6.431223e-03 4.409302e+00 2.949652e+00)) ((-4.080168e+01 3.716695e-01 7.715311e-02) (-2.246040e-01 4.404477e-04 -1.875582e-03))
504.84        	((-1.174897e+00 2.578637e+02 2.908361e+02) (6.425126e-03 4.396646e+00 2.940973e+00)) ((-4.068794e+01 3.708669e-01 7.843125e-02) (-2.240045e-01 4.411371e-04 -1.873830e-03))
504.85        	((-1.190832e+00 2.563724e+02 2.890345e+02) (6.417241e-03 4.384653e+00 2.932609e+00)) ((-4.050863e+01 3.717178e-01 8.049683e-02) (-2.234312e-01 4.410699e-04 -1.870547e-03))
504.86        	((-1.145862e+00 2.558117e+02 2.885105e+02) (6.412207e-03 4.371794e+00 2.923692e+00)) ((-4.035597e+01 3.704534e-01 8.188687e-02) (-2.228401e-01 4.417623e-04 -1.867573e-03))
504.87        	((-1.150970e+00 2.545179e+02 2.871925e+02) (6.417380e-03 4.358658e+00 2.914663e+00)) ((-4.013582e+01 3.714937e-01 8.444503e-02) (-2.223364e-01 4.425556e-04 -1.863672e-03))
504.88        	((-1.127062e+00 2.532552e+02 2.854651e+02) (6.421689e-03 4.345553e+00 2.905652e+00)) ((-4.002079e+01 3.712070e-01 8.700207e-02) (-2.217791e-01 4.440027e-04 -1.858964e-03))
504.89        	((-1.133657e+00 2.517899e+02 2.836933e+02) (6.427362e-03 4.333167e+00 2.897003e+00)) ((-3.984242e+01 3.724243e-01 9.048973e-02) (-2.212513e-01 4.449459e-04 -1.853922e-03))
504.9         	((-1.085779e+00 2.512541e+02 2.832187e+02) (6.437515e-03 4.319987e+00 2.887853e+00)) ((-3.969042e+01 3.719049e-01 9.358737e-02) (-2.207065e-01 4.465003e-04 -1.847794e-03))
504.91        	((-1.079308e+00 2.499938e+02 2.819385e+02) (6.460111e-03 4.306587e+00 2.878645e+00)) ((-3.947540e+01 3.733660e-01 9.762985e-02) (-2.202437e-01 4.476085e-04 -1.841163e-03))
504.92        	((-1.049597e+00 2.487659e+02 2.802680e+02) (6.488203e-03 4.293264e+00 2.869494e+00)) ((-3.936301e+01 3.738642e-01 1.021177e-01) (-2.197233e-01 4.495438e-04 -1.832778e-03))
504.93        	((-1.043390e+00 2.473374e+02 2.785369e+02) (6.521997e-03 4.280685e+00 2.860730e+00)) ((-3.918957e+01 3.756180e-01 1.075545e-01) (-2.192274e-01 4.509853e-04 -1.823609e-03))
504.94        	((-9.925414e-01 2.468299e+02 2.781087e+02) (6.563881e-03 4.267376e+00 2.851509e+00)) ((-3.904044e+01 3.761910e-01 1.127935e-01) (-2.187142e-01 4.534118e-04 -1.813882e-03))
504.95        	((-9.712366e-01 2.456074e+02 2.768624e+02) (6.619741e-03 4.253891e+00 2.842264e+00)) ((-3.882784e+01 3.781229e-01 1.187444e-01) (-2.182798e-01 4.549647e-04 -1.803489e-03))
504.96        	((-9.340437e-01 2.444206e+02 2.752461e+02) (6.686245e-03 4.240522e+00 2.833096e+00)) ((-3.871487e+01 3.793628e-01 1.250685e-01) (-2.177871e-01 4.571000e-04 -1.791598e-03))
504.97        	((-9.174431e-01 2.430392e+02 2.735583e+02) (6.762176e-03 4.227917e+00 2.824323e+00)) ((-3.854228e+01 3.815814e-01 1.321494e-01) (-2.173157e-01 4.584293e-04 -1.778906e-03))
504.98        	((-8.686470e-01 2.425674e+02 2.731687e+02) (6.848441e-03 4.214625e+00 2.815115e+00)) ((-3.839575e+01 3.830489e-01 1.388237e-01) (-2.168236e-01 4.601400e-04 -1.765925e-03))
504.99        	((-8.434840e-01 2.413889e+02 2.719462e+02) (6.947071e-03 4.201196e+00 2.805903e+00)) ((-3.818773e+01 3.851720e-01 1.454117e-01) (-2.164048e-01 4.610438e-04 -1.753193e-03))
505           	((-8.046105e-01 2.402443e+02 2.703665e+02) (7.055882e-03 4.187909e+00 2.796773e+00)) ((-3.807819e+01 3.864281e-01 1.514384e-01) (-2.159232e-01 4.621856e-04 -1.740246e-03))
