# Forces      
# CofR        : (0.000000e+00 0.000000e+00 0.000000e+00)
# Time        forces(pressure viscous)	moments(pressure viscous)
500           	((-2.253020e+00 1.365533e+04 -2.398270e+03) (-4.673317e-05 4.151673e+00 -6.843460e-02)) ((2.686096e+03 7.229828e-01 1.136694e+00) (3.486119e-01 -2.063713e-08 -2.038312e-04))
500.01        	((-6.667870e+00 1.184784e+04 -2.212573e+03) (-2.768203e-03 2.883939e+00 4.611407e-02)) ((2.311249e+03 1.296142e+00 1.471197e+00) (4.814017e-02 7.627741e-04 1.377270e-04))
500.02        	((-1.032443e+01 4.565110e+03 -9.977387e+02) (-4.258404e-03 1.456147e+00 1.891234e-01)) ((8.591211e+02 1.704761e+00 1.403502e+00) (-2.336320e-01 9.262780e-04 -2.349760e-05))
500.03        	((-5.568061e+00 -2.073520e+03 9.306301e+01) (-2.467634e-03 8.210780e-01 2.872014e-01)) ((-5.038803e+02 1.101844e+00 4.361762e-01) (-2.946460e-01 6.980604e-04 -2.308558e-04))
500.04        	((6.854659e+00 -4.117415e+03 4.339501e+02) (-4.647557e-04 1.064805e+00 3.045600e-01)) ((-8.848178e+02 -2.738719e-01 -5.877591e-01) (-1.560464e-01 1.399421e-03 3.844673e-05))
500.05        	((1.629066e+01 -2.407101e+03 1.868117e+02) (-3.594922e-03 2.051993e+00 2.383787e-01)) ((-4.725709e+02 -1.387518e+00 -1.107812e+00) (1.285603e-01 2.975350e-03 -2.477218e-03))
500.06        	((1.564269e+01 3.466053e+02 -2.217197e+02) (-2.917955e-03 3.321251e+00 2.088993e-01)) ((1.413799e+02 -1.306187e+00 -9.095146e-01) (3.375794e-01 2.338860e-03 -3.330135e-03))
500.07        	((2.978729e+00 2.290846e+03 -5.070930e+02) (-2.396952e-03 3.973421e+00 1.945426e-01)) ((5.478335e+02 -8.125354e-01 -1.204180e-01) (3.367343e-01 1.085832e-03 6.026909e-04))
500.08        	((-7.131162e+00 2.771372e+03 -5.971908e+02) (-5.096407e-04 3.906023e+00 2.091360e-01)) ((6.296712e+02 -3.856964e-01 7.432927e-01) (2.510192e-01 -8.262145e-04 2.342481e-03))
500.09        	((-7.610309e+00 2.179588e+03 -5.426121e+02) (2.536820e-03 3.466660e+00 2.116658e-01)) ((4.864740e+02 -8.835992e-01 8.637736e-01) (1.218313e-01 -9.487469e-04 2.192931e-03))
500.1         	((-1.821705e+00 1.288830e+03 -4.492886e+02) (5.745997e-03 2.938201e+00 2.112117e-01)) ((2.937536e+02 -9.069357e-01 2.183586e-01) (1.779350e-02 9.410084e-04 6.061291e-04))
500.11        	((4.508738e+00 6.944575e+02 -3.803602e+02) (4.613780e-03 2.638933e+00 2.084223e-01)) ((1.764842e+02 -1.419677e+00 -4.250387e-01) (-1.582843e-02 2.736926e-03 7.688997e-04))
500.12        	((6.855930e+00 5.795784e+02 -3.564013e+02) (5.990856e-03 2.742154e+00 2.095861e-01)) ((1.636741e+02 -1.769203e+00 -6.208831e-01) (3.126214e-02 1.860364e-03 -5.133682e-04))
500.13        	((5.156475e+00 7.894084e+02 -3.653033e+02) (8.470775e-03 3.103336e+00 2.054436e-01)) ((2.149067e+02 -1.854045e+00 -2.970577e-01) (1.122542e-01 1.535651e-03 -1.140856e-03))
500.14        	((2.506607e+00 1.063831e+03 -3.865885e+02) (2.273987e-03 3.491276e+00 1.840518e-01)) ((2.746529e+02 -1.884371e+00 1.889642e-01) (1.738661e-01 3.028942e-03 -1.890584e-03))
500.15        	((9.004511e-01 1.235252e+03 -4.063084e+02) (4.888693e-03 3.763372e+00 1.616332e-01)) ((3.103933e+02 -2.028302e+00 4.590430e-01) (2.027841e-01 3.135632e-03 -4.172889e-05))
500.16        	((9.099474e-01 1.275867e+03 -4.187258e+02) (6.863220e-03 3.888890e+00 1.460548e-01)) ((3.183453e+02 -2.128646e+00 4.118723e-01) (2.052318e-01 2.744736e-03 2.131312e-05))
500.17        	((1.471829e+00 1.240219e+03 -4.224851e+02) (8.009057e-03 3.925122e+00 1.328178e-01)) ((3.107395e+02 -2.062010e+00 1.825236e-01) (1.948294e-01 3.062574e-03 -9.019563e-05))
500.18        	((2.291146e+00 1.194432e+03 -4.197922e+02) (8.806907e-03 3.947501e+00 1.211549e-01)) ((3.014854e+02 -1.990759e+00 2.053157e-02) (1.909467e-01 3.348178e-03 -3.347355e-04))
500.19        	((2.579235e+00 1.171630e+03 -4.131449e+02) (8.832897e-03 3.990468e+00 1.117214e-01)) ((2.971249e+02 -1.914228e+00 -1.924570e-02) (1.957533e-01 3.518683e-03 -3.446364e-04))
500.2         	((2.600104e+00 1.171043e+03 -4.058172e+02) (7.640965e-03 4.060548e+00 1.039277e-01)) ((2.973538e+02 -2.029446e+00 1.174484e-01) (2.050220e-01 3.804554e-03 5.170912e-06))
500.21        	((2.539035e+00 1.178258e+03 -4.007075e+02) (5.904422e-03 4.144305e+00 9.616863e-02)) ((2.992257e+02 -2.232788e+00 2.940856e-01) (2.143187e-01 4.111262e-03 4.521065e-04))
500.22        	((2.622790e+00 1.184774e+03 -3.992041e+02) (4.132399e-03 4.227915e+00 8.972226e-02)) ((3.006329e+02 -2.404546e+00 4.225111e-01) (2.196913e-01 4.406723e-03 6.288821e-04))
500.23        	((2.697474e+00 1.191280e+03 -4.006029e+02) (2.933548e-03 4.294540e+00 8.397184e-02)) ((3.013036e+02 -2.478245e+00 4.636457e-01) (2.213622e-01 4.587077e-03 7.470925e-04))
500.24        	((2.671960e+00 1.201525e+03 -4.028696e+02) (1.683093e-03 4.341872e+00 7.864993e-02)) ((3.017572e+02 -2.439261e+00 4.533587e-01) (2.197764e-01 4.747874e-03 9.163634e-04))
500.25        	((2.416878e+00 1.215154e+03 -4.040177e+02) (6.829495e-04 4.369963e+00 7.428916e-02)) ((3.022727e+02 -2.267592e+00 4.143352e-01) (2.156805e-01 4.756982e-03 1.116986e-03))
500.26        	((1.927524e+00 1.229018e+03 -4.028414e+02) (4.419567e-05 4.387150e+00 7.033148e-02)) ((3.026740e+02 -1.979588e+00 3.711462e-01) (2.094877e-01 4.610374e-03 1.102528e-03))
500.27        	((1.299208e+00 1.236856e+03 -3.997395e+02) (3.030692e-04 4.393024e+00 6.644901e-02)) ((3.022261e+02 -1.627084e+00 3.223094e-01) (2.012708e-01 4.300847e-03 -1.480793e-04))
500.28        	((7.218235e-01 1.236989e+03 -3.959415e+02) (-1.190443e-03 4.402521e+00 6.651271e-02)) ((3.006222e+02 -1.328828e+00 2.667205e-01) (1.930340e-01 4.000110e-03 8.077417e-04))
500.29        	((2.919060e-01 1.232442e+03 -3.924416e+02) (-2.476141e-03 4.407482e+00 6.777449e-02)) ((2.982172e+02 -1.100673e+00 2.515620e-01) (1.845600e-01 3.801564e-03 1.211008e-03))
500.3         	((-9.303889e-02 1.228434e+03 -3.895997e+02) (-2.994588e-03 4.406568e+00 6.933036e-02)) ((2.957087e+02 -9.402586e-01 2.158768e-01) (1.748950e-01 3.711027e-03 9.440870e-04))
500.31        	((-4.770186e-01 1.228774e+03 -3.873122e+02) (-3.801033e-03 4.401489e+00 7.227683e-02)) ((2.937220e+02 -8.057659e-01 1.921075e-01) (1.646020e-01 3.386198e-03 8.825642e-04))
500.32        	((-9.413351e-01 1.233669e+03 -3.851350e+02) (-3.856620e-03 4.391972e+00 7.693242e-02)) ((2.923283e+02 -6.862214e-01 1.307554e-01) (1.536269e-01 3.018876e-03 4.765878e-04))
500.33        	((-1.399004e+00 1.240569e+03 -3.826325e+02) (-4.636535e-03 4.379601e+00 8.264323e-02)) ((2.911278e+02 -5.921353e-01 8.032541e-02) (1.420347e-01 2.513264e-03 7.026262e-04))
500.34        	((-1.911266e+00 1.246318e+03 -3.795899e+02) (-4.366500e-03 4.364595e+00 8.869641e-02)) ((2.897011e+02 -5.184642e-01 -2.043541e-03) (1.299944e-01 2.073944e-03 2.633436e-04))
500.35        	((-2.388350e+00 1.249317e+03 -3.761607e+02) (-4.711635e-03 4.349809e+00 9.505529e-02)) ((2.879299e+02 -4.709400e-01 -5.947344e-02) (1.182461e-01 1.361754e-03 5.598518e-04))
500.36        	((-2.855352e+00 1.249403e+03 -3.725557e+02) (-4.547258e-03 4.334126e+00 1.008026e-01)) ((2.859578e+02 -4.457062e-01 -1.217510e-01) (1.069438e-01 9.220896e-04 2.786489e-04))
500.37        	((-3.230942e+00 1.248150e+03 -3.692253e+02) (-5.159549e-03 4.318549e+00 1.065004e-01)) ((2.841103e+02 -4.620802e-01 -1.586977e-01) (9.646067e-02 5.360154e-04 5.255275e-04))
500.38        	((-3.592672e+00 1.247201e+03 -3.663828e+02) (-4.982293e-03 4.300404e+00 1.110806e-01)) ((2.825272e+02 -5.070597e-01 -2.079946e-01) (8.633836e-02 2.532896e-04 -5.096712e-05))
500.39        	((-3.973423e+00 1.247510e+03 -3.639565e+02) (-5.936584e-03 4.281492e+00 1.142266e-01)) ((2.811732e+02 -5.490784e-01 -2.420608e-01) (7.661187e-02 -2.591455e-05 4.048257e-04))
500.4         	((-4.422152e+00 1.248971e+03 -3.617780e+02) (-6.386476e-03 4.264153e+00 1.162490e-01)) ((2.799229e+02 -5.796817e-01 -2.878037e-01) (6.833032e-02 -2.111763e-04 1.466200e-04))
500.41        	((-4.844255e+00 1.250832e+03 -3.596758e+02) (-6.867316e-03 4.247045e+00 1.182909e-01)) ((2.786577e+02 -6.299374e-01 -3.145174e-01) (6.056049e-02 -5.365379e-04 3.526978e-04))
500.42        	((-5.224769e+00 1.252345e+03 -3.575877e+02) (-7.210846e-03 4.230266e+00 1.186045e-01)) ((2.773597e+02 -7.112585e-01 -3.589623e-01) (5.338876e-02 -6.962400e-04 1.021614e-05))
500.43        	((-5.538163e+00 1.253135e+03 -3.554879e+02) (-7.771985e-03 4.216024e+00 1.193337e-01)) ((2.758689e+02 -8.280299e-01 -3.816779e-01) (4.734266e-02 -1.108114e-03 5.350274e-04))
500.44        	((-5.780193e+00 1.253559e+03 -3.536621e+02) (-8.468053e-03 4.202267e+00 1.189834e-01)) ((2.745706e+02 -9.461415e-01 -4.146179e-01) (4.195212e-02 -1.340876e-03 2.917294e-04))
500.45        	((-5.946140e+00 1.254084e+03 -3.521893e+02) (-8.684681e-03 4.189793e+00 1.172434e-01)) ((2.736443e+02 -1.080902e+00 -4.216697e-01) (3.732123e-02 -1.719543e-03 7.318589e-04))
500.46        	((-6.082039e+00 1.254875e+03 -3.510913e+02) (-8.956038e-03 4.175957e+00 1.151313e-01)) ((2.729945e+02 -1.203556e+00 -4.491579e-01) (3.253556e-02 -1.895360e-03 -2.974455e-04))
500.47        	((-6.244270e+00 1.255974e+03 -3.501542e+02) (-9.349095e-03 4.165558e+00 1.124610e-01)) ((2.724306e+02 -1.363308e+00 -4.372792e-01) (2.889693e-02 -2.098254e-03 7.538055e-04))
500.48        	((-6.413721e+00 1.257179e+03 -3.493668e+02) (-1.031284e-02 4.153923e+00 1.098239e-01)) ((2.717896e+02 -1.513506e+00 -4.577231e-01) (2.551619e-02 -2.226815e-03 4.278357e-04))
500.49        	((-6.672026e+00 1.258424e+03 -3.486308e+02) (-9.309636e-03 4.144047e+00 1.067949e-01)) ((2.710658e+02 -1.723402e+00 -4.325017e-01) (2.240736e-02 -2.344220e-03 1.369421e-03))
500.5         	((-6.894858e+00 1.259657e+03 -3.478946e+02) (-1.021202e-02 4.136708e+00 1.026514e-01)) ((2.703085e+02 -1.911033e+00 -4.668531e-01) (1.970098e-02 -2.391033e-03 4.062356e-04))
500.51        	((-7.184749e+00 1.260788e+03 -3.471997e+02) (-1.003212e-02 4.129322e+00 9.862919e-02)) ((2.695744e+02 -2.137074e+00 -4.433253e-01) (1.709439e-02 -2.530897e-03 9.080601e-04))
500.52        	((-7.472578e+00 1.261889e+03 -3.465578e+02) (-1.072118e-02 4.122936e+00 9.422225e-02)) ((2.689137e+02 -2.344192e+00 -4.574288e-01) (1.475153e-02 -2.534199e-03 1.025073e-04))
500.53        	((-7.821449e+00 1.263018e+03 -3.460014e+02) (-1.060798e-02 4.116634e+00 8.989760e-02)) ((2.683315e+02 -2.575797e+00 -4.296475e-01) (1.278059e-02 -2.671593e-03 5.313577e-04))
500.54        	((-8.208393e+00 1.264216e+03 -3.454919e+02) (-1.125678e-02 4.110773e+00 8.549181e-02)) ((2.678045e+02 -2.776370e+00 -4.533982e-01) (1.075239e-02 -2.498883e-03 -2.887180e-04))
500.55        	((-8.698981e+00 1.265504e+03 -3.450288e+02) (-1.122093e-02 4.106143e+00 8.152444e-02)) ((2.673062e+02 -2.997583e+00 -4.386295e-01) (8.643489e-03 -2.486793e-03 2.935504e-04))
500.56        	((-9.256807e+00 1.266886e+03 -3.445606e+02) (-1.114897e-02 4.101467e+00 7.758464e-02)) ((2.668136e+02 -3.205635e+00 -4.668141e-01) (6.617755e-03 -2.541162e-03 -1.076150e-03))
500.57        	((-9.889013e+00 1.268343e+03 -3.440756e+02) (-1.114548e-02 4.098624e+00 7.448516e-02)) ((2.663189e+02 -3.453463e+00 -4.681655e-01) (5.286931e-03 -2.661655e-03 2.058242e-04))
500.58        	((-1.048011e+01 1.269897e+03 -3.435534e+02) (-1.164111e-02 4.096977e+00 7.090134e-02)) ((2.658348e+02 -3.682157e+00 -4.930733e-01) (4.017840e-03 -2.610711e-03 -2.547210e-04))
500.59        	((-1.110542e+01 1.271478e+03 -3.430167e+02) (-1.086569e-02 4.094084e+00 6.745409e-02)) ((2.653684e+02 -3.926421e+00 -4.813116e-01) (2.362965e-03 -2.605633e-03 1.189665e-04))
500.6         	((-1.176036e+01 1.273113e+03 -3.425072e+02) (-1.075542e-02 4.090491e+00 6.475023e-02)) ((2.649413e+02 -4.153346e+00 -4.792867e-01) (4.349984e-04 -2.545653e-03 -5.787910e-05))
500.61        	((-1.253208e+01 1.274819e+03 -3.419266e+02) (-1.029035e-02 4.088395e+00 6.159627e-02)) ((2.645468e+02 -4.393738e+00 -4.733515e-01) (-1.208102e-03 -2.397093e-03 2.521529e-04))
500.62        	((-1.337613e+01 1.276584e+03 -3.413114e+02) (-1.129381e-02 4.087029e+00 5.908394e-02)) ((2.641671e+02 -4.616832e+00 -4.961882e-01) (-2.701247e-03 -2.317593e-03 -1.524675e-05))
500.63        	((-1.430181e+01 1.278360e+03 -3.407238e+02) (-1.160962e-02 4.083790e+00 5.751137e-02)) ((2.637932e+02 -4.841344e+00 -5.158311e-01) (-4.752007e-03 -2.302662e-03 1.186164e-04))
500.64        	((-1.525206e+01 1.280241e+03 -3.400112e+02) (-1.289526e-02 4.082813e+00 5.522721e-02)) ((2.634401e+02 -5.052092e+00 -5.417704e-01) (-5.857920e-03 -2.347068e-03 -3.027080e-04))
500.65        	((-1.623827e+01 1.281992e+03 -3.392747e+02) (-1.293507e-02 4.081510e+00 5.373875e-02)) ((2.630633e+02 -5.259419e+00 -5.538852e-01) (-7.488285e-03 -2.511389e-03 -4.668248e-04))
500.66        	((-1.722285e+01 1.283688e+03 -3.385446e+02) (-1.342670e-02 4.079725e+00 5.272657e-02)) ((2.627040e+02 -5.462950e+00 -5.623280e-01) (-8.923879e-03 -2.767299e-03 -3.492058e-04))
500.67        	((-1.821076e+01 1.285363e+03 -3.377054e+02) (-1.353919e-02 4.080533e+00 5.127256e-02)) ((2.623652e+02 -5.654686e+00 -5.811406e-01) (-1.013202e-02 -2.885169e-03 -6.541281e-04))
500.68        	((-1.916849e+01 1.286951e+03 -3.368868e+02) (-1.465889e-02 4.079396e+00 5.027802e-02)) ((2.620419e+02 -5.839348e+00 -5.908730e-01) (-1.117819e-02 -3.150276e-03 -7.762579e-04))
500.69        	((-2.018566e+01 1.288512e+03 -3.360202e+02) (-1.422416e-02 4.079279e+00 4.935831e-02)) ((2.617402e+02 -6.049395e+00 -5.907906e-01) (-1.271402e-02 -3.124580e-03 -2.317589e-04))
500.7         	((-2.112605e+01 1.290037e+03 -3.351362e+02) (-1.641795e-02 4.077345e+00 4.851851e-02)) ((2.614588e+02 -6.225264e+00 -6.191391e-01) (-1.354679e-02 -3.446718e-03 -6.532508e-04))
500.71        	((-2.210403e+01 1.291480e+03 -3.342135e+02) (-1.634474e-02 4.077797e+00 4.768856e-02)) ((2.611689e+02 -6.406546e+00 -6.233335e-01) (-1.498772e-02 -3.478362e-03 -6.021979e-04))
500.72        	((-2.302606e+01 1.292832e+03 -3.333814e+02) (-1.727932e-02 4.075361e+00 4.816583e-02)) ((2.608834e+02 -6.576877e+00 -6.286653e-01) (-1.657921e-02 -3.611184e-03 -2.234510e-04))
500.73        	((-2.391550e+01 1.294181e+03 -3.324141e+02) (-1.817680e-02 4.077107e+00 4.702380e-02)) ((2.605960e+02 -6.740669e+00 -6.396488e-01) (-1.730476e-02 -3.710700e-03 -5.803032e-04))
500.74        	((-2.471531e+01 1.295361e+03 -3.314837e+02) (-1.968295e-02 4.076075e+00 4.683690e-02)) ((2.602713e+02 -6.880593e+00 -6.464297e-01) (-1.818997e-02 -3.991637e-03 -6.798576e-04))
500.75        	((-2.551228e+01 1.296456e+03 -3.306326e+02) (-1.975546e-02 4.074069e+00 4.742684e-02)) ((2.599272e+02 -7.018618e+00 -6.488334e-01) (-2.035711e-02 -4.038741e-03 -6.018015e-04))
500.76        	((-2.622227e+01 1.297610e+03 -3.297208e+02) (-2.068381e-02 4.075169e+00 4.606802e-02)) ((2.595900e+02 -7.144387e+00 -6.537739e-01) (-2.032046e-02 -4.302754e-03 -7.983492e-04))
500.77        	((-2.689861e+01 1.298643e+03 -3.288338e+02) (-2.067229e-02 4.074689e+00 4.505346e-02)) ((2.591949e+02 -7.268676e+00 -6.576657e-01) (-2.051553e-02 -4.505421e-03 -9.824925e-04))
500.78        	((-2.744586e+01 1.299620e+03 -3.281126e+02) (-2.113912e-02 4.070264e+00 4.645252e-02)) ((2.587864e+02 -7.340004e+00 -6.734451e-01) (-2.035349e-02 -4.516945e-03 -7.152099e-04))
500.79        	((-2.798915e+01 1.300652e+03 -3.273017e+02) (-2.111803e-02 4.073736e+00 4.603607e-02)) ((2.583818e+02 -7.414428e+00 -6.896957e-01) (-2.049962e-02 -4.624799e-03 -8.531495e-04))
500.8         	((-2.847360e+01 1.301548e+03 -3.265474e+02) (-2.173813e-02 4.074109e+00 4.629808e-02)) ((2.579515e+02 -7.485191e+00 -7.052513e-01) (-2.094591e-02 -4.846000e-03 -8.909371e-04))
500.81        	((-2.892649e+01 1.302370e+03 -3.258938e+02) (-2.167472e-02 4.072592e+00 4.753261e-02)) ((2.575262e+02 -7.541748e+00 -7.238177e-01) (-2.242195e-02 -5.030306e-03 -9.342466e-04))
500.82        	((-2.932525e+01 1.303226e+03 -3.251738e+02) (-2.143563e-02 4.074253e+00 4.689644e-02)) ((2.571484e+02 -7.587038e+00 -7.450125e-01) (-2.159502e-02 -4.786926e-03 -9.421357e-04))
500.83        	((-2.970227e+01 1.303940e+03 -3.244809e+02) (-2.178673e-02 4.075940e+00 4.728363e-02)) ((2.567548e+02 -7.613063e+00 -7.703280e-01) (-2.265833e-02 -5.254065e-03 -1.009036e-03))
500.84        	((-3.001387e+01 1.304547e+03 -3.239504e+02) (-2.243980e-02 4.073001e+00 4.826539e-02)) ((2.564142e+02 -7.606229e+00 -8.006760e-01) (-2.388486e-02 -5.840635e-03 -1.006328e-03))
500.85        	((-3.033254e+01 1.305198e+03 -3.233530e+02) (-2.179363e-02 4.076835e+00 4.789462e-02)) ((2.561270e+02 -7.604994e+00 -8.304329e-01) (-2.390653e-02 -5.597396e-03 -1.094006e-03))
500.86        	((-3.062842e+01 1.305697e+03 -3.227897e+02) (-2.183795e-02 4.077656e+00 4.814334e-02)) ((2.558558e+02 -7.598219e+00 -8.639950e-01) (-2.420684e-02 -5.718563e-03 -1.143692e-03))
500.87        	((-3.090351e+01 1.306109e+03 -3.223047e+02) (-2.197686e-02 4.076808e+00 4.895433e-02)) ((2.556173e+02 -7.573263e+00 -9.023986e-01) (-2.512357e-02 -5.895763e-03 -1.557933e-03))
500.88        	((-3.115701e+01 1.306565e+03 -3.217572e+02) (-2.185691e-02 4.079131e+00 4.870037e-02)) ((2.554274e+02 -7.536549e+00 -9.343514e-01) (-2.490755e-02 -6.077143e-03 -1.310002e-03))
500.89        	((-3.140022e+01 1.306895e+03 -3.212807e+02) (-2.143249e-02 4.079667e+00 4.884865e-02)) ((2.552423e+02 -7.493631e+00 -9.772192e-01) (-2.521807e-02 -6.168677e-03 -1.291035e-03))
500.9         	((-3.158566e+01 1.307187e+03 -3.208968e+02) (-2.224999e-02 4.078566e+00 4.974620e-02)) ((2.550851e+02 -7.413467e+00 -1.031589e+00) (-2.585042e-02 -6.336364e-03 -2.123098e-03))
500.91        	((-3.179299e+01 1.307464e+03 -3.204986e+02) (-2.093580e-02 4.080019e+00 4.956325e-02)) ((2.549528e+02 -7.342104e+00 -1.064907e+00) (-2.549933e-02 -6.412829e-03 -1.447741e-03))
500.92        	((-3.196378e+01 1.307690e+03 -3.200691e+02) (-2.148843e-02 4.080968e+00 4.948675e-02)) ((2.548204e+02 -7.267763e+00 -1.122731e+00) (-2.543331e-02 -6.654851e-03 -1.610710e-03))
500.93        	((-3.214445e+01 1.307818e+03 -3.196948e+02) (-2.067022e-02 4.080523e+00 5.010746e-02)) ((2.547019e+02 -7.196122e+00 -1.173131e+00) (-2.600397e-02 -6.833007e-03 -1.577698e-03))
500.94        	((-3.231072e+01 1.307968e+03 -3.192331e+02) (-2.057741e-02 4.082313e+00 5.000811e-02)) ((2.546218e+02 -7.111575e+00 -1.226073e+00) (-2.580746e-02 -6.929000e-03 -1.806527e-03))
500.95        	((-3.245725e+01 1.308015e+03 -3.188166e+02) (-2.088315e-02 4.082777e+00 4.979260e-02)) ((2.545438e+02 -7.010902e+00 -1.272549e+00) (-2.614781e-02 -7.102880e-03 -1.870404e-03))
500.96        	((-3.260282e+01 1.308043e+03 -3.184402e+02) (-2.031129e-02 4.082926e+00 5.001335e-02)) ((2.544889e+02 -6.915924e+00 -1.311678e+00) (-2.657414e-02 -7.168620e-03 -1.634698e-03))
500.97        	((-3.271252e+01 1.308039e+03 -3.180489e+02) (-1.982764e-02 4.083527e+00 5.003546e-02)) ((2.544526e+02 -6.798919e+00 -1.368822e+00) (-2.666504e-02 -7.260248e-03 -2.304590e-03))
500.98        	((-3.281872e+01 1.308041e+03 -3.176195e+02) (-1.990260e-02 4.084765e+00 4.944667e-02)) ((2.544222e+02 -6.702829e+00 -1.401480e+00) (-2.669567e-02 -7.389197e-03 -2.113765e-03))
500.99        	((-3.291377e+01 1.307963e+03 -3.172666e+02) (-1.883837e-02 4.083833e+00 4.964589e-02)) ((2.543902e+02 -6.620667e+00 -1.443326e+00) (-2.735085e-02 -7.428628e-03 -1.652283e-03))
501           	((-3.295347e+01 1.307923e+03 -3.168790e+02) (-1.898995e-02 4.085269e+00 4.914449e-02)) ((2.543780e+02 -6.526450e+00 -1.502604e+00) (-2.719996e-02 -7.566869e-03 -2.402395e-03))
501.01        	((-3.300352e+01 1.307804e+03 -3.164921e+02) (-1.818728e-02 4.085498e+00 4.875387e-02)) ((2.543548e+02 -6.434548e+00 -1.536853e+00) (-2.736234e-02 -7.683969e-03 -2.475804e-03))
501.02        	((-3.304232e+01 1.307665e+03 -3.161994e+02) (-1.732575e-02 4.084053e+00 4.938258e-02)) ((2.543376e+02 -6.352690e+00 -1.565679e+00) (-2.813518e-02 -7.705815e-03 -2.087763e-03))
501.03        	((-3.307262e+01 1.307594e+03 -3.158076e+02) (-1.697641e-02 4.085749e+00 4.836469e-02)) ((2.543351e+02 -6.269180e+00 -1.605598e+00) (-2.786619e-02 -7.782610e-03 -2.598162e-03))
501.04        	((-3.309008e+01 1.307458e+03 -3.154522e+02) (-1.669750e-02 4.085988e+00 4.808517e-02)) ((2.543134e+02 -6.184169e+00 -1.637703e+00) (-2.811778e-02 -7.819822e-03 -2.743635e-03))
501.05        	((-3.313893e+01 1.307281e+03 -3.151885e+02) (-1.528195e-02 4.083891e+00 4.858110e-02)) ((2.542925e+02 -6.102836e+00 -1.671093e+00) (-2.909545e-02 -7.891939e-03 -2.467426e-03))
501.06        	((-3.317741e+01 1.307204e+03 -3.148373e+02) (-1.606470e-02 4.086020e+00 4.766116e-02)) ((2.542807e+02 -6.015790e+00 -1.713383e+00) (-2.855223e-02 -7.596703e-03 -2.958648e-03))
501.07        	((-3.322897e+01 1.307019e+03 -3.145338e+02) (-1.388881e-02 4.085844e+00 4.793933e-02)) ((2.542348e+02 -5.938734e+00 -1.744594e+00) (-2.826064e-02 -7.352982e-03 -3.409925e-03))
501.08        	((-3.324622e+01 1.306913e+03 -3.143057e+02) (-1.547292e-02 4.085238e+00 4.762161e-02)) ((2.542148e+02 -5.914882e+00 -1.759007e+00) (-2.888181e-02 -7.096672e-03 -2.762127e-03))
501.09        	((-3.332902e+01 1.306847e+03 -3.139941e+02) (-1.537577e-02 4.086746e+00 4.643022e-02)) ((2.541817e+02 -5.825894e+00 -1.807766e+00) (-2.859717e-02 -7.382071e-03 -3.372577e-03))
501.1         	((-3.331924e+01 1.306751e+03 -3.137314e+02) (-1.562504e-02 4.086630e+00 4.648317e-02)) ((2.541436e+02 -5.797298e+00 -1.819754e+00) (-2.886761e-02 -7.367078e-03 -3.648428e-03))
501.11        	((-3.341213e+01 1.306614e+03 -3.134650e+02) (-1.419841e-02 4.085839e+00 4.615069e-02)) ((2.540798e+02 -5.750339e+00 -1.830473e+00) (-2.938302e-02 -7.526002e-03 -3.108460e-03))
501.12        	((-3.341460e+01 1.306525e+03 -3.131843e+02) (-1.495792e-02 4.086702e+00 4.581181e-02)) ((2.540442e+02 -5.715742e+00 -1.857960e+00) (-2.930587e-02 -7.104848e-03 -3.671357e-03))
501.13        	((-3.348450e+01 1.306341e+03 -3.129468e+02) (-1.408088e-02 4.085674e+00 4.583321e-02)) ((2.539682e+02 -5.641833e+00 -1.886653e+00) (-2.991828e-02 -7.262803e-03 -4.103651e-03))
501.14        	((-3.352255e+01 1.306271e+03 -3.127353e+02) (-1.398052e-02 4.085403e+00 4.589813e-02)) ((2.539344e+02 -5.645235e+00 -1.881787e+00) (-3.016914e-02 -7.066000e-03 -3.101776e-03))
501.15        	((-3.358222e+01 1.306162e+03 -3.124803e+02) (-1.359764e-02 4.087162e+00 4.444983e-02)) ((2.538535e+02 -5.594379e+00 -1.923099e+00) (-2.947651e-02 -7.708207e-03 -3.731866e-03))
501.16        	((-3.363917e+01 1.306062e+03 -3.122804e+02) (-1.332439e-02 4.088063e+00 4.448271e-02)) ((2.538177e+02 -5.531997e+00 -1.934130e+00) (-2.883968e-02 -7.920205e-03 -3.860463e-03))
501.17        	((-3.377533e+01 1.305878e+03 -3.120397e+02) (-1.313252e-02 4.086971e+00 4.411625e-02)) ((2.537291e+02 -5.464339e+00 -1.945070e+00) (-2.984560e-02 -7.470877e-03 -3.663963e-03))
501.18        	((-3.383175e+01 1.305750e+03 -3.117962e+02) (-1.571475e-02 4.085357e+00 4.540756e-02)) ((2.536991e+02 -5.411596e+00 -1.966723e+00) (-3.199844e-02 -5.176998e-03 -4.702184e-03))
501.19        	((-3.387555e+01 1.305510e+03 -3.115639e+02) (-1.396899e-02 4.087440e+00 4.367348e-02)) ((2.535868e+02 -5.374577e+00 -1.983902e+00) (-3.019851e-02 -7.214428e-03 -4.239676e-03))
501.2         	((-3.392458e+01 1.305424e+03 -3.113620e+02) (-1.322299e-02 4.089176e+00 4.316351e-02)) ((2.535637e+02 -5.342455e+00 -1.985502e+00) (-2.911067e-02 -7.681495e-03 -3.605943e-03))
501.21        	((-3.398892e+01 1.305276e+03 -3.111439e+02) (-1.428401e-02 4.088309e+00 4.277673e-02)) ((2.534861e+02 -5.253307e+00 -2.023359e+00) (-3.008896e-02 -7.253914e-03 -4.272056e-03))
501.22        	((-3.401883e+01 1.305160e+03 -3.109293e+02) (-1.507864e-02 4.089109e+00 4.235564e-02)) ((2.534365e+02 -5.220101e+00 -2.024820e+00) (-2.994072e-02 -6.543187e-03 -4.142329e-03))
501.23        	((-3.404412e+01 1.304956e+03 -3.107215e+02) (-1.485932e-02 4.088140e+00 4.215462e-02)) ((2.533686e+02 -5.180398e+00 -2.047055e+00) (-3.088779e-02 -6.933081e-03 -4.231456e-03))
501.24        	((-3.401582e+01 1.304724e+03 -3.105605e+02) (-1.474008e-02 4.087905e+00 4.222297e-02)) ((2.533109e+02 -5.191694e+00 -2.044457e+00) (-3.112918e-02 -7.052247e-03 -3.874087e-03))
501.25        	((-3.406711e+01 1.304484e+03 -3.103460e+02) (-1.475613e-02 4.089148e+00 4.116318e-02)) ((2.532444e+02 -5.116623e+00 -2.075650e+00) (-3.030751e-02 -7.365722e-03 -4.181289e-03))
501.26        	((-3.404651e+01 1.304259e+03 -3.101766e+02) (-1.615545e-02 4.089548e+00 4.102490e-02)) ((2.531948e+02 -5.100987e+00 -2.072324e+00) (-3.014397e-02 -6.413615e-03 -4.388541e-03))
501.27        	((-3.408561e+01 1.304018e+03 -3.100228e+02) (-1.599617e-02 4.087223e+00 4.143657e-02)) ((2.531334e+02 -5.043935e+00 -2.082637e+00) (-3.193244e-02 -6.460889e-03 -4.275251e-03))
501.28        	((-3.399580e+01 1.303786e+03 -3.098680e+02) (-1.483717e-02 4.086372e+00 4.150428e-02)) ((2.530749e+02 -5.035680e+00 -2.083234e+00) (-3.236991e-02 -8.044177e-03 -4.015442e-03))
501.29        	((-3.404384e+01 1.303532e+03 -3.096829e+02) (-1.492120e-02 4.089494e+00 3.987962e-02)) ((2.529846e+02 -4.993989e+00 -2.083056e+00) (-3.021015e-02 -7.709569e-03 -4.047098e-03))
501.3         	((-3.408934e+01 1.303281e+03 -3.095908e+02) (-1.659007e-02 4.087549e+00 3.939494e-02)) ((2.529773e+02 -5.002101e+00 -2.081224e+00) (-2.814783e-02 -5.703407e-03 -4.213969e-03))
501.31        	((-3.415460e+01 1.302996e+03 -3.094496e+02) (-1.644362e-02 4.088225e+00 3.970621e-02)) ((2.529034e+02 -4.970170e+00 -2.101787e+00) (-3.108096e-02 -6.592680e-03 -4.557963e-03))
501.32        	((-3.415683e+01 1.302712e+03 -3.093134e+02) (-1.597612e-02 4.086959e+00 4.018311e-02)) ((2.528585e+02 -4.961521e+00 -2.096303e+00) (-3.114357e-02 -5.801324e-03 -4.356948e-03))
501.33        	((-3.410772e+01 1.302409e+03 -3.091648e+02) (-1.630878e-02 4.088515e+00 3.940533e-02)) ((2.527471e+02 -4.920181e+00 -2.112088e+00) (-3.143733e-02 -6.617109e-03 -4.656815e-03))
501.34        	((-3.404749e+01 1.302188e+03 -3.090396e+02) (-1.471424e-02 4.088000e+00 3.956001e-02)) ((2.527433e+02 -4.925865e+00 -2.093278e+00) (-3.078350e-02 -7.298993e-03 -3.829184e-03))
501.35        	((-3.403652e+01 1.301889e+03 -3.088584e+02) (-1.635083e-02 4.089027e+00 3.851003e-02)) ((2.526509e+02 -4.829713e+00 -2.128008e+00) (-3.116647e-02 -6.464241e-03 -4.575631e-03))
501.36        	((-3.397320e+01 1.301573e+03 -3.087566e+02) (-1.938935e-02 4.085731e+00 3.985449e-02)) ((2.526314e+02 -4.821896e+00 -2.124340e+00) (-3.300562e-02 -4.183669e-03 -5.439950e-03))
501.37        	((-3.404183e+01 1.301169e+03 -3.086139e+02) (-1.604608e-02 4.087283e+00 3.854102e-02)) ((2.525266e+02 -4.806508e+00 -2.115414e+00) (-3.149592e-02 -5.922582e-03 -4.362403e-03))
501.38        	((-3.399415e+01 1.300907e+03 -3.084800e+02) (-1.486352e-02 4.088019e+00 3.798501e-02)) ((2.525301e+02 -4.816040e+00 -2.113503e+00) (-3.046083e-02 -7.679525e-03 -3.973461e-03))
501.39        	((-3.404220e+01 1.300582e+03 -3.083662e+02) (-1.567859e-02 4.087205e+00 3.784557e-02)) ((2.524680e+02 -4.791787e+00 -2.116359e+00) (-3.082546e-02 -6.620071e-03 -4.587177e-03))
501.4         	((-3.401709e+01 1.300324e+03 -3.082578e+02) (-1.689522e-02 4.086865e+00 3.791794e-02)) ((2.524419e+02 -4.809849e+00 -2.099970e+00) (-3.036868e-02 -5.827461e-03 -4.319835e-03))
501.41        	((-3.408206e+01 1.300041e+03 -3.081168e+02) (-1.648956e-02 4.086325e+00 3.766278e-02)) ((2.523916e+02 -4.783554e+00 -2.119650e+00) (-3.085365e-02 -5.620713e-03 -4.678193e-03))
501.42        	((-3.401096e+01 1.299733e+03 -3.080251e+02) (-1.576495e-02 4.085637e+00 3.796570e-02)) ((2.523464e+02 -4.854936e+00 -2.099349e+00) (-3.096130e-02 -6.386360e-03 -4.372183e-03))
501.43        	((-3.404818e+01 1.299363e+03 -3.079774e+02) (-1.510030e-02 4.084279e+00 3.762267e-02)) ((2.523016e+02 -4.878297e+00 -2.095365e+00) (-3.047610e-02 -6.468694e-03 -4.183347e-03))
501.44        	((-3.398862e+01 1.299074e+03 -3.079077e+02) (-1.654375e-02 4.084364e+00 3.717206e-02)) ((2.522948e+02 -4.927952e+00 -2.084033e+00) (-2.979822e-02 -5.914562e-03 -4.343003e-03))
501.45        	((-3.408509e+01 1.298716e+03 -3.078380e+02) (-1.549841e-02 4.082620e+00 3.715013e-02)) ((2.522710e+02 -4.906398e+00 -2.084417e+00) (-3.016057e-02 -6.267546e-03 -4.220670e-03))
501.46        	((-3.403892e+01 1.298377e+03 -3.077699e+02) (-1.434727e-02 4.078502e+00 3.850187e-02)) ((2.522631e+02 -4.921783e+00 -2.074173e+00) (-3.261139e-02 -8.295292e-03 -3.575774e-03))
501.47        	((-3.404264e+01 1.297977e+03 -3.077122e+02) (-1.523490e-02 4.080820e+00 3.761819e-02)) ((2.521787e+02 -4.948734e+00 -2.061966e+00) (-3.028064e-02 -6.687995e-03 -3.905675e-03))
501.48        	((-3.400852e+01 1.297702e+03 -3.076871e+02) (-1.791453e-02 4.081898e+00 3.718373e-02)) ((2.522049e+02 -4.981062e+00 -2.056587e+00) (-2.853894e-02 -4.602907e-03 -4.733649e-03))
501.49        	((-3.405187e+01 1.297377e+03 -3.076484e+02) (-1.650605e-02 4.080295e+00 3.682279e-02)) ((2.521991e+02 -4.999816e+00 -2.040669e+00) (-2.952451e-02 -5.423454e-03 -4.360223e-03))
501.5         	((-3.404629e+01 1.296958e+03 -3.076855e+02) (-1.622451e-02 4.078675e+00 3.689839e-02)) ((2.521657e+02 -5.077121e+00 -2.012623e+00) (-2.997208e-02 -5.555956e-03 -3.939382e-03))
501.51        	((-3.412427e+01 1.296557e+03 -3.076820e+02) (-1.566600e-02 4.077972e+00 3.599103e-02)) ((2.521564e+02 -5.119623e+00 -2.009958e+00) (-2.917588e-02 -5.717090e-03 -4.231413e-03))
501.52        	((-3.413192e+01 1.296159e+03 -3.077231e+02) (-1.636555e-02 4.075928e+00 3.659962e-02)) ((2.521608e+02 -5.224701e+00 -1.976788e+00) (-2.967665e-02 -5.300294e-03 -4.247128e-03))
501.53        	((-3.429183e+01 1.295741e+03 -3.077546e+02) (-1.621744e-02 4.074200e+00 3.603386e-02)) ((2.521555e+02 -5.293120e+00 -1.957772e+00) (-2.947817e-02 -4.641548e-03 -4.275795e-03))
501.54        	((-3.425713e+01 1.295347e+03 -3.078032e+02) (-1.685128e-02 4.074213e+00 3.560328e-02)) ((2.521488e+02 -5.436956e+00 -1.924017e+00) (-2.839282e-02 -4.575160e-03 -4.531664e-03))
501.55        	((-3.435672e+01 1.294969e+03 -3.078457e+02) (-1.506348e-02 4.073927e+00 3.467549e-02)) ((2.521482e+02 -5.513845e+00 -1.890926e+00) (-2.822320e-02 -5.308003e-03 -4.074252e-03))
501.56        	((-3.432198e+01 1.294504e+03 -3.079494e+02) (-1.564741e-02 4.070441e+00 3.513966e-02)) ((2.521821e+02 -5.623432e+00 -1.853381e+00) (-2.922395e-02 -5.002205e-03 -3.898489e-03))
501.57        	((-3.439910e+01 1.293941e+03 -3.080857e+02) (-1.627743e-02 4.068608e+00 3.436891e-02)) ((2.521789e+02 -5.658412e+00 -1.845020e+00) (-2.920605e-02 -4.245657e-03 -4.223611e-03))
501.58        	((-3.430757e+01 1.293438e+03 -3.081696e+02) (-1.786446e-02 4.066800e+00 3.418161e-02)) ((2.522553e+02 -5.725384e+00 -1.820201e+00) (-2.815610e-02 -3.842948e-03 -4.149821e-03))
501.59        	((-3.432587e+01 1.292914e+03 -3.082869e+02) (-1.704220e-02 4.066454e+00 3.337696e-02)) ((2.522051e+02 -5.719773e+00 -1.821270e+00) (-2.826604e-02 -4.441025e-03 -4.290864e-03))
501.6         	((-3.420440e+01 1.292567e+03 -3.083947e+02) (-1.651819e-02 4.065705e+00 3.346108e-02)) ((2.522274e+02 -5.783216e+00 -1.781279e+00) (-2.749901e-02 -5.270640e-03 -3.659553e-03))
501.61        	((-3.416090e+01 1.292170e+03 -3.085658e+02) (-1.667418e-02 4.063645e+00 3.287065e-02)) ((2.521760e+02 -5.806680e+00 -1.771092e+00) (-2.778273e-02 -5.020365e-03 -3.797084e-03))
501.62        	((-3.405398e+01 1.291876e+03 -3.087248e+02) (-1.801681e-02 4.062694e+00 3.279373e-02)) ((2.522238e+02 -5.782866e+00 -1.768131e+00) (-2.660190e-02 -4.921009e-03 -3.878260e-03))
501.63        	((-3.403025e+01 1.291465e+03 -3.088865e+02) (-1.745351e-02 4.060218e+00 3.205072e-02)) ((2.522048e+02 -5.762983e+00 -1.761059e+00) (-2.677631e-02 -4.848608e-03 -3.858966e-03))
501.64        	((-3.389528e+01 1.291016e+03 -3.090893e+02) (-1.746501e-02 4.057164e+00 3.256454e-02)) ((2.522876e+02 -5.761756e+00 -1.729895e+00) (-2.631955e-02 -5.128336e-03 -3.395908e-03))
501.65        	((-3.378122e+01 1.290460e+03 -3.092044e+02) (-1.744850e-02 4.055967e+00 3.118471e-02)) ((2.522843e+02 -5.767595e+00 -1.711975e+00) (-2.549404e-02 -4.678343e-03 -3.706295e-03))
501.66        	((-3.361019e+01 1.289941e+03 -3.093979e+02) (-1.823327e-02 4.054641e+00 3.139336e-02)) ((2.523172e+02 -5.772475e+00 -1.687420e+00) (-2.398291e-02 -4.555957e-03 -3.691289e-03))
501.67        	((-3.353554e+01 1.289480e+03 -3.095048e+02) (-1.739783e-02 4.052423e+00 3.071376e-02)) ((2.522681e+02 -5.797425e+00 -1.668828e+00) (-2.445064e-02 -4.772837e-03 -3.666932e-03))
501.68        	((-3.343843e+01 1.289094e+03 -3.096861e+02) (-1.575082e-02 4.047943e+00 3.197198e-02)) ((2.522545e+02 -5.836315e+00 -1.644338e+00) (-2.593036e-02 -5.874714e-03 -2.787240e-03))
501.69        	((-3.332176e+01 1.288686e+03 -3.098036e+02) (-1.712401e-02 4.048428e+00 3.057136e-02)) ((2.521756e+02 -5.871545e+00 -1.642491e+00) (-2.369526e-02 -4.933688e-03 -3.614974e-03))
501.7         	((-3.323103e+01 1.288354e+03 -3.099265e+02) (-1.816237e-02 4.048836e+00 3.016590e-02)) ((2.522024e+02 -5.855744e+00 -1.622677e+00) (-2.112015e-02 -4.253736e-03 -3.548068e-03))
501.71        	((-3.315942e+01 1.287932e+03 -3.100561e+02) (-1.799452e-02 4.044591e+00 3.043315e-02)) ((2.521952e+02 -5.821303e+00 -1.617940e+00) (-2.199193e-02 -4.444787e-03 -3.714455e-03))
501.72        	((-3.301897e+01 1.287573e+03 -3.101458e+02) (-1.985116e-02 4.038575e+00 3.193338e-02)) ((2.522293e+02 -5.817774e+00 -1.591319e+00) (-2.347426e-02 -3.711919e-03 -3.904914e-03))
501.73        	((-3.294269e+01 1.287093e+03 -3.102967e+02) (-1.785263e-02 4.039380e+00 3.025185e-02)) ((2.521747e+02 -5.846243e+00 -1.574409e+00) (-1.990812e-02 -4.907522e-03 -3.407077e-03))
501.74        	((-3.284154e+01 1.286751e+03 -3.104352e+02) (-1.779116e-02 4.039144e+00 2.961654e-02)) ((2.521739e+02 -5.933111e+00 -1.542148e+00) (-1.693979e-02 -4.837320e-03 -3.093538e-03))
501.75        	((-3.287468e+01 1.286368e+03 -3.106041e+02) (-1.759816e-02 4.036490e+00 2.928210e-02)) ((2.521149e+02 -5.973316e+00 -1.520847e+00) (-1.787491e-02 -4.616845e-03 -3.259263e-03))
501.76        	((-3.281469e+01 1.286069e+03 -3.107421e+02) (-1.736533e-02 4.034862e+00 2.919877e-02)) ((2.520824e+02 -6.036316e+00 -1.478775e+00) (-1.920643e-02 -4.846362e-03 -2.700617e-03))
501.77        	((-3.278269e+01 1.285726e+03 -3.108898e+02) (-1.827330e-02 4.033306e+00 2.860197e-02)) ((2.520167e+02 -6.063313e+00 -1.468619e+00) (-1.939341e-02 -3.906917e-03 -3.317930e-03))
501.78        	((-3.266660e+01 1.285433e+03 -3.109861e+02) (-1.822880e-02 4.034443e+00 2.728125e-02)) ((2.519789e+02 -6.130324e+00 -1.436173e+00) (-1.766520e-02 -3.576586e-03 -3.245041e-03))
501.79        	((-3.261622e+01 1.285111e+03 -3.111119e+02) (-1.629951e-02 4.032827e+00 2.665832e-02)) ((2.519340e+02 -6.166247e+00 -1.428870e+00) (-1.767755e-02 -4.875852e-03 -2.924869e-03))
501.8         	((-3.250350e+01 1.284834e+03 -3.112102e+02) (-1.716418e-02 4.030826e+00 2.643192e-02)) ((2.518861e+02 -6.224117e+00 -1.405155e+00) (-1.838699e-02 -4.691639e-03 -2.779714e-03))
501.81        	((-3.252481e+01 1.284497e+03 -3.113480e+02) (-1.836822e-02 4.028126e+00 2.662291e-02)) ((2.518294e+02 -6.233987e+00 -1.397605e+00) (-1.953588e-02 -3.430175e-03 -3.345227e-03))
501.82        	((-3.243989e+01 1.284263e+03 -3.114172e+02) (-1.775959e-02 4.029339e+00 2.573286e-02)) ((2.518156e+02 -6.309527e+00 -1.357220e+00) (-1.815040e-02 -4.110823e-03 -2.841341e-03))
501.83        	((-3.250158e+01 1.283947e+03 -3.115017e+02) (-1.687541e-02 4.029263e+00 2.468558e-02)) ((2.517728e+02 -6.321394e+00 -1.345152e+00) (-1.720161e-02 -4.467764e-03 -2.877564e-03))
501.84        	((-3.239860e+01 1.283687e+03 -3.115823e+02) (-1.812332e-02 4.027813e+00 2.444276e-02)) ((2.517526e+02 -6.393800e+00 -1.311447e+00) (-1.676888e-02 -3.961196e-03 -2.986703e-03))
501.85        	((-3.237540e+01 1.283463e+03 -3.116721e+02) (-1.909069e-02 4.022164e+00 2.475914e-02)) ((2.517331e+02 -6.417503e+00 -1.299749e+00) (-1.998903e-02 -2.780464e-03 -3.577050e-03))
501.86        	((-3.221140e+01 1.283207e+03 -3.117263e+02) (-1.788789e-02 4.023093e+00 2.403505e-02)) ((2.516818e+02 -6.422579e+00 -1.279902e+00) (-1.686603e-02 -4.269208e-03 -3.211978e-03))
501.87        	((-3.213411e+01 1.282983e+03 -3.117657e+02) (-1.588891e-02 4.024217e+00 2.272598e-02)) ((2.516383e+02 -6.406336e+00 -1.256794e+00) (-1.459435e-02 -5.466933e-03 -2.791280e-03))
501.88        	((-3.190575e+01 1.282869e+03 -3.118559e+02) (-1.668593e-02 4.020548e+00 2.413155e-02)) ((2.516511e+02 -6.408971e+00 -1.225842e+00) (-1.610516e-02 -5.724427e-03 -2.494051e-03))
501.89        	((-3.179646e+01 1.282730e+03 -3.119265e+02) (-1.774190e-02 4.019945e+00 2.303517e-02)) ((2.515844e+02 -6.368147e+00 -1.215424e+00) (-1.504206e-02 -4.730653e-03 -2.622003e-03))
501.9         	((-3.162343e+01 1.282642e+03 -3.119975e+02) (-1.961974e-02 4.020148e+00 2.245779e-02)) ((2.515552e+02 -6.291286e+00 -1.223255e+00) (-1.356117e-02 -4.339414e-03 -2.785583e-03))
501.91        	((-3.153703e+01 1.282594e+03 -3.120926e+02) (-1.789902e-02 4.018688e+00 2.247911e-02)) ((2.515201e+02 -6.245077e+00 -1.223885e+00) (-1.424479e-02 -5.410909e-03 -2.600751e-03))
501.92        	((-3.133410e+01 1.282570e+03 -3.121985e+02) (-1.885567e-02 4.017907e+00 2.261204e-02)) ((2.514890e+02 -6.236927e+00 -1.205244e+00) (-1.386008e-02 -5.320112e-03 -2.629094e-03))
501.93        	((-3.126441e+01 1.282626e+03 -3.123201e+02) (-1.745016e-02 4.017540e+00 2.238031e-02)) ((2.514749e+02 -6.229038e+00 -1.195556e+00) (-1.389028e-02 -5.462181e-03 -2.426484e-03))
501.94        	((-3.106459e+01 1.282734e+03 -3.124409e+02) (-1.822050e-02 4.016821e+00 2.258956e-02)) ((2.514840e+02 -6.241604e+00 -1.186553e+00) (-1.453169e-02 -5.427047e-03 -2.528055e-03))
501.95        	((-3.107261e+01 1.282877e+03 -3.125840e+02) (-1.765490e-02 4.017577e+00 2.205356e-02)) ((2.514802e+02 -6.200893e+00 -1.188599e+00) (-1.421948e-02 -4.901576e-03 -2.760175e-03))
501.96        	((-3.092675e+01 1.283036e+03 -3.127951e+02) (-1.810138e-02 4.016888e+00 2.244662e-02)) ((2.514839e+02 -6.233610e+00 -1.164284e+00) (-1.431273e-02 -4.866066e-03 -2.620348e-03))
501.97        	((-3.095559e+01 1.283347e+03 -3.129848e+02) (-1.678293e-02 4.018234e+00 2.144566e-02)) ((2.515110e+02 -6.245090e+00 -1.156570e+00) (-1.364700e-02 -5.024317e-03 -2.630485e-03))
501.98        	((-3.089589e+01 1.283706e+03 -3.132469e+02) (-1.772881e-02 4.017072e+00 2.211508e-02)) ((2.515691e+02 -6.304613e+00 -1.134424e+00) (-1.436744e-02 -4.327243e-03 -2.504256e-03))
501.99        	((-3.100698e+01 1.284181e+03 -3.134903e+02) (-1.886682e-02 4.015948e+00 2.201449e-02)) ((2.516303e+02 -6.292681e+00 -1.153062e+00) (-1.583387e-02 -3.080651e-03 -3.419359e-03))
502           	((-3.093532e+01 1.284707e+03 -3.137942e+02) (-1.780329e-02 4.017631e+00 2.110710e-02)) ((2.516906e+02 -6.397144e+00 -1.111128e+00) (-1.389332e-02 -4.232777e-03 -2.805724e-03))
502.01        	((-3.098128e+01 1.285348e+03 -3.141054e+02) (-1.610472e-02 4.018365e+00 2.014377e-02)) ((2.517577e+02 -6.462467e+00 -1.093477e+00) (-1.328499e-02 -5.186166e-03 -2.707968e-03))
502.02        	((-3.095527e+01 1.286112e+03 -3.144812e+02) (-1.688428e-02 4.016717e+00 2.057560e-02)) ((2.518689e+02 -6.542020e+00 -1.058646e+00) (-1.438365e-02 -4.910815e-03 -2.441217e-03))
502.03        	((-3.107634e+01 1.286972e+03 -3.148071e+02) (-1.705663e-02 4.017669e+00 1.924752e-02)) ((2.519488e+02 -6.556913e+00 -1.065751e+00) (-1.394503e-02 -4.508805e-03 -2.955585e-03))
502.04        	((-3.107803e+01 1.287984e+03 -3.152251e+02) (-1.830249e-02 4.018067e+00 1.939609e-02)) ((2.521073e+02 -6.601942e+00 -1.043461e+00) (-1.337997e-02 -4.252890e-03 -2.977157e-03))
502.05        	((-3.117166e+01 1.289087e+03 -3.155997e+02) (-1.697852e-02 4.018341e+00 1.816752e-02)) ((2.522309e+02 -6.672971e+00 -1.026343e+00) (-1.357046e-02 -4.668854e-03 -2.864675e-03))
502.06        	((-3.113513e+01 1.290335e+03 -3.160235e+02) (-1.653817e-02 4.018491e+00 1.855727e-02)) ((2.524165e+02 -6.747347e+00 -1.002338e+00) (-1.366750e-02 -5.638338e-03 -2.298118e-03))
502.07        	((-3.119597e+01 1.291536e+03 -3.163974e+02) (-1.716152e-02 4.018857e+00 1.711792e-02)) ((2.525350e+02 -6.813094e+00 -1.002151e+00) (-1.355623e-02 -4.820237e-03 -2.972574e-03))
502.08        	((-3.121995e+01 1.292866e+03 -3.167890e+02) (-1.926308e-02 4.018886e+00 1.704637e-02)) ((2.527522e+02 -6.844942e+00 -9.820158e-01) (-1.383275e-02 -3.442325e-03 -2.929499e-03))
502.09        	((-3.128217e+01 1.294112e+03 -3.171135e+02) (-1.757538e-02 4.020194e+00 1.586125e-02)) ((2.529087e+02 -6.897238e+00 -9.825234e-01) (-1.305059e-02 -4.772908e-03 -3.098019e-03))
502.1         	((-3.122633e+01 1.295356e+03 -3.173139e+02) (-1.437590e-02 4.020132e+00 1.609795e-02)) ((2.531150e+02 -6.978447e+00 -9.308834e-01) (-1.401894e-02 -7.851990e-03 -1.572566e-03))
502.11        	((-3.132562e+01 1.296478e+03 -3.175625e+02) (-1.693900e-02 4.021742e+00 1.524356e-02)) ((2.532850e+02 -7.014036e+00 -9.313471e-01) (-1.278063e-02 -5.210962e-03 -2.674062e-03))
502.12        	((-3.131916e+01 1.297571e+03 -3.177322e+02) (-1.886872e-02 4.023597e+00 1.463804e-02)) ((2.534875e+02 -7.019324e+00 -9.202991e-01) (-1.196967e-02 -4.336312e-03 -2.640166e-03))
502.13        	((-3.137900e+01 1.298560e+03 -3.178835e+02) (-1.753639e-02 4.023598e+00 1.473998e-02)) ((2.537157e+02 -7.051617e+00 -9.282984e-01) (-1.225250e-02 -4.984204e-03 -2.861812e-03))
502.14        	((-3.127662e+01 1.299422e+03 -3.179397e+02) (-1.736219e-02 4.023495e+00 1.496223e-02)) ((2.539309e+02 -7.115662e+00 -8.992541e-01) (-1.359565e-02 -5.687145e-03 -2.153167e-03))
502.15        	((-3.128932e+01 1.299962e+03 -3.180108e+02) (-1.718428e-02 4.025110e+00 1.448823e-02)) ((2.541027e+02 -7.176732e+00 -9.010246e-01) (-1.232890e-02 -5.017710e-03 -2.500806e-03))
502.16        	((-3.114616e+01 1.300317e+03 -3.179827e+02) (-1.937245e-02 4.027242e+00 1.400704e-02)) ((2.542930e+02 -7.214801e+00 -8.927299e-01) (-1.132664e-02 -4.255895e-03 -2.720988e-03))
502.17        	((-3.115915e+01 1.300343e+03 -3.179290e+02) (-1.759838e-02 4.027265e+00 1.407409e-02)) ((2.544547e+02 -7.232174e+00 -8.931115e-01) (-1.161914e-02 -5.041282e-03 -2.715319e-03))
502.18        	((-3.100116e+01 1.300086e+03 -3.177661e+02) (-1.837498e-02 4.027054e+00 1.464447e-02)) ((2.545638e+02 -7.260847e+00 -8.692319e-01) (-1.228797e-02 -5.038524e-03 -2.283902e-03))
502.19        	((-3.095232e+01 1.299770e+03 -3.176208e+02) (-1.775782e-02 4.027767e+00 1.459604e-02)) ((2.546818e+02 -7.263577e+00 -8.830421e-01) (-1.189151e-02 -5.000492e-03 -2.703576e-03))
502.2         	((-3.071032e+01 1.299495e+03 -3.173866e+02) (-1.726403e-02 4.026810e+00 1.644602e-02)) ((2.548098e+02 -7.300600e+00 -8.667145e-01) (-1.334075e-02 -5.708465e-03 -1.887963e-03))
502.21        	((-3.054250e+01 1.299179e+03 -3.170849e+02) (-1.742513e-02 4.029024e+00 1.569150e-02)) ((2.548875e+02 -7.315316e+00 -8.927808e-01) (-1.153332e-02 -5.403346e-03 -2.716551e-03))
502.22        	((-3.034106e+01 1.298893e+03 -3.167769e+02) (-1.905686e-02 4.030233e+00 1.578532e-02)) ((2.549688e+02 -7.289815e+00 -8.868126e-01) (-1.095499e-02 -4.322192e-03 -2.531079e-03))
502.23        	((-3.023169e+01 1.298608e+03 -3.165062e+02) (-1.911991e-02 4.026766e+00 1.685056e-02)) ((2.550177e+02 -7.259400e+00 -9.168640e-01) (-1.408454e-02 -3.659465e-03 -3.066079e-03))
502.24        	((-2.992622e+01 1.298432e+03 -3.162813e+02) (-1.825089e-02 4.029316e+00 1.746882e-02)) ((2.550171e+02 -7.226007e+00 -9.209993e-01) (-1.204293e-02 -4.844400e-03 -2.328998e-03))
502.25        	((-2.968300e+01 1.298456e+03 -3.160249e+02) (-1.655824e-02 4.031041e+00 1.810335e-02)) ((2.550597e+02 -7.192924e+00 -9.445912e-01) (-1.092529e-02 -5.512718e-03 -2.459732e-03))
502.26        	((-2.936384e+01 1.298543e+03 -3.158259e+02) (-1.738806e-02 4.029955e+00 1.994291e-02)) ((2.550934e+02 -7.152471e+00 -9.437745e-01) (-1.207319e-02 -5.123565e-03 -2.164771e-03))
502.27        	((-2.919867e+01 1.298729e+03 -3.155861e+02) (-1.674160e-02 4.030336e+00 2.081091e-02)) ((2.551415e+02 -7.126806e+00 -9.656841e-01) (-1.241631e-02 -4.917209e-03 -2.565158e-03))
502.28        	((-2.900911e+01 1.298906e+03 -3.154800e+02) (-1.725367e-02 4.030386e+00 2.237214e-02)) ((2.551899e+02 -7.072490e+00 -9.679091e-01) (-1.260888e-02 -5.193610e-03 -2.295818e-03))
502.29        	((-2.893275e+01 1.299138e+03 -3.154144e+02) (-1.541478e-02 4.029982e+00 2.384489e-02)) ((2.552358e+02 -7.097512e+00 -9.672266e-01) (-1.329776e-02 -5.482561e-03 -2.191883e-03))
502.3         	((-2.882150e+01 1.299397e+03 -3.154227e+02) (-1.621489e-02 4.031283e+00 2.456310e-02)) ((2.552694e+02 -7.044554e+00 -9.805550e-01) (-1.242034e-02 -5.513902e-03 -2.030290e-03))
502.31        	((-2.879913e+01 1.299670e+03 -3.154866e+02) (-1.564815e-02 4.031298e+00 2.548710e-02)) ((2.553080e+02 -7.073085e+00 -9.915511e-01) (-1.233384e-02 -4.836463e-03 -2.356166e-03))
502.32        	((-2.873135e+01 1.299968e+03 -3.155748e+02) (-1.597085e-02 4.030922e+00 2.681705e-02)) ((2.553667e+02 -7.033738e+00 -9.997805e-01) (-1.287245e-02 -5.420942e-03 -2.147202e-03))
502.33        	((-2.877753e+01 1.300182e+03 -3.156815e+02) (-1.052680e-02 4.025448e+00 2.905402e-02)) ((2.554203e+02 -7.083186e+00 -9.857399e-01) (-1.773176e-02 -8.634785e-03 -9.706066e-04))
502.34        	((-2.857478e+01 1.300214e+03 -3.158234e+02) (-1.342526e-02 4.029551e+00 2.878018e-02)) ((2.553819e+02 -7.248810e+00 -9.369740e-01) (-1.377022e-02 -6.869463e-03 -1.315904e-03))
502.35        	((-2.885785e+01 1.300325e+03 -3.159967e+02) (-1.600052e-02 4.031633e+00 2.867863e-02)) ((2.554732e+02 -7.146573e+00 -9.754349e-01) (-1.151208e-02 -3.644310e-03 -2.385219e-03))
502.36        	((-2.899164e+01 1.300410e+03 -3.161600e+02) (-1.845408e-02 4.028800e+00 3.045467e-02)) ((2.555650e+02 -7.027175e+00 -1.005167e+00) (-1.386107e-02 -2.661091e-03 -2.710781e-03))
502.37        	((-2.918624e+01 1.300325e+03 -3.162811e+02) (-1.467129e-02 4.029572e+00 2.989686e-02)) ((2.555682e+02 -7.010379e+00 -1.011845e+00) (-1.259137e-02 -4.722135e-03 -1.995854e-03))
502.38        	((-2.917105e+01 1.300160e+03 -3.163966e+02) (-1.421987e-02 4.030089e+00 3.011528e-02)) ((2.555850e+02 -7.044153e+00 -9.973942e-01) (-1.137071e-02 -5.881426e-03 -1.265750e-03))
502.39        	((-2.926850e+01 1.299821e+03 -3.165096e+02) (-1.393685e-02 4.028181e+00 3.063688e-02)) ((2.555634e+02 -7.109172e+00 -9.975982e-01) (-1.226350e-02 -5.283642e-03 -1.599361e-03))
502.4         	((-2.926234e+01 1.299439e+03 -3.165775e+02) (-1.452140e-02 4.026999e+00 3.101882e-02)) ((2.555479e+02 -7.121122e+00 -9.886800e-01) (-1.307270e-02 -5.755057e-03 -1.319548e-03))
502.41        	((-2.944715e+01 1.299043e+03 -3.166450e+02) (-1.403066e-02 4.027423e+00 3.025741e-02)) ((2.555165e+02 -7.101632e+00 -9.952172e-01) (-1.211928e-02 -5.441596e-03 -1.605307e-03))
502.42        	((-2.947935e+01 1.298772e+03 -3.167066e+02) (-1.606483e-02 4.027088e+00 2.991286e-02)) ((2.554897e+02 -7.070259e+00 -9.864888e-01) (-1.170205e-02 -4.743015e-03 -1.640776e-03))
502.43        	((-2.964743e+01 1.298610e+03 -3.167192e+02) (-1.439692e-02 4.025824e+00 2.955578e-02)) ((2.554511e+02 -7.056491e+00 -9.903126e-01) (-1.229428e-02 -5.224014e-03 -1.457879e-03))
502.44        	((-2.959279e+01 1.298428e+03 -3.166957e+02) (-1.531210e-02 4.024524e+00 2.929371e-02)) ((2.553804e+02 -7.066520e+00 -9.832249e-01) (-1.300854e-02 -5.640680e-03 -1.232163e-03))
502.45        	((-2.972812e+01 1.298386e+03 -3.166812e+02) (-1.463567e-02 4.024631e+00 2.847890e-02)) ((2.553182e+02 -7.060679e+00 -9.872030e-01) (-1.226141e-02 -5.498096e-03 -1.484381e-03))
502.46        	((-2.972153e+01 1.298407e+03 -3.166817e+02) (-1.680104e-02 4.023902e+00 2.845217e-02)) ((2.552822e+02 -7.041479e+00 -9.727286e-01) (-1.219934e-02 -4.808267e-03 -1.530955e-03))
502.47        	((-2.991034e+01 1.298442e+03 -3.166697e+02) (-1.555511e-02 4.022762e+00 2.791318e-02)) ((2.552615e+02 -7.009643e+00 -9.748500e-01) (-1.263862e-02 -4.915912e-03 -1.441398e-03))
502.48        	((-2.984517e+01 1.298478e+03 -3.166537e+02) (-1.657882e-02 4.022815e+00 2.754047e-02)) ((2.552291e+02 -7.035082e+00 -9.597777e-01) (-1.214095e-02 -5.273249e-03 -1.261733e-03))
502.49        	((-2.996063e+01 1.298495e+03 -3.166670e+02) (-1.534974e-02 4.022352e+00 2.686956e-02)) ((2.551869e+02 -7.041089e+00 -9.574316e-01) (-1.180169e-02 -5.703585e-03 -1.368861e-03))
502.5         	((-2.996446e+01 1.298566e+03 -3.167084e+02) (-1.734066e-02 4.021115e+00 2.688974e-02)) ((2.551696e+02 -7.026416e+00 -9.391055e-01) (-1.212864e-02 -4.971452e-03 -1.306314e-03))
502.51        	((-3.011477e+01 1.298632e+03 -3.167371e+02) (-1.804517e-02 4.018273e+00 2.712214e-02)) ((2.551530e+02 -7.014571e+00 -9.425903e-01) (-1.414534e-02 -3.747933e-03 -1.850495e-03))
502.52        	((-3.007818e+01 1.298644e+03 -3.168045e+02) (-1.792570e-02 4.019395e+00 2.640408e-02)) ((2.551276e+02 -7.015853e+00 -9.278137e-01) (-1.231203e-02 -5.007386e-03 -1.360323e-03))
502.53        	((-3.018198e+01 1.298629e+03 -3.168692e+02) (-1.602539e-02 4.019528e+00 2.547730e-02)) ((2.550936e+02 -7.039283e+00 -9.190892e-01) (-1.155114e-02 -5.576910e-03 -1.082767e-03))
502.54        	((-3.013892e+01 1.298619e+03 -3.169303e+02) (-1.832422e-02 4.018880e+00 2.516765e-02)) ((2.550733e+02 -7.021960e+00 -9.201762e-01) (-1.158475e-02 -4.814323e-03 -1.278303e-03))
502.55        	((-3.022194e+01 1.298609e+03 -3.170053e+02) (-1.759117e-02 4.016837e+00 2.487116e-02)) ((2.550300e+02 -7.006998e+00 -9.263753e-01) (-1.251925e-02 -4.872478e-03 -1.581014e-03))
502.56        	((-3.015543e+01 1.298703e+03 -3.170684e+02) (-1.875476e-02 4.015173e+00 2.492782e-02)) ((2.550450e+02 -7.005148e+00 -9.044191e-01) (-1.338577e-02 -4.649204e-03 -1.257296e-03))
502.57        	((-3.016796e+01 1.298685e+03 -3.171510e+02) (-1.791521e-02 4.015285e+00 2.410213e-02)) ((2.550039e+02 -7.021045e+00 -9.059014e-01) (-1.236215e-02 -4.927960e-03 -1.537874e-03))
502.58        	((-3.008016e+01 1.298735e+03 -3.171823e+02) (-1.888477e-02 4.016168e+00 2.343975e-02)) ((2.550105e+02 -7.004103e+00 -8.926397e-01) (-1.125235e-02 -4.788115e-03 -1.226070e-03))
502.59        	((-3.006162e+01 1.298672e+03 -3.172500e+02) (-1.765175e-02 4.014168e+00 2.323978e-02)) ((2.549673e+02 -7.010033e+00 -9.037267e-01) (-1.206271e-02 -5.035091e-03 -1.304821e-03))
502.6         	((-2.990887e+01 1.298762e+03 -3.172589e+02) (-1.786263e-02 4.013206e+00 2.337539e-02)) ((2.549875e+02 -6.972040e+00 -9.079487e-01) (-1.263088e-02 -5.816278e-03 -9.548863e-04))
502.61        	((-2.981597e+01 1.298744e+03 -3.172907e+02) (-1.819927e-02 4.012778e+00 2.240949e-02)) ((2.549460e+02 -6.977696e+00 -9.104285e-01) (-1.204820e-02 -5.032122e-03 -1.623760e-03))
502.62        	((-2.968623e+01 1.298835e+03 -3.172989e+02) (-1.928552e-02 4.013702e+00 2.181432e-02)) ((2.549800e+02 -6.930410e+00 -8.984120e-01) (-1.079545e-02 -4.501273e-03 -1.219416e-03))
502.63        	((-2.959306e+01 1.298805e+03 -3.173056e+02) (-1.837416e-02 4.012029e+00 2.148159e-02)) ((2.549604e+02 -6.927302e+00 -9.180288e-01) (-1.175358e-02 -4.739665e-03 -1.556673e-03))
502.64        	((-2.941802e+01 1.298794e+03 -3.173357e+02) (-1.611149e-02 4.008816e+00 2.257459e-02)) ((2.549715e+02 -6.909137e+00 -9.167951e-01) (-1.405864e-02 -7.013769e-03 -4.210913e-04))
502.65        	((-2.933636e+01 1.298689e+03 -3.173130e+02) (-1.803528e-02 4.010707e+00 2.102457e-02)) ((2.549206e+02 -6.897778e+00 -9.436092e-01) (-1.190356e-02 -5.035907e-03 -1.610148e-03))
502.66        	((-2.922527e+01 1.298616e+03 -3.173064e+02) (-1.907098e-02 4.011744e+00 2.056402e-02)) ((2.549165e+02 -6.848392e+00 -9.374760e-01) (-1.054175e-02 -4.565465e-03 -1.304220e-03))
502.67        	((-2.919584e+01 1.298466e+03 -3.173083e+02) (-1.856556e-02 4.009630e+00 2.058818e-02)) ((2.548713e+02 -6.822206e+00 -9.534344e-01) (-1.167924e-02 -4.609729e-03 -1.780289e-03))
502.68        	((-2.909549e+01 1.298433e+03 -3.173129e+02) (-1.445258e-02 4.004569e+00 2.429412e-02)) ((2.548911e+02 -6.814162e+00 -9.339091e-01) (-1.635526e-02 -7.986759e-03 2.191997e-05))
502.69        	((-2.863753e+01 1.298111e+03 -3.172795e+02) (-1.605458e-02 4.007085e+00 2.141745e-02)) ((2.546549e+02 -7.197231e+00 -8.669193e-01) (-1.336478e-02 -6.353949e-03 -1.120971e-03))
502.7         	((-2.882186e+01 1.298214e+03 -3.173285e+02) (-1.913309e-02 4.009846e+00 1.994163e-02)) ((2.547627e+02 -6.969083e+00 -9.090204e-01) (-1.017961e-02 -4.397170e-03 -1.434485e-03))
502.71        	((-2.913834e+01 1.298236e+03 -3.173368e+02) (-1.929286e-02 4.008710e+00 1.939029e-02)) ((2.547805e+02 -6.768020e+00 -9.601237e-01) (-1.066194e-02 -3.536338e-03 -1.883555e-03))
502.72        	((-2.922671e+01 1.298256e+03 -3.173812e+02) (-2.038443e-02 4.006903e+00 1.991322e-02)) ((2.547861e+02 -6.663458e+00 -9.731917e-01) (-1.171790e-02 -3.440862e-03 -1.717795e-03))
502.73        	((-2.924009e+01 1.298233e+03 -3.173574e+02) (-1.828883e-02 4.006081e+00 1.930165e-02)) ((2.547569e+02 -6.764372e+00 -9.614991e-01) (-1.222353e-02 -4.394601e-03 -1.645688e-03))
502.74        	((-2.913741e+01 1.298107e+03 -3.173977e+02) (-1.843686e-02 4.005327e+00 1.976892e-02)) ((2.547029e+02 -6.873390e+00 -9.359118e-01) (-1.237341e-02 -4.759931e-03 -1.088974e-03))
502.75        	((-2.921543e+01 1.298037e+03 -3.173995e+02) (-1.780794e-02 4.005378e+00 1.920552e-02)) ((2.546758e+02 -6.929852e+00 -9.487803e-01) (-1.205695e-02 -4.955891e-03 -1.593514e-03))
502.76        	((-2.927764e+01 1.298081e+03 -3.174716e+02) (-1.791041e-02 4.004070e+00 1.986216e-02)) ((2.546979e+02 -6.920615e+00 -9.319773e-01) (-1.284941e-02 -5.568761e-03 -1.090625e-03))
502.77        	((-2.953346e+01 1.298198e+03 -3.175347e+02) (-1.785306e-02 4.004438e+00 1.907714e-02)) ((2.547222e+02 -6.881589e+00 -9.418226e-01) (-1.205808e-02 -4.903742e-03 -1.434388e-03))
502.78        	((-2.957178e+01 1.298293e+03 -3.176224e+02) (-1.953277e-02 4.004969e+00 1.873828e-02)) ((2.547353e+02 -6.882484e+00 -9.329169e-01) (-1.107810e-02 -4.631610e-03 -1.484005e-03))
502.79        	((-2.975525e+01 1.298315e+03 -3.176539e+02) (-1.755177e-02 4.004418e+00 1.831998e-02)) ((2.547283e+02 -6.906135e+00 -9.314393e-01) (-1.126099e-02 -5.256233e-03 -1.220568e-03))
502.8         	((-2.971189e+01 1.298203e+03 -3.176558e+02) (-1.846180e-02 4.003104e+00 1.840111e-02)) ((2.546926e+02 -6.956468e+00 -9.211252e-01) (-1.227350e-02 -5.496136e-03 -1.020438e-03))
502.81        	((-2.985510e+01 1.297956e+03 -3.176875e+02) (-1.851437e-02 4.002315e+00 1.845348e-02)) ((2.546455e+02 -6.965791e+00 -9.295627e-01) (-1.228246e-02 -4.827066e-03 -1.569158e-03))
502.82        	((-2.989378e+01 1.297693e+03 -3.176553e+02) (-1.958354e-02 4.003351e+00 1.784199e-02)) ((2.546004e+02 -6.984513e+00 -9.072494e-01) (-1.122938e-02 -4.671650e-03 -1.251162e-03))
502.83        	((-3.016263e+01 1.297475e+03 -3.177054e+02) (-1.822265e-02 4.002524e+00 1.776083e-02)) ((2.545661e+02 -6.961355e+00 -9.148614e-01) (-1.099616e-02 -5.280037e-03 -1.310923e-03))
502.84        	((-3.027568e+01 1.297475e+03 -3.176928e+02) (-1.952103e-02 4.002104e+00 1.758491e-02)) ((2.545539e+02 -6.985279e+00 -8.919649e-01) (-1.146818e-02 -5.009719e-03 -1.127070e-03))
502.85        	((-3.052277e+01 1.297380e+03 -3.177069e+02) (-1.949968e-02 4.000756e+00 1.729123e-02)) ((2.544956e+02 -6.987812e+00 -8.966164e-01) (-1.205920e-02 -4.569385e-03 -1.550086e-03))
502.86        	((-3.057476e+01 1.297247e+03 -3.176959e+02) (-2.110975e-02 3.999486e+00 1.730846e-02)) ((2.544748e+02 -7.028270e+00 -8.704285e-01) (-1.272376e-02 -4.062513e-03 -1.488254e-03))
502.87        	((-3.073667e+01 1.296943e+03 -3.176159e+02) (-1.950865e-02 3.999985e+00 1.677503e-02)) ((2.543977e+02 -7.084926e+00 -8.588090e-01) (-1.193496e-02 -4.902785e-03 -1.462956e-03))
502.88        	((-3.084490e+01 1.296725e+03 -3.175850e+02) (-2.013557e-02 3.999362e+00 1.713205e-02)) ((2.543545e+02 -7.105602e+00 -8.310386e-01) (-1.188193e-02 -5.231836e-03 -1.084425e-03))
502.89        	((-3.114738e+01 1.296698e+03 -3.175144e+02) (-1.975359e-02 3.999505e+00 1.621315e-02)) ((2.543159e+02 -7.107071e+00 -8.293411e-01) (-1.155331e-02 -5.020936e-03 -1.394157e-03))
502.9         	((-3.133518e+01 1.296771e+03 -3.175404e+02) (-2.151911e-02 3.998653e+00 1.669855e-02)) ((2.543313e+02 -7.108116e+00 -8.108701e-01) (-1.177591e-02 -4.313154e-03 -1.265511e-03))
502.91        	((-3.152927e+01 1.296693e+03 -3.174834e+02) (-2.030534e-02 3.998440e+00 1.589681e-02)) ((2.542923e+02 -7.164358e+00 -8.042699e-01) (-1.163792e-02 -5.046045e-03 -1.446547e-03))
502.92        	((-3.159983e+01 1.296476e+03 -3.174430e+02) (-1.994574e-02 3.997221e+00 1.671689e-02)) ((2.542729e+02 -7.195714e+00 -7.693558e-01) (-1.222195e-02 -6.256255e-03 -8.019051e-04))
502.93        	((-3.176918e+01 1.296266e+03 -3.173168e+02) (-2.070066e-02 3.997613e+00 1.555339e-02)) ((2.542051e+02 -7.246452e+00 -7.511432e-01) (-1.159521e-02 -5.076091e-03 -1.347800e-03))
502.94        	((-3.190812e+01 1.296281e+03 -3.172994e+02) (-2.278324e-02 3.997273e+00 1.609771e-02)) ((2.542297e+02 -7.212546e+00 -7.425345e-01) (-1.129051e-02 -3.976794e-03 -1.227375e-03))
502.95        	((-3.203945e+01 1.296324e+03 -3.172484e+02) (-2.164333e-02 3.996802e+00 1.540590e-02)) ((2.542196e+02 -7.235670e+00 -7.507417e-01) (-1.142605e-02 -4.772975e-03 -1.575639e-03))
502.96        	((-3.199625e+01 1.296242e+03 -3.171950e+02) (-2.044460e-02 3.995928e+00 1.581259e-02)) ((2.542179e+02 -7.254169e+00 -7.174865e-01) (-1.190259e-02 -6.527505e-03 -6.809096e-04))
502.97        	((-3.206250e+01 1.296086e+03 -3.171191e+02) (-2.152795e-02 3.995355e+00 1.557150e-02)) ((2.541927e+02 -7.255722e+00 -7.129857e-01) (-1.184191e-02 -5.013186e-03 -1.327062e-03))
502.98        	((-3.203745e+01 1.296086e+03 -3.170276e+02) (-2.246535e-02 3.993980e+00 1.614592e-02)) ((2.542063e+02 -7.197993e+00 -7.091396e-01) (-1.290700e-02 -5.140768e-03 -1.085082e-03))
502.99        	((-3.211686e+01 1.296045e+03 -3.169735e+02) (-2.282095e-02 3.994028e+00 1.606741e-02)) ((2.542152e+02 -7.190973e+00 -7.187557e-01) (-1.225512e-02 -3.987271e-03 -1.590021e-03))
503           	((-3.198211e+01 1.295877e+03 -3.168779e+02) (-2.387650e-02 3.995089e+00 1.552331e-02)) ((2.541945e+02 -7.193794e+00 -7.159329e-01) (-1.101925e-02 -4.314821e-03 -1.575906e-03))
503.01        	((-3.195628e+01 1.295703e+03 -3.167611e+02) (-2.165619e-02 3.995426e+00 1.511776e-02)) ((2.541888e+02 -7.215005e+00 -7.064672e-01) (-1.036090e-02 -5.247826e-03 -1.351291e-03))
503.02        	((-3.174362e+01 1.295688e+03 -3.166972e+02) (-2.282986e-02 3.993268e+00 1.597646e-02)) ((2.542085e+02 -7.209999e+00 -6.936587e-01) (-1.187298e-02 -5.045229e-03 -1.122945e-03))
503.03        	((-3.168072e+01 1.295784e+03 -3.166239e+02) (-2.290263e-02 3.993078e+00 1.578105e-02)) ((2.542348e+02 -7.153005e+00 -7.175009e-01) (-1.165602e-02 -4.224765e-03 -1.691948e-03))
503.04        	((-3.140580e+01 1.296034e+03 -3.166187e+02) (-2.494701e-02 3.991460e+00 1.668045e-02)) ((2.543306e+02 -7.123494e+00 -7.185688e-01) (-1.263623e-02 -3.267244e-03 -1.916880e-03))
503.05        	((-3.124909e+01 1.296266e+03 -3.165433e+02) (-2.261272e-02 3.993236e+00 1.602269e-02)) ((2.543951e+02 -7.095436e+00 -7.352307e-01) (-1.108880e-02 -4.278201e-03 -1.742205e-03))
503.06        	((-3.091066e+01 1.296478e+03 -3.165370e+02) (-2.229164e-02 3.992740e+00 1.703001e-02)) ((2.544655e+02 -7.096503e+00 -7.327792e-01) (-1.119148e-02 -4.786478e-03 -1.124953e-03))
503.07        	((-3.066671e+01 1.296689e+03 -3.164950e+02) (-2.192610e-02 3.992664e+00 1.664897e-02)) ((2.545160e+02 -7.053259e+00 -7.744556e-01) (-1.100979e-02 -4.676383e-03 -1.811650e-03))
503.08        	((-3.029146e+01 1.297048e+03 -3.164860e+02) (-2.220231e-02 3.993454e+00 1.695708e-02)) ((2.546423e+02 -7.003812e+00 -7.762982e-01) (-1.024745e-02 -4.748139e-03 -1.384590e-03))
503.09        	((-2.994514e+01 1.297340e+03 -3.165248e+02) (-2.112701e-02 3.991913e+00 1.748705e-02)) ((2.547362e+02 -6.989715e+00 -7.991067e-01) (-1.099244e-02 -4.929357e-03 -1.732346e-03))
503.1         	((-2.956753e+01 1.297547e+03 -3.164875e+02) (-2.025740e-02 3.991756e+00 1.834417e-02)) ((2.548511e+02 -6.919223e+00 -8.135860e-01) (-1.157278e-02 -5.804953e-03 -1.023693e-03))
503.11        	((-2.927148e+01 1.297377e+03 -3.164633e+02) (-1.999089e-02 3.991680e+00 1.820628e-02)) ((2.548410e+02 -6.889539e+00 -8.565666e-01) (-1.103121e-02 -4.822027e-03 -1.498153e-03))
503.12        	((-2.886578e+01 1.297403e+03 -3.164214e+02) (-2.135372e-02 3.993141e+00 1.832992e-02)) ((2.549196e+02 -6.757779e+00 -9.087741e-01) (-9.675648e-03 -4.325992e-03 -1.704914e-03))
503.13        	((-2.854881e+01 1.297291e+03 -3.163722e+02) (-1.937259e-02 3.991823e+00 1.878591e-02)) ((2.549285e+02 -6.706979e+00 -9.381804e-01) (-1.055971e-02 -4.708991e-03 -1.717591e-03))
503.14        	((-2.817814e+01 1.297175e+03 -3.163545e+02) (-1.841405e-02 3.990683e+00 1.999444e-02)) ((2.549467e+02 -6.647529e+00 -9.481444e-01) (-1.119982e-02 -6.020427e-03 -1.147531e-03))
503.15        	((-2.812095e+01 1.296663e+03 -3.162380e+02) (-1.733034e-02 3.989829e+00 1.994761e-02)) ((2.548902e+02 -6.600129e+00 -9.712337e-01) (-1.179546e-02 -5.594836e-03 -1.305916e-03))
503.16        	((-2.809193e+01 1.295935e+03 -3.160778e+02) (-1.792619e-02 3.989803e+00 2.116189e-02)) ((2.547974e+02 -6.522843e+00 -9.950841e-01) (-1.159814e-02 -5.481009e-03 -1.067004e-03))
503.17        	((-2.817432e+01 1.295152e+03 -3.159184e+02) (-1.747811e-02 3.989812e+00 2.089622e-02)) ((2.546490e+02 -6.515874e+00 -1.019044e+00) (-1.088014e-02 -4.972363e-03 -1.609465e-03))
503.18        	((-2.830940e+01 1.294030e+03 -3.156849e+02) (-1.791280e-02 3.990506e+00 2.120430e-02)) ((2.544810e+02 -6.513877e+00 -1.008758e+00) (-9.852542e-03 -4.999320e-03 -1.195928e-03))
503.19        	((-2.878001e+01 1.291959e+03 -3.153595e+02) (-1.754011e-02 3.988282e+00 2.178564e-02)) ((2.541281e+02 -6.503889e+00 -1.016940e+00) (-1.094114e-02 -4.763163e-03 -1.708559e-03))
503.2         	((-2.945223e+01 1.288455e+03 -3.148077e+02) (-1.943302e-02 3.984645e+00 2.338483e-02)) ((2.535502e+02 -6.532054e+00 -9.810784e-01) (-1.351348e-02 -3.587289e-03 -1.489495e-03))
503.21        	((-3.042502e+01 1.284046e+03 -3.140925e+02) (-1.761913e-02 3.985215e+00 2.241984e-02)) ((2.527509e+02 -6.603934e+00 -9.622083e-01) (-1.135541e-02 -4.922099e-03 -1.473288e-03))
503.22        	((-3.126527e+01 1.280208e+03 -3.134005e+02) (-1.705367e-02 3.982954e+00 2.354130e-02)) ((2.520495e+02 -6.712411e+00 -8.871353e-01) (-1.141365e-02 -6.038623e-03 -5.042052e-04))
503.23        	((-3.186975e+01 1.279835e+03 -3.130911e+02) (-1.860771e-02 3.980523e+00 2.308394e-02)) ((2.518145e+02 -6.819355e+00 -8.328643e-01) (-1.165115e-02 -5.099630e-03 -1.451227e-03))
503.24        	((-3.151670e+01 1.286945e+03 -3.137930e+02) (-2.003100e-02 3.980317e+00 2.261212e-02)) ((2.527669e+02 -6.978757e+00 -7.186673e-01) (-1.115755e-02 -4.679501e-03 -1.062148e-03))
503.25        	((-3.066611e+01 1.299114e+03 -3.153901e+02) (-1.835602e-02 3.980506e+00 2.274345e-02)) ((2.546363e+02 -7.164204e+00 -6.622620e-01) (-1.212423e-02 -5.518252e-03 -1.085467e-03))
503.26        	((-2.950550e+01 1.311410e+03 -3.172457e+02) (-1.883345e-02 3.985319e+00 2.264419e-02)) ((2.566869e+02 -7.298270e+00 -6.608746e-01) (-1.143067e-02 -5.460144e-03 -9.648337e-04))
503.27        	((-2.856841e+01 1.319465e+03 -3.188875e+02) (-1.732198e-02 3.989641e+00 2.299656e-02)) ((2.582689e+02 -7.322858e+00 -7.623897e-01) (-1.065731e-02 -5.558103e-03 -1.361243e-03))
503.28        	((-2.826852e+01 1.318043e+03 -3.193572e+02) (-1.771724e-02 3.993378e+00 2.261189e-02)) ((2.584646e+02 -7.237641e+00 -9.125841e-01) (-1.033416e-02 -5.526536e-03 -1.207044e-03))
503.29        	((-2.956678e+01 1.303989e+03 -3.182701e+02) (-1.660807e-02 3.992451e+00 2.278411e-02)) ((2.566587e+02 -7.020200e+00 -1.118620e+00) (-1.076254e-02 -5.794557e-03 -1.484534e-03))
503.3         	((-3.066683e+01 1.287445e+03 -3.164984e+02) (-1.841897e-02 3.988727e+00 2.247558e-02)) ((2.541858e+02 -6.764810e+00 -1.239193e+00) (-1.022299e-02 -5.489768e-03 -1.326837e-03))
503.31        	((-3.056366e+01 1.277988e+03 -3.150986e+02) (-1.795756e-02 3.983023e+00 2.184203e-02)) ((2.525389e+02 -6.581466e+00 -1.258176e+00) (-9.980842e-03 -5.611139e-03 -1.352609e-03))
503.32        	((-2.930316e+01 1.276434e+03 -3.143977e+02) (-1.970406e-02 3.976793e+00 2.242811e-02)) ((2.519577e+02 -6.425676e+00 -1.181850e+00) (-1.157816e-02 -5.150765e-03 -1.312907e-03))
503.33        	((-2.813747e+01 1.279010e+03 -3.142898e+02) (-1.902062e-02 3.974450e+00 2.189844e-02)) ((2.519809e+02 -6.271667e+00 -1.094927e+00) (-1.188099e-02 -3.994971e-03 -1.453812e-03))
503.34        	((-2.724156e+01 1.282500e+03 -3.144671e+02) (-1.898333e-02 3.975990e+00 2.114558e-02)) ((2.522488e+02 -6.198687e+00 -1.015600e+00) (-1.085900e-02 -4.130675e-03 -1.357152e-03))
503.35        	((-2.709881e+01 1.285780e+03 -3.147017e+02) (-1.636137e-02 3.976255e+00 2.086335e-02)) ((2.525979e+02 -6.173000e+00 -9.722450e-01) (-1.137096e-02 -4.663018e-03 -1.355862e-03))
503.36        	((-2.720887e+01 1.289297e+03 -3.148852e+02) (-1.609397e-02 3.976013e+00 2.128672e-02)) ((2.531227e+02 -6.237909e+00 -9.372062e-01) (-1.212758e-02 -5.120068e-03 -1.034721e-03))
503.37        	((-2.788887e+01 1.291273e+03 -3.147549e+02) (-1.486337e-02 3.977524e+00 2.070452e-02)) ((2.534863e+02 -6.413310e+00 -9.346087e-01) (-1.130278e-02 -5.084118e-03 -1.131211e-03))
503.38        	((-2.871039e+01 1.291083e+03 -3.144386e+02) (-1.581468e-02 3.977160e+00 2.167750e-02)) ((2.535793e+02 -6.621952e+00 -9.377649e-01) (-1.171117e-02 -5.314830e-03 -8.318946e-04))
503.39        	((-2.950675e+01 1.290007e+03 -3.141693e+02) (-1.567888e-02 3.977123e+00 2.130216e-02)) ((2.534780e+02 -6.786911e+00 -9.620097e-01) (-1.106031e-02 -5.128862e-03 -1.263962e-03))
503.4         	((-3.001055e+01 1.288536e+03 -3.140362e+02) (-1.707557e-02 3.977376e+00 2.148637e-02)) ((2.533282e+02 -6.923366e+00 -9.596802e-01) (-1.049368e-02 -5.221132e-03 -1.122784e-03))
503.41        	((-3.042329e+01 1.287966e+03 -3.142121e+02) (-1.459468e-02 3.974018e+00 2.132725e-02)) ((2.532474e+02 -7.030520e+00 -9.497175e-01) (-1.243208e-02 -6.638949e-03 -7.226401e-04))
503.42        	((-3.047486e+01 1.288623e+03 -3.144544e+02) (-1.646406e-02 3.975552e+00 2.120432e-02)) ((2.533202e+02 -7.090928e+00 -9.262642e-01) (-1.127574e-02 -6.366433e-03 -7.427615e-04))
503.43        	((-3.053623e+01 1.289438e+03 -3.146874e+02) (-1.774131e-02 3.976228e+00 2.101883e-02)) ((2.534744e+02 -7.017716e+00 -9.402195e-01) (-1.055843e-02 -4.815189e-03 -1.506563e-03))
503.44        	((-3.031024e+01 1.289413e+03 -3.147580e+02) (-1.842870e-02 3.975500e+00 2.148823e-02)) ((2.535048e+02 -6.883088e+00 -9.539512e-01) (-1.136711e-02 -4.911494e-03 -1.079431e-03))
503.45        	((-2.999305e+01 1.288321e+03 -3.146484e+02) (-1.718960e-02 3.975905e+00 2.097942e-02)) ((2.533221e+02 -6.796424e+00 -9.886656e-01) (-1.097948e-02 -5.281015e-03 -1.334768e-03))
503.46        	((-2.953843e+01 1.286911e+03 -3.145162e+02) (-1.707417e-02 3.976446e+00 2.082340e-02)) ((2.530722e+02 -6.698900e+00 -1.005193e+00) (-9.913070e-03 -5.733712e-03 -7.885140e-04))
503.47        	((-2.918031e+01 1.286041e+03 -3.143541e+02) (-1.698614e-02 3.975561e+00 2.068333e-02)) ((2.528940e+02 -6.662513e+00 -1.030084e+00) (-1.053454e-02 -5.016608e-03 -1.397909e-03))
503.48        	((-2.887169e+01 1.286040e+03 -3.143304e+02) (-1.787467e-02 3.974927e+00 2.058910e-02)) ((2.528394e+02 -6.556870e+00 -1.041587e+00) (-1.058955e-02 -4.782369e-03 -1.174310e-03))
503.49        	((-2.867844e+01 1.286897e+03 -3.143813e+02) (-1.711838e-02 3.973997e+00 2.100430e-02)) ((2.529824e+02 -6.560973e+00 -1.044224e+00) (-1.128992e-02 -4.400577e-03 -1.506094e-03))
503.5         	((-2.846884e+01 1.287887e+03 -3.144726e+02) (-1.733626e-02 3.974952e+00 2.067283e-02)) ((2.531355e+02 -6.516913e+00 -1.043116e+00) (-1.047178e-02 -4.972117e-03 -1.226077e-03))
503.51        	((-2.838136e+01 1.288619e+03 -3.144867e+02) (-1.547994e-02 3.977124e+00 2.026225e-02)) ((2.533104e+02 -6.548713e+00 -1.038333e+00) (-9.320541e-03 -5.402301e-03 -1.173506e-03))
503.52        	((-2.821039e+01 1.288674e+03 -3.144423e+02) (-1.610877e-02 3.976842e+00 2.054817e-02)) ((2.533185e+02 -6.542481e+00 -1.035024e+00) (-1.007760e-02 -5.219504e-03 -8.055708e-04))
503.53        	((-2.822046e+01 1.288377e+03 -3.143777e+02) (-1.603350e-02 3.976276e+00 2.142136e-02)) ((2.532980e+02 -6.530029e+00 -1.062913e+00) (-1.095512e-02 -4.843316e-03 -1.586398e-03))
503.54        	((-2.820027e+01 1.287947e+03 -3.142931e+02) (-1.586706e-02 3.977652e+00 2.086815e-02)) ((2.531971e+02 -6.532840e+00 -1.050400e+00) (-1.010010e-02 -5.089821e-03 -8.737781e-04))
503.55        	((-2.826771e+01 1.287776e+03 -3.142446e+02) (-1.539368e-02 3.978684e+00 2.080461e-02)) ((2.531689e+02 -6.541034e+00 -1.068604e+00) (-9.223486e-03 -5.117356e-03 -1.393370e-03))
503.56        	((-2.822473e+01 1.287820e+03 -3.142267e+02) (-1.537721e-02 3.977768e+00 2.128793e-02)) ((2.531431e+02 -6.568673e+00 -1.048252e+00) (-1.015331e-02 -5.340299e-03 -7.762602e-04))
503.57        	((-2.826292e+01 1.288040e+03 -3.142384e+02) (-1.450416e-02 3.976172e+00 2.268301e-02)) ((2.531678e+02 -6.577143e+00 -1.062864e+00) (-1.180437e-02 -5.877760e-03 -1.314893e-03))
503.58        	((-2.825393e+01 1.288198e+03 -3.142286e+02) (-1.505432e-02 3.978486e+00 2.168775e-02)) ((2.531714e+02 -6.564810e+00 -1.045056e+00) (-1.019287e-02 -5.571172e-03 -7.632597e-04))
503.59        	((-2.836379e+01 1.288278e+03 -3.142447e+02) (-1.477302e-02 3.980129e+00 2.143529e-02)) ((2.532329e+02 -6.530085e+00 -1.071690e+00) (-8.916453e-03 -5.262049e-03 -1.269038e-03))
503.6         	((-2.832558e+01 1.288192e+03 -3.142814e+02) (-1.533406e-02 3.979145e+00 2.202729e-02)) ((2.532448e+02 -6.522906e+00 -1.068416e+00) (-9.832543e-03 -5.190349e-03 -8.614211e-04))
503.61        	((-2.838589e+01 1.288037e+03 -3.142521e+02) (-1.466347e-02 3.978145e+00 2.271739e-02)) ((2.532152e+02 -6.538568e+00 -1.084490e+00) (-1.121441e-02 -5.197009e-03 -1.343557e-03))
503.62        	((-2.837318e+01 1.287827e+03 -3.142600e+02) (-1.498382e-02 3.978759e+00 2.276968e-02)) ((2.531481e+02 -6.518689e+00 -1.075417e+00) (-1.052649e-02 -5.667995e-03 -9.693898e-04))
503.63        	((-2.852062e+01 1.287708e+03 -3.142346e+02) (-1.346835e-02 3.979897e+00 2.222178e-02)) ((2.530995e+02 -6.514245e+00 -1.075793e+00) (-9.430326e-03 -5.945208e-03 -9.292890e-04))
503.64        	((-2.852622e+01 1.287655e+03 -3.142150e+02) (-1.553150e-02 3.979747e+00 2.250049e-02)) ((2.530747e+02 -6.511413e+00 -1.070350e+00) (-9.602982e-03 -4.879579e-03 -9.773761e-04))
503.65        	((-2.867174e+01 1.287617e+03 -3.142135e+02) (-1.519128e-02 3.977719e+00 2.342640e-02)) ((2.530549e+02 -6.501019e+00 -1.090152e+00) (-1.117235e-02 -4.563464e-03 -1.517548e-03))
503.66        	((-2.866745e+01 1.287594e+03 -3.141715e+02) (-1.480483e-02 3.978973e+00 2.322160e-02)) ((2.530368e+02 -6.515894e+00 -1.077479e+00) (-1.027795e-02 -5.420371e-03 -8.758169e-04))
503.67        	((-2.880024e+01 1.287527e+03 -3.141968e+02) (-1.336812e-02 3.979083e+00 2.308791e-02)) ((2.530244e+02 -6.525951e+00 -1.084865e+00) (-9.563400e-03 -6.019455e-03 -9.968012e-04))
503.68        	((-2.879988e+01 1.287524e+03 -3.141375e+02) (-1.534219e-02 3.979774e+00 2.266234e-02)) ((2.530371e+02 -6.537622e+00 -1.071049e+00) (-9.348999e-03 -5.045075e-03 -1.009573e-03))
503.69        	((-2.890951e+01 1.287453e+03 -3.141530e+02) (-1.505044e-02 3.977416e+00 2.366788e-02)) ((2.530185e+02 -6.555924e+00 -1.075373e+00) (-1.115927e-02 -4.722815e-03 -1.452756e-03))
503.7         	((-2.887723e+01 1.287437e+03 -3.141584e+02) (-1.406490e-02 3.977381e+00 2.359652e-02)) ((2.529816e+02 -6.572304e+00 -1.056757e+00) (-1.094748e-02 -6.154279e-03 -6.495800e-04))
503.71        	((-2.895643e+01 1.287562e+03 -3.141859e+02) (-1.299245e-02 3.978158e+00 2.300407e-02)) ((2.529943e+02 -6.576909e+00 -1.063879e+00) (-9.800728e-03 -6.487508e-03 -8.775099e-04))
503.72        	((-2.893174e+01 1.287711e+03 -3.141975e+02) (-1.501479e-02 3.977301e+00 2.278973e-02)) ((2.530239e+02 -6.554767e+00 -1.057511e+00) (-1.042650e-02 -5.422755e-03 -7.967185e-04))
503.73        	((-2.905282e+01 1.287685e+03 -3.142157e+02) (-1.529581e-02 3.976386e+00 2.327662e-02)) ((2.530071e+02 -6.501243e+00 -1.084591e+00) (-1.085030e-02 -4.715613e-03 -1.483940e-03))
503.74        	((-2.898698e+01 1.287550e+03 -3.141802e+02) (-1.539357e-02 3.976471e+00 2.340112e-02)) ((2.529748e+02 -6.523590e+00 -1.067600e+00) (-1.078055e-02 -4.997516e-03 -9.146653e-04))
503.75        	((-2.897626e+01 1.287316e+03 -3.141714e+02) (-1.482965e-02 3.976021e+00 2.330555e-02)) ((2.529203e+02 -6.566914e+00 -1.077088e+00) (-1.068998e-02 -5.153662e-03 -1.389706e-03))
503.76        	((-2.889684e+01 1.287144e+03 -3.141560e+02) (-1.499803e-02 3.976309e+00 2.323038e-02)) ((2.528905e+02 -6.591558e+00 -1.056247e+00) (-1.006299e-02 -5.197772e-03 -7.533950e-04))
503.77        	((-2.896802e+01 1.287044e+03 -3.141464e+02) (-1.438432e-02 3.975868e+00 2.295943e-02)) ((2.528774e+02 -6.539446e+00 -1.086836e+00) (-9.920254e-03 -5.698844e-03 -1.363460e-03))
503.78        	((-2.889063e+01 1.286992e+03 -3.141181e+02) (-1.494132e-02 3.975883e+00 2.269739e-02)) ((2.528652e+02 -6.552748e+00 -1.056536e+00) (-9.797790e-03 -5.474387e-03 -8.457512e-04))
503.79        	((-2.897542e+01 1.286916e+03 -3.141238e+02) (-1.438984e-02 3.974701e+00 2.270755e-02)) ((2.528361e+02 -6.525506e+00 -1.074846e+00) (-1.021404e-02 -5.355144e-03 -1.180935e-03))
503.8         	((-2.888276e+01 1.286868e+03 -3.141131e+02) (-1.550329e-02 3.974849e+00 2.253895e-02)) ((2.528108e+02 -6.533431e+00 -1.065875e+00) (-9.705093e-03 -5.158770e-03 -1.061548e-03))
503.81        	((-2.895546e+01 1.286837e+03 -3.141038e+02) (-1.383609e-02 3.974170e+00 2.242024e-02)) ((2.527944e+02 -6.539313e+00 -1.074492e+00) (-9.781010e-03 -5.654121e-03 -1.017660e-03))
503.82        	((-2.887780e+01 1.286826e+03 -3.140850e+02) (-1.564843e-02 3.973465e+00 2.265836e-02)) ((2.527891e+02 -6.530027e+00 -1.073162e+00) (-1.014042e-02 -5.209913e-03 -1.175040e-03))
503.83        	((-2.898038e+01 1.286770e+03 -3.140659e+02) (-1.507474e-02 3.971842e+00 2.297098e-02)) ((2.527732e+02 -6.528296e+00 -1.075997e+00) (-1.115459e-02 -4.604983e-03 -1.387269e-03))
503.84        	((-2.890972e+01 1.286665e+03 -3.140207e+02) (-1.577067e-02 3.973168e+00 2.218341e-02)) ((2.527343e+02 -6.526331e+00 -1.072538e+00) (-9.654619e-03 -4.939884e-03 -1.130622e-03))
503.85        	((-2.895529e+01 1.286549e+03 -3.140200e+02) (-1.345981e-02 3.972523e+00 2.204118e-02)) ((2.527049e+02 -6.556438e+00 -1.073053e+00) (-9.442430e-03 -6.049005e-03 -1.020650e-03))
503.86        	((-2.890409e+01 1.286499e+03 -3.139927e+02) (-1.479221e-02 3.971260e+00 2.251809e-02)) ((2.526940e+02 -6.543243e+00 -1.067417e+00) (-1.042003e-02 -5.761136e-03 -9.167028e-04))
503.87        	((-2.902415e+01 1.286384e+03 -3.139961e+02) (-1.438373e-02 3.970273e+00 2.223176e-02)) ((2.526386e+02 -6.516449e+00 -1.079997e+00) (-1.049536e-02 -5.194029e-03 -1.219232e-03))
503.88        	((-2.899086e+01 1.286391e+03 -3.139730e+02) (-1.634116e-02 3.970733e+00 2.238505e-02)) ((2.526565e+02 -6.479362e+00 -1.086380e+00) (-9.957096e-03 -4.576572e-03 -1.390483e-03))
503.89        	((-2.903548e+01 1.286288e+03 -3.139499e+02) (-1.434586e-02 3.969649e+00 2.192994e-02)) ((2.526117e+02 -6.512726e+00 -1.083057e+00) (-1.030440e-02 -5.325072e-03 -1.316165e-03))
503.9         	((-2.894208e+01 1.286214e+03 -3.139485e+02) (-1.318014e-02 3.968387e+00 2.280245e-02)) ((2.526018e+02 -6.527710e+00 -1.070259e+00) (-1.099237e-02 -7.227479e-03 -6.114098e-04))
503.91        	((-2.902417e+01 1.286085e+03 -3.139243e+02) (-1.376189e-02 3.968060e+00 2.199791e-02)) ((2.525470e+02 -6.542893e+00 -1.072076e+00) (-1.064675e-02 -5.601421e-03 -1.085798e-03))
503.92        	((-2.903222e+01 1.286012e+03 -3.138790e+02) (-1.648011e-02 3.968599e+00 2.157866e-02)) ((2.525256e+02 -6.470831e+00 -1.095008e+00) (-9.986470e-03 -4.240413e-03 -1.440386e-03))
503.93        	((-2.908722e+01 1.285911e+03 -3.138871e+02) (-1.533715e-02 3.966842e+00 2.158909e-02)) ((2.525031e+02 -6.474862e+00 -1.107234e+00) (-1.071200e-02 -4.547261e-03 -1.791146e-03))
503.94        	((-2.901700e+01 1.285836e+03 -3.138405e+02) (-1.456260e-02 3.966525e+00 2.165884e-02)) ((2.524621e+02 -6.501625e+00 -1.083847e+00) (-1.086231e-02 -5.652587e-03 -9.553638e-04))
503.95        	((-2.907988e+01 1.285763e+03 -3.138538e+02) (-1.338002e-02 3.965025e+00 2.197659e-02)) ((2.524400e+02 -6.515095e+00 -1.091474e+00) (-1.140124e-02 -6.006279e-03 -1.121088e-03))
503.96        	((-2.907859e+01 1.285723e+03 -3.137926e+02) (-1.480846e-02 3.966293e+00 2.124590e-02)) ((2.524110e+02 -6.472454e+00 -1.094467e+00) (-1.022450e-02 -5.481648e-03 -1.068362e-03))
503.97        	((-2.915530e+01 1.285673e+03 -3.138128e+02) (-1.506709e-02 3.964672e+00 2.197579e-02)) ((2.524152e+02 -6.462805e+00 -1.109970e+00) (-1.093402e-02 -4.714725e-03 -1.748418e-03))
503.98        	((-2.912981e+01 1.285623e+03 -3.137652e+02) (-1.496578e-02 3.965684e+00 2.104876e-02)) ((2.523928e+02 -6.448441e+00 -1.101245e+00) (-9.875873e-03 -5.283292e-03 -1.130193e-03))
503.99        	((-2.915397e+01 1.285550e+03 -3.137866e+02) (-1.382270e-02 3.964792e+00 2.130426e-02)) ((2.523825e+02 -6.501973e+00 -1.106080e+00) (-9.853915e-03 -5.399021e-03 -1.275984e-03))
504           	((-2.908823e+01 1.285491e+03 -3.137465e+02) (-1.470312e-02 3.964424e+00 2.093530e-02)) ((2.523484e+02 -6.498603e+00 -1.108382e+00) (-1.006848e-02 -5.596134e-03 -1.168158e-03))
504.01        	((-2.916829e+01 1.285450e+03 -3.137545e+02) (-1.412649e-02 3.962765e+00 2.167611e-02)) ((2.523531e+02 -6.487889e+00 -1.116771e+00) (-1.103085e-02 -5.465012e-03 -1.565784e-03))
504.02        	((-2.914727e+01 1.285362e+03 -3.137357e+02) (-1.462440e-02 3.963312e+00 2.096290e-02)) ((2.523046e+02 -6.478669e+00 -1.100411e+00) (-1.014225e-02 -5.459363e-03 -1.018221e-03))
504.03        	((-2.921620e+01 1.285335e+03 -3.137396e+02) (-1.451819e-02 3.963743e+00 2.078440e-02)) ((2.523120e+02 -6.457046e+00 -1.122030e+00) (-9.168104e-03 -5.314703e-03 -1.692794e-03))
504.04        	((-2.918744e+01 1.285289e+03 -3.137218e+02) (-1.450324e-02 3.962287e+00 2.101149e-02)) ((2.522892e+02 -6.461910e+00 -1.106501e+00) (-1.018875e-02 -5.365844e-03 -9.619775e-04))
504.05        	((-2.924137e+01 1.285265e+03 -3.136973e+02) (-1.303980e-02 3.958812e+00 2.299319e-02)) ((2.522906e+02 -6.453011e+00 -1.137743e+00) (-1.327449e-02 -6.207986e-03 -1.262233e-03))
504.06        	((-2.906219e+01 1.285082e+03 -3.136924e+02) (-1.434509e-02 3.960725e+00 2.145697e-02)) ((2.521805e+02 -6.551327e+00 -1.105827e+00) (-1.088571e-02 -5.800117e-03 -1.184953e-03))
504.07        	((-2.922028e+01 1.285085e+03 -3.136825e+02) (-1.491145e-02 3.961973e+00 2.052684e-02)) ((2.522175e+02 -6.485861e+00 -1.128910e+00) (-9.249609e-03 -4.558596e-03 -1.734981e-03))
504.08        	((-2.921049e+01 1.285048e+03 -3.136865e+02) (-1.552196e-02 3.960276e+00 2.082401e-02)) ((2.522165e+02 -6.436361e+00 -1.131153e+00) (-1.029882e-02 -4.968867e-03 -1.502617e-03))
504.09        	((-2.926132e+01 1.285036e+03 -3.136610e+02) (-1.213084e-02 3.957852e+00 2.198386e-02)) ((2.522087e+02 -6.467023e+00 -1.128520e+00) (-1.233411e-02 -6.767248e-03 -9.959251e-04))
504.1         	((-2.920549e+01 1.284999e+03 -3.136416e+02) (-1.448177e-02 3.959608e+00 2.081180e-02)) ((2.521508e+02 -6.450487e+00 -1.133262e+00) (-1.038244e-02 -5.613560e-03 -1.169383e-03))
504.11        	((-2.928926e+01 1.285147e+03 -3.136870e+02) (-1.430580e-02 3.959973e+00 2.069536e-02)) ((2.521962e+02 -6.423613e+00 -1.158390e+00) (-9.321883e-03 -4.903594e-03 -1.622339e-03))
504.12        	((-2.918238e+01 1.285340e+03 -3.136809e+02) (-1.492412e-02 3.959637e+00 2.048774e-02)) ((2.522299e+02 -6.423846e+00 -1.156282e+00) (-9.667273e-03 -5.235571e-03 -1.354294e-03))
504.13        	((-2.920663e+01 1.285399e+03 -3.137212e+02) (-1.367123e-02 3.958285e+00 2.085669e-02)) ((2.522403e+02 -6.433710e+00 -1.159927e+00) (-1.031473e-02 -5.724629e-03 -1.614554e-03))
504.14        	((-2.915984e+01 1.285365e+03 -3.137153e+02) (-1.404948e-02 3.957846e+00 2.106446e-02)) ((2.522368e+02 -6.432212e+00 -1.140319e+00) (-1.065057e-02 -5.730146e-03 -1.027712e-03))
504.15        	((-2.924707e+01 1.285217e+03 -3.137142e+02) (-1.382937e-02 3.957880e+00 2.064297e-02)) ((2.522043e+02 -6.395713e+00 -1.170351e+00) (-1.010827e-02 -5.467596e-03 -1.552851e-03))
504.16        	((-2.920733e+01 1.285119e+03 -3.137154e+02) (-1.513118e-02 3.957952e+00 2.061982e-02)) ((2.521904e+02 -6.376065e+00 -1.172593e+00) (-9.620940e-03 -4.718187e-03 -1.316104e-03))
504.17        	((-2.924672e+01 1.285087e+03 -3.137072e+02) (-1.412864e-02 3.956994e+00 2.066660e-02)) ((2.521858e+02 -6.348098e+00 -1.204456e+00) (-1.005064e-02 -5.362303e-03 -1.813472e-03))
504.18        	((-2.916677e+01 1.285103e+03 -3.136912e+02) (-1.373189e-02 3.955674e+00 2.112616e-02)) ((2.521810e+02 -6.365420e+00 -1.177673e+00) (-1.119168e-02 -5.890424e-03 -1.030251e-03))
504.19        	((-2.921864e+01 1.285073e+03 -3.136893e+02) (-1.365335e-02 3.956262e+00 2.051740e-02)) ((2.521523e+02 -6.363286e+00 -1.192341e+00) (-1.014421e-02 -5.451905e-03 -1.549471e-03))
504.2         	((-2.918613e+01 1.285088e+03 -3.137183e+02) (-1.521888e-02 3.956386e+00 2.062301e-02)) ((2.521555e+02 -6.346450e+00 -1.188769e+00) (-9.536657e-03 -4.568671e-03 -1.416719e-03))
504.21        	((-2.925841e+01 1.285145e+03 -3.136954e+02) (-1.379253e-02 3.955728e+00 2.047846e-02)) ((2.521702e+02 -6.330498e+00 -1.212705e+00) (-1.002146e-02 -5.317822e-03 -1.677540e-03))
504.22        	((-2.919887e+01 1.285164e+03 -3.137120e+02) (-1.254995e-02 3.952417e+00 2.193660e-02)) ((2.521687e+02 -6.328147e+00 -1.197921e+00) (-1.270846e-02 -7.021086e-03 -8.739788e-04))
504.23        	((-2.925208e+01 1.285149e+03 -3.136903e+02) (-1.298438e-02 3.954654e+00 2.065137e-02)) ((2.521339e+02 -6.366235e+00 -1.193096e+00) (-1.032858e-02 -5.798491e-03 -1.383383e-03))
504.24        	((-2.925079e+01 1.285170e+03 -3.136977e+02) (-1.565625e-02 3.955694e+00 2.031698e-02)) ((2.521454e+02 -6.323523e+00 -1.202418e+00) (-9.098617e-03 -4.342948e-03 -1.627403e-03))
504.25        	((-2.935522e+01 1.285185e+03 -3.137021e+02) (-1.407324e-02 3.954353e+00 2.058091e-02)) ((2.521583e+02 -6.308603e+00 -1.224021e+00) (-9.922499e-03 -4.887553e-03 -1.729137e-03))
504.26        	((-2.927091e+01 1.285159e+03 -3.137142e+02) (-1.435613e-02 3.953450e+00 2.086070e-02)) ((2.521343e+02 -6.325759e+00 -1.216066e+00) (-1.040883e-02 -5.548797e-03 -1.443230e-03))
504.27        	((-2.936160e+01 1.285193e+03 -3.137216e+02) (-1.254111e-02 3.953067e+00 2.076353e-02)) ((2.521473e+02 -6.343926e+00 -1.214351e+00) (-1.038341e-02 -5.908594e-03 -1.223811e-03))
504.28        	((-2.933887e+01 1.285217e+03 -3.137052e+02) (-1.469038e-02 3.953103e+00 2.061426e-02)) ((2.521345e+02 -6.305218e+00 -1.224103e+00) (-1.031187e-02 -5.126365e-03 -1.411649e-03))
504.29        	((-2.942286e+01 1.285244e+03 -3.137211e+02) (-1.563782e-02 3.949446e+00 2.132116e-02)) ((2.521436e+02 -6.296482e+00 -1.234974e+00) (-1.309914e-02 -3.633423e-03 -2.277178e-03))
504.3         	((-2.938390e+01 1.285239e+03 -3.137289e+02) (-1.468256e-02 3.952117e+00 2.062638e-02)) ((2.521143e+02 -6.287624e+00 -1.222994e+00) (-1.044392e-02 -5.030394e-03 -1.393234e-03))
504.31        	((-2.943051e+01 1.285290e+03 -3.137411e+02) (-1.205064e-02 3.950606e+00 2.103758e-02)) ((2.521390e+02 -6.299990e+00 -1.230114e+00) (-1.146833e-02 -6.627000e-03 -1.121948e-03))
504.32        	((-2.940346e+01 1.285319e+03 -3.137482e+02) (-1.396249e-02 3.952081e+00 2.061356e-02)) ((2.521421e+02 -6.289487e+00 -1.224160e+00) (-9.948294e-03 -5.525061e-03 -1.134758e-03))
504.33        	((-2.942739e+01 1.285329e+03 -3.137580e+02) (-1.478842e-02 3.951905e+00 2.027708e-02)) ((2.521373e+02 -6.299878e+00 -1.244389e+00) (-9.627210e-03 -4.602037e-03 -2.065173e-03))
504.34        	((-2.945339e+01 1.285393e+03 -3.137769e+02) (-1.417934e-02 3.951535e+00 2.069568e-02)) ((2.521583e+02 -6.256343e+00 -1.237835e+00) (-9.769211e-03 -5.096844e-03 -1.150290e-03))
504.35        	((-2.947015e+01 1.285428e+03 -3.137710e+02) (-1.396603e-02 3.950729e+00 2.043724e-02)) ((2.521521e+02 -6.271882e+00 -1.261531e+00) (-1.032877e-02 -5.035630e-03 -1.783068e-03))
504.36        	((-2.939781e+01 1.285465e+03 -3.138007e+02) (-1.457777e-02 3.950109e+00 2.083778e-02)) ((2.521558e+02 -6.272473e+00 -1.248091e+00) (-1.057753e-02 -5.210755e-03 -1.493149e-03))
504.37        	((-2.942637e+01 1.285494e+03 -3.138172e+02) (-1.315319e-02 3.949247e+00 2.085745e-02)) ((2.521560e+02 -6.311125e+00 -1.241594e+00) (-1.099173e-02 -5.506858e-03 -1.476122e-03))
504.38        	((-2.939640e+01 1.285525e+03 -3.138352e+02) (-1.429022e-02 3.950387e+00 2.037148e-02)) ((2.521557e+02 -6.263682e+00 -1.245078e+00) (-9.697197e-03 -5.570836e-03 -1.430860e-03))
504.39        	((-2.947560e+01 1.285562e+03 -3.138411e+02) (-1.418028e-02 3.949857e+00 2.026701e-02)) ((2.521649e+02 -6.274236e+00 -1.249965e+00) (-9.813217e-03 -4.459791e-03 -1.712217e-03))
504.4         	((-2.943552e+01 1.285593e+03 -3.138249e+02) (-1.603829e-02 3.948244e+00 2.081509e-02)) ((2.521619e+02 -6.232665e+00 -1.266585e+00) (-1.130431e-02 -3.962205e-03 -1.853850e-03))
504.41        	((-2.943453e+01 1.285577e+03 -3.138364e+02) (-1.359000e-02 3.948038e+00 2.054353e-02)) ((2.521458e+02 -6.281202e+00 -1.265233e+00) (-1.101265e-02 -5.236760e-03 -1.728388e-03))
504.42        	((-2.939211e+01 1.285594e+03 -3.138511e+02) (-1.397927e-02 3.949084e+00 2.021745e-02)) ((2.521402e+02 -6.265131e+00 -1.255267e+00) (-9.777622e-03 -5.554162e-03 -1.294811e-03))
504.43        	((-2.943127e+01 1.285651e+03 -3.138569e+02) (-1.415704e-02 3.948680e+00 2.023705e-02)) ((2.521618e+02 -6.285061e+00 -1.260985e+00) (-9.897182e-03 -4.720987e-03 -1.873161e-03))
504.44        	((-2.941129e+01 1.285695e+03 -3.138844e+02) (-1.474548e-02 3.947961e+00 2.053762e-02)) ((2.521636e+02 -6.242552e+00 -1.261790e+00) (-1.021564e-02 -4.933920e-03 -1.540608e-03))
504.45        	((-2.943163e+01 1.285845e+03 -3.138719e+02) (-1.381874e-02 3.947393e+00 2.073669e-02)) ((2.521979e+02 -6.268686e+00 -1.268263e+00) (-1.072832e-02 -4.945637e-03 -1.816714e-03))
504.46        	((-2.933957e+01 1.286031e+03 -3.139402e+02) (-1.412251e-02 3.947360e+00 2.071262e-02)) ((2.522064e+02 -6.268525e+00 -1.263662e+00) (-1.021542e-02 -5.211156e-03 -1.321403e-03))
504.47        	((-2.933480e+01 1.286379e+03 -3.139457e+02) (-1.407202e-02 3.948001e+00 2.007301e-02)) ((2.522743e+02 -6.276435e+00 -1.283051e+00) (-9.716293e-03 -4.711011e-03 -1.942645e-03))
504.48        	((-2.923040e+01 1.286499e+03 -3.139974e+02) (-1.415883e-02 3.947294e+00 2.029300e-02)) ((2.522924e+02 -6.268720e+00 -1.273900e+00) (-1.008129e-02 -5.379215e-03 -1.502599e-03))
504.49        	((-2.925895e+01 1.286448e+03 -3.140071e+02) (-1.227375e-02 3.945129e+00 2.129207e-02)) ((2.523016e+02 -6.296747e+00 -1.273505e+00) (-1.189382e-02 -5.981614e-03 -1.429681e-03))
504.5         	((-2.918124e+01 1.286273e+03 -3.140107e+02) (-1.381929e-02 3.946737e+00 2.032645e-02)) ((2.522544e+02 -6.280385e+00 -1.274620e+00) (-1.015776e-02 -5.634788e-03 -1.442023e-03))
504.51        	((-2.928785e+01 1.286235e+03 -3.140141e+02) (-1.301159e-02 3.947788e+00 1.980919e-02)) ((2.522718e+02 -6.245354e+00 -1.292587e+00) (-8.795647e-03 -5.153650e-03 -1.555267e-03))
504.52        	((-2.919967e+01 1.286285e+03 -3.140047e+02) (-1.450235e-02 3.946903e+00 1.992730e-02)) ((2.522821e+02 -6.210602e+00 -1.303832e+00) (-9.545326e-03 -4.984974e-03 -1.607944e-03))
504.53        	((-2.922314e+01 1.286366e+03 -3.140011e+02) (-1.525690e-02 3.942646e+00 2.163037e-02)) ((2.522934e+02 -6.225945e+00 -1.306900e+00) (-1.326166e-02 -3.506327e-03 -2.331328e-03))
504.54        	((-2.917906e+01 1.286397e+03 -3.140380e+02) (-1.417263e-02 3.944567e+00 2.116047e-02)) ((2.522669e+02 -6.178357e+00 -1.304772e+00) (-1.111107e-02 -5.219122e-03 -1.560244e-03))
504.55        	((-2.921516e+01 1.286484e+03 -3.140246e+02) (-1.216199e-02 3.946809e+00 1.978665e-02)) ((2.522858e+02 -6.206638e+00 -1.301001e+00) (-8.999436e-03 -5.929604e-03 -1.416990e-03))
504.56        	((-2.915470e+01 1.286546e+03 -3.140377e+02) (-1.416460e-02 3.946726e+00 2.001900e-02)) ((2.523097e+02 -6.205467e+00 -1.300172e+00) (-8.934082e-03 -4.877361e-03 -1.459815e-03))
504.57        	((-2.923868e+01 1.286566e+03 -3.140418e+02) (-1.344241e-02 3.945112e+00 2.019613e-02)) ((2.523079e+02 -6.175467e+00 -1.328768e+00) (-1.005152e-02 -4.969147e-03 -1.926402e-03))
504.58        	((-2.919413e+01 1.286630e+03 -3.140597e+02) (-1.300180e-02 3.942587e+00 2.170092e-02)) ((2.523398e+02 -6.190616e+00 -1.312755e+00) (-1.230816e-02 -5.516761e-03 -1.121380e-03))
504.59        	((-2.918263e+01 1.286568e+03 -3.140502e+02) (-1.328397e-02 3.944149e+00 2.059317e-02)) ((2.522840e+02 -6.239814e+00 -1.321985e+00) (-1.057712e-02 -5.233965e-03 -1.939328e-03))
504.6         	((-2.921059e+01 1.286593e+03 -3.140359e+02) (-1.450403e-02 3.945939e+00 1.998912e-02)) ((2.523012e+02 -6.200317e+00 -1.307506e+00) (-8.990528e-03 -4.515037e-03 -1.633927e-03))
504.61        	((-2.932204e+01 1.286548e+03 -3.140425e+02) (-1.313340e-02 3.944367e+00 2.016455e-02)) ((2.522905e+02 -6.181348e+00 -1.324597e+00) (-1.000036e-02 -5.055829e-03 -1.730612e-03))
504.62        	((-2.926951e+01 1.286543e+03 -3.140466e+02) (-1.210921e-02 3.942104e+00 2.115927e-02)) ((2.522930e+02 -6.185037e+00 -1.318767e+00) (-1.197641e-02 -6.609661e-03 -1.064217e-03))
504.63        	((-2.934472e+01 1.286500e+03 -3.140530e+02) (-1.264929e-02 3.943266e+00 2.051209e-02)) ((2.522661e+02 -6.202482e+00 -1.328917e+00) (-1.054329e-02 -5.331573e-03 -1.604453e-03))
504.64        	((-2.929180e+01 1.286520e+03 -3.140452e+02) (-1.458671e-02 3.944545e+00 2.019677e-02)) ((2.522717e+02 -6.183455e+00 -1.329737e+00) (-9.351734e-03 -4.746928e-03 -1.780296e-03))
504.65        	((-2.939793e+01 1.286520e+03 -3.140300e+02) (-1.261975e-02 3.943964e+00 2.018092e-02)) ((2.522773e+02 -6.180379e+00 -1.330108e+00) (-9.730233e-03 -5.405420e-03 -1.641077e-03))
504.66        	((-2.929381e+01 1.286509e+03 -3.140351e+02) (-1.315625e-02 3.943280e+00 2.090931e-02)) ((2.522867e+02 -6.216016e+00 -1.312295e+00) (-1.029429e-02 -5.806424e-03 -1.307789e-03))
504.67        	((-2.940049e+01 1.286422e+03 -3.140483e+02) (-1.236298e-02 3.943134e+00 2.039111e-02)) ((2.522551e+02 -6.214766e+00 -1.322052e+00) (-9.883615e-03 -5.463847e-03 -1.441406e-03))
504.68        	((-2.935058e+01 1.286399e+03 -3.140487e+02) (-1.470097e-02 3.943866e+00 2.011768e-02)) ((2.522608e+02 -6.191878e+00 -1.329781e+00) (-9.152703e-03 -4.727702e-03 -1.833952e-03))
504.69        	((-2.944906e+01 1.286355e+03 -3.140234e+02) (-1.285725e-02 3.943013e+00 2.005391e-02)) ((2.522551e+02 -6.193837e+00 -1.328685e+00) (-9.848812e-03 -5.309604e-03 -1.695149e-03))
504.7         	((-2.936884e+01 1.286275e+03 -3.140212e+02) (-1.072998e-02 3.939867e+00 2.132831e-02)) ((2.522296e+02 -6.229280e+00 -1.309634e+00) (-1.248856e-02 -7.696348e-03 -6.016998e-04))
504.71        	((-2.944452e+01 1.286191e+03 -3.140065e+02) (-1.238712e-02 3.942486e+00 2.006894e-02)) ((2.522003e+02 -6.221051e+00 -1.326064e+00) (-9.796481e-03 -5.874510e-03 -1.618145e-03))
504.72        	((-2.944736e+01 1.286131e+03 -3.140039e+02) (-1.440043e-02 3.942821e+00 2.002018e-02)) ((2.521920e+02 -6.197692e+00 -1.319692e+00) (-9.230548e-03 -4.505976e-03 -1.501199e-03))
504.73        	((-2.952338e+01 1.286085e+03 -3.139849e+02) (-1.407317e-02 3.941544e+00 2.042715e-02)) ((2.521927e+02 -6.176793e+00 -1.342959e+00) (-1.027117e-02 -4.663809e-03 -2.107767e-03))
504.74        	((-2.945379e+01 1.285974e+03 -3.139505e+02) (-1.340396e-02 3.941641e+00 2.011160e-02)) ((2.521445e+02 -6.219601e+00 -1.309844e+00) (-1.011940e-02 -5.507598e-03 -1.332833e-03))
504.75        	((-2.950978e+01 1.285893e+03 -3.139432e+02) (-1.231564e-02 3.941718e+00 1.994778e-02)) ((2.521376e+02 -6.237122e+00 -1.314339e+00) (-9.705279e-03 -5.944263e-03 -1.466794e-03))
504.76        	((-2.951075e+01 1.285792e+03 -3.139327e+02) (-1.380035e-02 3.941126e+00 2.007814e-02)) ((2.521054e+02 -6.212859e+00 -1.310962e+00) (-9.988709e-03 -5.200993e-03 -1.368606e-03))
504.77        	((-2.961241e+01 1.285720e+03 -3.139192e+02) (-1.413427e-02 3.940600e+00 2.035602e-02)) ((2.520926e+02 -6.173692e+00 -1.334131e+00) (-1.024975e-02 -4.623954e-03 -2.054675e-03))
504.78        	((-2.964653e+01 1.285661e+03 -3.139106e+02) (-1.487415e-02 3.939560e+00 2.095516e-02)) ((2.520916e+02 -6.144611e+00 -1.326910e+00) (-1.104264e-02 -4.113813e-03 -1.595249e-03))
504.79        	((-2.964948e+01 1.285510e+03 -3.138713e+02) (-1.401601e-02 3.940865e+00 1.981615e-02)) ((2.520447e+02 -6.189276e+00 -1.337696e+00) (-9.729810e-03 -4.695205e-03 -1.975111e-03))
504.8         	((-2.956470e+01 1.285345e+03 -3.138455e+02) (-1.294228e-02 3.941306e+00 1.947669e-02)) ((2.520171e+02 -6.229099e+00 -1.311149e+00) (-9.031795e-03 -6.082801e-03 -1.235965e-03))
504.81        	((-2.959774e+01 1.285181e+03 -3.138460e+02) (-1.251587e-02 3.938454e+00 2.027573e-02)) ((2.519882e+02 -6.256380e+00 -1.306042e+00) (-1.117340e-02 -6.020179e-03 -1.545885e-03))
504.82        	((-2.961884e+01 1.285021e+03 -3.137888e+02) (-1.418074e-02 3.939420e+00 1.965585e-02)) ((2.519292e+02 -6.211701e+00 -1.302599e+00) (-1.027559e-02 -5.019119e-03 -1.501027e-03))
504.83        	((-2.970333e+01 1.284909e+03 -3.137886e+02) (-1.468077e-02 3.939280e+00 1.997442e-02)) ((2.519251e+02 -6.203755e+00 -1.318838e+00) (-1.003434e-02 -4.008004e-03 -1.974870e-03))
504.84        	((-2.964962e+01 1.284768e+03 -3.137298e+02) (-1.434346e-02 3.939407e+00 1.946133e-02)) ((2.518812e+02 -6.192937e+00 -1.324184e+00) (-9.831774e-03 -5.001133e-03 -1.640922e-03))
504.85        	((-2.965668e+01 1.284638e+03 -3.137300e+02) (-1.198810e-02 3.938023e+00 2.058276e-02)) ((2.518714e+02 -6.231667e+00 -1.316309e+00) (-1.078985e-02 -6.456574e-03 -1.451192e-03))
504.86        	((-2.957986e+01 1.284454e+03 -3.136693e+02) (-1.376782e-02 3.938687e+00 1.954110e-02)) ((2.517972e+02 -6.262286e+00 -1.293151e+00) (-1.003094e-02 -5.385958e-03 -1.430972e-03))
504.87        	((-2.968160e+01 1.284347e+03 -3.136753e+02) (-1.440938e-02 3.938717e+00 1.980836e-02)) ((2.518040e+02 -6.235976e+00 -1.308099e+00) (-9.582200e-03 -4.251052e-03 -1.866701e-03))
504.88        	((-2.962484e+01 1.284210e+03 -3.136201e+02) (-1.429231e-02 3.938386e+00 1.923264e-02)) ((2.517623e+02 -6.221900e+00 -1.312016e+00) (-9.798926e-03 -5.089954e-03 -1.603541e-03))
504.89        	((-2.965797e+01 1.284086e+03 -3.136147e+02) (-1.124140e-02 3.936210e+00 2.035086e-02)) ((2.517488e+02 -6.233171e+00 -1.310066e+00) (-1.146230e-02 -7.154212e-03 -1.244146e-03))
504.9         	((-2.959929e+01 1.283914e+03 -3.135671e+02) (-1.375739e-02 3.937382e+00 1.939528e-02)) ((2.516785e+02 -6.252692e+00 -1.289048e+00) (-1.020633e-02 -5.379602e-03 -1.361327e-03))
504.91        	((-2.969824e+01 1.283807e+03 -3.135472e+02) (-1.516757e-02 3.937995e+00 1.908524e-02)) ((2.516684e+02 -6.211197e+00 -1.312141e+00) (-9.408814e-03 -3.842679e-03 -2.162127e-03))
504.92        	((-2.964115e+01 1.283712e+03 -3.135317e+02) (-1.615489e-02 3.933687e+00 1.930911e-02)) ((2.516618e+02 -6.220628e+00 -1.306612e+00) (-1.280947e-02 -3.354094e-03 -2.158032e-03))
504.93        	((-2.962701e+01 1.283587e+03 -3.135041e+02) (-1.385494e-02 3.935723e+00 1.930312e-02)) ((2.516222e+02 -6.259625e+00 -1.309656e+00) (-1.086939e-02 -5.110031e-03 -2.001835e-03))
504.94        	((-2.959833e+01 1.283478e+03 -3.134895e+02) (-1.300228e-02 3.936099e+00 1.930637e-02)) ((2.515989e+02 -6.270545e+00 -1.286767e+00) (-1.029142e-02 -5.756112e-03 -1.128790e-03))
504.95        	((-2.967668e+01 1.283336e+03 -3.134471e+02) (-1.354615e-02 3.936343e+00 1.882310e-02)) ((2.515466e+02 -6.242172e+00 -1.307496e+00) (-1.002725e-02 -5.250839e-03 -1.783468e-03))
504.96        	((-2.969334e+01 1.283228e+03 -3.134330e+02) (-1.453112e-02 3.935617e+00 1.951732e-02)) ((2.515358e+02 -6.191422e+00 -1.303477e+00) (-1.048956e-02 -4.845048e-03 -1.620211e-03))
504.97        	((-2.977897e+01 1.283091e+03 -3.134322e+02) (-1.405345e-02 3.935535e+00 1.894450e-02)) ((2.514999e+02 -6.172473e+00 -1.312060e+00) (-1.007729e-02 -4.846461e-03 -1.913283e-03))
504.98        	((-2.970017e+01 1.283039e+03 -3.133979e+02) (-1.478306e-02 3.935867e+00 1.876527e-02)) ((2.515052e+02 -6.211820e+00 -1.294961e+00) (-9.788147e-03 -4.646784e-03 -1.698724e-03))
504.99        	((-2.968737e+01 1.282910e+03 -3.134000e+02) (-1.334829e-02 3.935197e+00 1.864997e-02)) ((2.514649e+02 -6.279133e+00 -1.291645e+00) (-9.957656e-03 -5.377410e-03 -1.688731e-03))
505           	((-2.964357e+01 1.282847e+03 -3.133524e+02) (-1.251371e-02 3.934110e+00 1.904035e-02)) ((2.514540e+02 -6.275406e+00 -1.286131e+00) (-1.105103e-02 -6.590416e-03 -1.093856e-03))
