# Forces      
# CofR        : (0.000000e+00 0.000000e+00 0.000000e+00)
# Time        forces(pressure viscous)	moments(pressure viscous)
0             	((0.000000e+00 0.000000e+00 0.000000e+00) (-4.061745e-05 4.643706e+00 1.583135e-01)) ((0.000000e+00 0.000000e+00 0.000000e+00) (-1.874382e-01 2.613879e-04 -2.118886e-04))
10            	((-3.442227e+01 3.008489e+04 1.180145e+04) (9.995889e-04 4.743221e+00 1.388041e-01)) ((-4.537084e+03 1.815045e+01 1.322945e+01) (-1.761863e-01 -6.586258e-05 -1.111456e-03))
20            	((-1.766685e+01 1.628187e+04 7.204157e+03) (-7.139697e-03 8.285890e-01 -5.062036e-01)) ((-2.298488e+03 9.158868e+00 7.114489e+00) (7.439072e-01 -4.008294e-03 3.638387e-03))
30            	((-5.541713e+00 -7.405310e+03 -9.765067e+02) (9.211079e-04 -1.168757e+00 -9.291776e-01)) ((1.638770e+03 -6.837966e+00 -2.317979e+00) (1.004856e+00 -2.497102e-03 -1.490664e-03))
40            	((-2.711636e+01 -1.990177e+04 -4.513380e+03) (2.482210e-03 -5.286204e-02 -7.934803e-01)) ((3.971715e+03 -2.098699e+01 -3.338674e+00) (6.093826e-01 2.506699e-03 -5.508096e-03))
50            	((-1.347092e+00 -9.646696e+03 -2.075911e+03) (5.045230e-02 4.389881e+00 -1.365126e-01)) ((1.673238e+03 -9.166894e+00 2.875319e-01) (-4.661192e-01 1.894292e-02 -6.466655e-03))
60            	((1.378521e+01 5.235739e+03 1.996362e+03) (8.640949e-02 9.385301e+00 4.814632e-01)) ((-1.239484e+03 5.778328e+00 2.653262e+00) (-1.420740e+00 2.778040e-02 8.215850e-03))
70            	((1.666510e+01 1.254723e+04 3.764593e+03) (5.479780e-02 9.495101e+00 4.477672e-01)) ((-2.759207e+03 1.502870e+01 8.248583e+00) (-1.237877e+00 1.406929e-02 6.519756e-03))
80            	((9.426096e+00 8.073637e+03 2.763870e+03) (-5.981592e-03 4.694358e+00 -2.063710e-01)) ((-1.711319e+03 1.260580e+01 7.723953e+00) (1.165079e-01 1.467297e-03 -1.963249e-04))
90            	((4.865282e+00 -4.248595e+00 9.338908e+02) (-5.894237e-02 -1.364214e+00 -7.586663e-01)) ((2.495840e+01 5.680197e+00 1.840000e+00) (1.904106e+00 -1.401593e-02 -8.104994e-04))
100           	((1.680586e+01 -4.645127e+03 -9.982703e+00) (-9.698188e-02 -1.745110e+00 -5.087679e-01)) ((1.087076e+03 6.603785e+00 -1.151013e+00) (1.893555e+00 -3.300584e-02 -1.706295e-02))
110           	((2.560470e+00 -3.322332e+03 2.884197e+02) (-7.410605e-02 3.351625e+00 1.777538e-01)) ((7.694152e+02 -1.959697e+00 -6.782690e+00) (1.960873e-01 -2.969683e-02 -3.488694e-02))
120           	((-4.432559e-02 9.516295e+02 1.024560e+03) (-2.705279e-02 9.392396e+00 1.018068e+00)) ((-2.697320e+02 -5.436326e-01 -2.092109e+00) (-1.820001e+00 -7.157495e-03 -3.021260e-02))
130           	((7.995616e+00 3.696747e+03 1.534978e+03) (2.966624e-02 1.115095e+01 9.618316e-01)) ((-9.432636e+02 5.065048e+00 5.750047e+00) (-2.281258e+00 1.635158e-02 -5.042274e-03))
140           	((1.073260e+01 3.547769e+03 1.499262e+03) (1.391491e-02 8.041667e+00 5.734094e-01)) ((-9.032665e+02 5.804355e+00 5.045200e+00) (-1.004568e+00 9.932770e-03 -1.223678e-03))
150           	((1.655995e+01 1.554887e+03 1.123806e+03) (-2.182644e-02 4.149980e+00 4.353290e-01)) ((-3.656323e+02 5.438363e+00 3.518854e+00) (5.319117e-01 -2.907224e-03 -1.318457e-02))
160           	((1.862402e+01 1.985318e+01 8.118225e+02) (4.469235e-02 2.663273e+00 7.006715e-01)) ((2.822814e+01 2.575802e+00 -1.766464e-01) (1.113901e+00 2.778731e-02 2.051717e-02))
170           	((1.766138e+01 -1.028538e+02 7.211017e+02) (9.757185e-02 4.244645e+00 1.202917e+00)) ((4.747830e+01 7.498873e-01 -2.754920e+00) (4.950309e-01 5.202313e-02 4.406713e-02))
180           	((2.002721e+01 8.042220e+02 8.362958e+02) (6.048574e-02 7.035699e+00 1.555159e+00)) ((-2.163138e+02 2.004474e+00 -1.083190e+00) (-5.421016e-01 3.855006e-02 3.577277e-02))
190           	((2.222152e+01 1.655275e+03 9.823107e+02) (2.837617e-02 8.477365e+00 1.761479e+00)) ((-4.461159e+02 2.639868e+00 1.556989e+00) (-1.044150e+00 2.449426e-02 2.825084e-02))
200           	((2.539240e+01 1.816383e+03 1.045607e+03) (3.028917e-02 8.165237e+00 1.804708e+00)) ((-4.692303e+02 2.344650e+00 2.947346e+00) (-8.230396e-01 2.259828e-02 2.621121e-02))
