# Forces      
# CofR        : (0.000000e+00 0.000000e+00 0.000000e+00)
# Time        forces(pressure viscous)	moments(pressure viscous)
500           	((-5.909273e-01 3.267025e+03 2.985024e+03) (1.095247e-04 3.939900e+00 6.788304e-02)) ((-7.327448e+02 7.164530e-02 8.810736e-02) (-6.210391e-02 -2.132643e-05 -2.384487e-04))
500.01        	((2.767483e+00 2.643008e+03 3.066853e+03) (-8.275269e-04 3.370067e+00 3.017130e-01)) ((-7.144300e+02 -7.345831e-02 1.577507e-01) (-1.856009e-02 -2.774102e-04 3.908949e-04))
500.02        	((6.179154e+00 7.725664e+02 1.306001e+03) (-6.332486e-04 2.640009e+00 5.508069e-01)) ((-3.524667e+02 -7.793102e-02 3.591059e-01) (1.168420e-02 -8.163374e-05 5.575822e-04))
500.03        	((3.691458e+00 -5.668335e+02 1.400021e+02) (6.514392e-04 2.553570e+00 7.316158e-01)) ((-1.553618e+02 1.366375e-01 6.157258e-01) (-3.595212e-02 5.190792e-05 4.397945e-04))
500.04        	((-1.246758e+00 -8.339285e+02 2.653504e+01) (1.420591e-04 3.093229e+00 7.735771e-01)) ((-1.640759e+02 3.244459e-01 6.040404e-01) (-1.345915e-01 5.946890e-04 -1.848526e-04))
500.05        	((-3.206978e+00 -3.544864e+02 5.790268e+02) (1.161254e-03 3.906313e+00 8.619831e-01)) ((-2.671380e+02 3.983393e-01 9.708921e-02) (-2.676267e-01 1.318484e-03 -3.550563e-04))
500.06        	((2.524547e-01 2.586523e+02 1.109378e+03) (2.392102e-03 4.404822e+00 9.585346e-01)) ((-3.551045e+02 4.440427e-01 -6.616933e-01) (-3.068656e-01 1.338503e-03 5.556686e-04))
500.07        	((3.750728e+00 6.006574e+02 1.292115e+03) (3.058258e-03 4.411814e+00 1.111546e+00)) ((-3.970234e+02 4.057957e-01 -1.416302e+00) (-2.898363e-01 9.132298e-04 8.841049e-04))
500.08        	((3.030788e+00 5.520682e+02 1.150404e+03) (8.834336e-03 4.370417e+00 1.341331e+00)) ((-4.059736e+02 3.903854e-01 -1.192414e+00) (-2.739306e-01 9.696784e-04 9.530988e-04))
500.09        	((2.112588e+00 2.857474e+02 1.018824e+03) (1.290547e-02 4.363449e+00 1.599288e+00)) ((-4.059866e+02 2.724474e-01 -4.459804e-01) (-2.956118e-01 1.590878e-03 -1.115085e-03))
500.1         	((-1.047769e+00 1.491381e+01 9.658853e+02) (9.899430e-03 4.502683e+00 1.843403e+00)) ((-3.822796e+02 9.392633e-02 1.814731e-01) (-3.643918e-01 1.515428e-03 -1.766051e-03))
500.11        	((4.480918e-01 -1.041401e+02 9.710345e+02) (7.598155e-03 4.744490e+00 2.035723e+00)) ((-3.452689e+02 2.329712e-02 2.799633e-01) (-4.364083e-01 1.699791e-03 -6.436164e-04))
500.12        	((2.678379e+00 -4.437469e+01 9.897807e+02) (6.960893e-03 5.010181e+00 2.179119e+00)) ((-3.206789e+02 -1.338605e-02 -2.354490e-01) (-4.821469e-01 1.186104e-03 1.139587e-03))
500.13        	((1.743825e+00 1.021234e+02 9.833303e+02) (3.257355e-03 5.218767e+00 2.319050e+00)) ((-3.197696e+02 -3.705238e-02 -1.027947e+00) (-4.949751e-01 3.204830e-03 -1.918896e-03))
500.14        	((6.152388e-01 2.204603e+02 9.562489e+02) (-1.744763e-03 5.343847e+00 2.487488e+00)) ((-3.320692e+02 -8.627140e-03 -1.318719e+00) (-4.945561e-01 5.576595e-03 -7.488669e-03))
500.15        	((1.326728e+00 2.451866e+02 9.149441e+02) (4.212411e-03 5.443619e+00 2.690132e+00)) ((-3.363091e+02 7.607064e-02 -9.693203e-01) (-4.944577e-01 3.385852e-03 -2.549835e-03))
500.16        	((1.929060e+00 1.920148e+02 8.739414e+02) (7.114348e-03 5.507631e+00 2.871068e+00)) ((-3.233581e+02 1.177384e-01 -3.402666e-01) (-4.974212e-01 2.940695e-03 -1.147910e-03))
500.17        	((1.222391e+00 1.243743e+02 8.477931e+02) (8.001826e-03 5.562337e+00 3.008341e+00)) ((-3.016254e+02 1.148930e-01 2.034827e-02) (-5.004704e-01 2.530792e-03 -5.458901e-04))
500.18        	((-3.827527e-02 9.987330e+01 8.429654e+02) (8.355652e-03 5.622000e+00 3.098405e+00)) ((-2.867296e+02 9.598691e-02 -9.346917e-02) (-4.988123e-01 2.546283e-03 -5.068723e-04))
500.19        	((-9.087550e-01 1.282423e+02 8.444663e+02) (7.624318e-03 5.672541e+00 3.172300e+00)) ((-2.841260e+02 9.748880e-02 -4.532257e-01) (-4.916391e-01 2.760092e-03 -5.824927e-04))
500.2         	((-1.211159e+00 1.771661e+02 8.386618e+02) (7.059302e-03 5.702278e+00 3.254271e+00)) ((-2.881623e+02 9.396142e-02 -7.175435e-01) (-4.828884e-01 2.996430e-03 -4.919691e-04))
500.21        	((-9.038765e-01 2.074911e+02 8.220637e+02) (7.390939e-03 5.709990e+00 3.345144e+00)) ((-2.898581e+02 1.077834e-01 -7.174277e-01) (-4.756518e-01 3.046852e-03 -2.013402e-04))
500.22        	((-1.008570e-01 2.039814e+02 8.039338e+02) (8.221719e-03 5.699394e+00 3.435593e+00)) ((-2.851189e+02 1.487168e-01 -5.373150e-01) (-4.699685e-01 3.201845e-03 3.504233e-05))
500.23        	((6.733127e-01 1.797069e+02 7.949579e+02) (8.887442e-03 5.679255e+00 3.512420e+00)) ((-2.769991e+02 2.257309e-01 -3.531101e-01) (-4.643416e-01 3.114315e-03 1.820341e-04))
500.24        	((5.546562e-01 1.584507e+02 7.992236e+02) (9.542279e-03 5.658043e+00 3.566706e+00)) ((-2.712475e+02 2.968399e-01 -3.036933e-01) (-4.576426e-01 2.987870e-03 2.291188e-04))
500.25        	((-2.494002e-01 1.526076e+02 8.106871e+02) (1.012515e-02 5.637587e+00 3.607716e+00)) ((-2.702815e+02 3.309922e-01 -4.011773e-01) (-4.497365e-01 2.792941e-03 3.764115e-04))
500.26        	((-8.426064e-01 1.591171e+02 8.175251e+02) (1.036716e-02 5.616273e+00 3.645945e+00)) ((-2.721821e+02 3.328692e-01 -5.646622e-01) (-4.419823e-01 2.583118e-03 5.619678e-04))
500.27        	((-5.802557e-01 1.664856e+02 8.122516e+02) (1.043090e-02 5.591655e+00 3.689937e+00)) ((-2.732207e+02 3.329464e-01 -6.982869e-01) (-4.350006e-01 2.529366e-03 6.023247e-04))
500.28        	((2.788318e-01 1.651897e+02 8.003138e+02) (1.052246e-02 5.560859e+00 3.737301e+00)) ((-2.715678e+02 3.433146e-01 -7.658660e-01) (-4.296551e-01 2.478104e-03 5.999939e-04))
500.29        	((9.537563e-01 1.545256e+02 7.913933e+02) (1.092297e-02 5.525252e+00 3.782423e+00)) ((-2.678886e+02 3.568826e-01 -7.835707e-01) (-4.249479e-01 2.523307e-03 4.034792e-04))
500.3         	((1.011107e+00 1.404261e+02 7.898937e+02) (1.163247e-02 5.487975e+00 3.821195e+00)) ((-2.641175e+02 3.678081e-01 -8.003249e-01) (-4.198007e-01 2.436258e-03 2.481962e-04))
500.31        	((6.605491e-01 1.287228e+02 7.934717e+02) (1.221525e-02 5.451432e+00 3.854857e+00)) ((-2.616275e+02 3.549205e-01 -8.570577e-01) (-4.137822e-01 2.521426e-03 2.989201e-06))
500.32        	((3.827358e-01 1.213369e+02 7.955700e+02) (1.286621e-02 5.416683e+00 3.884569e+00)) ((-2.605184e+02 3.226642e-01 -9.458037e-01) (-4.069323e-01 2.447525e-03 -2.167063e-04))
500.33        	((3.501986e-01 1.162607e+02 7.913268e+02) (1.324080e-02 5.383298e+00 3.911928e+00)) ((-2.598712e+02 2.713330e-01 -1.031302e+00) (-3.991064e-01 2.688472e-03 -5.949533e-04))
500.34        	((3.400733e-01 1.101909e+02 7.808806e+02) (1.388704e-02 5.349073e+00 3.939277e+00)) ((-2.586457e+02 2.157394e-01 -1.069281e+00) (-3.905400e-01 2.815561e-03 -9.132024e-04))
500.35        	((8.509872e-03 1.012477e+02 7.679644e+02) (1.435898e-02 5.311913e+00 3.965586e+00)) ((-2.563852e+02 1.605034e-01 -1.043089e+00) (-3.802891e-01 2.876476e-03 -1.129124e-03))
500.36        	((-7.339827e-01 9.008061e+01 7.561175e+02) (1.406890e-02 5.272107e+00 3.991767e+00)) ((-2.533219e+02 9.129131e-02 -9.770085e-01) (-3.677703e-01 3.663794e-03 -1.695131e-03))
500.37        	((-1.839843e+00 7.870690e+01 7.460654e+02) (1.370298e-02 5.231496e+00 4.019634e+00)) ((-2.499761e+02 9.391020e-03 -8.585713e-01) (-3.525159e-01 3.809871e-03 -1.731377e-03))
500.38        	((-3.147524e+00 6.867552e+01 7.361625e+02) (1.294124e-02 5.189470e+00 4.047260e+00)) ((-2.467527e+02 -8.430033e-02 -6.916937e-01) (-3.331204e-01 4.124972e-03 -1.786963e-03))
500.39        	((-4.630092e+00 6.020923e+01 7.242842e+02) (1.192159e-02 5.146225e+00 4.074756e+00)) ((-2.437122e+02 -1.835536e-01 -4.603601e-01) (-3.095342e-01 4.184056e-03 -1.846176e-03))
500.4         	((-6.342546e+00 5.253415e+01 7.095252e+02) (1.035697e-02 5.101564e+00 4.102411e+00)) ((-2.406437e+02 -2.827025e-01 -1.655129e-01) (-2.823636e-01 4.302461e-03 -1.947818e-03))
500.41        	((-8.353791e+00 4.477236e+01 6.924653e+02) (7.724442e-03 5.054211e+00 4.131168e+00)) ((-2.372552e+02 -3.721040e-01 1.946509e-01) (-2.512126e-01 4.319175e-03 -1.355210e-03))
500.42        	((-1.064220e+01 3.668361e+01 6.744156e+02) (4.625407e-03 5.002258e+00 4.160558e+00)) ((-2.333897e+02 -4.509936e-01 6.222290e-01) (-2.161941e-01 4.094438e-03 -6.156224e-04))
500.43        	((-1.312640e+01 2.872298e+01 6.563144e+02) (5.464211e-04 4.944838e+00 4.189330e+00)) ((-2.291010e+02 -5.173036e-01 1.105115e+00) (-1.780363e-01 3.532301e-03 5.306586e-04))
500.44        	((-1.568888e+01 2.162565e+01 6.383450e+02) (-4.870760e-03 4.881921e+00 4.215122e+00)) ((-2.245671e+02 -5.738023e-01 1.623893e+00) (-1.383212e-01 2.972476e-03 1.874794e-03))
500.45        	((-1.825863e+01 1.584608e+01 6.200927e+02) (-1.140824e-02 4.814311e+00 4.237149e+00)) ((-2.199569e+02 -6.249795e-01 2.170536e+00) (-9.817858e-02 2.249509e-03 3.600496e-03))
500.46        	((-2.079013e+01 1.131804e+01 6.011612e+02) (-1.909261e-02 4.742098e+00 4.254609e+00)) ((-2.153461e+02 -6.681662e-01 2.737642e+00) (-5.802926e-02 1.269558e-03 5.878277e-03))
500.47        	((-2.323194e+01 7.698706e+00 5.814937e+02) (-2.795187e-02 4.664709e+00 4.265929e+00)) ((-2.107073e+02 -6.980070e-01 3.304172e+00) (-1.918925e-02 1.163524e-04 8.633305e-03))
500.48        	((-2.550558e+01 4.746105e+00 5.614253e+02) (-3.801588e-02 4.581756e+00 4.269753e+00)) ((-2.059724e+02 -7.118794e-01 3.857206e+00) (1.750168e-02 -1.135566e-03 1.186729e-02))
500.49        	((-2.735812e+01 2.393019e+00 5.411659e+02) (-4.862197e-02 4.493280e+00 4.264932e+00)) ((-2.010811e+02 -7.156876e-01 4.321289e+00) (5.111200e-02 -2.446402e-03 1.520886e-02))
500.5         	((-2.888297e+01 8.192540e-01 5.213872e+02) (-6.014364e-02 4.400095e+00 4.250402e+00)) ((-1.960958e+02 -7.088618e-01 4.730429e+00) (8.084848e-02 -3.736711e-03 1.880715e-02))
500.51        	((-3.014302e+01 1.404941e-01 5.022971e+02) (-7.239856e-02 4.303555e+00 4.225705e+00)) ((-1.911057e+02 -6.925497e-01 5.104190e+00) (1.061177e-01 -4.899696e-03 2.256530e-02))
500.52        	((-3.109449e+01 3.799111e-01 4.838563e+02) (-8.504460e-02 4.204879e+00 4.190405e+00)) ((-1.862028e+02 -6.694726e-01 5.428989e+00) (1.265070e-01 -5.989131e-03 2.642788e-02))
500.53        	((-3.162073e+01 1.412938e+00 4.659605e+02) (-9.744316e-02 4.104299e+00 4.143412e+00)) ((-1.814485e+02 -6.386520e-01 5.662061e+00) (1.409965e-01 -7.146859e-03 3.034456e-02))
500.54        	((-3.165730e+01 3.064825e+00 4.486766e+02) (-1.098373e-01 4.006287e+00 4.087306e+00)) ((-1.768812e+02 -5.998334e-01 5.783308e+00) (1.510043e-01 -7.715952e-03 3.388883e-02))
500.55        	((-3.122480e+01 5.180868e+00 4.321758e+02) (-1.213287e-01 3.909704e+00 4.020797e+00)) ((-1.725079e+02 -5.526263e-01 5.803173e+00) (1.551775e-01 -8.106067e-03 3.723301e-02))
500.56        	((-3.035685e+01 7.695157e+00 4.167187e+02) (-1.315278e-01 3.816280e+00 3.944653e+00)) ((-1.683345e+02 -5.019904e-01 5.712885e+00) (1.536385e-01 -8.264132e-03 4.011155e-02))
500.57        	((-2.908426e+01 1.056395e+01 4.026317e+02) (-1.403489e-01 3.727906e+00 3.859845e+00)) ((-1.643985e+02 -4.526448e-01 5.518603e+00) (1.465546e-01 -8.198610e-03 4.246889e-02))
500.58        	((-2.741145e+01 1.386373e+01 3.898357e+02) (-1.468960e-01 3.645794e+00 3.767368e+00)) ((-1.606925e+02 -4.079663e-01 5.203215e+00) (1.341008e-01 -7.973622e-03 4.393458e-02))
500.59        	((-2.538491e+01 1.757123e+01 3.784155e+02) (-1.508977e-01 3.571141e+00 3.668138e+00)) ((-1.572161e+02 -3.685605e-01 4.764448e+00) (1.163856e-01 -7.658392e-03 4.439109e-02))
500.6         	((-2.307938e+01 2.157599e+01 3.685310e+02) (-1.522974e-01 3.504721e+00 3.563288e+00)) ((-1.539720e+02 -3.338065e-01 4.214987e+00) (9.357150e-02 -7.333147e-03 4.384930e-02))
500.61        	((-2.057895e+01 2.573756e+01 3.602559e+02) (-1.509849e-01 3.446699e+00 3.454030e+00)) ((-1.509538e+02 -3.040457e-01 3.579583e+00) (6.590753e-02 -6.967003e-03 4.216730e-02))
500.62        	((-1.796858e+01 2.996707e+01 3.536350e+02) (-1.469383e-01 3.396771e+00 3.341847e+00)) ((-1.481409e+02 -2.808061e-01 2.885847e+00) (3.388602e-02 -6.515896e-03 3.933453e-02))
500.63        	((-1.532523e+01 3.419889e+01 3.486452e+02) (-1.404078e-01 3.353919e+00 3.228619e+00)) ((-1.455030e+02 -2.655253e-01 2.164366e+00) (-1.668654e-03 -5.999697e-03 3.546779e-02))
500.64        	((-1.272274e+01 3.838571e+01 3.452479e+02) (-1.316798e-01 3.316747e+00 3.116631e+00)) ((-1.430101e+02 -2.583784e-01 1.445084e+00) (-3.945363e-02 -5.414397e-03 3.079473e-02))
500.65        	((-1.022448e+01 4.241043e+01 3.433057e+02) (-1.211835e-01 3.282381e+00 3.006739e+00)) ((-1.406430e+02 -2.588185e-01 7.622172e-01) (-7.893798e-02 -4.753433e-03 2.543205e-02))
500.66        	((-7.897051e+00 4.611324e+01 3.426044e+02) (-1.097358e-01 3.250423e+00 2.903388e+00)) ((-1.384061e+02 -2.641895e-01 1.514859e-01) (-1.170281e-01 -4.090980e-03 1.995105e-02))
500.67        	((-5.806826e+00 4.931056e+01 3.428302e+02) (-9.820086e-02 3.219764e+00 2.808480e+00)) ((-1.363171e+02 -2.754591e-01 -3.481662e-01) (-1.523844e-01 -3.425741e-03 1.470498e-02))
500.68        	((-4.006034e+00 5.186317e+01 3.436563e+02) (-8.679339e-02 3.189386e+00 2.722892e+00)) ((-1.344141e+02 -2.938682e-01 -7.172981e-01) (-1.841685e-01 -2.732925e-03 9.886994e-03))
500.69        	((-2.509146e+00 5.372107e+01 3.447633e+02) (-7.642903e-02 3.159275e+00 2.646975e+00)) ((-1.327225e+02 -3.158903e-01 -9.561318e-01) (-2.119780e-01 -2.075822e-03 5.708860e-03))
500.7         	((-1.315229e+00 5.494075e+01 3.458945e+02) (-6.689027e-02 3.129844e+00 2.580449e+00)) ((-1.312427e+02 -3.360167e-01 -1.084021e+00) (-2.353948e-01 -1.405720e-03 2.477939e-03))
500.71        	((-3.816657e-01 5.559803e+01 3.468237e+02) (-5.881888e-02 3.102218e+00 2.523399e+00)) ((-1.299540e+02 -3.500337e-01 -1.118721e+00) (-2.544939e-01 -7.806534e-04 -2.005304e-04))
500.72        	((3.195379e-01 5.579460e+01 3.474013e+02) (-5.088256e-02 3.076449e+00 2.474319e+00)) ((-1.288192e+02 -3.561677e-01 -1.099534e+00) (-2.692892e-01 -5.369098e-05 -2.084675e-03))
500.73        	((8.559543e-01 5.561977e+01 3.475412e+02) (-4.507911e-02 3.053733e+00 2.433356e+00)) ((-1.277961e+02 -3.560665e-01 -1.041548e+00) (-2.808092e-01 4.230252e-04 -3.739460e-03))
500.74        	((1.248215e+00 5.512676e+01 3.472705e+02) (-3.931155e-02 3.033351e+00 2.398123e+00)) ((-1.268504e+02 -3.509710e-01 -9.712733e-01) (-2.888485e-01 7.716542e-04 -3.963606e-03))
500.75        	((1.519971e+00 5.434218e+01 3.466562e+02) (-3.500342e-02 3.015881e+00 2.369000e+00)) ((-1.259581e+02 -3.426221e-01 -8.884225e-01) (-2.942616e-01 9.359130e-04 -4.312606e-03))
500.76        	((1.696693e+00 5.335924e+01 3.457074e+02) (-3.038185e-02 2.999292e+00 2.343525e+00)) ((-1.250986e+02 -3.314658e-01 -8.026165e-01) (-2.976131e-01 1.068188e-03 -4.158527e-03))
500.77        	((1.802483e+00 5.226534e+01 3.444270e+02) (-2.666562e-02 2.984272e+00 2.322396e+00)) ((-1.242603e+02 -3.184503e-01 -7.131463e-01) (-2.996500e-01 1.097026e-03 -3.992189e-03))
500.78        	((1.837662e+00 5.107455e+01 3.428330e+02) (-2.274044e-02 2.969185e+00 2.303456e+00)) ((-1.234266e+02 -3.029963e-01 -6.314723e-01) (-3.000803e-01 1.123310e-03 -3.591825e-03))
500.79        	((1.827396e+00 4.982440e+01 3.408440e+02) (-1.969508e-02 2.955341e+00 2.287961e+00)) ((-1.225695e+02 -2.845962e-01 -5.604425e-01) (-3.000477e-01 1.050010e-03 -3.274028e-03))
500.8         	((1.771579e+00 4.849082e+01 3.385493e+02) (-1.718618e-02 2.940355e+00 2.273041e+00)) ((-1.216813e+02 -2.613618e-01 -4.955711e-01) (-2.987573e-01 8.988183e-04 -3.044989e-03))
500.81        	((1.666782e+00 4.710757e+01 3.359716e+02) (-1.407454e-02 2.925995e+00 2.260381e+00)) ((-1.207561e+02 -2.356680e-01 -4.409284e-01) (-2.973520e-01 9.144892e-04 -2.668130e-03))
500.82        	((1.522810e+00 4.569178e+01 3.331630e+02) (-1.141010e-02 2.910110e+00 2.247542e+00)) ((-1.197913e+02 -2.091465e-01 -3.948926e-01) (-2.953713e-01 8.506772e-04 -2.280864e-03))
500.83        	((1.357977e+00 4.429429e+01 3.301146e+02) (-9.501840e-03 2.894216e+00 2.236374e+00)) ((-1.187894e+02 -1.833404e-01 -3.522693e-01) (-2.931351e-01 7.324575e-04 -2.020774e-03))
500.84        	((1.185198e+00 4.289940e+01 3.268678e+02) (-7.973710e-03 2.876206e+00 2.224071e+00)) ((-1.177452e+02 -1.584296e-01 -3.118441e-01) (-2.907016e-01 5.942180e-04 -1.793375e-03))
500.85        	((1.001865e+00 4.152517e+01 3.233887e+02) (-6.182987e-03 2.858164e+00 2.213178e+00)) ((-1.166559e+02 -1.349966e-01 -2.781346e-01) (-2.883448e-01 5.380062e-04 -1.402417e-03))
500.86        	((8.102521e-01 4.016225e+01 3.197507e+02) (-4.708187e-03 2.837997e+00 2.200818e+00)) ((-1.155144e+02 -1.125542e-01 -2.476470e-01) (-2.857868e-01 4.473741e-04 -1.056640e-03))
500.87        	((6.267408e-01 3.885238e+01 3.159642e+02) (-3.635615e-03 2.817296e+00 2.188963e+00)) ((-1.143206e+02 -9.150736e-02 -2.261139e-01) (-2.835668e-01 4.007944e-04 -7.982654e-04))
500.88        	((4.486686e-01 3.758394e+01 3.120816e+02) (-3.183613e-03 2.794650e+00 2.175648e+00)) ((-1.130827e+02 -7.076281e-02 -1.997722e-01) (-2.806595e-01 2.342350e-04 -7.217450e-04))
500.89        	((2.821537e-01 3.637913e+01 3.081111e+02) (-1.958838e-03 2.771656e+00 2.162408e+00)) ((-1.118070e+02 -5.052969e-02 -1.807779e-01) (-2.791438e-01 3.390187e-04 -3.744726e-04))
500.9         	((9.965627e-02 3.523456e+01 3.040679e+02) (-8.392543e-04 2.747391e+00 2.148844e+00)) ((-1.105015e+02 -3.203719e-02 -1.609104e-01) (-2.761158e-01 2.700303e-04 -5.336301e-05))
500.91        	((-6.389663e-02 3.414313e+01 2.999452e+02) (-7.663067e-04 2.722359e+00 2.134750e+00)) ((-1.091668e+02 -1.521671e-02 -1.435312e-01) (-2.738847e-01 1.533398e-04 2.889025e-05))
500.92        	((-2.038090e-01 3.309955e+01 2.957755e+02) (3.264525e-06 2.695085e+00 2.119187e+00)) ((-1.078035e+02 1.159185e-03 -1.415391e-01) (-2.714959e-01 3.525142e-05 4.412159e-04))
500.93        	((-3.383471e-01 3.209399e+01 2.915641e+02) (7.156930e-05 2.669110e+00 2.104075e+00)) ((-1.064096e+02 1.590829e-02 -1.277683e-01) (-2.693345e-01 1.932313e-04 2.965828e-04))
500.94        	((-4.559567e-01 3.113677e+01 2.873383e+02) (2.674523e-04 2.640347e+00 2.087571e+00)) ((-1.049978e+02 2.991682e-02 -1.176049e-01) (-2.664461e-01 1.009434e-04 5.571358e-04))
500.95        	((-5.812879e-01 3.022864e+01 2.831003e+02) (5.331013e-04 2.612599e+00 2.071036e+00)) ((-1.035699e+02 4.198192e-02 -9.718490e-02) (-2.649214e-01 1.171156e-04 5.481864e-04))
500.96        	((-6.872945e-01 2.936064e+01 2.788635e+02) (4.661118e-04 2.583049e+00 2.054137e+00)) ((-1.021389e+02 5.115144e-02 -7.958580e-02) (-2.615169e-01 1.974192e-04 4.386617e-04))
500.97        	((-7.778324e-01 2.866844e+01 2.745561e+02) (8.455966e-04 2.555471e+00 2.037211e+00)) ((-1.007026e+02 5.842871e-02 -6.289212e-02) (-2.594157e-01 3.110103e-04 5.096465e-04))
500.98        	((-8.665958e-01 2.805788e+01 2.703693e+02) (1.376501e-03 2.526163e+00 2.018751e+00)) ((-9.929616e+01 6.494663e-02 -4.596353e-02) (-2.565743e-01 3.464946e-04 6.304101e-04))
500.99        	((-9.515818e-01 2.728743e+01 2.663576e+02) (1.140209e-03 2.496400e+00 2.001023e+00)) ((-9.791869e+01 7.026490e-02 -2.799186e-02) (-2.545876e-01 3.638258e-04 5.105834e-04))
501           	((-1.014099e+00 2.653742e+01 2.622655e+02) (3.438452e-04 2.466457e+00 1.981746e+00)) ((-9.650913e+01 7.473126e-02 -2.743943e-03) (-2.519764e-01 3.005557e-04 1.498670e-04))
501.01        	((-1.063517e+00 2.583251e+01 2.581224e+02) (1.047504e-03 2.437667e+00 1.963318e+00)) ((-9.509209e+01 7.903457e-02 2.089723e-02) (-2.500202e-01 3.915097e-04 3.039258e-04))
501.02        	((-1.113015e+00 2.516817e+01 2.540390e+02) (1.642946e-03 2.407934e+00 1.943997e+00)) ((-9.369560e+01 8.092551e-02 3.390662e-02) (-2.473755e-01 5.358833e-04 3.781404e-04))
501.03        	((-1.144927e+00 2.451949e+01 2.500437e+02) (1.111696e-03 2.378922e+00 1.924810e+00)) ((-9.232656e+01 8.154729e-02 4.798223e-02) (-2.453631e-01 4.616235e-04 1.721287e-04))
501.04        	((-1.177789e+00 2.386647e+01 2.461574e+02) (2.050009e-03 2.348668e+00 1.904480e+00)) ((-9.098024e+01 8.108160e-02 5.547465e-02) (-2.429483e-01 7.161990e-04 2.858770e-04))
501.05        	((-1.198657e+00 2.320376e+01 2.423065e+02) (1.316697e-03 2.319838e+00 1.885502e+00)) ((-8.964481e+01 8.155955e-02 6.487907e-02) (-2.408489e-01 5.477846e-04 6.502095e-05))
501.06        	((-1.197104e+00 2.252468e+01 2.384951e+02) (4.962551e-04 2.290000e+00 1.865069e+00)) ((-8.831180e+01 8.142242e-02 7.676033e-02) (-2.384914e-01 5.416515e-04 -2.526610e-04))
501.07        	((-1.194416e+00 2.184384e+01 2.346962e+02) (1.199286e-03 2.261234e+00 1.845570e+00)) ((-8.698484e+01 8.228504e-02 8.324721e-02) (-2.364362e-01 6.181676e-04 -4.986995e-05))
501.08        	((-1.185250e+00 2.117617e+01 2.309619e+02) (1.021017e-03 2.231888e+00 1.825315e+00)) ((-8.567171e+01 8.185180e-02 8.688370e-02) (-2.341666e-01 6.426932e-04 -1.163486e-04))
501.09        	((-1.175996e+00 2.051943e+01 2.272707e+02) (1.139576e-03 2.203142e+00 1.805426e+00)) ((-8.437522e+01 8.097682e-02 8.616226e-02) (-2.320411e-01 6.547802e-04 -4.659041e-05))
501.1         	((-1.160260e+00 1.986241e+01 2.236619e+02) (1.013075e-03 2.173795e+00 1.784599e+00)) ((-8.309603e+01 7.849206e-02 8.535905e-02) (-2.299107e-01 7.244080e-04 -1.527987e-04))
501.11        	((-1.139800e+00 1.921054e+01 2.200820e+02) (1.011740e-03 2.145971e+00 1.765454e+00)) ((-8.183089e+01 7.665618e-02 8.520281e-02) (-2.277897e-01 6.690585e-04 -1.266869e-04))
501.12        	((-1.116408e+00 1.854872e+01 2.165619e+02) (7.395200e-04 2.116790e+00 1.744452e+00)) ((-8.057457e+01 7.405131e-02 8.437555e-02) (-2.255847e-01 7.018858e-04 -2.277414e-04))
501.13        	((-1.092594e+00 1.789194e+01 2.130584e+02) (9.465603e-04 2.089371e+00 1.725389e+00)) ((-7.932811e+01 7.225440e-02 8.270155e-02) (-2.235436e-01 6.945599e-04 -1.517114e-04))
501.14        	((-1.069869e+00 1.723661e+01 2.096188e+02) (1.096816e-03 2.060462e+00 1.704440e+00)) ((-7.809313e+01 6.972761e-02 7.870385e-02) (-2.212670e-01 7.637662e-04 -1.283695e-04))
501.15        	((-1.046367e+00 1.659580e+01 2.062062e+02) (9.389611e-04 2.033401e+00 1.685479e+00)) ((-7.687155e+01 6.752345e-02 7.453921e-02) (-2.192909e-01 7.116538e-04 -1.519696e-04))
501.16        	((-1.021097e+00 1.596163e+01 2.028570e+02) (9.567478e-04 2.005072e+00 1.664968e+00)) ((-7.566196e+01 6.471206e-02 7.021852e-02) (-2.170934e-01 7.459873e-04 -1.537023e-04))
501.17        	((-9.947386e-01 1.533363e+01 1.995270e+02) (8.560893e-04 1.977993e+00 1.645763e+00)) ((-7.446075e+01 6.208349e-02 6.707867e-02) (-2.150950e-01 7.110988e-04 -1.713421e-04))
501.18        	((-9.681480e-01 1.471430e+01 1.962556e+02) (5.992728e-04 1.949939e+00 1.625449e+00)) ((-7.327164e+01 5.954834e-02 6.480108e-02) (-2.128410e-01 6.770293e-04 -2.260881e-04))
501.19        	((-9.462006e-01 1.410031e+01 1.930031e+02) (7.724722e-04 1.923179e+00 1.606327e+00)) ((-7.209082e+01 5.729749e-02 6.106129e-02) (-2.108905e-01 6.924080e-04 -1.560347e-04))
501.2         	((-9.260763e-01 1.350040e+01 1.898103e+02) (8.936045e-04 1.895356e+00 1.586100e+00)) ((-7.092387e+01 5.508775e-02 5.652204e-02) (-2.086050e-01 7.028396e-04 -1.023106e-04))
501.21        	((-9.045247e-01 1.290954e+01 1.866345e+02) (6.789608e-04 1.869030e+00 1.567215e+00)) ((-6.976591e+01 5.284904e-02 5.246683e-02) (-2.067344e-01 6.674755e-04 -1.362803e-04))
501.22        	((-8.815115e-01 1.233535e+01 1.835143e+02) (5.099432e-04 1.841737e+00 1.547338e+00)) ((-6.862100e+01 5.082317e-02 4.907838e-02) (-2.045454e-01 6.425283e-04 -1.677567e-04))
501.23        	((-8.605907e-01 1.176592e+01 1.804072e+02) (5.672373e-04 1.815621e+00 1.528482e+00)) ((-6.748351e+01 4.901140e-02 4.480200e-02) (-2.026224e-01 6.484461e-04 -1.359496e-04))
501.24        	((-8.419436e-01 1.121395e+01 1.773581e+02) (6.536733e-04 1.788628e+00 1.508718e+00)) ((-6.635950e+01 4.729824e-02 4.002374e-02) (-2.004062e-01 6.600316e-04 -9.638837e-05))
501.25        	((-8.227339e-01 1.066814e+01 1.743209e+02) (4.653310e-04 1.762965e+00 1.490175e+00)) ((-6.524284e+01 4.566571e-02 3.655146e-02) (-1.985326e-01 6.289736e-04 -1.352336e-04))
501.26        	((-8.034093e-01 1.014278e+01 1.713418e+02) (2.513903e-04 1.736511e+00 1.470787e+00)) ((-6.413994e+01 4.423688e-02 3.438681e-02) (-1.963886e-01 5.946189e-04 -1.790842e-04))
501.27        	((-7.896258e-01 9.619006e+00 1.683733e+02) (4.179830e-04 1.711122e+00 1.452300e+00)) ((-6.304438e+01 4.308672e-02 3.083292e-02) (-1.944670e-01 6.089638e-04 -1.163892e-04))
501.28        	((-7.750402e-01 9.118141e+00 1.654636e+02) (3.582350e-04 1.685113e+00 1.433183e+00)) ((-6.196377e+01 4.196486e-02 2.844762e-02) (-1.923739e-01 5.933035e-04 -1.258957e-04))
501.29        	((-7.588292e-01 8.616012e+00 1.625591e+02) (2.864694e-04 1.660100e+00 1.414903e+00)) ((-6.088968e+01 4.100030e-02 2.710491e-02) (-1.904717e-01 5.735285e-04 -1.338639e-04))
501.3         	((-7.432871e-01 8.137246e+00 1.597155e+02) (9.514694e-05 1.634480e+00 1.395964e+00)) ((-5.983116e+01 4.024500e-02 2.585794e-02) (-1.883682e-01 5.370866e-04 -1.685901e-04))
501.31        	((-7.334644e-01 7.656890e+00 1.568774e+02) (2.695911e-04 1.609933e+00 1.377986e+00)) ((-5.877976e+01 3.953680e-02 2.256189e-02) (-1.865108e-01 5.553964e-04 -1.005842e-04))
501.32        	((-7.245811e-01 7.203609e+00 1.541022e+02) (2.960223e-04 1.584875e+00 1.359467e+00)) ((-5.774453e+01 3.859574e-02 1.991464e-02) (-1.844976e-01 5.550814e-04 -7.295677e-05))
501.33        	((-7.072957e-01 6.729295e+00 1.512895e+02) (-3.259862e-04 1.560443e+00 1.341340e+00)) ((-5.670900e+01 3.775633e-02 2.229574e-02) (-1.824890e-01 4.574453e-04 -2.402991e-04))
501.34        	((-7.030363e-01 6.301148e+00 1.485915e+02) (2.763519e-04 1.536144e+00 1.323401e+00)) ((-5.569861e+01 3.738132e-02 1.959273e-02) (-1.806181e-01 5.284869e-04 -5.337542e-05))
501.35        	((-6.953803e-01 5.853694e+00 1.458641e+02) (9.301647e-05 1.512333e+00 1.305790e+00)) ((-5.468850e+01 3.680400e-02 1.882701e-02) (-1.787252e-01 4.978562e-04 -1.039428e-04))
501.36        	((-6.866703e-01 5.447689e+00 1.432468e+02) (-1.080250e-04 1.488010e+00 1.287613e+00)) ((-5.370354e+01 3.632860e-02 1.891662e-02) (-1.766548e-01 4.549483e-04 -1.550627e-04))
501.37        	((-6.812134e-01 5.023867e+00 1.405832e+02) (1.289245e-04 1.464876e+00 1.270568e+00)) ((-5.271846e+01 3.604744e-02 1.770563e-02) (-1.748952e-01 4.786966e-04 -8.580897e-05))
501.38        	((-6.784794e-01 4.642839e+00 1.380255e+02) (2.560241e-04 1.441198e+00 1.252950e+00)) ((-5.175735e+01 3.572193e-02 1.574736e-02) (-1.729516e-01 4.867093e-04 -4.596814e-05))
501.39        	((-6.695000e-01 4.226109e+00 1.354099e+02) (-1.472600e-04 1.418051e+00 1.235699e+00)) ((-5.079244e+01 3.539505e-02 1.698925e-02) (-1.710052e-01 4.213249e-04 -1.657075e-04))
501.4         	((-6.690157e-01 3.866924e+00 1.329187e+02) (2.893523e-04 1.394978e+00 1.218572e+00)) ((-4.985561e+01 3.537706e-02 1.491927e-02) (-1.691608e-01 4.689429e-04 -3.697277e-05))
501.41        	((-6.654476e-01 3.467086e+00 1.303614e+02) (1.675519e-04 1.372420e+00 1.201799e+00)) ((-4.891388e+01 3.531235e-02 1.461285e-02) (-1.673135e-01 4.452831e-04 -7.748181e-05))
501.42        	((-6.611192e-01 3.129653e+00 1.279481e+02) (-6.665593e-06 1.349457e+00 1.184584e+00)) ((-4.800252e+01 3.542518e-02 1.502231e-02) (-1.653331e-01 4.073894e-04 -1.287451e-04))
501.43        	((-6.616925e-01 2.743836e+00 1.254442e+02) (2.959778e-04 1.327486e+00 1.168319e+00)) ((-4.708269e+01 3.569309e-02 1.335071e-02) (-1.635899e-01 4.407307e-04 -4.814830e-05))
501.44        	((-6.621723e-01 2.438763e+00 1.231077e+02) (3.464117e-04 1.305117e+00 1.151638e+00)) ((-4.619723e+01 3.583498e-02 1.184160e-02) (-1.617198e-01 4.435181e-04 -4.258032e-05))
501.45        	((-6.599127e-01 2.055189e+00 1.206414e+02) (2.984489e-04 1.283363e+00 1.135393e+00)) ((-4.529611e+01 3.601479e-02 1.174100e-02) (-1.598876e-01 4.291916e-04 -6.500950e-05))
501.46        	((-6.564553e-01 1.783236e+00 1.183928e+02) (1.907766e-04 1.261371e+00 1.118885e+00)) ((-4.443997e+01 3.645739e-02 1.240092e-02) (-1.579973e-01 4.019648e-04 -1.022217e-04))
501.47        	((-6.593877e-01 1.396662e+00 1.159622e+02) (4.760705e-04 1.240179e+00 1.103095e+00)) ((-4.355931e+01 3.714395e-02 1.062831e-02) (-1.562607e-01 4.334871e-04 -3.140484e-05))
501.48        	((-6.610537e-01 1.177253e+00 1.138149e+02) (4.983685e-04 1.218701e+00 1.086995e+00)) ((-4.273357e+01 3.764571e-02 9.322773e-03) (-1.544513e-01 4.327902e-04 -4.074501e-05))
501.49        	((-6.612796e-01 7.589875e-01 1.114180e+02) (5.161060e-04 1.197632e+00 1.071209e+00)) ((-4.187372e+01 3.816184e-02 9.022907e-03) (-1.526568e-01 4.263618e-04 -5.030691e-05))
501.5         	((-6.584822e-01 6.169221e-01 1.093956e+02) (3.965744e-04 1.176270e+00 1.055109e+00)) ((-4.108381e+01 3.862869e-02 9.954650e-03) (-1.508103e-01 3.995579e-04 -9.967837e-05))
501.51        	((-6.560980e-01 1.707301e-01 1.071632e+02) (6.119634e-04 1.154982e+00 1.039111e+00)) ((-4.026885e+01 3.994711e-02 1.034374e-02) (-1.490249e-01 4.149287e-04 -4.874272e-05))
501.52        	((-6.563097e-01 1.802316e-01 1.052453e+02) (5.243117e-04 1.133310e+00 1.022688e+00)) ((-3.953330e+01 4.055037e-02 1.069259e-02) (-1.471730e-01 3.908310e-04 -9.028264e-05))
501.53        	((-6.659700e-01 -3.180724e-01 1.027352e+02) (7.465205e-04 1.109199e+00 1.004102e+00)) ((-3.865301e+01 4.206081e-02 8.431382e-03) (-1.452254e-01 4.012298e-04 -3.317948e-05))
501.54        	((-6.668787e-01 -9.496217e-02 1.009729e+02) (7.289687e-04 1.083048e+00 9.834237e-01)) ((-3.800474e+01 4.236463e-02 8.678440e-03) (-1.431410e-01 3.778849e-04 -4.569673e-05))
501.55        	((-6.618504e-01 -9.833603e-01 9.770575e+01) (7.363497e-04 1.055922e+00 9.618207e-01)) ((-3.698062e+01 4.257201e-02 1.158798e-02) (-1.411397e-01 3.508963e-04 -4.578224e-05))
501.56        	((-6.576804e-01 -5.039429e-01 9.665680e+01) (9.289632e-04 1.027008e+00 9.384332e-01)) ((-3.647106e+01 4.350269e-02 1.209219e-02) (-1.390545e-01 3.413926e-04 1.515749e-05))
501.57        	((-6.208759e-01 -1.247025e+00 9.472561e+01) (1.015390e-03 9.994290e-01 9.162257e-01)) ((-3.567248e+01 4.476920e-02 1.424866e-02) (-1.370298e-01 3.234417e-04 3.544856e-05))
501.58        	((-6.546447e-01 -5.514278e-01 9.423601e+01) (1.034868e-03 9.735881e-01 8.957701e-01)) ((-3.525857e+01 4.163751e-02 1.270367e-02) (-1.350137e-01 3.112098e-04 1.613985e-05))
501.59        	((-6.116279e-01 -1.700243e+00 9.149407e+01) (1.020857e-03 9.470701e-01 8.740437e-01)) ((-3.430219e+01 4.525258e-02 2.095966e-02) (-1.326136e-01 2.922629e-04 -5.241483e-06))
501.6         	((-6.080775e-01 -1.088239e+00 9.001712e+01) (1.209732e-03 9.177811e-01 8.493280e-01)) ((-3.381343e+01 5.041010e-02 2.312451e-02) (-1.296554e-01 2.954397e-04 4.021129e-05))
501.61        	((-5.646439e-01 -1.929787e+00 8.835008e+01) (1.237221e-03 8.930594e-01 8.288558e-01)) ((-3.309811e+01 5.390851e-02 3.073356e-02) (-1.271638e-01 2.763027e-04 3.502298e-05))
501.62        	((-5.838227e-01 -1.657593e+00 8.730401e+01) (1.422234e-03 8.671286e-01 8.078470e-01)) ((-3.259088e+01 5.634018e-02 2.500784e-02) (-1.245192e-01 2.761779e-04 7.605687e-05))
501.63        	((-5.520333e-01 -2.396192e+00 8.566109e+01) (1.494688e-03 8.404841e-01 7.859333e-01)) ((-3.183528e+01 5.798405e-02 2.703320e-02) (-1.215589e-01 2.633267e-04 7.792095e-05))
501.64        	((-5.242447e-01 -1.893054e+00 8.434939e+01) (1.665936e-03 8.119094e-01 7.618486e-01)) ((-3.133599e+01 5.949931e-02 3.498193e-02) (-1.180986e-01 2.651008e-04 1.070331e-04))
501.65        	((-4.644431e-01 -2.965657e+00 8.236184e+01) (1.799554e-03 7.850685e-01 7.390836e-01)) ((-3.055595e+01 6.108360e-02 4.997553e-02) (-1.147849e-01 2.506219e-04 1.322329e-04))
501.66        	((-4.363594e-01 -2.309193e+00 8.194411e+01) (1.995524e-03 7.569657e-01 7.151957e-01)) ((-3.024057e+01 6.195342e-02 5.229266e-02) (-1.111921e-01 2.436849e-04 1.740468e-04))
501.67        	((-3.872732e-01 -3.020405e+00 8.156288e+01) (2.169938e-03 7.312262e-01 6.937555e-01)) ((-2.977403e+01 6.309901e-02 5.623974e-02) (-1.078110e-01 2.331707e-04 2.018518e-04))
501.68        	((-3.904638e-01 -3.196271e+00 8.053986e+01) (2.342115e-03 7.062492e-01 6.736110e-01)) ((-2.930056e+01 6.475039e-02 4.983494e-02) (-1.043806e-01 2.196814e-04 2.354886e-04))
501.69        	((-3.497199e-01 -4.083710e+00 7.856193e+01) (2.535250e-03 6.811385e-01 6.531110e-01)) ((-2.859566e+01 6.703840e-02 4.994097e-02) (-1.007745e-01 2.115889e-04 2.347226e-04))
501.7         	((-3.069053e-01 -3.953051e+00 7.661623e+01) (2.795959e-03 6.545144e-01 6.306597e-01)) ((-2.806740e+01 6.949979e-02 5.636736e-02) (-9.714461e-02 1.299422e-04 2.525939e-04))
501.71        	((-2.502190e-01 -4.884886e+00 7.486923e+01) (2.924826e-03 6.322668e-01 6.121621e-01)) ((-2.741825e+01 7.168284e-02 6.144391e-02) (-9.361578e-02 1.678138e-04 2.939989e-04))
501.72        	((-2.475760e-01 -4.556962e+00 7.399347e+01) (3.105838e-03 6.081881e-01 5.919925e-01)) ((-2.707932e+01 7.331386e-02 5.558868e-02) (-8.995289e-02 1.741171e-04 3.462248e-04))
501.73        	((-2.127514e-01 -5.403346e+00 7.346828e+01) (3.307159e-03 5.851256e-01 5.730084e-01)) ((-2.665185e+01 7.541494e-02 5.247525e-02) (-8.654687e-02 1.623722e-04 4.058860e-04))
501.74        	((-2.514461e-01 -5.975195e+00 7.206855e+01) (3.510491e-03 5.620695e-01 5.552440e-01)) ((-2.616112e+01 7.778660e-02 4.459562e-02) (-8.320703e-02 1.632536e-04 4.469198e-04))
501.75        	((-2.582792e-01 -7.086731e+00 6.981089e+01) (3.689466e-03 5.399259e-01 5.374859e-01)) ((-2.544522e+01 8.013076e-02 4.406992e-02) (-7.994489e-02 1.635378e-04 4.834621e-04))
501.76        	((-2.758416e-01 -7.083589e+00 6.713005e+01) (3.856022e-03 5.174070e-01 5.188473e-01)) ((-2.482063e+01 8.226982e-02 4.937699e-02) (-7.659097e-02 1.498115e-04 5.281956e-04))
501.77        	((-2.940909e-01 -7.790545e+00 6.531469e+01) (4.005519e-03 4.979864e-01 5.028422e-01)) ((-2.420442e+01 8.353403e-02 5.614608e-02) (-7.389002e-02 1.410903e-04 5.735381e-04))
501.78        	((-3.648352e-01 -7.570680e+00 6.387398e+01) (4.117252e-03 4.778752e-01 4.862117e-01)) ((-2.376954e+01 8.436906e-02 5.218756e-02) (-7.113799e-02 1.282773e-04 6.144548e-04))
501.79        	((-3.529740e-01 -8.646931e+00 6.234727e+01) (4.247596e-03 4.597693e-01 4.717981e-01)) ((-2.315539e+01 8.588831e-02 5.182564e-02) (-6.882686e-02 1.071288e-04 6.589800e-04))
501.8         	((-4.475495e-01 -8.687650e+00 6.065564e+01) (4.299199e-03 4.401807e-01 4.559687e-01)) ((-2.265598e+01 8.965470e-02 6.282419e-02) (-6.634218e-02 9.756794e-05 6.763700e-04))
501.81        	((-5.207732e-01 -9.856187e+00 5.851333e+01) (4.182566e-03 4.217486e-01 4.413811e-01)) ((-2.193582e+01 9.273473e-02 7.911324e-02) (-6.416725e-02 1.365450e-04 6.288589e-04))
501.82        	((-5.971976e-01 -9.678415e+00 5.673003e+01) (4.253204e-03 4.032439e-01 4.266963e-01)) ((-2.143047e+01 9.558219e-02 9.227389e-02) (-6.208447e-02 9.279192e-05 6.978705e-04))
501.83        	((-5.548968e-01 -1.049428e+01 5.465966e+01) (4.199878e-03 3.858787e-01 4.128107e-01)) ((-2.074957e+01 9.946513e-02 1.042178e-01) (-6.025411e-02 8.142244e-05 7.241906e-04))
501.84        	((-7.810491e-01 -1.021664e+01 5.305769e+01) (4.129706e-03 3.684211e-01 3.987078e-01)) ((-2.027678e+01 1.017648e-01 1.215221e-01) (-5.840470e-02 8.101723e-05 7.391650e-04))
501.85        	((-1.055312e+00 -1.104533e+01 5.106289e+01) (3.960019e-03 3.519193e-01 3.854918e-01)) ((-1.962733e+01 1.004296e-01 1.437265e-01) (-5.673386e-02 6.129343e-05 7.489618e-04))
501.86        	((-1.060122e+00 -1.088850e+01 4.936176e+01) (3.663438e-03 3.351278e-01 3.719110e-01)) ((-1.913083e+01 1.034680e-01 1.689110e-01) (-5.495675e-02 3.947233e-05 7.376535e-04))
501.87        	((-8.247180e-01 -1.176257e+01 4.713443e+01) (3.503459e-03 3.190586e-01 3.592690e-01)) ((-1.844831e+01 1.084478e-01 1.956346e-01) (-5.331003e-02 2.231998e-05 7.282282e-04))
501.88        	((-1.163647e+00 -1.147952e+01 4.574459e+01) (3.344544e-03 3.019285e-01 3.461256e-01)) ((-1.804494e+01 1.096054e-01 2.493854e-01) (-5.149960e-02 2.408285e-05 6.947215e-04))
501.89        	((-1.540138e+00 -1.211608e+01 4.374464e+01) (2.994727e-03 2.863489e-01 3.339558e-01)) ((-1.744626e+01 1.043503e-01 3.040560e-01) (-4.985677e-02 5.069284e-06 7.028585e-04))
501.9         	((-1.622985e+00 -1.188546e+01 4.194432e+01) (2.448460e-03 2.704434e-01 3.212815e-01)) ((-1.691256e+01 1.010726e-01 3.565396e-01) (-4.801262e-02 -6.317568e-07 7.487225e-04))
501.91        	((-1.611151e+00 -1.243446e+01 3.971014e+01) (1.930117e-03 2.551908e-01 3.095122e-01)) ((-1.625737e+01 9.608140e-02 4.074046e-01) (-4.629584e-02 -1.585076e-05 8.125026e-04))
501.92        	((-1.888632e+00 -1.207263e+01 3.830408e+01) (1.379972e-03 2.389874e-01 2.972982e-01)) ((-1.582221e+01 8.913610e-02 4.708418e-01) (-4.437002e-02 -1.504644e-05 8.928761e-04))
501.93        	((-1.991179e+00 -1.278586e+01 3.598027e+01) (7.994167e-04 2.241548e-01 2.860104e-01)) ((-1.510571e+01 7.675479e-02 5.094633e-01) (-4.252998e-02 -2.566212e-05 9.844018e-04))
501.94        	((-2.265197e+00 -1.274846e+01 3.425600e+01) (1.263067e-04 2.082977e-01 2.743679e-01)) ((-1.459909e+01 7.011689e-02 5.336688e-01) (-4.051600e-02 -6.101734e-05 1.080935e-03))
501.95        	((-2.582124e+00 -1.322080e+01 3.252714e+01) (-5.233371e-04 1.937099e-01 2.635409e-01)) ((-1.407174e+01 6.535671e-02 5.304575e-01) (-3.864987e-02 -4.967964e-05 1.098801e-03))
501.96        	((-2.736971e+00 -1.280170e+01 3.124681e+01) (-1.360713e-03 1.783585e-01 2.527286e-01)) ((-1.352274e+01 5.170864e-02 5.289445e-01) (-3.662272e-02 -6.906463e-05 1.147780e-03))
501.97        	((-2.685544e+00 -1.287166e+01 2.906522e+01) (-2.149152e-03 1.645165e-01 2.427096e-01)) ((-1.285762e+01 2.988830e-02 4.955640e-01) (-3.476907e-02 -8.295571e-05 1.201564e-03))
501.98        	((-2.992408e+00 -1.337085e+01 2.725890e+01) (-2.899888e-03 1.499064e-01 2.324896e-01)) ((-1.202769e+01 2.831280e-02 4.556915e-01) (-3.275483e-02 -1.061681e-04 1.209202e-03))
501.99        	((-3.162600e+00 -1.520568e+01 2.558820e+01) (-3.719713e-03 1.354410e-01 2.232956e-01)) ((-1.078849e+01 3.620610e-02 4.328069e-01) (-3.052728e-02 -1.278864e-04 1.201151e-03))
502           	((-3.460939e+00 -1.398840e+01 2.317134e+01) (-4.595975e-03 1.192595e-01 2.144374e-01)) ((-1.055947e+01 3.861063e-02 3.716970e-01) (-2.780484e-02 -1.352963e-04 1.176898e-03))
502.01        	((-3.425936e+00 -1.209865e+01 1.919879e+01) (-5.597040e-03 1.052323e-01 2.049167e-01)) ((-1.080359e+01 5.216538e-02 1.857916e-01) (-2.608546e-02 -1.573162e-04 1.130468e-03))
502.02        	((-3.759381e+00 -1.377868e+01 1.938863e+01) (-6.484318e-03 9.270951e-02 1.942326e-01)) ((-9.363410e+00 4.223549e-02 1.113270e-01) (-2.512583e-02 -1.446591e-04 9.973637e-04))
502.03        	((-4.023132e+00 -1.805805e+01 2.155522e+01) (-7.538193e-03 7.783588e-02 1.873250e-01)) ((-6.747286e+00 2.548723e-02 1.611262e-01) (-2.273009e-02 -2.239277e-04 8.674545e-04))
502.04        	((-4.165528e+00 -1.612846e+01 1.637504e+01) (-8.634631e-03 6.029117e-02 1.837578e-01)) ((-6.401321e+00 9.007991e-02 4.103924e-02) (-1.885572e-02 -5.146513e-04 8.124906e-04))
502.05        	((-3.345112e+00 -1.229949e+01 7.670009e+00) (-9.348821e-03 4.568197e-02 1.768176e-01)) ((-7.184714e+00 2.132622e-01 -2.802993e-01) (-1.666848e-02 -8.145108e-04 5.347013e-04))
502.06        	((-3.713673e+00 -1.352652e+01 9.802203e+00) (-9.595821e-03 3.427051e-02 1.665248e-01)) ((-6.285143e+00 1.648617e-01 -4.340715e-01) (-1.641707e-02 -1.105814e-03 -7.280957e-06))
502.07        	((-4.750190e+00 -1.798431e+01 1.689920e+01) (-1.036384e-02 2.112099e-02 1.624230e-01)) ((-4.205630e+00 -1.427745e-02 -4.888115e-01) (-1.517533e-02 -1.415448e-03 -7.504224e-04))
502.08        	((-4.553755e+00 -1.691715e+01 1.124220e+01) (-1.171984e-02 5.360150e-03 1.645850e-01)) ((-3.027759e+00 7.044733e-03 -5.449865e-01) (-1.248893e-02 -1.792062e-03 -1.628531e-03))
502.09        	((-2.728397e+00 -1.370274e+01 4.835842e-01) (-1.269222e-02 -8.891629e-03 1.627738e-01)) ((-2.697871e+00 1.935394e-01 -6.475463e-01) (-1.079931e-02 -1.878638e-03 -2.700298e-03))
502.1         	((-3.077951e+00 -1.354674e+01 2.889982e+00) (-1.304541e-02 -2.115859e-02 1.560367e-01)) ((-2.246207e+00 1.738766e-01 -7.274944e-01) (-1.041114e-02 -1.590883e-03 -3.948777e-03))
502.11        	((-5.057643e+00 -1.658799e+01 1.224879e+01) (-1.403098e-02 -3.443739e-02 1.544333e-01)) ((-1.160338e+00 -6.648249e-02 -7.963197e-01) (-9.168999e-03 -1.451973e-03 -5.186762e-03))
502.12        	((-3.849693e+00 -1.449721e+01 7.057952e+00) (-1.588123e-02 -4.972661e-02 1.592078e-01)) ((-9.540126e-01 -3.234038e-02 -1.047494e+00) (-7.054689e-03 -1.606412e-03 -6.596061e-03))
502.13        	((-6.637860e-01 -1.067747e+01 -4.012253e+00) (-1.624451e-02 -6.151949e-02 1.581856e-01)) ((-1.111230e+00 1.474705e-01 -1.316351e+00) (-6.542282e-03 -1.629257e-03 -8.108348e-03))
502.14        	((-1.914574e+00 -1.149154e+01 2.298976e-01) (-1.509932e-02 -7.058747e-02 1.514871e-01)) ((-1.869205e-01 -3.721802e-02 -1.212012e+00) (-7.557932e-03 -1.419348e-03 -9.823877e-03))
502.15        	((-5.443506e+00 -1.582170e+01 1.324019e+01) (-1.575094e-02 -8.263700e-02 1.522940e-01)) ((1.529201e+00 -4.687810e-01 -9.788620e-01) (-6.478590e-03 -1.758227e-03 -1.116168e-02))
502.16        	((-2.840951e+00 -1.281944e+01 6.305555e+00) (-1.806283e-02 -9.778053e-02 1.609121e-01)) ((1.612827e+00 -3.418184e-01 -1.082944e+00) (-3.741823e-03 -2.578656e-03 -1.233269e-02))
502.17        	((2.722700e+00 -7.158753e+00 -9.158421e+00) (-1.775079e-02 -1.077300e-01 1.612734e-01)) ((8.904680e-01 7.697592e-02 -1.288901e+00) (-2.499738e-03 -2.907602e-03 -1.354425e-02))
502.18        	((1.048830e+00 -7.642709e+00 -2.671232e+00) (-1.460928e-02 -1.126253e-01 1.530232e-01)) ((7.671132e-01 -7.584502e-02 -1.263291e+00) (-3.199504e-03 -2.738878e-03 -1.499161e-02))
502.19        	((-3.560661e+00 -1.195445e+01 1.420072e+01) (-1.360931e-02 -1.202003e-01 1.529927e-01)) ((1.177607e+00 -5.541499e-01 -1.301047e+00) (-2.456743e-03 -3.081000e-03 -1.631962e-02))
502.2         	((-2.265258e+00 -1.060533e+01 9.209170e+00) (-1.537326e-02 -1.316956e-01 1.627252e-01)) ((1.662337e+00 -5.206704e-01 -1.349038e+00) (-2.905394e-04 -3.944835e-03 -1.753317e-02))
502.21        	((2.552903e+00 -6.721070e+00 -6.885805e+00) (-1.554798e-02 -1.401984e-01 1.655765e-01)) ((2.215267e+00 -1.761604e-01 -1.264234e+00) (1.422520e-03 -4.610740e-03 -1.856239e-02))
502.22        	((2.147054e+00 -6.453598e+00 -1.698315e+00) (-1.278222e-02 -1.451995e-01 1.594457e-01)) ((1.794250e+00 -2.448050e-01 -1.266119e+00) (2.381935e-03 -4.856423e-03 -1.964964e-02))
502.23        	((-3.959821e-01 -8.632501e+00 1.326109e+01) (-1.079952e-02 -1.512138e-01 1.594324e-01)) ((8.142494e-01 -5.348706e-01 -1.507495e+00) (3.620867e-03 -5.263870e-03 -2.080942e-02))
502.24        	((-1.047833e-02 -7.637852e+00 8.978646e+00) (-1.053347e-02 -1.592263e-01 1.674441e-01)) ((1.251724e+00 -5.365972e-01 -1.601846e+00) (5.065034e-03 -5.984195e-03 -2.212175e-02))
502.25        	((3.013148e+00 -5.650229e+00 -5.186623e+00) (-9.699756e-03 -1.652084e-01 1.697518e-01)) ((2.642449e+00 -3.068367e-01 -1.473314e+00) (6.263143e-03 -6.699510e-03 -2.340303e-02))
502.26        	((2.591446e+00 -5.597022e+00 -2.726025e-01) (-7.313887e-03 -1.696270e-01 1.649169e-01)) ((1.959238e+00 -3.592431e-01 -1.577926e+00) (7.385128e-03 -7.184870e-03 -2.470037e-02))
502.27        	((9.360296e-01 -6.787911e+00 1.288119e+01) (-5.645158e-03 -1.749235e-01 1.653666e-01)) ((1.707692e-01 -5.637565e-01 -1.950344e+00) (8.149742e-03 -7.695281e-03 -2.607490e-02))
502.28        	((1.487776e+00 -5.995645e+00 8.957646e+00) (-4.950932e-03 -1.815136e-01 1.725680e-01)) ((7.829576e-01 -5.442874e-01 -2.018709e+00) (8.450078e-03 -8.383392e-03 -2.765603e-02))
502.29        	((3.946363e+00 -5.257807e+00 -2.461266e+00) (-3.385497e-03 -1.858081e-01 1.743388e-01)) ((2.722632e+00 -3.593037e-01 -1.852587e+00) (8.946140e-03 -9.031751e-03 -2.913577e-02))
502.3         	((3.954347e+00 -5.001089e+00 5.682443e-01) (-3.672730e-04 -1.890537e-01 1.697362e-01)) ((2.051367e+00 -3.554990e-01 -1.972516e+00) (9.944445e-03 -9.486358e-03 -3.058145e-02))
502.31        	((2.728696e+00 -5.692232e+00 1.236863e+01) (2.100187e-03 -1.927300e-01 1.692397e-01)) ((-7.976640e-02 -5.102863e-01 -2.457705e+00) (1.020679e-02 -9.846634e-03 -3.213578e-02))
502.32        	((3.241587e+00 -4.973907e+00 6.118445e+00) (3.702527e-03 -1.971239e-01 1.742579e-01)) ((9.290356e-01 -4.654833e-01 -2.470297e+00) (9.584611e-03 -1.031118e-02 -3.391257e-02))
502.33        	((5.688598e+00 -4.557009e+00 -6.582112e+00) (6.131241e-03 -1.993956e-01 1.722858e-01)) ((3.305971e+00 -2.616145e-01 -2.171626e+00) (9.496643e-03 -1.068187e-02 -3.541414e-02))
502.34        	((5.533999e+00 -4.399337e+00 -9.437350e-01) (1.000634e-02 -2.007665e-01 1.640480e-01)) ((1.991682e+00 -2.559508e-01 -2.345119e+00) (1.000036e-02 -1.089446e-02 -3.669634e-02))
502.35        	((4.774546e+00 -5.159792e+00 1.345770e+01) (1.337765e-02 -2.028011e-01 1.623174e-01)) ((-7.430957e-01 -3.464647e-01 -2.849047e+00) (9.575482e-03 -1.101995e-02 -3.813466e-02))
502.36        	((5.215556e+00 -4.839438e+00 7.534009e+00) (1.598224e-02 -2.054477e-01 1.675167e-01)) ((3.443322e-01 -3.085524e-01 -2.899790e+00) (8.229973e-03 -1.118853e-02 -3.980245e-02))
502.37        	((7.239455e+00 -4.504635e+00 -7.364055e+00) (1.927203e-02 -2.062933e-01 1.651904e-01)) ((3.276864e+00 -1.722423e-01 -2.618608e+00) (7.767028e-03 -1.135678e-02 -4.112296e-02))
502.38        	((6.714306e+00 -4.344266e+00 -1.583775e+00) (2.374700e-02 -2.059630e-01 1.549248e-01)) ((1.820534e+00 -2.031852e-01 -2.820203e+00) (8.218540e-03 -1.146444e-02 -4.203251e-02))
502.39        	((6.241232e+00 -5.322895e+00 1.101786e+01) (2.747339e-02 -2.064440e-01 1.510520e-01)) ((-5.640466e-01 -2.937100e-01 -3.159225e+00) (7.655723e-03 -1.163752e-02 -4.310484e-02))
502.4         	((6.948312e+00 -4.940275e+00 6.053261e+00) (3.045754e-02 -2.075263e-01 1.539108e-01)) ((1.551814e-01 -2.066012e-01 -3.164852e+00) (6.100746e-03 -1.180859e-02 -4.423644e-02))
502.41        	((8.906174e+00 -4.286101e+00 -5.833437e+00) (3.408945e-02 -2.069521e-01 1.509229e-01)) ((2.138202e+00 -1.759125e-02 -2.906211e+00) (5.079974e-03 -1.179582e-02 -4.501964e-02))
502.42        	((8.410980e+00 -4.265652e+00 -3.225527e+00) (3.838700e-02 -2.051447e-01 1.412065e-01)) ((1.571541e+00 -9.550735e-02 -3.029905e+00) (4.790639e-03 -1.168723e-02 -4.545050e-02))
502.43        	((7.907047e+00 -5.133705e+00 6.125463e+00) (4.275127e-02 -2.038660e-01 1.354876e-01)) ((-1.273170e-01 -2.576237e-01 -3.203910e+00) (4.134236e-03 -1.181647e-02 -4.581673e-02))
502.44        	((7.916694e+00 -4.368526e+00 3.372699e+00) (4.580425e-02 -2.028249e-01 1.349413e-01)) ((-1.835788e-01 -1.914353e-01 -3.164607e+00) (2.743471e-03 -1.207884e-02 -4.595925e-02))
502.45        	((9.711130e+00 -3.279050e+00 -4.156764e+00) (4.904546e-02 -2.000705e-01 1.308135e-01)) ((3.409960e-01 3.026897e-02 -2.903724e+00) (1.320791e-03 -1.214082e-02 -4.586164e-02))
502.46        	((9.009064e+00 -3.904087e+00 -2.899143e+00) (5.289803e-02 -1.962251e-01 1.221289e-01)) ((4.250011e-01 -6.281819e-02 -2.960987e+00) (7.620698e-05 -1.196823e-02 -4.546280e-02))
502.47        	((8.453553e+00 -5.495707e+00 4.006851e+00) (5.626999e-02 -1.934821e-01 1.164798e-01)) ((-1.921070e-01 -2.461536e-01 -3.071128e+00) (-7.429145e-04 -1.201368e-02 -4.495775e-02))
502.48        	((8.552098e+00 -4.378213e+00 8.470124e-01) (5.903564e-02 -1.914449e-01 1.148235e-01)) ((-2.241772e-01 -1.802512e-01 -3.006443e+00) (-1.604678e-03 -1.214177e-02 -4.427610e-02))
502.49        	((1.099676e+01 -2.545952e+00 -7.126858e+00) (6.221738e-02 -1.873308e-01 1.090833e-01)) ((5.012940e-02 8.445128e-02 -2.629023e+00) (-2.614686e-03 -1.202550e-02 -4.337536e-02))
502.5         	((9.567428e+00 -3.009762e+00 -3.665097e+00) (6.641073e-02 -1.813900e-01 9.894148e-02)) ((-3.489421e-01 -5.579912e-02 -2.781595e+00) (-3.770905e-03 -1.163176e-02 -4.219129e-02))
502.51        	((7.812042e+00 -4.583310e+00 5.477806e+00) (6.917386e-02 -1.765131e-01 9.383360e-02)) ((-1.353923e+00 -2.975421e-01 -2.992015e+00) (-4.829697e-03 -1.157037e-02 -4.111152e-02))
502.52        	((8.105636e+00 -3.861659e+00 -4.296311e-01) (7.054009e-02 -1.725335e-01 9.353597e-02)) ((-4.909048e-01 -1.944128e-01 -2.802655e+00) (-5.864659e-03 -1.165075e-02 -3.995612e-02))
502.53        	((1.273972e+01 -2.242506e+00 -1.325832e+01) (7.341142e-02 -1.670657e-01 8.619008e-02)) ((1.069728e+00 1.839141e-01 -2.146452e+00) (-6.156379e-03 -1.136229e-02 -3.842175e-02))
502.54        	((9.759208e+00 -2.392923e+00 -7.771677e+00) (7.883415e-02 -1.597969e-01 7.170908e-02)) ((5.692321e-02 2.730840e-03 -2.410403e+00) (-5.931873e-03 -1.064867e-02 -3.648408e-02))
502.55        	((5.537124e+00 -3.544795e+00 2.553936e+00) (8.089382e-02 -1.532938e-01 6.402296e-02)) ((-1.466421e+00 -3.087175e-01 -2.800054e+00) (-6.270813e-03 -1.048532e-02 -3.498343e-02))
502.56        	((5.638274e+00 -3.357096e+00 -3.029313e-01) (7.958014e-02 -1.477852e-01 6.349662e-02)) ((-9.777629e-01 -2.651975e-01 -2.715561e+00) (-7.154631e-03 -1.061106e-02 -3.389454e-02))
502.57        	((9.597892e+00 -2.778326e+00 -1.010634e+01) (7.952595e-02 -1.418963e-01 5.862369e-02)) ((5.022987e-01 -9.029005e-03 -2.217288e+00) (-7.464730e-03 -1.050852e-02 -3.260243e-02))
502.58        	((8.694589e+00 -2.537184e+00 -7.238239e+00) (8.262414e-02 -1.355007e-01 4.722711e-02)) ((4.249399e-02 -4.427527e-02 -2.069226e+00) (-6.997499e-03 -1.007401e-02 -3.087931e-02))
502.59        	((5.296424e+00 -2.632311e+00 -2.123399e+00) (8.419945e-02 -1.292556e-01 3.922528e-02)) ((-7.017806e-01 -2.033182e-01 -2.161406e+00) (-6.841220e-03 -9.836500e-03 -2.919537e-02))
502.6         	((6.024664e+00 -3.008552e+00 -3.566423e+00) (8.301320e-02 -1.235043e-01 3.545916e-02)) ((-3.356622e-01 -1.506408e-01 -2.067378e+00) (-6.952123e-03 -9.738053e-03 -2.768368e-02))
502.61        	((8.768036e+00 -3.593894e+00 -8.726520e+00) (8.321687e-02 -1.189656e-01 2.927658e-02)) ((6.265232e-01 -7.380968e-03 -1.899730e+00) (-6.638667e-03 -9.528592e-03 -2.612675e-02))
502.62        	((7.172879e+00 -3.016964e+00 -8.692764e+00) (8.500007e-02 -1.150711e-01 1.942936e-02)) ((7.442627e-01 -6.338796e-02 -1.917445e+00) (-5.782188e-03 -9.190090e-03 -2.442778e-02))
502.63        	((4.025985e+00 -2.052510e+00 -6.700712e+00) (8.474157e-02 -1.105267e-01 1.060429e-02)) ((4.085351e-01 -1.796476e-01 -2.005522e+00) (-4.968180e-03 -9.097963e-03 -2.296270e-02))
502.64        	((3.790122e+00 -2.520510e+00 -7.555600e+00) (8.208634e-02 -1.054015e-01 4.023328e-03)) ((7.198916e-01 -1.955957e-01 -1.929790e+00) (-4.452381e-03 -9.154333e-03 -2.166466e-02))
502.65        	((5.290573e+00 -3.627569e+00 -1.097656e+01) (8.031503e-02 -1.018916e-01 -4.359203e-03)) ((1.425348e+00 -1.756876e-01 -1.820049e+00) (-3.632662e-03 -9.190476e-03 -2.045128e-02))
502.66        	((4.122132e+00 -3.246552e+00 -1.106826e+01) (7.971398e-02 -9.985320e-02 -1.482565e-02)) ((1.569812e+00 -2.445654e-01 -1.901860e+00) (-2.550877e-03 -9.167376e-03 -1.932489e-02))
502.67        	((2.023740e+00 -2.520317e+00 -9.608142e+00) (7.776967e-02 -9.744428e-02 -2.421148e-02)) ((1.442131e+00 -3.191157e-01 -2.023943e+00) (-1.522787e-03 -9.261444e-03 -1.848161e-02))
502.68        	((2.267082e+00 -2.624710e+00 -1.182413e+01) (7.463617e-02 -9.474290e-02 -3.210503e-02)) ((1.858501e+00 -3.405380e-01 -2.030957e+00) (-6.157999e-04 -9.467159e-03 -1.774713e-02))
502.69        	((3.677034e+00 -3.131582e+00 -1.560025e+01) (7.294059e-02 -9.290911e-02 -4.299362e-02)) ((2.400304e+00 -3.614409e-01 -2.050879e+00) (5.416280e-04 -9.716651e-03 -1.700843e-02))
502.7         	((2.013082e+00 -2.735902e+00 -1.561013e+01) (7.257567e-02 -9.201930e-02 -5.644413e-02)) ((2.484500e+00 -4.581900e-01 -2.263486e+00) (1.913083e-03 -1.013630e-02 -1.628486e-02))
502.71        	((-6.738887e-01 -2.343712e+00 -1.366253e+01) (7.061814e-02 -9.061008e-02 -6.866430e-02)) ((2.353095e+00 -5.572403e-01 -2.450328e+00) (3.237043e-03 -1.074926e-02 -1.575155e-02))
502.72        	((-1.651756e-01 -2.363214e+00 -1.610919e+01) (6.760413e-02 -8.920262e-02 -8.016014e-02)) ((2.705210e+00 -6.061322e-01 -2.394328e+00) (4.721922e-03 -1.162734e-02 -1.531357e-02))
502.73        	((2.044605e+00 -2.720630e+00 -2.010228e+01) (6.667184e-02 -8.802948e-02 -9.430932e-02)) ((3.186435e+00 -6.457714e-01 -2.272018e+00) (6.335818e-03 -1.258218e-02 -1.478780e-02))
502.74        	((8.075756e-01 -2.452020e+00 -1.976912e+01) (6.861377e-02 -8.790354e-02 -1.119834e-01)) ((3.234757e+00 -7.609659e-01 -2.366675e+00) (8.186414e-03 -1.363833e-02 -1.422613e-02))
502.75        	((-1.752483e+00 -2.071609e+00 -1.671152e+01) (6.916833e-02 -8.716864e-02 -1.279696e-01)) ((2.928643e+00 -8.780006e-01 -2.476798e+00) (1.001052e-02 -1.476850e-02 -1.379543e-02))
502.76        	((-5.569200e-01 -2.202790e+00 -1.908994e+01) (6.922542e-02 -8.678956e-02 -1.433364e-01)) ((3.288655e+00 -9.320934e-01 -2.327462e+00) (1.204664e-02 -1.604405e-02 -1.342522e-02))
502.77        	((2.386412e+00 -2.721679e+00 -2.394503e+01) (7.283743e-02 -8.708897e-02 -1.626153e-01)) ((3.969225e+00 -9.684292e-01 -2.141080e+00) (1.426193e-02 -1.730954e-02 -1.288744e-02))
502.78        	((1.952878e+00 -2.577958e+00 -2.426557e+01) (7.988861e-02 -8.790593e-02 -1.861719e-01)) ((4.086119e+00 -1.082068e+00 -2.152612e+00) (1.669121e-02 -1.845240e-02 -1.204583e-02))
502.79        	((1.695109e-02 -2.159525e+00 -2.156078e+01) (8.616145e-02 -8.820979e-02 -2.091623e-01)) ((3.723672e+00 -1.200705e+00 -2.210758e+00) (1.908549e-02 -1.947659e-02 -1.118599e-02))
502.8         	((7.796495e-01 -2.262046e+00 -2.311325e+01) (9.157343e-02 -8.804240e-02 -2.306077e-01)) ((3.990195e+00 -1.259665e+00 -2.129882e+00) (2.142203e-02 -2.042004e-02 -1.028187e-02))
502.81        	((2.594203e+00 -2.710436e+00 -2.630215e+01) (9.928651e-02 -8.831412e-02 -2.547004e-01)) ((4.498424e+00 -1.289650e+00 -2.034017e+00) (2.392111e-02 -2.114672e-02 -9.319360e-03))
502.82        	((3.076880e+00 -2.788872e+00 -2.784920e+01) (1.092251e-01 -8.890398e-02 -2.818951e-01)) ((4.821063e+00 -1.367746e+00 -2.003833e+00) (2.651745e-02 -2.165020e-02 -8.255868e-03))
502.83        	((2.743068e+00 -2.707716e+00 -2.784845e+01) (1.192573e-01 -8.907797e-02 -3.098108e-01)) ((4.875269e+00 -1.457891e+00 -2.008263e+00) (2.906628e-02 -2.203652e-02 -7.232474e-03))
502.84        	((3.222764e+00 -2.838313e+00 -2.913106e+01) (1.289306e-01 -8.881763e-02 -3.375524e-01)) ((5.127403e+00 -1.527990e+00 -2.006141e+00) (3.146461e-02 -2.235351e-02 -6.317608e-03))
502.85        	((3.723919e+00 -3.034813e+00 -3.014631e+01) (1.390159e-01 -8.837458e-02 -3.658225e-01)) ((5.296254e+00 -1.583391e+00 -2.023555e+00) (3.375012e-02 -2.253602e-02 -5.546858e-03))
502.86        	((4.151208e+00 -3.182953e+00 -3.174492e+01) (1.493243e-01 -8.805645e-02 -3.945339e-01)) ((5.601459e+00 -1.645895e+00 -2.051803e+00) (3.590836e-02 -2.259150e-02 -4.852979e-03))
502.87        	((4.419493e+00 -3.313337e+00 -3.294247e+01) (1.597438e-01 -8.716155e-02 -4.239104e-01)) ((5.838879e+00 -1.706461e+00 -2.086402e+00) (3.800823e-02 -2.253847e-02 -4.268852e-03))
502.88        	((4.856093e+00 -3.461216e+00 -3.452177e+01) (1.701115e-01 -8.624985e-02 -4.537078e-01)) ((6.163867e+00 -1.767093e+00 -2.130865e+00) (4.004788e-02 -2.243210e-02 -3.774027e-03))
502.89        	((5.128434e+00 -3.592613e+00 -3.579645e+01) (1.805268e-01 -8.471662e-02 -4.838765e-01)) ((6.419230e+00 -1.826522e+00 -2.199231e+00) (4.199529e-02 -2.229735e-02 -3.442590e-03))
502.9         	((5.440500e+00 -3.743719e+00 -3.735643e+01) (1.908145e-01 -8.290959e-02 -5.141480e-01)) ((6.717045e+00 -1.883698e+00 -2.285851e+00) (4.391061e-02 -2.212595e-02 -3.214075e-03))
502.91        	((5.620943e+00 -3.867782e+00 -3.869318e+01) (2.009002e-01 -8.079224e-02 -5.444490e-01)) ((6.962234e+00 -1.938426e+00 -2.385047e+00) (4.572828e-02 -2.191213e-02 -3.173883e-03))
502.92        	((5.811430e+00 -3.990675e+00 -4.017677e+01) (2.105907e-01 -7.831225e-02 -5.746110e-01)) ((7.240839e+00 -1.992107e+00 -2.482247e+00) (4.742621e-02 -2.165328e-02 -3.297134e-03))
502.93        	((5.949640e+00 -4.102570e+00 -4.154887e+01) (2.200137e-01 -7.547583e-02 -6.047278e-01)) ((7.505235e+00 -2.042630e+00 -2.575007e+00) (4.905046e-02 -2.136234e-02 -3.558781e-03))
502.94        	((6.136335e+00 -4.239749e+00 -4.309174e+01) (2.291430e-01 -7.258946e-02 -6.346704e-01)) ((7.809653e+00 -2.089053e+00 -2.664580e+00) (5.056962e-02 -2.107550e-02 -3.929891e-03))
502.95        	((6.307469e+00 -4.384735e+00 -4.461960e+01) (2.381373e-01 -6.899311e-02 -6.645714e-01)) ((8.101395e+00 -2.133965e+00 -2.755413e+00) (5.199907e-02 -2.074858e-02 -4.398996e-03))
502.96        	((6.501755e+00 -4.532856e+00 -4.624931e+01) (2.469417e-01 -6.510762e-02 -6.942495e-01)) ((8.406640e+00 -2.177533e+00 -2.845190e+00) (5.330265e-02 -2.042233e-02 -4.956087e-03))
502.97        	((6.659854e+00 -4.664236e+00 -4.780174e+01) (2.555371e-01 -6.096497e-02 -7.236939e-01)) ((8.698398e+00 -2.220004e+00 -2.931982e+00) (5.448998e-02 -2.007505e-02 -5.593785e-03))
502.98        	((6.826792e+00 -4.792585e+00 -4.935475e+01) (2.639288e-01 -5.661791e-02 -7.528456e-01)) ((8.997350e+00 -2.259655e+00 -3.010596e+00) (5.557924e-02 -1.972350e-02 -6.284899e-03))
502.99        	((6.997644e+00 -4.924907e+00 -5.086179e+01) (2.720839e-01 -5.206944e-02 -7.816970e-01)) ((9.293662e+00 -2.295589e+00 -3.081633e+00) (5.658441e-02 -1.936309e-02 -7.041663e-03))
503           	((7.205297e+00 -5.075765e+00 -5.242619e+01) (2.801267e-01 -4.724502e-02 -8.102183e-01)) ((9.605323e+00 -2.327738e+00 -3.146997e+00) (5.748560e-02 -1.898886e-02 -7.853580e-03))
503.01        	((7.438117e+00 -5.239973e+00 -5.403294e+01) (2.880826e-01 -4.224819e-02 -8.384696e-01)) ((9.927449e+00 -2.357106e+00 -3.208279e+00) (5.831177e-02 -1.859849e-02 -8.693625e-03))
503.02        	((7.694217e+00 -5.409866e+00 -5.569543e+01) (2.959541e-01 -3.710980e-02 -8.664341e-01)) ((1.026435e+01 -2.385203e+00 -3.266611e+00) (5.905675e-02 -1.818894e-02 -9.576120e-03))
503.03        	((7.954433e+00 -5.579532e+00 -5.735652e+01) (3.038007e-01 -3.176583e-02 -8.940503e-01)) ((1.060618e+01 -2.413202e+00 -3.322547e+00) (5.969844e-02 -1.774225e-02 -1.047309e-02))
503.04        	((8.225505e+00 -5.750284e+00 -5.900753e+01) (3.115739e-01 -2.625504e-02 -9.213314e-01)) ((1.095140e+01 -2.440660e+00 -3.373707e+00) (6.024896e-02 -1.724620e-02 -1.143396e-02))
503.05        	((8.506045e+00 -5.930571e+00 -6.064262e+01) (3.193783e-01 -2.078728e-02 -9.486943e-01)) ((1.129767e+01 -2.465871e+00 -3.420242e+00) (6.091852e-02 -1.681160e-02 -1.235699e-02))
503.06        	((8.805763e+00 -6.121263e+00 -6.230807e+01) (3.271359e-01 -1.515262e-02 -9.756901e-01)) ((1.165301e+01 -2.488738e+00 -3.463545e+00) (6.148146e-02 -1.636984e-02 -1.331525e-02))
503.07        	((9.121653e+00 -6.321309e+00 -6.401010e+01) (3.349314e-01 -9.378999e-03 -1.002390e+00)) ((1.201948e+01 -2.510172e+00 -3.504188e+00) (6.196721e-02 -1.589863e-02 -1.428628e-02))
503.08        	((9.448133e+00 -6.528037e+00 -6.575896e+01) (3.427807e-01 -3.478526e-03 -1.028859e+00)) ((1.240079e+01 -2.531680e+00 -3.543819e+00) (6.239158e-02 -1.540943e-02 -1.525723e-02))
503.09        	((9.770549e+00 -6.739057e+00 -6.752644e+01) (3.506520e-01 2.523406e-03 -1.055120e+00)) ((1.279189e+01 -2.553876e+00 -3.584797e+00) (6.274944e-02 -1.490572e-02 -1.623912e-02))
503.1         	((1.008224e+01 -6.953072e+00 -6.928975e+01) (3.585658e-01 8.662989e-03 -1.081113e+00)) ((1.318694e+01 -2.576940e+00 -3.626998e+00) (6.300459e-02 -1.438540e-02 -1.722309e-02))
503.11        	((1.038500e+01 -7.164557e+00 -7.103824e+01) (3.664450e-01 1.495699e-02 -1.106976e+00)) ((1.358205e+01 -2.600734e+00 -3.668473e+00) (6.322151e-02 -1.388501e-02 -1.823331e-02))
503.12        	((1.068024e+01 -7.370764e+00 -7.276972e+01) (3.743312e-01 2.121633e-02 -1.133019e+00)) ((1.397284e+01 -2.625226e+00 -3.709526e+00) (6.355020e-02 -1.338394e-02 -1.924367e-02))
503.13        	((1.096653e+01 -7.576855e+00 -7.448828e+01) (3.822098e-01 2.757055e-02 -1.158827e+00)) ((1.435909e+01 -2.650702e+00 -3.750882e+00) (6.380414e-02 -1.288038e-02 -2.026253e-02))
503.14        	((1.124010e+01 -7.780076e+00 -7.619810e+01) (3.900225e-01 3.401948e-02 -1.184496e+00)) ((1.474348e+01 -2.676593e+00 -3.792649e+00) (6.402706e-02 -1.235020e-02 -2.130616e-02))
503.15        	((1.149618e+01 -7.973921e+00 -7.788887e+01) (3.978457e-01 4.057247e-02 -1.210228e+00)) ((1.512398e+01 -2.702956e+00 -3.834092e+00) (6.425201e-02 -1.178998e-02 -2.233946e-02))
503.16        	((1.173208e+01 -8.156437e+00 -7.954808e+01) (4.055978e-01 4.723308e-02 -1.235938e+00)) ((1.549877e+01 -2.728892e+00 -3.873479e+00) (6.446495e-02 -1.120239e-02 -2.339223e-02))
503.17        	((1.194448e+01 -8.329679e+00 -8.116903e+01) (4.132499e-01 5.400489e-02 -1.261511e+00)) ((1.586868e+01 -2.754927e+00 -3.909555e+00) (6.463868e-02 -1.061490e-02 -2.446135e-02))
503.18        	((1.213384e+01 -8.492094e+00 -8.275696e+01) (4.207129e-01 6.085001e-02 -1.286965e+00)) ((1.623395e+01 -2.779337e+00 -3.941794e+00) (6.481904e-02 -1.007564e-02 -2.553975e-02))
503.19        	((1.229213e+01 -8.638499e+00 -8.428663e+01) (4.280720e-01 6.778680e-02 -1.312304e+00)) ((1.658566e+01 -2.803608e+00 -3.971957e+00) (6.500226e-02 -9.581562e-03 -2.661778e-02))
503.2         	((1.242187e+01 -8.766452e+00 -8.575624e+01) (4.352309e-01 7.483237e-02 -1.337481e+00)) ((1.692055e+01 -2.826594e+00 -3.999814e+00) (6.517656e-02 -9.084590e-03 -2.768429e-02))
503.21        	((1.252749e+01 -8.877900e+00 -8.717130e+01) (4.422136e-01 8.198945e-02 -1.362476e+00)) ((1.724008e+01 -2.848975e+00 -4.023473e+00) (6.532467e-02 -8.575648e-03 -2.875217e-02))
503.22        	((1.261070e+01 -8.977587e+00 -8.854521e+01) (4.490603e-01 8.924709e-02 -1.387259e+00)) ((1.755017e+01 -2.871140e+00 -4.042327e+00) (6.544664e-02 -8.089467e-03 -2.980557e-02))
503.23        	((1.267262e+01 -9.068926e+00 -8.988474e+01) (4.556842e-01 9.657418e-02 -1.411847e+00)) ((1.785482e+01 -2.892565e+00 -4.056571e+00) (6.552838e-02 -7.615732e-03 -3.085287e-02))
503.24        	((1.271137e+01 -9.152095e+00 -9.118797e+01) (4.620679e-01 1.040120e-01 -1.436288e+00)) ((1.815319e+01 -2.912938e+00 -4.067608e+00) (6.559480e-02 -7.158240e-03 -3.189757e-02))
503.25        	((1.272516e+01 -9.228369e+00 -9.245675e+01) (4.681860e-01 1.115790e-01 -1.460540e+00)) ((1.844518e+01 -2.932209e+00 -4.075796e+00) (6.565699e-02 -6.730671e-03 -3.293315e-02))
503.26        	((1.271851e+01 -9.300030e+00 -9.369754e+01) (4.740060e-01 1.192442e-01 -1.484544e+00)) ((1.873164e+01 -2.950379e+00 -4.079629e+00) (6.571055e-02 -6.321916e-03 -3.396802e-02))
503.27        	((1.269662e+01 -9.368196e+00 -9.491618e+01) (4.795314e-01 1.269912e-01 -1.508244e+00)) ((1.901423e+01 -2.967451e+00 -4.077756e+00) (6.574936e-02 -5.918783e-03 -3.500666e-02))
503.28        	((1.266244e+01 -9.433269e+00 -9.611278e+01) (4.847466e-01 1.348309e-01 -1.531654e+00)) ((1.929392e+01 -2.983492e+00 -4.069753e+00) (6.577297e-02 -5.524475e-03 -3.605053e-02))
503.29        	((1.261508e+01 -9.493879e+00 -9.728286e+01) (4.896632e-01 1.427350e-01 -1.554812e+00)) ((1.956954e+01 -2.998870e+00 -4.056349e+00) (6.578520e-02 -5.141633e-03 -3.709220e-02))
503.3         	((1.255602e+01 -9.549832e+00 -9.842634e+01) (4.941967e-01 1.507156e-01 -1.577677e+00)) ((1.984112e+01 -3.013764e+00 -4.037737e+00) (6.578461e-02 -4.777498e-03 -3.813144e-02))
503.31        	((1.248535e+01 -9.602088e+00 -9.954461e+01) (4.984473e-01 1.587326e-01 -1.600263e+00)) ((2.010881e+01 -3.028176e+00 -4.013617e+00) (6.577403e-02 -4.440393e-03 -3.917252e-02))
503.32        	((1.240750e+01 -9.653407e+00 -1.006335e+02) (5.022948e-01 1.667909e-01 -1.622594e+00)) ((2.037144e+01 -3.042206e+00 -3.984421e+00) (6.577992e-02 -4.112633e-03 -4.019088e-02))
503.33        	((1.232044e+01 -9.701813e+00 -1.016955e+02) (5.059713e-01 1.748683e-01 -1.644620e+00)) ((2.062860e+01 -3.055678e+00 -3.951262e+00) (6.576900e-02 -3.813779e-03 -4.119782e-02))
503.34        	((1.222812e+01 -9.748566e+00 -1.027302e+02) (5.092591e-01 1.830129e-01 -1.666301e+00)) ((2.088122e+01 -3.068682e+00 -3.914389e+00) (6.574770e-02 -3.518515e-03 -4.217610e-02))
503.35        	((1.213113e+01 -9.791482e+00 -1.037435e+02) (5.124047e-01 1.911853e-01 -1.687658e+00)) ((2.113126e+01 -3.081034e+00 -3.873291e+00) (6.572403e-02 -3.255010e-03 -4.313510e-02))
503.36        	((1.203244e+01 -9.833435e+00 -1.047349e+02) (5.151735e-01 1.993686e-01 -1.708655e+00)) ((2.138015e+01 -3.093015e+00 -3.828388e+00) (6.569432e-02 -2.994403e-03 -4.405149e-02))
503.37        	((1.193221e+01 -9.871253e+00 -1.057038e+02) (5.178874e-01 2.075018e-01 -1.729308e+00)) ((2.162597e+01 -3.104309e+00 -3.779675e+00) (6.565889e-02 -2.768139e-03 -4.494806e-02))
503.38        	((1.183460e+01 -9.906146e+00 -1.066394e+02) (5.202539e-01 2.156422e-01 -1.749624e+00)) ((2.186665e+01 -3.114832e+00 -3.727279e+00) (6.562050e-02 -2.531147e-03 -4.580174e-02))
503.39        	((1.173841e+01 -9.936884e+00 -1.075437e+02) (5.224222e-01 2.237770e-01 -1.769587e+00)) ((2.210273e+01 -3.124709e+00 -3.671814e+00) (6.556739e-02 -2.291413e-03 -4.662337e-02))
503.4         	((1.164004e+01 -9.962889e+00 -1.084199e+02) (5.244404e-01 2.318878e-01 -1.789248e+00)) ((2.233504e+01 -3.134352e+00 -3.614577e+00) (6.548152e-02 -2.038521e-03 -4.740553e-02))
503.41        	((1.153645e+01 -9.985337e+00 -1.092678e+02) (5.262278e-01 2.399962e-01 -1.808609e+00)) ((2.256385e+01 -3.144305e+00 -3.556930e+00) (6.538849e-02 -1.769616e-03 -4.814012e-02))
503.42        	((1.142803e+01 -1.000184e+01 -1.100881e+02) (5.279142e-01 2.479934e-01 -1.827682e+00)) ((2.278827e+01 -3.154445e+00 -3.498697e+00) (6.528821e-02 -1.507621e-03 -4.884834e-02))
503.43        	((1.131647e+01 -1.001600e+01 -1.108767e+02) (5.293132e-01 2.559290e-01 -1.846513e+00)) ((2.300770e+01 -3.164946e+00 -3.440829e+00) (6.524188e-02 -1.238767e-03 -4.950791e-02))
503.44        	((1.120340e+01 -1.002949e+01 -1.116395e+02) (5.305599e-01 2.637979e-01 -1.865053e+00)) ((2.322319e+01 -3.175532e+00 -3.382572e+00) (6.522750e-02 -9.757769e-04 -5.011598e-02))
503.45        	((1.108978e+01 -1.004237e+01 -1.123798e+02) (5.316324e-01 2.716209e-01 -1.883323e+00)) ((2.343527e+01 -3.186265e+00 -3.322107e+00) (6.522797e-02 -7.161415e-04 -5.067810e-02))
503.46        	((1.097385e+01 -1.005318e+01 -1.130969e+02) (5.325786e-01 2.793888e-01 -1.901315e+00)) ((2.364327e+01 -3.197399e+00 -3.259795e+00) (6.525310e-02 -4.642198e-04 -5.118947e-02))
503.47        	((1.085310e+01 -1.006075e+01 -1.137850e+02) (5.334119e-01 2.870462e-01 -1.919005e+00)) ((2.384537e+01 -3.209072e+00 -3.197359e+00) (6.528473e-02 -2.225782e-04 -5.165905e-02))
503.48        	((1.073064e+01 -1.006686e+01 -1.144451e+02) (5.341250e-01 2.947038e-01 -1.936450e+00)) ((2.404217e+01 -3.221318e+00 -3.135899e+00) (6.534590e-02 1.030776e-05 -5.205323e-02))
503.49        	((1.060384e+01 -1.007173e+01 -1.150801e+02) (5.347251e-01 3.023154e-01 -1.953633e+00)) ((2.423377e+01 -3.234248e+00 -3.076003e+00) (6.543120e-02 2.301701e-04 -5.238910e-02))
503.5         	((1.046806e+01 -1.007466e+01 -1.156881e+02) (5.352266e-01 3.098392e-01 -1.970506e+00)) ((2.441916e+01 -3.248011e+00 -3.019757e+00) (6.551742e-02 4.311965e-04 -5.268859e-02))
503.51        	((1.032201e+01 -1.007339e+01 -1.162681e+02) (5.356529e-01 3.172288e-01 -1.987074e+00)) ((2.459726e+01 -3.262763e+00 -2.967125e+00) (6.560561e-02 6.058664e-04 -5.295350e-02))
503.52        	((1.016951e+01 -1.006748e+01 -1.168224e+02) (5.359758e-01 3.245474e-01 -2.003399e+00)) ((2.476837e+01 -3.278618e+00 -2.917436e+00) (6.572957e-02 7.602086e-04 -5.317301e-02))
503.53        	((1.001383e+01 -1.005856e+01 -1.173562e+02) (5.362486e-01 3.318474e-01 -2.019505e+00)) ((2.493396e+01 -3.295364e+00 -2.869778e+00) (6.591231e-02 9.093381e-04 -5.333512e-02))
503.54        	((9.856051e+00 -1.004725e+01 -1.178722e+02) (5.364555e-01 3.390898e-01 -2.035419e+00)) ((2.509461e+01 -3.312983e+00 -2.824005e+00) (6.616401e-02 1.035892e-03 -5.345118e-02))
503.55        	((9.694804e+00 -1.003446e+01 -1.183683e+02) (5.366431e-01 3.462778e-01 -2.051085e+00)) ((2.524962e+01 -3.331028e+00 -2.780244e+00) (6.644763e-02 1.147699e-03 -5.352799e-02))
503.56        	((9.529584e+00 -1.001872e+01 -1.188451e+02) (5.367728e-01 3.533984e-01 -2.066521e+00)) ((2.539889e+01 -3.349421e+00 -2.739073e+00) (6.675734e-02 1.243218e-03 -5.357411e-02))
503.57        	((9.359790e+00 -1.000012e+01 -1.193025e+02) (5.368736e-01 3.604603e-01 -2.081695e+00)) ((2.554188e+01 -3.367956e+00 -2.700644e+00) (6.708475e-02 1.337364e-03 -5.359435e-02))
503.58        	((9.186682e+00 -9.977557e+00 -1.197442e+02) (5.368832e-01 3.674495e-01 -2.096699e+00)) ((2.567888e+01 -3.386787e+00 -2.664464e+00) (6.745551e-02 1.409662e-03 -5.360047e-02))
503.59        	((9.010322e+00 -9.953469e+00 -1.201746e+02) (5.369118e-01 3.744524e-01 -2.111529e+00)) ((2.581064e+01 -3.405483e+00 -2.629416e+00) (6.785514e-02 1.495141e-03 -5.357128e-02))
503.6         	((8.831523e+00 -9.926446e+00 -1.205958e+02) (5.368312e-01 3.813935e-01 -2.126253e+00)) ((2.593794e+01 -3.424633e+00 -2.595382e+00) (6.830087e-02 1.552964e-03 -5.353106e-02))
503.61        	((8.650403e+00 -9.898014e+00 -1.210089e+02) (5.367469e-01 3.883445e-01 -2.140792e+00)) ((2.606108e+01 -3.443416e+00 -2.562317e+00) (6.875421e-02 1.618594e-03 -5.346314e-02))
503.62        	((8.463890e+00 -9.868072e+00 -1.214143e+02) (5.366829e-01 3.952539e-01 -2.155050e+00)) ((2.618028e+01 -3.461766e+00 -2.529816e+00) (6.921697e-02 1.685342e-03 -5.337313e-02))
503.63        	((8.272985e+00 -9.832907e+00 -1.218131e+02) (5.364735e-01 4.020347e-01 -2.169177e+00)) ((2.629598e+01 -3.480587e+00 -2.497453e+00) (6.977732e-02 1.685937e-03 -5.326002e-02))
503.64        	((8.079215e+00 -9.794446e+00 -1.222019e+02) (5.362548e-01 4.087685e-01 -2.183082e+00)) ((2.640727e+01 -3.498870e+00 -2.464430e+00) (7.038923e-02 1.686303e-03 -5.311629e-02))
503.65        	((7.884217e+00 -9.754184e+00 -1.225823e+02) (5.360787e-01 4.154798e-01 -2.196711e+00)) ((2.651433e+01 -3.516366e+00 -2.430792e+00) (7.101218e-02 1.699531e-03 -5.294614e-02))
503.66        	((7.690451e+00 -9.709751e+00 -1.229576e+02) (5.357655e-01 4.220367e-01 -2.210238e+00)) ((2.661788e+01 -3.534238e+00 -2.397756e+00) (7.169604e-02 1.637421e-03 -5.277394e-02))
503.67        	((7.496029e+00 -9.663102e+00 -1.233280e+02) (5.354925e-01 4.285124e-01 -2.223517e+00)) ((2.671740e+01 -3.551595e+00 -2.365311e+00) (7.240518e-02 1.576708e-03 -5.257810e-02))
503.68        	((7.300603e+00 -9.615239e+00 -1.236952e+02) (5.352722e-01 4.348954e-01 -2.236607e+00)) ((2.681355e+01 -3.568226e+00 -2.333074e+00) (7.314194e-02 1.518046e-03 -5.235614e-02))
503.69        	((7.103653e+00 -9.567223e+00 -1.240605e+02) (5.351247e-01 4.412063e-01 -2.249500e+00)) ((2.690740e+01 -3.584502e+00 -2.300856e+00) (7.390008e-02 1.464250e-03 -5.210700e-02))
503.7         	((6.907958e+00 -9.516251e+00 -1.244268e+02) (5.346621e-01 4.471981e-01 -2.261535e+00)) ((2.699970e+01 -3.601674e+00 -2.269048e+00) (7.465231e-02 1.295769e-03 -5.187062e-02))
503.71        	((6.712313e+00 -9.465023e+00 -1.247786e+02) (5.342466e-01 4.531154e-01 -2.273404e+00)) ((2.708754e+01 -3.619238e+00 -2.236203e+00) (7.539532e-02 1.148731e-03 -5.162302e-02))
503.72        	((6.518174e+00 -9.415824e+00 -1.251175e+02) (5.338878e-01 4.589485e-01 -2.285113e+00)) ((2.717061e+01 -3.636454e+00 -2.202343e+00) (7.612848e-02 1.026129e-03 -5.135369e-02))
503.73        	((6.326677e+00 -9.370204e+00 -1.254539e+02) (5.335748e-01 4.646839e-01 -2.296642e+00)) ((2.725097e+01 -3.653617e+00 -2.168178e+00) (7.685532e-02 9.290884e-04 -5.106496e-02))
503.74        	((6.139739e+00 -9.327484e+00 -1.257974e+02) (5.332661e-01 4.702841e-01 -2.308027e+00)) ((2.733083e+01 -3.671844e+00 -2.134483e+00) (7.761449e-02 8.256719e-04 -5.075616e-02))
503.75        	((5.956607e+00 -9.287852e+00 -1.261468e+02) (5.330242e-01 4.758520e-01 -2.319249e+00)) ((2.740971e+01 -3.690522e+00 -2.101668e+00) (7.837061e-02 7.282679e-04 -5.045741e-02))
503.76        	((5.778956e+00 -9.247852e+00 -1.264971e+02) (5.326924e-01 4.812108e-01 -2.330581e+00)) ((2.748669e+01 -3.709460e+00 -2.070263e+00) (7.919834e-02 5.225337e-04 -5.016517e-02))
503.77        	((5.605821e+00 -9.209113e+00 -1.268429e+02) (5.324204e-01 4.864514e-01 -2.341827e+00)) ((2.756026e+01 -3.727328e+00 -2.039821e+00) (8.002770e-02 3.030918e-04 -4.986709e-02))
503.78        	((5.438083e+00 -9.174056e+00 -1.271838e+02) (5.322320e-01 4.915490e-01 -2.352904e+00)) ((2.763044e+01 -3.743756e+00 -2.009632e+00) (8.083137e-02 1.028093e-04 -4.954519e-02))
503.79        	((5.276542e+00 -9.141310e+00 -1.275256e+02) (5.320750e-01 4.964763e-01 -2.363910e+00)) ((2.769861e+01 -3.760053e+00 -1.980300e+00) (8.164298e-02 -1.118022e-04 -4.920785e-02))
503.8         	((5.121348e+00 -9.110728e+00 -1.278712e+02) (5.319831e-01 5.012476e-01 -2.374854e+00)) ((2.776542e+01 -3.776383e+00 -1.952321e+00) (8.246105e-02 -3.341603e-04 -4.884991e-02))
503.81        	((4.972578e+00 -9.081502e+00 -1.282211e+02) (5.319286e-01 5.058553e-01 -2.385755e+00)) ((2.783070e+01 -3.792784e+00 -1.926087e+00) (8.328692e-02 -5.663097e-04 -4.848256e-02))
503.82        	((4.829424e+00 -9.053855e+00 -1.285718e+02) (5.319295e-01 5.103215e-01 -2.396602e+00)) ((2.789372e+01 -3.808624e+00 -1.901624e+00) (8.411226e-02 -7.947306e-04 -4.810336e-02))
503.83        	((4.691590e+00 -9.027549e+00 -1.289200e+02) (5.319665e-01 5.146410e-01 -2.407402e+00)) ((2.795397e+01 -3.823582e+00 -1.878911e+00) (8.493551e-02 -1.019340e-03 -4.771866e-02))
503.84        	((4.558952e+00 -9.002748e+00 -1.292639e+02) (5.320494e-01 5.188140e-01 -2.418134e+00)) ((2.801104e+01 -3.837500e+00 -1.857789e+00) (8.575051e-02 -1.234116e-03 -4.732648e-02))
503.85        	((4.431543e+00 -8.979173e+00 -1.296053e+02) (5.321616e-01 5.228163e-01 -2.428796e+00)) ((2.806520e+01 -3.850670e+00 -1.838184e+00) (8.655375e-02 -1.443574e-03 -4.693243e-02))
503.86        	((4.309508e+00 -8.957079e+00 -1.299454e+02) (5.323186e-01 5.266612e-01 -2.439391e+00)) ((2.811661e+01 -3.863128e+00 -1.819965e+00) (8.734534e-02 -1.644059e-03 -4.653541e-02))
503.87        	((4.193146e+00 -8.936090e+00 -1.302850e+02) (5.325035e-01 5.303405e-01 -2.449940e+00)) ((2.816548e+01 -3.874984e+00 -1.803112e+00) (8.812969e-02 -1.843320e-03 -4.613965e-02))
503.88        	((4.082444e+00 -8.916553e+00 -1.306226e+02) (5.327281e-01 5.338626e-01 -2.460430e+00)) ((2.821187e+01 -3.886032e+00 -1.787515e+00) (8.890144e-02 -2.034468e-03 -4.574377e-02))
503.89        	((3.977355e+00 -8.898248e+00 -1.309574e+02) (5.331524e-01 5.373789e-01 -2.471708e+00)) ((2.825583e+01 -3.896261e+00 -1.773224e+00) (8.975601e-02 -2.200508e-03 -4.534243e-02))
503.9         	((3.879309e+00 -8.881589e+00 -1.313019e+02) (5.335979e-01 5.407373e-01 -2.482885e+00)) ((2.829916e+01 -3.905070e+00 -1.760868e+00) (9.058678e-02 -2.356783e-03 -4.494418e-02))
503.91        	((3.787659e+00 -8.866084e+00 -1.316503e+02) (5.338689e-01 5.437471e-01 -2.493138e+00)) ((2.834099e+01 -3.912689e+00 -1.750023e+00) (9.129621e-02 -2.534202e-03 -4.456694e-02))
503.92        	((3.699504e+00 -8.851962e+00 -1.319789e+02) (5.343563e-01 5.467485e-01 -2.504141e+00)) ((2.837778e+01 -3.919501e+00 -1.739042e+00) (9.207311e-02 -2.681379e-03 -4.418539e-02))
503.93        	((3.616346e+00 -8.838537e+00 -1.323019e+02) (5.346516e-01 5.494141e-01 -2.514234e+00)) ((2.841178e+01 -3.925450e+00 -1.728915e+00) (9.272836e-02 -2.847513e-03 -4.382707e-02))
503.94        	((3.536767e+00 -8.826511e+00 -1.326099e+02) (5.351590e-01 5.520824e-01 -2.525073e+00)) ((2.844147e+01 -3.930506e+00 -1.719154e+00) (9.345527e-02 -2.982155e-03 -4.346545e-02))
503.95        	((3.463820e+00 -8.815687e+00 -1.329233e+02) (5.354780e-01 5.544145e-01 -2.535011e+00)) ((2.847015e+01 -3.934443e+00 -1.710981e+00) (9.406059e-02 -3.134801e-03 -4.312916e-02))
503.96        	((3.395805e+00 -8.806401e+00 -1.332248e+02) (5.358423e-01 5.565912e-01 -2.544874e+00)) ((2.849512e+01 -3.937313e+00 -1.703689e+00) (9.463785e-02 -3.271500e-03 -4.280149e-02))
503.97        	((3.333370e+00 -8.798163e+00 -1.335141e+02) (5.363539e-01 5.587566e-01 -2.555477e+00)) ((2.851696e+01 -3.939333e+00 -1.697060e+00) (9.529750e-02 -3.388857e-03 -4.247431e-02))
503.98        	((3.278145e+00 -8.791339e+00 -1.338050e+02) (5.367089e-01 5.606099e-01 -2.565133e+00)) ((2.853786e+01 -3.939873e+00 -1.691784e+00) (9.582221e-02 -3.502990e-03 -4.216254e-02))
503.99        	((3.227854e+00 -8.785549e+00 -1.340833e+02) (5.370501e-01 5.623050e-01 -2.574713e+00)) ((2.855579e+01 -3.939385e+00 -1.687233e+00) (9.632575e-02 -3.609911e-03 -4.186507e-02))
504           	((3.181329e+00 -8.781209e+00 -1.343451e+02) (5.373958e-01 5.638633e-01 -2.584174e+00)) ((2.856992e+01 -3.937727e+00 -1.683201e+00) (9.680893e-02 -3.700688e-03 -4.157012e-02))
504.01        	((3.139296e+00 -8.777325e+00 -1.345936e+02) (5.377004e-01 5.652726e-01 -2.593512e+00)) ((2.858080e+01 -3.935136e+00 -1.680156e+00) (9.728539e-02 -3.785743e-03 -4.128159e-02))
504.02        	((3.102516e+00 -8.774027e+00 -1.348335e+02) (5.380014e-01 5.665556e-01 -2.602727e+00)) ((2.858923e+01 -3.931362e+00 -1.678269e+00) (9.773550e-02 -3.855400e-03 -4.100068e-02))
504.03        	((3.071161e+00 -8.771148e+00 -1.350663e+02) (5.382675e-01 5.677190e-01 -2.611833e+00)) ((2.859565e+01 -3.926422e+00 -1.677521e+00) (9.816453e-02 -3.916341e-03 -4.073366e-02))
504.04        	((3.044446e+00 -8.769282e+00 -1.352899e+02) (5.385199e-01 5.687706e-01 -2.620802e+00)) ((2.859980e+01 -3.920139e+00 -1.677618e+00) (9.857116e-02 -3.961458e-03 -4.047495e-02))
504.05        	((3.021314e+00 -8.768089e+00 -1.355028e+02) (5.387449e-01 5.697146e-01 -2.629629e+00)) ((2.860136e+01 -3.912725e+00 -1.678329e+00) (9.896631e-02 -3.998058e-03 -4.023216e-02))
504.06        	((3.001020e+00 -8.767663e+00 -1.357033e+02) (5.389525e-01 5.705707e-01 -2.638321e+00)) ((2.859992e+01 -3.904201e+00 -1.679703e+00) (9.933890e-02 -4.025748e-03 -4.000192e-02))
504.07        	((2.979163e+00 -8.770258e+00 -1.358845e+02) (5.391190e-01 5.713894e-01 -2.646889e+00)) ((2.859287e+01 -3.894686e+00 -1.681531e+00) (9.968800e-02 -4.051219e-03 -3.978863e-02))
504.08        	((2.965595e+00 -8.769142e+00 -1.360635e+02) (5.392479e-01 5.720745e-01 -2.655308e+00)) ((2.858655e+01 -3.884097e+00 -1.684285e+00) (1.000197e-01 -4.068616e-03 -3.958541e-02))
504.09        	((2.952507e+00 -8.769327e+00 -1.362290e+02) (5.393442e-01 5.727151e-01 -2.663562e+00)) ((2.857627e+01 -3.872536e+00 -1.687745e+00) (1.003466e-01 -4.080230e-03 -3.940320e-02))
504.1         	((2.940663e+00 -8.770115e+00 -1.363834e+02) (5.394162e-01 5.732785e-01 -2.671641e+00)) ((2.856324e+01 -3.859880e+00 -1.691769e+00) (1.006682e-01 -4.081548e-03 -3.923588e-02))
504.11        	((2.934905e+00 -8.768800e+00 -1.365379e+02) (5.394397e-01 5.737039e-01 -2.679566e+00)) ((2.855158e+01 -3.846197e+00 -1.696308e+00) (1.009894e-01 -4.077224e-03 -3.908348e-02))
504.12        	((2.924179e+00 -8.771808e+00 -1.366721e+02) (5.394236e-01 5.741413e-01 -2.687326e+00)) ((2.853395e+01 -3.831512e+00 -1.700638e+00) (1.013049e-01 -4.063207e-03 -3.894504e-02))
504.13        	((2.911249e+00 -8.776935e+00 -1.367898e+02) (5.393524e-01 5.745174e-01 -2.694937e+00)) ((2.851182e+01 -3.816051e+00 -1.704737e+00) (1.016143e-01 -4.046334e-03 -3.882087e-02))
504.14        	((2.899627e+00 -8.782378e+00 -1.368979e+02) (5.392492e-01 5.748094e-01 -2.702339e+00)) ((2.848757e+01 -3.799694e+00 -1.708472e+00) (1.018890e-01 -4.018955e-03 -3.870706e-02))
504.15        	((2.894370e+00 -8.785496e+00 -1.370106e+02) (5.390807e-01 5.749502e-01 -2.709546e+00)) ((2.846594e+01 -3.782492e+00 -1.711966e+00) (1.021465e-01 -3.987873e-03 -3.861372e-02))
504.16        	((2.882120e+00 -8.793043e+00 -1.371040e+02) (5.388723e-01 5.751291e-01 -2.716528e+00)) ((2.843847e+01 -3.764247e+00 -1.714831e+00) (1.023814e-01 -3.937921e-03 -3.853934e-02))
504.17        	((2.864398e+00 -8.802821e+00 -1.371820e+02) (5.385833e-01 5.752377e-01 -2.723302e+00)) ((2.840671e+01 -3.745338e+00 -1.717141e+00) (1.026041e-01 -3.884231e-03 -3.848712e-02))
504.18        	((2.849264e+00 -8.811739e+00 -1.372617e+02) (5.382651e-01 5.752152e-01 -2.729837e+00)) ((2.837670e+01 -3.725558e+00 -1.718763e+00) (1.028028e-01 -3.810445e-03 -3.844542e-02))
504.19        	((2.834115e+00 -8.821011e+00 -1.373352e+02) (5.378704e-01 5.751367e-01 -2.736207e+00)) ((2.834557e+01 -3.705330e+00 -1.720064e+00) (1.029847e-01 -3.743264e-03 -3.842658e-02))
504.2         	((2.814647e+00 -8.833447e+00 -1.373931e+02) (5.374608e-01 5.750287e-01 -2.742326e+00)) ((2.831070e+01 -3.684142e+00 -1.720810e+00) (1.031301e-01 -3.651132e-03 -3.841642e-02))
504.21        	((2.791006e+00 -8.846748e+00 -1.374356e+02) (5.369418e-01 5.748480e-01 -2.748255e+00)) ((2.827254e+01 -3.662443e+00 -1.721201e+00) (1.032688e-01 -3.566779e-03 -3.842658e-02))
504.22        	((2.764143e+00 -8.860717e+00 -1.374660e+02) (5.364190e-01 5.746439e-01 -2.753912e+00)) ((2.823228e+01 -3.639542e+00 -1.720727e+00) (1.033757e-01 -3.452710e-03 -3.844057e-02))
504.23        	((2.737316e+00 -8.871693e+00 -1.374898e+02) (5.357562e-01 5.743621e-01 -2.759412e+00)) ((2.819163e+01 -3.616223e+00 -1.719863e+00) (1.034932e-01 -3.360580e-03 -3.847024e-02))
504.24        	((2.709134e+00 -8.882336e+00 -1.375067e+02) (5.351477e-01 5.740879e-01 -2.764631e+00)) ((2.815000e+01 -3.591608e+00 -1.717832e+00) (1.035626e-01 -3.228681e-03 -3.850850e-02))
504.25        	((2.680277e+00 -8.890440e+00 -1.375169e+02) (5.343809e-01 5.737372e-01 -2.769721e+00)) ((2.810756e+01 -3.566943e+00 -1.715425e+00) (1.036376e-01 -3.131238e-03 -3.857843e-02))
504.26        	((2.648379e+00 -8.900150e+00 -1.375154e+02) (5.336809e-01 5.734126e-01 -2.774484e+00)) ((2.806321e+01 -3.541078e+00 -1.712099e+00) (1.036519e-01 -2.981580e-03 -3.864734e-02))
504.27        	((2.615810e+00 -8.906789e+00 -1.375046e+02) (5.327760e-01 5.729944e-01 -2.779146e+00)) ((2.801778e+01 -3.515467e+00 -1.708855e+00) (1.036875e-01 -2.884086e-03 -3.875304e-02))
504.28        	((2.581491e+00 -8.913539e+00 -1.374821e+02) (5.319727e-01 5.726114e-01 -2.783471e+00)) ((2.797054e+01 -3.488542e+00 -1.704745e+00) (1.036693e-01 -2.723697e-03 -3.884213e-02))
504.29        	((2.548583e+00 -8.915749e+00 -1.374543e+02) (5.309611e-01 5.721355e-01 -2.787715e+00)) ((2.792323e+01 -3.461853e+00 -1.700655e+00) (1.036837e-01 -2.620363e-03 -3.896172e-02))
504.3         	((2.515053e+00 -8.918162e+00 -1.374184e+02) (5.300432e-01 5.717109e-01 -2.791596e+00)) ((2.787491e+01 -3.433917e+00 -1.695857e+00) (1.036276e-01 -2.450207e-03 -3.907213e-02))
504.31        	((2.482822e+00 -8.917032e+00 -1.373765e+02) (5.289168e-01 5.711998e-01 -2.795395e+00)) ((2.782631e+01 -3.406327e+00 -1.691390e+00) (1.036007e-01 -2.340496e-03 -3.921266e-02))
504.32        	((2.449278e+00 -8.917184e+00 -1.373245e+02) (5.278844e-01 5.707476e-01 -2.798816e+00)) ((2.777634e+01 -3.377606e+00 -1.686443e+00) (1.034976e-01 -2.156122e-03 -3.934450e-02))
504.33        	((2.416781e+00 -8.913591e+00 -1.372654e+02) (5.266352e-01 5.701978e-01 -2.802202e+00)) ((2.772593e+01 -3.349420e+00 -1.682062e+00) (1.034397e-01 -2.049516e-03 -3.950306e-02))
504.34        	((2.383356e+00 -8.910540e+00 -1.371966e+02) (5.254697e-01 5.697060e-01 -2.805237e+00)) ((2.767424e+01 -3.320177e+00 -1.677317e+00) (1.033167e-01 -1.874819e-03 -3.965217e-02))
504.35        	((2.351500e+00 -8.903927e+00 -1.371232e+02) (5.241353e-01 5.691429e-01 -2.808204e+00)) ((2.762259e+01 -3.291280e+00 -1.672984e+00) (1.032251e-01 -1.757805e-03 -3.981893e-02))
504.36        	((2.319137e+00 -8.898309e+00 -1.370403e+02) (5.228704e-01 5.686413e-01 -2.810806e+00)) ((2.756965e+01 -3.261462e+00 -1.668002e+00) (1.030606e-01 -1.570173e-03 -3.998021e-02))
504.37        	((2.288317e+00 -8.889509e+00 -1.369506e+02) (5.214222e-01 5.680560e-01 -2.813365e+00)) ((2.751620e+01 -3.232145e+00 -1.663469e+00) (1.029296e-01 -1.450736e-03 -4.015803e-02))
504.38        	((2.256765e+00 -8.881812e+00 -1.368523e+02) (5.200226e-01 5.675308e-01 -2.815602e+00)) ((2.746186e+01 -3.202013e+00 -1.658798e+00) (1.027304e-01 -1.266515e-03 -4.033420e-02))
504.39        	((2.225737e+00 -8.871150e+00 -1.367483e+02) (5.184875e-01 5.669373e-01 -2.817706e+00)) ((2.740729e+01 -3.172218e+00 -1.654780e+00) (1.025739e-01 -1.136567e-03 -4.051613e-02))
504.4         	((2.194291e+00 -8.861053e+00 -1.366364e+02) (5.169797e-01 5.663864e-01 -2.819512e+00)) ((2.735180e+01 -3.141925e+00 -1.650468e+00) (1.023817e-01 -9.662688e-04 -4.069360e-02))
504.41        	((2.163867e+00 -8.847831e+00 -1.365184e+02) (5.153431e-01 5.657746e-01 -2.821228e+00)) ((2.729599e+01 -3.112052e+00 -1.646399e+00) (1.022113e-01 -8.381479e-04 -4.087347e-02))
504.42        	((2.133388e+00 -8.835150e+00 -1.363925e+02) (5.137245e-01 5.652101e-01 -2.822657e+00)) ((2.723942e+01 -3.081565e+00 -1.641901e+00) (1.019898e-01 -6.672953e-04 -4.105474e-02))
504.43        	((2.104200e+00 -8.820525e+00 -1.362592e+02) (5.119989e-01 5.646013e-01 -2.823951e+00)) ((2.718213e+01 -3.051364e+00 -1.637730e+00) (1.017731e-01 -5.224256e-04 -4.124109e-02))
504.44        	((2.074613e+00 -8.806369e+00 -1.361195e+02) (5.102768e-01 5.640284e-01 -2.824992e+00)) ((2.712449e+01 -3.020726e+00 -1.633529e+00) (1.015223e-01 -3.490024e-04 -4.142971e-02))
504.45        	((2.045672e+00 -8.789690e+00 -1.359741e+02) (5.084571e-01 5.634096e-01 -2.825908e+00)) ((2.706661e+01 -2.990389e+00 -1.629808e+00) (1.012835e-01 -2.015624e-04 -4.161789e-02))
504.46        	((2.016573e+00 -8.772567e+00 -1.358211e+02) (5.066347e-01 5.628237e-01 -2.826607e+00)) ((2.700795e+01 -2.959784e+00 -1.625968e+00) (1.010230e-01 -3.513821e-05 -4.180523e-02))
504.47        	((1.988650e+00 -8.753566e+00 -1.356612e+02) (5.047463e-01 5.622127e-01 -2.827152e+00)) ((2.694875e+01 -2.929374e+00 -1.622130e+00) (1.007612e-01 1.188106e-04 -4.198852e-02))
504.48        	((1.961401e+00 -8.734240e+00 -1.354946e+02) (5.028253e-01 5.616189e-01 -2.827488e+00)) ((2.688887e+01 -2.898858e+00 -1.618148e+00) (1.004774e-01 2.823213e-04 -4.217381e-02))
504.49        	((1.934761e+00 -8.714044e+00 -1.353219e+02) (5.008474e-01 5.610144e-01 -2.827644e+00)) ((2.682856e+01 -2.868353e+00 -1.614217e+00) (1.001821e-01 4.452561e-04 -4.235900e-02))
504.5         	((1.908167e+00 -8.693080e+00 -1.351428e+02) (4.988292e-01 5.604111e-01 -2.827623e+00)) ((2.676787e+01 -2.837791e+00 -1.610374e+00) (9.987659e-02 6.098783e-04 -4.254426e-02))
504.51        	((1.881909e+00 -8.670834e+00 -1.349577e+02) (4.967687e-01 5.598008e-01 -2.827441e+00)) ((2.670678e+01 -2.807248e+00 -1.606701e+00) (9.956663e-02 7.729012e-04 -4.272654e-02))
504.52        	((1.856234e+00 -8.647345e+00 -1.347662e+02) (4.946730e-01 5.591907e-01 -2.827100e+00)) ((2.664511e+01 -2.776727e+00 -1.603076e+00) (9.925421e-02 9.342251e-04 -4.290500e-02))
504.53        	((1.831679e+00 -8.622948e+00 -1.345684e+02) (4.925387e-01 5.585822e-01 -2.826588e+00)) ((2.658287e+01 -2.746211e+00 -1.599320e+00) (9.893335e-02 1.096583e-03 -4.307976e-02))
504.54        	((1.808277e+00 -8.598054e+00 -1.343645e+02) (4.903594e-01 5.579747e-01 -2.825894e+00)) ((2.652012e+01 -2.715678e+00 -1.595411e+00) (9.859842e-02 1.262430e-03 -4.325318e-02))
504.55        	((1.785769e+00 -8.572631e+00 -1.341545e+02) (4.881309e-01 5.573663e-01 -2.825024e+00)) ((2.645690e+01 -2.685124e+00 -1.591555e+00) (9.825460e-02 1.431649e-03 -4.342428e-02))
504.56        	((1.764438e+00 -8.546340e+00 -1.339383e+02) (4.858369e-01 5.567539e-01 -2.823981e+00)) ((2.639326e+01 -2.654550e+00 -1.588070e+00) (9.790952e-02 1.605456e-03 -4.358613e-02))
504.57        	((1.743185e+00 -8.518765e+00 -1.337166e+02) (4.835111e-01 5.561372e-01 -2.822809e+00)) ((2.632890e+01 -2.624167e+00 -1.584688e+00) (9.756040e-02 1.772964e-03 -4.374563e-02))
504.58        	((1.721276e+00 -8.489872e+00 -1.334900e+02) (4.812066e-01 5.555167e-01 -2.821531e+00)) ((2.626370e+01 -2.594026e+00 -1.580946e+00) (9.720334e-02 1.924899e-03 -4.391502e-02))
504.59        	((1.701254e+00 -8.460022e+00 -1.332566e+02) (4.788260e-01 5.548910e-01 -2.820079e+00)) ((2.619809e+01 -2.563818e+00 -1.577294e+00) (9.684429e-02 2.083276e-03 -4.406834e-02))
504.6         	((1.681910e+00 -8.429689e+00 -1.330177e+02) (4.764500e-01 5.542592e-01 -2.818465e+00)) ((2.613206e+01 -2.533619e+00 -1.573478e+00) (9.647367e-02 2.237445e-03 -4.423247e-02))
504.61        	((1.663863e+00 -8.398832e+00 -1.327722e+02) (4.740020e-01 5.536204e-01 -2.816680e+00)) ((2.606583e+01 -2.503311e+00 -1.569925e+00) (9.609967e-02 2.397574e-03 -4.438569e-02))
504.62        	((1.645131e+00 -8.367117e+00 -1.325212e+02) (4.715521e-01 5.529728e-01 -2.814757e+00)) ((2.599902e+01 -2.473121e+00 -1.566301e+00) (9.572094e-02 2.552869e-03 -4.454460e-02))
504.63        	((1.626819e+00 -8.334231e+00 -1.322643e+02) (4.690497e-01 5.523207e-01 -2.812693e+00)) ((2.593167e+01 -2.443001e+00 -1.562880e+00) (9.534479e-02 2.709005e-03 -4.469311e-02))
504.64        	((1.608607e+00 -8.300222e+00 -1.320019e+02) (4.665378e-01 5.516635e-01 -2.810504e+00)) ((2.586357e+01 -2.413031e+00 -1.559365e+00) (9.496748e-02 2.860609e-03 -4.483964e-02))
504.65        	((1.591175e+00 -8.265322e+00 -1.317340e+02) (4.639999e-01 5.510071e-01 -2.808169e+00)) ((2.579483e+01 -2.383043e+00 -1.555652e+00) (9.458235e-02 3.014337e-03 -4.498587e-02))
504.66        	((1.573749e+00 -8.229953e+00 -1.314606e+02) (4.614493e-01 5.503460e-01 -2.805684e+00)) ((2.572553e+01 -2.353099e+00 -1.551639e+00) (9.418647e-02 3.167351e-03 -4.513625e-02))
504.67        	((1.556475e+00 -8.194210e+00 -1.311817e+02) (4.588596e-01 5.496779e-01 -2.803055e+00)) ((2.565589e+01 -2.323218e+00 -1.547723e+00) (9.378569e-02 3.321057e-03 -4.528291e-02))
504.68        	((1.538793e+00 -8.157864e+00 -1.308974e+02) (4.562512e-01 5.489991e-01 -2.800296e+00)) ((2.558580e+01 -2.293489e+00 -1.543992e+00) (9.338467e-02 3.471541e-03 -4.542892e-02))
504.69        	((1.521085e+00 -8.120603e+00 -1.306074e+02) (4.536139e-01 5.483139e-01 -2.797413e+00)) ((2.551516e+01 -2.263896e+00 -1.540514e+00) (9.298747e-02 3.619390e-03 -4.556882e-02))
504.7         	((1.503420e+00 -8.082391e+00 -1.303122e+02) (4.509624e-01 5.476254e-01 -2.794409e+00)) ((2.544387e+01 -2.234430e+00 -1.537107e+00) (9.259271e-02 3.763670e-03 -4.570527e-02))
504.71        	((1.486126e+00 -8.043518e+00 -1.300116e+02) (4.482866e-01 5.469360e-01 -2.791269e+00)) ((2.537201e+01 -2.205047e+00 -1.533718e+00) (9.219348e-02 3.907955e-03 -4.583821e-02))
504.72        	((1.468839e+00 -8.004295e+00 -1.297059e+02) (4.455892e-01 5.462437e-01 -2.787990e+00)) ((2.529964e+01 -2.175745e+00 -1.530316e+00) (9.178809e-02 4.051825e-03 -4.597075e-02))
504.73        	((1.451259e+00 -7.964733e+00 -1.293947e+02) (4.428663e-01 5.455475e-01 -2.784582e+00)) ((2.522679e+01 -2.146539e+00 -1.527052e+00) (9.138144e-02 4.194234e-03 -4.610034e-02))
504.74        	((1.433145e+00 -7.924508e+00 -1.290782e+02) (4.401246e-01 5.448473e-01 -2.781057e+00)) ((2.515336e+01 -2.117464e+00 -1.524026e+00) (9.097784e-02 4.333162e-03 -4.622633e-02))
504.75        	((1.414649e+00 -7.883263e+00 -1.287561e+02) (4.373658e-01 5.441425e-01 -2.777423e+00)) ((2.507919e+01 -2.088529e+00 -1.521234e+00) (9.057994e-02 4.467943e-03 -4.634740e-02))
504.76        	((1.395970e+00 -7.840898e+00 -1.284287e+02) (4.346005e-01 5.434463e-01 -2.773685e+00)) ((2.500426e+01 -2.059737e+00 -1.518493e+00) (9.018953e-02 4.598013e-03 -4.646555e-02))
504.77        	((1.377660e+00 -7.797772e+00 -1.280961e+02) (4.318177e-01 5.427509e-01 -2.769813e+00)) ((2.492867e+01 -2.031084e+00 -1.515640e+00) (8.979329e-02 4.728109e-03 -4.658223e-02))
504.78        	((1.359618e+00 -7.754210e+00 -1.277585e+02) (4.290143e-01 5.420536e-01 -2.765807e+00)) ((2.485253e+01 -2.002557e+00 -1.512755e+00) (8.939143e-02 4.858290e-03 -4.669801e-02))
504.79        	((1.341400e+00 -7.710162e+00 -1.274159e+02) (4.261898e-01 5.413515e-01 -2.761679e+00)) ((2.477585e+01 -1.974165e+00 -1.510083e+00) (8.898914e-02 4.987182e-03 -4.681190e-02))
504.8         	((1.322866e+00 -7.665322e+00 -1.270680e+02) (4.233474e-01 5.406457e-01 -2.757440e+00)) ((2.469858e+01 -1.945943e+00 -1.507769e+00) (8.859190e-02 5.113060e-03 -4.692233e-02))
504.81        	((1.304390e+00 -7.619439e+00 -1.267151e+02) (4.204914e-01 5.399392e-01 -2.753099e+00)) ((2.462066e+01 -1.917920e+00 -1.505740e+00) (8.820391e-02 5.234753e-03 -4.702706e-02))
504.82        	((1.286539e+00 -7.572577e+00 -1.263571e+02) (4.176237e-01 5.392361e-01 -2.748647e+00)) ((2.454210e+01 -1.890092e+00 -1.503745e+00) (8.782205e-02 5.353581e-03 -4.712508e-02))
504.83        	((1.269634e+00 -7.525181e+00 -1.259942e+02) (4.147334e-01 5.385349e-01 -2.744055e+00)) ((2.446296e+01 -1.862424e+00 -1.501683e+00) (8.743762e-02 5.472865e-03 -4.721764e-02))
504.84        	((1.253517e+00 -7.477556e+00 -1.256265e+02) (4.118096e-01 5.378272e-01 -2.739312e+00)) ((2.438325e+01 -1.834895e+00 -1.499833e+00) (8.705987e-02 5.589290e-03 -4.730327e-02))
504.85        	((1.237156e+00 -7.429248e+00 -1.252540e+02) (4.088749e-01 5.371166e-01 -2.734460e+00)) ((2.430272e+01 -1.807433e+00 -1.498163e+00) (8.668071e-02 5.705130e-03 -4.738882e-02))
504.86        	((1.219754e+00 -7.379640e+00 -1.248771e+02) (4.059589e-01 5.364132e-01 -2.729553e+00)) ((2.422121e+01 -1.780026e+00 -1.496371e+00) (8.628578e-02 5.824447e-03 -4.748267e-02))
504.87        	((1.202550e+00 -7.328915e+00 -1.244951e+02) (4.030368e-01 5.357113e-01 -2.724555e+00)) ((2.413905e+01 -1.752850e+00 -1.494669e+00) (8.589792e-02 5.940593e-03 -4.757140e-02))
504.88        	((1.186603e+00 -7.277468e+00 -1.241080e+02) (4.001105e-01 5.350119e-01 -2.719439e+00)) ((2.405652e+01 -1.725964e+00 -1.493031e+00) (8.551412e-02 6.055109e-03 -4.765685e-02))
504.89        	((1.172206e+00 -7.225753e+00 -1.237160e+02) (3.971701e-01 5.343116e-01 -2.714188e+00)) ((2.397366e+01 -1.699324e+00 -1.491513e+00) (8.512587e-02 6.171591e-03 -4.774128e-02))
504.9         	((1.158827e+00 -7.173867e+00 -1.233192e+02) (3.942144e-01 5.336068e-01 -2.708818e+00)) ((2.389038e+01 -1.672881e+00 -1.490335e+00) (8.473496e-02 6.290123e-03 -4.782470e-02))
504.91        	((1.145912e+00 -7.121457e+00 -1.229175e+02) (3.912464e-01 5.328976e-01 -2.703346e+00)) ((2.380652e+01 -1.646620e+00 -1.489610e+00) (8.434453e-02 6.410629e-03 -4.790520e-02))
504.92        	((1.133401e+00 -7.068095e+00 -1.225110e+02) (3.882745e-01 5.321892e-01 -2.697791e+00)) ((2.372197e+01 -1.620550e+00 -1.489181e+00) (8.395494e-02 6.532769e-03 -4.798218e-02))
504.93        	((1.121959e+00 -7.013698e+00 -1.220995e+02) (3.853067e-01 5.314917e-01 -2.692171e+00)) ((2.363676e+01 -1.594671e+00 -1.488845e+00) (8.355966e-02 6.661295e-03 -4.805533e-02))
504.94        	((1.112951e+00 -6.958807e+00 -1.216827e+02) (3.823310e-01 5.308257e-01 -2.686478e+00)) ((2.355113e+01 -1.568988e+00 -1.488814e+00) (8.313404e-02 6.786795e-03 -4.813273e-02))
504.95        	((1.110071e+00 -6.904155e+00 -1.212623e+02) (3.793115e-01 5.301879e-01 -2.680653e+00)) ((2.346537e+01 -1.543900e+00 -1.490482e+00) (8.270987e-02 6.918337e-03 -4.819062e-02))
504.96        	((1.112776e+00 -6.849877e+00 -1.208379e+02) (3.762642e-01 5.295815e-01 -2.674697e+00)) ((2.337961e+01 -1.519412e+00 -1.494092e+00) (8.229158e-02 7.071584e-03 -4.823918e-02))
504.97        	((1.113300e+00 -6.795740e+00 -1.204079e+02) (3.732798e-01 5.289892e-01 -2.668854e+00)) ((2.329356e+01 -1.495561e+00 -1.497665e+00) (8.181018e-02 7.182764e-03 -4.829586e-02))
504.98        	((1.119033e+00 -6.741621e+00 -1.199695e+02) (3.702272e-01 5.284206e-01 -2.662902e+00)) ((2.320796e+01 -1.471868e+00 -1.503469e+00) (8.133680e-02 7.318146e-03 -4.831625e-02))
504.99        	((1.127723e+00 -6.687409e+00 -1.195233e+02) (3.672260e-01 5.278855e-01 -2.656966e+00)) ((2.312254e+01 -1.448347e+00 -1.510413e+00) (8.082735e-02 7.437381e-03 -4.833475e-02))
505           	((1.144544e+00 -6.633119e+00 -1.190698e+02) (3.641772e-01 5.273778e-01 -2.650888e+00)) ((2.303758e+01 -1.424786e+00 -1.519720e+00) (8.031946e-02 7.574829e-03 -4.833374e-02))
