# Forces      
# CofR        : (0.000000e+00 0.000000e+00 0.000000e+00)
# Time        forces(pressure viscous)	moments(pressure viscous)
500           	((-2.188668e+00 1.359575e+04 -1.471656e+03) (-5.155838e-05 4.168872e+00 -4.034706e-02)) ((2.664850e+03 6.515468e-01 1.181943e+00) (3.574499e-01 -6.583258e-07 -2.209855e-04))
500.01        	((-7.284842e+00 1.194831e+04 -1.399493e+03) (-2.967739e-03 2.884549e+00 3.622616e-02)) ((2.308745e+03 1.241445e+00 1.538834e+00) (3.811983e-02 6.939697e-04 1.641816e-04))
500.02        	((-1.186499e+01 4.787188e+03 -7.084866e+02) (-6.152371e-03 1.430339e+00 1.176992e-01)) ((8.508606e+02 1.800463e+00 1.446254e+00) (-2.761605e-01 1.506873e-03 9.480226e-04))
500.03        	((-7.987974e+00 -1.843964e+03 -6.859909e+01) (-4.130738e-03 7.456367e-01 1.596167e-01)) ((-5.670339e+02 1.521064e+00 6.865647e-01) (-3.430889e-01 1.654513e-03 1.922665e-03))
500.04        	((1.949987e+00 -3.979033e+03 1.332404e+02) (-1.379452e-03 9.571704e-01 1.263478e-01)) ((-9.748380e+02 -2.754066e-01 -5.664431e-01) (-2.098578e-01 5.141159e-04 1.155873e-04))
500.05        	((9.616809e+00 -2.376991e+03 1.167963e+01) (-8.086630e-03 1.949169e+00 8.789058e-02)) ((-5.423275e+02 -1.880633e+00 -1.154862e+00) (1.143866e-01 3.101760e-03 3.633208e-04))
500.06        	((1.400536e+01 3.215715e+02 -1.935158e+02) (-4.171136e-03 3.222938e+00 5.526899e-02)) ((1.159713e+02 -1.479993e+00 -7.695514e-01) (3.614946e-01 1.605839e-03 -1.023362e-03))
500.07        	((1.210318e+01 2.246036e+03 -3.511010e+02) (-7.106250e-03 3.937637e+00 2.696572e-02)) ((5.541964e+02 7.910213e-01 -2.917182e-01) (4.195673e-01 4.390022e-03 -2.289772e-04))
500.08        	((3.085250e+00 2.785011e+03 -4.131383e+02) (-1.479324e-02 3.948259e+00 3.702384e-02)) ((6.415606e+02 3.120297e+00 -1.975344e-01) (3.191098e-01 4.621699e-03 3.775509e-03))
500.09        	((6.607846e-01 2.292864e+03 -4.043784e+02) (-5.704000e-03 3.495657e+00 9.360822e-02)) ((4.815785e+02 3.637947e+00 1.665555e-02) (1.315805e-01 4.468098e-03 -7.484977e-05))
500.1         	((6.231379e-01 1.481063e+03 -3.655202e+02) (-3.654467e-03 2.922351e+00 1.271655e-01)) ((2.673364e+02 2.085803e+00 -1.734981e-01) (-4.598817e-02 1.153276e-03 -1.020606e-03))
500.11        	((4.079782e+00 8.850033e+02 -3.258020e+02) (1.814411e-03 2.609121e+00 1.314875e-01)) ((1.351061e+02 2.414513e-01 -5.705426e-01) (-1.105082e-01 -4.105399e-04 -1.370505e-03))
500.12        	((8.886329e+00 6.988118e+02 -2.971858e+02) (-4.021786e-03 2.682428e+00 9.452854e-02)) ((1.168245e+02 -3.345984e-01 -8.841976e-01) (-4.224195e-02 -2.258731e-03 -9.998978e-04))
500.13        	((1.135079e+01 8.379637e+02 -2.858386e+02) (-3.654244e-03 3.038275e+00 5.987984e-02)) ((1.732242e+02 6.374581e-02 -7.865065e-01) (7.453618e-02 -2.491718e-03 -1.153816e-03))
500.14        	((9.535614e+00 1.094351e+03 -2.899585e+02) (1.376492e-03 3.423649e+00 3.987094e-02)) ((2.440805e+02 5.879075e-01 -4.580479e-01) (1.647223e-01 -3.657440e-03 5.904854e-05))
500.15        	((6.755793e+00 1.302712e+03 -3.026531e+02) (1.800128e-03 3.698696e+00 3.090575e-02)) ((2.907594e+02 7.018739e-01 -1.589007e-01) (2.048807e-01 -3.132000e-03 3.753997e-04))
500.16        	((5.242877e+00 1.394077e+03 -3.143612e+02) (4.268692e-03 3.835735e+00 3.031047e-02)) ((3.039397e+02 6.149358e-01 -5.699704e-02) (2.028882e-01 -1.907167e-03 3.862633e-04))
500.17        	((5.583440e+00 1.383859e+03 -3.197658e+02) (2.869798e-03 3.891662e+00 3.175189e-02)) ((2.945606e+02 3.510538e-01 -1.359650e-01) (1.877893e-01 -4.658979e-04 -4.561500e-04))
500.18        	((6.666522e+00 1.326346e+03 -3.174922e+02) (3.854666e-03 3.923010e+00 3.154173e-02)) ((2.785860e+02 1.494063e-01 -2.540953e-01) (1.802048e-01 -6.424403e-04 -6.361050e-04))
500.19        	((7.391678e+00 1.273641e+03 -3.112851e+02) (3.280216e-03 3.963992e+00 3.155017e-02)) ((2.674202e+02 4.337076e-02 -3.084880e-01) (1.864313e-01 -1.755959e-03 -2.961855e-06))
500.2         	((7.165990e+00 1.251314e+03 -3.052724e+02) (4.532697e-03 4.028607e+00 2.970291e-02)) ((2.644505e+02 1.099839e-02 -2.626512e-01) (2.005261e-01 -2.921925e-03 8.032977e-04))
500.21        	((6.307683e+00 1.257649e+03 -3.018913e+02) (5.924246e-03 4.103195e+00 2.829416e-02)) ((2.670094e+02 -2.580698e-02 -1.609073e-01) (2.154417e-01 -3.875407e-03 1.827376e-03))
500.22        	((5.183227e+00 1.277995e+03 -3.009311e+02) (7.076141e-03 4.175327e+00 2.595492e-02)) ((2.707523e+02 -4.925664e-02 -7.501214e-02) (2.264845e-01 -4.565349e-03 2.563483e-03))
500.23        	((4.419945e+00 1.298031e+03 -3.009942e+02) (7.565973e-03 4.233605e+00 2.357446e-02)) ((2.727133e+02 -7.022450e-02 -2.469571e-04) (2.321487e-01 -5.201851e-03 3.492341e-03))
500.24        	((4.092458e+00 1.310771e+03 -3.007559e+02) (8.099930e-03 4.271875e+00 2.072908e-02)) ((2.721677e+02 -8.971290e-02 3.672894e-02) (2.320909e-01 -5.660338e-03 4.209140e-03))
500.25        	((3.888498e+00 1.316686e+03 -2.998591e+02) (8.735368e-03 4.291041e+00 1.835768e-02)) ((2.702034e+02 -3.099913e-02 4.226261e-02) (2.273546e-01 -6.097290e-03 4.573632e-03))
500.26        	((3.644757e+00 1.318832e+03 -2.982765e+02) (9.713740e-03 4.296187e+00 1.596019e-02)) ((2.678509e+02 1.113900e-01 3.348380e-02) (2.194467e-01 -6.447851e-03 4.882368e-03))
500.27        	((3.318261e+00 1.320013e+03 -2.962960e+02) (1.013309e-02 4.292965e+00 1.423120e-02)) ((2.657218e+02 2.959047e-01 2.318311e-02) (2.094315e-01 -6.570834e-03 5.346632e-03))
500.28        	((2.928625e+00 1.321354e+03 -2.941663e+02) (1.066583e-02 4.288180e+00 1.443726e-02)) ((2.638816e+02 4.706347e-01 7.190911e-03) (1.990535e-01 -6.633907e-03 5.489059e-03))
500.29        	((2.492006e+00 1.323098e+03 -2.920203e+02) (1.118439e-02 4.282246e+00 1.618030e-02)) ((2.622387e+02 5.703760e-01 3.828144e-03) (1.880269e-01 -6.558382e-03 5.538824e-03))
500.3         	((2.073560e+00 1.325197e+03 -2.899298e+02) (1.159910e-02 4.274472e+00 1.932446e-02)) ((2.606799e+02 6.000422e-01 1.746196e-02) (1.764745e-01 -6.437428e-03 5.789197e-03))
500.31        	((1.575120e+00 1.327597e+03 -2.879303e+02) (1.245601e-02 4.262217e+00 2.367681e-02)) ((2.590669e+02 5.974140e-01 2.595579e-02) (1.639416e-01 -6.222294e-03 5.832926e-03))
500.32        	((9.947266e-01 1.330265e+03 -2.860000e+02) (1.245251e-02 4.244909e+00 2.791358e-02)) ((2.573160e+02 6.161012e-01 2.758641e-02) (1.502130e-01 -5.985674e-03 5.640378e-03))
500.33        	((2.853580e-01 1.332550e+03 -2.836943e+02) (1.179581e-02 4.225614e+00 3.173294e-02)) ((2.551769e+02 6.000958e-01 2.413502e-02) (1.363470e-01 -5.169055e-03 5.235479e-03))
500.34        	((-3.533624e-01 1.335158e+03 -2.814375e+02) (1.075767e-02 4.206765e+00 3.545244e-02)) ((2.531645e+02 6.651168e-01 1.429498e-02) (1.227462e-01 -5.067576e-03 5.185739e-03))
500.35        	((-1.006097e+00 1.338261e+03 -2.794987e+02) (1.043792e-02 4.189340e+00 3.783377e-02)) ((2.515515e+02 6.924285e-01 -2.089239e-02) (1.098576e-01 -4.692626e-03 4.727901e-03))
500.36        	((-1.608831e+00 1.341376e+03 -2.778721e+02) (1.047189e-02 4.172039e+00 4.051229e-02)) ((2.503017e+02 6.855893e-01 -6.453192e-02) (9.863550e-02 -4.117075e-03 4.145906e-03))
500.37        	((-2.053979e+00 1.344039e+03 -2.764141e+02) (9.314764e-03 4.156555e+00 4.251081e-02)) ((2.491543e+02 7.208289e-01 -9.312409e-02) (8.772598e-02 -4.337387e-03 4.120272e-03))
500.38        	((-2.547313e+00 1.346098e+03 -2.749435e+02) (9.276567e-03 4.142621e+00 4.313391e-02)) ((2.479600e+02 6.900960e-01 -1.268543e-01) (7.718180e-02 -3.994112e-03 3.597420e-03))
500.39        	((-3.088198e+00 1.347679e+03 -2.734480e+02) (9.170255e-03 4.127836e+00 4.375038e-02)) ((2.466976e+02 6.427459e-01 -1.645077e-01) (6.771221e-02 -3.604279e-03 3.049239e-03))
500.4         	((-3.554005e+00 1.349167e+03 -2.719192e+02) (8.326998e-03 4.113715e+00 4.422957e-02)) ((2.453684e+02 6.283831e-01 -1.993562e-01) (5.862801e-02 -3.552087e-03 2.799150e-03))
500.41        	((-3.964524e+00 1.350850e+03 -2.703916e+02) (7.334383e-03 4.098799e+00 4.470350e-02)) ((2.440877e+02 6.224767e-01 -2.336922e-01) (5.010709e-02 -3.235125e-03 2.554104e-03))
500.42        	((-4.345120e+00 1.352870e+03 -2.688506e+02) (6.957058e-03 4.084902e+00 4.519043e-02)) ((2.429305e+02 5.644656e-01 -2.673413e-01) (4.217115e-02 -2.813937e-03 2.138731e-03))
500.43        	((-4.643736e+00 1.355093e+03 -2.673064e+02) (5.700190e-03 4.072079e+00 4.621338e-02)) ((2.419439e+02 5.084900e-01 -2.894209e-01) (3.506603e-02 -2.462085e-03 1.665664e-03))
500.44        	((-4.863803e+00 1.357270e+03 -2.657172e+02) (4.364512e-03 4.060935e+00 4.805822e-02)) ((2.411072e+02 4.542766e-01 -3.016223e-01) (2.920782e-02 -2.107454e-03 1.342376e-03))
500.45        	((-5.070458e+00 1.359281e+03 -2.640877e+02) (3.137926e-03 4.051560e+00 5.056480e-02)) ((2.403336e+02 3.915724e-01 -3.124415e-01) (2.388907e-02 -1.665611e-03 1.060758e-03))
500.46        	((-5.262947e+00 1.360977e+03 -2.624060e+02) (2.136110e-03 4.047081e+00 5.355666e-02)) ((2.395655e+02 3.312962e-01 -3.253324e-01) (2.063582e-02 -1.378184e-03 8.495712e-04))
500.47        	((-5.415376e+00 1.362373e+03 -2.607328e+02) (1.113256e-03 4.043149e+00 5.683301e-02)) ((2.387630e+02 2.815639e-01 -3.355893e-01) (1.785205e-02 -1.352643e-03 7.742230e-04))
500.48        	((-5.600303e+00 1.363644e+03 -2.590736e+02) (3.120308e-05 4.039821e+00 6.097583e-02)) ((2.379260e+02 2.123969e-01 -3.459323e-01) (1.523089e-02 -1.005051e-03 6.292806e-04))
500.49        	((-5.769491e+00 1.364899e+03 -2.574934e+02) (-1.372560e-03 4.035745e+00 6.589961e-02)) ((2.370983e+02 1.569652e-01 -3.503010e-01) (1.261520e-02 -7.637214e-04 5.763450e-04))
500.5         	((-5.922404e+00 1.366188e+03 -2.559793e+02) (-2.693753e-03 4.031926e+00 7.099102e-02)) ((2.363078e+02 1.077087e-01 -3.501348e-01) (1.025469e-02 -4.558389e-04 5.275960e-04))
500.51        	((-6.052437e+00 1.367457e+03 -2.545660e+02) (-3.778009e-03 4.027989e+00 7.622058e-02)) ((2.355634e+02 5.466672e-02 -3.476913e-01) (7.891271e-03 -1.786992e-04 4.311512e-04))
500.52        	((-6.168051e+00 1.368619e+03 -2.532233e+02) (-4.780066e-03 4.024988e+00 8.131964e-02)) ((2.348587e+02 5.938823e-03 -3.463839e-01) (5.802163e-03 5.706050e-05 3.291326e-04))
500.53        	((-6.284676e+00 1.369582e+03 -2.519586e+02) (-5.778362e-03 4.022547e+00 8.583826e-02)) ((2.341592e+02 -2.951674e-02 -3.456984e-01) (3.971654e-03 2.554107e-04 2.758916e-04))
500.54        	((-6.425335e+00 1.370273e+03 -2.507523e+02) (-6.517757e-03 4.020528e+00 9.205403e-02)) ((2.334258e+02 -5.015413e-02 -3.443877e-01) (2.776448e-03 5.323495e-04 2.166011e-04))
500.55        	((-6.609153e+00 1.370803e+03 -2.495939e+02) (-7.593829e-03 4.019276e+00 9.454529e-02)) ((2.326410e+02 -6.466403e-02 -3.420567e-01) (1.179193e-03 5.944552e-04 1.574476e-04))
500.56        	((-6.784702e+00 1.371217e+03 -2.484863e+02) (-8.425453e-03 4.017841e+00 9.834172e-02)) ((2.318155e+02 -7.562977e-02 -3.355038e-01) (-1.285567e-04 6.952274e-04 7.032202e-05))
500.57        	((-6.912365e+00 1.371615e+03 -2.474540e+02) (-8.847499e-03 4.017382e+00 1.012573e-01)) ((2.309915e+02 -7.394686e-02 -3.296177e-01) (-1.967880e-03 8.840922e-04 1.796780e-04))
500.58        	((-7.016290e+00 1.372016e+03 -2.464918e+02) (-9.233620e-03 4.016431e+00 1.047585e-01)) ((2.302004e+02 -6.664335e-02 -3.215400e-01) (-3.409253e-03 1.075285e-03 1.025449e-04))
500.59        	((-7.101536e+00 1.372450e+03 -2.456159e+02) (-1.000450e-02 4.015431e+00 1.070694e-01)) ((2.294620e+02 -4.657298e-02 -3.126028e-01) (-4.997387e-03 1.219975e-03 1.245609e-04))
500.6         	((-7.197676e+00 1.372858e+03 -2.448020e+02) (-1.077019e-02 4.014666e+00 1.094895e-01)) ((2.287724e+02 -2.048815e-02 -3.048409e-01) (-6.350389e-03 1.359855e-03 1.756525e-04))
500.61        	((-7.286786e+00 1.373203e+03 -2.440643e+02) (-1.153092e-02 4.013611e+00 1.130289e-01)) ((2.281180e+02 1.925813e-02 -3.002263e-01) (-7.651828e-03 1.506174e-03 3.095118e-04))
500.62        	((-7.373469e+00 1.373507e+03 -2.433450e+02) (-1.252487e-02 4.014246e+00 1.135668e-01)) ((2.274818e+02 7.171667e-02 -3.015002e-01) (-9.101511e-03 1.677825e-03 3.671940e-04))
500.63        	((-7.413082e+00 1.373756e+03 -2.426848e+02) (-1.316611e-02 4.014629e+00 1.150772e-01)) ((2.268679e+02 1.162956e-01 -3.015345e-01) (-1.010260e-02 1.780729e-03 4.120245e-04))
500.64        	((-7.413048e+00 1.373956e+03 -2.420635e+02) (-1.365210e-02 4.015486e+00 1.174804e-01)) ((2.262789e+02 1.449295e-01 -2.990844e-01) (-1.064774e-02 1.724841e-03 4.831013e-04))
500.65        	((-7.395561e+00 1.374179e+03 -2.414979e+02) (-1.412074e-02 4.016397e+00 1.181742e-01)) ((2.257288e+02 1.865668e-01 -3.010383e-01) (-1.146275e-02 1.759658e-03 4.990310e-04))
500.66        	((-7.340341e+00 1.374434e+03 -2.409541e+02) (-1.421947e-02 4.016167e+00 1.196170e-01)) ((2.252213e+02 2.456464e-01 -3.057695e-01) (-1.166487e-02 1.888433e-03 8.989277e-04))
500.67        	((-7.339535e+00 1.374692e+03 -2.404831e+02) (-1.533617e-02 4.017965e+00 1.211775e-01)) ((2.247546e+02 3.148159e-01 -3.217971e-01) (-1.275912e-02 1.816303e-03 7.297235e-04))
500.68        	((-7.379810e+00 1.374999e+03 -2.399964e+02) (-1.591033e-02 4.019592e+00 1.216998e-01)) ((2.243271e+02 3.771993e-01 -3.392136e-01) (-1.349203e-02 1.672336e-03 9.298837e-04))
500.69        	((-7.422778e+00 1.375302e+03 -2.396005e+02) (-1.715031e-02 4.020856e+00 1.230074e-01)) ((2.239362e+02 4.586393e-01 -3.692856e-01) (-1.455467e-02 1.646261e-03 6.551370e-04))
500.7         	((-7.474305e+00 1.375623e+03 -2.391576e+02) (-1.741192e-02 4.022591e+00 1.237231e-01)) ((2.235833e+02 5.178915e-01 -3.850484e-01) (-1.509115e-02 1.541108e-03 8.470859e-04))
500.71        	((-7.510341e+00 1.375891e+03 -2.387851e+02) (-1.809906e-02 4.023512e+00 1.245999e-01)) ((2.232543e+02 5.857089e-01 -4.166206e-01) (-1.600638e-02 1.615648e-03 7.782103e-04))
500.72        	((-7.556282e+00 1.376133e+03 -2.384075e+02) (-1.848591e-02 4.024470e+00 1.253543e-01)) ((2.229541e+02 6.411948e-01 -4.397954e-01) (-1.675547e-02 1.661306e-03 8.259191e-04))
500.73        	((-7.623723e+00 1.376369e+03 -2.380587e+02) (-1.914344e-02 4.025112e+00 1.260674e-01)) ((2.226838e+02 7.075611e-01 -4.623441e-01) (-1.755028e-02 1.735777e-03 7.572202e-04))
500.74        	((-7.731829e+00 1.376612e+03 -2.376885e+02) (-1.929695e-02 4.026356e+00 1.267105e-01)) ((2.224348e+02 7.675071e-01 -4.776944e-01) (-1.804059e-02 1.739644e-03 8.695584e-04))
500.75        	((-7.846419e+00 1.376871e+03 -2.373532e+02) (-2.006319e-02 4.026881e+00 1.275807e-01)) ((2.222050e+02 8.503917e-01 -5.038117e-01) (-1.877404e-02 1.749985e-03 6.314543e-04))
500.76        	((-8.012892e+00 1.377158e+03 -2.369948e+02) (-1.981161e-02 4.028007e+00 1.282500e-01)) ((2.220007e+02 9.073607e-01 -5.164189e-01) (-1.931286e-02 1.779446e-03 9.602285e-04))
500.77        	((-8.180645e+00 1.377429e+03 -2.366656e+02) (-2.055234e-02 4.028482e+00 1.288086e-01)) ((2.218125e+02 9.887280e-01 -5.500090e-01) (-2.008475e-02 1.861406e-03 8.028964e-04))
500.78        	((-8.409833e+00 1.377684e+03 -2.363631e+02) (-2.059437e-02 4.029015e+00 1.295477e-01)) ((2.216459e+02 1.056953e+00 -5.729293e-01) (-2.077188e-02 1.935123e-03 9.198805e-04))
500.79        	((-8.656531e+00 1.377948e+03 -2.360448e+02) (-2.129864e-02 4.029508e+00 1.298657e-01)) ((2.214986e+02 1.151755e+00 -6.063680e-01) (-2.148339e-02 1.977104e-03 5.943791e-04))
500.8         	((-8.937328e+00 1.378063e+03 -2.357585e+02) (-2.106156e-02 4.030521e+00 1.303407e-01)) ((2.214147e+02 1.219809e+00 -6.218084e-01) (-2.193301e-02 2.026873e-03 8.832619e-04))
500.81        	((-9.232789e+00 1.378199e+03 -2.354895e+02) (-2.207232e-02 4.030140e+00 1.305520e-01)) ((2.213197e+02 1.324969e+00 -6.601768e-01) (-2.306862e-02 2.149335e-03 4.512958e-04))
500.82        	((-9.664701e+00 1.378477e+03 -2.351927e+02) (-2.154263e-02 4.031395e+00 1.309871e-01)) ((2.212084e+02 1.399951e+00 -6.720080e-01) (-2.360089e-02 2.251772e-03 9.762249e-04))
500.83        	((-1.014030e+01 1.378803e+03 -2.348653e+02) (-2.229478e-02 4.030942e+00 1.303622e-01)) ((2.210524e+02 1.500660e+00 -7.162437e-01) (-2.508189e-02 2.498876e-03 7.996982e-04))
500.84        	((-1.068261e+01 1.379139e+03 -2.346183e+02) (-2.251138e-02 4.031984e+00 1.312757e-01)) ((2.209134e+02 1.596557e+00 -7.509828e-01) (-2.571303e-02 2.644076e-03 5.946829e-04))
500.85        	((-1.129572e+01 1.379458e+03 -2.343225e+02) (-2.247787e-02 4.032172e+00 1.307497e-01)) ((2.207854e+02 1.682440e+00 -7.763084e-01) (-2.700677e-02 2.866867e-03 6.507364e-04))
500.86        	((-1.196373e+01 1.379715e+03 -2.341555e+02) (-2.231183e-02 4.032513e+00 1.318143e-01)) ((2.206905e+02 1.754984e+00 -8.014676e-01) (-2.785734e-02 3.184054e-03 1.023668e-03))
500.87        	((-1.265742e+01 1.379977e+03 -2.339212e+02) (-2.296631e-02 4.032049e+00 1.308023e-01)) ((2.206043e+02 1.830028e+00 -8.390876e-01) (-2.948660e-02 3.555589e-03 6.120076e-04))
500.88        	((-1.340272e+01 1.380186e+03 -2.337937e+02) (-2.356002e-02 4.032464e+00 1.319819e-01)) ((2.205210e+02 1.906117e+00 -8.518837e-01) (-3.034496e-02 3.920821e-03 1.297736e-04))
500.89        	((-1.424322e+01 1.380416e+03 -2.336078e+02) (-2.292389e-02 4.032772e+00 1.313087e-01)) ((2.204234e+02 1.961425e+00 -8.414783e-01) (-3.160887e-02 4.336802e-03 6.495996e-04))
500.9         	((-1.508403e+01 1.380623e+03 -2.334320e+02) (-2.281776e-02 4.034112e+00 1.316202e-01)) ((2.203244e+02 2.015806e+00 -8.620965e-01) (-3.219830e-02 4.742144e-03 5.680036e-04))
500.91        	((-1.596623e+01 1.380808e+03 -2.333164e+02) (-2.245412e-02 4.031646e+00 1.310491e-01)) ((2.202182e+02 2.052657e+00 -8.828982e-01) (-3.444706e-02 5.174418e-03 6.718267e-04))
500.92        	((-1.688116e+01 1.381087e+03 -2.331293e+02) (-2.221694e-02 4.033836e+00 1.314035e-01)) ((2.201539e+02 2.083943e+00 -9.037904e-01) (-3.448215e-02 5.686869e-03 4.865031e-04))
500.93        	((-1.784238e+01 1.381272e+03 -2.330779e+02) (-2.221913e-02 4.032275e+00 1.313683e-01)) ((2.200685e+02 2.118785e+00 -9.092775e-01) (-3.607591e-02 6.147406e-03 1.682900e-04))
500.94        	((-1.887352e+01 1.381509e+03 -2.329911e+02) (-2.148974e-02 4.033266e+00 1.312112e-01)) ((2.200098e+02 2.118415e+00 -8.855039e-01) (-3.652057e-02 6.668776e-03 6.334034e-04))
500.95        	((-1.989240e+01 1.381710e+03 -2.329085e+02) (-2.100574e-02 4.031978e+00 1.301758e-01)) ((2.199302e+02 2.123498e+00 -8.875156e-01) (-3.813529e-02 7.089339e-03 4.302714e-04))
500.96        	((-2.108825e+01 1.382066e+03 -2.329516e+02) (-1.975632e-02 4.030904e+00 1.313258e-01)) ((2.198236e+02 2.091660e+00 -8.633742e-01) (-3.949134e-02 7.531244e-03 1.069619e-03))
500.97        	((-2.232373e+01 1.382490e+03 -2.329462e+02) (-1.997562e-02 4.031751e+00 1.303579e-01)) ((2.197260e+02 2.025453e+00 -8.391184e-01) (-4.053634e-02 8.089338e-03 5.969926e-04))
500.98        	((-2.353527e+01 1.382779e+03 -2.330247e+02) (-1.966702e-02 4.031755e+00 1.300100e-01)) ((2.196529e+02 1.950992e+00 -8.001032e-01) (-4.167404e-02 8.590124e-03 7.164759e-04))
500.99        	((-2.468172e+01 1.383028e+03 -2.330129e+02) (-1.876932e-02 4.031292e+00 1.284425e-01)) ((2.196170e+02 1.873292e+00 -7.701181e-01) (-4.323044e-02 8.999836e-03 2.768693e-04))
501           	((-2.580227e+01 1.383238e+03 -2.331693e+02) (-1.907737e-02 4.030630e+00 1.297456e-01)) ((2.196114e+02 1.792312e+00 -7.312473e-01) (-4.414125e-02 9.456282e-03 -7.264212e-04))
501.01        	((-2.694394e+01 1.383562e+03 -2.333370e+02) (-1.709618e-02 4.031624e+00 1.286634e-01)) ((2.196030e+02 1.681907e+00 -6.671956e-01) (-4.496663e-02 9.873382e-03 -1.825822e-05))
501.02        	((-2.812291e+01 1.383926e+03 -2.335935e+02) (-1.543109e-02 4.030590e+00 1.290184e-01)) ((2.195672e+02 1.524834e+00 -6.208997e-01) (-4.615593e-02 1.029833e-02 9.797432e-05))
501.03        	((-2.933574e+01 1.384435e+03 -2.337758e+02) (-1.539056e-02 4.027496e+00 1.280054e-01)) ((2.195244e+02 1.350282e+00 -5.747003e-01) (-4.822515e-02 1.091903e-02 -5.291372e-04))
501.04        	((-3.057096e+01 1.384948e+03 -2.341779e+02) (-1.745397e-02 4.022822e+00 1.290676e-01)) ((2.194846e+02 1.165242e+00 -5.000629e-01) (-4.821025e-02 1.062743e-02 -1.185211e-03))
501.05        	((-3.185721e+01 1.385522e+03 -2.345745e+02) (-1.151376e-02 4.025641e+00 1.281757e-01)) ((2.194627e+02 9.589800e-01 -3.935706e-01) (-4.920724e-02 1.126637e-02 -8.543263e-04))
501.06        	((-3.294110e+01 1.386087e+03 -2.350537e+02) (-6.195453e-03 4.024620e+00 1.297550e-01)) ((2.194393e+02 7.025912e-01 -3.143995e-01) (-5.029480e-02 1.161933e-02 6.269935e-05))
501.07        	((-3.388138e+01 1.386759e+03 -2.355137e+02) (-3.645068e-03 4.025222e+00 1.290083e-01)) ((2.194177e+02 4.255279e-01 -2.576449e-01) (-5.147573e-02 1.187986e-02 -1.261108e-03))
501.08        	((-3.475345e+01 1.387455e+03 -2.359139e+02) (-1.023422e-03 4.027759e+00 1.304036e-01)) ((2.193939e+02 1.336904e-01 -1.533084e-01) (-5.125644e-02 1.222694e-02 -1.299184e-03))
501.09        	((-3.551785e+01 1.388119e+03 -2.363697e+02) (9.461497e-04 4.027575e+00 1.311293e-01)) ((2.193527e+02 -1.599366e-01 -3.509528e-02) (-5.239383e-02 1.258198e-02 -1.894823e-03))
501.1         	((-3.621584e+01 1.388772e+03 -2.367367e+02) (4.008387e-03 4.030612e+00 1.317153e-01)) ((2.193232e+02 -4.913777e-01 1.057578e-01) (-5.239785e-02 1.277634e-02 -1.734350e-03))
501.11        	((-3.675923e+01 1.389296e+03 -2.371717e+02) (6.231402e-03 4.030723e+00 1.322245e-01)) ((2.192649e+02 -8.501458e-01 2.252099e-01) (-5.368490e-02 1.299994e-02 -1.940406e-03))
501.12        	((-3.716785e+01 1.389982e+03 -2.375161e+02) (8.340481e-03 4.033998e+00 1.339710e-01)) ((2.192462e+02 -1.230214e+00 3.524691e-01) (-5.351958e-02 1.318846e-02 -2.192549e-03))
501.13        	((-3.744050e+01 1.390641e+03 -2.380361e+02) (1.086421e-02 4.031258e+00 1.360918e-01)) ((2.191896e+02 -1.636482e+00 4.999125e-01) (-5.594726e-02 1.326185e-02 -2.506352e-03))
501.14        	((-3.754189e+01 1.391426e+03 -2.384455e+02) (1.201899e-02 4.037502e+00 1.376423e-01)) ((2.191521e+02 -2.074998e+00 6.607807e-01) (-5.483441e-02 1.344114e-02 -2.414008e-03))
501.15        	((-3.752112e+01 1.391958e+03 -2.388507e+02) (1.403854e-02 4.037007e+00 1.391400e-01)) ((2.190573e+02 -2.546246e+00 8.185323e-01) (-5.631812e-02 1.352180e-02 -2.752979e-03))
501.16        	((-3.732904e+01 1.392549e+03 -2.390796e+02) (1.684629e-02 4.041039e+00 1.405635e-01)) ((2.189854e+02 -3.058019e+00 9.777473e-01) (-5.603500e-02 1.326300e-02 -2.637935e-03))
501.17        	((-3.692587e+01 1.393105e+03 -2.393963e+02) (1.987482e-02 4.041875e+00 1.418622e-01)) ((2.188867e+02 -3.636646e+00 1.151611e+00) (-5.738280e-02 1.308467e-02 -2.661040e-03))
501.18        	((-3.608049e+01 1.393847e+03 -2.396814e+02) (1.913250e-02 4.039832e+00 1.458682e-01)) ((2.188008e+02 -4.306654e+00 1.364883e+00) (-5.668077e-02 1.207885e-02 -2.674896e-03))
501.19        	((-3.500828e+01 1.394593e+03 -2.401017e+02) (2.531782e-02 4.044658e+00 1.440889e-01)) ((2.186955e+02 -5.019237e+00 1.598885e+00) (-5.909609e-02 1.198150e-02 -2.597341e-03))
501.2         	((-3.392487e+01 1.395455e+03 -2.402672e+02) (2.941237e-02 4.049037e+00 1.446402e-01)) ((2.186448e+02 -5.733964e+00 1.813266e+00) (-5.951141e-02 1.159358e-02 -2.925588e-03))
501.21        	((-3.277458e+01 1.396206e+03 -2.405651e+02) (3.274808e-02 4.046814e+00 1.461186e-01)) ((2.186050e+02 -6.424967e+00 2.014378e+00) (-6.155795e-02 1.081783e-02 -3.612900e-03))
501.22        	((-3.157656e+01 1.397210e+03 -2.407315e+02) (3.684857e-02 4.051416e+00 1.461390e-01)) ((2.186057e+02 -7.160061e+00 2.237414e+00) (-6.144637e-02 1.033456e-02 -3.247791e-03))
501.23        	((-3.024689e+01 1.398103e+03 -2.411099e+02) (3.820441e-02 4.044679e+00 1.469909e-01)) ((2.185907e+02 -7.854146e+00 2.426960e+00) (-6.478573e-02 9.543084e-03 -6.029839e-03))
501.24        	((-2.891990e+01 1.399158e+03 -2.415148e+02) (4.473728e-02 4.051316e+00 1.456549e-01)) ((2.186278e+02 -8.560672e+00 2.606487e+00) (-6.263043e-02 9.726940e-03 -3.850900e-03))
501.25        	((-2.769567e+01 1.400300e+03 -2.417486e+02) (4.887464e-02 4.053284e+00 1.448106e-01)) ((2.186465e+02 -9.330310e+00 2.811702e+00) (-6.530443e-02 8.070416e-03 -3.215714e-03))
501.26        	((-2.637444e+01 1.401597e+03 -2.418779e+02) (5.190685e-02 4.056648e+00 1.442539e-01)) ((2.187040e+02 -1.004333e+01 2.966632e+00) (-6.550338e-02 7.077049e-03 -3.567851e-03))
501.27        	((-2.502913e+01 1.402984e+03 -2.420834e+02) (5.500399e-02 4.054583e+00 1.421702e-01)) ((2.187738e+02 -1.072083e+01 3.140817e+00) (-6.609419e-02 5.087653e-03 -3.634596e-03))
501.28        	((-2.369741e+01 1.404562e+03 -2.422155e+02) (6.024130e-02 4.058188e+00 1.410294e-01)) ((2.188914e+02 -1.136841e+01 3.296769e+00) (-6.705771e-02 5.062254e-03 -3.801767e-03))
501.29        	((-2.246737e+01 1.406194e+03 -2.424282e+02) (6.435172e-02 4.057421e+00 1.388790e-01)) ((2.190101e+02 -1.199610e+01 3.453294e+00) (-7.002694e-02 3.876306e-03 -3.759816e-03))
501.3         	((-2.125719e+01 1.408009e+03 -2.424965e+02) (6.683874e-02 4.060163e+00 1.370774e-01)) ((2.191950e+02 -1.256037e+01 3.585414e+00) (-6.910924e-02 2.143903e-03 -4.249627e-03))
501.31        	((-2.021699e+01 1.409571e+03 -2.426246e+02) (7.053101e-02 4.059296e+00 1.351850e-01)) ((2.193632e+02 -1.305099e+01 3.677792e+00) (-7.247180e-02 2.047654e-03 -3.457740e-03))
501.32        	((-1.924612e+01 1.411202e+03 -2.426134e+02) (7.396307e-02 4.062937e+00 1.334202e-01)) ((2.195939e+02 -1.346598e+01 3.730642e+00) (-7.214795e-02 8.984967e-04 -4.185325e-03))
501.33        	((-1.835937e+01 1.412815e+03 -2.427647e+02) (7.751185e-02 4.059745e+00 1.314652e-01)) ((2.197994e+02 -1.387865e+01 3.798101e+00) (-7.467802e-02 3.072541e-05 -3.358165e-03))
501.34        	((-1.742123e+01 1.414569e+03 -2.427388e+02) (7.853576e-02 4.064155e+00 1.297217e-01)) ((2.200496e+02 -1.432574e+01 3.901239e+00) (-7.339546e-02 -1.024420e-03 -4.065148e-03))
501.35        	((-1.652553e+01 1.416221e+03 -2.426365e+02) (8.085139e-02 4.064341e+00 1.281424e-01)) ((2.202604e+02 -1.474388e+01 3.998864e+00) (-7.528864e-02 -1.229306e-03 -4.119741e-03))
501.36        	((-1.578427e+01 1.417876e+03 -2.424402e+02) (8.364985e-02 4.067239e+00 1.269653e-01)) ((2.204951e+02 -1.505376e+01 4.063082e+00) (-7.532607e-02 -2.013555e-03 -4.081141e-03))
501.37        	((-1.514903e+01 1.419322e+03 -2.422693e+02) (8.586523e-02 4.066804e+00 1.251648e-01)) ((2.207326e+02 -1.529537e+01 4.088702e+00) (-7.683078e-02 -2.606437e-03 -4.497572e-03))
501.38        	((-1.453260e+01 1.420481e+03 -2.419949e+02) (8.785800e-02 4.070281e+00 1.245822e-01)) ((2.209990e+02 -1.559739e+01 4.150931e+00) (-7.671425e-02 -3.208336e-03 -4.044992e-03))
501.39        	((-1.393976e+01 1.421294e+03 -2.416133e+02) (8.856406e-02 4.069119e+00 1.222530e-01)) ((2.212121e+02 -1.586926e+01 4.191749e+00) (-7.883995e-02 -3.422176e-03 -3.593408e-03))
501.4         	((-1.337451e+01 1.421890e+03 -2.411042e+02) (9.055479e-02 4.072822e+00 1.221958e-01)) ((2.214143e+02 -1.614577e+01 4.255101e+00) (-7.845396e-02 -4.003073e-03 -3.690852e-03))
501.41        	((-1.285475e+01 1.422279e+03 -2.405409e+02) (9.128000e-02 4.072905e+00 1.215305e-01)) ((2.216245e+02 -1.634152e+01 4.285676e+00) (-7.961890e-02 -4.467774e-03 -4.722936e-03))
501.42        	((-1.235587e+01 1.422448e+03 -2.399717e+02) (9.448854e-02 4.071962e+00 1.217809e-01)) ((2.218211e+02 -1.660355e+01 4.379055e+00) (-8.110953e-02 -5.050383e-03 -2.008788e-03))
501.43        	((-1.180814e+01 1.422559e+03 -2.394622e+02) (9.268976e-02 4.073442e+00 1.211539e-01)) ((2.220227e+02 -1.692580e+01 4.434407e+00) (-8.172651e-02 -5.137358e-03 -4.909413e-03))
501.44        	((-1.122112e+01 1.422546e+03 -2.386732e+02) (9.280631e-02 4.077567e+00 1.198946e-01)) ((2.221812e+02 -1.723350e+01 4.545144e+00) (-8.191061e-02 -5.299190e-03 -3.673219e-03))
501.45        	((-1.085293e+01 1.422297e+03 -2.379136e+02) (9.553773e-02 4.076195e+00 1.208604e-01)) ((2.222810e+02 -1.754291e+01 4.640825e+00) (-8.326054e-02 -5.887237e-03 -2.460195e-03))
501.46        	((-1.052422e+01 1.422156e+03 -2.369832e+02) (9.440005e-02 4.080795e+00 1.211586e-01)) ((2.223981e+02 -1.782837e+01 4.700812e+00) (-8.301393e-02 -5.856397e-03 -3.318963e-03))
501.47        	((-1.025898e+01 1.421962e+03 -2.360698e+02) (9.406547e-02 4.080538e+00 1.224947e-01)) ((2.224957e+02 -1.806128e+01 4.765646e+00) (-8.407918e-02 -5.994518e-03 -4.105721e-03))
501.48        	((-9.965021e+00 1.421902e+03 -2.350078e+02) (9.391892e-02 4.082994e+00 1.227713e-01)) ((2.226015e+02 -1.832400e+01 4.869225e+00) (-8.471669e-02 -5.944191e-03 -3.221676e-03))
501.49        	((-9.703188e+00 1.421748e+03 -2.340905e+02) (9.392118e-02 4.083395e+00 1.243279e-01)) ((2.226576e+02 -1.857751e+01 4.928476e+00) (-8.543815e-02 -6.012390e-03 -3.891918e-03))
501.5         	((-9.471738e+00 1.421740e+03 -2.331335e+02) (9.334863e-02 4.086183e+00 1.256513e-01)) ((2.227060e+02 -1.886769e+01 5.006374e+00) (-8.579588e-02 -5.976025e-03 -3.248913e-03))
501.51        	((-9.350787e+00 1.421815e+03 -2.323443e+02) (9.329168e-02 4.086577e+00 1.275595e-01)) ((2.227345e+02 -1.914118e+01 5.057700e+00) (-8.661483e-02 -6.038711e-03 -3.327469e-03))
501.52        	((-9.242803e+00 1.422075e+03 -2.315808e+02) (9.208337e-02 4.087835e+00 1.293258e-01)) ((2.227690e+02 -1.942089e+01 5.114515e+00) (-8.744589e-02 -5.859560e-03 -3.154107e-03))
501.53        	((-9.203008e+00 1.422363e+03 -2.310332e+02) (9.131645e-02 4.087045e+00 1.317981e-01)) ((2.227928e+02 -1.966926e+01 5.162580e+00) (-8.841138e-02 -5.820004e-03 -3.905127e-03))
501.54        	((-9.155539e+00 1.422754e+03 -2.305117e+02) (9.003261e-02 4.089636e+00 1.333563e-01)) ((2.228213e+02 -1.993664e+01 5.228193e+00) (-8.841420e-02 -5.477751e-03 -3.223861e-03))
501.55        	((-9.135582e+00 1.423077e+03 -2.302486e+02) (8.862953e-02 4.088378e+00 1.354505e-01)) ((2.228039e+02 -2.017917e+01 5.250147e+00) (-8.902370e-02 -5.382352e-03 -4.030273e-03))
501.56        	((-9.113110e+00 1.423536e+03 -2.300096e+02) (8.753908e-02 4.089241e+00 1.369442e-01)) ((2.227695e+02 -2.046220e+01 5.287255e+00) (-8.832335e-02 -5.073208e-03 -3.733277e-03))
501.57        	((-9.068816e+00 1.423965e+03 -2.299810e+02) (8.734555e-02 4.088762e+00 1.388690e-01)) ((2.226995e+02 -2.069734e+01 5.291404e+00) (-8.896435e-02 -4.600785e-03 -4.156712e-03))
501.58        	((-8.964455e+00 1.424457e+03 -2.299527e+02) (8.663231e-02 4.089436e+00 1.400390e-01)) ((2.226228e+02 -2.094124e+01 5.312792e+00) (-8.864838e-02 -3.868351e-03 -3.718697e-03))
501.59        	((-8.824629e+00 1.424868e+03 -2.300657e+02) (8.610068e-02 4.088047e+00 1.412743e-01)) ((2.225206e+02 -2.112152e+01 5.308484e+00) (-8.813638e-02 -3.215498e-03 -3.659588e-03))
501.6         	((-8.609590e+00 1.425269e+03 -2.301550e+02) (8.428761e-02 4.088516e+00 1.423233e-01)) ((2.224242e+02 -2.130061e+01 5.301247e+00) (-8.854949e-02 -2.837263e-03 -3.453751e-03))
501.61        	((-8.301542e+00 1.425585e+03 -2.303678e+02) (8.207871e-02 4.085250e+00 1.436093e-01)) ((2.223405e+02 -2.139230e+01 5.258843e+00) (-8.983186e-02 -2.718658e-03 -4.666333e-03))
501.62        	((-7.877504e+00 1.425914e+03 -2.305439e+02) (8.127300e-02 4.086611e+00 1.431843e-01)) ((2.222993e+02 -2.145330e+01 5.227943e+00) (-8.963368e-02 -2.480186e-03 -3.423680e-03))
501.63        	((-7.370554e+00 1.426111e+03 -2.307018e+02) (8.026769e-02 4.085030e+00 1.426652e-01)) ((2.222511e+02 -2.147799e+01 5.144709e+00) (-9.034306e-02 -2.261683e-03 -3.321428e-03))
501.64        	((-6.760602e+00 1.426271e+03 -2.307572e+02) (7.832407e-02 4.083852e+00 1.416958e-01)) ((2.222371e+02 -2.149481e+01 5.056627e+00) (-9.097874e-02 -1.758573e-03 -2.695245e-03))
501.65        	((-6.118804e+00 1.426458e+03 -2.308491e+02) (7.652962e-02 4.078002e+00 1.407690e-01)) ((2.222721e+02 -2.144393e+01 4.937357e+00) (-9.375334e-02 -1.322026e-03 -2.305407e-03))
501.66        	((-5.486193e+00 1.426758e+03 -2.308234e+02) (7.577404e-02 4.079694e+00 1.390582e-01)) ((2.223490e+02 -2.139006e+01 4.844415e+00) (-9.313168e-02 -7.674523e-04 -1.966782e-03))
501.67        	((-4.812900e+00 1.426967e+03 -2.308002e+02) (7.488168e-02 4.078079e+00 1.371955e-01)) ((2.223866e+02 -2.129229e+01 4.724276e+00) (-9.353170e-02 -4.050890e-04 -2.481519e-03))
501.68        	((-4.071677e+00 1.427232e+03 -2.305910e+02) (7.428577e-02 4.077670e+00 1.351100e-01)) ((2.224129e+02 -2.122462e+01 4.651414e+00) (-9.334478e-02 -5.784968e-05 -1.921798e-03))
501.69        	((-3.288995e+00 1.427490e+03 -2.303495e+02) (7.381476e-02 4.075860e+00 1.328203e-01)) ((2.224312e+02 -2.111003e+01 4.560634e+00) (-9.376686e-02 3.723938e-04 -1.920126e-03))
501.7         	((-2.506069e+00 1.427742e+03 -2.300176e+02) (7.339508e-02 4.075142e+00 1.307722e-01)) ((2.224636e+02 -2.100821e+01 4.500874e+00) (-9.399702e-02 8.251717e-04 -1.289216e-03))
501.71        	((-1.721666e+00 1.427970e+03 -2.297047e+02) (7.172540e-02 4.071616e+00 1.290274e-01)) ((2.225135e+02 -2.084152e+01 4.411184e+00) (-9.528840e-02 1.222578e-03 -2.462307e-03))
501.72        	((-9.858432e-01 1.428132e+03 -2.293643e+02) (7.258537e-02 4.072047e+00 1.268179e-01)) ((2.225649e+02 -2.070583e+01 4.383183e+00) (-9.513397e-02 1.502176e-03 -9.906412e-04))
501.73        	((-2.652133e-01 1.428111e+03 -2.289512e+02) (7.200949e-02 4.071008e+00 1.243569e-01)) ((2.225655e+02 -2.055437e+01 4.302975e+00) (-9.553265e-02 1.869287e-03 -1.407975e-03))
501.74        	((3.834583e-01 1.427937e+03 -2.285285e+02) (7.222492e-02 4.070168e+00 1.225330e-01)) ((2.225300e+02 -2.045002e+01 4.264454e+00) (-9.572453e-02 2.206740e-03 -6.027802e-04))
501.75        	((1.007839e+00 1.427699e+03 -2.281886e+02) (7.074914e-02 4.067716e+00 1.208561e-01)) ((2.224808e+02 -2.029761e+01 4.194159e+00) (-9.659345e-02 2.612869e-03 -1.970985e-03))
501.76        	((1.529683e+00 1.427478e+03 -2.278685e+02) (7.200110e-02 4.068657e+00 1.189461e-01)) ((2.224331e+02 -2.019599e+01 4.187184e+00) (-9.626224e-02 2.831725e-03 -5.433124e-04))
501.77        	((2.008851e+00 1.427238e+03 -2.275711e+02) (7.176777e-02 4.067569e+00 1.170796e-01)) ((2.223574e+02 -2.008273e+01 4.122178e+00) (-9.675788e-02 3.092092e-03 -1.248034e-03))
501.78        	((2.366019e+00 1.427028e+03 -2.272326e+02) (7.262879e-02 4.068485e+00 1.155802e-01)) ((2.222717e+02 -2.003942e+01 4.100254e+00) (-9.656122e-02 3.252501e-03 -1.766437e-04))
501.79        	((2.654382e+00 1.426791e+03 -2.269249e+02) (7.247643e-02 4.068161e+00 1.140111e-01)) ((2.221648e+02 -1.997603e+01 4.034275e+00) (-9.697862e-02 3.501199e-03 -3.861098e-04))
501.8         	((2.819989e+00 1.426555e+03 -2.266365e+02) (7.272448e-02 4.068506e+00 1.130909e-01)) ((2.220512e+02 -1.995484e+01 4.002436e+00) (-9.702047e-02 3.771454e-03 1.038540e-04))
501.81        	((2.932042e+00 1.426333e+03 -2.264447e+02) (7.185616e-02 4.066982e+00 1.123265e-01)) ((2.219245e+02 -1.989102e+01 3.937124e+00) (-9.787084e-02 3.986438e-03 -8.879230e-04))
501.82        	((2.939564e+00 1.426190e+03 -2.262395e+02) (7.263423e-02 4.068877e+00 1.113699e-01)) ((2.218057e+02 -1.987156e+01 3.920244e+00) (-9.750221e-02 4.126530e-03 1.137604e-04))
501.83        	((2.912241e+00 1.426059e+03 -2.261140e+02) (7.109366e-02 4.065431e+00 1.110339e-01)) ((2.216695e+02 -1.981098e+01 3.848809e+00) (-9.897647e-02 4.400592e-03 -1.938299e-03))
501.84        	((2.792674e+00 1.425996e+03 -2.260250e+02) (7.200509e-02 4.069273e+00 1.103871e-01)) ((2.215465e+02 -1.977351e+01 3.811717e+00) (-9.802660e-02 4.479480e-03 -1.403956e-04))
501.85        	((2.569127e+00 1.425944e+03 -2.258590e+02) (7.185826e-02 4.070321e+00 1.100158e-01)) ((2.214179e+02 -1.974510e+01 3.748669e+00) (-9.814502e-02 4.675297e-03 -6.268579e-05))
501.86        	((2.279926e+00 1.425896e+03 -2.257932e+02) (7.109270e-02 4.070742e+00 1.106090e-01)) ((2.212987e+02 -1.972149e+01 3.697165e+00) (-9.830883e-02 4.990569e-03 -2.155178e-04))
501.87        	((1.868798e+00 1.426015e+03 -2.256510e+02) (7.155328e-02 4.072479e+00 1.104563e-01)) ((2.212108e+02 -1.970080e+01 3.655134e+00) (-9.817227e-02 5.027157e-03 -1.648368e-05))
501.88        	((1.457789e+00 1.426085e+03 -2.256255e+02) (7.127936e-02 4.073830e+00 1.110628e-01)) ((2.211162e+02 -1.967856e+01 3.594096e+00) (-9.802031e-02 5.157677e-03 6.207810e-05))
501.89        	((9.935659e-01 1.426145e+03 -2.255908e+02) (7.130577e-02 4.075063e+00 1.110730e-01)) ((2.210203e+02 -1.965512e+01 3.527542e+00) (-9.813325e-02 5.159956e-03 1.273432e-06))
501.9         	((5.538574e-01 1.426078e+03 -2.257074e+02) (6.975850e-02 4.074596e+00 1.122277e-01)) ((2.209143e+02 -1.961690e+01 3.468095e+00) (-9.861351e-02 5.383786e-03 -9.052174e-04))
501.91        	((6.586428e-02 1.426071e+03 -2.257934e+02) (7.031232e-02 4.077658e+00 1.120981e-01)) ((2.208264e+02 -1.957784e+01 3.431021e+00) (-9.819427e-02 5.372844e-03 -5.864411e-05))
501.92        	((-3.740401e-01 1.426005e+03 -2.258724e+02) (6.949579e-02 4.079574e+00 1.128535e-01)) ((2.207225e+02 -1.956207e+01 3.372409e+00) (-9.800533e-02 5.572121e-03 -4.615390e-05))
501.93        	((-8.314883e-01 1.425987e+03 -2.258701e+02) (6.921212e-02 4.081458e+00 1.131521e-01)) ((2.206220e+02 -1.956847e+01 3.316186e+00) (-9.799107e-02 5.638621e-03 1.879264e-04))
501.94        	((-1.220718e+00 1.425960e+03 -2.259609e+02) (6.705093e-02 4.081594e+00 1.143954e-01)) ((2.205320e+02 -1.955382e+01 3.251281e+00) (-9.845396e-02 5.958932e-03 -8.050845e-04))
501.95        	((-1.667840e+00 1.425990e+03 -2.260278e+02) (6.738958e-02 4.085010e+00 1.143795e-01)) ((2.204625e+02 -1.954336e+01 3.213708e+00) (-9.800102e-02 6.014487e-03 1.345911e-04))
501.96        	((-2.097110e+00 1.425924e+03 -2.261155e+02) (6.617554e-02 4.087209e+00 1.151871e-01)) ((2.203786e+02 -1.954749e+01 3.149400e+00) (-9.781560e-02 6.362160e-03 1.130480e-04))
501.97        	((-2.587604e+00 1.425857e+03 -2.261470e+02) (6.551532e-02 4.089358e+00 1.156182e-01)) ((2.202998e+02 -1.957811e+01 3.093904e+00) (-9.774991e-02 6.567260e-03 4.057053e-04))
501.98        	((-3.017308e+00 1.425811e+03 -2.262723e+02) (6.320162e-02 4.090001e+00 1.168437e-01)) ((2.202409e+02 -1.959950e+01 3.032935e+00) (-9.803227e-02 7.019013e-03 -3.424248e-04))
501.99        	((-3.484582e+00 1.425906e+03 -2.263422e+02) (6.299001e-02 4.092935e+00 1.169769e-01)) ((2.202200e+02 -1.964657e+01 3.004978e+00) (-9.771771e-02 7.117267e-03 4.130669e-04))
502           	((-3.893769e+00 1.425987e+03 -2.264860e+02) (6.094954e-02 4.093233e+00 1.179603e-01)) ((2.202024e+02 -1.969388e+01 2.954622e+00) (-9.812108e-02 7.482565e-03 -3.906384e-04))
502.01        	((-4.374659e+00 1.426175e+03 -2.265756e+02) (6.065883e-02 4.096209e+00 1.180891e-01)) ((2.202076e+02 -1.976232e+01 2.925859e+00) (-9.783624e-02 7.481278e-03 4.449279e-04))
502.02        	((-4.822685e+00 1.426402e+03 -2.267959e+02) (5.687960e-02 4.091531e+00 1.196574e-01)) ((2.202301e+02 -1.980343e+01 2.880156e+00) (-9.982752e-02 7.972250e-03 -2.724406e-03))
502.03        	((-5.279772e+00 1.426746e+03 -2.271436e+02) (5.785799e-02 4.097880e+00 1.192382e-01)) ((2.202855e+02 -1.980732e+01 2.840709e+00) (-9.855488e-02 7.689045e-03 -2.291631e-04))
502.04        	((-5.842045e+00 1.427198e+03 -2.272963e+02) (5.731650e-02 4.101113e+00 1.194311e-01)) ((2.203597e+02 -1.987899e+01 2.829676e+00) (-9.814854e-02 7.746181e-03 4.767643e-04))
502.05        	((-6.401628e+00 1.427589e+03 -2.275998e+02) (5.247949e-02 4.096286e+00 1.215398e-01)) ((2.204242e+02 -1.990459e+01 2.792368e+00) (-1.004560e-01 8.033407e-03 -2.488459e-03))
502.06        	((-6.976349e+00 1.428073e+03 -2.279707e+02) (5.477271e-02 4.102705e+00 1.204240e-01)) ((2.205412e+02 -1.990550e+01 2.817340e+00) (-9.901922e-02 7.794278e-03 -1.256876e-04))
502.07        	((-7.617245e+00 1.428273e+03 -2.281994e+02) (5.529884e-02 4.104475e+00 1.199223e-01)) ((2.205809e+02 -1.993568e+01 2.793071e+00) (-9.914980e-02 7.543627e-03 2.925311e-04))
502.08        	((-8.243040e+00 1.428181e+03 -2.284175e+02) (5.468682e-02 4.105210e+00 1.198963e-01)) ((2.205480e+02 -1.994229e+01 2.711519e+00) (-9.949350e-02 7.533521e-03 -3.610981e-05))
502.09        	((-9.018982e+00 1.428263e+03 -2.285297e+02) (5.569595e-02 4.104743e+00 1.187941e-01)) ((2.205309e+02 -1.990747e+01 2.638972e+00) (-1.006055e-01 6.932412e-03 -2.564930e-04))
502.1         	((-9.767856e+00 1.428597e+03 -2.286993e+02) (5.441379e-02 4.106406e+00 1.190317e-01)) ((2.205635e+02 -1.983090e+01 2.563245e+00) (-1.004640e-01 7.031952e-03 -2.766190e-04))
502.11        	((-1.052213e+01 1.429142e+03 -2.288396e+02) (5.448333e-02 4.107365e+00 1.180665e-01)) ((2.206190e+02 -1.973475e+01 2.496454e+00) (-1.008713e-01 6.732164e-03 -1.243075e-04))
502.12        	((-1.124847e+01 1.429663e+03 -2.289915e+02) (5.361960e-02 4.108435e+00 1.177065e-01)) ((2.206523e+02 -1.958062e+01 2.387917e+00) (-1.011401e-01 6.700541e-03 -3.280874e-04))
502.13        	((-1.201780e+01 1.430186e+03 -2.290664e+02) (5.374268e-02 4.109190e+00 1.164957e-01)) ((2.206665e+02 -1.938094e+01 2.267969e+00) (-1.017156e-01 6.427252e-03 -2.868358e-04))
502.14        	((-1.274476e+01 1.430657e+03 -2.291521e+02) (5.319768e-02 4.109940e+00 1.157360e-01)) ((2.206621e+02 -1.913334e+01 2.116344e+00) (-1.021487e-01 6.547155e-03 -5.558575e-04))
502.15        	((-1.349577e+01 1.431091e+03 -2.291779e+02) (5.371771e-02 4.110113e+00 1.141735e-01)) ((2.206456e+02 -1.885354e+01 1.963883e+00) (-1.029097e-01 6.363693e-03 -6.710691e-04))
502.16        	((-1.418914e+01 1.431466e+03 -2.292229e+02) (5.337674e-02 4.110310e+00 1.131130e-01)) ((2.206183e+02 -1.853314e+01 1.789044e+00) (-1.034511e-01 6.531257e-03 -1.047379e-03))
502.17        	((-1.495133e+01 1.431905e+03 -2.292013e+02) (5.409109e-02 4.110220e+00 1.113133e-01)) ((2.205797e+02 -1.815831e+01 1.614305e+00) (-1.042338e-01 6.350010e-03 -1.201847e-03))
502.18        	((-1.572308e+01 1.432477e+03 -2.291859e+02) (5.387938e-02 4.110539e+00 1.101475e-01)) ((2.205594e+02 -1.773086e+01 1.411398e+00) (-1.046894e-01 6.559265e-03 -1.512341e-03))
502.19        	((-1.657547e+01 1.433203e+03 -2.291005e+02) (5.462127e-02 4.110630e+00 1.081565e-01)) ((2.205586e+02 -1.726295e+01 1.210941e+00) (-1.053891e-01 6.457860e-03 -1.614008e-03))
502.2         	((-1.740765e+01 1.433893e+03 -2.290322e+02) (5.436591e-02 4.110863e+00 1.067703e-01)) ((2.205577e+02 -1.675360e+01 9.890019e-01) (-1.058884e-01 6.763811e-03 -1.984096e-03))
502.21        	((-1.830557e+01 1.434540e+03 -2.288958e+02) (5.511649e-02 4.110908e+00 1.045626e-01)) ((2.205462e+02 -1.621601e+01 7.820382e-01) (-1.066175e-01 6.705077e-03 -2.128148e-03))
502.22        	((-1.921112e+01 1.435262e+03 -2.288064e+02) (5.489598e-02 4.111111e+00 1.029411e-01)) ((2.205367e+02 -1.563586e+01 5.576014e-01) (-1.071531e-01 7.008521e-03 -2.497994e-03))
502.23        	((-2.022885e+01 1.436230e+03 -2.286871e+02) (5.578179e-02 4.111226e+00 1.005961e-01)) ((2.205477e+02 -1.503306e+01 3.483753e-01) (-1.079414e-01 7.042175e-03 -2.637546e-03))
502.24        	((-2.130565e+01 1.437145e+03 -2.285824e+02) (5.582051e-02 4.111469e+00 9.894823e-02)) ((2.205470e+02 -1.440138e+01 1.176045e-01) (-1.085859e-01 7.489775e-03 -3.016200e-03))
502.25        	((-2.252074e+01 1.438109e+03 -2.284109e+02) (5.671007e-02 4.111436e+00 9.670899e-02)) ((2.205586e+02 -1.376538e+01 -1.007120e-01) (-1.094400e-01 7.627104e-03 -3.240084e-03))
502.26        	((-2.379333e+01 1.439048e+03 -2.282510e+02) (5.677182e-02 4.111623e+00 9.510081e-02)) ((2.205729e+02 -1.312120e+01 -3.287940e-01) (-1.100903e-01 8.101857e-03 -3.625714e-03))
502.27        	((-2.515207e+01 1.439990e+03 -2.280569e+02) (5.750035e-02 4.111505e+00 9.312335e-02)) ((2.205799e+02 -1.248136e+01 -5.431233e-01) (-1.109344e-01 8.259444e-03 -3.916087e-03))
502.28        	((-2.654735e+01 1.441000e+03 -2.278711e+02) (5.755592e-02 4.111756e+00 9.166236e-02)) ((2.205838e+02 -1.183537e+01 -7.657064e-01) (-1.115680e-01 8.691930e-03 -4.255185e-03))
502.29        	((-2.799842e+01 1.442048e+03 -2.276329e+02) (5.818150e-02 4.112070e+00 9.017442e-02)) ((2.205774e+02 -1.119880e+01 -9.831240e-01) (-1.122552e-01 8.816798e-03 -4.500459e-03))
502.3         	((-2.946120e+01 1.443213e+03 -2.273857e+02) (5.809733e-02 4.113212e+00 8.936576e-02)) ((2.205856e+02 -1.056923e+01 -1.206595e+00) (-1.126119e-01 9.161675e-03 -4.670460e-03))
502.31        	((-3.097308e+01 1.444654e+03 -2.270818e+02) (5.849781e-02 4.113820e+00 8.823091e-02)) ((2.206384e+02 -9.954977e+00 -1.423137e+00) (-1.132559e-01 9.263012e-03 -4.967345e-03))
502.32        	((-3.246721e+01 1.446360e+03 -2.267957e+02) (5.809206e-02 4.115056e+00 8.754055e-02)) ((2.207527e+02 -9.373307e+00 -1.622723e+00) (-1.136929e-01 9.479655e-03 -5.254951e-03))
502.33        	((-3.393112e+01 1.448115e+03 -2.264371e+02) (5.829071e-02 4.116205e+00 8.683130e-02)) ((2.208853e+02 -8.776910e+00 -1.817623e+00) (-1.143114e-01 9.617093e-03 -5.539720e-03))
502.34        	((-3.532027e+01 1.449833e+03 -2.260517e+02) (5.845085e-02 4.118213e+00 8.640401e-02)) ((2.210409e+02 -8.213849e+00 -1.998672e+00) (-1.146568e-01 9.885554e-03 -5.638550e-03))
502.35        	((-3.664837e+01 1.451522e+03 -2.256579e+02) (5.867723e-02 4.119732e+00 8.605638e-02)) ((2.212264e+02 -7.658371e+00 -2.182292e+00) (-1.151333e-01 1.005090e-02 -5.879052e-03))
502.36        	((-3.792961e+01 1.453329e+03 -2.251990e+02) (5.905880e-02 4.121644e+00 8.582601e-02)) ((2.214755e+02 -7.089162e+00 -2.360420e+00) (-1.155542e-01 1.028621e-02 -6.033731e-03))
502.37        	((-3.923181e+01 1.455229e+03 -2.248223e+02) (5.899034e-02 4.121761e+00 8.590365e-02)) ((2.217860e+02 -6.543797e+00 -2.540799e+00) (-1.166461e-01 1.038708e-02 -6.913041e-03))
502.38        	((-4.040711e+01 1.457216e+03 -2.243792e+02) (5.963696e-02 4.118577e+00 8.550642e-02)) ((2.221736e+02 -6.057764e+00 -2.661084e+00) (-1.198308e-01 1.062580e-02 -8.585224e-03))
502.39        	((-4.134094e+01 1.458965e+03 -2.240391e+02) (5.707121e-02 4.116077e+00 8.708633e-02)) ((2.225584e+02 -5.550993e+00 -2.803037e+00) (-1.210842e-01 1.092287e-02 -1.116280e-02))
502.4         	((-4.207944e+01 1.460517e+03 -2.237942e+02) (5.963369e-02 4.124402e+00 8.628291e-02)) ((2.229095e+02 -4.998999e+00 -2.984934e+00) (-1.191331e-01 1.075258e-02 -8.566790e-03))
502.41        	((-4.290198e+01 1.462316e+03 -2.233521e+02) (6.070605e-02 4.128229e+00 8.607403e-02)) ((2.233197e+02 -4.448920e+00 -3.116380e+00) (-1.188326e-01 1.080773e-02 -7.884607e-03))
502.42        	((-4.367199e+01 1.464110e+03 -2.229111e+02) (6.024317e-02 4.130420e+00 8.678720e-02)) ((2.237359e+02 -3.898452e+00 -3.282528e+00) (-1.192220e-01 1.092140e-02 -8.101922e-03))
502.43        	((-4.442289e+01 1.466013e+03 -2.223874e+02) (6.105157e-02 4.132688e+00 8.674258e-02)) ((2.241949e+02 -3.403712e+00 -3.403638e+00) (-1.195862e-01 1.097072e-02 -8.189758e-03))
502.44        	((-4.505736e+01 1.467718e+03 -2.219396e+02) (6.105592e-02 4.134129e+00 8.746573e-02)) ((2.246141e+02 -2.931814e+00 -3.580241e+00) (-1.204025e-01 1.126894e-02 -8.890344e-03))
502.45        	((-4.566559e+01 1.469384e+03 -2.214347e+02) (6.217406e-02 4.137417e+00 8.811288e-02)) ((2.250539e+02 -2.508272e+00 -3.727956e+00) (-1.207112e-01 1.132535e-02 -8.713117e-03))
502.46        	((-4.619307e+01 1.470994e+03 -2.209726e+02) (6.205285e-02 4.138810e+00 8.937936e-02)) ((2.254905e+02 -2.090646e+00 -3.892196e+00) (-1.217332e-01 1.159019e-02 -9.563094e-03))
502.47        	((-4.674933e+01 1.472848e+03 -2.204654e+02) (6.327543e-02 4.142893e+00 9.044716e-02)) ((2.259831e+02 -1.719858e+00 -4.013942e+00) (-1.217296e-01 1.157764e-02 -9.076587e-03))
502.48        	((-4.727881e+01 1.474757e+03 -2.200253e+02) (6.322414e-02 4.145552e+00 9.211519e-02)) ((2.264818e+02 -1.373162e+00 -4.146416e+00) (-1.223329e-01 1.172943e-02 -9.588251e-03))
502.49        	((-4.783234e+01 1.476743e+03 -2.195759e+02) (6.427710e-02 4.150514e+00 9.353284e-02)) ((2.270005e+02 -1.091516e+00 -4.247359e+00) (-1.224064e-01 1.164505e-02 -9.128325e-03))
502.5         	((-4.834541e+01 1.478681e+03 -2.192257e+02) (6.383821e-02 4.153674e+00 9.565827e-02)) ((2.275013e+02 -8.505541e-01 -4.369474e+00) (-1.232643e-01 1.174690e-02 -9.756839e-03))
502.51        	((-4.887707e+01 1.480828e+03 -2.188853e+02) (6.480199e-02 4.158246e+00 9.728732e-02)) ((2.280378e+02 -6.770539e-01 -4.460107e+00) (-1.228523e-01 1.180562e-02 -9.119344e-03))
502.52        	((-4.937982e+01 1.483105e+03 -2.186480e+02) (6.429594e-02 4.160721e+00 9.952833e-02)) ((2.285955e+02 -5.231570e-01 -4.564679e+00) (-1.232333e-01 1.217307e-02 -9.619866e-03))
502.53        	((-4.995305e+01 1.485632e+03 -2.184132e+02) (6.513000e-02 4.165924e+00 1.016001e-01)) ((2.292093e+02 -4.283455e-01 -4.632725e+00) (-1.231540e-01 1.206286e-02 -9.033509e-03))
502.54        	((-5.054299e+01 1.488313e+03 -2.182958e+02) (6.410230e-02 4.170043e+00 1.045856e-01)) ((2.298465e+02 -3.931678e-01 -4.695606e+00) (-1.235300e-01 1.246095e-02 -9.483800e-03))
502.55        	((-5.122296e+01 1.491264e+03 -2.181904e+02) (6.444309e-02 4.176575e+00 1.067926e-01)) ((2.305451e+02 -4.257700e-01 -4.723573e+00) (-1.230078e-01 1.268828e-02 -8.689407e-03))
502.56        	((-5.195238e+01 1.494333e+03 -2.182326e+02) (6.293969e-02 4.179220e+00 1.101848e-01)) ((2.312713e+02 -4.954594e-01 -4.748309e+00) (-1.236653e-01 1.318746e-02 -9.519806e-03))
502.57        	((-5.279192e+01 1.497577e+03 -2.182799e+02) (6.315858e-02 4.186881e+00 1.127286e-01)) ((2.320467e+02 -6.226018e-01 -4.741814e+00) (-1.226955e-01 1.343862e-02 -8.386011e-03))
502.58        	((-5.374926e+01 1.500914e+03 -2.184384e+02) (6.207719e-02 4.191410e+00 1.161736e-01)) ((2.328398e+02 -8.117919e-01 -4.714035e+00) (-1.229205e-01 1.378131e-02 -8.334514e-03))
502.59        	((-5.482987e+01 1.504617e+03 -2.185707e+02) (6.112731e-02 4.198367e+00 1.190474e-01)) ((2.337086e+02 -1.067977e+00 -4.654763e+00) (-1.223558e-01 1.404488e-02 -7.867990e-03))
502.6         	((-5.602907e+01 1.508519e+03 -2.188420e+02) (5.968927e-02 4.203572e+00 1.223669e-01)) ((2.346059e+02 -1.382256e+00 -4.576823e+00) (-1.223932e-01 1.433786e-02 -7.571936e-03))
502.61        	((-5.737569e+01 1.512735e+03 -2.191144e+02) (5.793210e-02 4.209997e+00 1.254727e-01)) ((2.355675e+02 -1.749928e+00 -4.481264e+00) (-1.220343e-01 1.459755e-02 -7.422616e-03))
502.62        	((-5.887870e+01 1.517086e+03 -2.195295e+02) (5.587172e-02 4.214895e+00 1.286296e-01)) ((2.365533e+02 -2.168052e+00 -4.358404e+00) (-1.222570e-01 1.486396e-02 -7.274256e-03))
502.63        	((-6.053543e+01 1.521662e+03 -2.199206e+02) (5.385934e-02 4.221766e+00 1.316104e-01)) ((2.375860e+02 -2.645896e+00 -4.207388e+00) (-1.218962e-01 1.507932e-02 -7.042729e-03))
502.64        	((-6.233448e+01 1.526303e+03 -2.204266e+02) (5.176165e-02 4.227491e+00 1.351071e-01)) ((2.386282e+02 -3.187739e+00 -4.026962e+00) (-1.219459e-01 1.532856e-02 -6.704224e-03))
502.65        	((-6.421587e+01 1.531009e+03 -2.209344e+02) (4.911923e-02 4.234131e+00 1.385598e-01)) ((2.396949e+02 -3.775154e+00 -3.834268e+00) (-1.216346e-01 1.554692e-02 -6.697223e-03))
502.66        	((-6.612219e+01 1.535365e+03 -2.215199e+02) (4.653928e-02 4.239846e+00 1.421036e-01)) ((2.407040e+02 -4.409706e+00 -3.607677e+00) (-1.216214e-01 1.572129e-02 -6.351831e-03))
502.67        	((-6.794142e+01 1.539105e+03 -2.220669e+02) (4.342796e-02 4.246069e+00 1.453448e-01)) ((2.416073e+02 -5.060348e+00 -3.381587e+00) (-1.213818e-01 1.588304e-02 -6.423351e-03))
502.68        	((-6.961401e+01 1.541768e+03 -2.226049e+02) (4.056018e-02 4.251252e+00 1.486160e-01)) ((2.423043e+02 -5.733357e+00 -3.135735e+00) (-1.214432e-01 1.597896e-02 -6.125024e-03))
502.69        	((-7.089214e+01 1.542822e+03 -2.230325e+02) (3.729204e-02 4.256431e+00 1.515896e-01)) ((2.426982e+02 -6.385727e+00 -2.910701e+00) (-1.213946e-01 1.607178e-02 -6.278320e-03))
502.7         	((-7.168695e+01 1.541946e+03 -2.233625e+02) (3.454508e-02 4.260245e+00 1.545363e-01)) ((2.427117e+02 -7.009767e+00 -2.689801e+00) (-1.216708e-01 1.608802e-02 -6.087597e-03))
502.71        	((-7.196255e+01 1.539755e+03 -2.235135e+02) (3.165509e-02 4.263625e+00 1.571213e-01)) ((2.424314e+02 -7.543159e+00 -2.519842e+00) (-1.219025e-01 1.610113e-02 -6.301735e-03))
502.72        	((-7.173203e+01 1.536778e+03 -2.235390e+02) (2.949046e-02 4.265712e+00 1.596685e-01)) ((2.419304e+02 -7.973501e+00 -2.382758e+00) (-1.224669e-01 1.606595e-02 -6.220709e-03))
502.73        	((-7.089009e+01 1.533736e+03 -2.233688e+02) (2.742619e-02 4.267749e+00 1.623912e-01)) ((2.413253e+02 -8.243783e+00 -2.315412e+00) (-1.229387e-01 1.611300e-02 -6.490940e-03))
502.74        	((-6.948816e+01 1.530604e+03 -2.232156e+02) (2.623233e-02 4.268993e+00 1.647713e-01)) ((2.406627e+02 -8.395894e+00 -2.278892e+00) (-1.235779e-01 1.609972e-02 -6.502095e-03))
502.75        	((-6.736523e+01 1.527381e+03 -2.230461e+02) (2.527666e-02 4.270136e+00 1.670662e-01)) ((2.399472e+02 -8.386307e+00 -2.300271e+00) (-1.240298e-01 1.612135e-02 -6.788880e-03))
502.76        	((-6.467801e+01 1.523973e+03 -2.229237e+02) (2.532166e-02 4.270517e+00 1.690718e-01)) ((2.391676e+02 -8.238131e+00 -2.349602e+00) (-1.246044e-01 1.609030e-02 -6.838644e-03))
502.77        	((-6.151038e+01 1.520645e+03 -2.228180e+02) (2.576197e-02 4.270724e+00 1.705318e-01)) ((2.383761e+02 -7.943795e+00 -2.444943e+00) (-1.250754e-01 1.602407e-02 -7.124913e-03))
502.78        	((-5.850396e+01 1.520649e+03 -2.229236e+02) (2.713212e-02 4.270455e+00 1.715938e-01)) ((2.380810e+02 -7.525588e+00 -2.566804e+00) (-1.256599e-01 1.588567e-02 -7.197774e-03))
502.79        	((-5.696280e+01 1.531825e+03 -2.236827e+02) (2.849755e-02 4.271400e+00 1.721525e-01)) ((2.395753e+02 -6.980999e+00 -2.731171e+00) (-1.258122e-01 1.577997e-02 -7.385726e-03))
502.8         	((-5.750126e+01 1.557786e+03 -2.255580e+02) (2.991174e-02 4.275971e+00 1.725821e-01)) ((2.435791e+02 -6.362571e+00 -2.856962e+00) (-1.254679e-01 1.576957e-02 -7.253598e-03))
502.81        	((-5.978394e+01 1.588765e+03 -2.282517e+02) (2.978872e-02 4.286184e+00 1.730585e-01)) ((2.487486e+02 -5.987744e+00 -2.838105e+00) (-1.244118e-01 1.590021e-02 -7.214629e-03))
502.82        	((-6.332550e+01 1.614608e+03 -2.313610e+02) (2.878531e-02 4.299248e+00 1.734023e-01)) ((2.535176e+02 -6.080003e+00 -2.572320e+00) (-1.229272e-01 1.606554e-02 -6.885676e-03))
502.83        	((-6.638128e+01 1.623958e+03 -2.342618e+02) (2.716495e-02 4.309686e+00 1.733855e-01)) ((2.559359e+02 -6.609221e+00 -2.100841e+00) (-1.213663e-01 1.621131e-02 -6.577145e-03))
502.84        	((-6.929157e+01 1.618874e+03 -2.363445e+02) (2.586916e-02 4.315598e+00 1.726612e-01)) ((2.560167e+02 -7.490461e+00 -1.493657e+00) (-1.201623e-01 1.620465e-02 -6.188040e-03))
502.85        	((-7.220909e+01 1.604401e+03 -2.373375e+02) (2.458430e-02 4.316596e+00 1.715518e-01)) ((2.543390e+02 -8.629377e+00 -8.559552e-01) (-1.195788e-01 1.599000e-02 -5.876373e-03))
502.86        	((-7.485501e+01 1.584575e+03 -2.374397e+02) (2.338420e-02 4.314048e+00 1.701747e-01)) ((2.513965e+02 -9.958732e+00 -2.934102e-01) (-1.196239e-01 1.554605e-02 -5.782192e-03))
502.87        	((-7.737145e+01 1.564477e+03 -2.370580e+02) (2.179650e-02 4.308954e+00 1.688714e-01)) ((2.479185e+02 -1.139129e+01 9.312690e-02) (-1.202427e-01 1.495319e-02 -5.767257e-03))
502.88        	((-8.044863e+01 1.549517e+03 -2.364258e+02) (1.969376e-02 4.303523e+00 1.679375e-01)) ((2.448504e+02 -1.284334e+01 2.624371e-01) (-1.208310e-01 1.424664e-02 -5.880487e-03))
502.89        	((-8.415964e+01 1.543180e+03 -2.356418e+02) (1.640800e-02 4.299664e+00 1.672146e-01)) ((2.429137e+02 -1.406598e+01 2.125077e-01) (-1.217977e-01 1.348351e-02 -6.148126e-03))
502.9         	((-8.728872e+01 1.545155e+03 -2.346751e+02) (1.216833e-02 4.299434e+00 1.667492e-01)) ((2.422635e+02 -1.484516e+01 -6.348444e-03) (-1.227894e-01 1.289990e-02 -6.602649e-03))
502.91        	((-8.883273e+01 1.550240e+03 -2.336702e+02) (7.554874e-03 4.301882e+00 1.669144e-01)) ((2.422727e+02 -1.515641e+01 -2.740086e-01) (-1.235343e-01 1.269098e-02 -7.031554e-03))
502.92        	((-8.821970e+01 1.553506e+03 -2.328050e+02) (3.474872e-03 4.306431e+00 1.675427e-01)) ((2.422610e+02 -1.499997e+01 -5.147419e-01) (-1.239066e-01 1.284748e-02 -7.512704e-03))
502.93        	((-8.550741e+01 1.553354e+03 -2.321633e+02) (3.832628e-04 4.311282e+00 1.683607e-01)) ((2.419468e+02 -1.439436e+01 -7.022867e-01) (-1.241013e-01 1.323096e-02 -7.860167e-03))
502.94        	((-8.119860e+01 1.551128e+03 -2.316553e+02) (-1.057230e-03 4.316246e+00 1.689570e-01)) ((2.414374e+02 -1.340426e+01 -8.619663e-01) (-1.240449e-01 1.375374e-02 -8.304807e-03))
502.95        	((-7.592121e+01 1.549024e+03 -2.313209e+02) (-1.158378e-03 4.320984e+00 1.692782e-01)) ((2.409842e+02 -1.215958e+01 -1.012537e+00) (-1.238701e-01 1.423908e-02 -8.555394e-03))
502.96        	((-7.029165e+01 1.548216e+03 -2.312179e+02) (2.032831e-04 4.326572e+00 1.691933e-01)) ((2.407228e+02 -1.082251e+01 -1.171072e+00) (-1.234275e-01 1.467256e-02 -8.895423e-03))
502.97        	((-6.487773e+01 1.548792e+03 -2.314250e+02) (2.437642e-03 4.333119e+00 1.688211e-01)) ((2.406692e+02 -9.560680e+00 -1.322917e+00) (-1.227981e-01 1.492778e-02 -9.035289e-03))
502.98        	((-6.014407e+01 1.550092e+03 -2.318226e+02) (5.474175e-03 4.341005e+00 1.679420e-01)) ((2.407395e+02 -8.495517e+00 -1.459034e+00) (-1.218913e-01 1.506006e-02 -9.225285e-03))
502.99        	((-5.639073e+01 1.551322e+03 -2.322646e+02) (8.733111e-03 4.349332e+00 1.666197e-01)) ((2.408311e+02 -7.697691e+00 -1.560007e+00) (-1.209098e-01 1.501726e-02 -9.224599e-03))
503           	((-5.379463e+01 1.551827e+03 -2.325510e+02) (1.223204e-02 4.358066e+00 1.648447e-01)) ((2.408402e+02 -7.178890e+00 -1.626586e+00) (-1.197530e-01 1.486089e-02 -9.249782e-03))
503.01        	((-5.238927e+01 1.551373e+03 -2.326481e+02) (1.555830e-02 4.366265e+00 1.628559e-01)) ((2.407171e+02 -6.925223e+00 -1.656668e+00) (-1.186203e-01 1.457915e-02 -9.146277e-03))
503.02        	((-5.171035e+01 1.549938e+03 -2.324824e+02) (1.923045e-02 4.374025e+00 1.607772e-01)) ((2.404375e+02 -6.862783e+00 -1.656626e+00) (-1.174279e-01 1.422680e-02 -9.025484e-03))
503.03        	((-5.221263e+01 1.548335e+03 -2.323034e+02) (2.208782e-02 4.380882e+00 1.588786e-01)) ((2.401056e+02 -7.058364e+00 -1.642834e+00) (-1.163166e-01 1.382544e-02 -8.854332e-03))
503.04        	((-5.392383e+01 1.547332e+03 -2.321993e+02) (2.411744e-02 4.387340e+00 1.571154e-01)) ((2.398401e+02 -7.476200e+00 -1.629179e+00) (-1.151998e-01 1.336366e-02 -8.720140e-03))
503.05        	((-5.638230e+01 1.547277e+03 -2.321749e+02) (2.517967e-02 4.393228e+00 1.556600e-01)) ((2.397240e+02 -7.999111e+00 -1.618193e+00) (-1.142105e-01 1.288990e-02 -8.560756e-03))
503.06        	((-5.896533e+01 1.547898e+03 -2.321314e+02) (2.560893e-02 4.399099e+00 1.544400e-01)) ((2.397397e+02 -8.501360e+00 -1.613860e+00) (-1.132429e-01 1.244160e-02 -8.415777e-03))
503.07        	((-6.122737e+01 1.548650e+03 -2.320568e+02) (2.549358e-02 4.404596e+00 1.536258e-01)) ((2.398126e+02 -8.906580e+00 -1.617926e+00) (-1.124109e-01 1.210133e-02 -8.270723e-03))
503.08        	((-6.301928e+01 1.549062e+03 -2.319327e+02) (2.512497e-02 4.409936e+00 1.531183e-01)) ((2.398505e+02 -9.191458e+00 -1.635293e+00) (-1.116264e-01 1.185891e-02 -8.162402e-03))
503.09        	((-6.436598e+01 1.548978e+03 -2.318147e+02) (2.440634e-02 4.414505e+00 1.529928e-01)) ((2.397959e+02 -9.371723e+00 -1.663710e+00) (-1.110377e-01 1.173403e-02 -8.048941e-03))
503.1         	((-6.530299e+01 1.548907e+03 -2.317431e+02) (2.351407e-02 4.418500e+00 1.530641e-01)) ((2.397133e+02 -9.444224e+00 -1.707040e+00) (-1.105542e-01 1.167661e-02 -7.984577e-03))
503.11        	((-6.589374e+01 1.548905e+03 -2.317266e+02) (2.232133e-02 4.421594e+00 1.533883e-01)) ((2.396004e+02 -9.461861e+00 -1.756615e+00) (-1.103044e-01 1.166881e-02 -7.882422e-03))
503.12        	((-6.616249e+01 1.548977e+03 -2.317134e+02) (2.117720e-02 4.424380e+00 1.538600e-01)) ((2.394642e+02 -9.443780e+00 -1.809175e+00) (-1.101777e-01 1.167924e-02 -7.811850e-03))
503.13        	((-6.613370e+01 1.549191e+03 -2.317451e+02) (2.011644e-02 4.426367e+00 1.545760e-01)) ((2.393691e+02 -9.396509e+00 -1.854996e+00) (-1.102646e-01 1.176376e-02 -7.700690e-03))
503.14        	((-6.580855e+01 1.549713e+03 -2.318278e+02) (1.930400e-02 4.428104e+00 1.554185e-01)) ((2.393804e+02 -9.321397e+00 -1.895479e+00) (-1.103410e-01 1.185811e-02 -7.648635e-03))
503.15        	((-6.524639e+01 1.550551e+03 -2.320135e+02) (1.860906e-02 4.429283e+00 1.563507e-01)) ((2.395117e+02 -9.225398e+00 -1.928770e+00) (-1.104860e-01 1.194024e-02 -7.558117e-03))
503.16        	((-6.455205e+01 1.551592e+03 -2.322639e+02) (1.818850e-02 4.430212e+00 1.571504e-01)) ((2.397117e+02 -9.116697e+00 -1.960826e+00) (-1.106092e-01 1.200566e-02 -7.540025e-03))
503.17        	((-6.381923e+01 1.552700e+03 -2.325750e+02) (1.785860e-02 4.430368e+00 1.578420e-01)) ((2.399129e+02 -9.007680e+00 -1.989774e+00) (-1.108639e-01 1.204440e-02 -7.479729e-03))
503.18        	((-6.310440e+01 1.553786e+03 -2.328810e+02) (1.773239e-02 4.430178e+00 1.583581e-01)) ((2.400668e+02 -8.906209e+00 -2.018735e+00) (-1.111308e-01 1.205777e-02 -7.482236e-03))
503.19        	((-6.244111e+01 1.554851e+03 -2.331764e+02) (1.761464e-02 4.429245e+00 1.587534e-01)) ((2.401782e+02 -8.818237e+00 -2.043340e+00) (-1.115406e-01 1.202601e-02 -7.426640e-03))
503.2         	((-6.184265e+01 1.555899e+03 -2.334230e+02) (1.768186e-02 4.428200e+00 1.589918e-01)) ((2.402754e+02 -8.743210e+00 -2.067011e+00) (-1.119372e-01 1.196239e-02 -7.429503e-03))
503.21        	((-6.133681e+01 1.556890e+03 -2.336522e+02) (1.775968e-02 4.426745e+00 1.591514e-01)) ((2.403917e+02 -8.680338e+00 -2.086998e+00) (-1.124114e-01 1.186005e-02 -7.377365e-03))
503.22        	((-6.091763e+01 1.557888e+03 -2.338503e+02) (1.799135e-02 4.425493e+00 1.591949e-01)) ((2.405544e+02 -8.627820e+00 -2.106560e+00) (-1.127977e-01 1.173722e-02 -7.377046e-03))
503.23        	((-6.057338e+01 1.559040e+03 -2.340584e+02) (1.820475e-02 4.423980e+00 1.591698e-01)) ((2.407850e+02 -8.588170e+00 -2.123093e+00) (-1.132299e-01 1.159509e-02 -7.323333e-03))
503.24        	((-6.031975e+01 1.560395e+03 -2.342618e+02) (1.853112e-02 4.422736e+00 1.590514e-01)) ((2.410677e+02 -8.561347e+00 -2.140244e+00) (-1.135773e-01 1.144313e-02 -7.316159e-03))
503.25        	((-6.016335e+01 1.561927e+03 -2.344910e+02) (1.881645e-02 4.421205e+00 1.588841e-01)) ((2.413789e+02 -8.548819e+00 -2.155976e+00) (-1.140074e-01 1.128833e-02 -7.260044e-03))
503.26        	((-6.010600e+01 1.563565e+03 -2.347032e+02) (1.920462e-02 4.419919e+00 1.586877e-01)) ((2.416934e+02 -8.550230e+00 -2.172620e+00) (-1.143793e-01 1.114145e-02 -7.250351e-03))
503.27        	((-6.013670e+01 1.565248e+03 -2.349225e+02) (1.952373e-02 4.418360e+00 1.585170e-01)) ((2.420068e+02 -8.568198e+00 -2.186502e+00) (-1.148301e-01 1.099811e-02 -7.198278e-03))
503.28        	((-6.023453e+01 1.566944e+03 -2.351124e+02) (1.988604e-02 4.417148e+00 1.583637e-01)) ((2.423235e+02 -8.601419e+00 -2.198787e+00) (-1.151975e-01 1.085376e-02 -7.193826e-03))
503.29        	((-6.041010e+01 1.568564e+03 -2.352964e+02) (2.013137e-02 4.415799e+00 1.582534e-01)) ((2.426424e+02 -8.650155e+00 -2.206404e+00) (-1.156208e-01 1.070632e-02 -7.151187e-03))
503.3         	((-6.063145e+01 1.570196e+03 -2.354518e+02) (2.038894e-02 4.414906e+00 1.581703e-01)) ((2.429757e+02 -8.712435e+00 -2.210648e+00) (-1.159524e-01 1.055665e-02 -7.151478e-03))
503.31        	((-6.088813e+01 1.571925e+03 -2.356095e+02) (2.050285e-02 4.413928e+00 1.581244e-01)) ((2.433377e+02 -8.787848e+00 -2.208927e+00) (-1.163481e-01 1.040444e-02 -7.110077e-03))
503.32        	((-6.117319e+01 1.573775e+03 -2.357466e+02) (2.063324e-02 4.413454e+00 1.581279e-01)) ((2.437253e+02 -8.874640e+00 -2.204438e+00) (-1.166615e-01 1.025381e-02 -7.113110e-03))
503.33        	((-6.149358e+01 1.575712e+03 -2.358982e+02) (2.063821e-02 4.412892e+00 1.582020e-01)) ((2.441383e+02 -8.972588e+00 -2.195739e+00) (-1.170515e-01 1.010431e-02 -7.076041e-03))
503.34        	((-6.183835e+01 1.577698e+03 -2.360383e+02) (2.066130e-02 4.412802e+00 1.583519e-01)) ((2.445603e+02 -9.078153e+00 -2.186061e+00) (-1.173674e-01 9.958463e-03 -7.083165e-03))
503.35        	((-6.219583e+01 1.579721e+03 -2.361914e+02) (2.055660e-02 4.412592e+00 1.585875e-01)) ((2.449925e+02 -9.189387e+00 -2.172627e+00) (-1.177630e-01 9.814463e-03 -7.052278e-03))
503.36        	((-6.256101e+01 1.581716e+03 -2.363243e+02) (2.048139e-02 4.412851e+00 1.589049e-01)) ((2.454213e+02 -9.302765e+00 -2.158476e+00) (-1.180835e-01 9.676235e-03 -7.069365e-03))
503.37        	((-6.292168e+01 1.583695e+03 -2.364608e+02) (2.029943e-02 4.412990e+00 1.593116e-01)) ((2.458525e+02 -9.417954e+00 -2.140531e+00) (-1.184822e-01 9.541889e-03 -7.044571e-03))
503.38        	((-6.325735e+01 1.585721e+03 -2.365722e+02) (2.016784e-02 4.413599e+00 1.598083e-01)) ((2.462938e+02 -9.533037e+00 -2.121341e+00) (-1.188009e-01 9.414933e-03 -7.072993e-03))
503.39        	((-6.356596e+01 1.587808e+03 -2.366860e+02) (1.996042e-02 4.414123e+00 1.604040e-01)) ((2.467516e+02 -9.647905e+00 -2.099163e+00) (-1.191945e-01 9.292545e-03 -7.059585e-03))
503.4         	((-6.385805e+01 1.589908e+03 -2.367814e+02) (1.984271e-02 4.415130e+00 1.611051e-01)) ((2.472187e+02 -9.760169e+00 -2.077901e+00) (-1.195036e-01 9.178614e-03 -7.102019e-03))
503.41        	((-6.413429e+01 1.592012e+03 -2.368885e+02) (1.966631e-02 4.416014e+00 1.619152e-01)) ((2.476953e+02 -9.870425e+00 -2.055410e+00) (-1.198823e-01 9.066717e-03 -7.101153e-03))
503.42        	((-6.438757e+01 1.594120e+03 -2.369742e+02) (1.958572e-02 4.417350e+00 1.628276e-01)) ((2.481773e+02 -9.976197e+00 -2.035470e+00) (-1.201721e-01 8.958800e-03 -7.158840e-03))
503.43        	((-6.463449e+01 1.596125e+03 -2.370657e+02) (1.944141e-02 4.418520e+00 1.638349e-01)) ((2.486461e+02 -1.007823e+01 -2.015125e+00) (-1.205316e-01 8.844960e-03 -7.171245e-03))
503.44        	((-6.484643e+01 1.598146e+03 -2.371265e+02) (1.938666e-02 4.420104e+00 1.649187e-01)) ((2.491180e+02 -1.017510e+01 -1.996639e+00) (-1.208074e-01 8.728453e-03 -7.240471e-03))
503.45        	((-6.501722e+01 1.600237e+03 -2.371849e+02) (1.927362e-02 4.421520e+00 1.660801e-01)) ((2.496059e+02 -1.026849e+01 -1.976998e+00) (-1.211545e-01 8.602871e-03 -7.259804e-03))
503.46        	((-6.516229e+01 1.602358e+03 -2.372183e+02) (1.928808e-02 4.423361e+00 1.673239e-01)) ((2.501006e+02 -1.035672e+01 -1.960103e+00) (-1.214152e-01 8.475323e-03 -7.338335e-03))
503.47        	((-6.529033e+01 1.604486e+03 -2.372625e+02) (1.926409e-02 4.425048e+00 1.686622e-01)) ((2.506018e+02 -1.044162e+01 -1.943063e+00) (-1.217444e-01 8.340358e-03 -7.365006e-03))
503.48        	((-6.540777e+01 1.606580e+03 -2.372846e+02) (1.936837e-02 4.427143e+00 1.700791e-01)) ((2.511005e+02 -1.052155e+01 -1.929506e+00) (-1.219865e-01 8.203518e-03 -7.449231e-03))
503.49        	((-6.552126e+01 1.608612e+03 -2.373128e+02) (1.942691e-02 4.429044e+00 1.715877e-01)) ((2.515942e+02 -1.059871e+01 -1.915985e+00) (-1.223016e-01 8.059644e-03 -7.479368e-03))
503.5         	((-6.561517e+01 1.610638e+03 -2.373110e+02) (1.960547e-02 4.431308e+00 1.731690e-01)) ((2.520885e+02 -1.067241e+01 -1.904974e+00) (-1.225328e-01 7.915557e-03 -7.565914e-03))
503.51        	((-6.567309e+01 1.612735e+03 -2.373076e+02) (1.974568e-02 4.433373e+00 1.748394e-01)) ((2.525987e+02 -1.074543e+01 -1.892953e+00) (-1.228310e-01 7.768649e-03 -7.596451e-03))
503.52        	((-6.570986e+01 1.614862e+03 -2.372802e+02) (2.002890e-02 4.435828e+00 1.765852e-01)) ((2.531169e+02 -1.081600e+01 -1.883814e+00) (-1.230410e-01 7.627635e-03 -7.687334e-03))
503.53        	((-6.573882e+01 1.616993e+03 -2.372654e+02) (2.027616e-02 4.438086e+00 1.784086e-01)) ((2.536394e+02 -1.088548e+01 -1.874491e+00) (-1.233164e-01 7.483501e-03 -7.720434e-03))
503.54        	((-6.576547e+01 1.619096e+03 -2.372325e+02) (2.064539e-02 4.440716e+00 1.802642e-01)) ((2.541589e+02 -1.095228e+01 -1.868345e+00) (-1.235106e-01 7.343540e-03 -7.810116e-03))
503.55        	((-6.580763e+01 1.621098e+03 -2.372094e+02) (2.094627e-02 4.443110e+00 1.821926e-01)) ((2.546642e+02 -1.101876e+01 -1.861671e+00) (-1.237723e-01 7.201159e-03 -7.839993e-03))
503.56        	((-6.582693e+01 1.623149e+03 -2.371572e+02) (2.135166e-02 4.445805e+00 1.841635e-01)) ((2.551799e+02 -1.108314e+01 -1.856978e+00) (-1.239510e-01 7.059696e-03 -7.927556e-03))
503.57        	((-6.581170e+01 1.625280e+03 -2.371049e+02) (2.169814e-02 4.448280e+00 1.862228e-01)) ((2.557122e+02 -1.114919e+01 -1.851034e+00) (-1.241917e-01 6.916462e-03 -7.958894e-03))
503.58        	((-6.578227e+01 1.627414e+03 -2.370301e+02) (2.216883e-02 4.451126e+00 1.882977e-01)) ((2.562477e+02 -1.121449e+01 -1.847965e+00) (-1.243483e-01 6.776708e-03 -8.046631e-03))
503.59        	((-6.575141e+01 1.629531e+03 -2.369715e+02) (2.257764e-02 4.453759e+00 1.904485e-01)) ((2.567857e+02 -1.127963e+01 -1.844664e+00) (-1.245670e-01 6.632953e-03 -8.074977e-03))
503.6         	((-6.573939e+01 1.631520e+03 -2.369000e+02) (2.309220e-02 4.456714e+00 1.926037e-01)) ((2.573018e+02 -1.134257e+01 -1.844280e+00) (-1.247046e-01 6.488222e-03 -8.158789e-03))
503.61        	((-6.570695e+01 1.633538e+03 -2.368342e+02) (2.351261e-02 4.459411e+00 1.948120e-01)) ((2.578265e+02 -1.140382e+01 -1.842729e+00) (-1.249088e-01 6.339760e-03 -8.182223e-03))
503.62        	((-6.564210e+01 1.635618e+03 -2.367384e+02) (2.404372e-02 4.462406e+00 1.970216e-01)) ((2.583602e+02 -1.146327e+01 -1.843355e+00) (-1.250380e-01 6.190437e-03 -8.262395e-03))
503.63        	((-6.555080e+01 1.637754e+03 -2.366505e+02) (2.452059e-02 4.465184e+00 1.993099e-01)) ((2.589043e+02 -1.152294e+01 -1.843431e+00) (-1.252276e-01 6.039810e-03 -8.282247e-03))
503.64        	((-6.544949e+01 1.639869e+03 -2.365482e+02) (2.511762e-02 4.468276e+00 2.016029e-01)) ((2.594467e+02 -1.158022e+01 -1.846509e+00) (-1.253382e-01 5.886081e-03 -8.360211e-03))
503.65        	((-6.535178e+01 1.641888e+03 -2.364646e+02) (2.564982e-02 4.471145e+00 2.039719e-01)) ((2.599765e+02 -1.163582e+01 -1.849436e+00) (-1.255113e-01 5.731539e-03 -8.376063e-03))
503.66        	((-6.523015e+01 1.643923e+03 -2.363595e+02) (2.629318e-02 4.474267e+00 2.063288e-01)) ((2.605057e+02 -1.168782e+01 -1.855197e+00) (-1.256107e-01 5.576015e-03 -8.446638e-03))
503.67        	((-6.507253e+01 1.646025e+03 -2.362622e+02) (2.688029e-02 4.477145e+00 2.087722e-01)) ((2.610441e+02 -1.173825e+01 -1.860585e+00) (-1.257699e-01 5.420834e-03 -8.458601e-03))
503.68        	((-6.487912e+01 1.648148e+03 -2.361469e+02) (2.759604e-02 4.480295e+00 2.112085e-01)) ((2.615855e+02 -1.178528e+01 -1.869085e+00) (-1.258525e-01 5.263001e-03 -8.525677e-03))
503.69        	((-6.467715e+01 1.650204e+03 -2.360500e+02) (2.824792e-02 4.483208e+00 2.137257e-01)) ((2.621189e+02 -1.182921e+01 -1.877784e+00) (-1.259942e-01 5.100213e-03 -8.533326e-03))
503.7         	((-6.445832e+01 1.652270e+03 -2.359417e+02) (2.901339e-02 4.486347e+00 2.162004e-01)) ((2.626520e+02 -1.186809e+01 -1.889739e+00) (-1.260665e-01 4.932275e-03 -8.594858e-03))
503.71        	((-6.419669e+01 1.654421e+03 -2.358546e+02) (2.971220e-02 4.489245e+00 2.187439e-01)) ((2.631983e+02 -1.190403e+01 -1.901348e+00) (-1.261964e-01 4.758558e-03 -8.595993e-03))
503.72        	((-6.389473e+01 1.656590e+03 -2.357493e+02) (3.052908e-02 4.492378e+00 2.212339e-01)) ((2.637459e+02 -1.193476e+01 -1.916168e+00) (-1.262513e-01 4.578220e-03 -8.648453e-03))
503.73        	((-6.358548e+01 1.658724e+03 -2.356610e+02) (3.128429e-02 4.495292e+00 2.237897e-01)) ((2.642877e+02 -1.196145e+01 -1.931842e+00) (-1.263622e-01 4.393826e-03 -8.641571e-03))
503.74        	((-6.324530e+01 1.660886e+03 -2.355613e+02) (3.215739e-02 4.498440e+00 2.262712e-01)) ((2.648310e+02 -1.198264e+01 -1.950831e+00) (-1.264081e-01 4.205798e-03 -8.686421e-03))
503.75        	((-6.286281e+01 1.663120e+03 -2.354871e+02) (3.297748e-02 4.501354e+00 2.288191e-01)) ((2.653847e+02 -1.200152e+01 -1.969812e+00) (-1.265087e-01 4.021967e-03 -8.671726e-03))
503.76        	((-6.244718e+01 1.665330e+03 -2.354000e+02) (3.393777e-02 4.504503e+00 2.312894e-01)) ((2.659342e+02 -1.201616e+01 -1.991723e+00) (-1.265454e-01 3.843413e-03 -8.704898e-03))
503.77        	((-6.202911e+01 1.667496e+03 -2.353303e+02) (3.485856e-02 4.507425e+00 2.338277e-01)) ((2.664783e+02 -1.202848e+01 -2.013587e+00) (-1.266370e-01 3.673936e-03 -8.680030e-03))
503.78        	((-6.158176e+01 1.669683e+03 -2.352456e+02) (3.591256e-02 4.510532e+00 2.362811e-01)) ((2.670233e+02 -1.203913e+01 -2.037771e+00) (-1.266610e-01 3.509412e-03 -8.705464e-03))
503.79        	((-6.110569e+01 1.671924e+03 -2.351846e+02) (3.692186e-02 4.513404e+00 2.388007e-01)) ((2.675787e+02 -1.205025e+01 -2.061753e+00) (-1.267305e-01 3.349218e-03 -8.677021e-03))
503.8         	((-6.062624e+01 1.674151e+03 -2.351174e+02) (3.804886e-02 4.516492e+00 2.412274e-01)) ((2.681290e+02 -1.205957e+01 -2.089010e+00) (-1.267342e-01 3.188884e-03 -8.697759e-03))
503.81        	((-6.012180e+01 1.676422e+03 -2.350659e+02) (3.911582e-02 4.519355e+00 2.437229e-01)) ((2.686826e+02 -1.206823e+01 -2.116625e+00) (-1.267877e-01 3.026871e-03 -8.666863e-03))
503.82        	((-5.959655e+01 1.678689e+03 -2.349927e+02) (4.027974e-02 4.522404e+00 2.460916e-01)) ((2.692312e+02 -1.207506e+01 -2.146881e+00) (-1.267766e-01 2.860829e-03 -8.682498e-03))
503.83        	((-5.906886e+01 1.680971e+03 -2.349402e+02) (4.137974e-02 4.525239e+00 2.485052e-01)) ((2.697814e+02 -1.208103e+01 -2.177234e+00) (-1.268211e-01 2.691373e-03 -8.644778e-03))
503.84        	((-5.852175e+01 1.683279e+03 -2.348801e+02) (4.258241e-02 4.528235e+00 2.507790e-01)) ((2.703328e+02 -1.208574e+01 -2.209567e+00) (-1.268077e-01 2.513298e-03 -8.649463e-03))
503.85        	((-5.795772e+01 1.685625e+03 -2.348438e+02) (4.374521e-02 4.531033e+00 2.531011e-01)) ((2.708900e+02 -1.209064e+01 -2.241626e+00) (-1.268524e-01 2.334378e-03 -8.602191e-03))
503.86        	((-5.739338e+01 1.687961e+03 -2.347886e+02) (4.502677e-02 4.534004e+00 2.552764e-01)) ((2.714423e+02 -1.209522e+01 -2.275929e+00) (-1.268500e-01 2.158663e-03 -8.593147e-03))
503.87        	((-5.682105e+01 1.690357e+03 -2.347565e+02) (4.628671e-02 4.536782e+00 2.575185e-01)) ((2.720022e+02 -1.210383e+01 -2.309029e+00) (-1.269062e-01 1.995144e-03 -8.538837e-03))
503.88        	((-5.623948e+01 1.692747e+03 -2.347103e+02) (4.768695e-02 4.539724e+00 2.596307e-01)) ((2.725570e+02 -1.211645e+01 -2.343468e+00) (-1.269034e-01 1.843508e-03 -8.529230e-03))
503.89        	((-5.566593e+01 1.695153e+03 -2.346837e+02) (4.907312e-02 4.542449e+00 2.618165e-01)) ((2.731151e+02 -1.213440e+01 -2.377603e+00) (-1.269472e-01 1.702639e-03 -8.481205e-03))
503.9         	((-5.510186e+01 1.697570e+03 -2.346468e+02) (5.057534e-02 4.545295e+00 2.638425e-01)) ((2.736730e+02 -1.215627e+01 -2.413647e+00) (-1.269267e-01 1.561994e-03 -8.476547e-03))
503.91        	((-5.453680e+01 1.700004e+03 -2.346306e+02) (5.205594e-02 4.547927e+00 2.658941e-01)) ((2.742345e+02 -1.218488e+01 -2.448169e+00) (-1.269513e-01 1.430812e-03 -8.433480e-03))
503.92        	((-5.397744e+01 1.702459e+03 -2.346062e+02) (5.363669e-02 4.550718e+00 2.677282e-01)) ((2.747969e+02 -1.221846e+01 -2.483743e+00) (-1.269255e-01 1.295109e-03 -8.429792e-03))
503.93        	((-5.343267e+01 1.704948e+03 -2.345993e+02) (5.509166e-02 4.553366e+00 2.695966e-01)) ((2.753601e+02 -1.225448e+01 -2.519051e+00) (-1.269722e-01 1.121744e-03 -8.389001e-03))
503.94        	((-5.280157e+01 1.707372e+03 -2.346028e+02) (5.655013e-02 4.556213e+00 2.713776e-01)) ((2.759013e+02 -1.227136e+01 -2.557992e+00) (-1.269885e-01 8.744541e-04 -8.372519e-03))
503.95        	((-5.214208e+01 1.709828e+03 -2.346211e+02) (5.790846e-02 4.558819e+00 2.732989e-01)) ((2.764469e+02 -1.228375e+01 -2.595857e+00) (-1.270484e-01 6.398612e-04 -8.316477e-03))
503.96        	((-5.153414e+01 1.712364e+03 -2.346137e+02) (5.932993e-02 4.561558e+00 2.750807e-01)) ((2.770072e+02 -1.230239e+01 -2.633904e+00) (-1.270506e-01 4.249978e-04 -8.284459e-03))
503.97        	((-5.100388e+01 1.714972e+03 -2.345221e+02) (6.071940e-02 4.564124e+00 2.771896e-01)) ((2.775652e+02 -1.233303e+01 -2.669725e+00) (-1.270976e-01 2.293637e-04 -8.215929e-03))
503.98        	((-5.048034e+01 1.717607e+03 -2.345046e+02) (6.222511e-02 4.566875e+00 2.789431e-01)) ((2.781527e+02 -1.236901e+01 -2.706626e+00) (-1.270830e-01 5.810283e-05 -8.178052e-03))
503.99        	((-4.994756e+01 1.720241e+03 -2.345824e+02) (6.374156e-02 4.569440e+00 2.808116e-01)) ((2.787413e+02 -1.240818e+01 -2.743193e+00) (-1.271121e-01 -9.936857e-05 -8.123226e-03))
504           	((-4.944491e+01 1.722768e+03 -2.345615e+02) (6.536938e-02 4.572109e+00 2.827211e-01)) ((2.792796e+02 -1.244902e+01 -2.780664e+00) (-1.270996e-01 -2.503305e-04 -8.103226e-03))
504.01        	((-4.892473e+01 1.725352e+03 -2.345305e+02) (6.700432e-02 4.574518e+00 2.847103e-01)) ((2.798281e+02 -1.249495e+01 -2.816101e+00) (-1.271351e-01 -3.776569e-04 -8.065273e-03))
504.02        	((-4.836644e+01 1.727946e+03 -2.345978e+02) (6.873919e-02 4.577034e+00 2.862437e-01)) ((2.804102e+02 -1.254624e+01 -2.851006e+00) (-1.271266e-01 -4.822185e-04 -8.056271e-03))
504.03        	((-4.785247e+01 1.730529e+03 -2.346661e+02) (7.054376e-02 4.579346e+00 2.879695e-01)) ((2.809773e+02 -1.260784e+01 -2.884442e+00) (-1.271842e-01 -5.525761e-04 -8.032655e-03))
504.04        	((-4.736091e+01 1.733093e+03 -2.346963e+02) (7.236643e-02 4.581857e+00 2.893915e-01)) ((2.815286e+02 -1.267320e+01 -2.919362e+00) (-1.272400e-01 -6.661203e-04 -8.042015e-03))
504.05        	((-4.684313e+01 1.735703e+03 -2.347572e+02) (7.385574e-02 4.584335e+00 2.910088e-01)) ((2.820819e+02 -1.273203e+01 -2.955175e+00) (-1.273907e-01 -9.239887e-04 -8.010843e-03))
504.06        	((-4.630376e+01 1.738282e+03 -2.348236e+02) (7.540089e-02 4.586972e+00 2.924484e-01)) ((2.826383e+02 -1.278174e+01 -2.990636e+00) (-1.274618e-01 -1.142149e-03 -7.997347e-03))
504.07        	((-4.578077e+01 1.740916e+03 -2.349522e+02) (7.699538e-02 4.589355e+00 2.940157e-01)) ((2.832009e+02 -1.282810e+01 -3.023623e+00) (-1.275914e-01 -1.331230e-03 -7.928423e-03))
504.08        	((-4.524644e+01 1.743616e+03 -2.350780e+02) (7.857907e-02 4.591992e+00 2.953079e-01)) ((2.837599e+02 -1.287005e+01 -3.059824e+00) (-1.276202e-01 -1.490314e-03 -7.932679e-03))
504.09        	((-4.471160e+01 1.746443e+03 -2.352395e+02) (8.032917e-02 4.594478e+00 2.967672e-01)) ((2.843396e+02 -1.292308e+01 -3.089216e+00) (-1.277618e-01 -1.642091e-03 -7.814795e-03))
504.1         	((-4.420051e+01 1.749402e+03 -2.353865e+02) (8.192608e-02 4.597320e+00 2.978746e-01)) ((2.849266e+02 -1.296906e+01 -3.128825e+00) (-1.277503e-01 -1.772278e-03 -7.857324e-03))
504.11        	((-4.373962e+01 1.752305e+03 -2.356154e+02) (8.390068e-02 4.599402e+00 2.992768e-01)) ((2.854823e+02 -1.302552e+01 -3.156495e+00) (-1.279411e-01 -1.920111e-03 -7.652322e-03))
504.12        	((-4.326461e+01 1.755217e+03 -2.358158e+02) (8.551336e-02 4.602090e+00 3.002568e-01)) ((2.860242e+02 -1.307566e+01 -3.198898e+00) (-1.278695e-01 -1.992845e-03 -7.752557e-03))
504.13        	((-4.283934e+01 1.758008e+03 -2.360968e+02) (8.764006e-02 4.603786e+00 3.014684e-01)) ((2.865394e+02 -1.314828e+01 -3.221850e+00) (-1.280541e-01 -2.090660e-03 -7.508663e-03))
504.14        	((-4.245078e+01 1.760904e+03 -2.363384e+02) (8.950284e-02 4.606378e+00 3.022278e-01)) ((2.870696e+02 -1.322353e+01 -3.260617e+00) (-1.279716e-01 -2.050336e-03 -7.615625e-03))
504.15        	((-4.211585e+01 1.763891e+03 -2.366729e+02) (9.165664e-02 4.608032e+00 3.031802e-01)) ((2.875956e+02 -1.331766e+01 -3.283324e+00) (-1.282290e-01 -2.186777e-03 -7.349910e-03))
504.16        	((-4.175581e+01 1.766961e+03 -2.369643e+02) (9.316289e-02 4.610314e+00 3.039077e-01)) ((2.881181e+02 -1.340264e+01 -3.323954e+00) (-1.281187e-01 -2.320782e-03 -7.443435e-03))
504.17        	((-4.149078e+01 1.770034e+03 -2.373869e+02) (9.506578e-02 4.610980e+00 3.051202e-01)) ((2.886319e+02 -1.350845e+01 -3.346974e+00) (-1.281855e-01 -2.504749e-03 -7.120147e-03))
504.18        	((-4.126533e+01 1.773151e+03 -2.377764e+02) (9.676590e-02 4.613333e+00 3.059177e-01)) ((2.891406e+02 -1.361224e+01 -3.386817e+00) (-1.280469e-01 -2.561434e-03 -7.238714e-03))
504.19        	((-4.108808e+01 1.776201e+03 -2.382540e+02) (9.903469e-02 4.615026e+00 3.071009e-01)) ((2.896260e+02 -1.374066e+01 -3.405069e+00) (-1.283253e-01 -2.671352e-03 -6.944675e-03))
504.2         	((-4.090864e+01 1.779283e+03 -2.386846e+02) (1.007290e-01 4.617924e+00 3.078982e-01)) ((2.901169e+02 -1.386881e+01 -3.439308e+00) (-1.282575e-01 -2.700242e-03 -7.102161e-03))
504.21        	((-4.079095e+01 1.782249e+03 -2.392052e+02) (1.029238e-01 4.619732e+00 3.090584e-01)) ((2.905941e+02 -1.402095e+01 -3.452568e+00) (-1.285591e-01 -2.799155e-03 -6.798959e-03))
504.22        	((-4.072480e+01 1.785313e+03 -2.396924e+02) (1.044625e-01 4.622814e+00 3.098321e-01)) ((2.910946e+02 -1.417099e+01 -3.484967e+00) (-1.284427e-01 -2.797307e-03 -7.006789e-03))
504.23        	((-4.074769e+01 1.788347e+03 -2.402818e+02) (1.065633e-01 4.624618e+00 3.109755e-01)) ((2.915864e+02 -1.435248e+01 -3.492218e+00) (-1.287473e-01 -2.864874e-03 -6.682472e-03))
504.24        	((-4.080304e+01 1.791361e+03 -2.408115e+02) (1.079709e-01 4.627827e+00 3.116031e-01)) ((2.920778e+02 -1.454014e+01 -3.515867e+00) (-1.285952e-01 -2.819286e-03 -6.940087e-03))
504.25        	((-4.097216e+01 1.794346e+03 -2.414397e+02) (1.101065e-01 4.629579e+00 3.125568e-01)) ((2.925600e+02 -1.476562e+01 -3.513255e+00) (-1.289543e-01 -2.857458e-03 -6.581946e-03))
504.26        	((-4.119214e+01 1.797311e+03 -2.419893e+02) (1.113341e-01 4.632945e+00 3.129542e-01)) ((2.930376e+02 -1.499103e+01 -3.532656e+00) (-1.288173e-01 -2.856041e-03 -6.894859e-03))
504.27        	((-4.149050e+01 1.800194e+03 -2.426274e+02) (1.131691e-01 4.634532e+00 3.138850e-01)) ((2.934977e+02 -1.524080e+01 -3.526242e+00) (-1.292632e-01 -3.036015e-03 -6.446460e-03))
504.28        	((-4.181569e+01 1.803031e+03 -2.431949e+02) (1.140423e-01 4.638043e+00 3.143775e-01)) ((2.939611e+02 -1.548107e+01 -3.540424e+00) (-1.290474e-01 -3.067184e-03 -6.811924e-03))
504.29        	((-4.222283e+01 1.805854e+03 -2.438713e+02) (1.158674e-01 4.639324e+00 3.154561e-01)) ((2.944187e+02 -1.574942e+01 -3.523201e+00) (-1.295342e-01 -3.220334e-03 -6.218254e-03))
504.3         	((-4.264788e+01 1.808710e+03 -2.444708e+02) (1.165102e-01 4.643094e+00 3.159101e-01)) ((2.948779e+02 -1.601191e+01 -3.526605e+00) (-1.292119e-01 -3.192062e-03 -6.690649e-03))
504.31        	((-4.314149e+01 1.811456e+03 -2.451558e+02) (1.186176e-01 4.643402e+00 3.171048e-01)) ((2.953069e+02 -1.630590e+01 -3.497449e+00) (-1.300307e-01 -3.355669e-03 -5.629776e-03))
504.32        	((-4.366538e+01 1.814136e+03 -2.457549e+02) (1.187680e-01 4.648056e+00 3.173128e-01)) ((2.957247e+02 -1.659343e+01 -3.489243e+00) (-1.294550e-01 -3.251516e-03 -6.495895e-03))
504.33        	((-4.424898e+01 1.816904e+03 -2.464506e+02) (1.202419e-01 4.649581e+00 3.183363e-01)) ((2.961564e+02 -1.690112e+01 -3.458413e+00) (-1.299015e-01 -3.270171e-03 -6.004021e-03))
504.34        	((-4.483850e+01 1.819663e+03 -2.470507e+02) (1.204793e-01 4.653460e+00 3.185520e-01)) ((2.965902e+02 -1.720301e+01 -3.451168e+00) (-1.296035e-01 -3.164500e-03 -6.533383e-03))
504.35        	((-4.547860e+01 1.822280e+03 -2.477331e+02) (1.220091e-01 4.654682e+00 3.192547e-01)) ((2.969940e+02 -1.753926e+01 -3.402617e+00) (-1.301983e-01 -3.247051e-03 -5.903178e-03))
504.36        	((-4.614007e+01 1.824854e+03 -2.483249e+02) (1.222129e-01 4.658730e+00 3.191584e-01)) ((2.973942e+02 -1.787472e+01 -3.374437e+00) (-1.299556e-01 -3.060851e-03 -6.472845e-03))
504.37        	((-4.687008e+01 1.827389e+03 -2.490268e+02) (1.238108e-01 4.659480e+00 3.197162e-01)) ((2.977826e+02 -1.824487e+01 -3.312539e+00) (-1.307829e-01 -3.162911e-03 -5.622746e-03))
504.38        	((-4.760240e+01 1.829891e+03 -2.496087e+02) (1.235327e-01 4.664185e+00 3.193084e-01)) ((2.981627e+02 -1.860490e+01 -3.277841e+00) (-1.304973e-01 -3.035789e-03 -6.427314e-03))
504.39        	((-4.833599e+01 1.832307e+03 -2.502892e+02) (1.241925e-01 4.665227e+00 3.198397e-01)) ((2.985382e+02 -1.897725e+01 -3.217345e+00) (-1.312346e-01 -3.235942e-03 -5.739367e-03))
504.4         	((-4.910789e+01 1.834764e+03 -2.508348e+02) (1.241917e-01 4.669870e+00 3.194011e-01)) ((2.989145e+02 -1.934086e+01 -3.175625e+00) (-1.310618e-01 -3.045571e-03 -6.479431e-03))
504.41        	((-4.981233e+01 1.837055e+03 -2.515134e+02) (1.235334e-01 4.670377e+00 3.202314e-01)) ((2.992826e+02 -1.971445e+01 -3.107207e+00) (-1.315823e-01 -3.348479e-03 -5.880797e-03))
504.42        	((-5.059684e+01 1.839426e+03 -2.520195e+02) (1.241587e-01 4.674933e+00 3.201374e-01)) ((2.996343e+02 -2.008860e+01 -3.046322e+00) (-1.315679e-01 -3.041368e-03 -6.470549e-03))
504.43        	((-5.127069e+01 1.841571e+03 -2.526643e+02) (1.226703e-01 4.675116e+00 3.206043e-01)) ((2.999811e+02 -2.046249e+01 -2.969388e+00) (-1.319244e-01 -3.406356e-03 -6.071139e-03))
504.44        	((-5.205146e+01 1.843876e+03 -2.531333e+02) (1.242661e-01 4.680358e+00 3.195748e-01)) ((3.003161e+02 -2.083859e+01 -2.898340e+00) (-1.322826e-01 -3.031132e-03 -6.512694e-03))
504.45        	((-5.275018e+01 1.846069e+03 -2.537166e+02) (1.236562e-01 4.681564e+00 3.198235e-01)) ((3.006612e+02 -2.122017e+01 -2.815151e+00) (-1.327946e-01 -3.240776e-03 -6.147623e-03))
504.46        	((-5.352892e+01 1.848328e+03 -2.541227e+02) (1.243141e-01 4.685959e+00 3.190395e-01)) ((3.009970e+02 -2.160182e+01 -2.741520e+00) (-1.330955e-01 -2.972134e-03 -6.543265e-03))
504.47        	((-5.418105e+01 1.850380e+03 -2.546866e+02) (1.224758e-01 4.686024e+00 3.197563e-01)) ((3.013480e+02 -2.197926e+01 -2.660870e+00) (-1.334849e-01 -3.330727e-03 -6.126842e-03))
504.48        	((-5.492362e+01 1.852523e+03 -2.550675e+02) (1.237750e-01 4.691299e+00 3.185615e-01)) ((3.016843e+02 -2.235559e+01 -2.584476e+00) (-1.339519e-01 -2.946807e-03 -6.582226e-03))
504.49        	((-5.557719e+01 1.854518e+03 -2.555549e+02) (1.229170e-01 4.692444e+00 3.188081e-01)) ((3.020259e+02 -2.273109e+01 -2.495794e+00) (-1.345729e-01 -3.164149e-03 -6.201263e-03))
504.5         	((-5.630486e+01 1.856575e+03 -2.558511e+02) (1.234001e-01 4.697096e+00 3.179279e-01)) ((3.023527e+02 -2.309875e+01 -2.416103e+00) (-1.350058e-01 -2.940267e-03 -6.657955e-03))
504.51        	((-5.689004e+01 1.858427e+03 -2.563120e+02) (1.211499e-01 4.697119e+00 3.188276e-01)) ((3.026960e+02 -2.344773e+01 -2.330203e+00) (-1.355054e-01 -3.415027e-03 -6.205407e-03))
504.52        	((-5.752989e+01 1.860443e+03 -2.566044e+02) (1.221975e-01 4.702735e+00 3.177758e-01)) ((3.030398e+02 -2.378368e+01 -2.252288e+00) (-1.361100e-01 -3.153559e-03 -6.682672e-03))
504.53        	((-5.809450e+01 1.862312e+03 -2.570051e+02) (1.212131e-01 4.704185e+00 3.182365e-01)) ((3.033933e+02 -2.410897e+01 -2.163410e+00) (-1.368225e-01 -3.442386e-03 -6.262876e-03))
504.54        	((-5.872615e+01 1.864346e+03 -2.572372e+02) (1.213523e-01 4.708846e+00 3.176633e-01)) ((3.037595e+02 -2.442695e+01 -2.086608e+00) (-1.373263e-01 -3.306380e-03 -6.723295e-03))
504.55        	((-5.923893e+01 1.866132e+03 -2.576491e+02) (1.186468e-01 4.708747e+00 3.188702e-01)) ((3.041418e+02 -2.472865e+01 -2.003142e+00) (-1.378127e-01 -3.794130e-03 -6.246142e-03))
504.56        	((-5.981227e+01 1.868154e+03 -2.579099e+02) (1.198154e-01 4.714646e+00 3.179553e-01)) ((3.045414e+02 -2.503006e+01 -1.925354e+00) (-1.385764e-01 -3.531220e-03 -6.734236e-03))
504.57        	((-6.037190e+01 1.870011e+03 -2.582717e+02) (1.191124e-01 4.716721e+00 3.184629e-01)) ((3.049441e+02 -2.532746e+01 -1.832882e+00) (-1.393589e-01 -3.731258e-03 -6.307310e-03))
504.58        	((-6.097599e+01 1.872083e+03 -2.584988e+02) (1.189637e-01 4.721271e+00 3.182426e-01)) ((3.053767e+02 -2.562738e+01 -1.756424e+00) (-1.400243e-01 -3.688511e-03 -6.728661e-03))
504.59        	((-6.149542e+01 1.873925e+03 -2.589201e+02) (1.158739e-01 4.721556e+00 3.196526e-01)) ((3.058250e+02 -2.590788e+01 -1.673498e+00) (-1.404870e-01 -4.162106e-03 -6.184723e-03))
504.6         	((-6.206751e+01 1.876028e+03 -2.592154e+02) (1.172140e-01 4.727645e+00 3.190056e-01)) ((3.062980e+02 -2.619741e+01 -1.599466e+00) (-1.415536e-01 -3.971408e-03 -6.678915e-03))
504.61        	((-6.267132e+01 1.878011e+03 -2.595888e+02) (1.166423e-01 4.730579e+00 3.194833e-01)) ((3.067768e+02 -2.648188e+01 -1.508892e+00) (-1.422741e-01 -4.051042e-03 -6.225733e-03))
504.62        	((-6.327966e+01 1.880187e+03 -2.598700e+02) (1.162151e-01 4.734971e+00 3.196628e-01)) ((3.072908e+02 -2.677839e+01 -1.442183e+00) (-1.433828e-01 -4.183707e-03 -6.679709e-03))
504.63        	((-6.387497e+01 1.882229e+03 -2.602980e+02) (1.141430e-01 4.737455e+00 3.205446e-01)) ((3.078224e+02 -2.705633e+01 -1.355773e+00) (-1.438011e-01 -4.391023e-03 -6.110898e-03))
504.64        	((-6.448088e+01 1.884510e+03 -2.606370e+02) (1.143728e-01 4.742427e+00 3.206575e-01)) ((3.083792e+02 -2.735420e+01 -1.291765e+00) (-1.453639e-01 -4.484420e-03 -6.736767e-03))
504.65        	((-6.506961e+01 1.886648e+03 -2.610937e+02) (1.118985e-01 4.745163e+00 3.216128e-01)) ((3.089594e+02 -2.762562e+01 -1.204408e+00) (-1.455732e-01 -4.732071e-03 -6.037805e-03))
504.66        	((-6.567551e+01 1.889052e+03 -2.614520e+02) (1.118840e-01 4.751512e+00 3.215264e-01)) ((3.095729e+02 -2.792716e+01 -1.143723e+00) (-1.466848e-01 -4.416851e-03 -6.695705e-03))
504.67        	((-6.631075e+01 1.891333e+03 -2.619147e+02) (1.102912e-01 4.754631e+00 3.225688e-01)) ((3.102069e+02 -2.819302e+01 -1.060721e+00) (-1.475582e-01 -4.934474e-03 -5.957884e-03))
504.68        	((-6.692950e+01 1.893846e+03 -2.622860e+02) (1.100718e-01 4.760333e+00 3.230108e-01)) ((3.108718e+02 -2.851534e+01 -9.977903e-01) (-1.490350e-01 -5.014108e-03 -6.587502e-03))
504.69        	((-6.753358e+01 1.896197e+03 -2.627936e+02) (1.068414e-01 4.762690e+00 3.245187e-01)) ((3.115531e+02 -2.879839e+01 -9.127424e-01) (-1.496166e-01 -5.560963e-03 -5.725941e-03))
504.7         	((-6.815733e+01 1.898823e+03 -2.632208e+02) (1.069399e-01 4.770310e+00 3.243809e-01)) ((3.122774e+02 -2.910193e+01 -8.550492e-01) (-1.508469e-01 -5.066720e-03 -6.483044e-03))
504.71        	((-6.887164e+01 1.901410e+03 -2.636729e+02) (1.065110e-01 4.775089e+00 3.252243e-01)) ((3.130123e+02 -2.938882e+01 -7.650868e-01) (-1.521743e-01 -5.562755e-03 -5.633115e-03))
504.72        	((-6.953508e+01 1.904167e+03 -2.640664e+02) (1.062601e-01 4.779712e+00 3.269344e-01)) ((3.138035e+02 -2.971389e+01 -7.097200e-01) (-1.548059e-01 -6.464024e-03 -6.097752e-03))
504.73        	((-7.018370e+01 1.906766e+03 -2.645427e+02) (1.040437e-01 4.785767e+00 3.273433e-01)) ((3.145691e+02 -3.007672e+01 -6.145896e-01) (-1.549351e-01 -6.121944e-03 -5.352138e-03))
504.74        	((-7.094596e+01 1.909627e+03 -2.649383e+02) (1.018365e-01 4.793842e+00 3.273450e-01)) ((3.154451e+02 -3.037115e+01 -5.688363e-01) (-1.552233e-01 -4.953235e-03 -6.387164e-03))
504.75        	((-7.162807e+01 1.912313e+03 -2.654415e+02) (9.882488e-02 4.796394e+00 3.295767e-01)) ((3.163378e+02 -3.069467e+01 -4.837042e-01) (-1.570374e-01 -6.339684e-03 -5.091878e-03))
504.76        	((-7.226723e+01 1.915211e+03 -2.658650e+02) (1.020250e-01 4.801750e+00 3.304159e-01)) ((3.172484e+02 -3.105918e+01 -4.247812e-01) (-1.620314e-01 -8.450632e-03 -5.543733e-03))
504.77        	((-7.300427e+01 1.918053e+03 -2.662495e+02) (9.954107e-02 4.811887e+00 3.308219e-01)) ((3.181444e+02 -3.142363e+01 -3.266639e-01) (-1.611364e-01 -6.926300e-03 -4.824733e-03))
504.78        	((-7.369968e+01 1.920998e+03 -2.666405e+02) (9.494186e-02 4.817670e+00 3.325511e-01)) ((3.191324e+02 -3.172833e+01 -2.900224e-01) (-1.627633e-01 -5.765504e-03 -6.883047e-03))
504.79        	((-7.446438e+01 1.923927e+03 -2.670850e+02) (9.563812e-02 4.826543e+00 3.336280e-01)) ((3.201526e+02 -3.201625e+01 -2.197866e-01) (-1.642835e-01 -6.656077e-03 -4.762508e-03))
504.8         	((-7.503869e+01 1.926982e+03 -2.673869e+02) (9.457331e-02 4.834963e+00 3.353922e-01)) ((3.212298e+02 -3.244840e+01 -1.521675e-01) (-1.663163e-01 -7.333098e-03 -4.552839e-03))
504.81        	((-7.564149e+01 1.929976e+03 -2.677503e+02) (9.374258e-02 4.841248e+00 3.373029e-01)) ((3.223043e+02 -3.286747e+01 -6.576156e-02) (-1.688167e-01 -7.716033e-03 -3.728049e-03))
504.82        	((-7.623074e+01 1.933144e+03 -2.679957e+02) (9.167050e-02 4.849122e+00 3.388964e-01)) ((3.234743e+02 -3.326155e+01 -6.784087e-03) (-1.710386e-01 -7.492211e-03 -3.636839e-03))
504.83        	((-7.686573e+01 1.936164e+03 -2.683295e+02) (8.966172e-02 4.855872e+00 3.407786e-01)) ((3.246347e+02 -3.361342e+01 5.448160e-02) (-1.738745e-01 -7.661471e-03 -2.865416e-03))
504.84        	((-7.745254e+01 1.939346e+03 -2.685164e+02) (8.845818e-02 4.864672e+00 3.431669e-01)) ((3.258737e+02 -3.400826e+01 1.046968e-01) (-1.769943e-01 -8.037908e-03 -2.627477e-03))
504.85        	((-7.794898e+01 1.942317e+03 -2.688830e+02) (8.475631e-02 4.871571e+00 3.454402e-01)) ((3.270836e+02 -3.439505e+01 1.481468e-01) (-1.796204e-01 -7.573680e-03 -2.533224e-03))
504.86        	((-7.846787e+01 1.945589e+03 -2.690030e+02) (8.339227e-02 4.885028e+00 3.465035e-01)) ((3.284189e+02 -3.480815e+01 2.067104e-01) (-1.807650e-01 -6.698291e-03 -2.105306e-03))
504.87        	((-7.876629e+01 1.948601e+03 -2.693407e+02) (7.894386e-02 4.889878e+00 3.507141e-01)) ((3.297478e+02 -3.520605e+01 2.403307e-01) (-1.849469e-01 -7.720306e-03 -1.618141e-03))
504.88        	((-7.900834e+01 1.951904e+03 -2.694076e+02) (8.184800e-02 4.903179e+00 3.529389e-01)) ((3.311241e+02 -3.566260e+01 3.028494e-01) (-1.892537e-01 -9.239057e-03 -6.205693e-04))
504.89        	((-7.917950e+01 1.954989e+03 -2.695744e+02) (7.856881e-02 4.913893e+00 3.561924e-01)) ((3.324951e+02 -3.603361e+01 3.364574e-01) (-1.919187e-01 -8.427098e-03 -4.030963e-04))
504.9         	((-7.931199e+01 1.958277e+03 -2.694994e+02) (7.663259e-02 4.929664e+00 3.589079e-01)) ((3.339618e+02 -3.638778e+01 3.699718e-01) (-1.937267e-01 -7.702123e-03 -1.800780e-05))
504.91        	((-7.929814e+01 1.961313e+03 -2.695793e+02) (7.464943e-02 4.940356e+00 3.634215e-01)) ((3.354194e+02 -3.669945e+01 3.802078e-01) (-1.978214e-01 -8.231992e-03 5.923368e-04))
504.92        	((-7.916324e+01 1.964566e+03 -2.694143e+02) (7.492726e-02 4.956164e+00 3.670996e-01)) ((3.369418e+02 -3.708620e+01 4.068904e-01) (-2.015456e-01 -8.863455e-03 1.216059e-03))
504.93        	((-7.887841e+01 1.967568e+03 -2.694418e+02) (7.155839e-02 4.968823e+00 3.724573e-01)) ((3.384677e+02 -3.739118e+01 4.031047e-01) (-2.049854e-01 -9.076847e-03 1.862017e-03))
504.94        	((-7.855163e+01 1.970907e+03 -2.692179e+02) (7.238351e-02 4.988675e+00 3.763915e-01)) ((3.400696e+02 -3.773836e+01 4.175993e-01) (-2.081928e-01 -8.863245e-03 2.321602e-03))
504.95        	((-7.816374e+01 1.974059e+03 -2.691592e+02) (7.147877e-02 5.003338e+00 3.822268e-01)) ((3.416829e+02 -3.797589e+01 3.993941e-01) (-2.133345e-01 -9.594691e-03 3.194090e-03))
504.96        	((-7.771279e+01 1.977478e+03 -2.688699e+02) (7.280792e-02 5.024249e+00 3.873777e-01)) ((3.433616e+02 -3.828157e+01 3.947340e-01) (-2.180541e-01 -1.000834e-02 4.033543e-03))
504.97        	((-7.714503e+01 1.980646e+03 -2.687929e+02) (7.112010e-02 5.041244e+00 3.941524e-01)) ((3.450332e+02 -3.848569e+01 3.522632e-01) (-2.240136e-01 -1.078193e-02 5.173580e-03))
504.98        	((-7.659061e+01 1.984124e+03 -2.684707e+02) (7.223236e-02 5.066600e+00 3.995683e-01)) ((3.467846e+02 -3.869178e+01 3.154042e-01) (-2.296163e-01 -1.054396e-02 6.189199e-03))
504.99        	((-7.593167e+01 1.987383e+03 -2.683315e+02) (7.256319e-02 5.087180e+00 4.076195e-01)) ((3.485557e+02 -3.882491e+01 2.495422e-01) (-2.378503e-01 -1.198828e-02 7.882258e-03))
505           	((-7.527731e+01 1.990892e+03 -2.679603e+02) (7.481390e-02 5.114128e+00 4.152559e-01)) ((3.503818e+02 -3.897644e+01 1.885434e-01) (-2.470010e-01 -1.268544e-02 9.692963e-03))
