# Forces      
# CofR        : (0.000000e+00 0.000000e+00 0.000000e+00)
# Time        forces(pressure viscous)	moments(pressure viscous)
500           	((1.806851e+00 8.918170e+03 8.192919e+03) (1.837422e-04 4.066727e+00 2.007412e-01)) ((-2.383944e+03 -1.356295e-01 4.057729e-01) (-2.454070e-01 5.706709e-06 -1.829267e-04))
500.01        	((2.667791e+00 6.849447e+03 6.574619e+03) (-3.017526e-04 3.076657e+00 1.372735e-01)) ((-1.880193e+03 -6.251446e-01 -3.809240e-01) (5.544748e-02 -4.807688e-05 8.028910e-04))
500.02        	((3.960917e+00 1.185762e+03 1.166244e+03) (-1.787365e-04 2.062968e+00 -1.319308e-03)) ((-5.502781e+02 -2.753256e-01 -9.004181e-01) (2.884694e-01 2.149266e-03 -3.822265e-03))
500.03        	((3.910719e+00 -2.463504e+03 -1.968580e+03) (9.486465e-04 2.038621e+00 -2.469471e-02)) ((2.529801e+02 1.578213e+00 -2.177153e+00) (1.690989e-01 6.163579e-04 -3.016871e-03))
500.04        	((2.354592e+00 -2.100772e+03 -1.171431e+03) (3.284157e-04 3.146562e+00 2.821722e-01)) ((1.424902e+02 1.912340e+00 -1.802332e+00) (-2.471345e-01 1.214933e-03 -4.404916e-03))
500.05        	((1.175807e+00 1.983032e+02 1.250359e+03) (-8.235591e-03 4.860493e+00 8.004698e-01)) ((-3.591385e+02 1.047831e+00 6.443841e-02) (-7.003427e-01 -3.675887e-03 -7.795537e-03))
500.06        	((1.430858e+00 1.982575e+03 2.802570e+03) (-1.352519e-02 5.245970e+00 9.480990e-01)) ((-7.488994e+02 3.224590e-01 8.915948e-01) (-7.002303e-01 -4.816659e-03 -1.231358e-03))
500.07        	((2.209997e+00 2.218718e+03 2.726825e+03) (-8.197476e-03 4.882662e+00 1.004601e+00)) ((-8.319113e+02 1.541932e-01 1.595116e+00) (-4.761758e-01 -4.318072e-03 1.460384e-03))
500.08        	((2.292747e+00 1.352170e+03 1.837604e+03) (-1.308304e-03 4.168213e+00 8.881790e-01)) ((-7.025846e+02 2.929758e-01 7.455056e-01) (-2.051364e-01 -1.395948e-03 1.713354e-03))
500.09        	((3.102189e+00 4.197209e+02 1.136802e+03) (-1.636522e-02 3.731635e+00 9.666150e-01)) ((-5.333310e+02 3.333249e-01 -3.653167e-02) (-1.752947e-01 -4.125848e-03 -2.742486e-03))
500.1         	((3.651709e+00 1.411501e+01 9.927923e+02) (-1.480215e-02 4.012063e+00 1.284241e+00)) ((-4.210328e+02 3.972141e-01 2.197435e-01) (-3.903392e-01 -3.146789e-03 -7.461296e-03))
500.11        	((3.201167e+00 1.854567e+02 1.233785e+03) (-1.143102e-02 4.659778e+00 1.673374e+00)) ((-4.069662e+02 5.435557e-01 7.597172e-01) (-6.534312e-01 -1.680405e-03 -4.807827e-03))
500.12        	((1.272728e+00 5.789085e+02 1.513293e+03) (-6.425463e-03 5.190634e+00 1.871673e+00)) ((-4.587630e+02 5.280887e-01 8.011909e-01) (-7.733064e-01 -1.125170e-03 -7.213089e-03))
500.13        	((5.121448e-01 8.446627e+02 1.612763e+03) (-1.217674e-02 5.271319e+00 1.957054e+00)) ((-5.137039e+02 3.867441e-01 4.338317e-01) (-7.411302e-01 -1.120561e-03 -5.868321e-03))
500.14        	((-1.607646e+00 8.381223e+02 1.517411e+03) (-1.426940e-02 5.163366e+00 2.035059e+00)) ((-5.278627e+02 -4.052199e-02 -4.895125e-01) (-6.679837e-01 -9.696946e-04 -4.618343e-03))
500.15        	((-1.059942e+00 6.504479e+02 1.327856e+03) (-1.021164e-02 5.076415e+00 2.180242e+00)) ((-4.938736e+02 -2.035483e-01 -8.956053e-01) (-6.362050e-01 2.726037e-05 -4.473023e-03))
500.16        	((3.017310e-01 4.773171e+02 1.176057e+03) (-8.134941e-03 5.080670e+00 2.372148e+00)) ((-4.431200e+02 -1.633998e-01 -8.530443e-01) (-6.497966e-01 5.242036e-04 -4.700301e-03))
500.17        	((9.179990e-01 4.366693e+02 1.127481e+03) (-6.792128e-03 5.185610e+00 2.530817e+00)) ((-4.098288e+02 3.984838e-03 -4.575817e-01) (-6.801866e-01 5.390198e-04 -5.285815e-03))
500.18        	((1.789551e-01 5.156060e+02 1.164227e+03) (-6.097367e-03 5.342404e+00 2.631274e+00)) ((-4.077846e+02 2.002968e-01 -9.467796e-02) (-7.027176e-01 -1.730393e-04 -6.055251e-03))
500.19        	((-1.345506e+00 6.176513e+02 1.215294e+03) (-4.055346e-03 5.467520e+00 2.680830e+00)) ((-4.226134e+02 3.238758e-01 -1.457991e-02) (-7.017183e-01 -3.008982e-04 -5.502987e-03))
500.2         	((-2.490723e+00 6.612928e+02 1.220346e+03) (-5.524613e-03 5.533521e+00 2.728234e+00)) ((-4.312361e+02 2.958263e-01 -1.563992e-01) (-6.828440e-01 -3.843222e-04 -4.979174e-03))
500.21        	((-2.849057e+00 6.332386e+02 1.169410e+03) (-6.985848e-03 5.571679e+00 2.797159e+00)) ((-4.225525e+02 1.979594e-01 -3.936005e-01) (-6.639956e-01 -3.733124e-04 -4.452725e-03))
500.22        	((-2.587140e+00 5.754911e+02 1.097547e+03) (-8.275312e-03 5.611609e+00 2.876910e+00)) ((-4.016638e+02 1.151978e-01 -5.579294e-01) (-6.518147e-01 -4.407420e-04 -4.592417e-03))
500.23        	((-2.183387e+00 5.376618e+02 1.048394e+03) (-7.594881e-03 5.663604e+00 2.946448e+00)) ((-3.823836e+02 9.948444e-02 -5.484818e-01) (-6.453068e-01 -1.506153e-04 -4.475114e-03))
500.24        	((-2.183668e+00 5.389058e+02 1.039297e+03) (-7.483007e-03 5.725251e+00 2.992245e+00)) ((-3.740361e+02 1.439720e-01 -4.156134e-01) (-6.363504e-01 -2.362274e-04 -4.711433e-03))
500.25        	((-2.707291e+00 5.639750e+02 1.056244e+03) (-6.070285e-03 5.781074e+00 3.009634e+00)) ((-3.754155e+02 2.030220e-01 -2.890620e-01) (-6.234230e-01 1.511711e-04 -4.581079e-03))
500.26        	((-3.370626e+00 5.847058e+02 1.071514e+03) (-6.525718e-03 5.820736e+00 3.011248e+00)) ((-3.785202e+02 2.306897e-01 -2.585421e-01) (-6.053930e-01 4.532535e-05 -4.490111e-03))
500.27        	((-3.837861e+00 5.838735e+02 1.067167e+03) (-5.904053e-03 5.844861e+00 3.011196e+00)) ((-3.766988e+02 2.381318e-01 -3.266632e-01) (-5.870003e-01 2.549067e-04 -4.238356e-03))
500.28        	((-3.943649e+00 5.640960e+02 1.045093e+03) (-6.859246e-03 5.858259e+00 3.016058e+00)) ((-3.688586e+02 2.288378e-01 -4.272071e-01) (-5.689396e-01 5.614228e-05 -4.086343e-03))
500.29        	((-3.841585e+00 5.403504e+02 1.019921e+03) (-5.662788e-03 5.870904e+00 3.024917e+00)) ((-3.589374e+02 2.243387e-01 -4.950273e-01) (-5.540461e-01 3.385983e-04 -3.845411e-03))
500.3         	((-3.732567e+00 5.261009e+02 1.005165e+03) (-5.084577e-03 5.882320e+00 3.032005e+00)) ((-3.514839e+02 2.246457e-01 -5.061542e-01) (-5.426847e-01 4.840344e-04 -3.642401e-03))
500.31        	((-3.744794e+00 5.244248e+02 1.003803e+03) (2.391478e-03 5.862595e+00 3.019788e+00)) ((-3.478334e+02 2.170541e-01 -4.970686e-01) (-5.517940e-01 -3.214165e-03 -4.748234e-03))
500.32        	((-3.311896e+00 5.287622e+02 1.008551e+03) (-1.342730e-03 5.881000e+00 3.024521e+00)) ((-3.466760e+02 -3.405342e-02 -8.638313e-01) (-5.306194e-01 -1.196743e-03 -3.796566e-03))
500.33        	((-3.505052e+00 5.308451e+02 1.011309e+03) (-2.309767e-03 5.884429e+00 3.024979e+00)) ((-3.447006e+02 -1.897420e-02 -8.839748e-01) (-5.126949e-01 5.615301e-04 -3.088382e-03))
500.34        	((-3.779781e+00 5.263157e+02 1.007094e+03) (-5.068007e-03 5.875631e+00 3.025094e+00)) ((-3.410998e+02 6.437763e-02 -8.117619e-01) (-4.980941e-01 1.405912e-03 -2.008864e-03))
500.35        	((-3.949201e+00 5.169604e+02 9.976798e+02) (-4.210821e-03 5.859690e+00 3.024462e+00)) ((-3.364271e+02 1.410818e-01 -7.366950e-01) (-4.873541e-01 1.779345e-03 -1.629514e-03))
500.36        	((-3.868341e+00 5.075167e+02 9.878961e+02) (-4.302772e-03 5.840757e+00 3.025629e+00)) ((-3.318249e+02 1.406877e-01 -7.533410e-01) (-4.795904e-01 1.559932e-03 -1.749169e-03))
500.37        	((-3.705804e+00 5.015835e+02 9.814054e+02) (-3.816087e-03 5.819283e+00 3.027894e+00)) ((-3.280482e+02 1.100760e-01 -7.817569e-01) (-4.729189e-01 1.273595e-03 -1.832001e-03))
500.38        	((-3.596857e+00 4.995610e+02 9.786282e+02) (-3.820746e-03 5.798113e+00 3.029926e+00)) ((-3.251577e+02 8.733492e-02 -7.975477e-01) (-4.668450e-01 1.000370e-03 -2.193382e-03))
500.39        	((-3.573234e+00 4.991359e+02 9.770924e+02) (-2.675040e-03 5.774667e+00 3.032024e+00)) ((-3.225903e+02 8.010539e-02 -7.871967e-01) (-4.605212e-01 1.134698e-03 -2.022103e-03))
500.4         	((-3.569535e+00 4.979304e+02 9.742348e+02) (-4.543739e-03 5.749612e+00 3.034410e+00)) ((-3.198735e+02 7.450601e-02 -7.811942e-01) (-4.542480e-01 7.322400e-04 -2.515784e-03))
500.41        	((-3.546168e+00 4.950925e+02 9.693453e+02) (-3.811667e-03 5.722182e+00 3.036114e+00)) ((-3.168151e+02 7.371902e-02 -7.670217e-01) (-4.479659e-01 8.723019e-04 -2.224045e-03))
500.42        	((-3.490231e+00 4.913096e+02 9.632796e+02) (-5.584658e-03 5.692696e+00 3.037929e+00)) ((-3.135257e+02 7.350969e-02 -7.667778e-01) (-4.422993e-01 5.491270e-04 -2.603283e-03))
500.43        	((-3.429117e+00 4.878569e+02 9.573983e+02) (-4.526656e-03 5.662416e+00 3.039487e+00)) ((-3.102827e+02 7.816450e-02 -7.523823e-01) (-4.372391e-01 8.022130e-04 -2.185696e-03))
500.44        	((-3.385836e+00 4.854912e+02 9.524342e+02) (-6.058827e-03 5.631599e+00 3.041157e+00)) ((-3.072513e+02 8.187595e-02 -7.469262e-01) (-4.327319e-01 5.138779e-04 -2.543371e-03))
500.45        	((-3.373206e+00 4.841042e+02 9.482067e+02) (-4.837670e-03 5.600383e+00 3.042313e+00)) ((-3.044183e+02 8.321618e-02 -7.243053e-01) (-4.282180e-01 7.421295e-04 -2.125581e-03))
500.46        	((-3.349781e+00 4.830723e+02 9.440545e+02) (-6.152520e-03 5.568793e+00 3.043510e+00)) ((-3.016621e+02 7.448471e-02 -7.071481e-01) (-4.238103e-01 4.453812e-04 -2.553849e-03))
500.47        	((-3.310366e+00 4.819089e+02 9.395172e+02) (-5.162197e-03 5.536595e+00 3.044587e+00)) ((-2.988918e+02 6.367822e-02 -6.760935e-01) (-4.193256e-01 6.557005e-04 -2.008783e-03))
500.48        	((-3.253831e+00 4.805509e+02 9.346258e+02) (-6.869103e-03 5.504140e+00 3.045920e+00)) ((-2.961022e+02 5.270532e-02 -6.628139e-01) (-4.149988e-01 3.571975e-04 -2.397151e-03))
500.49        	((-3.209521e+00 4.791011e+02 9.295566e+02) (-5.675810e-03 5.471728e+00 3.047029e+00)) ((-2.932983e+02 4.828094e-02 -6.483683e-01) (-4.106677e-01 6.356454e-04 -1.962130e-03))
500.5         	((-3.178852e+00 4.777856e+02 9.245799e+02) (-7.196192e-03 5.439846e+00 3.048027e+00)) ((-2.905108e+02 4.459439e-02 -6.545453e-01) (-4.065078e-01 4.186252e-04 -2.371689e-03))
500.51        	((-3.166944e+00 4.767761e+02 9.198395e+02) (-5.632659e-03 5.408978e+00 3.049089e+00)) ((-2.877934e+02 4.121369e-02 -6.476454e-01) (-4.023916e-01 7.282425e-04 -1.832242e-03))
500.52        	((-3.165080e+00 4.760647e+02 9.152778e+02) (-6.952426e-03 5.378052e+00 3.050485e+00)) ((-2.851619e+02 3.270806e-02 -6.566322e-01) (-3.981801e-01 5.501035e-04 -2.250440e-03))
500.53        	((-3.174319e+00 4.755309e+02 9.107831e+02) (-5.936219e-03 5.347192e+00 3.051231e+00)) ((-2.826132e+02 1.895348e-02 -6.606340e-01) (-3.935169e-01 9.002195e-04 -1.885700e-03))
500.54        	((-3.162727e+00 4.750545e+02 9.062434e+02) (-7.627889e-03 5.317174e+00 3.052105e+00)) ((-2.801155e+02 6.027910e-03 -6.630768e-01) (-3.891458e-01 4.090587e-04 -2.366174e-03))
500.55        	((-3.159756e+00 4.746192e+02 9.016826e+02) (-5.905140e-03 5.287332e+00 3.053111e+00)) ((-2.776540e+02 -7.932380e-03 -6.652256e-01) (-3.846159e-01 6.884935e-04 -1.889126e-03))
500.56        	((-3.159214e+00 4.742496e+02 8.971464e+02) (-6.810491e-03 5.258308e+00 3.054416e+00)) ((-2.752128e+02 -1.822887e-02 -6.833633e-01) (-3.802192e-01 5.415203e-04 -2.183139e-03))
500.57        	((-3.176431e+00 4.739957e+02 8.927054e+02) (-6.137055e-03 5.229754e+00 3.055168e+00)) ((-2.728170e+02 -3.541646e-02 -6.985403e-01) (-3.753902e-01 7.533710e-04 -1.930675e-03))
500.58        	((-3.197554e+00 4.738579e+02 8.883876e+02) (-7.351325e-03 5.201799e+00 3.055074e+00)) ((-2.704891e+02 -5.064963e-02 -7.152499e-01) (-3.702254e-01 4.568334e-04 -2.482941e-03))
500.59        	((-3.240514e+00 4.738994e+02 8.842171e+02) (-6.242672e-03 5.175497e+00 3.056077e+00)) ((-2.682825e+02 -6.902461e-02 -7.334168e-01) (-3.656374e-01 5.910805e-04 -2.207110e-03))
500.6         	((-3.273830e+00 4.740320e+02 8.801420e+02) (-7.162124e-03 5.149956e+00 3.056891e+00)) ((-2.661637e+02 -8.454092e-02 -7.555837e-01) (-3.610145e-01 2.443590e-04 -2.472312e-03))
500.61        	((-3.315995e+00 4.742612e+02 8.761316e+02) (-6.566321e-03 5.124777e+00 3.057711e+00)) ((-2.641143e+02 -1.026704e-01 -7.852794e-01) (-3.560965e-01 3.679813e-04 -2.462515e-03))
500.62        	((-3.357928e+00 4.745356e+02 8.722009e+02) (-7.544576e-03 5.100730e+00 3.058311e+00)) ((-2.621047e+02 -1.213012e-01 -8.247744e-01) (-3.512702e-01 1.664370e-04 -2.930629e-03))
500.63        	((-3.418579e+00 4.749158e+02 8.683770e+02) (-6.464885e-03 5.076966e+00 3.059486e+00)) ((-2.601536e+02 -1.480149e-01 -8.584644e-01) (-3.463802e-01 2.071112e-04 -2.620059e-03))
500.64        	((-3.482961e+00 4.753905e+02 8.646657e+02) (-7.535251e-03 5.054178e+00 3.060868e+00)) ((-2.582649e+02 -1.730994e-01 -9.003324e-01) (-3.417433e-01 -1.191273e-04 -3.139598e-03))
500.65        	((-3.560630e+00 4.759723e+02 8.610621e+02) (-6.406018e-03 5.032278e+00 3.062222e+00)) ((-2.564401e+02 -1.969961e-01 -9.363498e-01) (-3.370407e-01 1.723600e-04 -2.968630e-03))
500.66        	((-3.636276e+00 4.766256e+02 8.575220e+02) (-7.843926e-03 5.010238e+00 3.063340e+00)) ((-2.546661e+02 -2.182584e-01 -9.780830e-01) (-3.319753e-01 -1.750153e-04 -3.449390e-03))
500.67        	((-3.728648e+00 4.773502e+02 8.540530e+02) (-6.447914e-03 4.989414e+00 3.064826e+00)) ((-2.529591e+02 -2.360493e-01 -1.013070e+00) (-3.271639e-01 -1.459885e-05 -3.232628e-03))
500.68        	((-3.826305e+00 4.781152e+02 8.506385e+02) (-7.266787e-03 4.969281e+00 3.066671e+00)) ((-2.512978e+02 -2.476515e-01 -1.064665e+00) (-3.225003e-01 -1.801825e-04 -3.676273e-03))
500.69        	((-3.916234e+00 4.789337e+02 8.473145e+02) (-6.314608e-03 4.950392e+00 3.068607e+00)) ((-2.496915e+02 -2.607968e-01 -1.102659e+00) (-3.180639e-01 4.060107e-05 -3.421314e-03))
500.7         	((-3.989345e+00 4.797832e+02 8.440780e+02) (-7.197586e-03 4.932218e+00 3.070297e+00)) ((-2.481238e+02 -2.735233e-01 -1.139996e+00) (-3.135844e-01 -1.823119e-04 -3.707878e-03))
500.71        	((-4.077933e+00 4.807139e+02 8.409254e+02) (-5.956814e-03 4.914143e+00 3.072400e+00)) ((-2.466089e+02 -2.874582e-01 -1.168705e+00) (-3.089360e-01 1.011518e-04 -3.362048e-03))
500.72        	((-4.184768e+00 4.816883e+02 8.378300e+02) (-6.967122e-03 4.897103e+00 3.074419e+00)) ((-2.451350e+02 -3.041367e-01 -1.213650e+00) (-3.044995e-01 -3.002323e-05 -3.622041e-03))
500.73        	((-4.303619e+00 4.827094e+02 8.348139e+02) (-6.511294e-03 4.881421e+00 3.076253e+00)) ((-2.437132e+02 -3.237620e-01 -1.250078e+00) (-3.002577e-01 8.482267e-05 -3.553773e-03))
500.74        	((-4.425923e+00 4.837411e+02 8.319038e+02) (-7.574697e-03 4.867088e+00 3.077563e+00)) ((-2.423430e+02 -3.448993e-01 -1.297930e+00) (-2.963002e-01 -7.427037e-05 -4.019235e-03))
500.75        	((-4.550097e+00 4.848221e+02 8.291045e+02) (-7.352766e-03 4.852870e+00 3.078592e+00)) ((-2.410338e+02 -3.747128e-01 -1.335696e+00) (-2.920877e-01 6.297468e-05 -4.119451e-03))
500.76        	((-4.675579e+00 4.859562e+02 8.263777e+02) (-8.288844e-03 4.840172e+00 3.080254e+00)) ((-2.397765e+02 -4.106241e-01 -1.376114e+00) (-2.884171e-01 -1.196324e-04 -4.381255e-03))
500.77        	((-4.798371e+00 4.871065e+02 8.237018e+02) (-8.024057e-03 4.828791e+00 3.081747e+00)) ((-2.385605e+02 -4.458243e-01 -1.403351e+00) (-2.849959e-01 -1.588830e-04 -4.320907e-03))
500.78        	((-4.901638e+00 4.882371e+02 8.211086e+02) (-8.996266e-03 4.818169e+00 3.082649e+00)) ((-2.373864e+02 -4.759357e-01 -1.437134e+00) (-2.815589e-01 -3.761163e-04 -4.755516e-03))
500.79        	((-5.003663e+00 4.893896e+02 8.185898e+02) (-8.894352e-03 4.808029e+00 3.083781e+00)) ((-2.362504e+02 -5.061692e-01 -1.462630e+00) (-2.782156e-01 -4.627192e-04 -4.760215e-03))
500.8         	((-5.112751e+00 4.905678e+02 8.161377e+02) (-9.964018e-03 4.798101e+00 3.084471e+00)) ((-2.351413e+02 -5.366855e-01 -1.504658e+00) (-2.747309e-01 -5.362284e-04 -5.254875e-03))
500.81        	((-5.253741e+00 4.918020e+02 8.137633e+02) (-9.720073e-03 4.788628e+00 3.085330e+00)) ((-2.340701e+02 -5.674779e-01 -1.547470e+00) (-2.712683e-01 -4.349716e-04 -5.374712e-03))
500.82        	((-5.421960e+00 4.930349e+02 8.114857e+02) (-1.049694e-02 4.779966e+00 3.086261e+00)) ((-2.330408e+02 -5.953457e-01 -1.605209e+00) (-2.680036e-01 -6.241215e-04 -5.711480e-03))
500.83        	((-5.608949e+00 4.942497e+02 8.092953e+02) (-1.019149e-02 4.771894e+00 3.087441e+00)) ((-2.320463e+02 -6.204157e-01 -1.655599e+00) (-2.649391e-01 -6.741598e-04 -5.641210e-03))
500.84        	((-5.807349e+00 4.954481e+02 8.071720e+02) (-1.065751e-02 4.763960e+00 3.088313e+00)) ((-2.310692e+02 -6.433961e-01 -1.711581e+00) (-2.617325e-01 -8.038439e-04 -5.736917e-03))
500.85        	((-6.009364e+00 4.966977e+02 8.050780e+02) (-1.028311e-02 4.756380e+00 3.089876e+00)) ((-2.301118e+02 -6.680017e-01 -1.758352e+00) (-2.585372e-01 -6.740022e-04 -5.725071e-03))
500.86        	((-6.218433e+00 4.980061e+02 8.030260e+02) (-1.065226e-02 4.749964e+00 3.091277e+00)) ((-2.291741e+02 -6.948813e-01 -1.809105e+00) (-2.556302e-01 -6.812847e-04 -5.841501e-03))
500.87        	((-6.437869e+00 4.993656e+02 8.010580e+02) (-1.005423e-02 4.743436e+00 3.092773e+00)) ((-2.282784e+02 -7.217962e-01 -1.847221e+00) (-2.524975e-01 -5.826145e-04 -5.646473e-03))
500.88        	((-6.649967e+00 5.007459e+02 7.992025e+02) (-1.024100e-02 4.736901e+00 3.094277e+00)) ((-2.274441e+02 -7.421834e-01 -1.891893e+00) (-2.492807e-01 -5.717001e-04 -5.718601e-03))
500.89        	((-6.850825e+00 5.021181e+02 7.974428e+02) (-9.549765e-03 4.730939e+00 3.096029e+00)) ((-2.266677e+02 -7.580137e-01 -1.924091e+00) (-2.462866e-01 -4.961342e-04 -5.416821e-03))
500.9         	((-7.034722e+00 5.034698e+02 7.957426e+02) (-9.657615e-03 4.725650e+00 3.098041e+00)) ((-2.259269e+02 -7.706974e-01 -1.959209e+00) (-2.435134e-01 -4.704939e-04 -5.511852e-03))
500.91        	((-7.221644e+00 5.048178e+02 7.940636e+02) (-9.055423e-03 4.720773e+00 3.100179e+00)) ((-2.251959e+02 -7.855113e-01 -1.990488e+00) (-2.407156e-01 -3.076044e-04 -5.439488e-03))
500.92        	((-7.427431e+00 5.062302e+02 7.924433e+02) (-7.761347e-03 4.714131e+00 3.096464e+00)) ((-2.245026e+02 -8.086295e-01 -2.039508e+00) (-2.336186e-01 9.495577e-04 -4.989245e-03))
500.93        	((-7.660102e+00 5.077439e+02 7.908592e+02) (-8.358744e-03 4.710774e+00 3.101895e+00)) ((-2.238434e+02 -8.399247e-01 -2.101124e+00) (-2.330445e-01 2.439231e-04 -5.525493e-03))
500.94        	((-7.812784e+00 5.092170e+02 7.894437e+02) (-8.766014e-03 4.706833e+00 3.105812e+00)) ((-2.232462e+02 -8.554845e-01 -2.139610e+00) (-2.311243e-01 -3.057831e-05 -5.933638e-03))
500.95        	((-7.922106e+00 5.106584e+02 7.881134e+02) (-8.386566e-03 4.702834e+00 3.108931e+00)) ((-2.226771e+02 -8.637007e-01 -2.159721e+00) (-2.286028e-01 -7.873988e-05 -6.086573e-03))
500.96        	((-8.009955e+00 5.121110e+02 7.868058e+02) (-8.665429e-03 4.698738e+00 3.112080e+00)) ((-2.221193e+02 -8.686187e-01 -2.179308e+00) (-2.258797e-01 -2.465244e-04 -6.473428e-03))
500.97        	((-8.087570e+00 5.135690e+02 7.854903e+02) (-8.871711e-03 4.694432e+00 3.114989e+00)) ((-2.215557e+02 -8.661987e-01 -2.193976e+00) (-2.228323e-01 -5.686328e-04 -6.946945e-03))
500.98        	((-8.174275e+00 5.150211e+02 7.842039e+02) (-8.896691e-03 4.690710e+00 3.118307e+00)) ((-2.210085e+02 -8.652109e-01 -2.225768e+00) (-2.202733e-01 -6.255456e-04 -7.163145e-03))
500.99        	((-8.233797e+00 5.164833e+02 7.829829e+02) (-9.022935e-03 4.686287e+00 3.120632e+00)) ((-2.204892e+02 -8.523404e-01 -2.242807e+00) (-2.166984e-01 -9.723452e-04 -7.543501e-03))
501           	((-8.273149e+00 5.179887e+02 7.818304e+02) (-8.986325e-03 4.682353e+00 3.123022e+00)) ((-2.200044e+02 -8.365785e-01 -2.260056e+00) (-2.132521e-01 -1.119502e-03 -7.669474e-03))
501.01        	((-8.271667e+00 5.194954e+02 7.807393e+02) (-9.025917e-03 4.677984e+00 3.124361e+00)) ((-2.195334e+02 -8.064923e-01 -2.254665e+00) (-2.088742e-01 -1.517865e-03 -7.941889e-03))
501.02        	((-8.284342e+00 5.209581e+02 7.796821e+02) (-8.607574e-03 4.675117e+00 3.129497e+00)) ((-2.190548e+02 -7.826424e-01 -2.264957e+00) (-2.072524e-01 -1.199175e-03 -7.893516e-03))
501.03        	((-8.279455e+00 5.223719e+02 7.786239e+02) (-8.506722e-03 4.671369e+00 3.133158e+00)) ((-2.185509e+02 -7.490665e-01 -2.262101e+00) (-2.043366e-01 -1.292639e-03 -8.037939e-03))
501.04        	((-8.273694e+00 5.237793e+02 7.775592e+02) (-8.389073e-03 4.667823e+00 3.137108e+00)) ((-2.180397e+02 -7.144692e-01 -2.264631e+00) (-2.016250e-01 -1.237774e-03 -7.993355e-03))
501.05        	((-8.259641e+00 5.251592e+02 7.765205e+02) (-8.513083e-03 4.664484e+00 3.140844e+00)) ((-2.175282e+02 -6.738121e-01 -2.256840e+00) (-1.988899e-01 -1.388982e-03 -8.233650e-03))
501.06        	((-8.255342e+00 5.265210e+02 7.755090e+02) (-8.797870e-03 4.661874e+00 3.144797e+00)) ((-2.170227e+02 -6.381454e-01 -2.256500e+00) (-1.965707e-01 -1.467157e-03 -8.455284e-03))
501.07        	((-8.250873e+00 5.278402e+02 7.745397e+02) (-9.042341e-03 4.659532e+00 3.148538e+00)) ((-2.165176e+02 -6.049414e-01 -2.250568e+00) (-1.942563e-01 -1.604185e-03 -8.721960e-03))
501.08        	((-8.256688e+00 5.291245e+02 7.736040e+02) (-9.474257e-03 4.657687e+00 3.152388e+00)) ((-2.160088e+02 -5.787035e-01 -2.251044e+00) (-1.921643e-01 -1.703162e-03 -8.970463e-03))
501.09        	((-8.268362e+00 5.303539e+02 7.726968e+02) (-9.729992e-03 4.656128e+00 3.155950e+00)) ((-2.154875e+02 -5.556748e-01 -2.251476e+00) (-1.900654e-01 -1.780512e-03 -9.090139e-03))
501.1         	((-8.281447e+00 5.315400e+02 7.718133e+02) (-1.010376e-02 4.654670e+00 3.159509e+00)) ((-2.149579e+02 -5.354007e-01 -2.255989e+00) (-1.879972e-01 -1.812680e-03 -9.148492e-03))
501.11        	((-8.291483e+00 5.326654e+02 7.709532e+02) (-1.035841e-02 4.653413e+00 3.162846e+00)) ((-2.144201e+02 -5.173571e-01 -2.257955e+00) (-1.858841e-01 -1.808076e-03 -9.107985e-03))
501.12        	((-8.294225e+00 5.337353e+02 7.700975e+02) (-1.088347e-02 4.652453e+00 3.166209e+00)) ((-2.138730e+02 -5.024410e-01 -2.257910e+00) (-1.838393e-01 -1.802596e-03 -9.080895e-03))
501.13        	((-8.286279e+00 5.347248e+02 7.692730e+02) (-1.120074e-02 4.651203e+00 3.169133e+00)) ((-2.133212e+02 -4.892054e-01 -2.251478e+00) (-1.818504e-01 -1.826051e-03 -9.017883e-03))
501.14        	((-8.273438e+00 5.356305e+02 7.684807e+02) (-1.184776e-02 4.650853e+00 3.172332e+00)) ((-2.127811e+02 -4.800974e-01 -2.244538e+00) (-1.800015e-01 -1.895153e-03 -9.073623e-03))
501.15        	((-8.285253e+00 5.364494e+02 7.677540e+02) (-1.244453e-02 4.650532e+00 3.174918e+00)) ((-2.122448e+02 -4.755316e-01 -2.238769e+00) (-1.782763e-01 -1.953583e-03 -9.218497e-03))
501.16        	((-8.311883e+00 5.372777e+02 7.670633e+02) (-1.311990e-02 4.651009e+00 3.177965e+00)) ((-2.117162e+02 -4.761313e-01 -2.234444e+00) (-1.766420e-01 -1.987174e-03 -9.420217e-03))
501.17        	((-8.337511e+00 5.380797e+02 7.663974e+02) (-1.377415e-02 4.651214e+00 3.180680e+00)) ((-2.111947e+02 -4.809090e-01 -2.232367e+00) (-1.751060e-01 -2.024236e-03 -9.571135e-03))
501.18        	((-8.346418e+00 5.387858e+02 7.657618e+02) (-1.436026e-02 4.651426e+00 3.182670e+00)) ((-2.106728e+02 -4.883205e-01 -2.231420e+00) (-1.737619e-01 -2.055161e-03 -9.796709e-03))
501.19        	((-8.338461e+00 5.394240e+02 7.651127e+02) (-1.476895e-02 4.652582e+00 3.185037e+00)) ((-2.101439e+02 -4.974067e-01 -2.231249e+00) (-1.724745e-01 -2.121014e-03 -9.819761e-03))
501.2         	((-8.314350e+00 5.399734e+02 7.645254e+02) (-1.500618e-02 4.653519e+00 3.186907e+00)) ((-2.096267e+02 -5.106570e-01 -2.236299e+00) (-1.710253e-01 -2.166194e-03 -9.835228e-03))
501.21        	((-8.287737e+00 5.404776e+02 7.639995e+02) (-1.517509e-02 4.654634e+00 3.189108e+00)) ((-2.091329e+02 -5.220055e-01 -2.239857e+00) (-1.693987e-01 -2.212702e-03 -9.854846e-03))
501.22        	((-8.265086e+00 5.409052e+02 7.635194e+02) (-1.538765e-02 4.655745e+00 3.191152e+00)) ((-2.086596e+02 -5.301687e-01 -2.239274e+00) (-1.679225e-01 -2.192535e-03 -1.003844e-02))
501.23        	((-8.239185e+00 5.413002e+02 7.631001e+02) (-1.563137e-02 4.656970e+00 3.192951e+00)) ((-2.082248e+02 -5.400825e-01 -2.233764e+00) (-1.667282e-01 -2.127051e-03 -1.019648e-02))
501.24        	((-8.195822e+00 5.416551e+02 7.627247e+02) (-1.575593e-02 4.658090e+00 3.194014e+00)) ((-2.078189e+02 -5.530497e-01 -2.222901e+00) (-1.657563e-01 -2.072545e-03 -1.025878e-02))
501.25        	((-8.134923e+00 5.419892e+02 7.623753e+02) (-1.595927e-02 4.659819e+00 3.195236e+00)) ((-2.074321e+02 -5.670387e-01 -2.217031e+00) (-1.647483e-01 -2.028793e-03 -1.031869e-02))
501.26        	((-8.060872e+00 5.422297e+02 7.620957e+02) (-1.632949e-02 4.660675e+00 3.195502e+00)) ((-2.070703e+02 -5.851484e-01 -2.221956e+00) (-1.634489e-01 -2.024662e-03 -1.043391e-02))
501.27        	((-7.999250e+00 5.424533e+02 7.618500e+02) (-1.634767e-02 4.663443e+00 3.197567e+00)) ((-2.067382e+02 -6.048769e-01 -2.233901e+00) (-1.623942e-01 -2.009652e-03 -1.038436e-02))
501.28        	((-7.961101e+00 5.426407e+02 7.615969e+02) (-1.641435e-02 4.665136e+00 3.199208e+00)) ((-2.064156e+02 -6.172202e-01 -2.239314e+00) (-1.613580e-01 -2.036782e-03 -1.046033e-02))
501.29        	((-7.939028e+00 5.428171e+02 7.613363e+02) (-1.627746e-02 4.667394e+00 3.201112e+00)) ((-2.061200e+02 -6.229083e-01 -2.242941e+00) (-1.606279e-01 -1.935941e-03 -1.046000e-02))
501.3         	((-7.910661e+00 5.429671e+02 7.610938e+02) (-1.629113e-02 4.668880e+00 3.202031e+00)) ((-2.058547e+02 -6.261575e-01 -2.244558e+00) (-1.599741e-01 -1.908943e-03 -1.046107e-02))
501.31        	((-7.870632e+00 5.431032e+02 7.608973e+02) (-1.637023e-02 4.670678e+00 3.203125e+00)) ((-2.056242e+02 -6.312886e-01 -2.252889e+00) (-1.596282e-01 -1.848743e-03 -1.042415e-02))
501.32        	((-7.814926e+00 5.432225e+02 7.607313e+02) (-1.657606e-02 4.672909e+00 3.204182e+00)) ((-2.054142e+02 -6.402772e-01 -2.266069e+00) (-1.592373e-01 -1.870558e-03 -1.044632e-02))
501.33        	((-7.750490e+00 5.432984e+02 7.606083e+02) (-1.678767e-02 4.675035e+00 3.205496e+00)) ((-2.052148e+02 -6.509880e-01 -2.281748e+00) (-1.586081e-01 -1.892761e-03 -1.053501e-02))
501.34        	((-7.691084e+00 5.433711e+02 7.604968e+02) (-1.699282e-02 4.676952e+00 3.207230e+00)) ((-2.050318e+02 -6.555914e-01 -2.288621e+00) (-1.577508e-01 -1.950255e-03 -1.073454e-02))
501.35        	((-7.641345e+00 5.434185e+02 7.604118e+02) (-1.727939e-02 4.678142e+00 3.208921e+00)) ((-2.048848e+02 -6.567072e-01 -2.290759e+00) (-1.572078e-01 -1.949922e-03 -1.089955e-02))
501.36        	((-7.585707e+00 5.434758e+02 7.603406e+02) (-1.728670e-02 4.679684e+00 3.210250e+00)) ((-2.047766e+02 -6.613319e-01 -2.291783e+00) (-1.570422e-01 -1.871941e-03 -1.097403e-02))
501.37        	((-7.512108e+00 5.435164e+02 7.603219e+02) (-1.761833e-02 4.680825e+00 3.210958e+00)) ((-2.046932e+02 -6.697464e-01 -2.294384e+00) (-1.570282e-01 -1.918841e-03 -1.099304e-02))
501.38        	((-7.422412e+00 5.435681e+02 7.603220e+02) (-1.799880e-02 4.682506e+00 3.211933e+00)) ((-2.046195e+02 -6.819149e-01 -2.300313e+00) (-1.569080e-01 -2.006171e-03 -1.093774e-02))
501.39        	((-7.324883e+00 5.436104e+02 7.603557e+02) (-1.812098e-02 4.684608e+00 3.213546e+00)) ((-2.045544e+02 -6.965077e-01 -2.309564e+00) (-1.564593e-01 -2.018193e-03 -1.091972e-02))
501.4         	((-7.234339e+00 5.436443e+02 7.604040e+02) (-1.832466e-02 4.686229e+00 3.215257e+00)) ((-2.045009e+02 -7.060197e-01 -2.310963e+00) (-1.557039e-01 -2.153096e-03 -1.104347e-02))
501.41        	((-7.158289e+00 5.436489e+02 7.604898e+02) (-1.862646e-02 4.686949e+00 3.216748e+00)) ((-2.044870e+02 -7.100802e-01 -2.304704e+00) (-1.551358e-01 -2.236905e-03 -1.113114e-02))
501.42        	((-7.089689e+00 5.436620e+02 7.605751e+02) (-1.907505e-02 4.687526e+00 3.217949e+00)) ((-2.045028e+02 -7.171467e-01 -2.299198e+00) (-1.548744e-01 -2.377517e-03 -1.123690e-02))
501.43        	((-7.012912e+00 5.436836e+02 7.606740e+02) (-1.914961e-02 4.688615e+00 3.218843e+00)) ((-2.045352e+02 -7.319288e-01 -2.302959e+00) (-1.550061e-01 -2.359721e-03 -1.122066e-02))
501.44        	((-6.924899e+00 5.437008e+02 7.607889e+02) (-1.934537e-02 4.689408e+00 3.219158e+00)) ((-2.045639e+02 -7.523834e-01 -2.311543e+00) (-1.548250e-01 -2.472690e-03 -1.115213e-02))
501.45        	((-6.844004e+00 5.437367e+02 7.609428e+02) (-1.950632e-02 4.690264e+00 3.219898e+00)) ((-2.046057e+02 -7.769104e-01 -2.326018e+00) (-1.539599e-01 -2.546125e-03 -1.113735e-02))
501.46        	((-6.805244e+00 5.438310e+02 7.611242e+02) (-1.940385e-02 4.690485e+00 3.218677e+00)) ((-2.046941e+02 -8.152067e-01 -2.357137e+00) (-1.513928e-01 -2.229983e-03 -1.116049e-02))
501.47        	((-6.782739e+00 5.439401e+02 7.612842e+02) (-2.008861e-02 4.691145e+00 3.223121e+00)) ((-2.048073e+02 -8.566730e-01 -2.394193e+00) (-1.525284e-01 -2.661591e-03 -1.156233e-02))
501.48        	((-6.717098e+00 5.439544e+02 7.614494e+02) (-2.009748e-02 4.691134e+00 3.224802e+00)) ((-2.049129e+02 -8.903011e-01 -2.417279e+00) (-1.526177e-01 -2.662033e-03 -1.170683e-02))
501.49        	((-6.631117e+00 5.439451e+02 7.616262e+02) (-2.026056e-02 4.691386e+00 3.225609e+00)) ((-2.050167e+02 -9.263887e-01 -2.439299e+00) (-1.526437e-01 -2.728581e-03 -1.178855e-02))
501.5         	((-6.548835e+00 5.439443e+02 7.618294e+02) (-2.030630e-02 4.691681e+00 3.225837e+00)) ((-2.051198e+02 -9.692684e-01 -2.466525e+00) (-1.526190e-01 -2.770236e-03 -1.179343e-02))
501.51        	((-6.460698e+00 5.439791e+02 7.620281e+02) (-2.041675e-02 4.692997e+00 3.227381e+00)) ((-2.052146e+02 -1.011547e+00 -2.498502e+00) (-1.523025e-01 -2.822578e-03 -1.193330e-02))
501.52        	((-6.364516e+00 5.439856e+02 7.622313e+02) (-2.055340e-02 4.693457e+00 3.228826e+00)) ((-2.052941e+02 -1.050083e+00 -2.529653e+00) (-1.518507e-01 -2.863714e-03 -1.206950e-02))
501.53        	((-6.255533e+00 5.439877e+02 7.623924e+02) (-2.069420e-02 4.694100e+00 3.230786e+00)) ((-2.053837e+02 -1.083385e+00 -2.556892e+00) (-1.516168e-01 -2.914444e-03 -1.218716e-02))
501.54        	((-6.140241e+00 5.439300e+02 7.625456e+02) (-2.046730e-02 4.694087e+00 3.231764e+00)) ((-2.054794e+02 -1.113839e+00 -2.578402e+00) (-1.518030e-01 -2.844020e-03 -1.216145e-02))
501.55        	((-6.005835e+00 5.438975e+02 7.626706e+02) (-2.033039e-02 4.695087e+00 3.232780e+00)) ((-2.055764e+02 -1.140139e+00 -2.593836e+00) (-1.520910e-01 -2.863622e-03 -1.216374e-02))
501.56        	((-5.865120e+00 5.438290e+02 7.628396e+02) (-2.012748e-02 4.695332e+00 3.232592e+00)) ((-2.056581e+02 -1.164120e+00 -2.602779e+00) (-1.522385e-01 -2.915576e-03 -1.207933e-02))
501.57        	((-5.710476e+00 5.438292e+02 7.630057e+02) (-2.030293e-02 4.697121e+00 3.234213e+00)) ((-2.057356e+02 -1.185661e+00 -2.609924e+00) (-1.520307e-01 -2.937029e-03 -1.219870e-02))
501.58        	((-5.550814e+00 5.437919e+02 7.632154e+02) (-2.077172e-02 4.697091e+00 3.234549e+00)) ((-2.058039e+02 -1.208156e+00 -2.614405e+00) (-1.513326e-01 -2.867508e-03 -1.237761e-02))
501.59        	((-5.383942e+00 5.438091e+02 7.633635e+02) (-2.006604e-02 4.698601e+00 3.237791e+00)) ((-2.058935e+02 -1.230716e+00 -2.618045e+00) (-1.514837e-01 -2.931634e-03 -1.214903e-02))
501.6         	((-5.218591e+00 5.437395e+02 7.635176e+02) (-2.004870e-02 4.698328e+00 3.238525e+00)) ((-2.059882e+02 -1.253394e+00 -2.621250e+00) (-1.516274e-01 -3.029742e-03 -1.196573e-02))
501.61        	((-5.033725e+00 5.436963e+02 7.636854e+02) (-2.152277e-02 4.698029e+00 3.238164e+00)) ((-2.061017e+02 -1.283637e+00 -2.631486e+00) (-1.509977e-01 -2.902997e-03 -1.284374e-02))
501.62        	((-4.839425e+00 5.435831e+02 7.639510e+02) (-2.106868e-02 4.698773e+00 3.238749e+00)) ((-2.062129e+02 -1.328490e+00 -2.639135e+00) (-1.517006e-01 -2.873403e-03 -1.229630e-02))
501.63        	((-4.639743e+00 5.436662e+02 7.641194e+02) (-2.017172e-02 4.701417e+00 3.240839e+00)) ((-2.063204e+02 -1.350144e+00 -2.615119e+00) (-1.518286e-01 -2.906981e-03 -1.169150e-02))
501.64        	((-4.443815e+00 5.437404e+02 7.642484e+02) (-2.054128e-02 4.702008e+00 3.242217e+00)) ((-2.063912e+02 -1.356187e+00 -2.592573e+00) (-1.516215e-01 -2.960646e-03 -1.159770e-02))
501.65        	((-4.249867e+00 5.438139e+02 7.643062e+02) (-2.080133e-02 4.702885e+00 3.244353e+00)) ((-2.064620e+02 -1.362307e+00 -2.584414e+00) (-1.513329e-01 -2.973673e-03 -1.160400e-02))
501.66        	((-4.055597e+00 5.438106e+02 7.643635e+02) (-2.134374e-02 4.702227e+00 3.245030e+00)) ((-2.065383e+02 -1.376394e+00 -2.588444e+00) (-1.513844e-01 -2.966135e-03 -1.172309e-02))
501.67        	((-3.857528e+00 5.438650e+02 7.643764e+02) (-2.166195e-02 4.703250e+00 3.246348e+00)) ((-2.066160e+02 -1.394916e+00 -2.590760e+00) (-1.517677e-01 -2.978328e-03 -1.176481e-02))
501.68        	((-3.649963e+00 5.439230e+02 7.644239e+02) (-2.207002e-02 4.703591e+00 3.246641e+00)) ((-2.066857e+02 -1.413125e+00 -2.583321e+00) (-1.522278e-01 -3.028415e-03 -1.175731e-02))
501.69        	((-3.433470e+00 5.440590e+02 7.644463e+02) (-2.239630e-02 4.705651e+00 3.248616e+00)) ((-2.067320e+02 -1.425901e+00 -2.564187e+00) (-1.522034e-01 -3.035331e-03 -1.175221e-02))
501.7         	((-3.240069e+00 5.441734e+02 7.644652e+02) (-2.252025e-02 4.706246e+00 3.250099e+00)) ((-2.067541e+02 -1.443281e+00 -2.547926e+00) (-1.520244e-01 -2.934390e-03 -1.160189e-02))
501.71        	((-3.051065e+00 5.443045e+02 7.644131e+02) (-2.249066e-02 4.707350e+00 3.252077e+00)) ((-2.067738e+02 -1.461509e+00 -2.539655e+00) (-1.518460e-01 -2.848936e-03 -1.140426e-02))
501.72        	((-2.865955e+00 5.443815e+02 7.643384e+02) (-2.268996e-02 4.707120e+00 3.252733e+00)) ((-2.068022e+02 -1.478961e+00 -2.541275e+00) (-1.518689e-01 -2.838397e-03 -1.126154e-02))
501.73        	((-2.680804e+00 5.444778e+02 7.642340e+02) (-2.287238e-02 4.708055e+00 3.253660e+00)) ((-2.068361e+02 -1.493798e+00 -2.551210e+00) (-1.522103e-01 -2.813587e-03 -1.117629e-02))
501.74        	((-2.506799e+00 5.445693e+02 7.641571e+02) (-2.303054e-02 4.708675e+00 3.253795e+00)) ((-2.068639e+02 -1.507700e+00 -2.562013e+00) (-1.525513e-01 -2.787249e-03 -1.111941e-02))
501.75        	((-2.330245e+00 5.447085e+02 7.641036e+02) (-2.321232e-02 4.710363e+00 3.255032e+00)) ((-2.068793e+02 -1.520395e+00 -2.570633e+00) (-1.524281e-01 -2.757515e-03 -1.104041e-02))
501.76        	((-2.165223e+00 5.448479e+02 7.640739e+02) (-2.332007e-02 4.711293e+00 3.256185e+00)) ((-2.068799e+02 -1.535321e+00 -2.577603e+00) (-1.520960e-01 -2.740772e-03 -1.092576e-02))
501.77        	((-2.001793e+00 5.449744e+02 7.640207e+02) (-2.357267e-02 4.712201e+00 3.257713e+00)) ((-2.068826e+02 -1.551346e+00 -2.587499e+00) (-1.519159e-01 -2.746472e-03 -1.083109e-02))
501.78        	((-1.862007e+00 5.450675e+02 7.639457e+02) (-2.347489e-02 4.712741e+00 3.258583e+00)) ((-2.068967e+02 -1.569936e+00 -2.603021e+00) (-1.520634e-01 -2.694563e-03 -1.070873e-02))
501.79        	((-1.724233e+00 5.451541e+02 7.638630e+02) (-2.349330e-02 4.713751e+00 3.259026e+00)) ((-2.069132e+02 -1.586488e+00 -2.622928e+00) (-1.524229e-01 -2.653303e-03 -1.062123e-02))
501.8         	((-1.599511e+00 5.452340e+02 7.637987e+02) (-2.331413e-02 4.714794e+00 3.258782e+00)) ((-2.069229e+02 -1.599982e+00 -2.639206e+00) (-1.526379e-01 -2.675827e-03 -1.053367e-02))
501.81        	((-1.474229e+00 5.453356e+02 7.637546e+02) (-2.353016e-02 4.716476e+00 3.259703e+00)) ((-2.069176e+02 -1.611433e+00 -2.657851e+00) (-1.525197e-01 -2.650197e-03 -1.053287e-02))
501.82        	((-1.367220e+00 5.454319e+02 7.637301e+02) (-2.324131e-02 4.717622e+00 3.260473e+00)) ((-2.069000e+02 -1.622350e+00 -2.675926e+00) (-1.520796e-01 -2.666497e-03 -1.039028e-02))
501.83        	((-1.253476e+00 5.455233e+02 7.636911e+02) (-2.364162e-02 4.718626e+00 3.262007e+00)) ((-2.068899e+02 -1.633537e+00 -2.699934e+00) (-1.519828e-01 -2.631457e-03 -1.044873e-02))
501.84        	((-1.159284e+00 5.455800e+02 7.636386e+02) (-2.339072e-02 4.719225e+00 3.262491e+00)) ((-2.068914e+02 -1.644991e+00 -2.720568e+00) (-1.519893e-01 -2.666703e-03 -1.036485e-02))
501.85        	((-1.063801e+00 5.456353e+02 7.635826e+02) (-2.373544e-02 4.720176e+00 3.263104e+00)) ((-2.068972e+02 -1.655231e+00 -2.742296e+00) (-1.524300e-01 -2.649034e-03 -1.043461e-02))
501.86        	((-9.875709e-01 5.456875e+02 7.635379e+02) (-2.332369e-02 4.721600e+00 3.262934e+00)) ((-2.068951e+02 -1.664167e+00 -2.758626e+00) (-1.527257e-01 -2.622805e-03 -1.036186e-02))
501.87        	((-9.065765e-01 5.457563e+02 7.635207e+02) (-2.356718e-02 4.723308e+00 3.263776e+00)) ((-2.068794e+02 -1.670347e+00 -2.772733e+00) (-1.525446e-01 -2.607759e-03 -1.040806e-02))
501.88        	((-8.331709e-01 5.458157e+02 7.635080e+02) (-2.330047e-02 4.724581e+00 3.264570e+00)) ((-2.068504e+02 -1.677208e+00 -2.783684e+00) (-1.520634e-01 -2.660910e-03 -1.029185e-02))
501.89        	((-7.549302e-01 5.458678e+02 7.634886e+02) (-2.366290e-02 4.725412e+00 3.265924e+00)) ((-2.068368e+02 -1.681374e+00 -2.796595e+00) (-1.519512e-01 -2.657904e-03 -1.034586e-02))
501.9         	((-6.873787e-01 5.459024e+02 7.634571e+02) (-2.344101e-02 4.726195e+00 3.266337e+00)) ((-2.068317e+02 -1.684212e+00 -2.798250e+00) (-1.520643e-01 -2.710412e-03 -1.028252e-02))
501.91        	((-6.215285e-01 5.459433e+02 7.634150e+02) (-2.382824e-02 4.727265e+00 3.267050e+00)) ((-2.068386e+02 -1.686788e+00 -2.807835e+00) (-1.524343e-01 -2.729589e-03 -1.035551e-02))
501.92        	((-5.684844e-01 5.459707e+02 7.633890e+02) (-2.359885e-02 4.728618e+00 3.267074e+00)) ((-2.068375e+02 -1.688512e+00 -2.809175e+00) (-1.526701e-01 -2.762595e-03 -1.032967e-02))
501.93        	((-5.133280e-01 5.460265e+02 7.633756e+02) (-2.370746e-02 4.730566e+00 3.268126e+00)) ((-2.068306e+02 -1.686887e+00 -2.808972e+00) (-1.526809e-01 -2.688747e-03 -1.036136e-02))
501.94        	((-4.691788e-01 5.460576e+02 7.633922e+02) (-2.342310e-02 4.731360e+00 3.268353e+00)) ((-2.068107e+02 -1.685507e+00 -2.804195e+00) (-1.522729e-01 -2.742732e-03 -1.020976e-02))
501.95        	((-4.083567e-01 5.461071e+02 7.633900e+02) (-2.386352e-02 4.732746e+00 3.269770e+00)) ((-2.068007e+02 -1.683522e+00 -2.803121e+00) (-1.522267e-01 -2.759586e-03 -1.030379e-02))
501.96        	((-3.679555e-01 5.461224e+02 7.633876e+02) (-2.352089e-02 4.733283e+00 3.270313e+00)) ((-2.068000e+02 -1.683082e+00 -2.801650e+00) (-1.522023e-01 -2.790066e-03 -1.019519e-02))
501.97        	((-3.188754e-01 5.461651e+02 7.633630e+02) (-2.383583e-02 4.734517e+00 3.271216e+00)) ((-2.068082e+02 -1.680640e+00 -2.804142e+00) (-1.524759e-01 -2.778274e-03 -1.020737e-02))
501.98        	((-2.852053e-01 5.461719e+02 7.633638e+02) (-2.356930e-02 4.734769e+00 3.270648e+00)) ((-2.068114e+02 -1.679019e+00 -2.804971e+00) (-1.526404e-01 -2.827097e-03 -1.012360e-02))
501.99        	((-2.413099e-01 5.462144e+02 7.633574e+02) (-2.386247e-02 4.737522e+00 3.272034e+00)) ((-2.068085e+02 -1.676390e+00 -2.809358e+00) (-1.528677e-01 -2.760575e-03 -1.026023e-02))
502           	((-2.128688e-01 5.462671e+02 7.633487e+02) (-2.320350e-02 4.739242e+00 3.272947e+00)) ((-2.067928e+02 -1.676884e+00 -2.811639e+00) (-1.525758e-01 -2.725106e-03 -1.008045e-02))
502.01        	((-1.678592e-01 5.463058e+02 7.633424e+02) (-2.347911e-02 4.740124e+00 3.274196e+00)) ((-2.067788e+02 -1.676816e+00 -2.814424e+00) (-1.524574e-01 -2.671560e-03 -1.012584e-02))
502.02        	((-1.319480e-01 5.463148e+02 7.633272e+02) (-2.314812e-02 4.740989e+00 3.274755e+00)) ((-2.067733e+02 -1.678560e+00 -2.815916e+00) (-1.524076e-01 -2.717316e-03 -1.005158e-02))
502.03        	((-8.925995e-02 5.463270e+02 7.633126e+02) (-2.344869e-02 4.742006e+00 3.275543e+00)) ((-2.067798e+02 -1.679013e+00 -2.820463e+00) (-1.527466e-01 -2.703104e-03 -1.013204e-02))
502.04        	((-5.928073e-02 5.463255e+02 7.633094e+02) (-2.297812e-02 4.743050e+00 3.275367e+00)) ((-2.067868e+02 -1.679816e+00 -2.823054e+00) (-1.529995e-01 -2.710236e-03 -1.003266e-02))
502.05        	((-2.897444e-02 5.463573e+02 7.633104e+02) (-2.325127e-02 4.744956e+00 3.276304e+00)) ((-2.067899e+02 -1.679632e+00 -2.831284e+00) (-1.530924e-01 -2.680023e-03 -1.016800e-02))
502.06        	((-8.219037e-03 5.463824e+02 7.633311e+02) (-2.289727e-02 4.746320e+00 3.277025e+00)) ((-2.067765e+02 -1.679865e+00 -2.836816e+00) (-1.529045e-01 -2.702245e-03 -1.008621e-02))
502.07        	((3.437872e-02 5.464136e+02 7.633431e+02) (-2.309329e-02 4.747737e+00 3.278443e+00)) ((-2.067646e+02 -1.681476e+00 -2.843305e+00) (-1.529191e-01 -2.616122e-03 -1.016080e-02))
502.08        	((6.456002e-02 5.464115e+02 7.633412e+02) (-2.263590e-02 4.748415e+00 3.278839e+00)) ((-2.067590e+02 -1.685340e+00 -2.847373e+00) (-1.527737e-01 -2.655174e-03 -1.002925e-02))
502.09        	((1.035825e-01 5.463948e+02 7.633481e+02) (-2.307513e-02 4.749129e+00 3.279368e+00)) ((-2.067666e+02 -1.687634e+00 -2.856322e+00) (-1.530779e-01 -2.669010e-03 -1.014038e-02))
502.1         	((1.273487e-01 5.463807e+02 7.633466e+02) (-2.266574e-02 4.750489e+00 3.279324e+00)) ((-2.067747e+02 -1.689973e+00 -2.857473e+00) (-1.533445e-01 -2.730791e-03 -1.012506e-02))
502.11        	((1.646293e-01 5.463799e+02 7.633608e+02) (-2.307978e-02 4.752067e+00 3.280226e+00)) ((-2.067793e+02 -1.688852e+00 -2.859569e+00) (-1.534992e-01 -2.702925e-03 -1.026552e-02))
502.12        	((1.868999e-01 5.463913e+02 7.633761e+02) (-2.274423e-02 4.753625e+00 3.280933e+00)) ((-2.067682e+02 -1.691549e+00 -2.860935e+00) (-1.532070e-01 -2.759761e-03 -1.015510e-02))
502.13        	((2.292776e-01 5.463950e+02 7.634111e+02) (-2.325636e-02 4.754561e+00 3.282292e+00)) ((-2.067560e+02 -1.693785e+00 -2.864100e+00) (-1.532822e-01 -2.704782e-03 -1.027651e-02))
502.14        	((2.747181e-01 5.463893e+02 7.634233e+02) (-2.284229e-02 4.755725e+00 3.282882e+00)) ((-2.067525e+02 -1.698347e+00 -2.863808e+00) (-1.532055e-01 -2.730764e-03 -1.014621e-02))
502.15        	((3.280694e-01 5.463912e+02 7.634290e+02) (-2.336840e-02 4.756602e+00 3.283720e+00)) ((-2.067593e+02 -1.700866e+00 -2.864764e+00) (-1.534564e-01 -2.756326e-03 -1.025378e-02))
502.16        	((3.655836e-01 5.463744e+02 7.634229e+02) (-2.299850e-02 4.757827e+00 3.283754e+00)) ((-2.067675e+02 -1.703345e+00 -2.858903e+00) (-1.536639e-01 -2.826972e-03 -1.023142e-02))
502.17        	((4.052536e-01 5.463481e+02 7.634461e+02) (-2.348600e-02 4.758886e+00 3.284072e+00)) ((-2.067729e+02 -1.700774e+00 -2.851920e+00) (-1.538914e-01 -2.837401e-03 -1.043049e-02))
502.18        	((4.413762e-01 5.463383e+02 7.634854e+02) (-2.320081e-02 4.760797e+00 3.284732e+00)) ((-2.067682e+02 -1.699061e+00 -2.838016e+00) (-1.536873e-01 -2.855011e-03 -1.033797e-02))
502.19        	((4.903607e-01 5.463590e+02 7.635011e+02) (-2.380773e-02 4.762096e+00 3.286440e+00)) ((-2.067581e+02 -1.700666e+00 -2.832530e+00) (-1.536033e-01 -2.851491e-03 -1.039090e-02))
502.2         	((5.366557e-01 5.463530e+02 7.635095e+02) (-2.347216e-02 4.762853e+00 3.287286e+00)) ((-2.067582e+02 -1.707209e+00 -2.827504e+00) (-1.535269e-01 -2.865216e-03 -1.024620e-02))
502.21        	((5.981573e-01 5.463140e+02 7.635132e+02) (-2.395420e-02 4.763397e+00 3.287826e+00)) ((-2.067653e+02 -1.710610e+00 -2.827121e+00) (-1.538237e-01 -2.859352e-03 -1.030064e-02))
502.22        	((6.422917e-01 5.462920e+02 7.635252e+02) (-2.363039e-02 4.764834e+00 3.287821e+00)) ((-2.067789e+02 -1.714619e+00 -2.818926e+00) (-1.539786e-01 -2.935087e-03 -1.020160e-02))
502.23        	((6.891515e-01 5.462953e+02 7.635313e+02) (-2.404433e-02 4.766297e+00 3.288796e+00)) ((-2.067905e+02 -1.713575e+00 -2.809006e+00) (-1.542179e-01 -2.925892e-03 -1.039609e-02))
502.24        	((7.203259e-01 5.462867e+02 7.635416e+02) (-2.362809e-02 4.767657e+00 3.289283e+00)) ((-2.067882e+02 -1.709827e+00 -2.792663e+00) (-1.540422e-01 -2.928575e-03 -1.029523e-02))
502.25        	((7.589522e-01 5.462676e+02 7.635716e+02) (-2.420094e-02 4.768376e+00 3.290210e+00)) ((-2.067777e+02 -1.709706e+00 -2.787673e+00) (-1.540098e-01 -2.895887e-03 -1.031292e-02))
502.26        	((7.975875e-01 5.462624e+02 7.635975e+02) (-2.391798e-02 4.769708e+00 3.290979e+00)) ((-2.067785e+02 -1.716221e+00 -2.784717e+00) (-1.538408e-01 -2.924772e-03 -1.009803e-02))
502.27        	((8.487670e-01 5.462699e+02 7.635973e+02) (-2.439166e-02 4.770744e+00 3.292494e+00)) ((-2.067899e+02 -1.723452e+00 -2.791391e+00) (-1.541107e-01 -2.868911e-03 -1.013534e-02))
502.28        	((8.883054e-01 5.462446e+02 7.635870e+02) (-2.394790e-02 4.771526e+00 3.292590e+00)) ((-2.068041e+02 -1.729702e+00 -2.792728e+00) (-1.542691e-01 -2.917624e-03 -9.989832e-03))
502.29        	((9.228266e-01 5.462091e+02 7.636029e+02) (-2.432812e-02 4.772301e+00 3.292628e+00)) ((-2.068164e+02 -1.729208e+00 -2.791406e+00) (-1.545652e-01 -2.910362e-03 -1.018743e-02))
502.3         	((9.385348e-01 5.461849e+02 7.636286e+02) (-2.386055e-02 4.774275e+00 3.293113e+00)) ((-2.068179e+02 -1.727420e+00 -2.784192e+00) (-1.544360e-01 -2.886416e-03 -1.008397e-02))
502.31        	((9.688055e-01 5.462066e+02 7.636351e+02) (-2.440388e-02 4.775667e+00 3.294741e+00)) ((-2.068126e+02 -1.728565e+00 -2.785171e+00) (-1.543575e-01 -2.843544e-03 -1.007742e-02))
502.32        	((9.900130e-01 5.462108e+02 7.636455e+02) (-2.408364e-02 4.776416e+00 3.295597e+00)) ((-2.068103e+02 -1.735838e+00 -2.790724e+00) (-1.541789e-01 -2.860711e-03 -9.895013e-03))
502.33        	((1.034344e+00 5.462047e+02 7.636558e+02) (-2.465102e-02 4.776964e+00 3.296531e+00)) ((-2.068217e+02 -1.744006e+00 -2.802474e+00) (-1.543794e-01 -2.872964e-03 -9.918216e-03))
502.34        	((1.058744e+00 5.461875e+02 7.636574e+02) (-2.423726e-02 4.778109e+00 3.296846e+00)) ((-2.068393e+02 -1.753467e+00 -2.815351e+00) (-1.546370e-01 -2.873583e-03 -9.781892e-03))
502.35        	((1.086959e+00 5.461750e+02 7.636663e+02) (-2.448813e-02 4.779331e+00 3.297362e+00)) ((-2.068581e+02 -1.756158e+00 -2.823627e+00) (-1.549887e-01 -2.855772e-03 -9.975976e-03))
502.36        	((1.085123e+00 5.461561e+02 7.636852e+02) (-2.394186e-02 4.780896e+00 3.297541e+00)) ((-2.068638e+02 -1.755826e+00 -2.825901e+00) (-1.548807e-01 -2.867944e-03 -9.940750e-03))
502.37        	((1.099057e+00 5.461313e+02 7.637097e+02) (-2.444558e-02 4.781998e+00 3.298636e+00)) ((-2.068569e+02 -1.757772e+00 -2.831633e+00) (-1.548316e-01 -2.829829e-03 -9.953642e-03))
502.38        	((1.111974e+00 5.461211e+02 7.637367e+02) (-2.408120e-02 4.783099e+00 3.299417e+00)) ((-2.068511e+02 -1.763900e+00 -2.837154e+00) (-1.546115e-01 -2.841267e-03 -9.797125e-03))
502.39        	((1.141966e+00 5.461198e+02 7.637569e+02) (-2.473933e-02 4.783962e+00 3.300633e+00)) ((-2.068606e+02 -1.774479e+00 -2.851348e+00) (-1.547549e-01 -2.882522e-03 -9.852796e-03))
502.4         	((1.160692e+00 5.460994e+02 7.637562e+02) (-2.438902e-02 4.784864e+00 3.300975e+00)) ((-2.068728e+02 -1.781838e+00 -2.859986e+00) (-1.549107e-01 -2.960402e-03 -9.795053e-03))
502.41        	((1.189005e+00 5.460847e+02 7.637579e+02) (-2.480434e-02 4.786054e+00 3.301675e+00)) ((-2.068912e+02 -1.785346e+00 -2.865833e+00) (-1.553426e-01 -2.956615e-03 -9.966424e-03))
502.42        	((1.180337e+00 5.460602e+02 7.637682e+02) (-2.421640e-02 4.787450e+00 3.301794e+00)) ((-2.069022e+02 -1.785735e+00 -2.868125e+00) (-1.553503e-01 -2.958775e-03 -9.990552e-03))
502.43        	((1.189956e+00 5.460396e+02 7.637868e+02) (-2.481435e-02 4.788728e+00 3.302803e+00)) ((-2.069035e+02 -1.785161e+00 -2.866531e+00) (-1.553702e-01 -2.957579e-03 -1.009855e-02))
502.44        	((1.197933e+00 5.460125e+02 7.637840e+02) (-2.445114e-02 4.789953e+00 3.303600e+00)) ((-2.068929e+02 -1.787230e+00 -2.863681e+00) (-1.551632e-01 -2.980423e-03 -9.958203e-03))
502.45        	((1.227723e+00 5.460315e+02 7.637764e+02) (-2.503095e-02 4.791352e+00 3.305068e+00)) ((-2.068946e+02 -1.793583e+00 -2.866827e+00) (-1.552494e-01 -2.985472e-03 -9.976538e-03))
502.46        	((1.243321e+00 5.460116e+02 7.637774e+02) (-2.482814e-02 4.791946e+00 3.305360e+00)) ((-2.069024e+02 -1.801190e+00 -2.872377e+00) (-1.553066e-01 -3.071276e-03 -9.888863e-03))
502.47        	((1.280473e+00 5.459986e+02 7.637729e+02) (-2.539264e-02 4.793166e+00 3.306136e+00)) ((-2.069211e+02 -1.804994e+00 -2.871339e+00) (-1.556984e-01 -3.151157e-03 -1.006652e-02))
502.48        	((1.275533e+00 5.459813e+02 7.637616e+02) (-2.483662e-02 4.794520e+00 3.306429e+00)) ((-2.069299e+02 -1.806009e+00 -2.866269e+00) (-1.558250e-01 -3.138811e-03 -1.007349e-02))
502.49        	((1.287104e+00 5.459832e+02 7.637545e+02) (-2.515524e-02 4.796001e+00 3.307541e+00)) ((-2.069337e+02 -1.804017e+00 -2.857583e+00) (-1.558835e-01 -3.066449e-03 -1.015168e-02))
502.5         	((1.293905e+00 5.459768e+02 7.637496e+02) (-2.486136e-02 4.796991e+00 3.308140e+00)) ((-2.069283e+02 -1.802665e+00 -2.849489e+00) (-1.555947e-01 -3.119905e-03 -1.000530e-02))
502.51        	((1.318790e+00 5.459783e+02 7.637440e+02) (-2.539760e-02 4.798129e+00 3.309489e+00)) ((-2.069293e+02 -1.804565e+00 -2.846771e+00) (-1.556953e-01 -3.102954e-03 -1.007698e-02))
502.52        	((1.330272e+00 5.459635e+02 7.637475e+02) (-2.506135e-02 4.798959e+00 3.309957e+00)) ((-2.069363e+02 -1.806927e+00 -2.847410e+00) (-1.557335e-01 -3.137301e-03 -9.945393e-03))
502.53        	((1.350876e+00 5.459532e+02 7.637479e+02) (-2.558788e-02 4.799857e+00 3.310638e+00)) ((-2.069496e+02 -1.809684e+00 -2.848555e+00) (-1.561292e-01 -3.169775e-03 -1.003044e-02))
502.54        	((1.356995e+00 5.459388e+02 7.637394e+02) (-2.517329e-02 4.801138e+00 3.310865e+00)) ((-2.069618e+02 -1.807862e+00 -2.840532e+00) (-1.561904e-01 -3.222693e-03 -1.002827e-02))
502.55        	((1.359215e+00 5.459546e+02 7.637312e+02) (-2.554440e-02 4.802723e+00 3.312200e+00)) ((-2.069677e+02 -1.805993e+00 -2.836822e+00) (-1.563363e-01 -3.148891e-03 -1.014183e-02))
502.56        	((1.359929e+00 5.459571e+02 7.637231e+02) (-2.501874e-02 4.803849e+00 3.312825e+00)) ((-2.069655e+02 -1.803641e+00 -2.829052e+00) (-1.561645e-01 -3.112953e-03 -9.989213e-03))
502.57        	((1.367641e+00 5.459711e+02 7.637189e+02) (-2.545410e-02 4.804889e+00 3.314015e+00)) ((-2.069662e+02 -1.804400e+00 -2.828402e+00) (-1.561695e-01 -3.100435e-03 -1.000539e-02))
502.58        	((1.381379e+00 5.459504e+02 7.637091e+02) (-2.514599e-02 4.805472e+00 3.314322e+00)) ((-2.069734e+02 -1.803916e+00 -2.823907e+00) (-1.561257e-01 -3.154752e-03 -9.820681e-03))
502.59        	((1.390230e+00 5.459577e+02 7.636943e+02) (-2.559507e-02 4.806730e+00 3.315342e+00)) ((-2.069853e+02 -1.805654e+00 -2.826922e+00) (-1.564971e-01 -3.125704e-03 -9.926116e-03))
502.6         	((1.378075e+00 5.459415e+02 7.636799e+02) (-2.508516e-02 4.807846e+00 3.315442e+00)) ((-2.069928e+02 -1.805474e+00 -2.827377e+00) (-1.565996e-01 -3.137627e-03 -9.879918e-03))
502.61        	((1.373280e+00 5.459569e+02 7.636746e+02) (-2.550519e-02 4.809215e+00 3.316603e+00)) ((-2.069996e+02 -1.803313e+00 -2.826545e+00) (-1.566993e-01 -3.110517e-03 -9.976733e-03))
502.62        	((1.356077e+00 5.459589e+02 7.636827e+02) (-2.506121e-02 4.810128e+00 3.317119e+00)) ((-2.069988e+02 -1.802106e+00 -2.826998e+00) (-1.565861e-01 -3.083658e-03 -9.821251e-03))
502.63        	((1.357550e+00 5.459778e+02 7.636875e+02) (-2.536470e-02 4.811257e+00 3.318333e+00)) ((-2.070012e+02 -1.802338e+00 -2.830017e+00) (-1.566769e-01 -2.997239e-03 -9.859778e-03))
502.64        	((1.350183e+00 5.459726e+02 7.636942e+02) (-2.493666e-02 4.811897e+00 3.318547e+00)) ((-2.070044e+02 -1.803972e+00 -2.834636e+00) (-1.565984e-01 -3.032529e-03 -9.681239e-03))
502.65        	((1.357030e+00 5.459761e+02 7.636961e+02) (-2.528272e-02 4.812670e+00 3.319298e+00)) ((-2.070146e+02 -1.805421e+00 -2.840490e+00) (-1.568801e-01 -3.015544e-03 -9.757881e-03))
502.66        	((1.341600e+00 5.459822e+02 7.636908e+02) (-2.494335e-02 4.814079e+00 3.319756e+00)) ((-2.070225e+02 -1.805787e+00 -2.844979e+00) (-1.569224e-01 -3.057073e-03 -9.672206e-03))
502.67        	((1.337510e+00 5.460000e+02 7.636852e+02) (-2.525047e-02 4.815412e+00 3.320805e+00)) ((-2.070278e+02 -1.803819e+00 -2.847207e+00) (-1.570705e-01 -3.012996e-03 -9.808551e-03))
502.68        	((1.308519e+00 5.460152e+02 7.636817e+02) (-2.491330e-02 4.816660e+00 3.321449e+00)) ((-2.070244e+02 -1.804694e+00 -2.852264e+00) (-1.569536e-01 -3.015905e-03 -9.694317e-03))
502.69        	((1.307760e+00 5.460305e+02 7.636791e+02) (-2.527220e-02 4.817685e+00 3.322610e+00)) ((-2.070250e+02 -1.804819e+00 -2.856761e+00) (-1.570718e-01 -2.964902e-03 -9.762209e-03))
502.7         	((1.294250e+00 5.460381e+02 7.636658e+02) (-2.486140e-02 4.818794e+00 3.323179e+00)) ((-2.070278e+02 -1.808291e+00 -2.866229e+00) (-1.570701e-01 -2.961829e-03 -9.583923e-03))
502.71        	((1.300854e+00 5.460480e+02 7.636508e+02) (-2.524168e-02 4.819797e+00 3.323932e+00)) ((-2.070359e+02 -1.810611e+00 -2.874324e+00) (-1.573072e-01 -2.962855e-03 -9.679307e-03))
502.72        	((1.281097e+00 5.460535e+02 7.636338e+02) (-2.482834e-02 4.821043e+00 3.324224e+00)) ((-2.070411e+02 -1.813802e+00 -2.884754e+00) (-1.573422e-01 -3.015127e-03 -9.605178e-03))
502.73        	((1.275662e+00 5.460645e+02 7.636285e+02) (-2.517939e-02 4.822192e+00 3.325199e+00)) ((-2.070443e+02 -1.813519e+00 -2.889984e+00) (-1.574916e-01 -2.990173e-03 -9.769797e-03))
502.74        	((1.243705e+00 5.460712e+02 7.636356e+02) (-2.493668e-02 4.823200e+00 3.325748e+00)) ((-2.070363e+02 -1.816673e+00 -2.898008e+00) (-1.573616e-01 -3.039236e-03 -9.657704e-03))
502.75        	((1.248572e+00 5.460783e+02 7.636406e+02) (-2.536423e-02 4.824228e+00 3.326955e+00)) ((-2.070350e+02 -1.817622e+00 -2.900747e+00) (-1.575151e-01 -2.995617e-03 -9.799314e-03))
502.76        	((1.241388e+00 5.460750e+02 7.636389e+02) (-2.501245e-02 4.825381e+00 3.327522e+00)) ((-2.070326e+02 -1.822542e+00 -2.906186e+00) (-1.575573e-01 -2.997624e-03 -9.653146e-03))
502.77        	((1.241364e+00 5.460892e+02 7.636158e+02) (-2.541393e-02 4.826762e+00 3.328430e+00)) ((-2.070353e+02 -1.828997e+00 -2.917700e+00) (-1.578113e-01 -3.002780e-03 -9.769422e-03))
502.78        	((1.239948e+00 5.460717e+02 7.636168e+02) (-2.509795e-02 4.827669e+00 3.328430e+00)) ((-2.070374e+02 -1.831105e+00 -2.919666e+00) (-1.578250e-01 -3.084993e-03 -9.713577e-03))
502.79        	((1.248481e+00 5.460803e+02 7.636150e+02) (-2.548975e-02 4.828947e+00 3.329510e+00)) ((-2.070375e+02 -1.830505e+00 -2.918570e+00) (-1.579693e-01 -3.079469e-03 -9.899681e-03))
502.8         	((1.246616e+00 5.460856e+02 7.636122e+02) (-2.520976e-02 4.830155e+00 3.330173e+00)) ((-2.070320e+02 -1.830178e+00 -2.914347e+00) (-1.578576e-01 -3.124902e-03 -9.819909e-03))
502.81        	((1.254056e+00 5.461077e+02 7.636014e+02) (-2.570056e-02 4.831392e+00 3.331441e+00)) ((-2.070270e+02 -1.832634e+00 -2.918325e+00) (-1.579792e-01 -3.117532e-03 -9.960675e-03))
502.82        	((1.258131e+00 5.460916e+02 7.636059e+02) (-2.549212e-02 4.832039e+00 3.331713e+00)) ((-2.070240e+02 -1.836126e+00 -2.918520e+00) (-1.580044e-01 -3.164167e-03 -9.858709e-03))
502.83        	((1.274807e+00 5.460942e+02 7.636027e+02) (-2.586958e-02 4.833295e+00 3.332784e+00)) ((-2.070257e+02 -1.840168e+00 -2.918996e+00) (-1.583007e-01 -3.147001e-03 -9.976864e-03))
502.84        	((1.280340e+00 5.461042e+02 7.635844e+02) (-2.552413e-02 4.834870e+00 3.333177e+00)) ((-2.070223e+02 -1.843685e+00 -2.917698e+00) (-1.583120e-01 -3.215385e-03 -9.937960e-03))
502.85        	((1.295125e+00 5.461086e+02 7.635858e+02) (-2.593840e-02 4.835820e+00 3.333942e+00)) ((-2.070178e+02 -1.843730e+00 -2.910531e+00) (-1.584356e-01 -3.225091e-03 -1.011873e-02))
502.86        	((1.305101e+00 5.461095e+02 7.635852e+02) (-2.563303e-02 4.836962e+00 3.334441e+00)) ((-2.070074e+02 -1.844258e+00 -2.903600e+00) (-1.583239e-01 -3.273431e-03 -1.001834e-02))
502.87        	((1.327721e+00 5.461147e+02 7.635916e+02) (-2.615683e-02 4.837852e+00 3.335569e+00)) ((-2.070005e+02 -1.844355e+00 -2.898690e+00) (-1.584616e-01 -3.257214e-03 -1.014058e-02))
502.88        	((1.345405e+00 5.461038e+02 7.635960e+02) (-2.597992e-02 4.838783e+00 3.335942e+00)) ((-2.069957e+02 -1.846241e+00 -2.894028e+00) (-1.584828e-01 -3.316672e-03 -1.001874e-02))
502.89        	((1.362508e+00 5.460988e+02 7.636058e+02) (-2.641384e-02 4.839582e+00 3.336760e+00)) ((-2.069982e+02 -1.849244e+00 -2.889053e+00) (-1.587386e-01 -3.328658e-03 -1.015144e-02))
502.9         	((1.366446e+00 5.461031e+02 7.636010e+02) (-2.609977e-02 4.841129e+00 3.337295e+00)) ((-2.069970e+02 -1.849600e+00 -2.880005e+00) (-1.587698e-01 -3.369428e-03 -1.008480e-02))
502.91        	((1.385137e+00 5.461269e+02 7.636028e+02) (-2.636878e-02 4.842367e+00 3.338377e+00)) ((-2.069953e+02 -1.846300e+00 -2.865260e+00) (-1.588716e-01 -3.335305e-03 -1.025104e-02))
502.92        	((1.397149e+00 5.461591e+02 7.635896e+02) (-2.602418e-02 4.843878e+00 3.339078e+00)) ((-2.069883e+02 -1.842994e+00 -2.852061e+00) (-1.587371e-01 -3.352413e-03 -1.009581e-02))
502.93        	((1.415858e+00 5.461724e+02 7.635788e+02) (-2.652780e-02 4.844686e+00 3.340194e+00)) ((-2.069845e+02 -1.843107e+00 -2.847132e+00) (-1.588664e-01 -3.318939e-03 -1.013642e-02))
502.94        	((1.426040e+00 5.461676e+02 7.635665e+02) (-2.628447e-02 4.845655e+00 3.340506e+00)) ((-2.069806e+02 -1.846028e+00 -2.846324e+00) (-1.589262e-01 -3.352486e-03 -9.976332e-03))
502.95        	((1.442031e+00 5.461802e+02 7.635534e+02) (-2.675139e-02 4.846825e+00 3.341387e+00)) ((-2.069806e+02 -1.847109e+00 -2.843891e+00) (-1.591679e-01 -3.377997e-03 -1.009762e-02))
502.96        	((1.428843e+00 5.461688e+02 7.635751e+02) (-2.627909e-02 4.847578e+00 3.341495e+00)) ((-2.069789e+02 -1.844931e+00 -2.840707e+00) (-1.592100e-01 -3.374035e-03 -1.004419e-02))
502.97        	((1.418525e+00 5.461903e+02 7.635844e+02) (-2.645979e-02 4.849294e+00 3.342731e+00)) ((-2.069766e+02 -1.841371e+00 -2.837043e+00) (-1.593165e-01 -3.266825e-03 -1.013308e-02))
502.98        	((1.412420e+00 5.462117e+02 7.635922e+02) (-2.609075e-02 4.850457e+00 3.343310e+00)) ((-2.069684e+02 -1.839769e+00 -2.832672e+00) (-1.591391e-01 -3.264377e-03 -9.930763e-03))
502.99        	((1.419741e+00 5.462322e+02 7.635874e+02) (-2.644373e-02 4.851495e+00 3.344516e+00)) ((-2.069648e+02 -1.842387e+00 -2.835215e+00) (-1.592505e-01 -3.224542e-03 -9.918624e-03))
503           	((1.422548e+00 5.462273e+02 7.635803e+02) (-2.617042e-02 4.852068e+00 3.344633e+00)) ((-2.069619e+02 -1.846727e+00 -2.842919e+00) (-1.593067e-01 -3.292391e-03 -9.699995e-03))
503.01        	((1.423357e+00 5.462247e+02 7.635862e+02) (-2.642882e-02 4.853259e+00 3.345324e+00)) ((-2.069637e+02 -1.848512e+00 -2.849870e+00) (-1.596371e-01 -3.264949e-03 -9.919498e-03))
503.02        	((1.395722e+00 5.462267e+02 7.636200e+02) (-2.590432e-02 4.854556e+00 3.345725e+00)) ((-2.069637e+02 -1.844744e+00 -2.855361e+00) (-1.596446e-01 -3.256225e-03 -9.928780e-03))
503.03        	((1.377729e+00 5.462709e+02 7.636099e+02) (-2.613503e-02 4.856675e+00 3.347289e+00)) ((-2.069582e+02 -1.840549e+00 -2.858848e+00) (-1.596944e-01 -3.168222e-03 -9.982868e-03))
503.04        	((1.351438e+00 5.462856e+02 7.636012e+02) (-2.563751e-02 4.857700e+00 3.347989e+00)) ((-2.069457e+02 -1.842563e+00 -2.868679e+00) (-1.595493e-01 -3.114056e-03 -9.773537e-03))
503.05        	((1.339145e+00 5.463026e+02 7.635813e+02) (-2.597893e-02 4.858802e+00 3.349035e+00)) ((-2.069390e+02 -1.850374e+00 -2.887154e+00) (-1.596452e-01 -3.096541e-03 -9.790253e-03))
503.06        	((1.325076e+00 5.462877e+02 7.635663e+02) (-2.552727e-02 4.859672e+00 3.349270e+00)) ((-2.069367e+02 -1.858090e+00 -2.905592e+00) (-1.597676e-01 -3.139847e-03 -9.661112e-03))
503.07        	((1.300928e+00 5.462819e+02 7.635756e+02) (-2.581952e-02 4.860756e+00 3.349752e+00)) ((-2.069403e+02 -1.863797e+00 -2.923287e+00) (-1.601014e-01 -3.167602e-03 -9.868088e-03))
503.08        	((1.283519e+00 5.462700e+02 7.635821e+02) (-2.520909e-02 4.862339e+00 3.350069e+00)) ((-2.069372e+02 -1.859570e+00 -2.927857e+00) (-1.600607e-01 -3.192414e-03 -9.900831e-03))
503.09        	((1.270458e+00 5.462738e+02 7.636084e+02) (-2.552935e-02 4.863636e+00 3.351293e+00)) ((-2.069280e+02 -1.856607e+00 -2.931621e+00) (-1.600868e-01 -3.130069e-03 -1.004688e-02))
503.1         	((1.248587e+00 5.462608e+02 7.636348e+02) (-2.514114e-02 4.864679e+00 3.352045e+00)) ((-2.069132e+02 -1.858623e+00 -2.941490e+00) (-1.599373e-01 -3.110791e-03 -9.911229e-03))
503.11        	((1.234362e+00 5.462607e+02 7.636463e+02) (-2.544620e-02 4.865802e+00 3.353180e+00)) ((-2.069093e+02 -1.866884e+00 -2.957784e+00) (-1.600755e-01 -3.079583e-03 -9.989166e-03))
503.12        	((1.219662e+00 5.462283e+02 7.636632e+02) (-2.513506e-02 4.866495e+00 3.353310e+00)) ((-2.069075e+02 -1.870325e+00 -2.966726e+00) (-1.601024e-01 -3.164179e-03 -9.921548e-03))
503.13        	((1.225941e+00 5.462331e+02 7.636506e+02) (-2.554761e-02 4.867969e+00 3.354128e+00)) ((-2.069160e+02 -1.871559e+00 -2.969276e+00) (-1.604956e-01 -3.207356e-03 -1.011315e-02))
503.14        	((1.205384e+00 5.462231e+02 7.636383e+02) (-2.512422e-02 4.869435e+00 3.354360e+00)) ((-2.069154e+02 -1.870407e+00 -2.971135e+00) (-1.605160e-01 -3.256907e-03 -1.013178e-02))
503.15        	((1.204246e+00 5.462293e+02 7.636508e+02) (-2.561331e-02 4.870926e+00 3.355533e+00)) ((-2.069083e+02 -1.869783e+00 -2.969826e+00) (-1.605415e-01 -3.242667e-03 -1.027395e-02))
503.16        	((1.192389e+00 5.462130e+02 7.636756e+02) (-2.542420e-02 4.871728e+00 3.356066e+00)) ((-2.068905e+02 -1.871182e+00 -2.971496e+00) (-1.602813e-01 -3.320467e-03 -1.019072e-02))
503.17        	((1.203692e+00 5.462025e+02 7.636957e+02) (-2.593191e-02 4.872805e+00 3.357509e+00)) ((-2.068835e+02 -1.876467e+00 -2.968020e+00) (-1.604403e-01 -3.284896e-03 -1.030576e-02))
503.18        	((1.206077e+00 5.461831e+02 7.636823e+02) (-2.543678e-02 4.873947e+00 3.358000e+00)) ((-2.068810e+02 -1.879115e+00 -2.967222e+00) (-1.605077e-01 -3.310263e-03 -1.022502e-02))
503.19        	((1.226985e+00 5.461756e+02 7.636797e+02) (-2.593816e-02 4.874917e+00 3.358513e+00)) ((-2.068926e+02 -1.880340e+00 -2.962107e+00) (-1.608600e-01 -3.374794e-03 -1.037473e-02))
503.2         	((1.226786e+00 5.461544e+02 7.636811e+02) (-2.565806e-02 4.876078e+00 3.358487e+00)) ((-2.068963e+02 -1.874477e+00 -2.951471e+00) (-1.608890e-01 -3.438471e-03 -1.041444e-02))
503.21        	((1.244368e+00 5.461709e+02 7.636924e+02) (-2.617425e-02 4.877898e+00 3.359747e+00)) ((-2.068963e+02 -1.869321e+00 -2.933815e+00) (-1.609298e-01 -3.404416e-03 -1.051954e-02))
503.22        	((1.252025e+00 5.461523e+02 7.637231e+02) (-2.593389e-02 4.878489e+00 3.360253e+00)) ((-2.068834e+02 -1.864823e+00 -2.916927e+00) (-1.606754e-01 -3.421177e-03 -1.041688e-02))
503.23        	((1.266766e+00 5.461665e+02 7.637371e+02) (-2.655803e-02 4.879691e+00 3.361720e+00)) ((-2.068801e+02 -1.868842e+00 -2.910138e+00) (-1.607140e-01 -3.445959e-03 -1.044125e-02))
503.24        	((1.278982e+00 5.461555e+02 7.637267e+02) (-2.627955e-02 4.880388e+00 3.362371e+00)) ((-2.068804e+02 -1.868822e+00 -2.904718e+00) (-1.607571e-01 -3.474442e-03 -1.033583e-02))
503.25        	((1.299163e+00 5.461651e+02 7.637145e+02) (-2.659476e-02 4.881639e+00 3.363165e+00)) ((-2.068939e+02 -1.871347e+00 -2.898413e+00) (-1.612063e-01 -3.437463e-03 -1.039977e-02))
503.26        	((1.300375e+00 5.461459e+02 7.637053e+02) (-2.611053e-02 4.882612e+00 3.362871e+00)) ((-2.068981e+02 -1.865693e+00 -2.888462e+00) (-1.612200e-01 -3.453933e-03 -1.039438e-02))
503.27        	((1.317852e+00 5.461378e+02 7.637251e+02) (-2.655634e-02 4.883968e+00 3.363885e+00)) ((-2.068997e+02 -1.863356e+00 -2.875849e+00) (-1.612455e-01 -3.432761e-03 -1.042872e-02))
503.28        	((1.322946e+00 5.461581e+02 7.637093e+02) (-2.617957e-02 4.885592e+00 3.364981e+00)) ((-2.068866e+02 -1.859062e+00 -2.868108e+00) (-1.609261e-01 -3.409946e-03 -1.027542e-02))
503.29        	((1.339276e+00 5.461864e+02 7.637133e+02) (-2.667860e-02 4.886563e+00 3.366381e+00)) ((-2.068850e+02 -1.862355e+00 -2.865080e+00) (-1.609668e-01 -3.372496e-03 -1.024488e-02))
503.3         	((1.334417e+00 5.461909e+02 7.636943e+02) (-2.630900e-02 4.887220e+00 3.366885e+00)) ((-2.068858e+02 -1.862616e+00 -2.869807e+00) (-1.609361e-01 -3.375962e-03 -1.014294e-02))
503.31        	((1.350724e+00 5.462043e+02 7.636802e+02) (-2.676293e-02 4.888449e+00 3.367733e+00)) ((-2.069022e+02 -1.867355e+00 -2.872924e+00) (-1.614242e-01 -3.345702e-03 -1.014626e-02))
503.32        	((1.332411e+00 5.461802e+02 7.636771e+02) (-2.606393e-02 4.889303e+00 3.367487e+00)) ((-2.069099e+02 -1.864548e+00 -2.881261e+00) (-1.615503e-01 -3.285941e-03 -1.010930e-02))
503.33        	((1.329843e+00 5.461911e+02 7.636858e+02) (-2.641003e-02 4.891229e+00 3.368474e+00)) ((-2.069140e+02 -1.864458e+00 -2.883290e+00) (-1.615587e-01 -3.239613e-03 -1.011635e-02))
503.34        	((1.315035e+00 5.461983e+02 7.636855e+02) (-2.595618e-02 4.892286e+00 3.369243e+00)) ((-2.068989e+02 -1.862847e+00 -2.891524e+00) (-1.612183e-01 -3.227081e-03 -9.970826e-03))
503.35        	((1.318871e+00 5.462095e+02 7.637014e+02) (-2.637392e-02 4.893388e+00 3.370615e+00)) ((-2.068945e+02 -1.868984e+00 -2.900842e+00) (-1.612893e-01 -3.190602e-03 -9.988469e-03))
503.36        	((1.300870e+00 5.461918e+02 7.636905e+02) (-2.590091e-02 4.893839e+00 3.371021e+00)) ((-2.068928e+02 -1.871307e+00 -2.917313e+00) (-1.612428e-01 -3.208416e-03 -9.884521e-03))
503.37        	((1.295703e+00 5.461679e+02 7.637009e+02) (-2.626974e-02 4.894692e+00 3.371620e+00)) ((-2.069031e+02 -1.878556e+00 -2.937151e+00) (-1.616918e-01 -3.179057e-03 -9.964463e-03))
503.38        	((1.264432e+00 5.461670e+02 7.636628e+02) (-2.568644e-02 4.896656e+00 3.372008e+00)) ((-2.069066e+02 -1.881330e+00 -2.956025e+00) (-1.618640e-01 -3.167210e-03 -9.978507e-03))
503.39        	((1.259570e+00 5.461814e+02 7.636601e+02) (-2.601056e-02 4.898434e+00 3.373165e+00)) ((-2.069104e+02 -1.886791e+00 -2.968628e+00) (-1.619923e-01 -3.130207e-03 -1.005610e-02))
503.4         	((1.240807e+00 5.461783e+02 7.636605e+02) (-2.551752e-02 4.899423e+00 3.373711e+00)) ((-2.068961e+02 -1.887224e+00 -2.981353e+00) (-1.616532e-01 -3.146235e-03 -9.986336e-03))
503.41        	((1.237921e+00 5.461733e+02 7.636781e+02) (-2.601715e-02 4.900412e+00 3.374843e+00)) ((-2.068923e+02 -1.895999e+00 -2.996177e+00) (-1.617099e-01 -3.138887e-03 -1.003992e-02))
503.42        	((1.224790e+00 5.461392e+02 7.636817e+02) (-2.559502e-02 4.900950e+00 3.375207e+00)) ((-2.068878e+02 -1.897528e+00 -3.008031e+00) (-1.616727e-01 -3.175541e-03 -1.001668e-02))
503.43        	((1.232948e+00 5.461267e+02 7.636825e+02) (-2.615869e-02 4.902174e+00 3.376048e+00)) ((-2.068992e+02 -1.903282e+00 -3.016267e+00) (-1.620862e-01 -3.222912e-03 -1.013982e-02))
503.44        	((1.210617e+00 5.460935e+02 7.636669e+02) (-2.581273e-02 4.903188e+00 3.376055e+00)) ((-2.069028e+02 -1.906259e+00 -3.030508e+00) (-1.622738e-01 -3.279096e-03 -1.014716e-02))
503.45        	((1.219570e+00 5.460838e+02 7.636832e+02) (-2.626062e-02 4.904929e+00 3.377053e+00)) ((-2.069072e+02 -1.912390e+00 -3.037185e+00) (-1.625017e-01 -3.251417e-03 -1.027904e-02))
503.46        	((1.211134e+00 5.460738e+02 7.636907e+02) (-2.578294e-02 4.906209e+00 3.377659e+00)) ((-2.068914e+02 -1.913963e+00 -3.045515e+00) (-1.622339e-01 -3.271546e-03 -1.027358e-02))
503.47        	((1.229750e+00 5.460548e+02 7.637212e+02) (-2.633151e-02 4.906913e+00 3.378610e+00)) ((-2.068817e+02 -1.919064e+00 -3.041938e+00) (-1.621945e-01 -3.339664e-03 -1.037758e-02))
503.48        	((1.231635e+00 5.460383e+02 7.637082e+02) (-2.599968e-02 4.907847e+00 3.379389e+00)) ((-2.068749e+02 -1.919228e+00 -3.040911e+00) (-1.621125e-01 -3.397110e-03 -1.036185e-02))
503.49        	((1.261426e+00 5.460347e+02 7.637045e+02) (-2.659690e-02 4.908940e+00 3.380387e+00)) ((-2.068872e+02 -1.922822e+00 -3.035216e+00) (-1.624949e-01 -3.436418e-03 -1.047661e-02))
503.5         	((1.271544e+00 5.460137e+02 7.636852e+02) (-2.631622e-02 4.909869e+00 3.380429e+00)) ((-2.068951e+02 -1.921083e+00 -3.030037e+00) (-1.627114e-01 -3.494884e-03 -1.050394e-02))
503.51        	((1.307482e+00 5.460059e+02 7.636949e+02) (-2.705339e-02 4.911408e+00 3.381177e+00)) ((-2.069056e+02 -1.923134e+00 -3.016275e+00) (-1.629187e-01 -3.554118e-03 -1.062403e-02))
503.52        	((1.317427e+00 5.459874e+02 7.637093e+02) (-2.670717e-02 4.912319e+00 3.381803e+00)) ((-2.068966e+02 -1.920335e+00 -3.001828e+00) (-1.627222e-01 -3.569688e-03 -1.057022e-02))
503.53        	((1.339164e+00 5.460094e+02 7.637251e+02) (-2.717222e-02 4.913821e+00 3.383270e+00)) ((-2.068908e+02 -1.922997e+00 -2.992418e+00) (-1.627281e-01 -3.541651e-03 -1.062354e-02))
503.54        	((1.375614e+00 5.460029e+02 7.637194e+02) (-2.683141e-02 4.914375e+00 3.383852e+00)) ((-2.068864e+02 -1.916209e+00 -2.975608e+00) (-1.625518e-01 -3.587107e-03 -1.056356e-02))
503.55        	((1.399747e+00 5.460038e+02 7.637159e+02) (-2.737671e-02 4.915313e+00 3.384731e+00)) ((-2.068965e+02 -1.917778e+00 -2.964163e+00) (-1.628824e-01 -3.617587e-03 -1.060835e-02))
503.56        	((1.404520e+00 5.459819e+02 7.637012e+02) (-2.694440e-02 4.916113e+00 3.384670e+00)) ((-2.069035e+02 -1.913851e+00 -2.951292e+00) (-1.630714e-01 -3.643885e-03 -1.053052e-02))
503.57        	((1.419779e+00 5.459917e+02 7.637048e+02) (-2.746041e-02 4.917789e+00 3.385631e+00)) ((-2.069127e+02 -1.913198e+00 -2.940068e+00) (-1.632272e-01 -3.614910e-03 -1.057996e-02))
503.58        	((1.422956e+00 5.460001e+02 7.637096e+02) (-2.715008e-02 4.918681e+00 3.386326e+00)) ((-2.069039e+02 -1.907641e+00 -2.931009e+00) (-1.629227e-01 -3.644683e-03 -1.046691e-02))
503.59        	((1.456887e+00 5.460298e+02 7.637272e+02) (-2.751885e-02 4.919930e+00 3.387884e+00)) ((-2.069038e+02 -1.906575e+00 -2.917382e+00) (-1.630432e-01 -3.563561e-03 -1.049716e-02))
503.6         	((1.453159e+00 5.460375e+02 7.637121e+02) (-2.687309e-02 4.920621e+00 3.388492e+00)) ((-2.069049e+02 -1.903648e+00 -2.916669e+00) (-1.629948e-01 -3.495245e-03 -1.036604e-02))
503.61        	((1.460562e+00 5.460439e+02 7.637147e+02) (-2.719900e-02 4.921375e+00 3.389055e+00)) ((-2.069183e+02 -1.904977e+00 -2.917731e+00) (-1.632701e-01 -3.481316e-03 -1.035478e-02))
503.62        	((1.464854e+00 5.460526e+02 7.636892e+02) (-2.668874e-02 4.922650e+00 3.389324e+00)) ((-2.069261e+02 -1.898477e+00 -2.914318e+00) (-1.633795e-01 -3.473128e-03 -1.022320e-02))
503.63        	((1.462299e+00 5.460723e+02 7.636851e+02) (-2.705163e-02 4.924164e+00 3.390291e+00)) ((-2.069359e+02 -1.900877e+00 -2.915405e+00) (-1.635759e-01 -3.423754e-03 -1.023184e-02))
503.64        	((1.437830e+00 5.460897e+02 7.636723e+02) (-2.649649e-02 4.925395e+00 3.390965e+00)) ((-2.069271e+02 -1.898711e+00 -2.922002e+00) (-1.633447e-01 -3.387148e-03 -1.011725e-02))
503.65        	((1.427419e+00 5.461232e+02 7.636767e+02) (-2.685562e-02 4.926592e+00 3.392333e+00)) ((-2.069242e+02 -1.901962e+00 -2.930044e+00) (-1.633909e-01 -3.335146e-03 -1.011289e-02))
503.66        	((1.397220e+00 5.461092e+02 7.636787e+02) (-2.624922e-02 4.926830e+00 3.392681e+00)) ((-2.069209e+02 -1.900620e+00 -2.945451e+00) (-1.633450e-01 -3.292901e-03 -1.002574e-02))
503.67        	((1.380261e+00 5.461098e+02 7.636952e+02) (-2.646899e-02 4.927971e+00 3.393607e+00)) ((-2.069299e+02 -1.904374e+00 -2.967015e+00) (-1.637489e-01 -3.212355e-03 -1.004739e-02))
503.68        	((1.338668e+00 5.461251e+02 7.636728e+02) (-2.580973e-02 4.929587e+00 3.393846e+00)) ((-2.069338e+02 -1.906215e+00 -2.989278e+00) (-1.638985e-01 -3.175276e-03 -9.946470e-03))
503.69        	((1.328132e+00 5.461368e+02 7.636707e+02) (-2.615076e-02 4.931136e+00 3.394693e+00)) ((-2.069386e+02 -1.910946e+00 -3.003793e+00) (-1.640274e-01 -3.155885e-03 -9.986410e-03))
503.7         	((1.296361e+00 5.461362e+02 7.636669e+02) (-2.560698e-02 4.932330e+00 3.395256e+00)) ((-2.069252e+02 -1.911494e+00 -3.021091e+00) (-1.637842e-01 -3.145392e-03 -9.941670e-03))
503.71        	((1.275348e+00 5.461513e+02 7.636737e+02) (-2.606054e-02 4.933630e+00 3.396605e+00)) ((-2.069194e+02 -1.918975e+00 -3.039703e+00) (-1.638420e-01 -3.145437e-03 -1.001222e-02))
503.72        	((1.235268e+00 5.461196e+02 7.636945e+02) (-2.556046e-02 4.933748e+00 3.396663e+00)) ((-2.069122e+02 -1.920341e+00 -3.061375e+00) (-1.637953e-01 -3.156023e-03 -9.977042e-03))
503.73        	((1.232268e+00 5.461112e+02 7.637065e+02) (-2.607359e-02 4.935141e+00 3.397636e+00)) ((-2.069233e+02 -1.925176e+00 -3.073416e+00) (-1.641941e-01 -3.168757e-03 -1.009592e-02))
503.74        	((1.194902e+00 5.460965e+02 7.636963e+02) (-2.565453e-02 4.936332e+00 3.397840e+00)) ((-2.069274e+02 -1.929218e+00 -3.094276e+00) (-1.644491e-01 -3.176868e-03 -1.008429e-02))
503.75        	((1.194085e+00 5.460928e+02 7.637076e+02) (-2.604618e-02 4.938163e+00 3.398780e+00)) ((-2.069306e+02 -1.936415e+00 -3.107061e+00) (-1.646545e-01 -3.166711e-03 -1.020805e-02))
503.76        	((1.177303e+00 5.460728e+02 7.637213e+02) (-2.560836e-02 4.939124e+00 3.399135e+00)) ((-2.069120e+02 -1.937462e+00 -3.118492e+00) (-1.643518e-01 -3.216353e-03 -1.021968e-02))
503.77        	((1.187493e+00 5.460548e+02 7.637553e+02) (-2.614466e-02 4.940038e+00 3.400258e+00)) ((-2.068987e+02 -1.941696e+00 -3.117220e+00) (-1.643331e-01 -3.263624e-03 -1.033919e-02))
503.78        	((1.170503e+00 5.460478e+02 7.637346e+02) (-2.583287e-02 4.941120e+00 3.401066e+00)) ((-2.068876e+02 -1.942732e+00 -3.120239e+00) (-1.642439e-01 -3.325971e-03 -1.035965e-02))
503.79        	((1.189863e+00 5.460472e+02 7.637305e+02) (-2.652538e-02 4.942284e+00 3.402067e+00)) ((-2.068973e+02 -1.947605e+00 -3.118874e+00) (-1.646416e-01 -3.389130e-03 -1.051455e-02))
503.8         	((1.195363e+00 5.460235e+02 7.637189e+02) (-2.626782e-02 4.943100e+00 3.402070e+00)) ((-2.069029e+02 -1.946645e+00 -3.116778e+00) (-1.648873e-01 -3.445524e-03 -1.055403e-02))
503.81        	((1.227279e+00 5.460151e+02 7.637356e+02) (-2.700362e-02 4.944765e+00 3.402836e+00)) ((-2.069121e+02 -1.950682e+00 -3.106729e+00) (-1.651509e-01 -3.484172e-03 -1.066980e-02))
503.82        	((1.245407e+00 5.459972e+02 7.637500e+02) (-2.664507e-02 4.945806e+00 3.403380e+00)) ((-2.069019e+02 -1.948584e+00 -3.088210e+00) (-1.649541e-01 -3.510395e-03 -1.065160e-02))
503.83        	((1.277974e+00 5.460064e+02 7.637739e+02) (-2.732670e-02 4.947146e+00 3.404638e+00)) ((-2.068928e+02 -1.949844e+00 -3.071869e+00) (-1.648726e-01 -3.581061e-03 -1.076102e-02))
503.84        	((1.311351e+00 5.459907e+02 7.637711e+02) (-2.704321e-02 4.947729e+00 3.405300e+00)) ((-2.068833e+02 -1.942799e+00 -3.052611e+00) (-1.647159e-01 -3.630901e-03 -1.071296e-02))
503.85        	((1.351444e+00 5.459793e+02 7.637813e+02) (-2.764937e-02 4.948485e+00 3.406125e+00)) ((-2.068908e+02 -1.942002e+00 -3.032966e+00) (-1.650416e-01 -3.642998e-03 -1.079639e-02))
503.86        	((1.377658e+00 5.459693e+02 7.637612e+02) (-2.734793e-02 4.949594e+00 3.406252e+00)) ((-2.068966e+02 -1.935196e+00 -3.013109e+00) (-1.652684e-01 -3.673552e-03 -1.076390e-02))
503.87        	((1.418767e+00 5.459704e+02 7.637753e+02) (-2.798255e-02 4.950938e+00 3.407055e+00)) ((-2.069055e+02 -1.934366e+00 -2.990083e+00) (-1.654648e-01 -3.701229e-03 -1.080389e-02))
503.88        	((1.442151e+00 5.459672e+02 7.637903e+02) (-2.753590e-02 4.951959e+00 3.407859e+00)) ((-2.069006e+02 -1.929335e+00 -2.971864e+00) (-1.652757e-01 -3.660622e-03 -1.069322e-02))
503.89        	((1.463272e+00 5.460109e+02 7.637909e+02) (-2.791199e-02 4.953543e+00 3.409342e+00)) ((-2.068974e+02 -1.929103e+00 -2.956589e+00) (-1.652056e-01 -3.630082e-03 -1.067966e-02))
503.9         	((1.467070e+00 5.460292e+02 7.637685e+02) (-2.743101e-02 4.954071e+00 3.409989e+00)) ((-2.068943e+02 -1.922496e+00 -2.943694e+00) (-1.650283e-01 -3.627182e-03 -1.056686e-02))
503.91        	((1.492749e+00 5.460458e+02 7.637566e+02) (-2.786771e-02 4.954913e+00 3.410755e+00)) ((-2.069072e+02 -1.919466e+00 -2.927975e+00) (-1.653622e-01 -3.609471e-03 -1.056293e-02))
503.92        	((1.493831e+00 5.460520e+02 7.637245e+02) (-2.728367e-02 4.955932e+00 3.410838e+00)) ((-2.069163e+02 -1.912495e+00 -2.920820e+00) (-1.655987e-01 -3.559718e-03 -1.042459e-02))
503.93        	((1.510100e+00 5.460627e+02 7.637307e+02) (-2.762919e-02 4.957198e+00 3.411478e+00)) ((-2.069261e+02 -1.912192e+00 -2.914568e+00) (-1.657761e-01 -3.507361e-03 -1.037894e-02))
503.94        	((1.497428e+00 5.460620e+02 7.637542e+02) (-2.712345e-02 4.958167e+00 3.412216e+00)) ((-2.069184e+02 -1.907318e+00 -2.922308e+00) (-1.655414e-01 -3.469918e-03 -1.026221e-02))
503.95        	((1.492164e+00 5.461154e+02 7.637582e+02) (-2.733554e-02 4.959968e+00 3.413917e+00)) ((-2.069154e+02 -1.908925e+00 -2.928562e+00) (-1.655684e-01 -3.383398e-03 -1.024303e-02))
503.96        	((1.463890e+00 5.461483e+02 7.637307e+02) (-2.658912e-02 4.960751e+00 3.414711e+00)) ((-2.069123e+02 -1.905580e+00 -2.937664e+00) (-1.654205e-01 -3.308587e-03 -1.009200e-02))
503.97        	((1.447275e+00 5.461706e+02 7.637117e+02) (-2.676998e-02 4.961588e+00 3.415484e+00)) ((-2.069229e+02 -1.906990e+00 -2.946833e+00) (-1.657018e-01 -3.250454e-03 -1.006104e-02))
503.98        	((1.398359e+00 5.461664e+02 7.636809e+02) (-2.605087e-02 4.962512e+00 3.415382e+00)) ((-2.069269e+02 -1.905311e+00 -2.966169e+00) (-1.659242e-01 -3.200512e-03 -9.954266e-03))
503.99        	((1.377113e+00 5.461787e+02 7.636740e+02) (-2.633889e-02 4.964364e+00 3.416205e+00)) ((-2.069336e+02 -1.909989e+00 -2.985050e+00) (-1.661438e-01 -3.168093e-03 -9.969016e-03))
504           	((1.322829e+00 5.461698e+02 7.636816e+02) (-2.564880e-02 4.965394e+00 3.416700e+00)) ((-2.069168e+02 -1.911129e+00 -3.013587e+00) (-1.659100e-01 -3.125049e-03 -9.903914e-03))
504.01        	((1.297652e+00 5.461896e+02 7.637033e+02) (-2.593797e-02 4.966828e+00 3.418152e+00)) ((-2.069075e+02 -1.916526e+00 -3.037563e+00) (-1.658979e-01 -3.093785e-03 -9.965532e-03))
504.02        	((1.243961e+00 5.461721e+02 7.637124e+02) (-2.530675e-02 4.967326e+00 3.418796e+00)) ((-2.068993e+02 -1.918019e+00 -3.067973e+00) (-1.658223e-01 -3.060167e-03 -9.951735e-03))
504.03        	((1.214301e+00 5.461736e+02 7.637126e+02) (-2.555437e-02 4.968759e+00 3.419751e+00)) ((-2.069081e+02 -1.924580e+00 -3.091612e+00) (-1.662116e-01 -3.028706e-03 -1.004412e-02))
504.04        	((1.160947e+00 5.461361e+02 7.637119e+02) (-2.498987e-02 4.969274e+00 3.419407e+00)) ((-2.069119e+02 -1.927175e+00 -3.119361e+00) (-1.664291e-01 -3.042983e-03 -1.001477e-02))
504.05        	((1.148353e+00 5.461314e+02 7.637176e+02) (-2.545368e-02 4.971351e+00 3.420105e+00)) ((-2.069192e+02 -1.933904e+00 -3.136097e+00) (-1.667075e-01 -3.068315e-03 -1.011023e-02))
504.06        	((1.105315e+00 5.461093e+02 7.637327e+02) (-2.505552e-02 4.972413e+00 3.420452e+00)) ((-2.069016e+02 -1.937197e+00 -3.157682e+00) (-1.664626e-01 -3.129955e-03 -1.017296e-02))
504.07        	((1.102715e+00 5.461196e+02 7.637622e+02) (-2.566931e-02 4.974058e+00 3.421935e+00)) ((-2.068865e+02 -1.942319e+00 -3.166477e+00) (-1.664503e-01 -3.201466e-03 -1.037478e-02))
504.08        	((1.079018e+00 5.460867e+02 7.637851e+02) (-2.535796e-02 4.974327e+00 3.422410e+00)) ((-2.068712e+02 -1.942261e+00 -3.176553e+00) (-1.662905e-01 -3.258910e-03 -1.044117e-02))
504.09        	((1.080059e+00 5.460753e+02 7.637965e+02) (-2.596435e-02 4.975697e+00 3.423629e+00)) ((-2.068750e+02 -1.947668e+00 -3.178182e+00) (-1.666196e-01 -3.281260e-03 -1.060312e-02))
504.1         	((1.067767e+00 5.460348e+02 7.637953e+02) (-2.561631e-02 4.976284e+00 3.423605e+00)) ((-2.068791e+02 -1.948449e+00 -3.178985e+00) (-1.668136e-01 -3.324069e-03 -1.065728e-02))
504.11        	((1.099438e+00 5.460209e+02 7.637992e+02) (-2.638015e-02 4.977959e+00 3.424075e+00)) ((-2.068891e+02 -1.951105e+00 -3.167110e+00) (-1.672136e-01 -3.428393e-03 -1.078804e-02))
504.12        	((1.127663e+00 5.459848e+02 7.638152e+02) (-2.625644e-02 4.978996e+00 3.424210e+00)) ((-2.068828e+02 -1.948901e+00 -3.152795e+00) (-1.670578e-01 -3.508209e-03 -1.078015e-02))
504.13        	((1.174368e+00 5.459880e+02 7.638465e+02) (-2.701204e-02 4.980642e+00 3.425597e+00)) ((-2.068708e+02 -1.951635e+00 -3.130930e+00) (-1.670001e-01 -3.583752e-03 -1.091779e-02))
504.14        	((1.206503e+00 5.459748e+02 7.638583e+02) (-2.693871e-02 4.981281e+00 3.426363e+00)) ((-2.068536e+02 -1.945845e+00 -3.106228e+00) (-1.667322e-01 -3.673529e-03 -1.096545e-02))
504.15        	((1.259005e+00 5.459720e+02 7.638655e+02) (-2.775653e-02 4.982290e+00 3.427665e+00)) ((-2.068563e+02 -1.944159e+00 -3.074931e+00) (-1.669457e-01 -3.748372e-03 -1.110589e-02))
504.16        	((1.304489e+00 5.459548e+02 7.638480e+02) (-2.751349e-02 4.983073e+00 3.428068e+00)) ((-2.068620e+02 -1.935866e+00 -3.044285e+00) (-1.671484e-01 -3.728748e-03 -1.105023e-02))
504.17        	((1.350624e+00 5.459474e+02 7.638444e+02) (-2.805679e-02 4.984300e+00 3.428594e+00)) ((-2.068756e+02 -1.935148e+00 -3.016434e+00) (-1.676056e-01 -3.704090e-03 -1.103425e-02))
504.18        	((1.396668e+00 5.459425e+02 7.638308e+02) (-2.783123e-02 4.985687e+00 3.428732e+00)) ((-2.068788e+02 -1.927223e+00 -2.987032e+00) (-1.674543e-01 -3.757875e-03 -1.093982e-02))
504.19        	((1.441127e+00 5.459599e+02 7.638490e+02) (-2.848335e-02 4.987054e+00 3.429947e+00)) ((-2.068753e+02 -1.925440e+00 -2.958747e+00) (-1.674256e-01 -3.786808e-03 -1.095936e-02))
504.2         	((1.474291e+00 5.459852e+02 7.638457e+02) (-2.809765e-02 4.988017e+00 3.430926e+00)) ((-2.068650e+02 -1.916101e+00 -2.931456e+00) (-1.671288e-01 -3.762449e-03 -1.083103e-02))
504.21        	((1.512398e+00 5.460044e+02 7.638540e+02) (-2.858478e-02 4.988620e+00 3.432162e+00)) ((-2.068717e+02 -1.913535e+00 -2.907457e+00) (-1.672181e-01 -3.724464e-03 -1.077528e-02))
504.22        	((1.532399e+00 5.460223e+02 7.638219e+02) (-2.814347e-02 4.989467e+00 3.432699e+00)) ((-2.068814e+02 -1.904845e+00 -2.889117e+00) (-1.672652e-01 -3.695776e-03 -1.063868e-02))
504.23        	((1.545017e+00 5.460364e+02 7.638088e+02) (-2.857946e-02 4.990294e+00 3.433336e+00)) ((-2.069017e+02 -1.905765e+00 -2.880446e+00) (-1.677966e-01 -3.641585e-03 -1.057712e-02))
504.24        	((1.546451e+00 5.460532e+02 7.637716e+02) (-2.788431e-02 4.991994e+00 3.433649e+00)) ((-2.069093e+02 -1.900858e+00 -2.878055e+00) (-1.678815e-01 -3.529838e-03 -1.035181e-02))
504.25        	((1.550358e+00 5.460796e+02 7.637784e+02) (-2.808196e-02 4.993242e+00 3.434531e+00)) ((-2.069106e+02 -1.903039e+00 -2.879838e+00) (-1.678290e-01 -3.455243e-03 -1.025814e-02))
504.26        	((1.529366e+00 5.461103e+02 7.637707e+02) (-2.735916e-02 4.994455e+00 3.435414e+00)) ((-2.068962e+02 -1.898464e+00 -2.888709e+00) (-1.674673e-01 -3.392506e-03 -1.010729e-02))
504.27        	((1.517705e+00 5.461351e+02 7.637796e+02) (-2.753837e-02 4.995184e+00 3.436644e+00)) ((-2.068968e+02 -1.899441e+00 -2.898739e+00) (-1.675307e-01 -3.321282e-03 -1.007615e-02))
504.28        	((1.460589e+00 5.461507e+02 7.637580e+02) (-2.673428e-02 4.996102e+00 3.437276e+00)) ((-2.068979e+02 -1.898736e+00 -2.923190e+00) (-1.675477e-01 -3.224734e-03 -9.927849e-03))
504.29        	((1.436780e+00 5.461560e+02 7.637540e+02) (-2.682906e-02 4.996893e+00 3.437869e+00)) ((-2.069160e+02 -1.901271e+00 -2.944507e+00) (-1.679746e-01 -3.136614e-03 -9.915895e-03))
504.3         	((1.376676e+00 5.461533e+02 7.637338e+02) (-2.609148e-02 4.998284e+00 3.437960e+00)) ((-2.069241e+02 -1.902414e+00 -2.980427e+00) (-1.681741e-01 -3.070280e-03 -9.786108e-03))
504.31        	((1.340233e+00 5.461657e+02 7.637418e+02) (-2.619774e-02 5.000084e+00 3.438897e+00)) ((-2.069290e+02 -1.912138e+00 -3.015829e+00) (-1.683674e-01 -3.003023e-03 -9.798793e-03))
504.32        	((1.270082e+00 5.461683e+02 7.637465e+02) (-2.536542e-02 5.001409e+00 3.439565e+00)) ((-2.069094e+02 -1.917374e+00 -3.057890e+00) (-1.680561e-01 -2.970100e-03 -9.742831e-03))
504.33        	((1.226996e+00 5.461783e+02 7.637687e+02) (-2.551920e-02 5.002601e+00 3.440823e+00)) ((-2.068996e+02 -1.925722e+00 -3.092695e+00) (-1.680314e-01 -2.955306e-03 -9.848965e-03))
504.34        	((1.159298e+00 5.461535e+02 7.637728e+02) (-2.488294e-02 5.003275e+00 3.441328e+00)) ((-2.068920e+02 -1.928739e+00 -3.129021e+00) (-1.679487e-01 -2.965196e-03 -9.887266e-03))
504.35        	((1.117327e+00 5.461455e+02 7.637733e+02) (-2.530719e-02 5.004664e+00 3.442197e+00)) ((-2.069006e+02 -1.937004e+00 -3.158560e+00) (-1.683724e-01 -3.000587e-03 -1.006069e-02))
504.36        	((1.067031e+00 5.461046e+02 7.637747e+02) (-2.481745e-02 5.005487e+00 3.442072e+00)) ((-2.069032e+02 -1.940404e+00 -3.187584e+00) (-1.686378e-01 -3.027415e-03 -1.009364e-02))
504.37        	((1.054379e+00 5.460979e+02 7.637848e+02) (-2.538490e-02 5.007478e+00 3.442952e+00)) ((-2.069082e+02 -1.948260e+00 -3.206974e+00) (-1.688936e-01 -3.081342e-03 -1.026284e-02))
504.38        	((1.012977e+00 5.460633e+02 7.638036e+02) (-2.492979e-02 5.008525e+00 3.443376e+00)) ((-2.068883e+02 -1.952381e+00 -3.228440e+00) (-1.686865e-01 -3.134351e-03 -1.036597e-02))
504.39        	((1.012972e+00 5.460647e+02 7.638348e+02) (-2.555658e-02 5.010118e+00 3.444721e+00)) ((-2.068750e+02 -1.957693e+00 -3.235209e+00) (-1.686697e-01 -3.237178e-03 -1.060009e-02))
504.4         	((9.983574e-01 5.460211e+02 7.638574e+02) (-2.525173e-02 5.010371e+00 3.445092e+00)) ((-2.068632e+02 -1.956427e+00 -3.237436e+00) (-1.685030e-01 -3.329735e-03 -1.069515e-02))
504.41        	((1.014231e+00 5.460018e+02 7.638689e+02) (-2.599550e-02 5.011630e+00 3.446120e+00)) ((-2.068693e+02 -1.959060e+00 -3.227274e+00) (-1.688059e-01 -3.418186e-03 -1.089393e-02))
504.42        	((1.022728e+00 5.459472e+02 7.638742e+02) (-2.588229e-02 5.012002e+00 3.445968e+00)) ((-2.068735e+02 -1.956200e+00 -3.211554e+00) (-1.690123e-01 -3.530865e-03 -1.099691e-02))
504.43        	((1.062415e+00 5.459319e+02 7.638817e+02) (-2.686402e-02 5.013987e+00 3.446786e+00)) ((-2.068822e+02 -1.958934e+00 -3.189442e+00) (-1.693927e-01 -3.660550e-03 -1.116051e-02))
504.44        	((1.106314e+00 5.458971e+02 7.638965e+02) (-2.678158e-02 5.014969e+00 3.447219e+00)) ((-2.068716e+02 -1.955470e+00 -3.161926e+00) (-1.692113e-01 -3.748961e-03 -1.120895e-02))
504.45        	((1.165870e+00 5.459056e+02 7.639188e+02) (-2.748988e-02 5.016646e+00 3.448801e+00)) ((-2.068596e+02 -1.953906e+00 -3.125964e+00) (-1.692115e-01 -3.775378e-03 -1.133928e-02))
504.46        	((1.223451e+00 5.458837e+02 7.639284e+02) (-2.734429e-02 5.017021e+00 3.449281e+00)) ((-2.068475e+02 -1.942406e+00 -3.083926e+00) (-1.689525e-01 -3.849813e-03 -1.134777e-02))
504.47        	((1.288201e+00 5.458798e+02 7.639288e+02) (-2.814722e-02 5.018223e+00 3.450411e+00)) ((-2.068542e+02 -1.936355e+00 -3.038695e+00) (-1.691823e-01 -3.917797e-03 -1.144400e-02))
504.48        	((1.350093e+00 5.458573e+02 7.639182e+02) (-2.799596e-02 5.018761e+00 3.450558e+00)) ((-2.068638e+02 -1.922797e+00 -2.992492e+00) (-1.693384e-01 -3.928386e-03 -1.136606e-02))
504.49        	((1.406101e+00 5.458597e+02 7.639099e+02) (-2.870568e-02 5.020220e+00 3.451268e+00)) ((-2.068799e+02 -1.918647e+00 -2.951793e+00) (-1.697493e-01 -3.917041e-03 -1.130444e-02))
504.5         	((1.458464e+00 5.458653e+02 7.639045e+02) (-2.859515e-02 5.021405e+00 3.451651e+00)) ((-2.068849e+02 -1.910163e+00 -2.916367e+00) (-1.695948e-01 -3.938652e-03 -1.115033e-02))
504.51        	((1.506621e+00 5.459012e+02 7.639185e+02) (-2.922999e-02 5.022836e+00 3.453090e+00)) ((-2.068845e+02 -1.907828e+00 -2.884277e+00) (-1.695738e-01 -3.942087e-03 -1.113706e-02))
504.52        	((1.532503e+00 5.459367e+02 7.639068e+02) (-2.871640e-02 5.023725e+00 3.454102e+00)) ((-2.068792e+02 -1.897141e+00 -2.857384e+00) (-1.693484e-01 -3.844008e-03 -1.095616e-02))
504.53        	((1.560614e+00 5.459690e+02 7.638967e+02) (-2.903851e-02 5.024493e+00 3.455280e+00)) ((-2.068896e+02 -1.892277e+00 -2.833585e+00) (-1.694461e-01 -3.752132e-03 -1.082822e-02))
504.54        	((1.573054e+00 5.459892e+02 7.638520e+02) (-2.849111e-02 5.025234e+00 3.455611e+00)) ((-2.068993e+02 -1.881064e+00 -2.816001e+00) (-1.694811e-01 -3.676993e-03 -1.060909e-02))
504.55        	((1.577033e+00 5.460075e+02 7.638309e+02) (-2.884705e-02 5.026201e+00 3.456190e+00)) ((-2.069187e+02 -1.881298e+00 -2.810755e+00) (-1.699597e-01 -3.587880e-03 -1.044816e-02))
504.56        	((1.562582e+00 5.460311e+02 7.637880e+02) (-2.816372e-02 5.027790e+00 3.456570e+00)) ((-2.069243e+02 -1.877086e+00 -2.815671e+00) (-1.699445e-01 -3.480413e-03 -1.018807e-02))
504.57        	((1.554072e+00 5.460668e+02 7.637906e+02) (-2.832210e-02 5.029080e+00 3.457727e+00)) ((-2.069248e+02 -1.880219e+00 -2.826608e+00) (-1.699241e-01 -3.375905e-03 -1.007455e-02))
504.58        	((1.512437e+00 5.461081e+02 7.637751e+02) (-2.752032e-02 5.030208e+00 3.458702e+00)) ((-2.069133e+02 -1.877370e+00 -2.848212e+00) (-1.696148e-01 -3.283357e-03 -9.915101e-03))
504.59        	((1.473666e+00 5.461372e+02 7.637800e+02) (-2.756591e-02 5.030966e+00 3.459965e+00)) ((-2.069180e+02 -1.881020e+00 -2.874758e+00) (-1.697812e-01 -3.153539e-03 -9.863365e-03))
504.6         	((1.384798e+00 5.461563e+02 7.637503e+02) (-2.651186e-02 5.032023e+00 3.460455e+00)) ((-2.069224e+02 -1.884052e+00 -2.916588e+00) (-1.698521e-01 -2.998061e-03 -9.678050e-03))
504.61        	((1.333507e+00 5.461587e+02 7.637453e+02) (-2.652172e-02 5.032845e+00 3.460859e+00)) ((-2.069395e+02 -1.889588e+00 -2.955031e+00) (-1.702569e-01 -2.902943e-03 -9.641354e-03))
504.62        	((1.250252e+00 5.461546e+02 7.637228e+02) (-2.573299e-02 5.034369e+00 3.460966e+00)) ((-2.069432e+02 -1.895281e+00 -3.007736e+00) (-1.703376e-01 -2.850060e-03 -9.479627e-03))
504.63        	((1.200112e+00 5.461537e+02 7.637455e+02) (-2.593262e-02 5.035780e+00 3.461799e+00)) ((-2.069424e+02 -1.908529e+00 -3.056552e+00) (-1.704439e-01 -2.839513e-03 -9.553347e-03))
504.64        	((1.115916e+00 5.461536e+02 7.637561e+02) (-2.512952e-02 5.037202e+00 3.462608e+00)) ((-2.069219e+02 -1.916648e+00 -3.109470e+00) (-1.701873e-01 -2.827518e-03 -9.570347e-03))
504.65        	((1.061951e+00 5.461483e+02 7.637884e+02) (-2.531787e-02 5.038165e+00 3.463795e+00)) ((-2.069144e+02 -1.927213e+00 -3.153714e+00) (-1.702612e-01 -2.827036e-03 -9.756518e-03))
504.66        	((9.845543e-01 5.461236e+02 7.637903e+02) (-2.471475e-02 5.039107e+00 3.464315e+00)) ((-2.069092e+02 -1.932938e+00 -3.198518e+00) (-1.702712e-01 -2.860614e-03 -9.859807e-03))
504.67        	((9.339800e-01 5.461033e+02 7.638022e+02) (-2.504655e-02 5.040345e+00 3.465034e+00)) ((-2.069179e+02 -1.944216e+00 -3.235047e+00) (-1.708135e-01 -2.877202e-03 -1.009822e-02))
504.68        	((8.785361e-01 5.460663e+02 7.638005e+02) (-2.450770e-02 5.041590e+00 3.464863e+00)) ((-2.069181e+02 -1.950807e+00 -3.269674e+00) (-1.710126e-01 -2.921263e-03 -1.012742e-02))
504.69        	((8.792335e-01 5.460508e+02 7.638222e+02) (-2.512443e-02 5.043311e+00 3.465577e+00)) ((-2.069172e+02 -1.960941e+00 -3.289219e+00) (-1.711331e-01 -3.035906e-03 -1.033334e-02))
504.7         	((8.644379e-01 5.460221e+02 7.638414e+02) (-2.488402e-02 5.044426e+00 3.466135e+00)) ((-2.068933e+02 -1.965340e+00 -3.303621e+00) (-1.708262e-01 -3.194859e-03 -1.051961e-02))
504.71        	((8.816026e-01 5.460188e+02 7.638771e+02) (-2.569817e-02 5.045743e+00 3.467548e+00)) ((-2.068809e+02 -1.969872e+00 -3.300436e+00) (-1.708740e-01 -3.359399e-03 -1.086463e-02))
504.72        	((8.826950e-01 5.459783e+02 7.638970e+02) (-2.552961e-02 5.046195e+00 3.468081e+00)) ((-2.068714e+02 -1.967287e+00 -3.290199e+00) (-1.708085e-01 -3.478635e-03 -1.103205e-02))
504.73        	((9.134391e-01 5.459581e+02 7.639070e+02) (-2.645228e-02 5.047418e+00 3.469068e+00)) ((-2.068780e+02 -1.968733e+00 -3.266785e+00) (-1.711810e-01 -3.603837e-03 -1.129143e-02))
504.74        	((9.486378e-01 5.459054e+02 7.639075e+02) (-2.638727e-02 5.048090e+00 3.469075e+00)) ((-2.068792e+02 -1.964877e+00 -3.237199e+00) (-1.714828e-01 -3.689534e-03 -1.137471e-02))
504.75        	((1.015424e+00 5.458913e+02 7.639093e+02) (-2.730313e-02 5.050222e+00 3.469872e+00)) ((-2.068834e+02 -1.966181e+00 -3.201051e+00) (-1.717993e-01 -3.813528e-03 -1.154085e-02))
504.76        	((1.095846e+00 5.458549e+02 7.639241e+02) (-2.721220e-02 5.051133e+00 3.470182e+00)) ((-2.068670e+02 -1.957673e+00 -3.154450e+00) (-1.714817e-01 -3.945444e-03 -1.160014e-02))
504.77        	((1.183680e+00 5.458622e+02 7.639425e+02) (-2.807395e-02 5.052611e+00 3.471720e+00)) ((-2.068527e+02 -1.949894e+00 -3.097771e+00) (-1.713985e-01 -4.032276e-03 -1.175265e-02))
504.78        	((1.265833e+00 5.458413e+02 7.639556e+02) (-2.801365e-02 5.052875e+00 3.472333e+00)) ((-2.068432e+02 -1.932434e+00 -3.035973e+00) (-1.711929e-01 -4.112326e-03 -1.177862e-02))
504.79        	((1.347787e+00 5.458464e+02 7.639527e+02) (-2.889836e-02 5.054196e+00 3.473579e+00)) ((-2.068528e+02 -1.921503e+00 -2.973464e+00) (-1.715133e-01 -4.165174e-03 -1.186877e-02))
504.8         	((1.420372e+00 5.458302e+02 7.639477e+02) (-2.871952e-02 5.054665e+00 3.473677e+00)) ((-2.068650e+02 -1.904333e+00 -2.914867e+00) (-1.717132e-01 -4.153060e-03 -1.176104e-02))
504.81        	((1.487646e+00 5.458491e+02 7.639342e+02) (-2.944944e-02 5.056443e+00 3.474641e+00)) ((-2.068819e+02 -1.898573e+00 -2.865434e+00) (-1.720760e-01 -4.106212e-03 -1.160114e-02))
504.82        	((1.545543e+00 5.458605e+02 7.639332e+02) (-2.911070e-02 5.057460e+00 3.474980e+00)) ((-2.068851e+02 -1.889155e+00 -2.825521e+00) (-1.719049e-01 -4.065540e-03 -1.137731e-02))
504.83        	((1.595168e+00 5.459108e+02 7.639356e+02) (-2.962730e-02 5.059067e+00 3.476344e+00)) ((-2.068856e+02 -1.883589e+00 -2.787946e+00) (-1.718143e-01 -4.060031e-03 -1.131154e-02))
504.84        	((1.622882e+00 5.459388e+02 7.639284e+02) (-2.907298e-02 5.059492e+00 3.477076e+00)) ((-2.068825e+02 -1.867229e+00 -2.753750e+00) (-1.715465e-01 -3.962155e-03 -1.109142e-02))
504.85        	((1.640260e+00 5.459837e+02 7.639077e+02) (-2.934302e-02 5.060536e+00 3.478387e+00)) ((-2.068949e+02 -1.858603e+00 -2.726774e+00) (-1.717031e-01 -3.822285e-03 -1.091863e-02))
504.86        	((1.636215e+00 5.459987e+02 7.638728e+02) (-2.873275e-02 5.060946e+00 3.478577e+00)) ((-2.069054e+02 -1.845169e+00 -2.710749e+00) (-1.718056e-01 -3.689161e-03 -1.064323e-02))
504.87        	((1.620691e+00 5.460357e+02 7.638425e+02) (-2.901331e-02 5.062470e+00 3.479353e+00)) ((-2.069253e+02 -1.845564e+00 -2.712400e+00) (-1.722622e-01 -3.547984e-03 -1.039057e-02))
504.88        	((1.585708e+00 5.460609e+02 7.638082e+02) (-2.823235e-02 5.063779e+00 3.479758e+00)) ((-2.069284e+02 -1.843885e+00 -2.731041e+00) (-1.722181e-01 -3.366649e-03 -1.002546e-02))
504.89        	((1.556358e+00 5.461123e+02 7.638016e+02) (-2.810457e-02 5.065392e+00 3.481050e+00)) ((-2.069255e+02 -1.849522e+00 -2.757407e+00) (-1.721625e-01 -3.200309e-03 -9.843164e-03))
504.9         	((1.481473e+00 5.461446e+02 7.637878e+02) (-2.714350e-02 5.066167e+00 3.481724e+00)) ((-2.069130e+02 -1.847926e+00 -2.796872e+00) (-1.718179e-01 -3.081751e-03 -9.638870e-03))
504.91        	((1.406402e+00 5.461729e+02 7.637863e+02) (-2.708331e-02 5.067158e+00 3.482945e+00)) ((-2.069191e+02 -1.852720e+00 -2.839648e+00) (-1.719719e-01 -2.949630e-03 -9.578308e-03))
504.92        	((1.289893e+00 5.461831e+02 7.637641e+02) (-2.609822e-02 5.068014e+00 3.483321e+00)) ((-2.069265e+02 -1.855722e+00 -2.894309e+00) (-1.720681e-01 -2.795864e-03 -9.391491e-03))
504.93        	((1.206021e+00 5.461889e+02 7.637614e+02) (-2.611058e-02 5.069173e+00 3.483984e+00)) ((-2.069446e+02 -1.867042e+00 -2.952342e+00) (-1.725228e-01 -2.666489e-03 -9.331956e-03))
504.94        	((1.100363e+00 5.461861e+02 7.637465e+02) (-2.535697e-02 5.070606e+00 3.484135e+00)) ((-2.069487e+02 -1.878761e+00 -3.023080e+00) (-1.725783e-01 -2.621103e-03 -9.187524e-03))
504.95        	((1.027598e+00 5.461888e+02 7.637721e+02) (-2.560974e-02 5.072168e+00 3.485164e+00)) ((-2.069459e+02 -1.897262e+00 -3.090127e+00) (-1.726721e-01 -2.638234e-03 -9.317046e-03))
504.96        	((9.171327e-01 5.461868e+02 7.637792e+02) (-2.471442e-02 5.073584e+00 3.486057e+00)) ((-2.069245e+02 -1.910755e+00 -3.161041e+00) (-1.724878e-01 -2.595018e-03 -9.369847e-03))
504.97        	((8.472772e-01 5.461724e+02 7.638083e+02) (-2.480438e-02 5.074641e+00 3.487120e+00)) ((-2.069157e+02 -1.924325e+00 -3.218361e+00) (-1.726012e-01 -2.572259e-03 -9.569489e-03))
504.98        	((7.611093e-01 5.461383e+02 7.638001e+02) (-2.416139e-02 5.075653e+00 3.487320e+00)) ((-2.069071e+02 -1.931996e+00 -3.270464e+00) (-1.725643e-01 -2.648433e-03 -9.702955e-03))
504.99        	((7.153653e-01 5.461006e+02 7.638234e+02) (-2.473647e-02 5.076690e+00 3.487795e+00)) ((-2.069138e+02 -1.944802e+00 -3.310979e+00) (-1.730663e-01 -2.751668e-03 -1.001820e-02))
505           	((6.651475e-01 5.460653e+02 7.638234e+02) (-2.443477e-02 5.078158e+00 3.487858e+00)) ((-2.069128e+02 -1.955959e+00 -3.350045e+00) (-1.732082e-01 -2.858191e-03 -1.008736e-02))
